1163,262,1,2
1163,263,1,2
1163,264,1,2
1163,265,1,2
1163,266,1,2
1163,267,1,2
1163,268,1,2
1163,269,1,2
1163,270,1,2
1163,271,1,2
1163,272,1,2
1163,273,1,2
1163,274,1,2
1163,275,1,2
1163,276,1,2
1163,277,1,2
1163,278,1,2
1163,279,1,2
1163,280,1,2
1163,281,1,2
1163,282,1,2
1163,283,1,2
1163,284,1,2
1164,257,1,2
1164,258,1,2
1164,259,1,2
1164,260,1,2
1164,261,1,2
1164,262,1,2
1164,263,1,2
1164,264,1,2
1164,265,1,2
1164,266,1,2
1164,267,1,2
1164,268,1,2
1164,269,1,2
1164,270,1,2
1164,271,1,2
1164,272,1,2
1164,273,1,2
1164,274,1,2
1164,275,1,2
1164,276,1,2
1164,277,1,2
1164,278,1,2
1164,279,1,2
1164,280,1,2
1164,281,1,2
1164,282,1,2
1164,283,1,2
1164,284,1,2
1164,285,1,2
1164,286,1,2
1164,287,1,2
1164,288,1,2
1165,251,1,3
1165,252,1,3
1165,253,1,2
1165,254,1,2
1165,255,1,2
1165,256,1,2
1165,257,1,2
1165,258,1,2
1165,259,1,2
1165,260,1,2
1165,261,1,2
1165,262,1,2
1165,263,1,2
1165,264,1,2
1165,265,1,2
1165,266,1,2
1165,267,1,2
1165,268,1,2
1165,269,1,2
1165,270,1,2
1165,271,1,2
1165,272,1,2
1165,273,1,2
1165,274,1,2
1165,275,1,2
1165,276,1,2
1165,277,1,2
1165,278,1,2
1165,279,1,2
1165,280,1,2
1165,281,1,2
1165,282,1,2
1165,283,1,2
1165,284,1,2
1165,285,1,2
1165,286,1,2
1165,287,1,2
1165,288,1,2
1165,289,1,2
1165,290,1,2
1165,291,1,2
1165,292,1,2
1165,293,1,2
1165,294,1,2
1166,245,1,3
1166,246,1,3
1166,247,1,2
1166,248,1,2
1166,249,1,3
1166,250,1,3
1166,251,1,2
1166,252,1,2
1166,253,1,2
1166,254,1,2
1166,255,1,2
1166,256,1,2
1166,257,1,2
1166,258,1,2
1166,259,1,2
1166,260,1,2
1166,261,1,2
1166,262,1,2
1166,263,1,2
1166,264,1,2
1166,265,1,2
1166,266,1,2
1166,267,1,2
1166,268,1,2
1166,269,1,2
1166,270,1,2
1166,271,1,2
1166,272,1,2
1166,273,1,2
1166,274,1,2
1166,275,1,2
1166,276,1,2
1166,277,1,2
1166,278,1,2
1166,279,1,2
1166,280,1,2
1166,281,1,2
1166,282,1,2
1166,283,1,2
1166,284,1,2
1166,285,1,2
1166,286,1,2
1166,287,1,2
1166,288,1,2
1166,289,1,2
1166,290,1,2
1166,291,1,2
1166,292,1,2
1166,293,1,2
1166,294,1,2
1166,295,1,2
1166,296,1,2
1166,297,1,2
1166,298,1,2
1167,241,1,3
1167,242,1,3
1167,243,1,2
1167,244,1,2
1167,245,1,2
1167,246,1,2
1167,247,1,2
1167,248,1,2
1167,249,1,2
1167,250,1,2
1167,251,1,2
1167,252,1,2
1167,253,1,2
1167,254,1,2
1167,255,1,2
1167,256,1,2
1167,257,1,2
1167,258,1,2
1167,259,1,2
1167,260,1,2
1167,261,1,2
1167,262,1,2
1167,263,1,2
1167,264,1,2
1167,265,1,2
1167,266,1,2
1167,267,1,2
1167,268,1,2
1167,269,1,2
1167,270,1,2
1167,271,1,2
1167,272,1,2
1167,273,1,2
1167,274,1,2
1167,275,1,2
1167,276,1,2
1167,277,1,2
1167,278,1,2
1167,279,1,2
1167,280,1,2
1167,281,1,2
1167,282,1,2
1167,283,1,2
1167,284,1,2
1167,285,1,2
1167,286,1,2
1167,287,1,2
1167,288,1,2
1167,289,1,2
1167,290,1,2
1167,291,1,2
1167,292,1,2
1167,293,1,2
1167,294,1,2
1167,295,1,2
1167,296,1,2
1167,297,1,2
1167,298,1,2
1167,299,1,2
1167,300,1,2
1167,301,1,2
1167,302,1,2
1168,234,1,2
1168,235,1,2
1168,236,1,2
1168,237,1,2
1168,238,1,2
1168,239,1,2
1168,240,1,2
1168,241,1,2
1168,242,1,2
1168,243,1,2
1168,244,1,2
1168,245,1,2
1168,246,1,2
1168,247,1,2
1168,248,1,2
1168,249,1,2
1168,250,1,2
1168,251,1,2
1168,252,1,2
1168,253,1,2
1168,254,1,2
1168,255,1,2
1168,256,1,2
1168,257,1,2
1168,258,1,2
1168,259,1,2
1168,260,1,2
1168,261,1,2
1168,262,1,2
1168,263,1,2
1168,264,1,2
1168,265,1,2
1168,266,1,2
1168,267,1,2
1168,268,1,2
1168,269,1,2
1168,270,1,2
1168,271,1,2
1168,272,1,2
1168,273,1,2
1168,274,1,2
1168,275,1,2
1168,276,1,2
1168,277,1,2
1168,278,1,2
1168,279,1,2
1168,280,1,2
1168,281,1,2
1168,282,1,2
1168,283,1,2
1168,284,1,2
1168,285,1,2
1168,286,1,2
1168,287,1,2
1168,288,1,2
1168,289,1,2
1168,290,1,2
1168,291,1,2
1168,292,1,2
1168,293,1,2
1168,294,1,2
1168,295,1,2
1168,296,1,2
1168,297,1,2
1168,298,1,2
1168,299,1,2
1168,300,1,2
1168,301,1,2
1168,302,1,2
1168,303,1,2
1168,304,1,2
1169,231,1,2
1169,232,1,2
1169,233,1,2
1169,234,1,2
1169,235,1,2
1169,236,1,2
1169,237,1,2
1169,238,1,2
1169,239,1,2
1169,240,1,2
1169,241,1,2
1169,242,1,2
1169,243,1,2
1169,244,1,2
1169,245,1,2
1169,246,1,2
1169,247,1,2
1169,248,1,2
1169,249,1,2
1169,250,1,2
1169,251,1,2
1169,252,1,2
1169,253,1,2
1169,254,1,2
1169,255,1,2
1169,256,1,2
1169,257,1,2
1169,258,1,2
1169,259,1,2
1169,260,1,2
1169,261,1,2
1169,262,1,2
1169,263,1,2
1169,264,1,2
1169,265,1,2
1169,266,1,2
1169,267,1,2
1169,268,1,2
1169,269,1,2
1169,270,1,2
1169,271,1,2
1169,272,1,2
1169,273,1,2
1169,274,1,2
1169,275,1,2
1169,276,1,2
1169,277,1,2
1169,278,1,2
1169,279,1,2
1169,280,1,2
1169,281,1,2
1169,282,1,2
1169,283,1,2
1169,284,1,2
1169,285,1,2
1169,286,1,2
1169,287,1,2
1169,288,1,2
1169,289,1,2
1169,290,1,2
1169,291,1,2
1169,292,1,2
1169,293,1,2
1169,294,1,2
1169,295,1,2
1169,296,1,2
1169,297,1,2
1169,298,1,2
1169,299,1,2
1169,300,1,2
1169,301,1,2
1169,302,1,2
1169,303,1,2
1169,304,1,2
1169,305,1,2
1169,306,1,2
1169,307,1,2
1170,228,1,2
1170,229,1,2
1170,230,1,2
1170,231,1,2
1170,232,1,2
1170,233,1,2
1170,234,1,2
1170,235,1,2
1170,236,1,2
1170,237,1,2
1170,238,1,2
1170,239,1,2
1170,240,1,2
1170,241,1,2
1170,242,1,2
1170,243,1,2
1170,244,1,2
1170,245,1,2
1170,246,1,2
1170,247,1,2
1170,248,1,2
1170,249,1,2
1170,250,1,2
1170,251,1,2
1170,252,1,2
1170,253,1,2
1170,254,1,2
1170,255,1,2
1170,256,1,2
1170,257,1,2
1170,258,1,2
1170,259,1,2
1170,260,1,2
1170,261,1,2
1170,262,1,2
1170,263,1,2
1170,264,1,2
1170,265,1,2
1170,266,1,2
1170,267,1,2
1170,268,1,2
1170,269,1,2
1170,270,1,2
1170,271,1,2
1170,272,1,2
1170,273,1,2
1170,274,1,2
1170,275,1,2
1170,276,1,2
1170,277,1,2
1170,278,1,2
1170,279,1,2
1170,280,1,2
1170,281,1,2
1170,282,1,2
1170,283,1,2
1170,284,1,2
1170,285,1,2
1170,286,1,2
1170,287,1,2
1170,288,1,2
1170,289,1,2
1170,290,1,2
1170,291,1,2
1170,292,1,2
1170,293,1,2
1170,294,1,2
1170,295,1,2
1170,296,1,2
1170,297,1,2
1170,298,1,2
1170,299,1,2
1170,300,1,2
1170,301,1,2
1170,302,1,2
1170,303,1,2
1170,304,1,2
1170,305,1,2
1170,306,1,2
1170,307,1,2
1170,308,1,2
1170,309,1,2
1171,223,1,2
1171,224,1,2
1171,225,1,2
1171,226,1,2
1171,227,1,2
1171,228,1,2
1171,229,1,2
1171,230,1,2
1171,231,1,2
1171,232,1,2
1171,233,1,2
1171,234,1,2
1171,235,1,2
1171,236,1,2
1171,237,1,2
1171,238,1,2
1171,239,1,2
1171,240,1,2
1171,241,1,2
1171,242,1,2
1171,243,1,2
1171,244,1,2
1171,245,1,2
1171,246,1,2
1171,247,1,2
1171,248,1,2
1171,249,1,2
1171,250,1,2
1171,251,1,2
1171,252,1,2
1171,253,1,2
1171,254,1,2
1171,255,1,2
1171,256,1,2
1171,257,1,2
1171,258,1,2
1171,259,1,2
1171,260,1,2
1171,261,1,2
1171,262,1,2
1171,263,1,2
1171,264,1,2
1171,265,1,2
1171,266,1,2
1171,267,1,2
1171,268,1,2
1171,269,1,2
1171,270,1,2
1171,271,1,2
1171,272,1,2
1171,273,1,2
1171,274,1,2
1171,275,1,2
1171,276,1,2
1171,277,1,2
1171,278,1,2
1171,279,1,2
1171,280,1,2
1171,281,1,2
1171,282,1,2
1171,283,1,2
1171,284,1,2
1171,285,1,2
1171,286,1,2
1171,287,1,2
1171,288,1,2
1171,289,1,2
1171,290,1,2
1171,291,1,2
1171,292,1,2
1171,293,1,2
1171,294,1,2
1171,295,1,2
1171,296,1,2
1171,297,1,2
1171,298,1,2
1171,299,1,2
1171,300,1,2
1171,301,1,2
1171,302,1,2
1171,303,1,2
1171,304,1,2
1171,305,1,2
1171,306,1,2
1171,307,1,2
1171,308,1,2
1171,309,1,2
1171,310,1,2
1171,311,1,2
1171,312,1,2
1171,313,1,2
1171,314,1,2
1172,221,1,2
1172,222,1,2
1172,223,1,2
1172,224,1,2
1172,225,1,2
1172,226,1,2
1172,227,1,2
1172,228,1,2
1172,229,1,2
1172,230,1,2
1172,231,1,2
1172,232,1,2
1172,233,1,2
1172,234,1,2
1172,235,1,2
1172,236,1,2
1172,237,1,2
1172,238,1,2
1172,239,1,2
1172,240,1,2
1172,241,1,2
1172,242,1,2
1172,243,1,2
1172,244,1,2
1172,245,1,2
1172,246,1,2
1172,247,1,2
1172,248,1,2
1172,249,1,2
1172,250,1,2
1172,251,1,2
1172,252,1,2
1172,253,1,2
1172,254,1,2
1172,255,1,2
1172,256,1,2
1172,257,1,2
1172,258,1,2
1172,259,1,2
1172,260,1,2
1172,261,1,2
1172,262,1,2
1172,263,1,2
1172,264,1,2
1172,265,1,2
1172,266,1,2
1172,267,1,2
1172,268,1,2
1172,269,1,2
1172,270,1,2
1172,271,1,2
1172,272,1,2
1172,273,1,2
1172,274,1,2
1172,275,1,2
1172,276,1,2
1172,277,1,2
1172,278,1,2
1172,279,1,2
1172,280,1,2
1172,281,1,2
1172,282,1,2
1172,283,1,2
1172,284,1,2
1172,285,1,2
1172,286,1,2
1172,287,1,2
1172,288,1,2
1172,289,1,2
1172,290,1,2
1172,291,1,2
1172,292,1,2
1172,293,1,2
1172,294,1,2
1172,295,1,2
1172,296,1,2
1172,297,1,2
1172,298,1,2
1172,299,1,2
1172,300,1,2
1172,301,1,2
1172,302,1,2
1172,303,1,2
1172,304,1,2
1172,305,1,2
1172,306,1,2
1172,307,1,2
1172,308,1,2
1172,309,1,2
1172,310,1,2
1172,311,1,2
1172,312,1,2
1172,313,1,2
1172,314,1,2
1172,315,1,2
1172,316,1,2
1173,219,1,2
1173,220,1,2
1173,221,1,2
1173,222,1,2
1173,223,1,2
1173,224,1,2
1173,225,1,2
1173,226,1,2
1173,227,1,2
1173,228,1,2
1173,229,1,2
1173,230,1,2
1173,231,1,2
1173,232,1,2
1173,233,1,2
1173,234,1,2
1173,235,1,2
1173,236,1,2
1173,237,1,2
1173,238,1,2
1173,239,1,2
1173,240,1,2
1173,241,1,2
1173,242,1,2
1173,243,1,2
1173,244,1,2
1173,245,1,2
1173,246,1,2
1173,247,1,2
1173,248,1,2
1173,249,1,2
1173,250,1,2
1173,251,1,2
1173,252,1,2
1173,253,1,2
1173,254,1,2
1173,255,1,2
1173,256,1,2
1173,257,1,2
1173,258,1,2
1173,259,1,2
1173,260,1,2
1173,261,1,2
1173,262,1,2
1173,263,1,2
1173,264,1,2
1173,265,1,2
1173,266,1,2
1173,267,1,2
1173,268,1,2
1173,269,1,2
1173,270,1,2
1173,271,1,2
1173,272,1,2
1173,273,1,2
1173,274,1,2
1173,275,1,2
1173,276,1,2
1173,277,1,2
1173,278,1,2
1173,279,1,2
1173,280,1,2
1173,281,1,2
1173,282,1,2
1173,283,1,2
1173,284,1,2
1173,285,1,2
1173,286,1,2
1173,287,1,2
1173,288,1,2
1173,289,1,2
1173,290,1,2
1173,291,1,2
1173,292,1,2
1173,293,1,2
1173,294,1,2
1173,295,1,2
1173,296,1,2
1173,297,1,2
1173,298,1,2
1173,299,1,2
1173,300,1,2
1173,301,1,2
1173,302,1,2
1173,303,1,2
1173,304,1,2
1173,305,1,2
1173,306,1,2
1173,307,1,2
1173,308,1,2
1173,309,1,2
1173,310,1,2
1173,311,1,2
1173,312,1,2
1173,313,1,2
1173,314,1,2
1173,315,1,2
1173,316,1,2
1173,317,1,2
1173,318,1,2
1174,217,1,2
1174,218,1,2
1174,219,1,2
1174,220,1,2
1174,221,1,2
1174,222,1,2
1174,223,1,2
1174,224,1,2
1174,225,1,2
1174,226,1,2
1174,227,1,2
1174,228,1,2
1174,229,1,2
1174,230,1,2
1174,231,1,2
1174,232,1,2
1174,233,1,2
1174,234,1,2
1174,235,1,2
1174,236,1,2
1174,237,1,2
1174,238,1,2
1174,239,1,2
1174,240,1,2
1174,241,1,2
1174,242,1,2
1174,243,1,2
1174,244,1,2
1174,245,1,2
1174,246,1,2
1174,247,1,2
1174,248,1,2
1174,249,1,2
1174,250,1,2
1174,251,1,2
1174,252,1,2
1174,253,1,2
1174,254,1,2
1174,255,1,2
1174,256,1,2
1174,257,1,2
1174,258,1,2
1174,259,1,2
1174,260,1,2
1174,261,1,2
1174,262,1,2
1174,263,1,2
1174,264,1,2
1174,265,1,2
1174,266,1,2
1174,267,1,2
1174,268,1,2
1174,269,1,2
1174,270,1,2
1174,271,1,2
1174,272,1,2
1174,273,1,2
1174,274,1,2
1174,275,1,2
1174,276,1,2
1174,277,1,2
1174,278,1,2
1174,279,1,2
1174,280,1,2
1174,281,1,2
1174,282,1,2
1174,283,1,2
1174,284,1,2
1174,285,1,2
1174,286,1,2
1174,287,1,2
1174,288,1,2
1174,289,1,2
1174,290,1,2
1174,291,1,2
1174,292,1,2
1174,293,1,2
1174,294,1,2
1174,295,1,2
1174,296,1,2
1174,297,1,2
1174,298,1,2
1174,299,1,2
1174,300,1,2
1174,301,1,2
1174,302,1,2
1174,303,1,2
1174,304,1,2
1174,305,1,2
1174,306,1,2
1174,307,1,2
1174,308,1,2
1174,309,1,2
1174,310,1,2
1174,311,1,2
1174,312,1,2
1174,313,1,2
1174,314,1,2
1174,315,1,2
1174,316,1,2
1174,317,1,2
1174,318,1,2
1174,319,1,2
1175,214,1,2
1175,215,1,2
1175,216,1,2
1175,217,1,2
1175,218,1,2
1175,219,1,2
1175,220,1,2
1175,221,1,2
1175,222,1,2
1175,223,1,2
1175,224,1,2
1175,225,1,2
1175,226,1,2
1175,227,1,2
1175,228,1,2
1175,229,1,2
1175,230,1,2
1175,231,1,2
1175,232,1,2
1175,233,1,2
1175,234,1,2
1175,235,1,2
1175,236,1,2
1175,237,1,2
1175,238,1,2
1175,239,1,2
1175,240,1,2
1175,241,1,2
1175,242,1,2
1175,243,1,2
1175,244,1,2
1175,245,1,2
1175,246,1,2
1175,247,1,2
1175,248,1,2
1175,249,1,2
1175,250,1,2
1175,251,1,2
1175,252,1,2
1175,253,1,2
1175,254,1,2
1175,255,1,2
1175,256,1,2
1175,257,1,2
1175,258,1,2
1175,259,1,2
1175,260,1,2
1175,261,1,2
1175,262,1,2
1175,263,1,2
1175,264,1,2
1175,265,1,2
1175,266,1,2
1175,267,1,2
1175,268,1,2
1175,269,1,2
1175,270,1,2
1175,271,1,2
1175,272,1,2
1175,273,1,2
1175,274,1,2
1175,275,1,2
1175,276,1,2
1175,277,1,2
1175,278,1,2
1175,279,1,2
1175,280,1,2
1175,281,1,2
1175,282,1,2
1175,283,1,2
1175,284,1,2
1175,285,1,2
1175,286,1,2
1175,287,1,2
1175,288,1,2
1175,289,1,2
1175,290,1,2
1175,291,1,2
1175,292,1,2
1175,293,1,2
1175,294,1,2
1175,295,1,2
1175,296,1,2
1175,297,1,2
1175,298,1,2
1175,299,1,2
1175,300,1,2
1175,301,1,2
1175,302,1,2
1175,303,1,2
1175,304,1,2
1175,305,1,2
1175,306,1,2
1175,307,1,2
1175,308,1,2
1175,309,1,2
1175,310,1,2
1175,311,1,2
1175,312,1,2
1175,313,1,2
1175,314,1,2
1175,315,1,2
1175,316,1,2
1175,317,1,2
1175,318,1,2
1175,319,1,2
1175,320,1,2
1175,321,1,2
1175,322,1,2
1176,212,1,2
1176,213,1,2
1176,214,1,2
1176,215,1,2
1176,216,1,2
1176,217,1,2
1176,218,1,2
1176,219,1,2
1176,220,1,2
1176,221,1,2
1176,222,1,2
1176,223,1,2
1176,224,1,2
1176,225,1,2
1176,226,1,2
1176,227,1,2
1176,228,1,2
1176,229,1,2
1176,230,1,2
1176,231,1,2
1176,232,1,2
1176,233,1,2
1176,234,1,2
1176,235,1,2
1176,236,1,2
1176,237,1,2
1176,238,1,2
1176,239,1,2
1176,240,1,2
1176,241,1,2
1176,242,1,2
1176,243,1,2
1176,244,1,2
1176,245,1,2
1176,246,1,2
1176,247,1,2
1176,248,1,2
1176,249,1,2
1176,250,1,2
1176,251,1,2
1176,252,1,2
1176,253,1,2
1176,254,1,2
1176,255,1,2
1176,256,1,2
1176,257,1,2
1176,258,1,2
1176,259,1,2
1176,260,1,2
1176,261,1,2
1176,262,1,2
1176,263,1,2
1176,264,1,2
1176,265,1,2
1176,266,1,2
1176,267,1,2
1176,268,1,2
1176,269,1,2
1176,270,1,2
1176,271,1,2
1176,272,1,2
1176,273,1,2
1176,274,1,2
1176,275,1,2
1176,276,1,2
1176,277,1,2
1176,278,1,2
1176,279,1,2
1176,280,1,2
1176,281,1,2
1176,282,1,2
1176,283,1,2
1176,284,1,2
1176,285,1,2
1176,286,1,2
1176,287,1,2
1176,288,1,2
1176,289,1,2
1176,290,1,2
1176,291,1,2
1176,292,1,2
1176,293,1,2
1176,294,1,2
1176,295,1,2
1176,296,1,2
1176,297,1,2
1176,298,1,2
1176,299,1,2
1176,300,1,2
1176,301,1,2
1176,302,1,2
1176,303,1,2
1176,304,1,2
1176,305,1,2
1176,306,1,2
1176,307,1,2
1176,308,1,2
1176,309,1,2
1176,310,1,2
1176,311,1,2
1176,312,1,2
1176,313,1,2
1176,314,1,2
1176,315,1,2
1176,316,1,2
1176,317,1,2
1176,318,1,2
1176,319,1,2
1176,320,1,2
1176,321,1,2
1176,322,1,2
1176,323,1,2
1177,211,1,2
1177,212,1,2
1177,213,1,2
1177,214,1,2
1177,215,1,2
1177,216,1,2
1177,217,1,2
1177,218,1,2
1177,219,1,2
1177,220,1,2
1177,221,1,2
1177,222,1,2
1177,223,1,2
1177,224,1,2
1177,225,1,2
1177,226,1,2
1177,227,1,2
1177,228,1,2
1177,229,1,2
1177,230,1,2
1177,231,1,2
1177,232,1,2
1177,233,1,2
1177,234,1,2
1177,235,1,2
1177,236,1,2
1177,237,1,2
1177,238,1,2
1177,239,1,2
1177,240,1,2
1177,241,1,2
1177,242,1,2
1177,243,1,2
1177,244,1,2
1177,245,1,2
1177,246,1,2
1177,247,1,2
1177,248,1,2
1177,249,1,2
1177,250,1,2
1177,251,1,2
1177,252,1,2
1177,253,1,2
1177,254,1,2
1177,255,1,2
1177,256,1,2
1177,257,1,2
1177,258,1,2
1177,259,1,2
1177,260,1,2
1177,261,1,2
1177,262,1,2
1177,263,1,2
1177,264,1,2
1177,265,1,2
1177,266,1,2
1177,267,1,2
1177,268,1,2
1177,269,1,2
1177,270,1,2
1177,271,1,2
1177,272,1,2
1177,273,1,2
1177,274,1,2
1177,275,1,2
1177,276,1,2
1177,277,1,2
1177,278,1,2
1177,279,1,2
1177,280,1,2
1177,281,1,2
1177,282,1,2
1177,283,1,2
1177,284,1,2
1177,285,1,2
1177,286,1,2
1177,287,1,2
1177,288,1,2
1177,289,1,2
1177,290,1,2
1177,291,1,2
1177,292,1,2
1177,293,1,2
1177,294,1,2
1177,295,1,2
1177,296,1,2
1177,297,1,2
1177,298,1,2
1177,299,1,2
1177,300,1,2
1177,301,1,2
1177,302,1,2
1177,303,1,2
1177,304,1,2
1177,305,1,2
1177,306,1,2
1177,307,1,2
1177,308,1,2
1177,309,1,2
1177,310,1,2
1177,311,1,2
1177,312,1,2
1177,313,1,2
1177,314,1,2
1177,315,1,2
1177,316,1,2
1177,317,1,2
1177,318,1,2
1177,319,1,2
1177,320,1,2
1177,321,1,2
1177,322,1,2
1177,323,1,2
1177,324,1,2
1177,325,1,2
1178,210,1,2
1178,211,1,2
1178,212,1,2
1178,213,1,2
1178,214,1,2
1178,215,1,2
1178,216,1,2
1178,217,1,2
1178,218,1,2
1178,219,1,2
1178,220,1,2
1178,221,1,2
1178,222,1,2
1178,223,1,2
1178,224,1,2
1178,225,1,2
1178,226,1,2
1178,227,1,2
1178,228,1,2
1178,229,1,2
1178,230,1,2
1178,231,1,2
1178,232,1,2
1178,233,1,2
1178,234,1,2
1178,235,1,2
1178,236,1,2
1178,237,1,2
1178,238,1,2
1178,239,1,2
1178,240,1,2
1178,241,1,2
1178,242,1,2
1178,243,1,2
1178,244,1,2
1178,245,1,2
1178,246,1,2
1178,247,1,2
1178,248,1,2
1178,249,1,2
1178,250,1,2
1178,251,1,2
1178,252,1,2
1178,253,1,2
1178,254,1,2
1178,255,1,2
1178,256,1,2
1178,257,1,2
1178,258,1,2
1178,259,1,2
1178,260,1,2
1178,261,1,2
1178,262,1,2
1178,263,1,2
1178,264,1,2
1178,265,1,2
1178,266,1,2
1178,267,1,2
1178,268,1,2
1178,269,1,2
1178,270,1,2
1178,271,1,2
1178,272,1,2
1178,273,1,2
1178,274,1,2
1178,275,1,2
1178,276,1,2
1178,277,1,2
1178,278,1,2
1178,279,1,2
1178,280,1,2
1178,281,1,2
1178,282,1,2
1178,283,1,2
1178,284,1,2
1178,285,1,2
1178,286,1,2
1178,287,1,2
1178,288,1,2
1178,289,1,2
1178,290,1,2
1178,291,1,2
1178,292,1,2
1178,293,1,2
1178,294,1,2
1178,295,1,2
1178,296,1,2
1178,297,1,2
1178,298,1,2
1178,299,1,2
1178,300,1,2
1178,301,1,2
1178,302,1,2
1178,303,1,2
1178,304,1,2
1178,305,1,2
1178,306,1,2
1178,307,1,2
1178,308,1,2
1178,309,1,2
1178,310,1,2
1178,311,1,2
1178,312,1,2
1178,313,1,2
1178,314,1,2
1178,315,1,2
1178,316,1,2
1178,317,1,2
1178,318,1,2
1178,319,1,2
1178,320,1,2
1178,321,1,2
1178,322,1,2
1178,323,1,2
1178,324,1,2
1178,325,1,2
1178,326,1,2
1178,327,1,2
1179,209,1,3
1179,210,1,2
1179,211,1,2
1179,212,1,2
1179,213,1,2
1179,214,1,2
1179,215,1,2
1179,216,1,2
1179,217,1,2
1179,218,1,2
1179,219,1,2
1179,220,1,2
1179,221,1,2
1179,222,1,2
1179,223,1,2
1179,224,1,2
1179,225,1,2
1179,226,1,2
1179,227,1,2
1179,228,1,2
1179,229,1,2
1179,230,1,2
1179,231,1,2
1179,232,1,2
1179,233,1,2
1179,234,1,2
1179,235,1,2
1179,236,1,2
1179,237,1,2
1179,238,1,2
1179,239,1,2
1179,240,1,2
1179,241,1,2
1179,242,1,2
1179,243,1,2
1179,244,1,2
1179,245,1,2
1179,246,1,2
1179,247,1,2
1179,248,1,2
1179,249,1,2
1179,250,1,2
1179,251,1,2
1179,252,1,2
1179,253,1,2
1179,254,1,2
1179,255,1,2
1179,256,1,2
1179,257,1,2
1179,258,1,2
1179,259,1,2
1179,260,1,2
1179,261,1,2
1179,262,1,2
1179,263,1,2
1179,264,1,2
1179,265,1,2
1179,266,1,2
1179,267,1,2
1179,268,1,2
1179,269,1,2
1179,270,1,2
1179,271,1,2
1179,272,1,2
1179,273,1,2
1179,274,1,2
1179,275,1,2
1179,276,1,2
1179,277,1,2
1179,278,1,2
1179,279,1,2
1179,280,1,2
1179,281,1,2
1179,282,1,2
1179,283,1,2
1179,284,1,2
1179,285,1,2
1179,286,1,2
1179,287,1,2
1179,288,1,2
1179,289,1,2
1179,290,1,2
1179,291,1,2
1179,292,1,2
1179,293,1,2
1179,294,1,2
1179,295,1,2
1179,296,1,2
1179,297,1,2
1179,298,1,2
1179,299,1,2
1179,300,1,2
1179,301,1,2
1179,302,1,2
1179,303,1,2
1179,304,1,2
1179,305,1,2
1179,306,1,2
1179,307,1,2
1179,308,1,2
1179,309,1,2
1179,310,1,2
1179,311,1,2
1179,312,1,2
1179,313,1,2
1179,314,1,2
1179,315,1,2
1179,316,1,2
1179,317,1,2
1179,318,1,2
1179,319,1,2
1179,320,1,2
1179,321,1,2
1179,322,1,2
1179,323,1,2
1179,324,1,2
1179,325,1,2
1179,326,1,2
1179,327,1,2
1179,328,1,2
1179,329,1,2
1180,208,1,3
1180,209,1,2
1180,210,1,2
1180,211,1,2
1180,212,1,2
1180,213,1,2
1180,214,1,2
1180,215,1,2
1180,216,1,2
1180,217,1,2
1180,218,1,2
1180,219,1,2
1180,220,1,2
1180,221,1,2
1180,222,1,2
1180,223,1,2
1180,224,1,2
1180,225,1,2
1180,226,1,2
1180,227,1,2
1180,228,1,2
1180,229,1,2
1180,230,1,2
1180,231,1,2
1180,232,1,2
1180,233,1,2
1180,234,1,2
1180,235,1,2
1180,236,1,2
1180,237,1,2
1180,238,1,2
1180,239,1,2
1180,240,1,2
1180,241,1,2
1180,242,1,2
1180,243,1,2
1180,244,1,2
1180,245,1,2
1180,246,1,2
1180,247,1,2
1180,248,1,2
1180,249,1,2
1180,250,1,2
1180,251,1,2
1180,252,1,2
1180,253,1,2
1180,254,1,2
1180,255,1,2
1180,256,1,2
1180,257,1,2
1180,258,1,2
1180,259,1,2
1180,260,1,2
1180,261,1,2
1180,262,1,2
1180,263,1,2
1180,264,1,2
1180,265,1,2
1180,266,1,2
1180,267,1,2
1180,268,1,2
1180,269,1,2
1180,270,1,2
1180,271,1,2
1180,272,1,2
1180,273,1,2
1180,274,1,2
1180,275,1,2
1180,276,1,2
1180,277,1,2
1180,278,1,2
1180,279,1,2
1180,280,1,2
1180,281,1,2
1180,282,1,2
1180,283,1,2
1180,284,1,2
1180,285,1,2
1180,286,1,2
1180,287,1,2
1180,288,1,2
1180,289,1,2
1180,290,1,2
1180,291,1,2
1180,292,1,2
1180,293,1,2
1180,294,1,2
1180,295,1,2
1180,296,1,2
1180,297,1,2
1180,298,1,2
1180,299,1,2
1180,300,1,2
1180,301,1,2
1180,302,1,2
1180,303,1,2
1180,304,1,2
1180,305,1,2
1180,306,1,2
1180,307,1,2
1180,308,1,2
1180,309,1,2
1180,310,1,2
1180,311,1,2
1180,312,1,2
1180,313,1,2
1180,314,1,2
1180,315,1,2
1180,316,1,2
1180,317,1,2
1180,318,1,2
1180,319,1,2
1180,320,1,2
1180,321,1,2
1180,322,1,2
1180,323,1,2
1180,324,1,2
1180,325,1,2
1180,326,1,2
1180,327,1,2
1180,328,1,2
1180,329,1,2
1180,330,1,2
1181,206,1,3
1181,207,1,3
1181,208,1,3
1181,209,1,2
1181,210,1,2
1181,211,1,2
1181,212,1,2
1181,213,1,2
1181,214,1,2
1181,215,1,2
1181,216,1,2
1181,217,1,2
1181,218,1,2
1181,219,1,2
1181,220,1,2
1181,221,1,2
1181,222,1,2
1181,223,1,2
1181,224,1,2
1181,225,1,2
1181,226,1,2
1181,227,1,2
1181,228,1,2
1181,229,1,2
1181,230,1,2
1181,231,1,2
1181,232,1,2
1181,233,1,2
1181,234,1,2
1181,235,1,2
1181,236,1,2
1181,237,1,2
1181,238,1,2
1181,239,1,2
1181,240,1,2
1181,241,1,2
1181,242,1,2
1181,243,1,2
1181,244,1,2
1181,245,1,2
1181,246,1,2
1181,247,1,2
1181,248,1,2
1181,249,1,2
1181,250,1,2
1181,251,1,2
1181,252,1,2
1181,253,1,2
1181,254,1,2
1181,255,1,2
1181,256,1,2
1181,257,1,2
1181,258,1,2
1181,259,1,2
1181,260,1,2
1181,261,1,2
1181,262,1,2
1181,263,1,2
1181,264,1,2
1181,265,1,2
1181,266,1,2
1181,267,1,2
1181,268,1,2
1181,269,1,2
1181,270,1,2
1181,271,1,2
1181,272,1,2
1181,273,1,2
1181,274,1,2
1181,275,1,2
1181,276,1,2
1181,277,1,2
1181,278,1,2
1181,279,1,2
1181,280,1,2
1181,281,1,2
1181,282,1,2
1181,283,1,2
1181,284,1,2
1181,285,1,2
1181,286,1,2
1181,287,1,2
1181,288,1,2
1181,289,1,2
1181,290,1,2
1181,291,1,2
1181,292,1,2
1181,293,1,2
1181,294,1,2
1181,295,1,2
1181,296,1,2
1181,297,1,2
1181,298,1,2
1181,299,1,2
1181,300,1,2
1181,301,1,2
1181,302,1,2
1181,303,1,2
1181,304,1,2
1181,305,1,2
1181,306,1,2
1181,307,1,2
1181,308,1,2
1181,309,1,2
1181,310,1,2
1181,311,1,2
1181,312,1,2
1181,313,1,2
1181,314,1,2
1181,315,1,2
1181,316,1,2
1181,317,1,2
1181,318,1,2
1181,319,1,2
1181,320,1,2
1181,321,1,2
1181,322,1,2
1181,323,1,2
1181,324,1,2
1181,325,1,2
1181,326,1,2
1181,327,1,2
1181,328,1,2
1181,329,1,2
1181,330,1,2
1181,331,1,2
1181,332,1,2
1182,204,1,3
1182,205,1,3
1182,206,1,3
1182,207,1,3
1182,208,1,3
1182,209,1,2
1182,210,1,2
1182,211,1,2
1182,212,1,2
1182,213,1,2
1182,214,1,2
1182,215,1,2
1182,216,1,2
1182,217,1,2
1182,218,1,2
1182,219,1,2
1182,220,1,2
1182,221,1,2
1182,222,1,2
1182,223,1,2
1182,224,1,2
1182,225,1,2
1182,226,1,2
1182,227,1,2
1182,228,1,2
1182,229,1,2
1182,230,1,2
1182,231,1,2
1182,232,1,2
1182,233,1,2
1182,234,1,2
1182,235,1,2
1182,236,1,2
1182,237,1,2
1182,238,1,2
1182,239,1,2
1182,240,1,2
1182,241,1,2
1182,242,1,2
1182,243,1,2
1182,244,1,2
1182,245,1,2
1182,246,1,2
1182,247,1,2
1182,248,1,2
1182,249,1,2
1182,250,1,2
1182,251,1,2
1182,252,1,2
1182,253,1,2
1182,254,1,2
1182,255,1,2
1182,256,1,2
1182,257,1,2
1182,258,1,2
1182,259,1,2
1182,260,1,2
1182,261,1,2
1182,262,1,2
1182,263,1,2
1182,264,1,2
1182,265,1,2
1182,266,1,2
1182,267,1,2
1182,268,1,2
1182,269,1,2
1182,270,1,2
1182,271,1,2
1182,272,1,2
1182,273,1,2
1182,274,1,2
1182,275,1,2
1182,276,1,2
1182,277,1,2
1182,278,1,2
1182,279,1,2
1182,280,1,2
1182,281,1,2
1182,282,1,2
1182,283,1,2
1182,284,1,2
1182,285,1,2
1182,286,1,2
1182,287,1,2
1182,288,1,2
1182,289,1,2
1182,290,1,2
1182,291,1,2
1182,292,1,2
1182,293,1,2
1182,294,1,2
1182,295,1,2
1182,296,1,2
1182,297,1,2
1182,298,1,2
1182,299,1,2
1182,300,1,2
1182,301,1,2
1182,302,1,2
1182,303,1,2
1182,304,1,2
1182,305,1,2
1182,306,1,2
1182,307,1,2
1182,308,1,2
1182,309,1,2
1182,310,1,2
1182,311,1,2
1182,312,1,2
1182,313,1,2
1182,314,1,2
1182,315,1,2
1182,316,1,2
1182,317,1,2
1182,318,1,2
1182,319,1,2
1182,320,1,2
1182,321,1,2
1182,322,1,2
1182,323,1,2
1182,324,1,2
1182,325,1,2
1182,326,1,2
1182,327,1,2
1182,328,1,2
1182,329,1,2
1182,330,1,2
1182,331,1,2
1182,332,1,2
1182,333,1,2
1182,334,1,2
1183,203,1,3
1183,204,1,3
1183,205,1,3
1183,206,1,3
1183,207,1,3
1183,208,1,3
1183,209,1,2
1183,210,1,2
1183,211,1,2
1183,212,1,2
1183,213,1,2
1183,214,1,2
1183,215,1,2
1183,216,1,2
1183,217,1,2
1183,218,1,2
1183,219,1,2
1183,220,1,2
1183,221,1,2
1183,222,1,2
1183,223,1,2
1183,224,1,2
1183,225,1,2
1183,226,1,2
1183,227,1,2
1183,228,1,2
1183,229,1,2
1183,230,1,2
1183,231,1,2
1183,232,1,2
1183,233,1,2
1183,234,1,2
1183,235,1,2
1183,236,1,2
1183,237,1,2
1183,238,1,2
1183,239,1,2
1183,240,1,2
1183,241,1,2
1183,242,1,2
1183,243,1,2
1183,244,1,2
1183,245,1,2
1183,246,1,2
1183,247,1,2
1183,248,1,2
1183,249,1,2
1183,250,1,2
1183,251,1,2
1183,252,1,2
1183,253,1,2
1183,254,1,2
1183,255,1,2
1183,256,1,2
1183,257,1,2
1183,258,1,2
1183,259,1,2
1183,260,1,2
1183,261,1,2
1183,262,1,2
1183,263,1,2
1183,264,1,2
1183,265,1,2
1183,266,1,2
1183,267,1,2
1183,268,1,2
1183,269,1,2
1183,270,1,2
1183,271,1,2
1183,272,1,2
1183,273,1,2
1183,274,1,2
1183,275,1,2
1183,276,1,2
1183,277,1,2
1183,278,1,2
1183,279,1,2
1183,280,1,2
1183,281,1,2
1183,282,1,2
1183,283,1,2
1183,284,1,2
1183,285,1,2
1183,286,1,2
1183,287,1,2
1183,288,1,2
1183,289,1,2
1183,290,1,2
1183,291,1,2
1183,292,1,2
1183,293,1,2
1183,294,1,2
1183,295,1,2
1183,296,1,2
1183,297,1,2
1183,298,1,2
1183,299,1,2
1183,300,1,2
1183,301,1,2
1183,302,1,2
1183,303,1,2
1183,304,1,2
1183,305,1,2
1183,306,1,2
1183,307,1,2
1183,308,1,2
1183,309,1,2
1183,310,1,2
1183,311,1,2
1183,312,1,2
1183,313,1,2
1183,314,1,2
1183,315,1,2
1183,316,1,2
1183,317,1,2
1183,318,1,2
1183,319,1,2
1183,320,1,2
1183,321,1,2
1183,322,1,2
1183,323,1,2
1183,324,1,2
1183,325,1,2
1183,326,1,2
1183,327,1,2
1183,328,1,2
1183,329,1,2
1183,330,1,2
1183,331,1,2
1183,332,1,2
1183,333,1,2
1183,334,1,2
1183,335,1,2
1184,201,1,3
1184,202,1,3
1184,203,1,3
1184,204,1,3
1184,205,1,3
1184,206,1,3
1184,207,1,3
1184,208,1,3
1184,209,1,2
1184,210,1,2
1184,211,1,2
1184,212,1,2
1184,213,1,2
1184,214,1,2
1184,215,1,2
1184,216,1,2
1184,217,1,2
1184,218,1,2
1184,219,1,2
1184,220,1,2
1184,221,1,2
1184,222,1,2
1184,223,1,2
1184,224,1,2
1184,225,1,2
1184,226,1,2
1184,227,1,2
1184,228,1,2
1184,229,1,2
1184,230,1,2
1184,231,1,2
1184,232,1,2
1184,233,1,2
1184,234,1,2
1184,235,1,2
1184,236,1,2
1184,237,1,2
1184,238,1,2
1184,239,1,2
1184,240,1,2
1184,241,1,2
1184,242,1,2
1184,243,1,2
1184,244,1,2
1184,245,1,2
1184,246,1,2
1184,247,1,2
1184,248,1,2
1184,249,1,2
1184,250,1,2
1184,251,1,2
1184,252,1,2
1184,253,1,2
1184,254,1,2
1184,255,1,2
1184,256,1,2
1184,257,1,2
1184,258,1,2
1184,259,1,2
1184,260,1,2
1184,261,1,2
1184,262,1,2
1184,263,1,2
1184,264,1,2
1184,265,1,2
1184,266,1,2
1184,267,1,2
1184,268,1,2
1184,269,1,2
1184,270,1,2
1184,271,1,2
1184,272,1,2
1184,273,1,2
1184,274,1,2
1184,275,1,2
1184,276,1,2
1184,277,1,2
1184,278,1,2
1184,279,1,2
1184,280,1,2
1184,281,1,2
1184,282,1,2
1184,283,1,2
1184,284,1,2
1184,285,1,2
1184,286,1,2
1184,287,1,2
1184,288,1,2
1184,289,1,2
1184,290,1,2
1184,291,1,2
1184,292,1,2
1184,293,1,2
1184,294,1,2
1184,295,1,2
1184,296,1,2
1184,297,1,2
1184,298,1,2
1184,299,1,2
1184,300,1,2
1184,301,1,2
1184,302,1,2
1184,303,1,2
1184,304,1,2
1184,305,1,2
1184,306,1,2
1184,307,1,2
1184,308,1,2
1184,309,1,2
1184,310,1,2
1184,311,1,2
1184,312,1,2
1184,313,1,2
1184,314,1,2
1184,315,1,2
1184,316,1,2
1184,317,1,2
1184,318,1,2
1184,319,1,2
1184,320,1,2
1184,321,1,2
1184,322,1,2
1184,323,1,2
1184,324,1,2
1184,325,1,2
1184,326,1,2
1184,327,1,2
1184,328,1,2
1184,329,1,2
1184,330,1,2
1184,331,1,2
1184,332,1,2
1184,333,1,2
1184,334,1,2
1184,335,1,2
1184,336,1,2
1185,199,1,3
1185,200,1,3
1185,201,1,3
1185,202,1,3
1185,203,1,3
1185,204,1,3
1185,205,1,3
1185,206,1,3
1185,207,1,3
1185,208,1,3
1185,209,1,2
1185,210,1,2
1185,211,1,2
1185,212,1,2
1185,213,1,2
1185,214,1,2
1185,215,1,2
1185,216,1,2
1185,217,1,2
1185,218,1,2
1185,219,1,2
1185,220,1,2
1185,221,1,2
1185,222,1,2
1185,223,1,2
1185,224,1,2
1185,225,1,2
1185,226,1,2
1185,227,1,2
1185,228,1,2
1185,229,1,2
1185,230,1,2
1185,231,1,2
1185,232,1,2
1185,233,1,2
1185,234,1,2
1185,235,1,2
1185,236,1,2
1185,237,1,2
1185,238,1,2
1185,239,1,2
1185,240,1,2
1185,241,1,2
1185,242,1,2
1185,243,1,2
1185,244,1,2
1185,245,1,2
1185,246,1,2
1185,247,1,2
1185,248,1,2
1185,249,1,2
1185,250,1,2
1185,251,1,2
1185,252,1,2
1185,253,1,2
1185,254,1,2
1185,255,1,2
1185,256,1,2
1185,257,1,2
1185,258,1,2
1185,259,1,2
1185,260,1,2
1185,261,1,2
1185,262,1,2
1185,263,1,2
1185,264,1,2
1185,265,1,2
1185,266,1,2
1185,267,1,2
1185,268,1,2
1185,269,1,2
1185,270,1,2
1185,271,1,2
1185,272,1,2
1185,273,1,2
1185,274,1,2
1185,275,1,2
1185,276,1,2
1185,277,1,2
1185,278,1,2
1185,279,1,2
1185,280,1,2
1185,281,1,2
1185,282,1,2
1185,283,1,2
1185,284,1,2
1185,285,1,2
1185,286,1,2
1185,287,1,2
1185,288,1,2
1185,289,1,2
1185,290,1,2
1185,291,1,2
1185,292,1,2
1185,293,1,2
1185,294,1,2
1185,295,1,2
1185,296,1,2
1185,297,1,2
1185,298,1,2
1185,299,1,2
1185,300,1,2
1185,301,1,2
1185,302,1,2
1185,303,1,2
1185,304,1,2
1185,305,1,2
1185,306,1,2
1185,307,1,2
1185,308,1,2
1185,309,1,2
1185,310,1,2
1185,311,1,2
1185,312,1,2
1185,313,1,2
1185,314,1,2
1185,315,1,2
1185,316,1,2
1185,317,1,2
1185,318,1,2
1185,319,1,2
1185,320,1,2
1185,321,1,2
1185,322,1,2
1185,323,1,2
1185,324,1,2
1185,325,1,2
1185,326,1,2
1185,327,1,2
1185,328,1,2
1185,329,1,2
1185,330,1,2
1185,331,1,2
1185,332,1,2
1185,333,1,2
1185,334,1,2
1185,335,1,2
1185,336,1,2
1185,337,1,2
1185,338,1,2
1185,339,1,2
1186,198,1,3
1186,199,1,3
1186,200,1,3
1186,201,1,3
1186,202,1,3
1186,203,1,3
1186,204,1,3
1186,205,1,3
1186,206,1,3
1186,207,1,3
1186,208,1,3
1186,209,1,2
1186,210,1,2
1186,211,1,2
1186,212,1,2
1186,213,1,2
1186,214,1,2
1186,215,1,2
1186,216,1,2
1186,217,1,2
1186,218,1,2
1186,219,1,2
1186,220,1,2
1186,221,1,2
1186,222,1,2
1186,223,1,2
1186,224,1,2
1186,225,1,2
1186,226,1,2
1186,227,1,2
1186,228,1,2
1186,229,1,2
1186,230,1,2
1186,231,1,2
1186,232,1,2
1186,233,1,2
1186,234,1,2
1186,235,1,2
1186,236,1,2
1186,237,1,2
1186,238,1,2
1186,239,1,2
1186,240,1,2
1186,241,1,2
1186,242,1,2
1186,243,1,2
1186,244,1,2
1186,245,1,2
1186,246,1,2
1186,247,1,2
1186,248,1,2
1186,249,1,2
1186,250,1,2
1186,251,1,2
1186,252,1,2
1186,253,1,2
1186,254,1,2
1186,255,1,2
1186,256,1,2
1186,257,1,2
1186,258,1,2
1186,259,1,2
1186,260,1,2
1186,261,1,2
1186,262,1,2
1186,263,1,2
1186,264,1,2
1186,265,1,2
1186,266,1,2
1186,267,1,2
1186,268,1,2
1186,269,1,2
1186,270,1,2
1186,271,1,2
1186,272,1,2
1186,273,1,2
1186,274,1,2
1186,275,1,2
1186,276,1,2
1186,277,1,2
1186,278,1,2
1186,279,1,2
1186,280,1,2
1186,281,1,2
1186,282,1,2
1186,283,1,2
1186,284,1,2
1186,285,1,2
1186,286,1,2
1186,287,1,2
1186,288,1,2
1186,289,1,2
1186,290,1,2
1186,291,1,2
1186,292,1,2
1186,293,1,2
1186,294,1,2
1186,295,1,2
1186,296,1,2
1186,297,1,2
1186,298,1,2
1186,299,1,2
1186,300,1,2
1186,301,1,2
1186,302,1,2
1186,303,1,2
1186,304,1,2
1186,305,1,2
1186,306,1,2
1186,307,1,2
1186,308,1,2
1186,309,1,2
1186,310,1,2
1186,311,1,2
1186,312,1,2
1186,313,1,2
1186,314,1,2
1186,315,1,2
1186,316,1,2
1186,317,1,2
1186,318,1,2
1186,319,1,2
1186,320,1,2
1186,321,1,2
1186,322,1,2
1186,323,1,2
1186,324,1,2
1186,325,1,2
1186,326,1,2
1186,327,1,2
1186,328,1,2
1186,329,1,2
1186,330,1,2
1186,331,1,2
1186,332,1,2
1186,333,1,2
1186,334,1,2
1186,335,1,2
1186,336,1,2
1186,337,1,2
1186,338,1,2
1186,339,1,2
1186,340,1,2
1186,341,1,2
1186,342,1,2
1187,197,1,3
1187,198,1,3
1187,199,1,3
1187,200,1,3
1187,201,1,3
1187,202,1,3
1187,203,1,3
1187,204,1,3
1187,205,1,3
1187,206,1,3
1187,207,1,3
1187,208,1,3
1187,209,1,2
1187,210,1,2
1187,211,1,2
1187,212,1,2
1187,213,1,2
1187,214,1,2
1187,215,1,2
1187,216,1,2
1187,217,1,2
1187,218,1,2
1187,219,1,2
1187,220,1,2
1187,221,1,2
1187,222,1,2
1187,223,1,2
1187,224,1,2
1187,225,1,2
1187,226,1,2
1187,227,1,2
1187,228,1,2
1187,229,1,2
1187,230,1,2
1187,231,1,2
1187,232,1,2
1187,233,1,2
1187,234,1,2
1187,235,1,2
1187,236,1,2
1187,237,1,2
1187,238,1,2
1187,239,1,2
1187,240,1,2
1187,241,1,2
1187,242,1,2
1187,243,1,2
1187,244,1,2
1187,245,1,2
1187,246,1,2
1187,247,1,2
1187,248,1,2
1187,249,1,2
1187,250,1,2
1187,251,1,2
1187,252,1,2
1187,253,1,2
1187,254,1,2
1187,255,1,2
1187,256,1,2
1187,257,1,2
1187,258,1,2
1187,259,1,2
1187,260,1,2
1187,261,1,2
1187,262,1,2
1187,263,1,2
1187,264,1,2
1187,265,1,2
1187,266,1,2
1187,267,1,2
1187,268,1,2
1187,269,1,2
1187,270,1,2
1187,271,1,2
1187,272,1,2
1187,273,1,2
1187,274,1,2
1187,275,1,2
1187,276,1,2
1187,277,1,2
1187,278,1,2
1187,279,1,2
1187,280,1,2
1187,281,1,2
1187,282,1,2
1187,283,1,2
1187,284,1,2
1187,285,1,2
1187,286,1,2
1187,287,1,2
1187,288,1,2
1187,289,1,2
1187,290,1,2
1187,291,1,2
1187,292,1,2
1187,293,1,2
1187,294,1,2
1187,295,1,2
1187,296,1,2
1187,297,1,2
1187,298,1,2
1187,299,1,2
1187,300,1,2
1187,301,1,2
1187,302,1,2
1187,303,1,2
1187,304,1,2
1187,305,1,2
1187,306,1,2
1187,307,1,2
1187,308,1,2
1187,309,1,2
1187,310,1,2
1187,311,1,2
1187,312,1,2
1187,313,1,2
1187,314,1,2
1187,315,1,2
1187,316,1,2
1187,317,1,2
1187,318,1,2
1187,319,1,2
1187,320,1,2
1187,321,1,2
1187,322,1,2
1187,323,1,2
1187,324,1,2
1187,325,1,2
1187,326,1,2
1187,327,1,2
1187,328,1,2
1187,329,1,2
1187,330,1,2
1187,331,1,2
1187,332,1,2
1187,333,1,2
1187,334,1,2
1187,335,1,2
1187,336,1,2
1187,337,1,2
1187,338,1,2
1187,339,1,2
1187,340,1,2
1187,341,1,2
1187,342,1,2
1187,343,1,2
1187,344,1,2
1188,195,1,3
1188,196,1,3
1188,197,1,3
1188,198,1,3
1188,199,1,3
1188,200,1,3
1188,201,1,3
1188,202,1,3
1188,203,1,3
1188,204,1,3
1188,205,1,3
1188,206,1,3
1188,207,1,3
1188,208,1,2
1188,209,1,2
1188,210,1,2
1188,211,1,2
1188,212,1,2
1188,213,1,2
1188,214,1,2
1188,215,1,2
1188,216,1,2
1188,217,1,2
1188,218,1,2
1188,219,1,2
1188,220,1,2
1188,221,1,2
1188,222,1,2
1188,223,1,2
1188,224,1,2
1188,225,1,2
1188,226,1,2
1188,227,1,2
1188,228,1,2
1188,229,1,2
1188,230,1,2
1188,231,1,2
1188,232,1,2
1188,233,1,2
1188,234,1,2
1188,235,1,2
1188,236,1,2
1188,237,1,2
1188,238,1,2
1188,239,1,2
1188,240,1,2
1188,241,1,2
1188,242,1,2
1188,243,1,2
1188,244,1,2
1188,245,1,2
1188,246,1,2
1188,247,1,2
1188,248,1,2
1188,249,1,2
1188,250,1,2
1188,251,1,2
1188,252,1,2
1188,253,1,2
1188,254,1,2
1188,255,1,2
1188,256,1,2
1188,257,1,2
1188,258,1,2
1188,259,1,2
1188,260,1,2
1188,261,1,2
1188,262,1,2
1188,263,1,2
1188,264,1,2
1188,265,1,2
1188,266,1,2
1188,267,1,2
1188,268,1,2
1188,269,1,2
1188,270,1,2
1188,271,1,2
1188,272,1,2
1188,273,1,2
1188,274,1,2
1188,275,1,2
1188,276,1,2
1188,277,1,2
1188,278,1,2
1188,279,1,2
1188,280,1,2
1188,281,1,2
1188,282,1,2
1188,283,1,2
1188,284,1,2
1188,285,1,2
1188,286,1,2
1188,287,1,2
1188,288,1,2
1188,289,1,2
1188,290,1,2
1188,291,1,2
1188,292,1,2
1188,293,1,2
1188,294,1,2
1188,295,1,2
1188,296,1,2
1188,297,1,2
1188,298,1,2
1188,299,1,2
1188,300,1,2
1188,301,1,2
1188,302,1,2
1188,303,1,2
1188,304,1,2
1188,305,1,2
1188,306,1,2
1188,307,1,2
1188,308,1,2
1188,309,1,2
1188,310,1,2
1188,311,1,2
1188,312,1,2
1188,313,1,2
1188,314,1,2
1188,315,1,2
1188,316,1,2
1188,317,1,2
1188,318,1,2
1188,319,1,2
1188,320,1,2
1188,321,1,2
1188,322,1,2
1188,323,1,2
1188,324,1,2
1188,325,1,2
1188,326,1,2
1188,327,1,2
1188,328,1,2
1188,329,1,2
1188,330,1,2
1188,331,1,2
1188,332,1,2
1188,333,1,2
1188,334,1,2
1188,335,1,2
1188,336,1,2
1188,337,1,2
1188,338,1,2
1188,339,1,2
1188,340,1,2
1188,341,1,2
1188,342,1,2
1188,343,1,2
1188,344,1,2
1188,345,1,2
1188,346,1,2
1189,194,1,2
1189,195,1,3
1189,196,1,3
1189,197,1,3
1189,198,1,3
1189,199,1,3
1189,200,1,3
1189,201,1,3
1189,202,1,3
1189,203,1,3
1189,204,1,3
1189,205,1,3
1189,206,1,3
1189,207,1,3
1189,208,1,2
1189,209,1,2
1189,210,1,2
1189,211,1,2
1189,212,1,2
1189,213,1,2
1189,214,1,2
1189,215,1,2
1189,216,1,2
1189,217,1,2
1189,218,1,2
1189,219,1,2
1189,220,1,2
1189,221,1,2
1189,222,1,2
1189,223,1,2
1189,224,1,2
1189,225,1,2
1189,226,1,2
1189,227,1,2
1189,228,1,2
1189,229,1,2
1189,230,1,2
1189,231,1,2
1189,232,1,2
1189,233,1,2
1189,234,1,2
1189,235,1,2
1189,236,1,2
1189,237,1,2
1189,238,1,2
1189,239,1,2
1189,240,1,2
1189,241,1,2
1189,242,1,2
1189,243,1,2
1189,244,1,2
1189,245,1,2
1189,246,1,2
1189,247,1,2
1189,248,1,2
1189,249,1,2
1189,250,1,2
1189,251,1,2
1189,252,1,2
1189,253,1,2
1189,254,1,2
1189,255,1,2
1189,256,1,2
1189,257,1,2
1189,258,1,2
1189,259,1,2
1189,260,1,2
1189,261,1,2
1189,262,1,2
1189,263,1,2
1189,264,1,2
1189,265,1,2
1189,266,1,2
1189,267,1,2
1189,268,1,2
1189,269,1,2
1189,270,1,2
1189,271,1,2
1189,272,1,2
1189,273,1,2
1189,274,1,2
1189,275,1,2
1189,276,1,2
1189,277,1,2
1189,278,1,2
1189,279,1,2
1189,280,1,2
1189,281,1,2
1189,282,1,2
1189,283,1,2
1189,284,1,2
1189,285,1,2
1189,286,1,2
1189,287,1,2
1189,288,1,2
1189,289,1,2
1189,290,1,2
1189,291,1,2
1189,292,1,2
1189,293,1,2
1189,294,1,2
1189,295,1,2
1189,296,1,2
1189,297,1,2
1189,298,1,2
1189,299,1,2
1189,300,1,2
1189,301,1,2
1189,302,1,2
1189,303,1,2
1189,304,1,2
1189,305,1,2
1189,306,1,2
1189,307,1,2
1189,308,1,2
1189,309,1,2
1189,310,1,2
1189,311,1,2
1189,312,1,2
1189,313,1,2
1189,314,1,2
1189,315,1,2
1189,316,1,2
1189,317,1,2
1189,318,1,2
1189,319,1,2
1189,320,1,2
1189,321,1,2
1189,322,1,2
1189,323,1,2
1189,324,1,2
1189,325,1,2
1189,326,1,2
1189,327,1,2
1189,328,1,2
1189,329,1,2
1189,330,1,2
1189,331,1,2
1189,332,1,2
1189,333,1,2
1189,334,1,2
1189,335,1,2
1189,336,1,2
1189,337,1,2
1189,338,1,2
1189,339,1,2
1189,340,1,2
1189,341,1,2
1189,342,1,2
1189,343,1,2
1189,344,1,2
1189,345,1,2
1189,346,1,2
1189,347,1,2
1190,191,1,2
1190,192,1,2
1190,193,1,2
1190,194,1,2
1190,195,1,2
1190,196,1,3
1190,197,1,3
1190,198,1,3
1190,199,1,3
1190,200,1,3
1190,201,1,3
1190,202,1,3
1190,203,1,3
1190,204,1,3
1190,205,1,3
1190,206,1,3
1190,207,1,3
1190,208,1,2
1190,209,1,2
1190,210,1,2
1190,211,1,2
1190,212,1,2
1190,213,1,2
1190,214,1,2
1190,215,1,2
1190,216,1,2
1190,217,1,2
1190,218,1,2
1190,219,1,2
1190,220,1,2
1190,221,1,2
1190,222,1,2
1190,223,1,2
1190,224,1,2
1190,225,1,2
1190,226,1,2
1190,227,1,2
1190,228,1,2
1190,229,1,2
1190,230,1,2
1190,231,1,2
1190,232,1,2
1190,233,1,2
1190,234,1,2
1190,235,1,2
1190,236,1,2
1190,237,1,2
1190,238,1,2
1190,239,1,2
1190,240,1,2
1190,241,1,2
1190,242,1,2
1190,243,1,2
1190,244,1,2
1190,245,1,2
1190,246,1,2
1190,247,1,2
1190,248,1,2
1190,249,1,2
1190,250,1,2
1190,251,1,2
1190,252,1,2
1190,253,1,2
1190,254,1,2
1190,255,1,2
1190,256,1,2
1190,257,1,2
1190,258,1,2
1190,259,1,2
1190,260,1,2
1190,261,1,2
1190,262,1,2
1190,263,1,2
1190,264,1,2
1190,265,1,2
1190,266,1,2
1190,267,1,2
1190,268,1,2
1190,269,1,2
1190,270,1,2
1190,271,1,2
1190,272,1,2
1190,273,1,2
1190,274,1,2
1190,275,1,2
1190,276,1,2
1190,277,1,2
1190,278,1,2
1190,279,1,2
1190,280,1,2
1190,281,1,2
1190,282,1,2
1190,283,1,2
1190,284,1,2
1190,285,1,2
1190,286,1,2
1190,287,1,2
1190,288,1,2
1190,289,1,2
1190,290,1,2
1190,291,1,2
1190,292,1,2
1190,293,1,2
1190,294,1,2
1190,295,1,2
1190,296,1,2
1190,297,1,2
1190,298,1,2
1190,299,1,2
1190,300,1,2
1190,301,1,2
1190,302,1,2
1190,303,1,2
1190,304,1,2
1190,305,1,2
1190,306,1,2
1190,307,1,2
1190,308,1,2
1190,309,1,2
1190,310,1,2
1190,311,1,2
1190,312,1,2
1190,313,1,2
1190,314,1,2
1190,315,1,2
1190,316,1,2
1190,317,1,2
1190,318,1,2
1190,319,1,2
1190,320,1,2
1190,321,1,2
1190,322,1,2
1190,323,1,2
1190,324,1,2
1190,325,1,2
1190,326,1,2
1190,327,1,2
1190,328,1,2
1190,329,1,2
1190,330,1,2
1190,331,1,2
1190,332,1,2
1190,333,1,2
1190,334,1,2
1190,335,1,2
1190,336,1,2
1190,337,1,2
1190,338,1,2
1190,339,1,2
1190,340,1,2
1190,341,1,2
1190,342,1,2
1190,343,1,2
1190,344,1,2
1190,345,1,2
1190,346,1,2
1190,347,1,2
1190,348,1,2
1191,189,1,2
1191,190,1,2
1191,191,1,2
1191,192,1,2
1191,193,1,2
1191,194,1,2
1191,195,1,2
1191,196,1,2
1191,197,1,3
1191,198,1,3
1191,199,1,3
1191,200,1,3
1191,201,1,3
1191,202,1,3
1191,203,1,3
1191,204,1,3
1191,205,1,3
1191,206,1,3
1191,207,1,3
1191,208,1,2
1191,209,1,2
1191,210,1,2
1191,211,1,2
1191,212,1,2
1191,213,1,2
1191,214,1,2
1191,215,1,2
1191,216,1,2
1191,217,1,2
1191,218,1,2
1191,219,1,2
1191,220,1,2
1191,221,1,2
1191,222,1,2
1191,223,1,2
1191,224,1,2
1191,225,1,2
1191,226,1,2
1191,227,1,2
1191,228,1,2
1191,229,1,2
1191,230,1,2
1191,231,1,2
1191,232,1,2
1191,233,1,2
1191,234,1,2
1191,235,1,2
1191,236,1,2
1191,237,1,2
1191,238,1,2
1191,239,1,2
1191,240,1,2
1191,241,1,2
1191,242,1,2
1191,243,1,2
1191,244,1,2
1191,245,1,2
1191,246,1,2
1191,247,1,2
1191,248,1,2
1191,249,1,2
1191,250,1,2
1191,251,1,2
1191,252,1,2
1191,253,1,2
1191,254,1,2
1191,255,1,2
1191,256,1,2
1191,257,1,2
1191,258,1,2
1191,259,1,2
1191,260,1,2
1191,261,1,2
1191,262,1,2
1191,263,1,2
1191,264,1,2
1191,265,1,2
1191,266,1,2
1191,267,1,2
1191,268,1,2
1191,269,1,2
1191,270,1,2
1191,271,1,2
1191,272,1,2
1191,273,1,2
1191,274,1,2
1191,275,1,2
1191,276,1,2
1191,277,1,2
1191,278,1,2
1191,279,1,2
1191,280,1,2
1191,281,1,2
1191,282,1,2
1191,283,1,2
1191,284,1,2
1191,285,1,2
1191,286,1,2
1191,287,1,2
1191,288,1,2
1191,289,1,2
1191,290,1,2
1191,291,1,2
1191,292,1,2
1191,293,1,2
1191,294,1,2
1191,295,1,2
1191,296,1,2
1191,297,1,2
1191,298,1,2
1191,299,1,2
1191,300,1,2
1191,301,1,2
1191,302,1,2
1191,303,1,2
1191,304,1,2
1191,305,1,2
1191,306,1,2
1191,307,1,2
1191,308,1,2
1191,309,1,2
1191,310,1,2
1191,311,1,2
1191,312,1,2
1191,313,1,2
1191,314,1,2
1191,315,1,2
1191,316,1,2
1191,317,1,2
1191,318,1,2
1191,319,1,2
1191,320,1,2
1191,321,1,2
1191,322,1,2
1191,323,1,2
1191,324,1,2
1191,325,1,2
1191,326,1,2
1191,327,1,2
1191,328,1,2
1191,329,1,2
1191,330,1,2
1191,331,1,2
1191,332,1,2
1191,333,1,2
1191,334,1,2
1191,335,1,2
1191,336,1,2
1191,337,1,2
1191,338,1,2
1191,339,1,2
1191,340,1,2
1191,341,1,2
1191,342,1,2
1191,343,1,2
1191,344,1,2
1191,345,1,2
1191,346,1,2
1191,347,1,2
1191,348,1,2
1191,349,1,2
1191,350,1,2
1192,188,1,2
1192,189,1,2
1192,190,1,2
1192,191,1,2
1192,192,1,2
1192,193,1,2
1192,194,1,2
1192,195,1,2
1192,196,1,2
1192,197,1,2
1192,198,1,3
1192,199,1,3
1192,200,1,3
1192,201,1,3
1192,202,1,3
1192,203,1,3
1192,204,1,3
1192,205,1,3
1192,206,1,3
1192,207,1,3
1192,208,1,2
1192,209,1,2
1192,210,1,2
1192,211,1,2
1192,212,1,2
1192,213,1,2
1192,214,1,2
1192,215,1,2
1192,216,1,2
1192,217,1,2
1192,218,1,2
1192,219,1,2
1192,220,1,2
1192,221,1,2
1192,222,1,2
1192,223,1,2
1192,224,1,2
1192,225,1,2
1192,226,1,2
1192,227,1,2
1192,228,1,2
1192,229,1,2
1192,230,1,2
1192,231,1,2
1192,232,1,2
1192,233,1,2
1192,234,1,2
1192,235,1,2
1192,236,1,2
1192,237,1,2
1192,238,1,2
1192,239,1,2
1192,240,1,2
1192,241,1,2
1192,242,1,2
1192,243,1,2
1192,244,1,2
1192,245,1,2
1192,246,1,2
1192,247,1,2
1192,248,1,2
1192,249,1,2
1192,250,1,2
1192,251,1,2
1192,252,1,2
1192,253,1,2
1192,254,1,2
1192,255,1,2
1192,256,1,2
1192,257,1,2
1192,258,1,2
1192,259,1,2
1192,260,1,2
1192,261,1,2
1192,262,1,2
1192,263,1,2
1192,264,1,2
1192,265,1,2
1192,266,1,2
1192,267,1,2
1192,268,1,2
1192,269,1,2
1192,270,1,2
1192,271,1,2
1192,272,1,2
1192,273,1,2
1192,274,1,2
1192,275,1,2
1192,276,1,2
1192,277,1,2
1192,278,1,2
1192,279,1,2
1192,280,1,2
1192,281,1,2
1192,282,1,2
1192,283,1,2
1192,284,1,2
1192,285,1,2
1192,286,1,2
1192,287,1,2
1192,288,1,2
1192,289,1,2
1192,290,1,2
1192,291,1,2
1192,292,1,2
1192,293,1,2
1192,294,1,2
1192,295,1,2
1192,296,1,2
1192,297,1,2
1192,298,1,2
1192,299,1,2
1192,300,1,2
1192,301,1,2
1192,302,1,2
1192,303,1,2
1192,304,1,2
1192,305,1,2
1192,306,1,2
1192,307,1,2
1192,308,1,2
1192,309,1,2
1192,310,1,2
1192,311,1,2
1192,312,1,2
1192,313,1,2
1192,314,1,2
1192,315,1,2
1192,316,1,2
1192,317,1,2
1192,318,1,2
1192,319,1,2
1192,320,1,2
1192,321,1,2
1192,322,1,2
1192,323,1,2
1192,324,1,2
1192,325,1,2
1192,326,1,2
1192,327,1,2
1192,328,1,2
1192,329,1,2
1192,330,1,2
1192,331,1,2
1192,332,1,2
1192,333,1,2
1192,334,1,2
1192,335,1,2
1192,336,1,2
1192,337,1,2
1192,338,1,2
1192,339,1,2
1192,340,1,2
1192,341,1,2
1192,342,1,2
1192,343,1,2
1192,344,1,2
1192,345,1,2
1192,346,1,2
1192,347,1,2
1192,348,1,2
1192,349,1,2
1192,350,1,2
1192,351,1,2
1192,352,1,2
1193,187,1,2
1193,188,1,2
1193,189,1,2
1193,190,1,2
1193,191,1,2
1193,192,1,2
1193,193,1,2
1193,194,1,2
1193,195,1,2
1193,196,1,2
1193,197,1,2
1193,198,1,2
1193,199,1,3
1193,200,1,2
1193,201,1,3
1193,202,1,3
1193,203,1,3
1193,204,1,3
1193,205,1,3
1193,206,1,2
1193,207,1,2
1193,208,1,2
1193,209,1,2
1193,210,1,2
1193,211,1,2
1193,212,1,2
1193,213,1,2
1193,214,1,2
1193,215,1,2
1193,216,1,2
1193,217,1,2
1193,218,1,2
1193,219,1,2
1193,220,1,2
1193,221,1,2
1193,222,1,2
1193,223,1,2
1193,224,1,2
1193,225,1,2
1193,226,1,2
1193,227,1,2
1193,228,1,2
1193,229,1,2
1193,230,1,2
1193,231,1,2
1193,232,1,2
1193,233,1,2
1193,234,1,2
1193,235,1,2
1193,236,1,2
1193,237,1,2
1193,238,1,2
1193,239,1,2
1193,240,1,2
1193,241,1,2
1193,242,1,2
1193,243,1,2
1193,244,1,2
1193,245,1,2
1193,246,1,2
1193,247,1,2
1193,248,1,2
1193,249,1,2
1193,250,1,2
1193,251,1,2
1193,252,1,2
1193,253,1,2
1193,254,1,2
1193,255,1,2
1193,256,1,2
1193,257,1,2
1193,258,1,2
1193,259,1,2
1193,260,1,2
1193,261,1,2
1193,262,1,2
1193,263,1,2
1193,264,1,2
1193,265,1,2
1193,266,1,2
1193,267,1,2
1193,268,1,2
1193,269,1,2
1193,270,1,2
1193,271,1,2
1193,272,1,2
1193,273,1,2
1193,274,1,2
1193,275,1,2
1193,276,1,2
1193,277,1,2
1193,278,1,2
1193,279,1,2
1193,280,1,2
1193,281,1,2
1193,282,1,2
1193,283,1,2
1193,284,1,2
1193,285,1,2
1193,286,1,2
1193,287,1,2
1193,288,1,2
1193,289,1,2
1193,290,1,2
1193,291,1,2
1193,292,1,2
1193,293,1,2
1193,294,1,2
1193,295,1,2
1193,296,1,2
1193,297,1,2
1193,298,1,2
1193,299,1,2
1193,300,1,2
1193,301,1,2
1193,302,1,2
1193,303,1,2
1193,304,1,2
1193,305,1,2
1193,306,1,2
1193,307,1,2
1193,308,1,2
1193,309,1,2
1193,310,1,2
1193,311,1,2
1193,312,1,2
1193,313,1,2
1193,314,1,2
1193,315,1,2
1193,316,1,2
1193,317,1,2
1193,318,1,2
1193,319,1,2
1193,320,1,2
1193,321,1,2
1193,322,1,2
1193,323,1,2
1193,324,1,2
1193,325,1,2
1193,326,1,2
1193,327,1,2
1193,328,1,2
1193,329,1,2
1193,330,1,2
1193,331,1,2
1193,332,1,2
1193,333,1,2
1193,334,1,2
1193,335,1,2
1193,336,1,2
1193,337,1,2
1193,338,1,2
1193,339,1,2
1193,340,1,2
1193,341,1,2
1193,342,1,2
1193,343,1,2
1193,344,1,2
1193,345,1,2
1193,346,1,2
1193,347,1,2
1193,348,1,2
1193,349,1,2
1193,350,1,2
1193,351,1,2
1193,352,1,2
1193,353,1,2
1193,354,1,2
1194,185,1,2
1194,186,1,2
1194,187,1,2
1194,188,1,2
1194,189,1,2
1194,190,1,2
1194,191,1,2
1194,192,1,2
1194,193,1,2
1194,194,1,2
1194,195,1,2
1194,196,1,2
1194,197,1,2
1194,198,1,2
1194,199,1,2
1194,200,1,2
1194,201,1,2
1194,202,1,2
1194,203,1,2
1194,204,1,2
1194,205,1,2
1194,206,1,2
1194,207,1,2
1194,208,1,2
1194,209,1,2
1194,210,1,2
1194,211,1,2
1194,212,1,2
1194,213,1,2
1194,214,1,2
1194,215,1,2
1194,216,1,2
1194,217,1,2
1194,218,1,2
1194,219,1,2
1194,220,1,2
1194,221,1,2
1194,222,1,2
1194,223,1,2
1194,224,1,2
1194,225,1,2
1194,226,1,2
1194,227,1,2
1194,228,1,2
1194,229,1,2
1194,230,1,2
1194,231,1,2
1194,232,1,2
1194,233,1,2
1194,234,1,2
1194,235,1,2
1194,236,1,2
1194,237,1,2
1194,238,1,2
1194,239,1,2
1194,240,1,2
1194,241,1,2
1194,242,1,2
1194,243,1,2
1194,244,1,2
1194,245,1,2
1194,246,1,2
1194,247,1,2
1194,248,1,2
1194,249,1,2
1194,250,1,2
1194,251,1,2
1194,252,1,2
1194,253,1,2
1194,254,1,2
1194,255,1,2
1194,256,1,2
1194,257,1,2
1194,258,1,2
1194,259,1,2
1194,260,1,2
1194,261,1,2
1194,262,1,2
1194,263,1,2
1194,264,1,2
1194,265,1,2
1194,266,1,2
1194,267,1,2
1194,268,1,2
1194,269,1,2
1194,270,1,2
1194,271,1,2
1194,272,1,2
1194,273,1,2
1194,274,1,2
1194,275,1,2
1194,276,1,2
1194,277,1,2
1194,278,1,2
1194,279,1,2
1194,280,1,2
1194,281,1,2
1194,282,1,2
1194,283,1,2
1194,284,1,2
1194,285,1,2
1194,286,1,2
1194,287,1,2
1194,288,1,2
1194,289,1,2
1194,290,1,2
1194,291,1,2
1194,292,1,2
1194,293,1,2
1194,294,1,2
1194,295,1,2
1194,296,1,2
1194,297,1,2
1194,298,1,2
1194,299,1,2
1194,300,1,2
1194,301,1,2
1194,302,1,2
1194,303,1,2
1194,304,1,2
1194,305,1,2
1194,306,1,2
1194,307,1,2
1194,308,1,2
1194,309,1,2
1194,310,1,2
1194,311,1,2
1194,312,1,2
1194,313,1,2
1194,314,1,2
1194,315,1,2
1194,316,1,2
1194,317,1,2
1194,318,1,2
1194,319,1,2
1194,320,1,2
1194,321,1,2
1194,322,1,2
1194,323,1,2
1194,324,1,2
1194,325,1,2
1194,326,1,2
1194,327,1,2
1194,328,1,2
1194,329,1,2
1194,330,1,2
1194,331,1,2
1194,332,1,2
1194,333,1,2
1194,334,1,2
1194,335,1,2
1194,336,1,2
1194,337,1,2
1194,338,1,2
1194,339,1,2
1194,340,1,2
1194,341,1,2
1194,342,1,2
1194,343,1,2
1194,344,1,2
1194,345,1,2
1194,346,1,2
1194,347,1,2
1194,348,1,2
1194,349,1,2
1194,350,1,2
1194,351,1,2
1194,352,1,2
1194,353,1,2
1194,354,1,2
1194,355,1,2
1195,183,1,2
1195,184,1,2
1195,185,1,2
1195,186,1,2
1195,187,1,2
1195,188,1,2
1195,189,1,2
1195,190,1,2
1195,191,1,2
1195,192,1,2
1195,193,1,2
1195,194,1,2
1195,195,1,2
1195,196,1,2
1195,197,1,2
1195,198,1,2
1195,199,1,2
1195,200,1,2
1195,201,1,2
1195,202,1,2
1195,203,1,2
1195,204,1,2
1195,205,1,2
1195,206,1,2
1195,207,1,2
1195,208,1,2
1195,209,1,2
1195,210,1,2
1195,211,1,2
1195,212,1,2
1195,213,1,2
1195,214,1,2
1195,215,1,2
1195,216,1,2
1195,217,1,2
1195,218,1,2
1195,219,1,2
1195,220,1,2
1195,221,1,2
1195,222,1,2
1195,223,1,2
1195,224,1,2
1195,225,1,2
1195,226,1,2
1195,227,1,2
1195,228,1,2
1195,229,1,2
1195,230,1,2
1195,231,1,2
1195,232,1,2
1195,233,1,2
1195,234,1,2
1195,235,1,2
1195,236,1,2
1195,237,1,2
1195,238,1,2
1195,239,1,2
1195,240,1,2
1195,241,1,2
1195,242,1,2
1195,243,1,2
1195,244,1,2
1195,245,1,2
1195,246,1,2
1195,247,1,2
1195,248,1,2
1195,249,1,2
1195,250,1,2
1195,251,1,2
1195,252,1,2
1195,253,1,2
1195,254,1,2
1195,255,1,2
1195,256,1,2
1195,257,1,2
1195,258,1,2
1195,259,1,2
1195,260,1,2
1195,261,1,2
1195,262,1,2
1195,263,1,2
1195,264,1,2
1195,265,1,2
1195,266,1,2
1195,267,1,2
1195,268,1,2
1195,269,1,2
1195,270,1,2
1195,271,1,2
1195,272,1,2
1195,273,1,2
1195,274,1,2
1195,275,1,2
1195,276,1,2
1195,277,1,2
1195,278,1,2
1195,279,1,2
1195,280,1,2
1195,281,1,2
1195,282,1,2
1195,283,1,2
1195,284,1,2
1195,285,1,2
1195,286,1,2
1195,287,1,2
1195,288,1,2
1195,289,1,2
1195,290,1,2
1195,291,1,2
1195,292,1,2
1195,293,1,2
1195,294,1,2
1195,295,1,2
1195,296,1,2
1195,297,1,2
1195,298,1,2
1195,299,1,2
1195,300,1,2
1195,301,1,2
1195,302,1,2
1195,303,1,2
1195,304,1,2
1195,305,1,2
1195,306,1,2
1195,307,1,2
1195,308,1,2
1195,309,1,2
1195,310,1,2
1195,311,1,2
1195,312,1,2
1195,313,1,2
1195,314,1,2
1195,315,1,2
1195,316,1,2
1195,317,1,2
1195,318,1,2
1195,319,1,2
1195,320,1,2
1195,321,1,2
1195,322,1,2
1195,323,1,2
1195,324,1,2
1195,325,1,2
1195,326,1,2
1195,327,1,2
1195,328,1,2
1195,329,1,2
1195,330,1,2
1195,331,1,2
1195,332,1,2
1195,333,1,2
1195,334,1,2
1195,335,1,2
1195,336,1,2
1195,337,1,2
1195,338,1,2
1195,339,1,2
1195,340,1,2
1195,341,1,2
1195,342,1,2
1195,343,1,2
1195,344,1,2
1195,345,1,2
1195,346,1,2
1195,347,1,2
1195,348,1,2
1195,349,1,2
1195,350,1,2
1195,351,1,2
1195,352,1,2
1195,353,1,2
1195,354,1,2
1195,355,1,2
1195,356,1,2
1195,357,1,2
1196,182,1,2
1196,183,1,2
1196,184,1,2
1196,185,1,2
1196,186,1,2
1196,187,1,2
1196,188,1,2
1196,189,1,2
1196,190,1,2
1196,191,1,2
1196,192,1,2
1196,193,1,2
1196,194,1,2
1196,195,1,2
1196,196,1,2
1196,197,1,2
1196,198,1,2
1196,199,1,2
1196,200,1,2
1196,201,1,2
1196,202,1,2
1196,203,1,2
1196,204,1,2
1196,205,1,2
1196,206,1,2
1196,207,1,2
1196,208,1,2
1196,209,1,2
1196,210,1,2
1196,211,1,2
1196,212,1,2
1196,213,1,2
1196,214,1,2
1196,215,1,2
1196,216,1,2
1196,217,1,2
1196,218,1,2
1196,219,1,2
1196,220,1,2
1196,221,1,2
1196,222,1,2
1196,223,1,2
1196,224,1,2
1196,225,1,2
1196,226,1,2
1196,227,1,2
1196,228,1,2
1196,229,1,2
1196,230,1,2
1196,231,1,2
1196,232,1,2
1196,233,1,2
1196,234,1,2
1196,235,1,2
1196,236,1,2
1196,237,1,2
1196,238,1,2
1196,239,1,2
1196,240,1,2
1196,241,1,2
1196,242,1,2
1196,243,1,2
1196,244,1,2
1196,245,1,2
1196,246,1,2
1196,247,1,2
1196,248,1,2
1196,249,1,2
1196,250,1,2
1196,251,1,2
1196,252,1,2
1196,253,1,2
1196,254,1,2
1196,255,1,2
1196,256,1,2
1196,257,1,2
1196,258,1,2
1196,259,1,2
1196,260,1,2
1196,261,1,2
1196,262,1,2
1196,263,1,2
1196,264,1,2
1196,265,1,2
1196,266,1,2
1196,267,1,2
1196,268,1,2
1196,269,1,2
1196,270,1,2
1196,271,1,2
1196,272,1,2
1196,273,1,2
1196,274,1,2
1196,275,1,2
1196,276,1,2
1196,277,1,2
1196,278,1,2
1196,279,1,2
1196,280,1,2
1196,281,1,2
1196,282,1,2
1196,283,1,2
1196,284,1,2
1196,285,1,2
1196,286,1,2
1196,287,1,2
1196,288,1,2
1196,289,1,2
1196,290,1,2
1196,291,1,2
1196,292,1,2
1196,293,1,2
1196,294,1,2
1196,295,1,2
1196,296,1,2
1196,297,1,2
1196,298,1,2
1196,299,1,2
1196,300,1,2
1196,301,1,2
1196,302,1,2
1196,303,1,2
1196,304,1,2
1196,305,1,2
1196,306,1,2
1196,307,1,2
1196,308,1,2
1196,309,1,2
1196,310,1,2
1196,311,1,2
1196,312,1,2
1196,313,1,2
1196,314,1,2
1196,315,1,2
1196,316,1,2
1196,317,1,2
1196,318,1,2
1196,319,1,2
1196,320,1,2
1196,321,1,2
1196,322,1,2
1196,323,1,2
1196,324,1,2
1196,325,1,2
1196,326,1,2
1196,327,1,2
1196,328,1,2
1196,329,1,2
1196,330,1,2
1196,331,1,2
1196,332,1,2
1196,333,1,2
1196,334,1,2
1196,335,1,2
1196,336,1,2
1196,337,1,2
1196,338,1,2
1196,339,1,2
1196,340,1,2
1196,341,1,2
1196,342,1,2
1196,343,1,2
1196,344,1,2
1196,345,1,2
1196,346,1,2
1196,347,1,2
1196,348,1,2
1196,349,1,2
1196,350,1,2
1196,351,1,2
1196,352,1,2
1196,353,1,2
1196,354,1,2
1196,355,1,2
1196,356,1,2
1196,357,1,2
1196,358,1,2
1197,181,1,2
1197,182,1,2
1197,183,1,2
1197,184,1,2
1197,185,1,2
1197,186,1,2
1197,187,1,2
1197,188,1,2
1197,189,1,2
1197,190,1,2
1197,191,1,2
1197,192,1,2
1197,193,1,2
1197,194,1,2
1197,195,1,2
1197,196,1,2
1197,197,1,2
1197,198,1,2
1197,199,1,2
1197,200,1,2
1197,201,1,2
1197,202,1,2
1197,203,1,2
1197,204,1,2
1197,205,1,2
1197,206,1,2
1197,207,1,2
1197,208,1,2
1197,209,1,2
1197,210,1,2
1197,211,1,2
1197,212,1,2
1197,213,1,2
1197,214,1,2
1197,215,1,2
1197,216,1,2
1197,217,1,2
1197,218,1,2
1197,219,1,2
1197,220,1,2
1197,221,1,2
1197,222,1,2
1197,223,1,2
1197,224,1,2
1197,225,1,2
1197,226,1,2
1197,227,1,2
1197,228,1,2
1197,229,1,2
1197,230,1,2
1197,231,1,2
1197,232,1,2
1197,233,1,2
1197,234,1,2
1197,235,1,2
1197,236,1,2
1197,237,1,2
1197,238,1,2
1197,239,1,2
1197,240,1,2
1197,241,1,2
1197,242,1,2
1197,243,1,2
1197,244,1,2
1197,245,1,2
1197,246,1,2
1197,247,1,2
1197,248,1,2
1197,249,1,2
1197,250,1,2
1197,251,1,2
1197,252,1,2
1197,253,1,2
1197,254,1,2
1197,255,1,2
1197,256,1,2
1197,257,1,2
1197,258,1,2
1197,259,1,2
1197,260,1,2
1197,261,1,2
1197,262,1,2
1197,263,1,2
1197,264,1,2
1197,265,1,2
1197,266,1,2
1197,267,1,2
1197,268,1,2
1197,269,1,2
1197,270,1,2
1197,271,1,2
1197,272,1,2
1197,273,1,2
1197,274,1,2
1197,275,1,2
1197,276,1,2
1197,277,1,2
1197,278,1,2
1197,279,1,2
1197,280,1,2
1197,281,1,2
1197,282,1,2
1197,283,1,2
1197,284,1,2
1197,285,1,2
1197,286,1,2
1197,287,1,2
1197,288,1,2
1197,289,1,2
1197,290,1,2
1197,291,1,2
1197,292,1,2
1197,293,1,2
1197,294,1,2
1197,295,1,2
1197,296,1,2
1197,297,1,2
1197,298,1,2
1197,299,1,2
1197,300,1,2
1197,301,1,2
1197,302,1,2
1197,303,1,2
1197,304,1,2
1197,305,1,2
1197,306,1,2
1197,307,1,2
1197,308,1,2
1197,309,1,2
1197,310,1,2
1197,311,1,2
1197,312,1,2
1197,313,1,2
1197,314,1,2
1197,315,1,2
1197,316,1,2
1197,317,1,2
1197,318,1,2
1197,319,1,2
1197,320,1,2
1197,321,1,2
1197,322,1,2
1197,323,1,2
1197,324,1,2
1197,325,1,2
1197,326,1,2
1197,327,1,2
1197,328,1,2
1197,329,1,2
1197,330,1,2
1197,331,1,2
1197,332,1,2
1197,333,1,2
1197,334,1,2
1197,335,1,2
1197,336,1,2
1197,337,1,2
1197,338,1,2
1197,339,1,2
1197,340,1,2
1197,341,1,2
1197,342,1,2
1197,343,1,2
1197,344,1,2
1197,345,1,2
1197,346,1,2
1197,347,1,2
1197,348,1,2
1197,349,1,2
1197,350,1,2
1197,351,1,2
1197,352,1,2
1197,353,1,2
1197,354,1,2
1197,355,1,2
1197,356,1,2
1197,357,1,2
1197,358,1,2
1197,359,1,2
1197,360,1,2
1198,179,1,2
1198,180,1,2
1198,181,1,2
1198,182,1,2
1198,183,1,2
1198,184,1,2
1198,185,1,2
1198,186,1,2
1198,187,1,2
1198,188,1,2
1198,189,1,2
1198,190,1,2
1198,191,1,2
1198,192,1,2
1198,193,1,2
1198,194,1,2
1198,195,1,2
1198,196,1,2
1198,197,1,2
1198,198,1,2
1198,199,1,2
1198,200,1,2
1198,201,1,2
1198,202,1,2
1198,203,1,2
1198,204,1,2
1198,205,1,2
1198,206,1,2
1198,207,1,2
1198,208,1,2
1198,209,1,2
1198,210,1,2
1198,211,1,2
1198,212,1,2
1198,213,1,2
1198,214,1,2
1198,215,1,2
1198,216,1,2
1198,217,1,2
1198,218,1,2
1198,219,1,2
1198,220,1,2
1198,221,1,2
1198,222,1,2
1198,223,1,2
1198,224,1,2
1198,225,1,2
1198,226,1,2
1198,227,1,2
1198,228,1,2
1198,229,1,2
1198,230,1,2
1198,231,1,2
1198,232,1,2
1198,233,1,2
1198,234,1,2
1198,235,1,2
1198,236,1,2
1198,237,1,2
1198,238,1,2
1198,239,1,2
1198,240,1,2
1198,241,1,2
1198,242,1,2
1198,243,1,2
1198,244,1,2
1198,245,1,2
1198,246,1,2
1198,247,1,2
1198,248,1,2
1198,249,1,2
1198,250,1,2
1198,251,1,2
1198,252,1,2
1198,253,1,2
1198,254,1,2
1198,255,1,2
1198,256,1,2
1198,257,1,2
1198,258,1,2
1198,259,1,2
1198,260,1,2
1198,261,1,2
1198,262,1,2
1198,263,1,2
1198,264,1,2
1198,265,1,2
1198,266,1,2
1198,267,1,2
1198,268,1,2
1198,269,1,2
1198,270,1,2
1198,271,1,2
1198,272,1,2
1198,273,1,2
1198,274,1,2
1198,275,1,2
1198,276,1,2
1198,277,1,2
1198,278,1,2
1198,279,1,2
1198,280,1,2
1198,281,1,2
1198,282,1,2
1198,283,1,2
1198,284,1,2
1198,285,1,2
1198,286,1,2
1198,287,1,2
1198,288,1,2
1198,289,1,2
1198,290,1,2
1198,291,1,2
1198,292,1,2
1198,293,1,2
1198,294,1,2
1198,295,1,2
1198,296,1,2
1198,297,1,2
1198,298,1,2
1198,299,1,2
1198,300,1,2
1198,301,1,2
1198,302,1,2
1198,303,1,2
1198,304,1,2
1198,305,1,2
1198,306,1,2
1198,307,1,2
1198,308,1,2
1198,309,1,2
1198,310,1,2
1198,311,1,2
1198,312,1,2
1198,313,1,2
1198,314,1,2
1198,315,1,2
1198,316,1,2
1198,317,1,2
1198,318,1,2
1198,319,1,2
1198,320,1,2
1198,321,1,2
1198,322,1,2
1198,323,1,2
1198,324,1,2
1198,325,1,2
1198,326,1,2
1198,327,1,2
1198,328,1,2
1198,329,1,2
1198,330,1,2
1198,331,1,2
1198,332,1,2
1198,333,1,2
1198,334,1,2
1198,335,1,2
1198,336,1,2
1198,337,1,2
1198,338,1,2
1198,339,1,2
1198,340,1,2
1198,341,1,2
1198,342,1,2
1198,343,1,2
1198,344,1,2
1198,345,1,2
1198,346,1,2
1198,347,1,2
1198,348,1,2
1198,349,1,2
1198,350,1,2
1198,351,1,2
1198,352,1,2
1198,353,1,2
1198,354,1,2
1198,355,1,2
1198,356,1,2
1198,357,1,2
1198,358,1,2
1198,359,1,2
1198,360,1,2
1198,361,1,2
1198,362,1,2
1199,176,1,2
1199,177,1,2
1199,178,1,2
1199,179,1,2
1199,180,1,2
1199,181,1,2
1199,182,1,2
1199,183,1,2
1199,184,1,2
1199,185,1,2
1199,186,1,2
1199,187,1,2
1199,188,1,2
1199,189,1,2
1199,190,1,2
1199,191,1,2
1199,192,1,2
1199,193,1,2
1199,194,1,2
1199,195,1,2
1199,196,1,2
1199,197,1,2
1199,198,1,2
1199,199,1,2
1199,200,1,2
1199,201,1,2
1199,202,1,2
1199,203,1,2
1199,204,1,2
1199,205,1,2
1199,206,1,2
1199,207,1,2
1199,208,1,2
1199,209,1,2
1199,210,1,2
1199,211,1,2
1199,212,1,2
1199,213,1,2
1199,214,1,2
1199,215,1,2
1199,216,1,2
1199,217,1,2
1199,218,1,2
1199,219,1,2
1199,220,1,2
1199,221,1,2
1199,222,1,2
1199,223,1,2
1199,224,1,2
1199,225,1,2
1199,226,1,2
1199,227,1,2
1199,228,1,2
1199,229,1,2
1199,230,1,2
1199,231,1,2
1199,232,1,2
1199,233,1,2
1199,234,1,2
1199,235,1,2
1199,236,1,2
1199,237,1,2
1199,238,1,2
1199,239,1,2
1199,240,1,2
1199,241,1,2
1199,242,1,2
1199,243,1,2
1199,244,1,2
1199,245,1,2
1199,246,1,2
1199,247,1,2
1199,248,1,2
1199,249,1,2
1199,250,1,2
1199,251,1,2
1199,252,1,2
1199,253,1,2
1199,254,1,2
1199,255,1,2
1199,256,1,2
1199,257,1,2
1199,258,1,2
1199,259,1,2
1199,260,1,2
1199,261,1,2
1199,262,1,2
1199,263,1,2
1199,264,1,2
1199,265,1,2
1199,266,1,2
1199,267,1,2
1199,268,1,2
1199,269,1,2
1199,270,1,2
1199,271,1,2
1199,272,1,2
1199,273,1,2
1199,274,1,2
1199,275,1,2
1199,276,1,2
1199,277,1,2
1199,278,1,2
1199,279,1,2
1199,280,1,2
1199,281,1,2
1199,282,1,2
1199,283,1,2
1199,284,1,2
1199,285,1,2
1199,286,1,2
1199,287,1,2
1199,288,1,2
1199,289,1,2
1199,290,1,2
1199,291,1,2
1199,292,1,2
1199,293,1,2
1199,294,1,2
1199,295,1,2
1199,296,1,2
1199,297,1,2
1199,298,1,2
1199,299,1,2
1199,300,1,2
1199,301,1,2
1199,302,1,2
1199,303,1,2
1199,304,1,2
1199,305,1,2
1199,306,1,2
1199,307,1,2
1199,308,1,2
1199,309,1,2
1199,310,1,2
1199,311,1,2
1199,312,1,2
1199,313,1,2
1199,314,1,2
1199,315,1,2
1199,316,1,2
1199,317,1,2
1199,318,1,2
1199,319,1,2
1199,320,1,2
1199,321,1,2
1199,322,1,2
1199,323,1,2
1199,324,1,2
1199,325,1,2
1199,326,1,2
1199,327,1,2
1199,328,1,2
1199,329,1,2
1199,330,1,2
1199,331,1,2
1199,332,1,2
1199,333,1,2
1199,334,1,2
1199,335,1,2
1199,336,1,2
1199,337,1,2
1199,338,1,2
1199,339,1,2
1199,340,1,2
1199,341,1,2
1199,342,1,2
1199,343,1,2
1199,344,1,2
1199,345,1,2
1199,346,1,2
1199,347,1,2
1199,348,1,2
1199,349,1,2
1199,350,1,2
1199,351,1,2
1199,352,1,2
1199,353,1,2
1199,354,1,2
1199,355,1,2
1199,356,1,2
1199,357,1,2
1199,358,1,2
1199,359,1,2
1199,360,1,2
1199,361,1,2
1199,362,1,2
1199,363,1,2
1199,364,1,2
1200,174,1,2
1200,175,1,2
1200,176,1,2
1200,177,1,2
1200,178,1,2
1200,179,1,2
1200,180,1,2
1200,181,1,2
1200,182,1,2
1200,183,1,2
1200,184,1,2
1200,185,1,2
1200,186,1,2
1200,187,1,2
1200,188,1,2
1200,189,1,2
1200,190,1,2
1200,191,1,2
1200,192,1,2
1200,193,1,2
1200,194,1,2
1200,195,1,2
1200,196,1,2
1200,197,1,2
1200,198,1,2
1200,199,1,2
1200,200,1,2
1200,201,1,2
1200,202,1,2
1200,203,1,2
1200,204,1,2
1200,205,1,2
1200,206,1,2
1200,207,1,2
1200,208,1,2
1200,209,1,2
1200,210,1,2
1200,211,1,2
1200,212,1,2
1200,213,1,2
1200,214,1,2
1200,215,1,2
1200,216,1,2
1200,217,1,2
1200,218,1,2
1200,219,1,2
1200,220,1,2
1200,221,1,2
1200,222,1,2
1200,223,1,2
1200,224,1,2
1200,225,1,2
1200,226,1,2
1200,227,1,2
1200,228,1,2
1200,229,1,2
1200,230,1,2
1200,231,1,2
1200,232,1,2
1200,233,1,2
1200,234,1,2
1200,235,1,2
1200,236,1,2
1200,237,1,2
1200,238,1,2
1200,239,1,2
1200,240,1,2
1200,241,1,2
1200,242,1,2
1200,243,1,2
1200,244,1,2
1200,245,1,2
1200,246,1,2
1200,247,1,2
1200,248,1,2
1200,249,1,2
1200,250,1,2
1200,251,1,2
1200,252,1,2
1200,253,1,2
1200,254,1,2
1200,255,1,2
1200,256,1,2
1200,257,1,2
1200,258,1,2
1200,259,1,2
1200,260,1,2
1200,261,1,2
1200,262,1,2
1200,263,1,2
1200,264,1,2
1200,265,1,2
1200,266,1,2
1200,267,1,2
1200,268,1,2
1200,269,1,2
1200,270,1,2
1200,271,1,2
1200,272,1,2
1200,273,1,2
1200,274,1,2
1200,275,1,2
1200,276,1,2
1200,277,1,2
1200,278,1,2
1200,279,1,2
1200,280,1,2
1200,281,1,2
1200,282,1,2
1200,283,1,2
1200,284,1,2
1200,285,1,2
1200,286,1,2
1200,287,1,2
1200,288,1,2
1200,289,1,2
1200,290,1,2
1200,291,1,2
1200,292,1,2
1200,293,1,2
1200,294,1,2
1200,295,1,2
1200,296,1,2
1200,297,1,2
1200,298,1,2
1200,299,1,2
1200,300,1,2
1200,301,1,2
1200,302,1,2
1200,303,1,2
1200,304,1,2
1200,305,1,2
1200,306,1,2
1200,307,1,2
1200,308,1,2
1200,309,1,2
1200,310,1,2
1200,311,1,2
1200,312,1,2
1200,313,1,2
1200,314,1,2
1200,315,1,2
1200,316,1,2
1200,317,1,2
1200,318,1,2
1200,319,1,2
1200,320,1,2
1200,321,1,2
1200,322,1,2
1200,323,1,2
1200,324,1,2
1200,325,1,2
1200,326,1,2
1200,327,1,2
1200,328,1,2
1200,329,1,2
1200,330,1,2
1200,331,1,2
1200,332,1,2
1200,333,1,2
1200,334,1,2
1200,335,1,2
1200,336,1,2
1200,337,1,2
1200,338,1,2
1200,339,1,2
1200,340,1,2
1200,341,1,2
1200,342,1,2
1200,343,1,2
1200,344,1,2
1200,345,1,2
1200,346,1,2
1200,347,1,2
1200,348,1,2
1200,349,1,2
1200,350,1,2
1200,351,1,2
1200,352,1,2
1200,353,1,2
1200,354,1,2
1200,355,1,2
1200,356,1,2
1200,357,1,2
1200,358,1,2
1200,359,1,2
1200,360,1,2
1200,361,1,2
1200,362,1,2
1200,363,1,2
1200,364,1,2
1200,365,1,2
1201,173,1,2
1201,174,1,2
1201,175,1,2
1201,176,1,2
1201,177,1,2
1201,178,1,2
1201,179,1,2
1201,180,1,2
1201,181,1,2
1201,182,1,2
1201,183,1,2
1201,184,1,2
1201,185,1,2
1201,186,1,2
1201,187,1,2
1201,188,1,2
1201,189,1,2
1201,190,1,2
1201,191,1,2
1201,192,1,2
1201,193,1,2
1201,194,1,2
1201,195,1,2
1201,196,1,2
1201,197,1,2
1201,198,1,2
1201,199,1,2
1201,200,1,2
1201,201,1,2
1201,202,1,2
1201,203,1,2
1201,204,1,2
1201,205,1,2
1201,206,1,2
1201,207,1,2
1201,208,1,2
1201,209,1,2
1201,210,1,2
1201,211,1,2
1201,212,1,2
1201,213,1,2
1201,214,1,2
1201,215,1,2
1201,216,1,2
1201,217,1,2
1201,218,1,2
1201,219,1,2
1201,220,1,2
1201,221,1,2
1201,222,1,2
1201,223,1,2
1201,224,1,2
1201,225,1,2
1201,226,1,2
1201,227,1,2
1201,228,1,2
1201,229,1,2
1201,230,1,2
1201,231,1,2
1201,232,1,2
1201,233,1,2
1201,234,1,2
1201,235,1,2
1201,236,1,2
1201,237,1,2
1201,238,1,2
1201,239,1,2
1201,240,1,2
1201,241,1,2
1201,242,1,2
1201,243,1,2
1201,244,1,2
1201,245,1,2
1201,246,1,2
1201,247,1,2
1201,248,1,2
1201,249,1,2
1201,250,1,2
1201,251,1,2
1201,252,1,2
1201,253,1,2
1201,254,1,2
1201,255,1,2
1201,256,1,2
1201,257,1,2
1201,258,1,2
1201,259,1,2
1201,260,1,2
1201,261,1,2
1201,262,1,2
1201,263,1,2
1201,264,1,2
1201,265,1,2
1201,266,1,2
1201,267,1,2
1201,268,1,2
1201,269,1,2
1201,270,1,2
1201,271,1,2
1201,272,1,2
1201,273,1,2
1201,274,1,2
1201,275,1,2
1201,276,1,2
1201,277,1,2
1201,278,1,2
1201,279,1,2
1201,280,1,2
1201,281,1,2
1201,282,1,2
1201,283,1,2
1201,284,1,2
1201,285,1,2
1201,286,1,2
1201,287,1,2
1201,288,1,2
1201,289,1,2
1201,290,1,2
1201,291,1,2
1201,292,1,2
1201,293,1,2
1201,294,1,2
1201,295,1,2
1201,296,1,2
1201,297,1,2
1201,298,1,2
1201,299,1,2
1201,300,1,2
1201,301,1,2
1201,302,1,2
1201,303,1,2
1201,304,1,2
1201,305,1,2
1201,306,1,2
1201,307,1,2
1201,308,1,2
1201,309,1,2
1201,310,1,2
1201,311,1,2
1201,312,1,2
1201,313,1,2
1201,314,1,2
1201,315,1,2
1201,316,1,2
1201,317,1,2
1201,318,1,2
1201,319,1,2
1201,320,1,2
1201,321,1,2
1201,322,1,2
1201,323,1,2
1201,324,1,2
1201,325,1,2
1201,326,1,2
1201,327,1,2
1201,328,1,2
1201,329,1,2
1201,330,1,2
1201,331,1,2
1201,332,1,2
1201,333,1,2
1201,334,1,2
1201,335,1,2
1201,336,1,2
1201,337,1,2
1201,338,1,2
1201,339,1,2
1201,340,1,2
1201,341,1,2
1201,342,1,2
1201,343,1,2
1201,344,1,2
1201,345,1,2
1201,346,1,2
1201,347,1,2
1201,348,1,2
1201,349,1,2
1201,350,1,2
1201,351,1,2
1201,352,1,2
1201,353,1,2
1201,354,1,2
1201,355,1,2
1201,356,1,2
1201,357,1,2
1201,358,1,2
1201,359,1,2
1201,360,1,2
1201,361,1,2
1201,362,1,2
1201,363,1,2
1201,364,1,2
1201,365,1,2
1201,366,1,2
1202,172,1,2
1202,173,1,2
1202,174,1,2
1202,175,1,2
1202,176,1,2
1202,177,1,2
1202,178,1,2
1202,179,1,2
1202,180,1,2
1202,181,1,2
1202,182,1,2
1202,183,1,2
1202,184,1,2
1202,185,1,2
1202,186,1,2
1202,187,1,2
1202,188,1,2
1202,189,1,2
1202,190,1,2
1202,191,1,2
1202,192,1,2
1202,193,1,2
1202,194,1,2
1202,195,1,2
1202,196,1,2
1202,197,1,2
1202,198,1,2
1202,199,1,2
1202,200,1,2
1202,201,1,2
1202,202,1,2
1202,203,1,2
1202,204,1,2
1202,205,1,2
1202,206,1,2
1202,207,1,2
1202,208,1,2
1202,209,1,2
1202,210,1,2
1202,211,1,2
1202,212,1,2
1202,213,1,2
1202,214,1,2
1202,215,1,2
1202,216,1,2
1202,217,1,2
1202,218,1,2
1202,219,1,2
1202,220,1,2
1202,221,1,2
1202,222,1,2
1202,223,1,2
1202,224,1,2
1202,225,1,2
1202,226,1,2
1202,227,1,2
1202,228,1,2
1202,229,1,2
1202,230,1,2
1202,231,1,2
1202,232,1,2
1202,233,1,2
1202,234,1,2
1202,235,1,2
1202,236,1,2
1202,237,1,2
1202,238,1,2
1202,239,1,2
1202,240,1,2
1202,241,1,2
1202,242,1,2
1202,243,1,2
1202,244,1,2
1202,245,1,2
1202,246,1,2
1202,247,1,2
1202,248,1,2
1202,249,1,2
1202,250,1,2
1202,251,1,2
1202,252,1,2
1202,253,1,2
1202,254,1,2
1202,255,1,2
1202,256,1,2
1202,257,1,2
1202,258,1,2
1202,259,1,2
1202,260,1,2
1202,261,1,2
1202,262,1,2
1202,263,1,2
1202,264,1,2
1202,265,1,2
1202,266,1,2
1202,267,1,2
1202,268,1,2
1202,269,1,2
1202,270,1,2
1202,271,1,2
1202,272,1,2
1202,273,1,2
1202,274,1,2
1202,275,1,2
1202,276,1,2
1202,277,1,2
1202,278,1,2
1202,279,1,2
1202,280,1,2
1202,281,1,2
1202,282,1,2
1202,283,1,2
1202,284,1,2
1202,285,1,2
1202,286,1,2
1202,287,1,2
1202,288,1,2
1202,289,1,2
1202,290,1,2
1202,291,1,2
1202,292,1,2
1202,293,1,2
1202,294,1,2
1202,295,1,2
1202,296,1,2
1202,297,1,2
1202,298,1,2
1202,299,1,2
1202,300,1,2
1202,301,1,2
1202,302,1,2
1202,303,1,2
1202,304,1,2
1202,305,1,2
1202,306,1,2
1202,307,1,2
1202,308,1,2
1202,309,1,2
1202,310,1,2
1202,311,1,2
1202,312,1,2
1202,313,1,2
1202,314,1,2
1202,315,1,2
1202,316,1,2
1202,317,1,2
1202,318,1,2
1202,319,1,2
1202,320,1,2
1202,321,1,2
1202,322,1,2
1202,323,1,2
1202,324,1,2
1202,325,1,2
1202,326,1,2
1202,327,1,2
1202,328,1,2
1202,329,1,2
1202,330,1,2
1202,331,1,2
1202,332,1,2
1202,333,1,2
1202,334,1,2
1202,335,1,2
1202,336,1,2
1202,337,1,2
1202,338,1,2
1202,339,1,2
1202,340,1,2
1202,341,1,2
1202,342,1,2
1202,343,1,2
1202,344,1,2
1202,345,1,2
1202,346,1,2
1202,347,1,2
1202,348,1,2
1202,349,1,2
1202,350,1,2
1202,351,1,2
1202,352,1,2
1202,353,1,2
1202,354,1,2
1202,355,1,2
1202,356,1,2
1202,357,1,2
1202,358,1,2
1202,359,1,2
1202,360,1,2
1202,361,1,2
1202,362,1,2
1202,363,1,2
1202,364,1,2
1202,365,1,2
1202,366,1,2
1202,367,1,2
1203,171,1,2
1203,172,1,2
1203,173,1,2
1203,174,1,2
1203,175,1,2
1203,176,1,2
1203,177,1,2
1203,178,1,2
1203,179,1,2
1203,180,1,2
1203,181,1,2
1203,182,1,2
1203,183,1,2
1203,184,1,2
1203,185,1,2
1203,186,1,2
1203,187,1,2
1203,188,1,2
1203,189,1,2
1203,190,1,2
1203,191,1,2
1203,192,1,2
1203,193,1,2
1203,194,1,2
1203,195,1,2
1203,196,1,2
1203,197,1,2
1203,198,1,2
1203,199,1,2
1203,200,1,2
1203,201,1,2
1203,202,1,2
1203,203,1,2
1203,204,1,2
1203,205,1,2
1203,206,1,2
1203,207,1,2
1203,208,1,2
1203,209,1,2
1203,210,1,2
1203,211,1,2
1203,212,1,2
1203,213,1,2
1203,214,1,2
1203,215,1,2
1203,216,1,2
1203,217,1,2
1203,218,1,2
1203,219,1,2
1203,220,1,2
1203,221,1,2
1203,222,1,2
1203,223,1,2
1203,224,1,2
1203,225,1,2
1203,226,1,2
1203,227,1,2
1203,228,1,2
1203,229,1,2
1203,230,1,2
1203,231,1,2
1203,232,1,2
1203,233,1,2
1203,234,1,2
1203,235,1,2
1203,236,1,2
1203,237,1,2
1203,238,1,2
1203,239,1,2
1203,240,1,2
1203,241,1,2
1203,242,1,2
1203,243,1,2
1203,244,1,2
1203,245,1,2
1203,246,1,2
1203,247,1,2
1203,248,1,2
1203,249,1,2
1203,250,1,2
1203,251,1,2
1203,252,1,2
1203,253,1,2
1203,254,1,2
1203,255,1,2
1203,256,1,2
1203,257,1,2
1203,258,1,2
1203,259,1,2
1203,260,1,2
1203,261,1,2
1203,262,1,2
1203,263,1,2
1203,264,1,2
1203,265,1,2
1203,266,1,2
1203,267,1,2
1203,268,1,2
1203,269,1,2
1203,270,1,2
1203,271,1,2
1203,272,1,2
1203,273,1,2
1203,274,1,2
1203,275,1,2
1203,276,1,2
1203,277,1,2
1203,278,1,2
1203,279,1,2
1203,280,1,2
1203,281,1,2
1203,282,1,2
1203,283,1,2
1203,284,1,2
1203,285,1,2
1203,286,1,2
1203,287,1,2
1203,288,1,2
1203,289,1,2
1203,290,1,2
1203,291,1,2
1203,292,1,2
1203,293,1,2
1203,294,1,2
1203,295,1,2
1203,296,1,2
1203,297,1,2
1203,298,1,2
1203,299,1,2
1203,300,1,2
1203,301,1,2
1203,302,1,2
1203,303,1,2
1203,304,1,2
1203,305,1,2
1203,306,1,2
1203,307,1,2
1203,308,1,2
1203,309,1,2
1203,310,1,2
1203,311,1,2
1203,312,1,2
1203,313,1,2
1203,314,1,2
1203,315,1,2
1203,316,1,2
1203,317,1,2
1203,318,1,2
1203,319,1,2
1203,320,1,2
1203,321,1,2
1203,322,1,2
1203,323,1,2
1203,324,1,2
1203,325,1,2
1203,326,1,2
1203,327,1,2
1203,328,1,2
1203,329,1,2
1203,330,1,2
1203,331,1,2
1203,332,1,2
1203,333,1,2
1203,334,1,2
1203,335,1,2
1203,336,1,2
1203,337,1,2
1203,338,1,2
1203,339,1,2
1203,340,1,2
1203,341,1,2
1203,342,1,2
1203,343,1,2
1203,344,1,2
1203,345,1,2
1203,346,1,2
1203,347,1,2
1203,348,1,2
1203,349,1,2
1203,350,1,2
1203,351,1,2
1203,352,1,2
1203,353,1,2
1203,354,1,2
1203,355,1,2
1203,356,1,2
1203,357,1,2
1203,358,1,2
1203,359,1,2
1203,360,1,2
1203,361,1,2
1203,362,1,2
1203,363,1,2
1203,364,1,2
1203,365,1,2
1203,366,1,2
1203,367,1,2
1203,368,1,2
1204,171,1,2
1204,172,1,2
1204,173,1,2
1204,174,1,2
1204,175,1,2
1204,176,1,2
1204,177,1,2
1204,178,1,2
1204,179,1,2
1204,180,1,2
1204,181,1,2
1204,182,1,2
1204,183,1,2
1204,184,1,2
1204,185,1,2
1204,186,1,2
1204,187,1,2
1204,188,1,2
1204,189,1,2
1204,190,1,2
1204,191,1,2
1204,192,1,2
1204,193,1,2
1204,194,1,2
1204,195,1,2
1204,196,1,2
1204,197,1,2
1204,198,1,2
1204,199,1,2
1204,200,1,2
1204,201,1,2
1204,202,1,2
1204,203,1,2
1204,204,1,2
1204,205,1,2
1204,206,1,2
1204,207,1,2
1204,208,1,2
1204,209,1,2
1204,210,1,2
1204,211,1,2
1204,212,1,2
1204,213,1,2
1204,214,1,2
1204,215,1,2
1204,216,1,2
1204,217,1,2
1204,218,1,2
1204,219,1,2
1204,220,1,2
1204,221,1,2
1204,222,1,2
1204,223,1,2
1204,224,1,2
1204,225,1,2
1204,226,1,2
1204,227,1,2
1204,228,1,2
1204,229,1,2
1204,230,1,2
1204,231,1,2
1204,232,1,2
1204,233,1,2
1204,234,1,2
1204,235,1,2
1204,236,1,2
1204,237,1,2
1204,238,1,2
1204,239,1,2
1204,240,1,2
1204,241,1,2
1204,242,1,2
1204,243,1,2
1204,244,1,2
1204,245,1,2
1204,246,1,2
1204,247,1,2
1204,248,1,2
1204,249,1,2
1204,250,1,2
1204,251,1,2
1204,252,1,2
1204,253,1,2
1204,254,1,2
1204,255,1,2
1204,256,1,2
1204,257,1,2
1204,258,1,2
1204,259,1,2
1204,260,1,2
1204,261,1,2
1204,262,1,2
1204,263,1,2
1204,264,1,2
1204,265,1,2
1204,266,1,2
1204,267,1,2
1204,268,1,2
1204,269,1,2
1204,270,1,2
1204,271,1,2
1204,272,1,2
1204,273,1,2
1204,274,1,2
1204,275,1,2
1204,276,1,2
1204,277,1,2
1204,278,1,2
1204,279,1,2
1204,280,1,2
1204,281,1,2
1204,282,1,2
1204,283,1,2
1204,284,1,2
1204,285,1,2
1204,286,1,2
1204,287,1,2
1204,288,1,2
1204,289,1,2
1204,290,1,2
1204,291,1,2
1204,292,1,2
1204,293,1,2
1204,294,1,2
1204,295,1,2
1204,296,1,2
1204,297,1,2
1204,298,1,2
1204,299,1,2
1204,300,1,2
1204,301,1,2
1204,302,1,2
1204,303,1,2
1204,304,1,2
1204,305,1,2
1204,306,1,2
1204,307,1,2
1204,308,1,2
1204,309,1,2
1204,310,1,2
1204,311,1,2
1204,312,1,2
1204,313,1,2
1204,314,1,2
1204,315,1,2
1204,316,1,2
1204,317,1,2
1204,318,1,2
1204,319,1,2
1204,320,1,2
1204,321,1,2
1204,322,1,2
1204,323,1,2
1204,324,1,2
1204,325,1,2
1204,326,1,2
1204,327,1,2
1204,328,1,2
1204,329,1,2
1204,330,1,2
1204,331,1,2
1204,332,1,2
1204,333,1,2
1204,334,1,2
1204,335,1,2
1204,336,1,2
1204,337,1,2
1204,338,1,2
1204,339,1,2
1204,340,1,2
1204,341,1,2
1204,342,1,2
1204,343,1,2
1204,344,1,2
1204,345,1,2
1204,346,1,2
1204,347,1,2
1204,348,1,2
1204,349,1,2
1204,350,1,2
1204,351,1,2
1204,352,1,2
1204,353,1,2
1204,354,1,2
1204,355,1,2
1204,356,1,2
1204,357,1,2
1204,358,1,2
1204,359,1,2
1204,360,1,2
1204,361,1,2
1204,362,1,2
1204,363,1,2
1204,364,1,2
1204,365,1,2
1204,366,1,2
1204,367,1,2
1204,368,1,2
1204,369,1,2
1204,370,1,2
1205,170,1,2
1205,171,1,2
1205,172,1,2
1205,173,1,2
1205,174,1,2
1205,175,1,2
1205,176,1,2
1205,177,1,2
1205,178,1,2
1205,179,1,2
1205,180,1,2
1205,181,1,2
1205,182,1,2
1205,183,1,2
1205,184,1,2
1205,185,1,2
1205,186,1,2
1205,187,1,2
1205,188,1,2
1205,189,1,2
1205,190,1,2
1205,191,1,2
1205,192,1,2
1205,193,1,2
1205,194,1,2
1205,195,1,2
1205,196,1,2
1205,197,1,2
1205,198,1,2
1205,199,1,2
1205,200,1,2
1205,201,1,2
1205,202,1,2
1205,203,1,2
1205,204,1,2
1205,205,1,2
1205,206,1,2
1205,207,1,2
1205,208,1,2
1205,209,1,2
1205,210,1,2
1205,211,1,2
1205,212,1,2
1205,213,1,2
1205,214,1,2
1205,215,1,2
1205,216,1,2
1205,217,1,2
1205,218,1,2
1205,219,1,2
1205,220,1,2
1205,221,1,2
1205,222,1,2
1205,223,1,2
1205,224,1,2
1205,225,1,2
1205,226,1,2
1205,227,1,2
1205,228,1,2
1205,229,1,2
1205,230,1,2
1205,231,1,2
1205,232,1,2
1205,233,1,2
1205,234,1,2
1205,235,1,2
1205,236,1,2
1205,237,1,2
1205,238,1,2
1205,239,1,2
1205,240,1,2
1205,241,1,2
1205,242,1,2
1205,243,1,2
1205,244,1,2
1205,245,1,2
1205,246,1,2
1205,247,1,2
1205,248,1,2
1205,249,1,2
1205,250,1,2
1205,251,1,2
1205,252,1,2
1205,253,1,2
1205,254,1,2
1205,255,1,2
1205,256,1,2
1205,257,1,2
1205,258,1,2
1205,259,1,2
1205,260,1,2
1205,261,1,2
1205,262,1,2
1205,263,1,2
1205,264,1,2
1205,265,1,2
1205,266,1,2
1205,267,1,2
1205,268,1,2
1205,269,1,2
1205,270,1,2
1205,271,1,2
1205,272,1,2
1205,273,1,2
1205,274,1,2
1205,275,1,2
1205,276,1,2
1205,277,1,2
1205,278,1,2
1205,279,1,2
1205,280,1,2
1205,281,1,2
1205,282,1,2
1205,283,1,2
1205,284,1,2
1205,285,1,2
1205,286,1,2
1205,287,1,2
1205,288,1,2
1205,289,1,2
1205,290,1,2
1205,291,1,2
1205,292,1,2
1205,293,1,2
1205,294,1,2
1205,295,1,2
1205,296,1,2
1205,297,1,2
1205,298,1,2
1205,299,1,2
1205,300,1,2
1205,301,1,2
1205,302,1,2
1205,303,1,2
1205,304,1,2
1205,305,1,2
1205,306,1,2
1205,307,1,2
1205,308,1,2
1205,309,1,2
1205,310,1,2
1205,311,1,2
1205,312,1,2
1205,313,1,2
1205,314,1,2
1205,315,1,2
1205,316,1,2
1205,317,1,2
1205,318,1,2
1205,319,1,2
1205,320,1,2
1205,321,1,2
1205,322,1,2
1205,323,1,2
1205,324,1,2
1205,325,1,2
1205,326,1,2
1205,327,1,2
1205,328,1,2
1205,329,1,2
1205,330,1,2
1205,331,1,2
1205,332,1,2
1205,333,1,2
1205,334,1,2
1205,335,1,2
1205,336,1,2
1205,337,1,2
1205,338,1,2
1205,339,1,2
1205,340,1,2
1205,341,1,2
1205,342,1,2
1205,343,1,2
1205,344,1,2
1205,345,1,2
1205,346,1,2
1205,347,1,2
1205,348,1,2
1205,349,1,2
1205,350,1,2
1205,351,1,2
1205,352,1,2
1205,353,1,2
1205,354,1,2
1205,355,1,2
1205,356,1,2
1205,357,1,2
1205,358,1,2
1205,359,1,2
1205,360,1,2
1205,361,1,2
1205,362,1,2
1205,363,1,2
1205,364,1,2
1205,365,1,2
1205,366,1,2
1205,367,1,2
1205,368,1,2
1205,369,1,2
1205,370,1,2
1205,371,1,2
1206,169,1,2
1206,170,1,2
1206,171,1,2
1206,172,1,2
1206,173,1,2
1206,174,1,2
1206,175,1,2
1206,176,1,2
1206,177,1,2
1206,178,1,2
1206,179,1,2
1206,180,1,2
1206,181,1,2
1206,182,1,2
1206,183,1,2
1206,184,1,2
1206,185,1,2
1206,186,1,2
1206,187,1,2
1206,188,1,2
1206,189,1,2
1206,190,1,2
1206,191,1,2
1206,192,1,2
1206,193,1,2
1206,194,1,2
1206,195,1,2
1206,196,1,2
1206,197,1,2
1206,198,1,2
1206,199,1,2
1206,200,1,2
1206,201,1,2
1206,202,1,2
1206,203,1,2
1206,204,1,2
1206,205,1,2
1206,206,1,2
1206,207,1,2
1206,208,1,2
1206,209,1,2
1206,210,1,2
1206,211,1,2
1206,212,1,2
1206,213,1,2
1206,214,1,2
1206,215,1,2
1206,216,1,2
1206,217,1,2
1206,218,1,2
1206,219,1,2
1206,220,1,2
1206,221,1,2
1206,222,1,2
1206,223,1,2
1206,224,1,2
1206,225,1,2
1206,226,1,2
1206,227,1,2
1206,228,1,2
1206,229,1,2
1206,230,1,2
1206,231,1,2
1206,232,1,2
1206,233,1,2
1206,234,1,2
1206,235,1,2
1206,236,1,2
1206,237,1,2
1206,238,1,2
1206,239,1,2
1206,240,1,2
1206,241,1,2
1206,242,1,2
1206,243,1,2
1206,244,1,2
1206,245,1,2
1206,246,1,2
1206,247,1,2
1206,248,1,2
1206,249,1,2
1206,250,1,2
1206,251,1,2
1206,252,1,2
1206,253,1,2
1206,254,1,2
1206,255,1,2
1206,256,1,2
1206,257,1,2
1206,258,1,2
1206,259,1,2
1206,260,1,2
1206,261,1,2
1206,262,1,2
1206,263,1,2
1206,264,1,2
1206,265,1,2
1206,266,1,2
1206,267,1,2
1206,268,1,2
1206,269,1,2
1206,270,1,2
1206,271,1,2
1206,272,1,2
1206,273,1,2
1206,274,1,2
1206,275,1,2
1206,276,1,2
1206,277,1,2
1206,278,1,2
1206,279,1,2
1206,280,1,2
1206,281,1,2
1206,282,1,2
1206,283,1,2
1206,284,1,2
1206,285,1,2
1206,286,1,2
1206,287,1,2
1206,288,1,2
1206,289,1,2
1206,290,1,2
1206,291,1,2
1206,292,1,2
1206,293,1,2
1206,294,1,2
1206,295,1,2
1206,296,1,2
1206,297,1,2
1206,298,1,2
1206,299,1,2
1206,300,1,2
1206,301,1,2
1206,302,1,2
1206,303,1,2
1206,304,1,2
1206,305,1,2
1206,306,1,2
1206,307,1,2
1206,308,1,2
1206,309,1,2
1206,310,1,2
1206,311,1,2
1206,312,1,2
1206,313,1,2
1206,314,1,2
1206,315,1,2
1206,316,1,2
1206,317,1,2
1206,318,1,2
1206,319,1,2
1206,320,1,2
1206,321,1,2
1206,322,1,2
1206,323,1,2
1206,324,1,2
1206,325,1,2
1206,326,1,2
1206,327,1,2
1206,328,1,2
1206,329,1,2
1206,330,1,2
1206,331,1,2
1206,332,1,2
1206,333,1,2
1206,334,1,2
1206,335,1,2
1206,336,1,2
1206,337,1,2
1206,338,1,2
1206,339,1,2
1206,340,1,2
1206,341,1,2
1206,342,1,2
1206,343,1,2
1206,344,1,2
1206,345,1,2
1206,346,1,2
1206,347,1,2
1206,348,1,2
1206,349,1,2
1206,350,1,2
1206,351,1,2
1206,352,1,2
1206,353,1,2
1206,354,1,2
1206,355,1,2
1206,356,1,2
1206,357,1,2
1206,358,1,2
1206,359,1,2
1206,360,1,2
1206,361,1,2
1206,362,1,2
1206,363,1,2
1206,364,1,2
1206,365,1,2
1206,366,1,2
1206,367,1,2
1206,368,1,2
1206,369,1,2
1206,370,1,2
1206,371,1,2
1206,372,1,2
1207,167,1,2
1207,168,1,2
1207,169,1,2
1207,170,1,2
1207,171,1,2
1207,172,1,2
1207,173,1,2
1207,174,1,2
1207,175,1,2
1207,176,1,2
1207,177,1,2
1207,178,1,2
1207,179,1,2
1207,180,1,2
1207,181,1,2
1207,182,1,2
1207,183,1,2
1207,184,1,2
1207,185,1,2
1207,186,1,2
1207,187,1,2
1207,188,1,2
1207,189,1,2
1207,190,1,2
1207,191,1,2
1207,192,1,2
1207,193,1,2
1207,194,1,2
1207,195,1,2
1207,196,1,2
1207,197,1,2
1207,198,1,2
1207,199,1,2
1207,200,1,2
1207,201,1,2
1207,202,1,2
1207,203,1,2
1207,204,1,2
1207,205,1,2
1207,206,1,2
1207,207,1,2
1207,208,1,2
1207,209,1,2
1207,210,1,2
1207,211,1,2
1207,212,1,2
1207,213,1,2
1207,214,1,2
1207,215,1,2
1207,216,1,2
1207,217,1,2
1207,218,1,2
1207,219,1,2
1207,220,1,2
1207,221,1,2
1207,222,1,2
1207,223,1,2
1207,224,1,2
1207,225,1,2
1207,226,1,2
1207,227,1,2
1207,228,1,2
1207,229,1,2
1207,230,1,2
1207,231,1,2
1207,232,1,2
1207,233,1,2
1207,234,1,2
1207,235,1,2
1207,236,1,2
1207,237,1,2
1207,238,1,2
1207,239,1,2
1207,240,1,2
1207,241,1,2
1207,242,1,2
1207,243,1,2
1207,244,1,2
1207,245,1,2
1207,246,1,2
1207,247,1,2
1207,248,1,2
1207,249,1,2
1207,250,1,2
1207,251,1,2
1207,252,1,2
1207,253,1,2
1207,254,1,2
1207,255,1,2
1207,256,1,2
1207,257,1,2
1207,258,1,2
1207,259,1,2
1207,260,1,2
1207,261,1,2
1207,262,1,2
1207,263,1,2
1207,264,1,2
1207,265,1,2
1207,266,1,2
1207,267,1,2
1207,268,1,2
1207,269,1,2
1207,270,1,2
1207,271,1,2
1207,272,1,2
1207,273,1,2
1207,274,1,2
1207,275,1,2
1207,276,1,2
1207,277,1,2
1207,278,1,2
1207,279,1,2
1207,280,1,2
1207,281,1,2
1207,282,1,2
1207,283,1,2
1207,284,1,2
1207,285,1,2
1207,286,1,2
1207,287,1,2
1207,288,1,2
1207,289,1,2
1207,290,1,2
1207,291,1,2
1207,292,1,2
1207,293,1,2
1207,294,1,2
1207,295,1,2
1207,296,1,2
1207,297,1,2
1207,298,1,2
1207,299,1,2
1207,300,1,2
1207,301,1,2
1207,302,1,2
1207,303,1,2
1207,304,1,2
1207,305,1,2
1207,306,1,2
1207,307,1,2
1207,308,1,2
1207,309,1,2
1207,310,1,2
1207,311,1,2
1207,312,1,2
1207,313,1,2
1207,314,1,2
1207,315,1,2
1207,316,1,2
1207,317,1,2
1207,318,1,2
1207,319,1,2
1207,320,1,2
1207,321,1,2
1207,322,1,2
1207,323,1,2
1207,324,1,2
1207,325,1,2
1207,326,1,2
1207,327,1,2
1207,328,1,2
1207,329,1,2
1207,330,1,2
1207,331,1,2
1207,332,1,2
1207,333,1,2
1207,334,1,2
1207,335,1,2
1207,336,1,2
1207,337,1,2
1207,338,1,2
1207,339,1,2
1207,340,1,2
1207,341,1,2
1207,342,1,2
1207,343,1,2
1207,344,1,2
1207,345,1,2
1207,346,1,2
1207,347,1,2
1207,348,1,2
1207,349,1,2
1207,350,1,2
1207,351,1,2
1207,352,1,2
1207,353,1,2
1207,354,1,2
1207,355,1,2
1207,356,1,2
1207,357,1,2
1207,358,1,2
1207,359,1,2
1207,360,1,2
1207,361,1,2
1207,362,1,2
1207,363,1,2
1207,364,1,2
1207,365,1,2
1207,366,1,2
1207,367,1,2
1207,368,1,2
1207,369,1,2
1207,370,1,2
1207,371,1,2
1207,372,1,2
1207,373,1,2
1207,374,1,2
1208,167,1,2
1208,168,1,2
1208,169,1,2
1208,170,1,2
1208,171,1,2
1208,172,1,2
1208,173,1,2
1208,174,1,2
1208,175,1,2
1208,176,1,2
1208,177,1,2
1208,178,1,2
1208,179,1,2
1208,180,1,2
1208,181,1,2
1208,182,1,2
1208,183,1,2
1208,184,1,2
1208,185,1,2
1208,186,1,2
1208,187,1,2
1208,188,1,2
1208,189,1,2
1208,190,1,2
1208,191,1,2
1208,192,1,2
1208,193,1,2
1208,194,1,2
1208,195,1,2
1208,196,1,2
1208,197,1,2
1208,198,1,2
1208,199,1,2
1208,200,1,2
1208,201,1,2
1208,202,1,2
1208,203,1,2
1208,204,1,2
1208,205,1,2
1208,206,1,2
1208,207,1,2
1208,208,1,2
1208,209,1,2
1208,210,1,2
1208,211,1,2
1208,212,1,2
1208,213,1,2
1208,214,1,2
1208,215,1,2
1208,216,1,2
1208,217,1,2
1208,218,1,2
1208,219,1,2
1208,220,1,2
1208,221,1,2
1208,222,1,2
1208,223,1,2
1208,224,1,2
1208,225,1,2
1208,226,1,2
1208,227,1,2
1208,228,1,2
1208,229,1,2
1208,230,1,2
1208,231,1,2
1208,232,1,2
1208,233,1,2
1208,234,1,2
1208,235,1,2
1208,236,1,2
1208,237,1,2
1208,238,1,2
1208,239,1,2
1208,240,1,2
1208,241,1,2
1208,242,1,2
1208,243,1,2
1208,244,1,2
1208,245,1,2
1208,246,1,2
1208,247,1,2
1208,248,1,2
1208,249,1,2
1208,250,1,2
1208,251,1,2
1208,252,1,2
1208,253,1,2
1208,254,1,2
1208,255,1,2
1208,256,1,2
1208,257,1,2
1208,258,1,2
1208,259,1,2
1208,260,1,2
1208,261,1,2
1208,262,1,2
1208,263,1,2
1208,264,1,2
1208,265,1,2
1208,266,1,2
1208,267,1,2
1208,268,1,2
1208,269,1,2
1208,270,1,2
1208,271,1,2
1208,272,1,2
1208,273,1,2
1208,274,1,2
1208,275,1,2
1208,276,1,2
1208,277,1,2
1208,278,1,2
1208,279,1,2
1208,280,1,2
1208,281,1,2
1208,282,1,2
1208,283,1,2
1208,284,1,2
1208,285,1,2
1208,286,1,2
1208,287,1,2
1208,288,1,2
1208,289,1,2
1208,290,1,2
1208,291,1,2
1208,292,1,2
1208,293,1,2
1208,294,1,2
1208,295,1,2
1208,296,1,2
1208,297,1,2
1208,298,1,2
1208,299,1,2
1208,300,1,2
1208,301,1,2
1208,302,1,2
1208,303,1,2
1208,304,1,2
1208,305,1,2
1208,306,1,2
1208,307,1,2
1208,308,1,2
1208,309,1,2
1208,310,1,2
1208,311,1,2
1208,312,1,2
1208,313,1,2
1208,314,1,2
1208,315,1,2
1208,316,1,2
1208,317,1,2
1208,318,1,2
1208,319,1,2
1208,320,1,2
1208,321,1,2
1208,322,1,2
1208,323,1,2
1208,324,1,2
1208,325,1,2
1208,326,1,2
1208,327,1,2
1208,328,1,2
1208,329,1,2
1208,330,1,2
1208,331,1,2
1208,332,1,2
1208,333,1,2
1208,334,1,2
1208,335,1,2
1208,336,1,2
1208,337,1,2
1208,338,1,2
1208,339,1,2
1208,340,1,2
1208,341,1,2
1208,342,1,2
1208,343,1,2
1208,344,1,2
1208,345,1,2
1208,346,1,2
1208,347,1,2
1208,348,1,2
1208,349,1,2
1208,350,1,2
1208,351,1,2
1208,352,1,2
1208,353,1,2
1208,354,1,2
1208,355,1,2
1208,356,1,2
1208,357,1,2
1208,358,1,2
1208,359,1,2
1208,360,1,2
1208,361,1,2
1208,362,1,2
1208,363,1,2
1208,364,1,2
1208,365,1,2
1208,366,1,2
1208,367,1,2
1208,368,1,2
1208,369,1,2
1208,370,1,2
1208,371,1,2
1208,372,1,2
1208,373,1,2
1208,374,1,2
1208,375,1,2
1209,166,1,2
1209,167,1,2
1209,168,1,2
1209,169,1,2
1209,170,1,2
1209,171,1,2
1209,172,1,2
1209,173,1,2
1209,174,1,2
1209,175,1,2
1209,176,1,2
1209,177,1,2
1209,178,1,2
1209,179,1,2
1209,180,1,2
1209,181,1,2
1209,182,1,2
1209,183,1,2
1209,184,1,2
1209,185,1,2
1209,186,1,2
1209,187,1,2
1209,188,1,2
1209,189,1,2
1209,190,1,2
1209,191,1,2
1209,192,1,2
1209,193,1,2
1209,194,1,2
1209,195,1,2
1209,196,1,2
1209,197,1,2
1209,198,1,2
1209,199,1,2
1209,200,1,2
1209,201,1,2
1209,202,1,2
1209,203,1,2
1209,204,1,2
1209,205,1,2
1209,206,1,2
1209,207,1,2
1209,208,1,2
1209,209,1,2
1209,210,1,2
1209,211,1,2
1209,212,1,2
1209,213,1,2
1209,214,1,2
1209,215,1,2
1209,216,1,2
1209,217,1,2
1209,218,1,2
1209,219,1,2
1209,220,1,2
1209,221,1,2
1209,222,1,2
1209,223,1,2
1209,224,1,2
1209,225,1,2
1209,226,1,2
1209,227,1,2
1209,228,1,2
1209,229,1,2
1209,230,1,2
1209,231,1,2
1209,232,1,2
1209,233,1,2
1209,234,1,2
1209,235,1,2
1209,236,1,2
1209,237,1,2
1209,238,1,2
1209,239,1,2
1209,240,1,2
1209,241,1,2
1209,242,1,2
1209,243,1,2
1209,244,1,2
1209,245,1,2
1209,246,1,2
1209,247,1,2
1209,248,1,2
1209,249,1,2
1209,250,1,2
1209,251,1,2
1209,252,1,2
1209,253,1,2
1209,254,1,2
1209,255,1,2
1209,256,1,2
1209,257,1,2
1209,258,1,2
1209,259,1,2
1209,260,1,2
1209,261,1,2
1209,262,1,2
1209,263,1,2
1209,264,1,2
1209,265,1,2
1209,266,1,2
1209,267,1,2
1209,268,1,2
1209,269,1,2
1209,270,1,2
1209,271,1,2
1209,272,1,2
1209,273,1,2
1209,274,1,2
1209,275,1,2
1209,276,1,2
1209,277,1,2
1209,278,1,2
1209,279,1,2
1209,280,1,2
1209,281,1,2
1209,282,1,2
1209,283,1,2
1209,284,1,2
1209,285,1,2
1209,286,1,2
1209,287,1,2
1209,288,1,2
1209,289,1,2
1209,290,1,2
1209,291,1,2
1209,292,1,2
1209,293,1,2
1209,294,1,2
1209,295,1,2
1209,296,1,2
1209,297,1,2
1209,298,1,2
1209,299,1,2
1209,300,1,2
1209,301,1,2
1209,302,1,2
1209,303,1,2
1209,304,1,2
1209,305,1,2
1209,306,1,2
1209,307,1,2
1209,308,1,2
1209,309,1,2
1209,310,1,2
1209,311,1,2
1209,312,1,2
1209,313,1,2
1209,314,1,2
1209,315,1,2
1209,316,1,2
1209,317,1,2
1209,318,1,2
1209,319,1,2
1209,320,1,2
1209,321,1,2
1209,322,1,2
1209,323,1,2
1209,324,1,2
1209,325,1,2
1209,326,1,2
1209,327,1,2
1209,328,1,2
1209,329,1,2
1209,330,1,2
1209,331,1,2
1209,332,1,2
1209,333,1,2
1209,334,1,2
1209,335,1,2
1209,336,1,2
1209,337,1,2
1209,338,1,2
1209,339,1,2
1209,340,1,2
1209,341,1,2
1209,342,1,2
1209,343,1,2
1209,344,1,2
1209,345,1,2
1209,346,1,2
1209,347,1,2
1209,348,1,2
1209,349,1,2
1209,350,1,2
1209,351,1,2
1209,352,1,2
1209,353,1,2
1209,354,1,2
1209,355,1,2
1209,356,1,2
1209,357,1,2
1209,358,1,2
1209,359,1,2
1209,360,1,2
1209,361,1,2
1209,362,1,2
1209,363,1,2
1209,364,1,2
1209,365,1,2
1209,366,1,2
1209,367,1,2
1209,368,1,2
1209,369,1,2
1209,370,1,2
1209,371,1,2
1209,372,1,2
1209,373,1,2
1209,374,1,2
1209,375,1,2
1209,376,1,2
1209,377,1,2
1209,378,1,2
1210,165,1,2
1210,166,1,2
1210,167,1,2
1210,168,1,2
1210,169,1,2
1210,170,1,2
1210,171,1,2
1210,172,1,2
1210,173,1,2
1210,174,1,2
1210,175,1,2
1210,176,1,2
1210,177,1,2
1210,178,1,2
1210,179,1,2
1210,180,1,2
1210,181,1,2
1210,182,1,2
1210,183,1,2
1210,184,1,2
1210,185,1,2
1210,186,1,2
1210,187,1,2
1210,188,1,2
1210,189,1,2
1210,190,1,2
1210,191,1,2
1210,192,1,2
1210,193,1,2
1210,194,1,2
1210,195,1,2
1210,196,1,2
1210,197,1,2
1210,198,1,2
1210,199,1,2
1210,200,1,2
1210,201,1,2
1210,202,1,2
1210,203,1,2
1210,204,1,2
1210,205,1,2
1210,206,1,2
1210,207,1,2
1210,208,1,2
1210,209,1,2
1210,210,1,2
1210,211,1,2
1210,212,1,2
1210,213,1,2
1210,214,1,2
1210,215,1,2
1210,216,1,2
1210,217,1,2
1210,218,1,2
1210,219,1,2
1210,220,1,2
1210,221,1,2
1210,222,1,2
1210,223,1,2
1210,224,1,2
1210,225,1,2
1210,226,1,2
1210,227,1,2
1210,228,1,2
1210,229,1,2
1210,230,1,2
1210,231,1,2
1210,232,1,2
1210,233,1,2
1210,234,1,2
1210,235,1,2
1210,236,1,2
1210,237,1,2
1210,238,1,2
1210,239,1,2
1210,240,1,2
1210,241,1,2
1210,242,1,2
1210,243,1,2
1210,244,1,2
1210,245,1,2
1210,246,1,2
1210,247,1,2
1210,248,1,2
1210,249,1,2
1210,250,1,2
1210,251,1,2
1210,252,1,2
1210,253,1,2
1210,254,1,2
1210,255,1,2
1210,256,1,2
1210,257,1,2
1210,258,1,2
1210,259,1,2
1210,260,1,2
1210,261,1,2
1210,262,1,2
1210,263,1,2
1210,264,1,2
1210,265,1,2
1210,266,1,2
1210,267,1,2
1210,268,1,2
1210,269,1,2
1210,270,1,2
1210,271,1,2
1210,272,1,2
1210,273,1,2
1210,274,1,2
1210,275,1,2
1210,276,1,2
1210,277,1,2
1210,278,1,2
1210,279,1,2
1210,280,1,2
1210,281,1,2
1210,282,1,2
1210,283,1,2
1210,284,1,2
1210,285,1,2
1210,286,1,2
1210,287,1,2
1210,288,1,2
1210,289,1,2
1210,290,1,2
1210,291,1,2
1210,292,1,2
1210,293,1,2
1210,294,1,2
1210,295,1,2
1210,296,1,2
1210,297,1,2
1210,298,1,2
1210,299,1,2
1210,300,1,2
1210,301,1,2
1210,302,1,2
1210,303,1,2
1210,304,1,2
1210,305,1,2
1210,306,1,2
1210,307,1,2
1210,308,1,2
1210,309,1,2
1210,310,1,2
1210,311,1,2
1210,312,1,2
1210,313,1,2
1210,314,1,2
1210,315,1,2
1210,316,1,2
1210,317,1,2
1210,318,1,2
1210,319,1,2
1210,320,1,2
1210,321,1,2
1210,322,1,2
1210,323,1,2
1210,324,1,2
1210,325,1,2
1210,326,1,2
1210,327,1,2
1210,328,1,2
1210,329,1,2
1210,330,1,2
1210,331,1,2
1210,332,1,2
1210,333,1,2
1210,334,1,2
1210,335,1,2
1210,336,1,2
1210,337,1,2
1210,338,1,2
1210,339,1,2
1210,340,1,2
1210,341,1,2
1210,342,1,2
1210,343,1,2
1210,344,1,2
1210,345,1,2
1210,346,1,2
1210,347,1,2
1210,348,1,2
1210,349,1,2
1210,350,1,2
1210,351,1,2
1210,352,1,2
1210,353,1,2
1210,354,1,2
1210,355,1,2
1210,356,1,2
1210,357,1,2
1210,358,1,2
1210,359,1,2
1210,360,1,2
1210,361,1,2
1210,362,1,2
1210,363,1,2
1210,364,1,2
1210,365,1,2
1210,366,1,2
1210,367,1,2
1210,368,1,2
1210,369,1,2
1210,370,1,2
1210,371,1,2
1210,372,1,2
1210,373,1,2
1210,374,1,2
1210,375,1,2
1210,376,1,2
1210,377,1,2
1210,378,1,2
1210,379,1,2
1211,165,1,2
1211,166,1,2
1211,167,1,2
1211,168,1,2
1211,169,1,2
1211,170,1,2
1211,171,1,2
1211,172,1,2
1211,173,1,2
1211,174,1,2
1211,175,1,2
1211,176,1,2
1211,177,1,2
1211,178,1,2
1211,179,1,2
1211,180,1,2
1211,181,1,2
1211,182,1,2
1211,183,1,2
1211,184,1,2
1211,185,1,2
1211,186,1,2
1211,187,1,2
1211,188,1,2
1211,189,1,2
1211,190,1,2
1211,191,1,2
1211,192,1,2
1211,193,1,2
1211,194,1,2
1211,195,1,2
1211,196,1,2
1211,197,1,2
1211,198,1,2
1211,199,1,2
1211,200,1,2
1211,201,1,2
1211,202,1,2
1211,203,1,2
1211,204,1,2
1211,205,1,2
1211,206,1,2
1211,207,1,2
1211,208,1,2
1211,209,1,2
1211,210,1,2
1211,211,1,2
1211,212,1,2
1211,213,1,2
1211,214,1,2
1211,215,1,2
1211,216,1,2
1211,217,1,2
1211,218,1,2
1211,219,1,2
1211,220,1,2
1211,221,1,2
1211,222,1,2
1211,223,1,2
1211,224,1,2
1211,225,1,2
1211,226,1,2
1211,227,1,2
1211,228,1,2
1211,229,1,2
1211,230,1,2
1211,231,1,2
1211,232,1,2
1211,233,1,2
1211,234,1,2
1211,235,1,2
1211,236,1,2
1211,237,1,2
1211,238,1,2
1211,239,1,2
1211,240,1,2
1211,241,1,2
1211,242,1,2
1211,243,1,2
1211,244,1,2
1211,245,1,2
1211,246,1,2
1211,247,1,2
1211,248,1,2
1211,249,1,2
1211,250,1,2
1211,251,1,2
1211,252,1,2
1211,253,1,2
1211,254,1,2
1211,255,1,2
1211,256,1,2
1211,257,1,2
1211,258,1,2
1211,259,1,2
1211,260,1,2
1211,261,1,2
1211,262,1,2
1211,263,1,2
1211,264,1,2
1211,265,1,2
1211,266,1,2
1211,267,1,2
1211,268,1,2
1211,269,1,2
1211,270,1,2
1211,271,1,2
1211,272,1,2
1211,273,1,2
1211,274,1,2
1211,275,1,2
1211,276,1,2
1211,277,1,2
1211,278,1,2
1211,279,1,2
1211,280,1,2
1211,281,1,2
1211,282,1,2
1211,283,1,2
1211,284,1,2
1211,285,1,2
1211,286,1,2
1211,287,1,2
1211,288,1,2
1211,289,1,2
1211,290,1,2
1211,291,1,2
1211,292,1,2
1211,293,1,2
1211,294,1,2
1211,295,1,2
1211,296,1,2
1211,297,1,2
1211,298,1,2
1211,299,1,2
1211,300,1,2
1211,301,1,2
1211,302,1,2
1211,303,1,2
1211,304,1,2
1211,305,1,2
1211,306,1,2
1211,307,1,2
1211,308,1,2
1211,309,1,2
1211,310,1,2
1211,311,1,2
1211,312,1,2
1211,313,1,2
1211,314,1,2
1211,315,1,2
1211,316,1,2
1211,317,1,2
1211,318,1,2
1211,319,1,2
1211,320,1,2
1211,321,1,2
1211,322,1,2
1211,323,1,2
1211,324,1,2
1211,325,1,2
1211,326,1,2
1211,327,1,2
1211,328,1,2
1211,329,1,2
1211,330,1,2
1211,331,1,2
1211,332,1,2
1211,333,1,2
1211,334,1,2
1211,335,1,2
1211,336,1,2
1211,337,1,2
1211,338,1,2
1211,339,1,2
1211,340,1,2
1211,341,1,2
1211,342,1,2
1211,343,1,2
1211,344,1,2
1211,345,1,2
1211,346,1,2
1211,347,1,2
1211,348,1,2
1211,349,1,2
1211,350,1,2
1211,351,1,2
1211,352,1,2
1211,353,1,2
1211,354,1,2
1211,355,1,2
1211,356,1,2
1211,357,1,2
1211,358,1,2
1211,359,1,2
1211,360,1,2
1211,361,1,2
1211,362,1,2
1211,363,1,2
1211,364,1,2
1211,365,1,2
1211,366,1,2
1211,367,1,2
1211,368,1,2
1211,369,1,2
1211,370,1,2
1211,371,1,2
1211,372,1,2
1211,373,1,2
1211,374,1,2
1211,375,1,2
1211,376,1,2
1211,377,1,2
1211,378,1,2
1211,379,1,2
1211,380,1,2
1212,164,1,2
1212,165,1,2
1212,166,1,2
1212,167,1,2
1212,168,1,2
1212,169,1,2
1212,170,1,2
1212,171,1,2
1212,172,1,2
1212,173,1,2
1212,174,1,2
1212,175,1,2
1212,176,1,2
1212,177,1,2
1212,178,1,2
1212,179,1,2
1212,180,1,2
1212,181,1,2
1212,182,1,2
1212,183,1,2
1212,184,1,2
1212,185,1,2
1212,186,1,2
1212,187,1,2
1212,188,1,2
1212,189,1,2
1212,190,1,2
1212,191,1,2
1212,192,1,2
1212,193,1,2
1212,194,1,2
1212,195,1,2
1212,196,1,2
1212,197,1,2
1212,198,1,2
1212,199,1,2
1212,200,1,2
1212,201,1,2
1212,202,1,2
1212,203,1,2
1212,204,1,2
1212,205,1,2
1212,206,1,2
1212,207,1,2
1212,208,1,2
1212,209,1,2
1212,210,1,2
1212,211,1,2
1212,212,1,2
1212,213,1,2
1212,214,1,2
1212,215,1,2
1212,216,1,2
1212,217,1,2
1212,218,1,2
1212,219,1,2
1212,220,1,2
1212,221,1,2
1212,222,1,2
1212,223,1,2
1212,224,1,2
1212,225,1,2
1212,226,1,2
1212,227,1,2
1212,228,1,2
1212,229,1,2
1212,230,1,2
1212,231,1,2
1212,232,1,2
1212,233,1,2
1212,234,1,2
1212,235,1,2
1212,236,1,2
1212,237,1,2
1212,238,1,2
1212,239,1,2
1212,240,1,2
1212,241,1,2
1212,242,1,2
1212,243,1,2
1212,244,1,2
1212,245,1,2
1212,246,1,2
1212,247,1,2
1212,248,1,2
1212,249,1,2
1212,250,1,2
1212,251,1,2
1212,252,1,2
1212,253,1,2
1212,254,1,2
1212,255,1,2
1212,256,1,2
1212,257,1,2
1212,258,1,2
1212,259,1,2
1212,260,1,2
1212,261,1,2
1212,262,1,2
1212,263,1,2
1212,264,1,2
1212,265,1,2
1212,266,1,2
1212,267,1,2
1212,268,1,2
1212,269,1,2
1212,270,1,2
1212,271,1,2
1212,272,1,2
1212,273,1,2
1212,274,1,2
1212,275,1,2
1212,276,1,2
1212,277,1,2
1212,278,1,2
1212,279,1,2
1212,280,1,2
1212,281,1,2
1212,282,1,2
1212,283,1,2
1212,284,1,2
1212,285,1,2
1212,286,1,2
1212,287,1,2
1212,288,1,2
1212,289,1,2
1212,290,1,2
1212,291,1,2
1212,292,1,2
1212,293,1,2
1212,294,1,2
1212,295,1,2
1212,296,1,2
1212,297,1,2
1212,298,1,2
1212,299,1,2
1212,300,1,2
1212,301,1,2
1212,302,1,2
1212,303,1,2
1212,304,1,2
1212,305,1,2
1212,306,1,2
1212,307,1,2
1212,308,1,2
1212,309,1,2
1212,310,1,2
1212,311,1,2
1212,312,1,2
1212,313,1,2
1212,314,1,2
1212,315,1,2
1212,316,1,2
1212,317,1,2
1212,318,1,2
1212,319,1,2
1212,320,1,2
1212,321,1,2
1212,322,1,2
1212,323,1,2
1212,324,1,2
1212,325,1,2
1212,326,1,2
1212,327,1,2
1212,328,1,2
1212,329,1,2
1212,330,1,2
1212,331,1,2
1212,332,1,2
1212,333,1,2
1212,334,1,2
1212,335,1,2
1212,336,1,2
1212,337,1,2
1212,338,1,2
1212,339,1,2
1212,340,1,2
1212,341,1,2
1212,342,1,2
1212,343,1,2
1212,344,1,2
1212,345,1,2
1212,346,1,2
1212,347,1,2
1212,348,1,2
1212,349,1,2
1212,350,1,2
1212,351,1,2
1212,352,1,2
1212,353,1,2
1212,354,1,2
1212,355,1,2
1212,356,1,2
1212,357,1,2
1212,358,1,2
1212,359,1,2
1212,360,1,2
1212,361,1,2
1212,362,1,2
1212,363,1,2
1212,364,1,2
1212,365,1,2
1212,366,1,2
1212,367,1,2
1212,368,1,2
1212,369,1,2
1212,370,1,2
1212,371,1,2
1212,372,1,2
1212,373,1,2
1212,374,1,2
1212,375,1,2
1212,376,1,2
1212,377,1,2
1212,378,1,2
1212,379,1,2
1212,380,1,2
1212,381,1,2
1213,163,1,2
1213,164,1,2
1213,165,1,2
1213,166,1,2
1213,167,1,2
1213,168,1,2
1213,169,1,2
1213,170,1,2
1213,171,1,2
1213,172,1,2
1213,173,1,2
1213,174,1,2
1213,175,1,2
1213,176,1,2
1213,177,1,2
1213,178,1,2
1213,179,1,2
1213,180,1,2
1213,181,1,2
1213,182,1,2
1213,183,1,2
1213,184,1,2
1213,185,1,2
1213,186,1,2
1213,187,1,2
1213,188,1,2
1213,189,1,2
1213,190,1,2
1213,191,1,2
1213,192,1,2
1213,193,1,2
1213,194,1,2
1213,195,1,2
1213,196,1,2
1213,197,1,2
1213,198,1,2
1213,199,1,2
1213,200,1,2
1213,201,1,2
1213,202,1,2
1213,203,1,2
1213,204,1,2
1213,205,1,2
1213,206,1,2
1213,207,1,2
1213,208,1,2
1213,209,1,2
1213,210,1,2
1213,211,1,2
1213,212,1,2
1213,213,1,2
1213,214,1,2
1213,215,1,2
1213,216,1,2
1213,217,1,2
1213,218,1,2
1213,219,1,2
1213,220,1,2
1213,221,1,2
1213,222,1,2
1213,223,1,2
1213,224,1,2
1213,225,1,2
1213,226,1,2
1213,227,1,2
1213,228,1,2
1213,229,1,2
1213,230,1,2
1213,231,1,2
1213,232,1,2
1213,233,1,2
1213,234,1,2
1213,235,1,2
1213,236,1,2
1213,237,1,2
1213,238,1,2
1213,239,1,2
1213,240,1,2
1213,241,1,2
1213,242,1,2
1213,243,1,2
1213,244,1,2
1213,245,1,2
1213,246,1,2
1213,247,1,2
1213,248,1,2
1213,249,1,2
1213,250,1,2
1213,251,1,2
1213,252,1,2
1213,253,1,2
1213,254,1,2
1213,255,1,2
1213,256,1,2
1213,257,1,2
1213,258,1,2
1213,259,1,2
1213,260,1,2
1213,261,1,2
1213,262,1,2
1213,263,1,2
1213,264,1,2
1213,265,1,2
1213,266,1,2
1213,267,1,2
1213,268,1,2
1213,269,1,2
1213,270,1,2
1213,271,1,2
1213,272,1,2
1213,273,1,2
1213,274,1,2
1213,275,1,2
1213,276,1,2
1213,277,1,2
1213,278,1,2
1213,279,1,2
1213,280,1,2
1213,281,1,2
1213,282,1,2
1213,283,1,2
1213,284,1,2
1213,285,1,2
1213,286,1,2
1213,287,1,2
1213,288,1,2
1213,289,1,2
1213,290,1,2
1213,291,1,2
1213,292,1,2
1213,293,1,2
1213,294,1,2
1213,295,1,2
1213,296,1,2
1213,297,1,2
1213,298,1,2
1213,299,1,2
1213,300,1,2
1213,301,1,2
1213,302,1,2
1213,303,1,2
1213,304,1,2
1213,305,1,2
1213,306,1,2
1213,307,1,2
1213,308,1,2
1213,309,1,2
1213,310,1,2
1213,311,1,2
1213,312,1,2
1213,313,1,2
1213,314,1,2
1213,315,1,2
1213,316,1,2
1213,317,1,2
1213,318,1,2
1213,319,1,2
1213,320,1,2
1213,321,1,2
1213,322,1,2
1213,323,1,2
1213,324,1,2
1213,325,1,2
1213,326,1,2
1213,327,1,2
1213,328,1,2
1213,329,1,2
1213,330,1,2
1213,331,1,2
1213,332,1,2
1213,333,1,2
1213,334,1,2
1213,335,1,2
1213,336,1,2
1213,337,1,2
1213,338,1,2
1213,339,1,2
1213,340,1,2
1213,341,1,2
1213,342,1,2
1213,343,1,2
1213,344,1,2
1213,345,1,2
1213,346,1,2
1213,347,1,2
1213,348,1,2
1213,349,1,2
1213,350,1,2
1213,351,1,2
1213,352,1,2
1213,353,1,2
1213,354,1,2
1213,355,1,2
1213,356,1,2
1213,357,1,2
1213,358,1,2
1213,359,1,2
1213,360,1,2
1213,361,1,2
1213,362,1,2
1213,363,1,2
1213,364,1,2
1213,365,1,2
1213,366,1,2
1213,367,1,2
1213,368,1,2
1213,369,1,2
1213,370,1,2
1213,371,1,2
1213,372,1,2
1213,373,1,2
1213,374,1,2
1213,375,1,2
1213,376,1,2
1213,377,1,2
1213,378,1,2
1213,379,1,2
1213,380,1,2
1213,381,1,2
1213,382,1,2
1214,162,1,3
1214,163,1,2
1214,164,1,2
1214,165,1,2
1214,166,1,2
1214,167,1,2
1214,168,1,2
1214,169,1,2
1214,170,1,2
1214,171,1,2
1214,172,1,2
1214,173,1,2
1214,174,1,2
1214,175,1,2
1214,176,1,2
1214,177,1,2
1214,178,1,2
1214,179,1,2
1214,180,1,2
1214,181,1,2
1214,182,1,2
1214,183,1,2
1214,184,1,2
1214,185,1,2
1214,186,1,2
1214,187,1,2
1214,188,1,2
1214,189,1,2
1214,190,1,2
1214,191,1,2
1214,192,1,2
1214,193,1,2
1214,194,1,2
1214,195,1,2
1214,196,1,2
1214,197,1,2
1214,198,1,2
1214,199,1,2
1214,200,1,2
1214,201,1,2
1214,202,1,2
1214,203,1,2
1214,204,1,2
1214,205,1,2
1214,206,1,2
1214,207,1,2
1214,208,1,2
1214,209,1,2
1214,210,1,2
1214,211,1,2
1214,212,1,2
1214,213,1,2
1214,214,1,2
1214,215,1,2
1214,216,1,2
1214,217,1,2
1214,218,1,2
1214,219,1,2
1214,220,1,2
1214,221,1,2
1214,222,1,2
1214,223,1,2
1214,224,1,2
1214,225,1,2
1214,226,1,2
1214,227,1,2
1214,228,1,2
1214,229,1,2
1214,230,1,2
1214,231,1,2
1214,232,1,2
1214,233,1,2
1214,234,1,2
1214,235,1,2
1214,236,1,2
1214,237,1,2
1214,238,1,2
1214,239,1,2
1214,240,1,2
1214,241,1,2
1214,242,1,2
1214,243,1,2
1214,244,1,2
1214,245,1,2
1214,246,1,2
1214,247,1,2
1214,248,1,2
1214,249,1,2
1214,250,1,2
1214,251,1,2
1214,252,1,2
1214,253,1,2
1214,254,1,2
1214,255,1,2
1214,256,1,2
1214,257,1,2
1214,258,1,2
1214,259,1,2
1214,260,1,2
1214,261,1,2
1214,262,1,2
1214,263,1,2
1214,264,1,2
1214,265,1,2
1214,266,1,2
1214,267,1,2
1214,268,1,2
1214,269,1,2
1214,270,1,2
1214,271,1,2
1214,272,1,2
1214,273,1,2
1214,274,1,2
1214,275,1,2
1214,276,1,2
1214,277,1,2
1214,278,1,2
1214,279,1,2
1214,280,1,2
1214,281,1,2
1214,282,1,2
1214,283,1,2
1214,284,1,2
1214,285,1,2
1214,286,1,2
1214,287,1,2
1214,288,1,2
1214,289,1,2
1214,290,1,2
1214,291,1,2
1214,292,1,2
1214,293,1,2
1214,294,1,2
1214,295,1,2
1214,296,1,2
1214,297,1,2
1214,298,1,2
1214,299,1,2
1214,300,1,2
1214,301,1,2
1214,302,1,2
1214,303,1,2
1214,304,1,2
1214,305,1,2
1214,306,1,2
1214,307,1,2
1214,308,1,2
1214,309,1,2
1214,310,1,2
1214,311,1,2
1214,312,1,2
1214,313,1,2
1214,314,1,2
1214,315,1,2
1214,316,1,2
1214,317,1,2
1214,318,1,2
1214,319,1,2
1214,320,1,2
1214,321,1,2
1214,322,1,2
1214,323,1,2
1214,324,1,2
1214,325,1,2
1214,326,1,2
1214,327,1,2
1214,328,1,2
1214,329,1,2
1214,330,1,2
1214,331,1,2
1214,332,1,2
1214,333,1,2
1214,334,1,2
1214,335,1,2
1214,336,1,2
1214,337,1,2
1214,338,1,2
1214,339,1,2
1214,340,1,2
1214,341,1,2
1214,342,1,2
1214,343,1,2
1214,344,1,2
1214,345,1,2
1214,346,1,2
1214,347,1,2
1214,348,1,2
1214,349,1,2
1214,350,1,2
1214,351,1,2
1214,352,1,2
1214,353,1,2
1214,354,1,2
1214,355,1,2
1214,356,1,2
1214,357,1,2
1214,358,1,2
1214,359,1,2
1214,360,1,2
1214,361,1,2
1214,362,1,2
1214,363,1,2
1214,364,1,2
1214,365,1,2
1214,366,1,2
1214,367,1,2
1214,368,1,2
1214,369,1,2
1214,370,1,2
1214,371,1,2
1214,372,1,2
1214,373,1,2
1214,374,1,2
1214,375,1,2
1214,376,1,2
1214,377,1,2
1214,378,1,2
1214,379,1,2
1214,380,1,2
1214,381,1,2
1214,382,1,2
1214,383,1,2
1214,384,1,2
1215,161,1,3
1215,162,1,3
1215,163,1,3
1215,164,1,2
1215,165,1,2
1215,166,1,2
1215,167,1,2
1215,168,1,2
1215,169,1,2
1215,170,1,2
1215,171,1,2
1215,172,1,2
1215,173,1,2
1215,174,1,2
1215,175,1,2
1215,176,1,2
1215,177,1,2
1215,178,1,2
1215,179,1,2
1215,180,1,2
1215,181,1,2
1215,182,1,2
1215,183,1,2
1215,184,1,2
1215,185,1,2
1215,186,1,2
1215,187,1,2
1215,188,1,2
1215,189,1,2
1215,190,1,2
1215,191,1,2
1215,192,1,2
1215,193,1,2
1215,194,1,2
1215,195,1,2
1215,196,1,2
1215,197,1,2
1215,198,1,2
1215,199,1,2
1215,200,1,2
1215,201,1,2
1215,202,1,2
1215,203,1,2
1215,204,1,2
1215,205,1,2
1215,206,1,2
1215,207,1,2
1215,208,1,2
1215,209,1,2
1215,210,1,2
1215,211,1,2
1215,212,1,2
1215,213,1,2
1215,214,1,2
1215,215,1,2
1215,216,1,2
1215,217,1,2
1215,218,1,2
1215,219,1,2
1215,220,1,2
1215,221,1,2
1215,222,1,2
1215,223,1,2
1215,224,1,2
1215,225,1,2
1215,226,1,2
1215,227,1,2
1215,228,1,2
1215,229,1,2
1215,230,1,2
1215,231,1,2
1215,232,1,2
1215,233,1,2
1215,234,1,2
1215,235,1,2
1215,236,1,2
1215,237,1,2
1215,238,1,2
1215,239,1,2
1215,240,1,2
1215,241,1,2
1215,242,1,2
1215,243,1,2
1215,244,1,2
1215,245,1,2
1215,246,1,2
1215,247,1,2
1215,248,1,2
1215,249,1,2
1215,250,1,2
1215,251,1,2
1215,252,1,2
1215,253,1,2
1215,254,1,2
1215,255,1,2
1215,256,1,2
1215,257,1,2
1215,258,1,2
1215,259,1,2
1215,260,1,2
1215,261,1,2
1215,262,1,2
1215,263,1,2
1215,264,1,2
1215,265,1,2
1215,266,1,2
1215,267,1,2
1215,268,1,2
1215,269,1,2
1215,270,1,2
1215,271,1,2
1215,272,1,2
1215,273,1,2
1215,274,1,2
1215,275,1,2
1215,276,1,2
1215,277,1,2
1215,278,1,2
1215,279,1,2
1215,280,1,2
1215,281,1,2
1215,282,1,2
1215,283,1,2
1215,284,1,2
1215,285,1,2
1215,286,1,2
1215,287,1,2
1215,288,1,2
1215,289,1,2
1215,290,1,2
1215,291,1,2
1215,292,1,2
1215,293,1,2
1215,294,1,2
1215,295,1,2
1215,296,1,2
1215,297,1,2
1215,298,1,2
1215,299,1,2
1215,300,1,2
1215,301,1,2
1215,302,1,2
1215,303,1,2
1215,304,1,2
1215,305,1,2
1215,306,1,2
1215,307,1,2
1215,308,1,2
1215,309,1,2
1215,310,1,2
1215,311,1,2
1215,312,1,2
1215,313,1,2
1215,314,1,2
1215,315,1,2
1215,316,1,2
1215,317,1,2
1215,318,1,2
1215,319,1,2
1215,320,1,2
1215,321,1,2
1215,322,1,2
1215,323,1,2
1215,324,1,2
1215,325,1,2
1215,326,1,2
1215,327,1,2
1215,328,1,2
1215,329,1,2
1215,330,1,2
1215,331,1,2
1215,332,1,2
1215,333,1,2
1215,334,1,2
1215,335,1,2
1215,336,1,2
1215,337,1,2
1215,338,1,2
1215,339,1,2
1215,340,1,2
1215,341,1,2
1215,342,1,2
1215,343,1,2
1215,344,1,2
1215,345,1,2
1215,346,1,2
1215,347,1,2
1215,348,1,2
1215,349,1,2
1215,350,1,2
1215,351,1,2
1215,352,1,2
1215,353,1,2
1215,354,1,2
1215,355,1,2
1215,356,1,2
1215,357,1,2
1215,358,1,2
1215,359,1,2
1215,360,1,2
1215,361,1,2
1215,362,1,2
1215,363,1,2
1215,364,1,2
1215,365,1,2
1215,366,1,2
1215,367,1,2
1215,368,1,2
1215,369,1,2
1215,370,1,2
1215,371,1,2
1215,372,1,2
1215,373,1,2
1215,374,1,2
1215,375,1,2
1215,376,1,2
1215,377,1,2
1215,378,1,2
1215,379,1,2
1215,380,1,2
1215,381,1,2
1215,382,1,2
1215,383,1,2
1215,384,1,2
1215,385,1,2
1215,386,1,2
1216,161,1,3
1216,162,1,3
1216,163,1,3
1216,164,1,2
1216,165,1,2
1216,166,1,2
1216,167,1,2
1216,168,1,2
1216,169,1,2
1216,170,1,2
1216,171,1,2
1216,172,1,2
1216,173,1,2
1216,174,1,2
1216,175,1,2
1216,176,1,2
1216,177,1,2
1216,178,1,2
1216,179,1,2
1216,180,1,2
1216,181,1,2
1216,182,1,2
1216,183,1,2
1216,184,1,2
1216,185,1,2
1216,186,1,2
1216,187,1,2
1216,188,1,2
1216,189,1,2
1216,190,1,2
1216,191,1,2
1216,192,1,2
1216,193,1,2
1216,194,1,2
1216,195,1,2
1216,196,1,2
1216,197,1,2
1216,198,1,2
1216,199,1,2
1216,200,1,2
1216,201,1,2
1216,202,1,2
1216,203,1,2
1216,204,1,2
1216,205,1,2
1216,206,1,2
1216,207,1,2
1216,208,1,2
1216,209,1,2
1216,210,1,2
1216,211,1,2
1216,212,1,2
1216,213,1,2
1216,214,1,2
1216,215,1,2
1216,216,1,2
1216,217,1,2
1216,218,1,2
1216,219,1,2
1216,220,1,2
1216,221,1,2
1216,222,1,2
1216,223,1,2
1216,224,1,2
1216,225,1,2
1216,226,1,2
1216,227,1,2
1216,228,1,2
1216,229,1,2
1216,230,1,2
1216,231,1,2
1216,232,1,2
1216,233,1,2
1216,234,1,2
1216,235,1,2
1216,236,1,2
1216,237,1,2
1216,238,1,2
1216,239,1,2
1216,240,1,2
1216,241,1,2
1216,242,1,2
1216,243,1,2
1216,244,1,2
1216,245,1,2
1216,246,1,2
1216,247,1,2
1216,248,1,2
1216,249,1,2
1216,250,1,2
1216,251,1,2
1216,252,1,2
1216,253,1,2
1216,254,1,2
1216,255,1,2
1216,256,1,2
1216,257,1,2
1216,258,1,2
1216,259,1,2
1216,260,1,2
1216,261,1,2
1216,262,1,2
1216,263,1,2
1216,264,1,2
1216,265,1,2
1216,266,1,2
1216,267,1,2
1216,268,1,2
1216,269,1,2
1216,270,1,2
1216,271,1,2
1216,272,1,2
1216,273,1,2
1216,274,1,2
1216,275,1,2
1216,276,1,2
1216,277,1,2
1216,278,1,2
1216,279,1,2
1216,280,1,2
1216,281,1,2
1216,282,1,2
1216,283,1,2
1216,284,1,2
1216,285,1,2
1216,286,1,2
1216,287,1,2
1216,288,1,2
1216,289,1,2
1216,290,1,2
1216,291,1,2
1216,292,1,2
1216,293,1,2
1216,294,1,2
1216,295,1,2
1216,296,1,2
1216,297,1,2
1216,298,1,2
1216,299,1,2
1216,300,1,2
1216,301,1,2
1216,302,1,2
1216,303,1,2
1216,304,1,2
1216,305,1,2
1216,306,1,2
1216,307,1,2
1216,308,1,2
1216,309,1,2
1216,310,1,2
1216,311,1,2
1216,312,1,2
1216,313,1,2
1216,314,1,2
1216,315,1,2
1216,316,1,2
1216,317,1,2
1216,318,1,2
1216,319,1,2
1216,320,1,2
1216,321,1,2
1216,322,1,2
1216,323,1,2
1216,324,1,2
1216,325,1,2
1216,326,1,2
1216,327,1,2
1216,328,1,2
1216,329,1,2
1216,330,1,2
1216,331,1,2
1216,332,1,2
1216,333,1,2
1216,334,1,2
1216,335,1,2
1216,336,1,2
1216,337,1,2
1216,338,1,2
1216,339,1,2
1216,340,1,2
1216,341,1,2
1216,342,1,2
1216,343,1,2
1216,344,1,2
1216,345,1,2
1216,346,1,2
1216,347,1,2
1216,348,1,2
1216,349,1,2
1216,350,1,2
1216,351,1,2
1216,352,1,2
1216,353,1,2
1216,354,1,2
1216,355,1,2
1216,356,1,2
1216,357,1,2
1216,358,1,2
1216,359,1,2
1216,360,1,2
1216,361,1,2
1216,362,1,2
1216,363,1,2
1216,364,1,2
1216,365,1,2
1216,366,1,2
1216,367,1,2
1216,368,1,2
1216,369,1,2
1216,370,1,2
1216,371,1,2
1216,372,1,2
1216,373,1,2
1216,374,1,2
1216,375,1,2
1216,376,1,2
1216,377,1,2
1216,378,1,2
1216,379,1,2
1216,380,1,2
1216,381,1,2
1216,382,1,2
1216,383,1,2
1216,384,1,2
1216,385,1,2
1216,386,1,2
1216,387,1,2
1216,388,1,2
1217,160,1,3
1217,161,1,3
1217,162,1,3
1217,163,1,2
1217,164,1,2
1217,165,1,2
1217,166,1,2
1217,167,1,2
1217,168,1,2
1217,169,1,2
1217,170,1,2
1217,171,1,2
1217,172,1,2
1217,173,1,2
1217,174,1,2
1217,175,1,2
1217,176,1,2
1217,177,1,2
1217,178,1,2
1217,179,1,2
1217,180,1,2
1217,181,1,2
1217,182,1,2
1217,183,1,2
1217,184,1,2
1217,185,1,2
1217,186,1,2
1217,187,1,2
1217,188,1,2
1217,189,1,2
1217,190,1,2
1217,191,1,2
1217,192,1,2
1217,193,1,2
1217,194,1,2
1217,195,1,2
1217,196,1,2
1217,197,1,2
1217,198,1,2
1217,199,1,2
1217,200,1,2
1217,201,1,2
1217,202,1,2
1217,203,1,2
1217,204,1,2
1217,205,1,2
1217,206,1,2
1217,207,1,2
1217,208,1,2
1217,209,1,2
1217,210,1,2
1217,211,1,2
1217,212,1,2
1217,213,1,2
1217,214,1,2
1217,215,1,2
1217,216,1,2
1217,217,1,2
1217,218,1,2
1217,219,1,2
1217,220,1,2
1217,221,1,2
1217,222,1,2
1217,223,1,2
1217,224,1,2
1217,225,1,2
1217,226,1,2
1217,227,1,2
1217,228,1,2
1217,229,1,2
1217,230,1,2
1217,231,1,2
1217,232,1,2
1217,233,1,2
1217,234,1,2
1217,235,1,2
1217,236,1,2
1217,237,1,2
1217,238,1,2
1217,239,1,2
1217,240,1,2
1217,241,1,2
1217,242,1,2
1217,243,1,2
1217,244,1,2
1217,245,1,2
1217,246,1,2
1217,247,1,2
1217,248,1,2
1217,249,1,2
1217,250,1,2
1217,251,1,2
1217,252,1,2
1217,253,1,2
1217,254,1,2
1217,255,1,2
1217,256,1,2
1217,257,1,2
1217,258,1,2
1217,259,1,2
1217,260,1,2
1217,261,1,2
1217,262,1,2
1217,263,1,2
1217,264,1,2
1217,265,1,2
1217,266,1,2
1217,267,1,2
1217,268,1,2
1217,269,1,2
1217,270,1,2
1217,271,1,2
1217,272,1,2
1217,273,1,2
1217,274,1,2
1217,275,1,2
1217,276,1,2
1217,277,1,2
1217,278,1,2
1217,279,1,2
1217,280,1,2
1217,281,1,2
1217,282,1,2
1217,283,1,2
1217,284,1,2
1217,285,1,2
1217,286,1,2
1217,287,1,2
1217,288,1,2
1217,289,1,2
1217,290,1,2
1217,291,1,2
1217,292,1,2
1217,293,1,2
1217,294,1,2
1217,295,1,2
1217,296,1,2
1217,297,1,2
1217,298,1,2
1217,299,1,2
1217,300,1,2
1217,301,1,2
1217,302,1,2
1217,303,1,2
1217,304,1,2
1217,305,1,2
1217,306,1,2
1217,307,1,2
1217,308,1,2
1217,309,1,2
1217,310,1,2
1217,311,1,2
1217,312,1,2
1217,313,1,2
1217,314,1,2
1217,315,1,2
1217,316,1,2
1217,317,1,2
1217,318,1,2
1217,319,1,2
1217,320,1,2
1217,321,1,2
1217,322,1,2
1217,323,1,2
1217,324,1,2
1217,325,1,2
1217,326,1,2
1217,327,1,2
1217,328,1,2
1217,329,1,2
1217,330,1,2
1217,331,1,2
1217,332,1,2
1217,333,1,2
1217,334,1,2
1217,335,1,2
1217,336,1,2
1217,337,1,2
1217,338,1,2
1217,339,1,2
1217,340,1,2
1217,341,1,2
1217,342,1,2
1217,343,1,2
1217,344,1,2
1217,345,1,2
1217,346,1,2
1217,347,1,2
1217,348,1,2
1217,349,1,2
1217,350,1,2
1217,351,1,2
1217,352,1,2
1217,353,1,2
1217,354,1,2
1217,355,1,2
1217,356,1,2
1217,357,1,2
1217,358,1,2
1217,359,1,2
1217,360,1,2
1217,361,1,2
1217,362,1,2
1217,363,1,2
1217,364,1,2
1217,365,1,2
1217,366,1,2
1217,367,1,2
1217,368,1,2
1217,369,1,2
1217,370,1,2
1217,371,1,2
1217,372,1,2
1217,373,1,2
1217,374,1,2
1217,375,1,2
1217,376,1,2
1217,377,1,2
1217,378,1,2
1217,379,1,2
1217,380,1,2
1217,381,1,2
1217,382,1,2
1217,383,1,2
1217,384,1,2
1217,385,1,2
1217,386,1,2
1217,387,1,2
1217,388,1,2
1217,389,1,2
1218,159,1,3
1218,160,1,3
1218,161,1,3
1218,162,1,3
1218,163,1,2
1218,164,1,2
1218,165,1,2
1218,166,1,2
1218,167,1,2
1218,168,1,2
1218,169,1,2
1218,170,1,2
1218,171,1,2
1218,172,1,2
1218,173,1,2
1218,174,1,2
1218,175,1,2
1218,176,1,2
1218,177,1,2
1218,178,1,2
1218,179,1,2
1218,180,1,2
1218,181,1,2
1218,182,1,2
1218,183,1,2
1218,184,1,2
1218,185,1,2
1218,186,1,2
1218,187,1,2
1218,188,1,2
1218,189,1,2
1218,190,1,2
1218,191,1,2
1218,192,1,2
1218,193,1,2
1218,194,1,2
1218,195,1,2
1218,196,1,2
1218,197,1,2
1218,198,1,2
1218,199,1,2
1218,200,1,2
1218,201,1,2
1218,202,1,2
1218,203,1,2
1218,204,1,2
1218,205,1,2
1218,206,1,2
1218,207,1,2
1218,208,1,2
1218,209,1,2
1218,210,1,2
1218,211,1,2
1218,212,1,2
1218,213,1,2
1218,214,1,2
1218,215,1,2
1218,216,1,2
1218,217,1,2
1218,218,1,2
1218,219,1,2
1218,220,1,2
1218,221,1,2
1218,222,1,2
1218,223,1,2
1218,224,1,2
1218,225,1,2
1218,226,1,2
1218,227,1,2
1218,228,1,2
1218,229,1,2
1218,230,1,2
1218,231,1,2
1218,232,1,2
1218,233,1,2
1218,234,1,2
1218,235,1,2
1218,236,1,2
1218,237,1,2
1218,238,1,2
1218,239,1,2
1218,240,1,2
1218,241,1,2
1218,242,1,2
1218,243,1,2
1218,244,1,2
1218,245,1,2
1218,246,1,2
1218,247,1,2
1218,248,1,2
1218,249,1,2
1218,250,1,2
1218,251,1,2
1218,252,1,2
1218,253,1,2
1218,254,1,2
1218,255,1,2
1218,256,1,2
1218,257,1,2
1218,258,1,2
1218,259,1,2
1218,260,1,2
1218,261,1,2
1218,262,1,2
1218,263,1,2
1218,264,1,2
1218,265,1,2
1218,266,1,2
1218,267,1,2
1218,268,1,2
1218,269,1,2
1218,270,1,2
1218,271,1,2
1218,272,1,2
1218,273,1,2
1218,274,1,2
1218,275,1,2
1218,276,1,2
1218,277,1,2
1218,278,1,2
1218,279,1,2
1218,280,1,2
1218,281,1,2
1218,282,1,2
1218,283,1,2
1218,284,1,2
1218,285,1,2
1218,286,1,2
1218,287,1,2
1218,288,1,2
1218,289,1,2
1218,290,1,2
1218,291,1,2
1218,292,1,2
1218,293,1,2
1218,294,1,2
1218,295,1,2
1218,296,1,2
1218,297,1,2
1218,298,1,2
1218,299,1,2
1218,300,1,2
1218,301,1,2
1218,302,1,2
1218,303,1,2
1218,304,1,2
1218,305,1,2
1218,306,1,2
1218,307,1,2
1218,308,1,2
1218,309,1,2
1218,310,1,2
1218,311,1,2
1218,312,1,2
1218,313,1,2
1218,314,1,2
1218,315,1,2
1218,316,1,2
1218,317,1,2
1218,318,1,2
1218,319,1,2
1218,320,1,2
1218,321,1,2
1218,322,1,2
1218,323,1,2
1218,324,1,2
1218,325,1,2
1218,326,1,2
1218,327,1,2
1218,328,1,2
1218,329,1,2
1218,330,1,2
1218,331,1,2
1218,332,1,2
1218,333,1,2
1218,334,1,2
1218,335,1,2
1218,336,1,2
1218,337,1,2
1218,338,1,2
1218,339,1,2
1218,340,1,2
1218,341,1,2
1218,342,1,2
1218,343,1,2
1218,344,1,2
1218,345,1,2
1218,346,1,2
1218,347,1,2
1218,348,1,2
1218,349,1,2
1218,350,1,2
1218,351,1,2
1218,352,1,2
1218,353,1,2
1218,354,1,2
1218,355,1,2
1218,356,1,2
1218,357,1,2
1218,358,1,2
1218,359,1,2
1218,360,1,2
1218,361,1,2
1218,362,1,2
1218,363,1,2
1218,364,1,2
1218,365,1,2
1218,366,1,2
1218,367,1,2
1218,368,1,2
1218,369,1,2
1218,370,1,2
1218,371,1,2
1218,372,1,2
1218,373,1,2
1218,374,1,2
1218,375,1,2
1218,376,1,2
1218,377,1,2
1218,378,1,2
1218,379,1,2
1218,380,1,2
1218,381,1,2
1218,382,1,2
1218,383,1,2
1218,384,1,2
1218,385,1,2
1218,386,1,2
1218,387,1,2
1218,388,1,2
1218,389,1,2
1218,390,1,2
1219,157,1,2
1219,158,1,3
1219,159,1,3
1219,160,1,3
1219,161,1,3
1219,162,1,2
1219,163,1,2
1219,164,1,2
1219,165,1,2
1219,166,1,2
1219,167,1,2
1219,168,1,2
1219,169,1,2
1219,170,1,2
1219,171,1,2
1219,172,1,2
1219,173,1,2
1219,174,1,2
1219,175,1,2
1219,176,1,2
1219,177,1,2
1219,178,1,2
1219,179,1,2
1219,180,1,2
1219,181,1,2
1219,182,1,2
1219,183,1,2
1219,184,1,2
1219,185,1,2
1219,186,1,2
1219,187,1,2
1219,188,1,2
1219,189,1,2
1219,190,1,2
1219,191,1,2
1219,192,1,2
1219,193,1,2
1219,194,1,2
1219,195,1,2
1219,196,1,2
1219,197,1,2
1219,198,1,2
1219,199,1,2
1219,200,1,2
1219,201,1,2
1219,202,1,2
1219,203,1,2
1219,204,1,2
1219,205,1,2
1219,206,1,2
1219,207,1,2
1219,208,1,2
1219,209,1,2
1219,210,1,2
1219,211,1,2
1219,212,1,2
1219,213,1,2
1219,214,1,2
1219,215,1,2
1219,216,1,2
1219,217,1,2
1219,218,1,2
1219,219,1,2
1219,220,1,2
1219,221,1,2
1219,222,1,2
1219,223,1,2
1219,224,1,2
1219,225,1,2
1219,226,1,2
1219,227,1,2
1219,228,1,2
1219,229,1,2
1219,230,1,2
1219,231,1,2
1219,232,1,2
1219,233,1,2
1219,234,1,2
1219,235,1,2
1219,236,1,2
1219,237,1,2
1219,238,1,2
1219,239,1,2
1219,240,1,2
1219,241,1,2
1219,242,1,2
1219,243,1,2
1219,244,1,2
1219,245,1,2
1219,246,1,2
1219,247,1,2
1219,248,1,2
1219,249,1,2
1219,250,1,2
1219,251,1,2
1219,252,1,2
1219,253,1,2
1219,254,1,2
1219,255,1,2
1219,256,1,2
1219,257,1,2
1219,258,1,2
1219,259,1,2
1219,260,1,2
1219,261,1,2
1219,262,1,2
1219,263,1,2
1219,264,1,2
1219,265,1,2
1219,266,1,2
1219,267,1,2
1219,268,1,2
1219,269,1,2
1219,270,1,2
1219,271,1,2
1219,272,1,2
1219,273,1,2
1219,274,1,2
1219,275,1,2
1219,276,1,2
1219,277,1,2
1219,278,1,2
1219,279,1,2
1219,280,1,2
1219,281,1,2
1219,282,1,2
1219,283,1,2
1219,284,1,2
1219,285,1,2
1219,286,1,2
1219,287,1,2
1219,288,1,2
1219,289,1,2
1219,290,1,2
1219,291,1,2
1219,292,1,2
1219,293,1,2
1219,294,1,2
1219,295,1,2
1219,296,1,2
1219,297,1,2
1219,298,1,2
1219,299,1,2
1219,300,1,2
1219,301,1,2
1219,302,1,2
1219,303,1,2
1219,304,1,2
1219,305,1,2
1219,306,1,2
1219,307,1,2
1219,308,1,2
1219,309,1,2
1219,310,1,2
1219,311,1,2
1219,312,1,2
1219,313,1,2
1219,314,1,2
1219,315,1,2
1219,316,1,2
1219,317,1,2
1219,318,1,2
1219,319,1,2
1219,320,1,2
1219,321,1,2
1219,322,1,2
1219,323,1,2
1219,324,1,2
1219,325,1,2
1219,326,1,2
1219,327,1,2
1219,328,1,2
1219,329,1,2
1219,330,1,2
1219,331,1,2
1219,332,1,2
1219,333,1,2
1219,334,1,2
1219,335,1,2
1219,336,1,2
1219,337,1,2
1219,338,1,2
1219,339,1,2
1219,340,1,2
1219,341,1,2
1219,342,1,2
1219,343,1,2
1219,344,1,2
1219,345,1,2
1219,346,1,2
1219,347,1,2
1219,348,1,2
1219,349,1,2
1219,350,1,2
1219,351,1,2
1219,352,1,2
1219,353,1,2
1219,354,1,2
1219,355,1,2
1219,356,1,2
1219,357,1,2
1219,358,1,2
1219,359,1,2
1219,360,1,2
1219,361,1,2
1219,362,1,2
1219,363,1,2
1219,364,1,2
1219,365,1,2
1219,366,1,2
1219,367,1,2
1219,368,1,2
1219,369,1,2
1219,370,1,2
1219,371,1,2
1219,372,1,2
1219,373,1,2
1219,374,1,2
1219,375,1,2
1219,376,1,2
1219,377,1,2
1219,378,1,2
1219,379,1,2
1219,380,1,2
1219,381,1,2
1219,382,1,2
1219,383,1,2
1219,384,1,2
1219,385,1,2
1219,386,1,2
1219,387,1,2
1219,388,1,2
1219,389,1,2
1219,390,1,2
1219,391,1,2
1219,392,1,2
1220,156,1,2
1220,157,1,2
1220,158,1,3
1220,159,1,3
1220,160,1,2
1220,161,1,2
1220,162,1,2
1220,163,1,2
1220,164,1,2
1220,165,1,2
1220,166,1,2
1220,167,1,2
1220,168,1,2
1220,169,1,2
1220,170,1,2
1220,171,1,2
1220,172,1,2
1220,173,1,2
1220,174,1,2
1220,175,1,2
1220,176,1,2
1220,177,1,2
1220,178,1,2
1220,179,1,2
1220,180,1,2
1220,181,1,2
1220,182,1,2
1220,183,1,2
1220,184,1,2
1220,185,1,2
1220,186,1,2
1220,187,1,2
1220,188,1,2
1220,189,1,2
1220,190,1,2
1220,191,1,2
1220,192,1,2
1220,193,1,2
1220,194,1,2
1220,195,1,2
1220,196,1,2
1220,197,1,2
1220,198,1,2
1220,199,1,2
1220,200,1,2
1220,201,1,2
1220,202,1,2
1220,203,1,2
1220,204,1,2
1220,205,1,2
1220,206,1,2
1220,207,1,2
1220,208,1,2
1220,209,1,2
1220,210,1,2
1220,211,1,2
1220,212,1,2
1220,213,1,2
1220,214,1,2
1220,215,1,2
1220,216,1,2
1220,217,1,2
1220,218,1,2
1220,219,1,2
1220,220,1,2
1220,221,1,2
1220,222,1,2
1220,223,1,2
1220,224,1,2
1220,225,1,2
1220,226,1,2
1220,227,1,2
1220,228,1,2
1220,229,1,2
1220,230,1,2
1220,231,1,2
1220,232,1,2
1220,233,1,2
1220,234,1,2
1220,235,1,2
1220,236,1,2
1220,237,1,2
1220,238,1,2
1220,239,1,2
1220,240,1,2
1220,241,1,2
1220,242,1,2
1220,243,1,2
1220,244,1,2
1220,245,1,2
1220,246,1,2
1220,247,1,2
1220,248,1,2
1220,249,1,2
1220,250,1,2
1220,251,1,2
1220,252,1,2
1220,253,1,2
1220,254,1,2
1220,255,1,2
1220,256,1,2
1220,257,1,2
1220,258,1,2
1220,259,1,2
1220,260,1,2
1220,261,1,2
1220,262,1,2
1220,263,1,2
1220,264,1,2
1220,265,1,2
1220,266,1,2
1220,267,1,2
1220,268,1,2
1220,269,1,2
1220,270,1,2
1220,271,1,2
1220,272,1,2
1220,273,1,2
1220,274,1,2
1220,275,1,2
1220,276,1,2
1220,277,1,2
1220,278,1,2
1220,279,1,2
1220,280,1,2
1220,281,1,2
1220,282,1,2
1220,283,1,2
1220,284,1,2
1220,285,1,2
1220,286,1,2
1220,287,1,2
1220,288,1,2
1220,289,1,2
1220,290,1,2
1220,291,1,2
1220,292,1,2
1220,293,1,2
1220,294,1,2
1220,295,1,2
1220,296,1,2
1220,297,1,2
1220,298,1,2
1220,299,1,2
1220,300,1,2
1220,301,1,2
1220,302,1,2
1220,303,1,2
1220,304,1,2
1220,305,1,2
1220,306,1,2
1220,307,1,2
1220,308,1,2
1220,309,1,2
1220,310,1,2
1220,311,1,2
1220,312,1,2
1220,313,1,2
1220,314,1,2
1220,315,1,2
1220,316,1,2
1220,317,1,2
1220,318,1,2
1220,319,1,2
1220,320,1,2
1220,321,1,2
1220,322,1,2
1220,323,1,2
1220,324,1,2
1220,325,1,2
1220,326,1,2
1220,327,1,2
1220,328,1,2
1220,329,1,2
1220,330,1,2
1220,331,1,2
1220,332,1,2
1220,333,1,2
1220,334,1,2
1220,335,1,2
1220,336,1,2
1220,337,1,2
1220,338,1,2
1220,339,1,2
1220,340,1,2
1220,341,1,2
1220,342,1,2
1220,343,1,2
1220,344,1,2
1220,345,1,2
1220,346,1,2
1220,347,1,2
1220,348,1,2
1220,349,1,2
1220,350,1,2
1220,351,1,2
1220,352,1,2
1220,353,1,2
1220,354,1,2
1220,355,1,2
1220,356,1,2
1220,357,1,2
1220,358,1,2
1220,359,1,2
1220,360,1,2
1220,361,1,2
1220,362,1,2
1220,363,1,2
1220,364,1,2
1220,365,1,2
1220,366,1,2
1220,367,1,2
1220,368,1,2
1220,369,1,2
1220,370,1,2
1220,371,1,2
1220,372,1,2
1220,373,1,2
1220,374,1,2
1220,375,1,2
1220,376,1,2
1220,377,1,2
1220,378,1,2
1220,379,1,2
1220,380,1,2
1220,381,1,2
1220,382,1,2
1220,383,1,2
1220,384,1,2
1220,385,1,2
1220,386,1,2
1220,387,1,2
1220,388,1,2
1220,389,1,2
1220,390,1,2
1220,391,1,2
1220,392,1,2
1221,155,1,2
1221,156,1,2
1221,157,1,2
1221,158,1,2
1221,159,1,3
1221,160,1,2
1221,161,1,2
1221,162,1,2
1221,163,1,2
1221,164,1,2
1221,165,1,2
1221,166,1,2
1221,167,1,2
1221,168,1,2
1221,169,1,2
1221,170,1,2
1221,171,1,2
1221,172,1,2
1221,173,1,2
1221,174,1,2
1221,175,1,2
1221,176,1,2
1221,177,1,2
1221,178,1,2
1221,179,1,2
1221,180,1,2
1221,181,1,2
1221,182,1,2
1221,183,1,2
1221,184,1,2
1221,185,1,2
1221,186,1,2
1221,187,1,2
1221,188,1,2
1221,189,1,2
1221,190,1,2
1221,191,1,2
1221,192,1,2
1221,193,1,2
1221,194,1,2
1221,195,1,2
1221,196,1,2
1221,197,1,2
1221,198,1,2
1221,199,1,2
1221,200,1,2
1221,201,1,2
1221,202,1,2
1221,203,1,2
1221,204,1,2
1221,205,1,2
1221,206,1,2
1221,207,1,2
1221,208,1,2
1221,209,1,2
1221,210,1,2
1221,211,1,2
1221,212,1,2
1221,213,1,2
1221,214,1,2
1221,215,1,2
1221,216,1,2
1221,217,1,2
1221,218,1,2
1221,219,1,2
1221,220,1,2
1221,221,1,2
1221,222,1,2
1221,223,1,2
1221,224,1,2
1221,225,1,2
1221,226,1,2
1221,227,1,2
1221,228,1,2
1221,229,1,2
1221,230,1,2
1221,231,1,2
1221,232,1,2
1221,233,1,2
1221,234,1,2
1221,235,1,2
1221,236,1,2
1221,237,1,2
1221,238,1,2
1221,239,1,2
1221,240,1,2
1221,241,1,2
1221,242,1,2
1221,243,1,2
1221,244,1,2
1221,245,1,2
1221,246,1,2
1221,247,1,2
1221,248,1,2
1221,249,1,2
1221,250,1,2
1221,251,1,2
1221,252,1,2
1221,253,1,2
1221,254,1,2
1221,255,1,2
1221,256,1,2
1221,257,1,2
1221,258,1,2
1221,259,1,2
1221,260,1,2
1221,261,1,2
1221,262,1,2
1221,263,1,2
1221,264,1,2
1221,265,1,2
1221,266,1,2
1221,267,1,2
1221,268,1,2
1221,269,1,2
1221,270,1,2
1221,271,1,2
1221,272,1,2
1221,273,1,2
1221,274,1,2
1221,275,1,2
1221,276,1,2
1221,277,1,2
1221,278,1,2
1221,279,1,2
1221,280,1,2
1221,281,1,2
1221,282,1,2
1221,283,1,2
1221,284,1,2
1221,285,1,2
1221,286,1,2
1221,287,1,2
1221,288,1,2
1221,289,1,2
1221,290,1,2
1221,291,1,2
1221,292,1,2
1221,293,1,2
1221,294,1,2
1221,295,1,2
1221,296,1,2
1221,297,1,2
1221,298,1,2
1221,299,1,2
1221,300,1,2
1221,301,1,2
1221,302,1,2
1221,303,1,2
1221,304,1,2
1221,305,1,2
1221,306,1,2
1221,307,1,2
1221,308,1,2
1221,309,1,2
1221,310,1,2
1221,311,1,2
1221,312,1,2
1221,313,1,2
1221,314,1,2
1221,315,1,2
1221,316,1,2
1221,317,1,2
1221,318,1,2
1221,319,1,2
1221,320,1,2
1221,321,1,2
1221,322,1,2
1221,323,1,2
1221,324,1,2
1221,325,1,2
1221,326,1,2
1221,327,1,2
1221,328,1,2
1221,329,1,2
1221,330,1,2
1221,331,1,2
1221,332,1,2
1221,333,1,2
1221,334,1,2
1221,335,1,2
1221,336,1,2
1221,337,1,2
1221,338,1,2
1221,339,1,2
1221,340,1,2
1221,341,1,2
1221,342,1,2
1221,343,1,2
1221,344,1,2
1221,345,1,2
1221,346,1,2
1221,347,1,2
1221,348,1,2
1221,349,1,2
1221,350,1,2
1221,351,1,2
1221,352,1,2
1221,353,1,2
1221,354,1,2
1221,355,1,2
1221,356,1,2
1221,357,1,2
1221,358,1,2
1221,359,1,2
1221,360,1,2
1221,361,1,2
1221,362,1,2
1221,363,1,2
1221,364,1,2
1221,365,1,2
1221,366,1,2
1221,367,1,2
1221,368,1,2
1221,369,1,2
1221,370,1,2
1221,371,1,2
1221,372,1,2
1221,373,1,2
1221,374,1,2
1221,375,1,2
1221,376,1,2
1221,377,1,2
1221,378,1,2
1221,379,1,2
1221,380,1,2
1221,381,1,2
1221,382,1,2
1221,383,1,2
1221,384,1,2
1221,385,1,2
1221,386,1,2
1221,387,1,2
1221,388,1,2
1221,389,1,2
1221,390,1,2
1221,391,1,2
1221,392,1,2
1221,393,1,2
1221,394,1,2
1222,154,1,2
1222,155,1,2
1222,156,1,2
1222,157,1,2
1222,158,1,2
1222,159,1,2
1222,160,1,2
1222,161,1,2
1222,162,1,2
1222,163,1,2
1222,164,1,2
1222,165,1,2
1222,166,1,2
1222,167,1,2
1222,168,1,2
1222,169,1,2
1222,170,1,2
1222,171,1,2
1222,172,1,2
1222,173,1,2
1222,174,1,2
1222,175,1,2
1222,176,1,2
1222,177,1,2
1222,178,1,2
1222,179,1,2
1222,180,1,2
1222,181,1,2
1222,182,1,2
1222,183,1,2
1222,184,1,2
1222,185,1,2
1222,186,1,2
1222,187,1,2
1222,188,1,2
1222,189,1,2
1222,190,1,2
1222,191,1,2
1222,192,1,2
1222,193,1,2
1222,194,1,2
1222,195,1,2
1222,196,1,2
1222,197,1,2
1222,198,1,2
1222,199,1,2
1222,200,1,2
1222,201,1,2
1222,202,1,2
1222,203,1,2
1222,204,1,2
1222,205,1,2
1222,206,1,2
1222,207,1,2
1222,208,1,2
1222,209,1,2
1222,210,1,2
1222,211,1,2
1222,212,1,2
1222,213,1,2
1222,214,1,2
1222,215,1,2
1222,216,1,2
1222,217,1,2
1222,218,1,2
1222,219,1,2
1222,220,1,2
1222,221,1,2
1222,222,1,2
1222,223,1,2
1222,224,1,2
1222,225,1,2
1222,226,1,2
1222,227,1,2
1222,228,1,2
1222,229,1,2
1222,230,1,2
1222,231,1,2
1222,232,1,2
1222,233,1,2
1222,234,1,2
1222,235,1,2
1222,236,1,2
1222,237,1,2
1222,238,1,2
1222,239,1,2
1222,240,1,2
1222,241,1,2
1222,242,1,2
1222,243,1,2
1222,244,1,2
1222,245,1,2
1222,246,1,2
1222,247,1,2
1222,248,1,2
1222,249,1,2
1222,250,1,2
1222,251,1,2
1222,252,1,2
1222,253,1,2
1222,254,1,2
1222,255,1,2
1222,256,1,2
1222,257,1,2
1222,258,1,2
1222,259,1,2
1222,260,1,2
1222,261,1,2
1222,262,1,2
1222,263,1,2
1222,264,1,2
1222,265,1,2
1222,266,1,2
1222,267,1,2
1222,268,1,2
1222,269,1,2
1222,270,1,2
1222,271,1,2
1222,272,1,2
1222,273,1,2
1222,274,1,2
1222,275,1,2
1222,276,1,2
1222,277,1,2
1222,278,1,2
1222,279,1,2
1222,280,1,2
1222,281,1,2
1222,282,1,2
1222,283,1,2
1222,284,1,2
1222,285,1,2
1222,286,1,2
1222,287,1,2
1222,288,1,2
1222,289,1,2
1222,290,1,2
1222,291,1,2
1222,292,1,2
1222,293,1,2
1222,294,1,2
1222,295,1,2
1222,296,1,2
1222,297,1,2
1222,298,1,2
1222,299,1,2
1222,300,1,2
1222,301,1,2
1222,302,1,2
1222,303,1,2
1222,304,1,2
1222,305,1,2
1222,306,1,2
1222,307,1,2
1222,308,1,2
1222,309,1,2
1222,310,1,2
1222,311,1,2
1222,312,1,2
1222,313,1,2
1222,314,1,2
1222,315,1,2
1222,316,1,2
1222,317,1,2
1222,318,1,2
1222,319,1,2
1222,320,1,2
1222,321,1,2
1222,322,1,2
1222,323,1,2
1222,324,1,2
1222,325,1,2
1222,326,1,2
1222,327,1,2
1222,328,1,2
1222,329,1,2
1222,330,1,2
1222,331,1,2
1222,332,1,2
1222,333,1,2
1222,334,1,2
1222,335,1,2
1222,336,1,2
1222,337,1,2
1222,338,1,2
1222,339,1,2
1222,340,1,2
1222,341,1,2
1222,342,1,2
1222,343,1,2
1222,344,1,2
1222,345,1,2
1222,346,1,2
1222,347,1,2
1222,348,1,2
1222,349,1,2
1222,350,1,2
1222,351,1,2
1222,352,1,2
1222,353,1,2
1222,354,1,2
1222,355,1,2
1222,356,1,2
1222,357,1,2
1222,358,1,2
1222,359,1,2
1222,360,1,2
1222,361,1,2
1222,362,1,2
1222,363,1,2
1222,364,1,2
1222,365,1,2
1222,366,1,2
1222,367,1,2
1222,368,1,2
1222,369,1,2
1222,370,1,2
1222,371,1,2
1222,372,1,2
1222,373,1,2
1222,374,1,2
1222,375,1,2
1222,376,1,2
1222,377,1,2
1222,378,1,2
1222,379,1,2
1222,380,1,2
1222,381,1,2
1222,382,1,2
1222,383,1,2
1222,384,1,2
1222,385,1,2
1222,386,1,2
1222,387,1,2
1222,388,1,2
1222,389,1,2
1222,390,1,2
1222,391,1,2
1222,392,1,2
1222,393,1,2
1222,394,1,2
1222,395,1,2
1223,154,1,2
1223,155,1,2
1223,156,1,2
1223,157,1,2
1223,158,1,2
1223,159,1,2
1223,160,1,2
1223,161,1,2
1223,162,1,2
1223,163,1,2
1223,164,1,2
1223,165,1,2
1223,166,1,2
1223,167,1,2
1223,168,1,2
1223,169,1,2
1223,170,1,2
1223,171,1,2
1223,172,1,2
1223,173,1,2
1223,174,1,2
1223,175,1,2
1223,176,1,2
1223,177,1,2
1223,178,1,2
1223,179,1,2
1223,180,1,2
1223,181,1,2
1223,182,1,2
1223,183,1,2
1223,184,1,2
1223,185,1,2
1223,186,1,2
1223,187,1,2
1223,188,1,2
1223,189,1,2
1223,190,1,2
1223,191,1,2
1223,192,1,2
1223,193,1,2
1223,194,1,2
1223,195,1,2
1223,196,1,2
1223,197,1,2
1223,198,1,2
1223,199,1,2
1223,200,1,2
1223,201,1,2
1223,202,1,2
1223,203,1,2
1223,204,1,2
1223,205,1,2
1223,206,1,2
1223,207,1,2
1223,208,1,2
1223,209,1,2
1223,210,1,2
1223,211,1,2
1223,212,1,2
1223,213,1,2
1223,214,1,2
1223,215,1,2
1223,216,1,2
1223,217,1,2
1223,218,1,2
1223,219,1,2
1223,220,1,2
1223,221,1,2
1223,222,1,2
1223,223,1,2
1223,224,1,2
1223,225,1,2
1223,226,1,2
1223,227,1,2
1223,228,1,2
1223,229,1,2
1223,230,1,2
1223,231,1,2
1223,232,1,2
1223,233,1,2
1223,234,1,2
1223,235,1,2
1223,236,1,2
1223,237,1,2
1223,238,1,2
1223,239,1,2
1223,240,1,2
1223,241,1,2
1223,242,1,2
1223,243,1,2
1223,244,1,2
1223,245,1,2
1223,246,1,2
1223,247,1,2
1223,248,1,2
1223,249,1,2
1223,250,1,2
1223,251,1,2
1223,252,1,2
1223,253,1,2
1223,254,1,2
1223,255,1,2
1223,256,1,2
1223,257,1,2
1223,258,1,2
1223,259,1,2
1223,260,1,2
1223,261,1,2
1223,262,1,2
1223,263,1,2
1223,264,1,2
1223,265,1,2
1223,266,1,2
1223,267,1,2
1223,268,1,2
1223,269,1,2
1223,270,1,2
1223,271,1,2
1223,272,1,2
1223,273,1,2
1223,274,1,2
1223,275,1,2
1223,276,1,2
1223,277,1,2
1223,278,1,2
1223,279,1,2
1223,280,1,2
1223,281,1,2
1223,282,1,2
1223,283,1,2
1223,284,1,2
1223,285,1,2
1223,286,1,2
1223,287,1,2
1223,288,1,2
1223,289,1,2
1223,290,1,2
1223,291,1,2
1223,292,1,2
1223,293,1,2
1223,294,1,2
1223,295,1,2
1223,296,1,2
1223,297,1,2
1223,298,1,2
1223,299,1,2
1223,300,1,2
1223,301,1,2
1223,302,1,2
1223,303,1,2
1223,304,1,2
1223,305,1,2
1223,306,1,2
1223,307,1,2
1223,308,1,2
1223,309,1,2
1223,310,1,2
1223,311,1,2
1223,312,1,2
1223,313,1,2
1223,314,1,2
1223,315,1,2
1223,316,1,2
1223,317,1,2
1223,318,1,2
1223,319,1,2
1223,320,1,2
1223,321,1,2
1223,322,1,2
1223,323,1,2
1223,324,1,2
1223,325,1,2
1223,326,1,2
1223,327,1,2
1223,328,1,2
1223,329,1,2
1223,330,1,2
1223,331,1,2
1223,332,1,2
1223,333,1,2
1223,334,1,2
1223,335,1,2
1223,336,1,2
1223,337,1,2
1223,338,1,2
1223,339,1,2
1223,340,1,2
1223,341,1,2
1223,342,1,2
1223,343,1,2
1223,344,1,2
1223,345,1,2
1223,346,1,2
1223,347,1,2
1223,348,1,2
1223,349,1,2
1223,350,1,2
1223,351,1,2
1223,352,1,2
1223,353,1,2
1223,354,1,2
1223,355,1,2
1223,356,1,2
1223,357,1,2
1223,358,1,2
1223,359,1,2
1223,360,1,2
1223,361,1,2
1223,362,1,2
1223,363,1,2
1223,364,1,2
1223,365,1,2
1223,366,1,2
1223,367,1,2
1223,368,1,2
1223,369,1,2
1223,370,1,2
1223,371,1,2
1223,372,1,2
1223,373,1,2
1223,374,1,2
1223,375,1,2
1223,376,1,2
1223,377,1,2
1223,378,1,2
1223,379,1,2
1223,380,1,2
1223,381,1,2
1223,382,1,2
1223,383,1,2
1223,384,1,2
1223,385,1,2
1223,386,1,2
1223,387,1,2
1223,388,1,2
1223,389,1,2
1223,390,1,2
1223,391,1,2
1223,392,1,2
1223,393,1,2
1223,394,1,2
1223,395,1,2
1223,396,1,2
1224,153,1,2
1224,154,1,2
1224,155,1,2
1224,156,1,2
1224,157,1,2
1224,158,1,2
1224,159,1,2
1224,160,1,2
1224,161,1,2
1224,162,1,2
1224,163,1,2
1224,164,1,2
1224,165,1,2
1224,166,1,2
1224,167,1,2
1224,168,1,2
1224,169,1,2
1224,170,1,2
1224,171,1,2
1224,172,1,2
1224,173,1,2
1224,174,1,2
1224,175,1,2
1224,176,1,2
1224,177,1,2
1224,178,1,2
1224,179,1,2
1224,180,1,2
1224,181,1,2
1224,182,1,2
1224,183,1,2
1224,184,1,2
1224,185,1,2
1224,186,1,2
1224,187,1,2
1224,188,1,2
1224,189,1,2
1224,190,1,2
1224,191,1,2
1224,192,1,2
1224,193,1,2
1224,194,1,2
1224,195,1,2
1224,196,1,2
1224,197,1,2
1224,198,1,2
1224,199,1,2
1224,200,1,2
1224,201,1,2
1224,202,1,2
1224,203,1,2
1224,204,1,2
1224,205,1,2
1224,206,1,2
1224,207,1,2
1224,208,1,2
1224,209,1,2
1224,210,1,2
1224,211,1,2
1224,212,1,2
1224,213,1,2
1224,214,1,2
1224,215,1,2
1224,216,1,2
1224,217,1,2
1224,218,1,2
1224,219,1,2
1224,220,1,2
1224,221,1,2
1224,222,1,2
1224,223,1,2
1224,224,1,2
1224,225,1,2
1224,226,1,2
1224,227,1,2
1224,228,1,2
1224,229,1,2
1224,230,1,2
1224,231,1,2
1224,232,1,2
1224,233,1,2
1224,234,1,2
1224,235,1,2
1224,236,1,2
1224,237,1,2
1224,238,1,2
1224,239,1,2
1224,240,1,2
1224,241,1,2
1224,242,1,2
1224,243,1,2
1224,244,1,2
1224,245,1,2
1224,246,1,2
1224,247,1,2
1224,248,1,2
1224,249,1,2
1224,250,1,2
1224,251,1,2
1224,252,1,2
1224,253,1,2
1224,254,1,2
1224,255,1,2
1224,256,1,2
1224,257,1,2
1224,258,1,2
1224,259,1,2
1224,260,1,2
1224,261,1,2
1224,262,1,2
1224,263,1,2
1224,264,1,2
1224,265,1,2
1224,266,1,2
1224,267,1,2
1224,268,1,2
1224,269,1,2
1224,270,1,2
1224,271,1,2
1224,272,1,2
1224,273,1,2
1224,274,1,2
1224,275,1,2
1224,276,1,2
1224,277,1,2
1224,278,1,2
1224,279,1,2
1224,280,1,2
1224,281,1,2
1224,282,1,2
1224,283,1,2
1224,284,1,2
1224,285,1,2
1224,286,1,2
1224,287,1,2
1224,288,1,2
1224,289,1,2
1224,290,1,2
1224,291,1,2
1224,292,1,2
1224,293,1,2
1224,294,1,2
1224,295,1,2
1224,296,1,2
1224,297,1,2
1224,298,1,2
1224,299,1,2
1224,300,1,2
1224,301,1,2
1224,302,1,2
1224,303,1,2
1224,304,1,2
1224,305,1,2
1224,306,1,2
1224,307,1,2
1224,308,1,2
1224,309,1,2
1224,310,1,2
1224,311,1,2
1224,312,1,2
1224,313,1,2
1224,314,1,2
1224,315,1,2
1224,316,1,2
1224,317,1,2
1224,318,1,2
1224,319,1,2
1224,320,1,2
1224,321,1,2
1224,322,1,2
1224,323,1,2
1224,324,1,2
1224,325,1,2
1224,326,1,2
1224,327,1,2
1224,328,1,2
1224,329,1,2
1224,330,1,2
1224,331,1,2
1224,332,1,2
1224,333,1,2
1224,334,1,2
1224,335,1,2
1224,336,1,2
1224,337,1,2
1224,338,1,2
1224,339,1,2
1224,340,1,2
1224,341,1,2
1224,342,1,2
1224,343,1,2
1224,344,1,2
1224,345,1,2
1224,346,1,2
1224,347,1,2
1224,348,1,2
1224,349,1,2
1224,350,1,2
1224,351,1,2
1224,352,1,2
1224,353,1,2
1224,354,1,2
1224,355,1,2
1224,356,1,2
1224,357,1,2
1224,358,1,2
1224,359,1,2
1224,360,1,2
1224,361,1,2
1224,362,1,2
1224,363,1,2
1224,364,1,2
1224,365,1,2
1224,366,1,2
1224,367,1,2
1224,368,1,2
1224,369,1,2
1224,370,1,2
1224,371,1,2
1224,372,1,2
1224,373,1,2
1224,374,1,2
1224,375,1,2
1224,376,1,2
1224,377,1,2
1224,378,1,2
1224,379,1,2
1224,380,1,2
1224,381,1,2
1224,382,1,2
1224,383,1,2
1224,384,1,2
1224,385,1,2
1224,386,1,2
1224,387,1,2
1224,388,1,2
1224,389,1,2
1224,390,1,2
1224,391,1,2
1224,392,1,2
1224,393,1,2
1224,394,1,2
1224,395,1,2
1224,396,1,2
1224,397,1,2
1225,153,1,2
1225,154,1,2
1225,155,1,2
1225,156,1,2
1225,157,1,2
1225,158,1,2
1225,159,1,2
1225,160,1,2
1225,161,1,2
1225,162,1,2
1225,163,1,2
1225,164,1,2
1225,165,1,2
1225,166,1,2
1225,167,1,2
1225,168,1,2
1225,169,1,2
1225,170,1,2
1225,171,1,2
1225,172,1,2
1225,173,1,2
1225,174,1,2
1225,175,1,2
1225,176,1,2
1225,177,1,2
1225,178,1,2
1225,179,1,2
1225,180,1,2
1225,181,1,2
1225,182,1,2
1225,183,1,2
1225,184,1,2
1225,185,1,2
1225,186,1,2
1225,187,1,2
1225,188,1,2
1225,189,1,2
1225,190,1,2
1225,191,1,2
1225,192,1,2
1225,193,1,2
1225,194,1,2
1225,195,1,2
1225,196,1,2
1225,197,1,2
1225,198,1,2
1225,199,1,2
1225,200,1,2
1225,201,1,2
1225,202,1,2
1225,203,1,2
1225,204,1,2
1225,205,1,2
1225,206,1,2
1225,207,1,2
1225,208,1,2
1225,209,1,2
1225,210,1,2
1225,211,1,2
1225,212,1,2
1225,213,1,2
1225,214,1,2
1225,215,1,2
1225,216,1,2
1225,217,1,2
1225,218,1,2
1225,219,1,2
1225,220,1,2
1225,221,1,2
1225,222,1,2
1225,223,1,2
1225,224,1,2
1225,225,1,2
1225,226,1,2
1225,227,1,2
1225,228,1,2
1225,229,1,2
1225,230,1,2
1225,231,1,2
1225,232,1,2
1225,233,1,2
1225,234,1,2
1225,235,1,2
1225,236,1,2
1225,237,1,2
1225,238,1,2
1225,239,1,2
1225,240,1,2
1225,241,1,2
1225,242,1,2
1225,243,1,2
1225,244,1,2
1225,245,1,2
1225,246,1,2
1225,247,1,2
1225,248,1,2
1225,249,1,2
1225,250,1,2
1225,251,1,2
1225,252,1,2
1225,253,1,2
1225,254,1,2
1225,255,1,2
1225,256,1,2
1225,257,1,2
1225,258,1,2
1225,259,1,2
1225,260,1,2
1225,261,1,2
1225,262,1,2
1225,263,1,2
1225,264,1,2
1225,265,1,2
1225,266,1,2
1225,267,1,2
1225,268,1,2
1225,269,1,2
1225,270,1,2
1225,271,1,2
1225,272,1,2
1225,273,1,2
1225,274,1,2
1225,275,1,2
1225,276,1,2
1225,277,1,2
1225,278,1,2
1225,279,1,2
1225,280,1,2
1225,281,1,2
1225,282,1,2
1225,283,1,2
1225,284,1,2
1225,285,1,2
1225,286,1,2
1225,287,1,2
1225,288,1,2
1225,289,1,2
1225,290,1,2
1225,291,1,2
1225,292,1,2
1225,293,1,2
1225,294,1,2
1225,295,1,2
1225,296,1,2
1225,297,1,2
1225,298,1,2
1225,299,1,2
1225,300,1,2
1225,301,1,2
1225,302,1,2
1225,303,1,2
1225,304,1,2
1225,305,1,2
1225,306,1,2
1225,307,1,2
1225,308,1,2
1225,309,1,2
1225,310,1,2
1225,311,1,2
1225,312,1,2
1225,313,1,2
1225,314,1,2
1225,315,1,2
1225,316,1,2
1225,317,1,2
1225,318,1,2
1225,319,1,2
1225,320,1,2
1225,321,1,2
1225,322,1,2
1225,323,1,2
1225,324,1,2
1225,325,1,2
1225,326,1,2
1225,327,1,2
1225,328,1,2
1225,329,1,2
1225,330,1,2
1225,331,1,2
1225,332,1,2
1225,333,1,2
1225,334,1,2
1225,335,1,2
1225,336,1,2
1225,337,1,2
1225,338,1,2
1225,339,1,2
1225,340,1,2
1225,341,1,2
1225,342,1,2
1225,343,1,2
1225,344,1,2
1225,345,1,2
1225,346,1,2
1225,347,1,2
1225,348,1,2
1225,349,1,2
1225,350,1,2
1225,351,1,2
1225,352,1,2
1225,353,1,2
1225,354,1,2
1225,355,1,2
1225,356,1,2
1225,357,1,2
1225,358,1,2
1225,359,1,2
1225,360,1,2
1225,361,1,2
1225,362,1,2
1225,363,1,2
1225,364,1,2
1225,365,1,2
1225,366,1,2
1225,367,1,2
1225,368,1,2
1225,369,1,2
1225,370,1,2
1225,371,1,2
1225,372,1,2
1225,373,1,2
1225,374,1,2
1225,375,1,2
1225,376,1,2
1225,377,1,2
1225,378,1,2
1225,379,1,2
1225,380,1,2
1225,381,1,2
1225,382,1,2
1225,383,1,2
1225,384,1,2
1225,385,1,2
1225,386,1,2
1225,387,1,2
1225,388,1,2
1225,389,1,2
1225,390,1,2
1225,391,1,2
1225,392,1,2
1225,393,1,2
1225,394,1,2
1225,395,1,2
1225,396,1,2
1225,397,1,2
1225,398,1,2
1225,399,1,2
1226,152,1,3
1226,153,1,2
1226,154,1,2
1226,155,1,2
1226,156,1,2
1226,157,1,2
1226,158,1,2
1226,159,1,2
1226,160,1,2
1226,161,1,2
1226,162,1,2
1226,163,1,2
1226,164,1,2
1226,165,1,2
1226,166,1,2
1226,167,1,2
1226,168,1,2
1226,169,1,2
1226,170,1,2
1226,171,1,2
1226,172,1,2
1226,173,1,2
1226,174,1,2
1226,175,1,2
1226,176,1,2
1226,177,1,2
1226,178,1,2
1226,179,1,2
1226,180,1,2
1226,181,1,2
1226,182,1,2
1226,183,1,2
1226,184,1,2
1226,185,1,2
1226,186,1,2
1226,187,1,2
1226,188,1,2
1226,189,1,2
1226,190,1,2
1226,191,1,2
1226,192,1,2
1226,193,1,2
1226,194,1,2
1226,195,1,2
1226,196,1,2
1226,197,1,2
1226,198,1,2
1226,199,1,2
1226,200,1,2
1226,201,1,2
1226,202,1,2
1226,203,1,2
1226,204,1,2
1226,205,1,2
1226,206,1,2
1226,207,1,2
1226,208,1,2
1226,209,1,2
1226,210,1,2
1226,211,1,2
1226,212,1,2
1226,213,1,2
1226,214,1,2
1226,215,1,2
1226,216,1,2
1226,217,1,2
1226,218,1,2
1226,219,1,2
1226,220,1,2
1226,221,1,2
1226,222,1,2
1226,223,1,2
1226,224,1,2
1226,225,1,2
1226,226,1,2
1226,227,1,2
1226,228,1,2
1226,229,1,2
1226,230,1,2
1226,231,1,2
1226,232,1,2
1226,233,1,2
1226,234,1,2
1226,235,1,2
1226,236,1,2
1226,237,1,2
1226,238,1,2
1226,239,1,2
1226,240,1,2
1226,241,1,2
1226,242,1,2
1226,243,1,2
1226,244,1,2
1226,245,1,2
1226,246,1,2
1226,247,1,2
1226,248,1,2
1226,249,1,2
1226,250,1,2
1226,251,1,2
1226,252,1,2
1226,253,1,2
1226,254,1,2
1226,255,1,2
1226,256,1,2
1226,257,1,2
1226,258,1,2
1226,259,1,2
1226,260,1,2
1226,261,1,2
1226,262,1,2
1226,263,1,2
1226,264,1,2
1226,265,1,2
1226,266,1,2
1226,267,1,2
1226,268,1,2
1226,269,1,2
1226,270,1,2
1226,271,1,2
1226,272,1,2
1226,273,1,2
1226,274,1,2
1226,275,1,2
1226,276,1,2
1226,277,1,2
1226,278,1,2
1226,279,1,2
1226,280,1,2
1226,281,1,2
1226,282,1,2
1226,283,1,2
1226,284,1,2
1226,285,1,2
1226,286,1,2
1226,287,1,2
1226,288,1,2
1226,289,1,2
1226,290,1,2
1226,291,1,2
1226,292,1,2
1226,293,1,2
1226,294,1,2
1226,295,1,2
1226,296,1,2
1226,297,1,2
1226,298,1,2
1226,299,1,2
1226,300,1,2
1226,301,1,2
1226,302,1,2
1226,303,1,2
1226,304,1,2
1226,305,1,2
1226,306,1,2
1226,307,1,2
1226,308,1,2
1226,309,1,2
1226,310,1,2
1226,311,1,2
1226,312,1,2
1226,313,1,2
1226,314,1,2
1226,315,1,2
1226,316,1,2
1226,317,1,2
1226,318,1,2
1226,319,1,2
1226,320,1,2
1226,321,1,2
1226,322,1,2
1226,323,1,2
1226,324,1,2
1226,325,1,2
1226,326,1,2
1226,327,1,2
1226,328,1,2
1226,329,1,2
1226,330,1,2
1226,331,1,2
1226,332,1,2
1226,333,1,2
1226,334,1,2
1226,335,1,2
1226,336,1,2
1226,337,1,2
1226,338,1,2
1226,339,1,2
1226,340,1,2
1226,341,1,2
1226,342,1,2
1226,343,1,2
1226,344,1,2
1226,345,1,2
1226,346,1,2
1226,347,1,2
1226,348,1,2
1226,349,1,2
1226,350,1,2
1226,351,1,2
1226,352,1,2
1226,353,1,2
1226,354,1,2
1226,355,1,2
1226,356,1,2
1226,357,1,2
1226,358,1,2
1226,359,1,2
1226,360,1,2
1226,361,1,2
1226,362,1,2
1226,363,1,2
1226,364,1,2
1226,365,1,2
1226,366,1,2
1226,367,1,2
1226,368,1,2
1226,369,1,2
1226,370,1,2
1226,371,1,2
1226,372,1,2
1226,373,1,2
1226,374,1,2
1226,375,1,2
1226,376,1,2
1226,377,1,2
1226,378,1,2
1226,379,1,2
1226,380,1,2
1226,381,1,2
1226,382,1,2
1226,383,1,2
1226,384,1,2
1226,385,1,2
1226,386,1,2
1226,387,1,2
1226,388,1,2
1226,389,1,2
1226,390,1,2
1226,391,1,2
1226,392,1,2
1226,393,1,2
1226,394,1,2
1226,395,1,2
1226,396,1,2
1226,397,1,2
1226,398,1,2
1226,399,1,2
1226,400,1,2
1227,151,1,3
1227,152,1,2
1227,153,1,2
1227,154,1,2
1227,155,1,2
1227,156,1,2
1227,157,1,2
1227,158,1,2
1227,159,1,2
1227,160,1,2
1227,161,1,2
1227,162,1,2
1227,163,1,2
1227,164,1,2
1227,165,1,2
1227,166,1,2
1227,167,1,2
1227,168,1,2
1227,169,1,2
1227,170,1,2
1227,171,1,2
1227,172,1,2
1227,173,1,2
1227,174,1,2
1227,175,1,2
1227,176,1,2
1227,177,1,2
1227,178,1,2
1227,179,1,2
1227,180,1,2
1227,181,1,2
1227,182,1,2
1227,183,1,2
1227,184,1,2
1227,185,1,2
1227,186,1,2
1227,187,1,2
1227,188,1,2
1227,189,1,2
1227,190,1,2
1227,191,1,2
1227,192,1,2
1227,193,1,2
1227,194,1,2
1227,195,1,2
1227,196,1,2
1227,197,1,2
1227,198,1,2
1227,199,1,2
1227,200,1,2
1227,201,1,2
1227,202,1,2
1227,203,1,2
1227,204,1,2
1227,205,1,2
1227,206,1,2
1227,207,1,2
1227,208,1,2
1227,209,1,2
1227,210,1,2
1227,211,1,2
1227,212,1,2
1227,213,1,2
1227,214,1,2
1227,215,1,2
1227,216,1,2
1227,217,1,2
1227,218,1,2
1227,219,1,2
1227,220,1,2
1227,221,1,2
1227,222,1,2
1227,223,1,2
1227,224,1,2
1227,225,1,2
1227,226,1,2
1227,227,1,2
1227,228,1,2
1227,229,1,2
1227,230,1,2
1227,231,1,2
1227,232,1,2
1227,233,1,2
1227,234,1,2
1227,235,1,2
1227,236,1,2
1227,237,1,2
1227,238,1,2
1227,239,1,2
1227,240,1,2
1227,241,1,2
1227,242,1,2
1227,243,1,2
1227,244,1,2
1227,245,1,2
1227,246,1,2
1227,247,1,2
1227,248,1,2
1227,249,1,2
1227,250,1,2
1227,251,1,2
1227,252,1,2
1227,253,1,2
1227,254,1,2
1227,255,1,2
1227,256,1,2
1227,257,1,2
1227,258,1,2
1227,259,1,2
1227,260,1,2
1227,261,1,2
1227,262,1,2
1227,263,1,2
1227,264,1,2
1227,265,1,2
1227,266,1,2
1227,267,1,2
1227,268,1,2
1227,269,1,2
1227,270,1,2
1227,271,1,2
1227,272,1,2
1227,273,1,2
1227,274,1,2
1227,275,1,2
1227,276,1,2
1227,277,1,2
1227,278,1,2
1227,279,1,2
1227,280,1,2
1227,281,1,2
1227,282,1,2
1227,283,1,2
1227,284,1,2
1227,285,1,2
1227,286,1,2
1227,287,1,2
1227,288,1,2
1227,289,1,2
1227,290,1,2
1227,291,1,2
1227,292,1,2
1227,293,1,2
1227,294,1,2
1227,295,1,2
1227,296,1,2
1227,297,1,2
1227,298,1,2
1227,299,1,2
1227,300,1,2
1227,301,1,2
1227,302,1,2
1227,303,1,2
1227,304,1,2
1227,305,1,2
1227,306,1,2
1227,307,1,2
1227,308,1,2
1227,309,1,2
1227,310,1,2
1227,311,1,2
1227,312,1,2
1227,313,1,2
1227,314,1,2
1227,315,1,2
1227,316,1,2
1227,317,1,2
1227,318,1,2
1227,319,1,2
1227,320,1,2
1227,321,1,2
1227,322,1,2
1227,323,1,2
1227,324,1,2
1227,325,1,2
1227,326,1,2
1227,327,1,2
1227,328,1,2
1227,329,1,2
1227,330,1,2
1227,331,1,2
1227,332,1,2
1227,333,1,2
1227,334,1,2
1227,335,1,2
1227,336,1,2
1227,337,1,2
1227,338,1,2
1227,339,1,2
1227,340,1,2
1227,341,1,2
1227,342,1,2
1227,343,1,2
1227,344,1,2
1227,345,1,2
1227,346,1,2
1227,347,1,2
1227,348,1,2
1227,349,1,2
1227,350,1,2
1227,351,1,2
1227,352,1,2
1227,353,1,2
1227,354,1,2
1227,355,1,2
1227,356,1,2
1227,357,1,2
1227,358,1,2
1227,359,1,2
1227,360,1,2
1227,361,1,2
1227,362,1,2
1227,363,1,2
1227,364,1,2
1227,365,1,2
1227,366,1,2
1227,367,1,2
1227,368,1,2
1227,369,1,2
1227,370,1,2
1227,371,1,2
1227,372,1,2
1227,373,1,2
1227,374,1,2
1227,375,1,2
1227,376,1,2
1227,377,1,2
1227,378,1,2
1227,379,1,2
1227,380,1,2
1227,381,1,2
1227,382,1,2
1227,383,1,2
1227,384,1,2
1227,385,1,2
1227,386,1,2
1227,387,1,2
1227,388,1,2
1227,389,1,2
1227,390,1,2
1227,391,1,2
1227,392,1,2
1227,393,1,2
1227,394,1,2
1227,395,1,2
1227,396,1,2
1227,397,1,2
1227,398,1,2
1227,399,1,2
1227,400,1,2
1227,401,1,2
1227,402,1,2
1228,151,1,2
1228,152,1,2
1228,153,1,2
1228,154,1,2
1228,155,1,2
1228,156,1,2
1228,157,1,2
1228,158,1,2
1228,159,1,2
1228,160,1,2
1228,161,1,2
1228,162,1,2
1228,163,1,2
1228,164,1,2
1228,165,1,2
1228,166,1,2
1228,167,1,2
1228,168,1,2
1228,169,1,2
1228,170,1,2
1228,171,1,2
1228,172,1,2
1228,173,1,2
1228,174,1,2
1228,175,1,2
1228,176,1,2
1228,177,1,2
1228,178,1,2
1228,179,1,2
1228,180,1,2
1228,181,1,2
1228,182,1,2
1228,183,1,2
1228,184,1,2
1228,185,1,2
1228,186,1,2
1228,187,1,2
1228,188,1,2
1228,189,1,2
1228,190,1,2
1228,191,1,2
1228,192,1,2
1228,193,1,2
1228,194,1,2
1228,195,1,2
1228,196,1,2
1228,197,1,2
1228,198,1,2
1228,199,1,2
1228,200,1,2
1228,201,1,2
1228,202,1,2
1228,203,1,2
1228,204,1,2
1228,205,1,2
1228,206,1,2
1228,207,1,2
1228,208,1,2
1228,209,1,2
1228,210,1,2
1228,211,1,2
1228,212,1,2
1228,213,1,2
1228,214,1,2
1228,215,1,2
1228,216,1,2
1228,217,1,2
1228,218,1,2
1228,219,1,2
1228,220,1,2
1228,221,1,2
1228,222,1,2
1228,223,1,2
1228,224,1,2
1228,225,1,2
1228,226,1,2
1228,227,1,2
1228,228,1,2
1228,229,1,2
1228,230,1,2
1228,231,1,2
1228,232,1,2
1228,233,1,2
1228,234,1,2
1228,235,1,2
1228,236,1,2
1228,237,1,2
1228,238,1,2
1228,239,1,2
1228,240,1,2
1228,241,1,2
1228,242,1,2
1228,243,1,2
1228,244,1,2
1228,245,1,2
1228,246,1,2
1228,247,1,2
1228,248,1,2
1228,249,1,2
1228,250,1,2
1228,251,1,2
1228,252,1,2
1228,253,1,2
1228,254,1,2
1228,255,1,2
1228,256,1,2
1228,257,1,2
1228,258,1,2
1228,259,1,2
1228,260,1,2
1228,261,1,2
1228,262,1,2
1228,263,1,2
1228,264,1,2
1228,265,1,2
1228,266,1,2
1228,267,1,2
1228,268,1,2
1228,269,1,2
1228,270,1,2
1228,271,1,2
1228,272,1,2
1228,273,1,2
1228,274,1,2
1228,275,1,2
1228,276,1,2
1228,277,1,2
1228,278,1,2
1228,279,1,2
1228,280,1,2
1228,281,1,2
1228,282,1,2
1228,283,1,2
1228,284,1,2
1228,285,1,2
1228,286,1,2
1228,287,1,2
1228,288,1,2
1228,289,1,2
1228,290,1,2
1228,291,1,2
1228,292,1,2
1228,293,1,2
1228,294,1,2
1228,295,1,2
1228,296,1,2
1228,297,1,2
1228,298,1,2
1228,299,1,2
1228,300,1,2
1228,301,1,2
1228,302,1,2
1228,303,1,2
1228,304,1,2
1228,305,1,2
1228,306,1,2
1228,307,1,2
1228,308,1,2
1228,309,1,2
1228,310,1,2
1228,311,1,2
1228,312,1,2
1228,313,1,2
1228,314,1,2
1228,315,1,2
1228,316,1,2
1228,317,1,2
1228,318,1,2
1228,319,1,2
1228,320,1,2
1228,321,1,2
1228,322,1,2
1228,323,1,2
1228,324,1,2
1228,325,1,2
1228,326,1,2
1228,327,1,2
1228,328,1,2
1228,329,1,2
1228,330,1,2
1228,331,1,2
1228,332,1,2
1228,333,1,2
1228,334,1,2
1228,335,1,2
1228,336,1,2
1228,337,1,2
1228,338,1,2
1228,339,1,2
1228,340,1,2
1228,341,1,2
1228,342,1,2
1228,343,1,2
1228,344,1,2
1228,345,1,2
1228,346,1,2
1228,347,1,2
1228,348,1,2
1228,349,1,2
1228,350,1,2
1228,351,1,2
1228,352,1,2
1228,353,1,2
1228,354,1,2
1228,355,1,2
1228,356,1,2
1228,357,1,2
1228,358,1,2
1228,359,1,2
1228,360,1,2
1228,361,1,2
1228,362,1,2
1228,363,1,2
1228,364,1,2
1228,365,1,2
1228,366,1,2
1228,367,1,2
1228,368,1,2
1228,369,1,2
1228,370,1,2
1228,371,1,2
1228,372,1,2
1228,373,1,2
1228,374,1,2
1228,375,1,2
1228,376,1,2
1228,377,1,2
1228,378,1,2
1228,379,1,2
1228,380,1,2
1228,381,1,2
1228,382,1,2
1228,383,1,2
1228,384,1,2
1228,385,1,2
1228,386,1,2
1228,387,1,2
1228,388,1,2
1228,389,1,2
1228,390,1,2
1228,391,1,2
1228,392,1,2
1228,393,1,2
1228,394,1,2
1228,395,1,2
1228,396,1,2
1228,397,1,2
1228,398,1,2
1228,399,1,2
1228,400,1,2
1228,401,1,2
1228,402,1,2
1228,403,1,2
1229,150,1,2
1229,151,1,2
1229,152,1,2
1229,153,1,2
1229,154,1,2
1229,155,1,2
1229,156,1,2
1229,157,1,2
1229,158,1,2
1229,159,1,2
1229,160,1,2
1229,161,1,2
1229,162,1,2
1229,163,1,2
1229,164,1,2
1229,165,1,2
1229,166,1,2
1229,167,1,2
1229,168,1,2
1229,169,1,2
1229,170,1,2
1229,171,1,2
1229,172,1,2
1229,173,1,2
1229,174,1,2
1229,175,1,2
1229,176,1,2
1229,177,1,2
1229,178,1,2
1229,179,1,2
1229,180,1,2
1229,181,1,2
1229,182,1,2
1229,183,1,2
1229,184,1,2
1229,185,1,2
1229,186,1,2
1229,187,1,2
1229,188,1,2
1229,189,1,2
1229,190,1,2
1229,191,1,2
1229,192,1,2
1229,193,1,2
1229,194,1,2
1229,195,1,2
1229,196,1,2
1229,197,1,2
1229,198,1,2
1229,199,1,2
1229,200,1,2
1229,201,1,2
1229,202,1,2
1229,203,1,2
1229,204,1,2
1229,205,1,2
1229,206,1,2
1229,207,1,2
1229,208,1,2
1229,209,1,2
1229,210,1,2
1229,211,1,2
1229,212,1,2
1229,213,1,2
1229,214,1,2
1229,215,1,2
1229,216,1,2
1229,217,1,2
1229,218,1,2
1229,219,1,2
1229,220,1,2
1229,221,1,2
1229,222,1,2
1229,223,1,2
1229,224,1,2
1229,225,1,2
1229,226,1,2
1229,227,1,2
1229,228,1,2
1229,229,1,2
1229,230,1,2
1229,231,1,2
1229,232,1,2
1229,233,1,2
1229,234,1,2
1229,235,1,2
1229,236,1,2
1229,237,1,2
1229,238,1,2
1229,239,1,2
1229,240,1,2
1229,241,1,2
1229,242,1,2
1229,243,1,2
1229,244,1,2
1229,245,1,2
1229,246,1,2
1229,247,1,2
1229,248,1,2
1229,249,1,2
1229,250,1,2
1229,251,1,2
1229,252,1,2
1229,253,1,2
1229,254,1,2
1229,255,1,2
1229,256,1,2
1229,257,1,2
1229,258,1,2
1229,259,1,2
1229,260,1,2
1229,261,1,2
1229,262,1,2
1229,263,1,2
1229,264,1,2
1229,265,1,2
1229,266,1,2
1229,267,1,2
1229,268,1,2
1229,269,1,2
1229,270,1,2
1229,271,1,2
1229,272,1,2
1229,273,1,2
1229,274,1,2
1229,275,1,2
1229,276,1,2
1229,277,1,2
1229,278,1,2
1229,279,1,2
1229,280,1,2
1229,281,1,2
1229,282,1,2
1229,283,1,2
1229,284,1,2
1229,285,1,2
1229,286,1,2
1229,287,1,2
1229,288,1,2
1229,289,1,2
1229,290,1,2
1229,291,1,2
1229,292,1,2
1229,293,1,2
1229,294,1,2
1229,295,1,2
1229,296,1,2
1229,297,1,2
1229,298,1,2
1229,299,1,2
1229,300,1,2
1229,301,1,2
1229,302,1,2
1229,303,1,2
1229,304,1,2
1229,305,1,2
1229,306,1,2
1229,307,1,2
1229,308,1,2
1229,309,1,2
1229,310,1,2
1229,311,1,2
1229,312,1,2
1229,313,1,2
1229,314,1,2
1229,315,1,2
1229,316,1,2
1229,317,1,2
1229,318,1,2
1229,319,1,2
1229,320,1,2
1229,321,1,2
1229,322,1,2
1229,323,1,2
1229,324,1,2
1229,325,1,2
1229,326,1,2
1229,327,1,2
1229,328,1,2
1229,329,1,2
1229,330,1,2
1229,331,1,2
1229,332,1,2
1229,333,1,2
1229,334,1,2
1229,335,1,2
1229,336,1,2
1229,337,1,2
1229,338,1,2
1229,339,1,2
1229,340,1,2
1229,341,1,2
1229,342,1,2
1229,343,1,2
1229,344,1,2
1229,345,1,2
1229,346,1,2
1229,347,1,2
1229,348,1,2
1229,349,1,2
1229,350,1,2
1229,351,1,2
1229,352,1,2
1229,353,1,2
1229,354,1,2
1229,355,1,2
1229,356,1,2
1229,357,1,2
1229,358,1,2
1229,359,1,2
1229,360,1,2
1229,361,1,2
1229,362,1,2
1229,363,1,2
1229,364,1,2
1229,365,1,2
1229,366,1,2
1229,367,1,2
1229,368,1,2
1229,369,1,2
1229,370,1,2
1229,371,1,2
1229,372,1,2
1229,373,1,2
1229,374,1,2
1229,375,1,2
1229,376,1,2
1229,377,1,2
1229,378,1,2
1229,379,1,2
1229,380,1,2
1229,381,1,2
1229,382,1,2
1229,383,1,2
1229,384,1,2
1229,385,1,2
1229,386,1,2
1229,387,1,2
1229,388,1,2
1229,389,1,2
1229,390,1,2
1229,391,1,2
1229,392,1,2
1229,393,1,2
1229,394,1,2
1229,395,1,2
1229,396,1,2
1229,397,1,2
1229,398,1,2
1229,399,1,2
1229,400,1,2
1229,401,1,2
1229,402,1,2
1229,403,1,2
1229,404,1,2
1229,405,1,2
1230,150,1,2
1230,151,1,2
1230,152,1,2
1230,153,1,2
1230,154,1,2
1230,155,1,2
1230,156,1,2
1230,157,1,2
1230,158,1,2
1230,159,1,2
1230,160,1,2
1230,161,1,2
1230,162,1,2
1230,163,1,2
1230,164,1,2
1230,165,1,2
1230,166,1,2
1230,167,1,2
1230,168,1,2
1230,169,1,2
1230,170,1,2
1230,171,1,2
1230,172,1,2
1230,173,1,2
1230,174,1,2
1230,175,1,2
1230,176,1,2
1230,177,1,2
1230,178,1,2
1230,179,1,2
1230,180,1,2
1230,181,1,2
1230,182,1,2
1230,183,1,2
1230,184,1,2
1230,185,1,2
1230,186,1,2
1230,187,1,2
1230,188,1,2
1230,189,1,2
1230,190,1,2
1230,191,1,2
1230,192,1,2
1230,193,1,2
1230,194,1,2
1230,195,1,2
1230,196,1,2
1230,197,1,2
1230,198,1,2
1230,199,1,2
1230,200,1,2
1230,201,1,2
1230,202,1,2
1230,203,1,2
1230,204,1,2
1230,205,1,2
1230,206,1,2
1230,207,1,2
1230,208,1,2
1230,209,1,2
1230,210,1,2
1230,211,1,2
1230,212,1,2
1230,213,1,2
1230,214,1,2
1230,215,1,2
1230,216,1,2
1230,217,1,2
1230,218,1,2
1230,219,1,2
1230,220,1,2
1230,221,1,2
1230,222,1,2
1230,223,1,2
1230,224,1,2
1230,225,1,2
1230,226,1,2
1230,227,1,2
1230,228,1,2
1230,229,1,2
1230,230,1,2
1230,231,1,2
1230,232,1,2
1230,233,1,2
1230,234,1,2
1230,235,1,2
1230,236,1,2
1230,237,1,2
1230,238,1,2
1230,239,1,2
1230,240,1,2
1230,241,1,2
1230,242,1,2
1230,243,1,2
1230,244,1,2
1230,245,1,2
1230,246,1,2
1230,247,1,2
1230,248,1,2
1230,249,1,2
1230,250,1,2
1230,251,1,2
1230,252,1,2
1230,253,1,2
1230,254,1,2
1230,255,1,2
1230,256,1,2
1230,257,1,2
1230,258,1,2
1230,259,1,2
1230,260,1,2
1230,261,1,2
1230,262,1,2
1230,263,1,2
1230,264,1,2
1230,265,1,2
1230,266,1,2
1230,267,1,2
1230,268,1,2
1230,269,1,2
1230,270,1,2
1230,271,1,2
1230,272,1,2
1230,273,1,2
1230,274,1,2
1230,275,1,2
1230,276,1,2
1230,277,1,2
1230,278,1,2
1230,279,1,2
1230,280,1,2
1230,281,1,2
1230,282,1,2
1230,283,1,2
1230,284,1,2
1230,285,1,2
1230,286,1,2
1230,287,1,2
1230,288,1,2
1230,289,1,2
1230,290,1,2
1230,291,1,2
1230,292,1,2
1230,293,1,2
1230,294,1,2
1230,295,1,2
1230,296,1,2
1230,297,1,2
1230,298,1,2
1230,299,1,2
1230,300,1,2
1230,301,1,2
1230,302,1,2
1230,303,1,2
1230,304,1,2
1230,305,1,2
1230,306,1,2
1230,307,1,2
1230,308,1,2
1230,309,1,2
1230,310,1,2
1230,311,1,2
1230,312,1,2
1230,313,1,2
1230,314,1,2
1230,315,1,2
1230,316,1,2
1230,317,1,2
1230,318,1,2
1230,319,1,2
1230,320,1,2
1230,321,1,2
1230,322,1,2
1230,323,1,2
1230,324,1,2
1230,325,1,2
1230,326,1,2
1230,327,1,2
1230,328,1,2
1230,329,1,2
1230,330,1,2
1230,331,1,2
1230,332,1,2
1230,333,1,2
1230,334,1,2
1230,335,1,2
1230,336,1,2
1230,337,1,2
1230,338,1,2
1230,339,1,2
1230,340,1,2
1230,341,1,2
1230,342,1,2
1230,343,1,2
1230,344,1,2
1230,345,1,2
1230,346,1,2
1230,347,1,2
1230,348,1,2
1230,349,1,2
1230,350,1,2
1230,351,1,2
1230,352,1,2
1230,353,1,2
1230,354,1,2
1230,355,1,2
1230,356,1,2
1230,357,1,2
1230,358,1,2
1230,359,1,2
1230,360,1,2
1230,361,1,2
1230,362,1,2
1230,363,1,2
1230,364,1,2
1230,365,1,2
1230,366,1,2
1230,367,1,2
1230,368,1,2
1230,369,1,2
1230,370,1,2
1230,371,1,2
1230,372,1,2
1230,373,1,2
1230,374,1,2
1230,375,1,2
1230,376,1,2
1230,377,1,2
1230,378,1,2
1230,379,1,2
1230,380,1,2
1230,381,1,2
1230,382,1,2
1230,383,1,2
1230,384,1,2
1230,385,1,2
1230,386,1,2
1230,387,1,2
1230,388,1,2
1230,389,1,2
1230,390,1,2
1230,391,1,2
1230,392,1,2
1230,393,1,2
1230,394,1,2
1230,395,1,2
1230,396,1,2
1230,397,1,2
1230,398,1,2
1230,399,1,2
1230,400,1,2
1230,401,1,2
1230,402,1,2
1230,403,1,2
1230,404,1,2
1230,405,1,2
1231,149,1,2
1231,150,1,2
1231,151,1,2
1231,152,1,2
1231,153,1,2
1231,154,1,2
1231,155,1,2
1231,156,1,2
1231,157,1,2
1231,158,1,2
1231,159,1,2
1231,160,1,2
1231,161,1,2
1231,162,1,2
1231,163,1,2
1231,164,1,2
1231,165,1,2
1231,166,1,2
1231,167,1,2
1231,168,1,2
1231,169,1,2
1231,170,1,2
1231,171,1,2
1231,172,1,2
1231,173,1,2
1231,174,1,2
1231,175,1,2
1231,176,1,2
1231,177,1,2
1231,178,1,2
1231,179,1,2
1231,180,1,2
1231,181,1,2
1231,182,1,2
1231,183,1,2
1231,184,1,2
1231,185,1,2
1231,186,1,2
1231,187,1,2
1231,188,1,2
1231,189,1,2
1231,190,1,2
1231,191,1,2
1231,192,1,2
1231,193,1,2
1231,194,1,2
1231,195,1,2
1231,196,1,2
1231,197,1,2
1231,198,1,2
1231,199,1,2
1231,200,1,2
1231,201,1,2
1231,202,1,2
1231,203,1,2
1231,204,1,2
1231,205,1,2
1231,206,1,2
1231,207,1,2
1231,208,1,2
1231,209,1,2
1231,210,1,2
1231,211,1,2
1231,212,1,2
1231,213,1,2
1231,214,1,2
1231,215,1,2
1231,216,1,2
1231,217,1,2
1231,218,1,2
1231,219,1,2
1231,220,1,2
1231,221,1,2
1231,222,1,2
1231,223,1,2
1231,224,1,2
1231,225,1,2
1231,226,1,2
1231,227,1,2
1231,228,1,2
1231,229,1,2
1231,230,1,2
1231,231,1,2
1231,232,1,2
1231,233,1,2
1231,234,1,2
1231,235,1,2
1231,236,1,2
1231,237,1,2
1231,238,1,2
1231,239,1,2
1231,240,1,2
1231,241,1,2
1231,242,1,2
1231,243,1,2
1231,244,1,2
1231,245,1,2
1231,246,1,2
1231,247,1,2
1231,248,1,2
1231,249,1,2
1231,250,1,2
1231,251,1,2
1231,252,1,2
1231,253,1,2
1231,254,1,2
1231,255,1,2
1231,256,1,2
1231,257,1,2
1231,258,1,2
1231,259,1,2
1231,260,1,2
1231,261,1,2
1231,262,1,2
1231,263,1,2
1231,264,1,2
1231,265,1,2
1231,266,1,2
1231,267,1,2
1231,268,1,2
1231,269,1,2
1231,270,1,2
1231,271,1,2
1231,272,1,2
1231,273,1,2
1231,274,1,2
1231,275,1,2
1231,276,1,2
1231,277,1,2
1231,278,1,2
1231,279,1,2
1231,280,1,2
1231,281,1,2
1231,282,1,2
1231,283,1,2
1231,284,1,2
1231,285,1,2
1231,286,1,2
1231,287,1,2
1231,288,1,2
1231,289,1,2
1231,290,1,2
1231,291,1,2
1231,292,1,2
1231,293,1,2
1231,294,1,2
1231,295,1,2
1231,296,1,2
1231,297,1,2
1231,298,1,2
1231,299,1,2
1231,300,1,2
1231,301,1,2
1231,302,1,2
1231,303,1,2
1231,304,1,2
1231,305,1,2
1231,306,1,2
1231,307,1,2
1231,308,1,2
1231,309,1,2
1231,310,1,2
1231,311,1,2
1231,312,1,2
1231,313,1,2
1231,314,1,2
1231,315,1,2
1231,316,1,2
1231,317,1,2
1231,318,1,2
1231,319,1,2
1231,320,1,2
1231,321,1,2
1231,322,1,2
1231,323,1,2
1231,324,1,2
1231,325,1,2
1231,326,1,2
1231,327,1,2
1231,328,1,2
1231,329,1,2
1231,330,1,2
1231,331,1,2
1231,332,1,2
1231,333,1,2
1231,334,1,2
1231,335,1,2
1231,336,1,2
1231,337,1,2
1231,338,1,2
1231,339,1,2
1231,340,1,2
1231,341,1,2
1231,342,1,2
1231,343,1,2
1231,344,1,2
1231,345,1,2
1231,346,1,2
1231,347,1,2
1231,348,1,2
1231,349,1,2
1231,350,1,2
1231,351,1,2
1231,352,1,2
1231,353,1,2
1231,354,1,2
1231,355,1,2
1231,356,1,2
1231,357,1,2
1231,358,1,2
1231,359,1,2
1231,360,1,2
1231,361,1,2
1231,362,1,2
1231,363,1,2
1231,364,1,2
1231,365,1,2
1231,366,1,2
1231,367,1,2
1231,368,1,2
1231,369,1,2
1231,370,1,2
1231,371,1,2
1231,372,1,2
1231,373,1,2
1231,374,1,2
1231,375,1,2
1231,376,1,2
1231,377,1,2
1231,378,1,2
1231,379,1,2
1231,380,1,2
1231,381,1,2
1231,382,1,2
1231,383,1,2
1231,384,1,2
1231,385,1,2
1231,386,1,2
1231,387,1,2
1231,388,1,2
1231,389,1,2
1231,390,1,2
1231,391,1,2
1231,392,1,2
1231,393,1,2
1231,394,1,2
1231,395,1,2
1231,396,1,2
1231,397,1,2
1231,398,1,2
1231,399,1,2
1231,400,1,2
1231,401,1,2
1231,402,1,2
1231,403,1,2
1231,404,1,2
1231,405,1,2
1231,406,1,2
1232,148,1,2
1232,149,1,2
1232,150,1,2
1232,151,1,2
1232,152,1,2
1232,153,1,2
1232,154,1,2
1232,155,1,2
1232,156,1,2
1232,157,1,2
1232,158,1,2
1232,159,1,2
1232,160,1,2
1232,161,1,2
1232,162,1,2
1232,163,1,2
1232,164,1,2
1232,165,1,2
1232,166,1,2
1232,167,1,2
1232,168,1,2
1232,169,1,2
1232,170,1,2
1232,171,1,2
1232,172,1,2
1232,173,1,2
1232,174,1,2
1232,175,1,2
1232,176,1,2
1232,177,1,2
1232,178,1,2
1232,179,1,2
1232,180,1,2
1232,181,1,2
1232,182,1,2
1232,183,1,2
1232,184,1,2
1232,185,1,2
1232,186,1,2
1232,187,1,2
1232,188,1,2
1232,189,1,2
1232,190,1,2
1232,191,1,2
1232,192,1,2
1232,193,1,2
1232,194,1,2
1232,195,1,2
1232,196,1,2
1232,197,1,2
1232,198,1,2
1232,199,1,2
1232,200,1,2
1232,201,1,2
1232,202,1,2
1232,203,1,2
1232,204,1,2
1232,205,1,2
1232,206,1,2
1232,207,1,2
1232,208,1,2
1232,209,1,2
1232,210,1,2
1232,211,1,2
1232,212,1,2
1232,213,1,2
1232,214,1,2
1232,215,1,2
1232,216,1,2
1232,217,1,2
1232,218,1,2
1232,219,1,2
1232,220,1,2
1232,221,1,2
1232,222,1,2
1232,223,1,2
1232,224,1,2
1232,225,1,2
1232,226,1,2
1232,227,1,2
1232,228,1,2
1232,229,1,2
1232,230,1,2
1232,231,1,2
1232,232,1,2
1232,233,1,2
1232,234,1,2
1232,235,1,2
1232,236,1,2
1232,237,1,2
1232,238,1,2
1232,239,1,2
1232,240,1,2
1232,241,1,2
1232,242,1,2
1232,243,1,2
1232,244,1,2
1232,245,1,2
1232,246,1,2
1232,247,1,2
1232,248,1,2
1232,249,1,2
1232,250,1,2
1232,251,1,2
1232,252,1,2
1232,253,1,2
1232,254,1,2
1232,255,1,2
1232,256,1,2
1232,257,1,2
1232,258,1,2
1232,259,1,2
1232,260,1,2
1232,261,1,2
1232,262,1,2
1232,263,1,2
1232,264,1,2
1232,265,1,2
1232,266,1,2
1232,267,1,2
1232,268,1,2
1232,269,1,2
1232,270,1,2
1232,271,1,2
1232,272,1,2
1232,273,1,2
1232,274,1,2
1232,275,1,2
1232,276,1,2
1232,277,1,2
1232,278,1,2
1232,279,1,2
1232,280,1,2
1232,281,1,2
1232,282,1,2
1232,283,1,2
1232,284,1,2
1232,285,1,2
1232,286,1,2
1232,287,1,2
1232,288,1,2
1232,289,1,2
1232,290,1,2
1232,291,1,2
1232,292,1,2
1232,293,1,2
1232,294,1,2
1232,295,1,2
1232,296,1,2
1232,297,1,2
1232,298,1,2
1232,299,1,2
1232,300,1,2
1232,301,1,2
1232,302,1,2
1232,303,1,2
1232,304,1,2
1232,305,1,2
1232,306,1,2
1232,307,1,2
1232,308,1,2
1232,309,1,2
1232,310,1,2
1232,311,1,2
1232,312,1,2
1232,313,1,2
1232,314,1,2
1232,315,1,2
1232,316,1,2
1232,317,1,2
1232,318,1,2
1232,319,1,2
1232,320,1,2
1232,321,1,2
1232,322,1,2
1232,323,1,2
1232,324,1,2
1232,325,1,2
1232,326,1,2
1232,327,1,2
1232,328,1,2
1232,329,1,2
1232,330,1,2
1232,331,1,2
1232,332,1,2
1232,333,1,2
1232,334,1,2
1232,335,1,2
1232,336,1,2
1232,337,1,2
1232,338,1,2
1232,339,1,2
1232,340,1,2
1232,341,1,2
1232,342,1,2
1232,343,1,2
1232,344,1,2
1232,345,1,2
1232,346,1,2
1232,347,1,2
1232,348,1,2
1232,349,1,2
1232,350,1,2
1232,351,1,2
1232,352,1,2
1232,353,1,2
1232,354,1,2
1232,355,1,2
1232,356,1,2
1232,357,1,2
1232,358,1,2
1232,359,1,2
1232,360,1,2
1232,361,1,2
1232,362,1,2
1232,363,1,2
1232,364,1,2
1232,365,1,2
1232,366,1,2
1232,367,1,2
1232,368,1,2
1232,369,1,2
1232,370,1,2
1232,371,1,2
1232,372,1,2
1232,373,1,2
1232,374,1,2
1232,375,1,2
1232,376,1,2
1232,377,1,2
1232,378,1,2
1232,379,1,2
1232,380,1,2
1232,381,1,2
1232,382,1,2
1232,383,1,2
1232,384,1,2
1232,385,1,2
1232,386,1,2
1232,387,1,2
1232,388,1,2
1232,389,1,2
1232,390,1,2
1232,391,1,2
1232,392,1,2
1232,393,1,2
1232,394,1,2
1232,395,1,2
1232,396,1,2
1232,397,1,2
1232,398,1,2
1232,399,1,2
1232,400,1,2
1232,401,1,2
1232,402,1,2
1232,403,1,2
1232,404,1,2
1232,405,1,2
1232,406,1,2
1232,407,1,2
1233,148,1,2
1233,149,1,2
1233,150,1,2
1233,151,1,2
1233,152,1,2
1233,153,1,2
1233,154,1,2
1233,155,1,2
1233,156,1,2
1233,157,1,2
1233,158,1,2
1233,159,1,2
1233,160,1,2
1233,161,1,2
1233,162,1,2
1233,163,1,2
1233,164,1,2
1233,165,1,2
1233,166,1,2
1233,167,1,2
1233,168,1,2
1233,169,1,2
1233,170,1,2
1233,171,1,2
1233,172,1,2
1233,173,1,2
1233,174,1,2
1233,175,1,2
1233,176,1,2
1233,177,1,2
1233,178,1,2
1233,179,1,2
1233,180,1,2
1233,181,1,2
1233,182,1,2
1233,183,1,2
1233,184,1,2
1233,185,1,2
1233,186,1,2
1233,187,1,2
1233,188,1,2
1233,189,1,2
1233,190,1,2
1233,191,1,2
1233,192,1,2
1233,193,1,2
1233,194,1,2
1233,195,1,2
1233,196,1,2
1233,197,1,2
1233,198,1,2
1233,199,1,2
1233,200,1,2
1233,201,1,2
1233,202,1,2
1233,203,1,2
1233,204,1,2
1233,205,1,2
1233,206,1,2
1233,207,1,2
1233,208,1,2
1233,209,1,2
1233,210,1,2
1233,211,1,2
1233,212,1,2
1233,213,1,2
1233,214,1,2
1233,215,1,2
1233,216,1,2
1233,217,1,2
1233,218,1,2
1233,219,1,2
1233,220,1,2
1233,221,1,2
1233,222,1,2
1233,223,1,2
1233,224,1,2
1233,225,1,2
1233,226,1,2
1233,227,1,2
1233,228,1,2
1233,229,1,2
1233,230,1,2
1233,231,1,2
1233,232,1,2
1233,233,1,2
1233,234,1,2
1233,235,1,2
1233,236,1,2
1233,237,1,2
1233,238,1,2
1233,239,1,2
1233,240,1,2
1233,241,1,2
1233,242,1,2
1233,243,1,2
1233,244,1,2
1233,245,1,2
1233,246,1,2
1233,247,1,2
1233,248,1,2
1233,249,1,2
1233,250,1,2
1233,251,1,2
1233,252,1,2
1233,253,1,2
1233,254,1,2
1233,255,1,2
1233,256,1,2
1233,257,1,2
1233,258,1,2
1233,259,1,2
1233,260,1,2
1233,261,1,2
1233,262,1,2
1233,263,1,2
1233,264,1,2
1233,265,1,2
1233,266,1,2
1233,267,1,2
1233,268,1,2
1233,269,1,2
1233,270,1,2
1233,271,1,2
1233,272,1,2
1233,273,1,2
1233,274,1,2
1233,275,1,2
1233,276,1,2
1233,277,1,2
1233,278,1,2
1233,279,1,2
1233,280,1,2
1233,281,1,2
1233,282,1,2
1233,283,1,2
1233,284,1,2
1233,285,1,2
1233,286,1,2
1233,287,1,2
1233,288,1,2
1233,289,1,2
1233,290,1,2
1233,291,1,2
1233,292,1,2
1233,293,1,2
1233,294,1,2
1233,295,1,2
1233,296,1,2
1233,297,1,2
1233,298,1,2
1233,299,1,2
1233,300,1,2
1233,301,1,2
1233,302,1,2
1233,303,1,2
1233,304,1,2
1233,305,1,2
1233,306,1,2
1233,307,1,2
1233,308,1,2
1233,309,1,2
1233,310,1,2
1233,311,1,2
1233,312,1,2
1233,313,1,2
1233,314,1,2
1233,315,1,2
1233,316,1,2
1233,317,1,2
1233,318,1,2
1233,319,1,2
1233,320,1,2
1233,321,1,2
1233,322,1,2
1233,323,1,2
1233,324,1,2
1233,325,1,2
1233,326,1,2
1233,327,1,2
1233,328,1,2
1233,329,1,2
1233,330,1,2
1233,331,1,2
1233,332,1,2
1233,333,1,2
1233,334,1,2
1233,335,1,2
1233,336,1,2
1233,337,1,2
1233,338,1,2
1233,339,1,2
1233,340,1,2
1233,341,1,2
1233,342,1,2
1233,343,1,2
1233,344,1,2
1233,345,1,2
1233,346,1,2
1233,347,1,2
1233,348,1,2
1233,349,1,2
1233,350,1,2
1233,351,1,2
1233,352,1,2
1233,353,1,2
1233,354,1,2
1233,355,1,2
1233,356,1,2
1233,357,1,2
1233,358,1,2
1233,359,1,2
1233,360,1,2
1233,361,1,2
1233,362,1,2
1233,363,1,2
1233,364,1,2
1233,365,1,2
1233,366,1,2
1233,367,1,2
1233,368,1,2
1233,369,1,2
1233,370,1,2
1233,371,1,2
1233,372,1,2
1233,373,1,2
1233,374,1,2
1233,375,1,2
1233,376,1,2
1233,377,1,2
1233,378,1,2
1233,379,1,2
1233,380,1,2
1233,381,1,2
1233,382,1,2
1233,383,1,2
1233,384,1,2
1233,385,1,2
1233,386,1,2
1233,387,1,2
1233,388,1,2
1233,389,1,2
1233,390,1,2
1233,391,1,2
1233,392,1,2
1233,393,1,2
1233,394,1,2
1233,395,1,2
1233,396,1,2
1233,397,1,2
1233,398,1,2
1233,399,1,2
1233,400,1,2
1233,401,1,2
1233,402,1,2
1233,403,1,2
1233,404,1,2
1233,405,1,2
1233,406,1,2
1233,407,1,2
1233,408,1,2
1234,147,1,2
1234,148,1,2
1234,149,1,2
1234,150,1,2
1234,151,1,2
1234,152,1,2
1234,153,1,2
1234,154,1,2
1234,155,1,2
1234,156,1,2
1234,157,1,2
1234,158,1,2
1234,159,1,2
1234,160,1,2
1234,161,1,2
1234,162,1,2
1234,163,1,2
1234,164,1,2
1234,165,1,2
1234,166,1,2
1234,167,1,2
1234,168,1,2
1234,169,1,2
1234,170,1,2
1234,171,1,2
1234,172,1,2
1234,173,1,2
1234,174,1,2
1234,175,1,2
1234,176,1,2
1234,177,1,2
1234,178,1,2
1234,179,1,2
1234,180,1,2
1234,181,1,2
1234,182,1,2
1234,183,1,2
1234,184,1,2
1234,185,1,2
1234,186,1,2
1234,187,1,2
1234,188,1,2
1234,189,1,2
1234,190,1,2
1234,191,1,2
1234,192,1,2
1234,193,1,2
1234,194,1,2
1234,195,1,2
1234,196,1,2
1234,197,1,2
1234,198,1,2
1234,199,1,2
1234,200,1,2
1234,201,1,2
1234,202,1,2
1234,203,1,2
1234,204,1,2
1234,205,1,2
1234,206,1,2
1234,207,1,2
1234,208,1,2
1234,209,1,2
1234,210,1,2
1234,211,1,2
1234,212,1,2
1234,213,1,2
1234,214,1,2
1234,215,1,2
1234,216,1,2
1234,217,1,2
1234,218,1,2
1234,219,1,2
1234,220,1,2
1234,221,1,2
1234,222,1,2
1234,223,1,2
1234,224,1,2
1234,225,1,2
1234,226,1,2
1234,227,1,2
1234,228,1,2
1234,229,1,2
1234,230,1,2
1234,231,1,2
1234,232,1,2
1234,233,1,2
1234,234,1,2
1234,235,1,2
1234,236,1,2
1234,237,1,2
1234,238,1,2
1234,239,1,2
1234,240,1,2
1234,241,1,2
1234,242,1,2
1234,243,1,2
1234,244,1,2
1234,245,1,2
1234,246,1,2
1234,247,1,2
1234,248,1,2
1234,249,1,2
1234,250,1,2
1234,251,1,2
1234,252,1,2
1234,253,1,2
1234,254,1,2
1234,255,1,2
1234,256,1,2
1234,257,1,2
1234,258,1,2
1234,259,1,2
1234,260,1,2
1234,261,1,2
1234,262,1,2
1234,263,1,2
1234,264,1,2
1234,265,1,2
1234,266,1,2
1234,267,1,2
1234,268,1,2
1234,269,1,2
1234,270,1,2
1234,271,1,2
1234,272,1,2
1234,273,1,2
1234,274,1,2
1234,275,1,2
1234,276,1,2
1234,277,1,2
1234,278,1,2
1234,279,1,2
1234,280,1,2
1234,281,1,2
1234,282,1,2
1234,283,1,2
1234,284,1,2
1234,285,1,2
1234,286,1,2
1234,287,1,2
1234,288,1,2
1234,289,1,2
1234,290,1,2
1234,291,1,2
1234,292,1,2
1234,293,1,2
1234,294,1,2
1234,295,1,2
1234,296,1,2
1234,297,1,2
1234,298,1,2
1234,299,1,2
1234,300,1,2
1234,301,1,2
1234,302,1,2
1234,303,1,2
1234,304,1,2
1234,305,1,2
1234,306,1,2
1234,307,1,2
1234,308,1,2
1234,309,1,2
1234,310,1,2
1234,311,1,2
1234,312,1,2
1234,313,1,2
1234,314,1,2
1234,315,1,2
1234,316,1,2
1234,317,1,2
1234,318,1,2
1234,319,1,2
1234,320,1,2
1234,321,1,2
1234,322,1,2
1234,323,1,2
1234,324,1,2
1234,325,1,2
1234,326,1,2
1234,327,1,2
1234,328,1,2
1234,329,1,2
1234,330,1,2
1234,331,1,2
1234,332,1,2
1234,333,1,2
1234,334,1,2
1234,335,1,2
1234,336,1,2
1234,337,1,2
1234,338,1,2
1234,339,1,2
1234,340,1,2
1234,341,1,2
1234,342,1,2
1234,343,1,2
1234,344,1,2
1234,345,1,2
1234,346,1,2
1234,347,1,2
1234,348,1,2
1234,349,1,2
1234,350,1,2
1234,351,1,2
1234,352,1,2
1234,353,1,2
1234,354,1,2
1234,355,1,2
1234,356,1,2
1234,357,1,2
1234,358,1,2
1234,359,1,2
1234,360,1,2
1234,361,1,2
1234,362,1,2
1234,363,1,2
1234,364,1,2
1234,365,1,2
1234,366,1,2
1234,367,1,2
1234,368,1,2
1234,369,1,2
1234,370,1,2
1234,371,1,2
1234,372,1,2
1234,373,1,2
1234,374,1,2
1234,375,1,2
1234,376,1,2
1234,377,1,2
1234,378,1,2
1234,379,1,2
1234,380,1,2
1234,381,1,2
1234,382,1,2
1234,383,1,2
1234,384,1,2
1234,385,1,2
1234,386,1,2
1234,387,1,2
1234,388,1,2
1234,389,1,2
1234,390,1,2
1234,391,1,2
1234,392,1,2
1234,393,1,2
1234,394,1,2
1234,395,1,2
1234,396,1,2
1234,397,1,2
1234,398,1,2
1234,399,1,2
1234,400,1,2
1234,401,1,2
1234,402,1,2
1234,403,1,2
1234,404,1,2
1234,405,1,2
1234,406,1,2
1234,407,1,2
1234,408,1,2
1234,409,1,2
1235,146,1,2
1235,147,1,2
1235,148,1,2
1235,149,1,2
1235,150,1,2
1235,151,1,2
1235,152,1,2
1235,153,1,2
1235,154,1,2
1235,155,1,2
1235,156,1,2
1235,157,1,2
1235,158,1,2
1235,159,1,2
1235,160,1,2
1235,161,1,2
1235,162,1,2
1235,163,1,2
1235,164,1,2
1235,165,1,2
1235,166,1,2
1235,167,1,2
1235,168,1,2
1235,169,1,2
1235,170,1,2
1235,171,1,2
1235,172,1,2
1235,173,1,2
1235,174,1,2
1235,175,1,2
1235,176,1,2
1235,177,1,2
1235,178,1,2
1235,179,1,2
1235,180,1,2
1235,181,1,2
1235,182,1,2
1235,183,1,2
1235,184,1,2
1235,185,1,2
1235,186,1,2
1235,187,1,2
1235,188,1,2
1235,189,1,2
1235,190,1,2
1235,191,1,2
1235,192,1,2
1235,193,1,2
1235,194,1,2
1235,195,1,2
1235,196,1,2
1235,197,1,2
1235,198,1,2
1235,199,1,2
1235,200,1,2
1235,201,1,2
1235,202,1,2
1235,203,1,2
1235,204,1,2
1235,205,1,2
1235,206,1,2
1235,207,1,2
1235,208,1,2
1235,209,1,2
1235,210,1,2
1235,211,1,2
1235,212,1,2
1235,213,1,2
1235,214,1,2
1235,215,1,2
1235,216,1,2
1235,217,1,2
1235,218,1,2
1235,219,1,2
1235,220,1,2
1235,221,1,2
1235,222,1,2
1235,223,1,2
1235,224,1,2
1235,225,1,2
1235,226,1,2
1235,227,1,2
1235,228,1,2
1235,229,1,2
1235,230,1,2
1235,231,1,2
1235,232,1,2
1235,233,1,2
1235,234,1,2
1235,235,1,2
1235,236,1,2
1235,237,1,2
1235,238,1,2
1235,239,1,2
1235,240,1,2
1235,241,1,2
1235,242,1,2
1235,243,1,2
1235,244,1,2
1235,245,1,2
1235,246,1,2
1235,247,1,2
1235,248,1,2
1235,249,1,2
1235,250,1,2
1235,251,1,2
1235,252,1,2
1235,253,1,2
1235,254,1,2
1235,255,1,2
1235,256,1,2
1235,257,1,2
1235,258,1,2
1235,259,1,2
1235,260,1,2
1235,261,1,2
1235,262,1,2
1235,263,1,2
1235,264,1,2
1235,265,1,2
1235,266,1,2
1235,267,1,2
1235,268,1,2
1235,269,1,2
1235,270,1,2
1235,271,1,2
1235,272,1,2
1235,273,1,2
1235,274,1,2
1235,275,1,2
1235,276,1,2
1235,277,1,2
1235,278,1,2
1235,279,1,2
1235,280,1,2
1235,281,1,2
1235,282,1,2
1235,283,1,2
1235,284,1,2
1235,285,1,2
1235,286,1,2
1235,287,1,2
1235,288,1,2
1235,289,1,2
1235,290,1,2
1235,291,1,2
1235,292,1,2
1235,293,1,2
1235,294,1,2
1235,295,1,2
1235,296,1,2
1235,297,1,2
1235,298,1,2
1235,299,1,2
1235,300,1,2
1235,301,1,2
1235,302,1,2
1235,303,1,2
1235,304,1,2
1235,305,1,2
1235,306,1,2
1235,307,1,2
1235,308,1,2
1235,309,1,2
1235,310,1,2
1235,311,1,2
1235,312,1,2
1235,313,1,2
1235,314,1,2
1235,315,1,2
1235,316,1,2
1235,317,1,2
1235,318,1,2
1235,319,1,2
1235,320,1,2
1235,321,1,2
1235,322,1,2
1235,323,1,2
1235,324,1,2
1235,325,1,2
1235,326,1,2
1235,327,1,2
1235,328,1,2
1235,329,1,2
1235,330,1,2
1235,331,1,2
1235,332,1,2
1235,333,1,2
1235,334,1,2
1235,335,1,2
1235,336,1,2
1235,337,1,2
1235,338,1,2
1235,339,1,2
1235,340,1,2
1235,341,1,2
1235,342,1,2
1235,343,1,2
1235,344,1,2
1235,345,1,2
1235,346,1,2
1235,347,1,2
1235,348,1,2
1235,349,1,2
1235,350,1,2
1235,351,1,2
1235,352,1,2
1235,353,1,2
1235,354,1,2
1235,355,1,2
1235,356,1,2
1235,357,1,2
1235,358,1,2
1235,359,1,2
1235,360,1,2
1235,361,1,2
1235,362,1,2
1235,363,1,2
1235,364,1,2
1235,365,1,2
1235,366,1,2
1235,367,1,2
1235,368,1,2
1235,369,1,2
1235,370,1,2
1235,371,1,2
1235,372,1,2
1235,373,1,2
1235,374,1,2
1235,375,1,2
1235,376,1,2
1235,377,1,2
1235,378,1,2
1235,379,1,2
1235,380,1,2
1235,381,1,2
1235,382,1,2
1235,383,1,2
1235,384,1,2
1235,385,1,2
1235,386,1,2
1235,387,1,2
1235,388,1,2
1235,389,1,2
1235,390,1,2
1235,391,1,2
1235,392,1,2
1235,393,1,2
1235,394,1,2
1235,395,1,2
1235,396,1,2
1235,397,1,2
1235,398,1,2
1235,399,1,2
1235,400,1,2
1235,401,1,2
1235,402,1,2
1235,403,1,2
1235,404,1,2
1235,405,1,2
1235,406,1,2
1235,407,1,2
1235,408,1,2
1235,409,1,2
1235,410,1,2
1236,146,1,2
1236,147,1,2
1236,148,1,2
1236,149,1,2
1236,150,1,2
1236,151,1,2
1236,152,1,2
1236,153,1,2
1236,154,1,2
1236,155,1,2
1236,156,1,2
1236,157,1,2
1236,158,1,2
1236,159,1,2
1236,160,1,2
1236,161,1,2
1236,162,1,2
1236,163,1,2
1236,164,1,2
1236,165,1,2
1236,166,1,2
1236,167,1,2
1236,168,1,2
1236,169,1,2
1236,170,1,2
1236,171,1,2
1236,172,1,2
1236,173,1,2
1236,174,1,2
1236,175,1,2
1236,176,1,2
1236,177,1,2
1236,178,1,2
1236,179,1,2
1236,180,1,2
1236,181,1,2
1236,182,1,2
1236,183,1,2
1236,184,1,2
1236,185,1,2
1236,186,1,2
1236,187,1,2
1236,188,1,2
1236,189,1,2
1236,190,1,2
1236,191,1,2
1236,192,1,2
1236,193,1,2
1236,194,1,2
1236,195,1,2
1236,196,1,2
1236,197,1,2
1236,198,1,2
1236,199,1,2
1236,200,1,2
1236,201,1,2
1236,202,1,2
1236,203,1,2
1236,204,1,2
1236,205,1,2
1236,206,1,2
1236,207,1,2
1236,208,1,2
1236,209,1,2
1236,210,1,2
1236,211,1,2
1236,212,1,2
1236,213,1,2
1236,214,1,2
1236,215,1,2
1236,216,1,2
1236,217,1,2
1236,218,1,2
1236,219,1,2
1236,220,1,2
1236,221,1,2
1236,222,1,2
1236,223,1,2
1236,224,1,2
1236,225,1,2
1236,226,1,2
1236,227,1,2
1236,228,1,2
1236,229,1,2
1236,230,1,2
1236,231,1,2
1236,232,1,2
1236,233,1,2
1236,234,1,2
1236,235,1,2
1236,236,1,2
1236,237,1,2
1236,238,1,2
1236,239,1,2
1236,240,1,2
1236,241,1,2
1236,242,1,2
1236,243,1,2
1236,244,1,2
1236,245,1,2
1236,246,1,2
1236,247,1,2
1236,248,1,2
1236,249,1,2
1236,250,1,2
1236,251,1,2
1236,252,1,2
1236,253,1,2
1236,254,1,2
1236,255,1,2
1236,256,1,2
1236,257,1,2
1236,258,1,2
1236,259,1,2
1236,260,1,2
1236,261,1,2
1236,262,1,2
1236,263,1,2
1236,264,1,2
1236,265,1,2
1236,266,1,2
1236,267,1,2
1236,268,1,2
1236,269,1,2
1236,270,1,2
1236,271,1,2
1236,272,1,2
1236,273,1,2
1236,274,1,2
1236,275,1,2
1236,276,1,2
1236,277,1,2
1236,278,1,2
1236,279,1,2
1236,280,1,2
1236,281,1,2
1236,282,1,2
1236,283,1,2
1236,284,1,2
1236,285,1,2
1236,286,1,2
1236,287,1,2
1236,288,1,2
1236,289,1,2
1236,290,1,2
1236,291,1,2
1236,292,1,2
1236,293,1,2
1236,294,1,2
1236,295,1,2
1236,296,1,2
1236,297,1,2
1236,298,1,2
1236,299,1,2
1236,300,1,2
1236,301,1,2
1236,302,1,2
1236,303,1,2
1236,304,1,2
1236,305,1,2
1236,306,1,2
1236,307,1,2
1236,308,1,2
1236,309,1,2
1236,310,1,2
1236,311,1,2
1236,312,1,2
1236,313,1,2
1236,314,1,2
1236,315,1,2
1236,316,1,2
1236,317,1,2
1236,318,1,2
1236,319,1,2
1236,320,1,2
1236,321,1,2
1236,322,1,2
1236,323,1,2
1236,324,1,2
1236,325,1,2
1236,326,1,2
1236,327,1,2
1236,328,1,2
1236,329,1,2
1236,330,1,2
1236,331,1,2
1236,332,1,2
1236,333,1,2
1236,334,1,2
1236,335,1,2
1236,336,1,2
1236,337,1,2
1236,338,1,2
1236,339,1,2
1236,340,1,2
1236,341,1,2
1236,342,1,2
1236,343,1,2
1236,344,1,2
1236,345,1,2
1236,346,1,2
1236,347,1,2
1236,348,1,2
1236,349,1,2
1236,350,1,2
1236,351,1,2
1236,352,1,2
1236,353,1,2
1236,354,1,2
1236,355,1,2
1236,356,1,2
1236,357,1,2
1236,358,1,2
1236,359,1,2
1236,360,1,2
1236,361,1,2
1236,362,1,2
1236,363,1,2
1236,364,1,2
1236,365,1,2
1236,366,1,2
1236,367,1,2
1236,368,1,2
1236,369,1,2
1236,370,1,2
1236,371,1,2
1236,372,1,2
1236,373,1,2
1236,374,1,2
1236,375,1,2
1236,376,1,2
1236,377,1,2
1236,378,1,2
1236,379,1,2
1236,380,1,2
1236,381,1,2
1236,382,1,2
1236,383,1,2
1236,384,1,2
1236,385,1,2
1236,386,1,2
1236,387,1,2
1236,388,1,2
1236,389,1,2
1236,390,1,2
1236,391,1,2
1236,392,1,2
1236,393,1,2
1236,394,1,2
1236,395,1,2
1236,396,1,2
1236,397,1,2
1236,398,1,2
1236,399,1,2
1236,400,1,2
1236,401,1,2
1236,402,1,2
1236,403,1,2
1236,404,1,2
1236,405,1,2
1236,406,1,2
1236,407,1,2
1236,408,1,2
1236,409,1,2
1236,410,1,2
1236,411,1,2
1237,146,1,2
1237,147,1,2
1237,148,1,2
1237,149,1,2
1237,150,1,2
1237,151,1,2
1237,152,1,2
1237,153,1,2
1237,154,1,2
1237,155,1,2
1237,156,1,2
1237,157,1,2
1237,158,1,2
1237,159,1,2
1237,160,1,2
1237,161,1,2
1237,162,1,2
1237,163,1,2
1237,164,1,2
1237,165,1,2
1237,166,1,2
1237,167,1,2
1237,168,1,2
1237,169,1,2
1237,170,1,2
1237,171,1,2
1237,172,1,2
1237,173,1,2
1237,174,1,2
1237,175,1,2
1237,176,1,2
1237,177,1,2
1237,178,1,2
1237,179,1,2
1237,180,1,2
1237,181,1,2
1237,182,1,2
1237,183,1,2
1237,184,1,2
1237,185,1,2
1237,186,1,2
1237,187,1,2
1237,188,1,2
1237,189,1,2
1237,190,1,2
1237,191,1,2
1237,192,1,2
1237,193,1,2
1237,194,1,2
1237,195,1,2
1237,196,1,2
1237,197,1,2
1237,198,1,2
1237,199,1,2
1237,200,1,2
1237,201,1,2
1237,202,1,2
1237,203,1,2
1237,204,1,2
1237,205,1,2
1237,206,1,2
1237,207,1,2
1237,208,1,2
1237,209,1,2
1237,210,1,2
1237,211,1,2
1237,212,1,2
1237,213,1,2
1237,214,1,2
1237,215,1,2
1237,216,1,2
1237,217,1,2
1237,218,1,2
1237,219,1,2
1237,220,1,2
1237,221,1,2
1237,222,1,2
1237,223,1,2
1237,224,1,2
1237,225,1,2
1237,226,1,2
1237,227,1,2
1237,228,1,2
1237,229,1,2
1237,230,1,2
1237,231,1,2
1237,232,1,2
1237,233,1,2
1237,234,1,2
1237,235,1,2
1237,236,1,2
1237,237,1,2
1237,238,1,2
1237,239,1,2
1237,240,1,2
1237,241,1,2
1237,242,1,2
1237,243,1,2
1237,244,1,2
1237,245,1,2
1237,246,1,2
1237,247,1,2
1237,248,1,2
1237,249,1,2
1237,250,1,2
1237,251,1,2
1237,252,1,2
1237,253,1,2
1237,254,1,2
1237,255,1,2
1237,256,1,2
1237,257,1,2
1237,258,1,2
1237,259,1,2
1237,260,1,2
1237,261,1,2
1237,262,1,2
1237,263,1,2
1237,264,1,2
1237,265,1,2
1237,266,1,2
1237,267,1,2
1237,268,1,2
1237,269,1,2
1237,270,1,2
1237,271,1,2
1237,272,1,2
1237,273,1,2
1237,274,1,2
1237,275,1,2
1237,276,1,2
1237,277,1,2
1237,278,1,2
1237,279,1,2
1237,280,1,2
1237,281,1,2
1237,282,1,2
1237,283,1,2
1237,284,1,2
1237,285,1,2
1237,286,1,2
1237,287,1,2
1237,288,1,2
1237,289,1,2
1237,290,1,2
1237,291,1,2
1237,292,1,2
1237,293,1,2
1237,294,1,2
1237,295,1,2
1237,296,1,2
1237,297,1,2
1237,298,1,2
1237,299,1,2
1237,300,1,2
1237,301,1,2
1237,302,1,2
1237,303,1,2
1237,304,1,2
1237,305,1,2
1237,306,1,2
1237,307,1,2
1237,308,1,2
1237,309,1,2
1237,310,1,2
1237,311,1,2
1237,312,1,2
1237,313,1,2
1237,314,1,2
1237,315,1,2
1237,316,1,2
1237,317,1,2
1237,318,1,2
1237,319,1,2
1237,320,1,2
1237,321,1,2
1237,322,1,2
1237,323,1,2
1237,324,1,2
1237,325,1,2
1237,326,1,2
1237,327,1,2
1237,328,1,2
1237,329,1,2
1237,330,1,2
1237,331,1,2
1237,332,1,2
1237,333,1,2
1237,334,1,2
1237,335,1,2
1237,336,1,2
1237,337,1,2
1237,338,1,2
1237,339,1,2
1237,340,1,2
1237,341,1,2
1237,342,1,2
1237,343,1,2
1237,344,1,2
1237,345,1,2
1237,346,1,2
1237,347,1,2
1237,348,1,2
1237,349,1,2
1237,350,1,2
1237,351,1,2
1237,352,1,2
1237,353,1,2
1237,354,1,2
1237,355,1,2
1237,356,1,2
1237,357,1,2
1237,358,1,2
1237,359,1,2
1237,360,1,2
1237,361,1,2
1237,362,1,2
1237,363,1,2
1237,364,1,2
1237,365,1,2
1237,366,1,2
1237,367,1,2
1237,368,1,2
1237,369,1,2
1237,370,1,2
1237,371,1,2
1237,372,1,2
1237,373,1,2
1237,374,1,2
1237,375,1,2
1237,376,1,2
1237,377,1,2
1237,378,1,2
1237,379,1,2
1237,380,1,2
1237,381,1,2
1237,382,1,2
1237,383,1,2
1237,384,1,2
1237,385,1,2
1237,386,1,2
1237,387,1,2
1237,388,1,2
1237,389,1,2
1237,390,1,2
1237,391,1,2
1237,392,1,2
1237,393,1,2
1237,394,1,2
1237,395,1,2
1237,396,1,2
1237,397,1,2
1237,398,1,2
1237,399,1,2
1237,400,1,2
1237,401,1,2
1237,402,1,2
1237,403,1,2
1237,404,1,2
1237,405,1,2
1237,406,1,2
1237,407,1,2
1237,408,1,2
1237,409,1,2
1237,410,1,2
1237,411,1,2
1237,412,1,2
1238,145,1,2
1238,146,1,2
1238,147,1,2
1238,148,1,2
1238,149,1,2
1238,150,1,2
1238,151,1,2
1238,152,1,2
1238,153,1,2
1238,154,1,2
1238,155,1,2
1238,156,1,2
1238,157,1,2
1238,158,1,2
1238,159,1,2
1238,160,1,2
1238,161,1,2
1238,162,1,2
1238,163,1,2
1238,164,1,2
1238,165,1,2
1238,166,1,2
1238,167,1,2
1238,168,1,2
1238,169,1,2
1238,170,1,2
1238,171,1,2
1238,172,1,2
1238,173,1,2
1238,174,1,2
1238,175,1,2
1238,176,1,2
1238,177,1,2
1238,178,1,2
1238,179,1,2
1238,180,1,2
1238,181,1,2
1238,182,1,2
1238,183,1,2
1238,184,1,2
1238,185,1,2
1238,186,1,2
1238,187,1,2
1238,188,1,2
1238,189,1,2
1238,190,1,2
1238,191,1,2
1238,192,1,2
1238,193,1,2
1238,194,1,2
1238,195,1,2
1238,196,1,2
1238,197,1,2
1238,198,1,2
1238,199,1,2
1238,200,1,2
1238,201,1,2
1238,202,1,2
1238,203,1,2
1238,204,1,2
1238,205,1,2
1238,206,1,2
1238,207,1,2
1238,208,1,2
1238,209,1,2
1238,210,1,2
1238,211,1,2
1238,212,1,2
1238,213,1,2
1238,214,1,2
1238,215,1,2
1238,216,1,2
1238,217,1,2
1238,218,1,2
1238,219,1,2
1238,220,1,2
1238,221,1,2
1238,222,1,2
1238,223,1,2
1238,224,1,2
1238,225,1,2
1238,226,1,2
1238,227,1,2
1238,228,1,2
1238,229,1,2
1238,230,1,2
1238,231,1,2
1238,232,1,2
1238,233,1,2
1238,234,1,2
1238,235,1,2
1238,236,1,2
1238,237,1,2
1238,238,1,2
1238,239,1,2
1238,240,1,2
1238,241,1,2
1238,242,1,2
1238,243,1,2
1238,244,1,2
1238,245,1,2
1238,246,1,2
1238,247,1,2
1238,248,1,2
1238,249,1,2
1238,250,1,2
1238,251,1,2
1238,252,1,2
1238,253,1,2
1238,254,1,2
1238,255,1,2
1238,256,1,2
1238,257,1,2
1238,258,1,2
1238,259,1,2
1238,260,1,2
1238,261,1,2
1238,262,1,2
1238,263,1,2
1238,264,1,2
1238,265,1,2
1238,266,1,2
1238,267,1,2
1238,268,1,2
1238,269,1,2
1238,270,1,2
1238,271,1,2
1238,272,1,2
1238,273,1,2
1238,274,1,2
1238,275,1,2
1238,276,1,2
1238,277,1,2
1238,278,1,2
1238,279,1,2
1238,280,1,2
1238,281,1,2
1238,282,1,2
1238,283,1,2
1238,284,1,2
1238,285,1,2
1238,286,1,2
1238,287,1,2
1238,288,1,2
1238,289,1,2
1238,290,1,2
1238,291,1,2
1238,292,1,2
1238,293,1,2
1238,294,1,2
1238,295,1,2
1238,296,1,2
1238,297,1,2
1238,298,1,2
1238,299,1,2
1238,300,1,2
1238,301,1,2
1238,302,1,2
1238,303,1,2
1238,304,1,2
1238,305,1,2
1238,306,1,2
1238,307,1,2
1238,308,1,2
1238,309,1,2
1238,310,1,2
1238,311,1,2
1238,312,1,2
1238,313,1,2
1238,314,1,2
1238,315,1,2
1238,316,1,2
1238,317,1,2
1238,318,1,2
1238,319,1,2
1238,320,1,2
1238,321,1,2
1238,322,1,2
1238,323,1,2
1238,324,1,2
1238,325,1,2
1238,326,1,2
1238,327,1,2
1238,328,1,2
1238,329,1,2
1238,330,1,2
1238,331,1,2
1238,332,1,2
1238,333,1,2
1238,334,1,2
1238,335,1,2
1238,336,1,2
1238,337,1,2
1238,338,1,2
1238,339,1,2
1238,340,1,2
1238,341,1,2
1238,342,1,2
1238,343,1,2
1238,344,1,2
1238,345,1,2
1238,346,1,2
1238,347,1,2
1238,348,1,2
1238,349,1,2
1238,350,1,2
1238,351,1,2
1238,352,1,2
1238,353,1,2
1238,354,1,2
1238,355,1,2
1238,356,1,2
1238,357,1,2
1238,358,1,2
1238,359,1,2
1238,360,1,2
1238,361,1,2
1238,362,1,2
1238,363,1,2
1238,364,1,2
1238,365,1,2
1238,366,1,2
1238,367,1,2
1238,368,1,2
1238,369,1,2
1238,370,1,2
1238,371,1,2
1238,372,1,2
1238,373,1,2
1238,374,1,2
1238,375,1,2
1238,376,1,2
1238,377,1,2
1238,378,1,2
1238,379,1,2
1238,380,1,2
1238,381,1,2
1238,382,1,2
1238,383,1,2
1238,384,1,2
1238,385,1,2
1238,386,1,2
1238,387,1,2
1238,388,1,2
1238,389,1,2
1238,390,1,2
1238,391,1,2
1238,392,1,2
1238,393,1,2
1238,394,1,2
1238,395,1,2
1238,396,1,2
1238,397,1,2
1238,398,1,2
1238,399,1,2
1238,400,1,2
1238,401,1,2
1238,402,1,2
1238,403,1,2
1238,404,1,2
1238,405,1,2
1238,406,1,2
1238,407,1,2
1238,408,1,2
1238,409,1,2
1238,410,1,2
1238,411,1,2
1238,412,1,2
1238,413,1,2
1239,144,1,3
1239,145,1,2
1239,146,1,2
1239,147,1,2
1239,148,1,2
1239,149,1,2
1239,150,1,2
1239,151,1,2
1239,152,1,2
1239,153,1,2
1239,154,1,2
1239,155,1,2
1239,156,1,2
1239,157,1,2
1239,158,1,2
1239,159,1,2
1239,160,1,2
1239,161,1,2
1239,162,1,2
1239,163,1,2
1239,164,1,2
1239,165,1,2
1239,166,1,2
1239,167,1,2
1239,168,1,2
1239,169,1,2
1239,170,1,2
1239,171,1,2
1239,172,1,2
1239,173,1,2
1239,174,1,2
1239,175,1,2
1239,176,1,2
1239,177,1,2
1239,178,1,2
1239,179,1,2
1239,180,1,2
1239,181,1,2
1239,182,1,2
1239,183,1,2
1239,184,1,2
1239,185,1,2
1239,186,1,2
1239,187,1,2
1239,188,1,2
1239,189,1,2
1239,190,1,2
1239,191,1,2
1239,192,1,2
1239,193,1,2
1239,194,1,2
1239,195,1,2
1239,196,1,2
1239,197,1,2
1239,198,1,2
1239,199,1,2
1239,200,1,2
1239,201,1,2
1239,202,1,2
1239,203,1,2
1239,204,1,2
1239,205,1,2
1239,206,1,2
1239,207,1,2
1239,208,1,2
1239,209,1,2
1239,210,1,2
1239,211,1,2
1239,212,1,2
1239,213,1,2
1239,214,1,2
1239,215,1,2
1239,216,1,2
1239,217,1,2
1239,218,1,2
1239,219,1,2
1239,220,1,2
1239,221,1,2
1239,222,1,2
1239,223,1,2
1239,224,1,2
1239,225,1,2
1239,226,1,2
1239,227,1,2
1239,228,1,2
1239,229,1,2
1239,230,1,2
1239,231,1,2
1239,232,1,2
1239,233,1,2
1239,234,1,2
1239,235,1,2
1239,236,1,2
1239,237,1,2
1239,238,1,2
1239,239,1,2
1239,240,1,2
1239,241,1,2
1239,242,1,2
1239,243,1,2
1239,244,1,2
1239,245,1,2
1239,246,1,2
1239,247,1,2
1239,248,1,2
1239,249,1,2
1239,250,1,2
1239,251,1,2
1239,252,1,2
1239,253,1,2
1239,254,1,2
1239,255,1,2
1239,256,1,2
1239,257,1,2
1239,258,1,2
1239,259,1,2
1239,260,1,2
1239,261,1,2
1239,262,1,2
1239,263,1,2
1239,264,1,2
1239,265,1,2
1239,266,1,2
1239,267,1,2
1239,268,1,2
1239,269,1,2
1239,270,1,2
1239,271,1,2
1239,272,1,2
1239,273,1,2
1239,274,1,2
1239,275,1,2
1239,276,1,2
1239,277,1,2
1239,278,1,2
1239,279,1,2
1239,280,1,2
1239,281,1,2
1239,282,1,2
1239,283,1,2
1239,284,1,2
1239,285,1,2
1239,286,1,2
1239,287,1,2
1239,288,1,2
1239,289,1,2
1239,290,1,2
1239,291,1,2
1239,292,1,2
1239,293,1,2
1239,294,1,2
1239,295,1,2
1239,296,1,2
1239,297,1,2
1239,298,1,2
1239,299,1,2
1239,300,1,2
1239,301,1,2
1239,302,1,2
1239,303,1,2
1239,304,1,2
1239,305,1,2
1239,306,1,2
1239,307,1,2
1239,308,1,2
1239,309,1,2
1239,310,1,2
1239,311,1,2
1239,312,1,2
1239,313,1,2
1239,314,1,2
1239,315,1,2
1239,316,1,2
1239,317,1,2
1239,318,1,2
1239,319,1,2
1239,320,1,2
1239,321,1,2
1239,322,1,2
1239,323,1,2
1239,324,1,2
1239,325,1,2
1239,326,1,2
1239,327,1,2
1239,328,1,2
1239,329,1,2
1239,330,1,2
1239,331,1,2
1239,332,1,2
1239,333,1,2
1239,334,1,2
1239,335,1,2
1239,336,1,2
1239,337,1,2
1239,338,1,2
1239,339,1,2
1239,340,1,2
1239,341,1,2
1239,342,1,2
1239,343,1,2
1239,344,1,2
1239,345,1,2
1239,346,1,2
1239,347,1,2
1239,348,1,2
1239,349,1,2
1239,350,1,2
1239,351,1,2
1239,352,1,2
1239,353,1,2
1239,354,1,2
1239,355,1,2
1239,356,1,2
1239,357,1,2
1239,358,1,2
1239,359,1,2
1239,360,1,2
1239,361,1,2
1239,362,1,2
1239,363,1,2
1239,364,1,2
1239,365,1,2
1239,366,1,2
1239,367,1,2
1239,368,1,2
1239,369,1,2
1239,370,1,2
1239,371,1,2
1239,372,1,2
1239,373,1,2
1239,374,1,2
1239,375,1,2
1239,376,1,2
1239,377,1,2
1239,378,1,2
1239,379,1,2
1239,380,1,2
1239,381,1,2
1239,382,1,2
1239,383,1,2
1239,384,1,2
1239,385,1,2
1239,386,1,2
1239,387,1,2
1239,388,1,2
1239,389,1,2
1239,390,1,2
1239,391,1,2
1239,392,1,2
1239,393,1,2
1239,394,1,2
1239,395,1,2
1239,396,1,2
1239,397,1,2
1239,398,1,2
1239,399,1,2
1239,400,1,2
1239,401,1,2
1239,402,1,2
1239,403,1,2
1239,404,1,2
1239,405,1,2
1239,406,1,2
1239,407,1,2
1239,408,1,2
1239,409,1,2
1239,410,1,2
1239,411,1,2
1239,412,1,2
1239,413,1,2
1239,414,1,2
1240,143,1,2
1240,144,1,2
1240,145,1,2
1240,146,1,2
1240,147,1,2
1240,148,1,2
1240,149,1,2
1240,150,1,2
1240,151,1,2
1240,152,1,2
1240,153,1,2
1240,154,1,2
1240,155,1,2
1240,156,1,2
1240,157,1,2
1240,158,1,2
1240,159,1,2
1240,160,1,2
1240,161,1,2
1240,162,1,2
1240,163,1,2
1240,164,1,2
1240,165,1,2
1240,166,1,2
1240,167,1,2
1240,168,1,2
1240,169,1,2
1240,170,1,2
1240,171,1,2
1240,172,1,2
1240,173,1,2
1240,174,1,2
1240,175,1,2
1240,176,1,2
1240,177,1,2
1240,178,1,2
1240,179,1,2
1240,180,1,2
1240,181,1,2
1240,182,1,2
1240,183,1,2
1240,184,1,2
1240,185,1,2
1240,186,1,2
1240,187,1,2
1240,188,1,2
1240,189,1,2
1240,190,1,2
1240,191,1,2
1240,192,1,2
1240,193,1,2
1240,194,1,2
1240,195,1,2
1240,196,1,2
1240,197,1,2
1240,198,1,2
1240,199,1,2
1240,200,1,2
1240,201,1,2
1240,202,1,2
1240,203,1,2
1240,204,1,2
1240,205,1,2
1240,206,1,2
1240,207,1,2
1240,208,1,2
1240,209,1,2
1240,210,1,2
1240,211,1,2
1240,212,1,2
1240,213,1,2
1240,214,1,2
1240,215,1,2
1240,216,1,2
1240,217,1,2
1240,218,1,2
1240,219,1,2
1240,220,1,2
1240,221,1,2
1240,222,1,2
1240,223,1,2
1240,224,1,2
1240,225,1,2
1240,226,1,2
1240,227,1,2
1240,228,1,2
1240,229,1,2
1240,230,1,2
1240,231,1,2
1240,232,1,2
1240,233,1,2
1240,234,1,2
1240,235,1,2
1240,236,1,2
1240,237,1,2
1240,238,1,2
1240,239,1,2
1240,240,1,2
1240,241,1,2
1240,242,1,2
1240,243,1,2
1240,244,1,2
1240,245,1,2
1240,246,1,2
1240,247,1,2
1240,248,1,2
1240,249,1,2
1240,250,1,2
1240,251,1,2
1240,252,1,2
1240,253,1,2
1240,254,1,2
1240,255,1,2
1240,256,1,2
1240,257,1,2
1240,258,1,2
1240,259,1,2
1240,260,1,2
1240,261,1,2
1240,262,1,2
1240,263,1,2
1240,264,1,2
1240,265,1,2
1240,266,1,2
1240,267,1,2
1240,268,1,2
1240,269,1,2
1240,270,1,2
1240,271,1,2
1240,272,1,2
1240,273,1,2
1240,274,1,2
1240,275,1,2
1240,276,1,2
1240,277,1,2
1240,278,1,2
1240,279,1,2
1240,280,1,2
1240,281,1,2
1240,282,1,2
1240,283,1,2
1240,284,1,2
1240,285,1,2
1240,286,1,2
1240,287,1,2
1240,288,1,2
1240,289,1,2
1240,290,1,2
1240,291,1,2
1240,292,1,2
1240,293,1,2
1240,294,1,2
1240,295,1,2
1240,296,1,2
1240,297,1,2
1240,298,1,2
1240,299,1,2
1240,300,1,2
1240,301,1,2
1240,302,1,2
1240,303,1,2
1240,304,1,2
1240,305,1,2
1240,306,1,2
1240,307,1,2
1240,308,1,2
1240,309,1,2
1240,310,1,2
1240,311,1,2
1240,312,1,2
1240,313,1,2
1240,314,1,2
1240,315,1,2
1240,316,1,2
1240,317,1,2
1240,318,1,2
1240,319,1,2
1240,320,1,2
1240,321,1,2
1240,322,1,2
1240,323,1,2
1240,324,1,2
1240,325,1,2
1240,326,1,2
1240,327,1,2
1240,328,1,2
1240,329,1,2
1240,330,1,2
1240,331,1,2
1240,332,1,2
1240,333,1,2
1240,334,1,2
1240,335,1,2
1240,336,1,2
1240,337,1,2
1240,338,1,2
1240,339,1,2
1240,340,1,2
1240,341,1,2
1240,342,1,2
1240,343,1,2
1240,344,1,2
1240,345,1,2
1240,346,1,2
1240,347,1,2
1240,348,1,2
1240,349,1,2
1240,350,1,2
1240,351,1,2
1240,352,1,2
1240,353,1,2
1240,354,1,2
1240,355,1,2
1240,356,1,2
1240,357,1,2
1240,358,1,2
1240,359,1,2
1240,360,1,2
1240,361,1,2
1240,362,1,2
1240,363,1,2
1240,364,1,2
1240,365,1,2
1240,366,1,2
1240,367,1,2
1240,368,1,2
1240,369,1,2
1240,370,1,2
1240,371,1,2
1240,372,1,2
1240,373,1,2
1240,374,1,2
1240,375,1,2
1240,376,1,2
1240,377,1,2
1240,378,1,2
1240,379,1,2
1240,380,1,2
1240,381,1,2
1240,382,1,2
1240,383,1,2
1240,384,1,2
1240,385,1,2
1240,386,1,2
1240,387,1,2
1240,388,1,2
1240,389,1,2
1240,390,1,2
1240,391,1,2
1240,392,1,2
1240,393,1,2
1240,394,1,2
1240,395,1,2
1240,396,1,2
1240,397,1,2
1240,398,1,2
1240,399,1,2
1240,400,1,2
1240,401,1,2
1240,402,1,2
1240,403,1,2
1240,404,1,2
1240,405,1,2
1240,406,1,2
1240,407,1,2
1240,408,1,2
1240,409,1,2
1240,410,1,2
1240,411,1,2
1240,412,1,2
1240,413,1,2
1240,414,1,2
1240,415,1,2
1241,143,1,2
1241,144,1,2
1241,145,1,2
1241,146,1,2
1241,147,1,2
1241,148,1,2
1241,149,1,2
1241,150,1,2
1241,151,1,2
1241,152,1,2
1241,153,1,2
1241,154,1,2
1241,155,1,2
1241,156,1,2
1241,157,1,2
1241,158,1,2
1241,159,1,2
1241,160,1,2
1241,161,1,2
1241,162,1,2
1241,163,1,2
1241,164,1,2
1241,165,1,2
1241,166,1,2
1241,167,1,2
1241,168,1,2
1241,169,1,2
1241,170,1,2
1241,171,1,2
1241,172,1,2
1241,173,1,2
1241,174,1,2
1241,175,1,2
1241,176,1,2
1241,177,1,2
1241,178,1,2
1241,179,1,2
1241,180,1,2
1241,181,1,2
1241,182,1,2
1241,183,1,2
1241,184,1,2
1241,185,1,2
1241,186,1,2
1241,187,1,2
1241,188,1,2
1241,189,1,2
1241,190,1,2
1241,191,1,2
1241,192,1,2
1241,193,1,2
1241,194,1,2
1241,195,1,2
1241,196,1,2
1241,197,1,2
1241,198,1,2
1241,199,1,2
1241,200,1,2
1241,201,1,2
1241,202,1,2
1241,203,1,2
1241,204,1,2
1241,205,1,2
1241,206,1,2
1241,207,1,2
1241,208,1,2
1241,209,1,2
1241,210,1,2
1241,211,1,2
1241,212,1,2
1241,213,1,2
1241,214,1,2
1241,215,1,2
1241,216,1,2
1241,217,1,2
1241,218,1,2
1241,219,1,2
1241,220,1,2
1241,221,1,2
1241,222,1,2
1241,223,1,2
1241,224,1,2
1241,225,1,2
1241,226,1,2
1241,227,1,2
1241,228,1,2
1241,229,1,2
1241,230,1,2
1241,231,1,2
1241,232,1,2
1241,233,1,2
1241,234,1,2
1241,235,1,2
1241,236,1,2
1241,237,1,2
1241,238,1,2
1241,239,1,2
1241,240,1,2
1241,241,1,2
1241,242,1,2
1241,243,1,2
1241,244,1,2
1241,245,1,2
1241,246,1,2
1241,247,1,2
1241,248,1,2
1241,249,1,2
1241,250,1,2
1241,251,1,2
1241,252,1,2
1241,253,1,2
1241,254,1,2
1241,255,1,2
1241,256,1,2
1241,257,1,2
1241,258,1,2
1241,259,1,2
1241,260,1,2
1241,261,1,2
1241,262,1,2
1241,263,1,2
1241,264,1,2
1241,265,1,2
1241,266,1,2
1241,267,1,2
1241,268,1,2
1241,269,1,2
1241,270,1,2
1241,271,1,2
1241,272,1,2
1241,273,1,2
1241,274,1,2
1241,275,1,2
1241,276,1,2
1241,277,1,2
1241,278,1,2
1241,279,1,2
1241,280,1,2
1241,281,1,2
1241,282,1,2
1241,283,1,2
1241,284,1,2
1241,285,1,2
1241,286,1,2
1241,287,1,2
1241,288,1,2
1241,289,1,2
1241,290,1,2
1241,291,1,2
1241,292,1,2
1241,293,1,2
1241,294,1,2
1241,295,1,2
1241,296,1,2
1241,297,1,2
1241,298,1,2
1241,299,1,2
1241,300,1,2
1241,301,1,2
1241,302,1,2
1241,303,1,2
1241,304,1,2
1241,305,1,2
1241,306,1,2
1241,307,1,2
1241,308,1,2
1241,309,1,2
1241,310,1,2
1241,311,1,2
1241,312,1,2
1241,313,1,2
1241,314,1,2
1241,315,1,2
1241,316,1,2
1241,317,1,2
1241,318,1,2
1241,319,1,2
1241,320,1,2
1241,321,1,2
1241,322,1,2
1241,323,1,2
1241,324,1,2
1241,325,1,2
1241,326,1,2
1241,327,1,2
1241,328,1,2
1241,329,1,2
1241,330,1,2
1241,331,1,2
1241,332,1,2
1241,333,1,2
1241,334,1,2
1241,335,1,2
1241,336,1,2
1241,337,1,2
1241,338,1,2
1241,339,1,2
1241,340,1,2
1241,341,1,2
1241,342,1,2
1241,343,1,2
1241,344,1,2
1241,345,1,2
1241,346,1,2
1241,347,1,2
1241,348,1,2
1241,349,1,2
1241,350,1,2
1241,351,1,2
1241,352,1,2
1241,353,1,2
1241,354,1,2
1241,355,1,2
1241,356,1,2
1241,357,1,2
1241,358,1,2
1241,359,1,2
1241,360,1,2
1241,361,1,2
1241,362,1,2
1241,363,1,2
1241,364,1,2
1241,365,1,2
1241,366,1,2
1241,367,1,2
1241,368,1,2
1241,369,1,2
1241,370,1,2
1241,371,1,2
1241,372,1,2
1241,373,1,2
1241,374,1,2
1241,375,1,2
1241,376,1,2
1241,377,1,2
1241,378,1,2
1241,379,1,2
1241,380,1,2
1241,381,1,2
1241,382,1,2
1241,383,1,2
1241,384,1,2
1241,385,1,2
1241,386,1,2
1241,387,1,2
1241,388,1,2
1241,389,1,2
1241,390,1,2
1241,391,1,2
1241,392,1,2
1241,393,1,2
1241,394,1,2
1241,395,1,2
1241,396,1,2
1241,397,1,2
1241,398,1,2
1241,399,1,2
1241,400,1,2
1241,401,1,2
1241,402,1,2
1241,403,1,2
1241,404,1,2
1241,405,1,2
1241,406,1,2
1241,407,1,2
1241,408,1,2
1241,409,1,2
1241,410,1,2
1241,411,1,2
1241,412,1,2
1241,413,1,2
1241,414,1,2
1241,415,1,2
1241,416,1,2
1241,417,1,2
1242,143,1,2
1242,144,1,2
1242,145,1,2
1242,146,1,2
1242,147,1,2
1242,148,1,2
1242,149,1,2
1242,150,1,2
1242,151,1,2
1242,152,1,2
1242,153,1,2
1242,154,1,2
1242,155,1,2
1242,156,1,2
1242,157,1,2
1242,158,1,2
1242,159,1,2
1242,160,1,2
1242,161,1,2
1242,162,1,2
1242,163,1,2
1242,164,1,2
1242,165,1,2
1242,166,1,2
1242,167,1,2
1242,168,1,2
1242,169,1,2
1242,170,1,2
1242,171,1,2
1242,172,1,2
1242,173,1,2
1242,174,1,2
1242,175,1,2
1242,176,1,2
1242,177,1,2
1242,178,1,2
1242,179,1,2
1242,180,1,2
1242,181,1,2
1242,182,1,2
1242,183,1,2
1242,184,1,2
1242,185,1,2
1242,186,1,2
1242,187,1,2
1242,188,1,2
1242,189,1,2
1242,190,1,2
1242,191,1,2
1242,192,1,2
1242,193,1,2
1242,194,1,2
1242,195,1,2
1242,196,1,2
1242,197,1,2
1242,198,1,2
1242,199,1,2
1242,200,1,2
1242,201,1,2
1242,202,1,2
1242,203,1,2
1242,204,1,2
1242,205,1,2
1242,206,1,2
1242,207,1,2
1242,208,1,2
1242,209,1,2
1242,210,1,2
1242,211,1,2
1242,212,1,2
1242,213,1,2
1242,214,1,2
1242,215,1,2
1242,216,1,2
1242,217,1,2
1242,218,1,2
1242,219,1,2
1242,220,1,2
1242,221,1,2
1242,222,1,2
1242,223,1,2
1242,224,1,2
1242,225,1,2
1242,226,1,2
1242,227,1,2
1242,228,1,2
1242,229,1,2
1242,230,1,2
1242,231,1,2
1242,232,1,2
1242,233,1,2
1242,234,1,2
1242,235,1,2
1242,236,1,2
1242,237,1,2
1242,238,1,2
1242,239,1,2
1242,240,1,2
1242,241,1,2
1242,242,1,2
1242,243,1,2
1242,244,1,2
1242,245,1,2
1242,246,1,2
1242,247,1,2
1242,248,1,2
1242,249,1,2
1242,250,1,2
1242,251,1,2
1242,252,1,2
1242,253,1,2
1242,254,1,2
1242,255,1,2
1242,256,1,2
1242,257,1,2
1242,258,1,2
1242,259,1,2
1242,260,1,2
1242,261,1,2
1242,262,1,2
1242,263,1,2
1242,264,1,2
1242,265,1,2
1242,266,1,2
1242,267,1,2
1242,268,1,2
1242,269,1,2
1242,270,1,2
1242,271,1,2
1242,272,1,2
1242,273,1,2
1242,274,1,2
1242,275,1,2
1242,276,1,2
1242,277,1,2
1242,278,1,2
1242,279,1,2
1242,280,1,2
1242,281,1,2
1242,282,1,2
1242,283,1,2
1242,284,1,2
1242,285,1,2
1242,286,1,2
1242,287,1,2
1242,288,1,2
1242,289,1,2
1242,290,1,2
1242,291,1,2
1242,292,1,2
1242,293,1,2
1242,294,1,2
1242,295,1,2
1242,296,1,2
1242,297,1,2
1242,298,1,2
1242,299,1,2
1242,300,1,2
1242,301,1,2
1242,302,1,2
1242,303,1,2
1242,304,1,2
1242,305,1,2
1242,306,1,2
1242,307,1,2
1242,308,1,2
1242,309,1,2
1242,310,1,2
1242,311,1,2
1242,312,1,2
1242,313,1,2
1242,314,1,2
1242,315,1,2
1242,316,1,2
1242,317,1,2
1242,318,1,2
1242,319,1,2
1242,320,1,2
1242,321,1,2
1242,322,1,2
1242,323,1,2
1242,324,1,2
1242,325,1,2
1242,326,1,2
1242,327,1,2
1242,328,1,2
1242,329,1,2
1242,330,1,2
1242,331,1,2
1242,332,1,2
1242,333,1,2
1242,334,1,2
1242,335,1,2
1242,336,1,2
1242,337,1,2
1242,338,1,2
1242,339,1,2
1242,340,1,2
1242,341,1,2
1242,342,1,2
1242,343,1,2
1242,344,1,2
1242,345,1,2
1242,346,1,2
1242,347,1,2
1242,348,1,2
1242,349,1,2
1242,350,1,2
1242,351,1,2
1242,352,1,2
1242,353,1,2
1242,354,1,2
1242,355,1,2
1242,356,1,2
1242,357,1,2
1242,358,1,2
1242,359,1,2
1242,360,1,2
1242,361,1,2
1242,362,1,2
1242,363,1,2
1242,364,1,2
1242,365,1,2
1242,366,1,2
1242,367,1,2
1242,368,1,2
1242,369,1,2
1242,370,1,2
1242,371,1,2
1242,372,1,2
1242,373,1,2
1242,374,1,2
1242,375,1,2
1242,376,1,2
1242,377,1,2
1242,378,1,2
1242,379,1,2
1242,380,1,2
1242,381,1,2
1242,382,1,2
1242,383,1,2
1242,384,1,2
1242,385,1,2
1242,386,1,2
1242,387,1,2
1242,388,1,2
1242,389,1,2
1242,390,1,2
1242,391,1,2
1242,392,1,2
1242,393,1,2
1242,394,1,2
1242,395,1,2
1242,396,1,2
1242,397,1,2
1242,398,1,2
1242,399,1,2
1242,400,1,2
1242,401,1,2
1242,402,1,2
1242,403,1,2
1242,404,1,2
1242,405,1,2
1242,406,1,2
1242,407,1,2
1242,408,1,2
1242,409,1,2
1242,410,1,2
1242,411,1,2
1242,412,1,2
1242,413,1,2
1242,414,1,2
1242,415,1,2
1242,416,1,2
1242,417,1,2
1242,418,1,2
1243,142,1,3
1243,143,1,2
1243,144,1,2
1243,145,1,2
1243,146,1,2
1243,147,1,2
1243,148,1,2
1243,149,1,2
1243,150,1,2
1243,151,1,2
1243,152,1,2
1243,153,1,2
1243,154,1,2
1243,155,1,2
1243,156,1,2
1243,157,1,2
1243,158,1,2
1243,159,1,2
1243,160,1,2
1243,161,1,2
1243,162,1,2
1243,163,1,2
1243,164,1,2
1243,165,1,2
1243,166,1,2
1243,167,1,2
1243,168,1,2
1243,169,1,2
1243,170,1,2
1243,171,1,2
1243,172,1,2
1243,173,1,2
1243,174,1,2
1243,175,1,2
1243,176,1,2
1243,177,1,2
1243,178,1,2
1243,179,1,2
1243,180,1,2
1243,181,1,2
1243,182,1,2
1243,183,1,2
1243,184,1,2
1243,185,1,2
1243,186,1,2
1243,187,1,2
1243,188,1,2
1243,189,1,2
1243,190,1,2
1243,191,1,2
1243,192,1,2
1243,193,1,2
1243,194,1,2
1243,195,1,2
1243,196,1,2
1243,197,1,2
1243,198,1,2
1243,199,1,2
1243,200,1,2
1243,201,1,2
1243,202,1,2
1243,203,1,2
1243,204,1,2
1243,205,1,2
1243,206,1,2
1243,207,1,2
1243,208,1,2
1243,209,1,2
1243,210,1,2
1243,211,1,2
1243,212,1,2
1243,213,1,2
1243,214,1,2
1243,215,1,2
1243,216,1,2
1243,217,1,2
1243,218,1,2
1243,219,1,2
1243,220,1,2
1243,221,1,2
1243,222,1,2
1243,223,1,2
1243,224,1,2
1243,225,1,2
1243,226,1,2
1243,227,1,2
1243,228,1,2
1243,229,1,2
1243,230,1,2
1243,231,1,2
1243,232,1,2
1243,233,1,2
1243,234,1,2
1243,235,1,2
1243,236,1,2
1243,237,1,2
1243,238,1,2
1243,239,1,2
1243,240,1,2
1243,241,1,2
1243,242,1,2
1243,243,1,2
1243,244,1,2
1243,245,1,2
1243,246,1,2
1243,247,1,2
1243,248,1,2
1243,249,1,2
1243,250,1,2
1243,251,1,2
1243,252,1,2
1243,253,1,2
1243,254,1,2
1243,255,1,2
1243,256,1,2
1243,257,1,2
1243,258,1,2
1243,259,1,2
1243,260,1,2
1243,261,1,2
1243,262,1,2
1243,263,1,2
1243,264,1,2
1243,265,1,2
1243,266,1,2
1243,267,1,2
1243,268,1,2
1243,269,1,2
1243,270,1,2
1243,271,1,2
1243,272,1,2
1243,273,1,2
1243,274,1,2
1243,275,1,2
1243,276,1,2
1243,277,1,2
1243,278,1,2
1243,279,1,2
1243,280,1,2
1243,281,1,2
1243,282,1,2
1243,283,1,2
1243,284,1,2
1243,285,1,2
1243,286,1,2
1243,287,1,2
1243,288,1,2
1243,289,1,2
1243,290,1,2
1243,291,1,2
1243,292,1,2
1243,293,1,2
1243,294,1,2
1243,295,1,2
1243,296,1,2
1243,297,1,2
1243,298,1,2
1243,299,1,2
1243,300,1,2
1243,301,1,2
1243,302,1,2
1243,303,1,2
1243,304,1,2
1243,305,1,2
1243,306,1,2
1243,307,1,2
1243,308,1,2
1243,309,1,2
1243,310,1,2
1243,311,1,2
1243,312,1,2
1243,313,1,2
1243,314,1,2
1243,315,1,2
1243,316,1,2
1243,317,1,2
1243,318,1,2
1243,319,1,2
1243,320,1,2
1243,321,1,2
1243,322,1,2
1243,323,1,2
1243,324,1,2
1243,325,1,2
1243,326,1,2
1243,327,1,2
1243,328,1,2
1243,329,1,2
1243,330,1,2
1243,331,1,2
1243,332,1,2
1243,333,1,2
1243,334,1,2
1243,335,1,2
1243,336,1,2
1243,337,1,2
1243,338,1,2
1243,339,1,2
1243,340,1,2
1243,341,1,2
1243,342,1,2
1243,343,1,2
1243,344,1,2
1243,345,1,2
1243,346,1,2
1243,347,1,2
1243,348,1,2
1243,349,1,2
1243,350,1,2
1243,351,1,2
1243,352,1,2
1243,353,1,2
1243,354,1,2
1243,355,1,2
1243,356,1,2
1243,357,1,2
1243,358,1,2
1243,359,1,2
1243,360,1,2
1243,361,1,2
1243,362,1,2
1243,363,1,2
1243,364,1,2
1243,365,1,2
1243,366,1,2
1243,367,1,2
1243,368,1,2
1243,369,1,2
1243,370,1,2
1243,371,1,2
1243,372,1,2
1243,373,1,2
1243,374,1,2
1243,375,1,2
1243,376,1,2
1243,377,1,2
1243,378,1,2
1243,379,1,2
1243,380,1,2
1243,381,1,2
1243,382,1,2
1243,383,1,2
1243,384,1,2
1243,385,1,2
1243,386,1,2
1243,387,1,2
1243,388,1,2
1243,389,1,2
1243,390,1,2
1243,391,1,2
1243,392,1,2
1243,393,1,2
1243,394,1,2
1243,395,1,2
1243,396,1,2
1243,397,1,2
1243,398,1,2
1243,399,1,2
1243,400,1,2
1243,401,1,2
1243,402,1,2
1243,403,1,2
1243,404,1,2
1243,405,1,2
1243,406,1,2
1243,407,1,2
1243,408,1,2
1243,409,1,2
1243,410,1,2
1243,411,1,2
1243,412,1,2
1243,413,1,2
1243,414,1,2
1243,415,1,2
1243,416,1,2
1243,417,1,2
1243,418,1,2
1243,419,1,2
1244,142,1,3
1244,143,1,2
1244,144,1,2
1244,145,1,2
1244,146,1,2
1244,147,1,2
1244,148,1,2
1244,149,1,2
1244,150,1,2
1244,151,1,2
1244,152,1,2
1244,153,1,2
1244,154,1,2
1244,155,1,2
1244,156,1,2
1244,157,1,2
1244,158,1,2
1244,159,1,2
1244,160,1,2
1244,161,1,2
1244,162,1,2
1244,163,1,2
1244,164,1,2
1244,165,1,2
1244,166,1,2
1244,167,1,2
1244,168,1,2
1244,169,1,2
1244,170,1,2
1244,171,1,2
1244,172,1,2
1244,173,1,2
1244,174,1,2
1244,175,1,2
1244,176,1,2
1244,177,1,2
1244,178,1,2
1244,179,1,2
1244,180,1,2
1244,181,1,2
1244,182,1,2
1244,183,1,2
1244,184,1,2
1244,185,1,2
1244,186,1,2
1244,187,1,2
1244,188,1,2
1244,189,1,2
1244,190,1,2
1244,191,1,2
1244,192,1,2
1244,193,1,2
1244,194,1,2
1244,195,1,2
1244,196,1,2
1244,197,1,2
1244,198,1,2
1244,199,1,2
1244,200,1,2
1244,201,1,2
1244,202,1,2
1244,203,1,2
1244,204,1,2
1244,205,1,2
1244,206,1,2
1244,207,1,2
1244,208,1,2
1244,209,1,2
1244,210,1,2
1244,211,1,2
1244,212,1,2
1244,213,1,2
1244,214,1,2
1244,215,1,2
1244,216,1,2
1244,217,1,2
1244,218,1,2
1244,219,1,2
1244,220,1,2
1244,221,1,2
1244,222,1,2
1244,223,1,2
1244,224,1,2
1244,225,1,2
1244,226,1,2
1244,227,1,2
1244,228,1,2
1244,229,1,2
1244,230,1,2
1244,231,1,2
1244,232,1,2
1244,233,1,2
1244,234,1,2
1244,235,1,2
1244,236,1,2
1244,237,1,2
1244,238,1,2
1244,239,1,2
1244,240,1,2
1244,241,1,2
1244,242,1,2
1244,243,1,2
1244,244,1,2
1244,245,1,2
1244,246,1,2
1244,247,1,2
1244,248,1,2
1244,249,1,2
1244,250,1,2
1244,251,1,2
1244,252,1,2
1244,253,1,2
1244,254,1,2
1244,255,1,2
1244,256,1,2
1244,257,1,2
1244,258,1,2
1244,259,1,2
1244,260,1,2
1244,261,1,2
1244,262,1,2
1244,263,1,2
1244,264,1,2
1244,265,1,2
1244,266,1,2
1244,267,1,2
1244,268,1,2
1244,269,1,2
1244,270,1,2
1244,271,1,2
1244,272,1,2
1244,273,1,2
1244,274,1,2
1244,275,1,2
1244,276,1,2
1244,277,1,2
1244,278,1,2
1244,279,1,2
1244,280,1,2
1244,281,1,2
1244,282,1,2
1244,283,1,2
1244,284,1,2
1244,285,1,2
1244,286,1,2
1244,287,1,2
1244,288,1,2
1244,289,1,2
1244,290,1,2
1244,291,1,2
1244,292,1,2
1244,293,1,2
1244,294,1,2
1244,295,1,2
1244,296,1,2
1244,297,1,2
1244,298,1,2
1244,299,1,2
1244,300,1,2
1244,301,1,2
1244,302,1,2
1244,303,1,2
1244,304,1,2
1244,305,1,2
1244,306,1,2
1244,307,1,2
1244,308,1,2
1244,309,1,2
1244,310,1,2
1244,311,1,2
1244,312,1,2
1244,313,1,2
1244,314,1,2
1244,315,1,2
1244,316,1,2
1244,317,1,2
1244,318,1,2
1244,319,1,2
1244,320,1,2
1244,321,1,2
1244,322,1,2
1244,323,1,2
1244,324,1,2
1244,325,1,2
1244,326,1,2
1244,327,1,2
1244,328,1,2
1244,329,1,2
1244,330,1,2
1244,331,1,2
1244,332,1,2
1244,333,1,2
1244,334,1,2
1244,335,1,2
1244,336,1,2
1244,337,1,2
1244,338,1,2
1244,339,1,2
1244,340,1,2
1244,341,1,2
1244,342,1,2
1244,343,1,2
1244,344,1,2
1244,345,1,2
1244,346,1,2
1244,347,1,2
1244,348,1,2
1244,349,1,2
1244,350,1,2
1244,351,1,2
1244,352,1,2
1244,353,1,2
1244,354,1,2
1244,355,1,2
1244,356,1,2
1244,357,1,2
1244,358,1,2
1244,359,1,2
1244,360,1,2
1244,361,1,2
1244,362,1,2
1244,363,1,2
1244,364,1,2
1244,365,1,2
1244,366,1,2
1244,367,1,2
1244,368,1,2
1244,369,1,2
1244,370,1,2
1244,371,1,2
1244,372,1,2
1244,373,1,2
1244,374,1,2
1244,375,1,2
1244,376,1,2
1244,377,1,2
1244,378,1,2
1244,379,1,2
1244,380,1,2
1244,381,1,2
1244,382,1,2
1244,383,1,2
1244,384,1,2
1244,385,1,2
1244,386,1,2
1244,387,1,2
1244,388,1,2
1244,389,1,2
1244,390,1,2
1244,391,1,2
1244,392,1,2
1244,393,1,2
1244,394,1,2
1244,395,1,2
1244,396,1,2
1244,397,1,2
1244,398,1,2
1244,399,1,2
1244,400,1,2
1244,401,1,2
1244,402,1,2
1244,403,1,2
1244,404,1,2
1244,405,1,2
1244,406,1,2
1244,407,1,2
1244,408,1,2
1244,409,1,2
1244,410,1,2
1244,411,1,2
1244,412,1,2
1244,413,1,2
1244,414,1,2
1244,415,1,2
1244,416,1,2
1244,417,1,2
1244,418,1,2
1244,419,1,2
1244,420,1,2
1244,421,1,2
1245,141,1,3
1245,142,1,2
1245,143,1,2
1245,144,1,2
1245,145,1,2
1245,146,1,2
1245,147,1,2
1245,148,1,2
1245,149,1,2
1245,150,1,2
1245,151,1,2
1245,152,1,2
1245,153,1,2
1245,154,1,2
1245,155,1,2
1245,156,1,2
1245,157,1,2
1245,158,1,2
1245,159,1,2
1245,160,1,2
1245,161,1,2
1245,162,1,2
1245,163,1,2
1245,164,1,2
1245,165,1,2
1245,166,1,2
1245,167,1,2
1245,168,1,2
1245,169,1,2
1245,170,1,2
1245,171,1,2
1245,172,1,2
1245,173,1,2
1245,174,1,2
1245,175,1,2
1245,176,1,2
1245,177,1,2
1245,178,1,2
1245,179,1,2
1245,180,1,2
1245,181,1,2
1245,182,1,2
1245,183,1,2
1245,184,1,2
1245,185,1,2
1245,186,1,2
1245,187,1,2
1245,188,1,2
1245,189,1,2
1245,190,1,2
1245,191,1,2
1245,192,1,2
1245,193,1,2
1245,194,1,2
1245,195,1,2
1245,196,1,2
1245,197,1,2
1245,198,1,2
1245,199,1,2
1245,200,1,2
1245,201,1,2
1245,202,1,2
1245,203,1,2
1245,204,1,2
1245,205,1,2
1245,206,1,2
1245,207,1,2
1245,208,1,2
1245,209,1,2
1245,210,1,2
1245,211,1,2
1245,212,1,2
1245,213,1,2
1245,214,1,2
1245,215,1,2
1245,216,1,2
1245,217,1,2
1245,218,1,2
1245,219,1,2
1245,220,1,2
1245,221,1,2
1245,222,1,2
1245,223,1,2
1245,224,1,2
1245,225,1,2
1245,226,1,2
1245,227,1,2
1245,228,1,2
1245,229,1,2
1245,230,1,2
1245,231,1,2
1245,232,1,2
1245,233,1,2
1245,234,1,2
1245,235,1,2
1245,236,1,2
1245,237,1,2
1245,238,1,2
1245,239,1,2
1245,240,1,2
1245,241,1,2
1245,242,1,2
1245,243,1,2
1245,244,1,2
1245,245,1,2
1245,246,1,2
1245,247,1,2
1245,248,1,2
1245,249,1,2
1245,250,1,2
1245,251,1,2
1245,252,1,2
1245,253,1,2
1245,254,1,2
1245,255,1,2
1245,256,1,2
1245,257,1,2
1245,258,1,2
1245,259,1,2
1245,260,1,2
1245,261,1,2
1245,262,1,2
1245,263,1,2
1245,264,1,2
1245,265,1,2
1245,266,1,2
1245,267,1,2
1245,268,1,2
1245,269,1,2
1245,270,1,2
1245,271,1,2
1245,272,1,2
1245,273,1,2
1245,274,1,2
1245,275,1,2
1245,276,1,2
1245,277,1,2
1245,278,1,2
1245,279,1,2
1245,280,1,2
1245,281,1,2
1245,282,1,2
1245,283,1,2
1245,284,1,2
1245,285,1,2
1245,286,1,2
1245,287,1,2
1245,288,1,2
1245,289,1,2
1245,290,1,2
1245,291,1,2
1245,292,1,2
1245,293,1,2
1245,294,1,2
1245,295,1,2
1245,296,1,2
1245,297,1,2
1245,298,1,2
1245,299,1,2
1245,300,1,2
1245,301,1,2
1245,302,1,2
1245,303,1,2
1245,304,1,2
1245,305,1,2
1245,306,1,2
1245,307,1,2
1245,308,1,2
1245,309,1,2
1245,310,1,2
1245,311,1,2
1245,312,1,2
1245,313,1,2
1245,314,1,2
1245,315,1,2
1245,316,1,2
1245,317,1,2
1245,318,1,2
1245,319,1,2
1245,320,1,2
1245,321,1,2
1245,322,1,2
1245,323,1,2
1245,324,1,2
1245,325,1,2
1245,326,1,2
1245,327,1,2
1245,328,1,2
1245,329,1,2
1245,330,1,2
1245,331,1,2
1245,332,1,2
1245,333,1,2
1245,334,1,2
1245,335,1,2
1245,336,1,2
1245,337,1,2
1245,338,1,2
1245,339,1,2
1245,340,1,2
1245,341,1,2
1245,342,1,2
1245,343,1,2
1245,344,1,2
1245,345,1,2
1245,346,1,2
1245,347,1,2
1245,348,1,2
1245,349,1,2
1245,350,1,2
1245,351,1,2
1245,352,1,2
1245,353,1,2
1245,354,1,2
1245,355,1,2
1245,356,1,2
1245,357,1,2
1245,358,1,2
1245,359,1,2
1245,360,1,2
1245,361,1,2
1245,362,1,2
1245,363,1,2
1245,364,1,2
1245,365,1,2
1245,366,1,2
1245,367,1,2
1245,368,1,2
1245,369,1,2
1245,370,1,2
1245,371,1,2
1245,372,1,2
1245,373,1,2
1245,374,1,2
1245,375,1,2
1245,376,1,2
1245,377,1,2
1245,378,1,2
1245,379,1,2
1245,380,1,2
1245,381,1,2
1245,382,1,2
1245,383,1,2
1245,384,1,2
1245,385,1,2
1245,386,1,2
1245,387,1,2
1245,388,1,2
1245,389,1,2
1245,390,1,2
1245,391,1,2
1245,392,1,2
1245,393,1,2
1245,394,1,2
1245,395,1,2
1245,396,1,2
1245,397,1,2
1245,398,1,2
1245,399,1,2
1245,400,1,2
1245,401,1,2
1245,402,1,2
1245,403,1,2
1245,404,1,2
1245,405,1,2
1245,406,1,2
1245,407,1,2
1245,408,1,2
1245,409,1,2
1245,410,1,2
1245,411,1,2
1245,412,1,2
1245,413,1,2
1245,414,1,2
1245,415,1,2
1245,416,1,2
1245,417,1,2
1245,418,1,2
1245,419,1,2
1245,420,1,2
1245,421,1,2
1245,422,1,2
1246,140,1,3
1246,141,1,3
1246,142,1,2
1246,143,1,2
1246,144,1,2
1246,145,1,2
1246,146,1,2
1246,147,1,2
1246,148,1,2
1246,149,1,2
1246,150,1,2
1246,151,1,2
1246,152,1,2
1246,153,1,2
1246,154,1,2
1246,155,1,2
1246,156,1,2
1246,157,1,2
1246,158,1,2
1246,159,1,2
1246,160,1,2
1246,161,1,2
1246,162,1,2
1246,163,1,2
1246,164,1,2
1246,165,1,2
1246,166,1,2
1246,167,1,2
1246,168,1,2
1246,169,1,2
1246,170,1,2
1246,171,1,2
1246,172,1,2
1246,173,1,2
1246,174,1,2
1246,175,1,2
1246,176,1,2
1246,177,1,2
1246,178,1,2
1246,179,1,2
1246,180,1,2
1246,181,1,2
1246,182,1,2
1246,183,1,2
1246,184,1,2
1246,185,1,2
1246,186,1,2
1246,187,1,2
1246,188,1,2
1246,189,1,2
1246,190,1,2
1246,191,1,2
1246,192,1,2
1246,193,1,2
1246,194,1,2
1246,195,1,2
1246,196,1,2
1246,197,1,2
1246,198,1,2
1246,199,1,2
1246,200,1,2
1246,201,1,2
1246,202,1,2
1246,203,1,2
1246,204,1,2
1246,205,1,2
1246,206,1,2
1246,207,1,2
1246,208,1,2
1246,209,1,2
1246,210,1,2
1246,211,1,2
1246,212,1,2
1246,213,1,2
1246,214,1,2
1246,215,1,2
1246,216,1,2
1246,217,1,2
1246,218,1,2
1246,219,1,2
1246,220,1,2
1246,221,1,2
1246,222,1,2
1246,223,1,2
1246,224,1,2
1246,225,1,2
1246,226,1,2
1246,227,1,2
1246,228,1,2
1246,229,1,2
1246,230,1,2
1246,231,1,2
1246,232,1,2
1246,233,1,2
1246,234,1,2
1246,235,1,2
1246,236,1,2
1246,237,1,2
1246,238,1,2
1246,239,1,2
1246,240,1,2
1246,241,1,2
1246,242,1,2
1246,243,1,2
1246,244,1,2
1246,245,1,2
1246,246,1,2
1246,247,1,2
1246,248,1,2
1246,249,1,2
1246,250,1,2
1246,251,1,2
1246,252,1,2
1246,253,1,2
1246,254,1,2
1246,255,1,2
1246,256,1,2
1246,257,1,2
1246,258,1,2
1246,259,1,2
1246,260,1,2
1246,261,1,2
1246,262,1,2
1246,263,1,2
1246,264,1,2
1246,265,1,2
1246,266,1,2
1246,267,1,2
1246,268,1,2
1246,269,1,2
1246,270,1,2
1246,271,1,2
1246,272,1,2
1246,273,1,2
1246,274,1,2
1246,275,1,2
1246,276,1,2
1246,277,1,2
1246,278,1,2
1246,279,1,2
1246,280,1,2
1246,281,1,2
1246,282,1,2
1246,283,1,2
1246,284,1,2
1246,285,1,2
1246,286,1,2
1246,287,1,2
1246,288,1,2
1246,289,1,2
1246,290,1,2
1246,291,1,2
1246,292,1,2
1246,293,1,2
1246,294,1,2
1246,295,1,2
1246,296,1,2
1246,297,1,2
1246,298,1,2
1246,299,1,2
1246,300,1,2
1246,301,1,2
1246,302,1,2
1246,303,1,2
1246,304,1,2
1246,305,1,2
1246,306,1,2
1246,307,1,2
1246,308,1,2
1246,309,1,2
1246,310,1,2
1246,311,1,2
1246,312,1,2
1246,313,1,2
1246,314,1,2
1246,315,1,2
1246,316,1,2
1246,317,1,2
1246,318,1,2
1246,319,1,2
1246,320,1,2
1246,321,1,2
1246,322,1,2
1246,323,1,2
1246,324,1,2
1246,325,1,2
1246,326,1,2
1246,327,1,2
1246,328,1,2
1246,329,1,2
1246,330,1,2
1246,331,1,2
1246,332,1,2
1246,333,1,2
1246,334,1,2
1246,335,1,2
1246,336,1,2
1246,337,1,2
1246,338,1,2
1246,339,1,2
1246,340,1,2
1246,341,1,2
1246,342,1,2
1246,343,1,2
1246,344,1,2
1246,345,1,2
1246,346,1,2
1246,347,1,2
1246,348,1,2
1246,349,1,2
1246,350,1,2
1246,351,1,2
1246,352,1,2
1246,353,1,2
1246,354,1,2
1246,355,1,2
1246,356,1,2
1246,357,1,2
1246,358,1,2
1246,359,1,2
1246,360,1,2
1246,361,1,2
1246,362,1,2
1246,363,1,2
1246,364,1,2
1246,365,1,2
1246,366,1,2
1246,367,1,2
1246,368,1,2
1246,369,1,2
1246,370,1,2
1246,371,1,2
1246,372,1,2
1246,373,1,2
1246,374,1,2
1246,375,1,2
1246,376,1,2
1246,377,1,2
1246,378,1,2
1246,379,1,2
1246,380,1,2
1246,381,1,2
1246,382,1,2
1246,383,1,2
1246,384,1,2
1246,385,1,2
1246,386,1,2
1246,387,1,2
1246,388,1,2
1246,389,1,2
1246,390,1,2
1246,391,1,2
1246,392,1,2
1246,393,1,2
1246,394,1,2
1246,395,1,2
1246,396,1,2
1246,397,1,2
1246,398,1,2
1246,399,1,2
1246,400,1,2
1246,401,1,2
1246,402,1,2
1246,403,1,2
1246,404,1,2
1246,405,1,2
1246,406,1,2
1246,407,1,2
1246,408,1,2
1246,409,1,2
1246,410,1,2
1246,411,1,2
1246,412,1,2
1246,413,1,2
1246,414,1,2
1246,415,1,2
1246,416,1,2
1246,417,1,2
1246,418,1,2
1246,419,1,2
1246,420,1,2
1246,421,1,2
1246,422,1,2
1247,139,1,2
1247,140,1,2
1247,141,1,2
1247,142,1,2
1247,143,1,2
1247,144,1,2
1247,145,1,2
1247,146,1,2
1247,147,1,2
1247,148,1,2
1247,149,1,2
1247,150,1,2
1247,151,1,2
1247,152,1,2
1247,153,1,2
1247,154,1,2
1247,155,1,2
1247,156,1,2
1247,157,1,2
1247,158,1,2
1247,159,1,2
1247,160,1,2
1247,161,1,2
1247,162,1,2
1247,163,1,2
1247,164,1,2
1247,165,1,2
1247,166,1,2
1247,167,1,2
1247,168,1,2
1247,169,1,2
1247,170,1,2
1247,171,1,2
1247,172,1,2
1247,173,1,2
1247,174,1,2
1247,175,1,2
1247,176,1,2
1247,177,1,2
1247,178,1,2
1247,179,1,2
1247,180,1,2
1247,181,1,2
1247,182,1,2
1247,183,1,2
1247,184,1,2
1247,185,1,2
1247,186,1,2
1247,187,1,2
1247,188,1,2
1247,189,1,2
1247,190,1,2
1247,191,1,2
1247,192,1,2
1247,193,1,2
1247,194,1,2
1247,195,1,2
1247,196,1,2
1247,197,1,2
1247,198,1,2
1247,199,1,2
1247,200,1,2
1247,201,1,2
1247,202,1,2
1247,203,1,2
1247,204,1,2
1247,205,1,2
1247,206,1,2
1247,207,1,2
1247,208,1,2
1247,209,1,2
1247,210,1,2
1247,211,1,2
1247,212,1,2
1247,213,1,2
1247,214,1,2
1247,215,1,2
1247,216,1,2
1247,217,1,2
1247,218,1,2
1247,219,1,2
1247,220,1,2
1247,221,1,2
1247,222,1,2
1247,223,1,2
1247,224,1,2
1247,225,1,2
1247,226,1,2
1247,227,1,2
1247,228,1,2
1247,229,1,2
1247,230,1,2
1247,231,1,2
1247,232,1,2
1247,233,1,2
1247,234,1,2
1247,235,1,2
1247,236,1,2
1247,237,1,2
1247,238,1,2
1247,239,1,2
1247,240,1,2
1247,241,1,2
1247,242,1,2
1247,243,1,2
1247,244,1,2
1247,245,1,2
1247,246,1,2
1247,247,1,2
1247,248,1,2
1247,249,1,2
1247,250,1,2
1247,251,1,2
1247,252,1,2
1247,253,1,2
1247,254,1,2
1247,255,1,2
1247,256,1,2
1247,257,1,2
1247,258,1,2
1247,259,1,2
1247,260,1,2
1247,261,1,2
1247,262,1,2
1247,263,1,2
1247,264,1,2
1247,265,1,2
1247,266,1,2
1247,267,1,2
1247,268,1,2
1247,269,1,2
1247,270,1,2
1247,271,1,2
1247,272,1,2
1247,273,1,2
1247,274,1,2
1247,275,1,2
1247,276,1,2
1247,277,1,2
1247,278,1,2
1247,279,1,2
1247,280,1,2
1247,281,1,2
1247,282,1,2
1247,283,1,2
1247,284,1,2
1247,285,1,2
1247,286,1,2
1247,287,1,2
1247,288,1,2
1247,289,1,2
1247,290,1,2
1247,291,1,2
1247,292,1,2
1247,293,1,2
1247,294,1,2
1247,295,1,2
1247,296,1,2
1247,297,1,2
1247,298,1,2
1247,299,1,2
1247,300,1,2
1247,301,1,2
1247,302,1,2
1247,303,1,2
1247,304,1,2
1247,305,1,2
1247,306,1,2
1247,307,1,2
1247,308,1,2
1247,309,1,2
1247,310,1,2
1247,311,1,2
1247,312,1,2
1247,313,1,2
1247,314,1,2
1247,315,1,2
1247,316,1,2
1247,317,1,2
1247,318,1,2
1247,319,1,2
1247,320,1,2
1247,321,1,2
1247,322,1,2
1247,323,1,2
1247,324,1,2
1247,325,1,2
1247,326,1,2
1247,327,1,2
1247,328,1,2
1247,329,1,2
1247,330,1,2
1247,331,1,2
1247,332,1,2
1247,333,1,2
1247,334,1,2
1247,335,1,2
1247,336,1,2
1247,337,1,2
1247,338,1,2
1247,339,1,2
1247,340,1,2
1247,341,1,2
1247,342,1,2
1247,343,1,2
1247,344,1,2
1247,345,1,2
1247,346,1,2
1247,347,1,2
1247,348,1,2
1247,349,1,2
1247,350,1,2
1247,351,1,2
1247,352,1,2
1247,353,1,2
1247,354,1,2
1247,355,1,2
1247,356,1,2
1247,357,1,2
1247,358,1,2
1247,359,1,2
1247,360,1,2
1247,361,1,2
1247,362,1,2
1247,363,1,2
1247,364,1,2
1247,365,1,2
1247,366,1,2
1247,367,1,2
1247,368,1,2
1247,369,1,2
1247,370,1,2
1247,371,1,2
1247,372,1,2
1247,373,1,2
1247,374,1,2
1247,375,1,2
1247,376,1,2
1247,377,1,2
1247,378,1,2
1247,379,1,2
1247,380,1,2
1247,381,1,2
1247,382,1,2
1247,383,1,2
1247,384,1,2
1247,385,1,2
1247,386,1,2
1247,387,1,2
1247,388,1,2
1247,389,1,2
1247,390,1,2
1247,391,1,2
1247,392,1,2
1247,393,1,2
1247,394,1,2
1247,395,1,2
1247,396,1,2
1247,397,1,2
1247,398,1,2
1247,399,1,2
1247,400,1,2
1247,401,1,2
1247,402,1,2
1247,403,1,2
1247,404,1,2
1247,405,1,2
1247,406,1,2
1247,407,1,2
1247,408,1,2
1247,409,1,2
1247,410,1,2
1247,411,1,2
1247,412,1,2
1247,413,1,2
1247,414,1,2
1247,415,1,2
1247,416,1,2
1247,417,1,2
1247,418,1,2
1247,419,1,2
1247,420,1,2
1247,421,1,2
1247,422,1,2
1247,423,1,2
1248,138,1,3
1248,139,1,2
1248,140,1,2
1248,141,1,2
1248,142,1,2
1248,143,1,2
1248,144,1,2
1248,145,1,2
1248,146,1,2
1248,147,1,2
1248,148,1,2
1248,149,1,2
1248,150,1,2
1248,151,1,2
1248,152,1,2
1248,153,1,2
1248,154,1,2
1248,155,1,2
1248,156,1,2
1248,157,1,2
1248,158,1,2
1248,159,1,2
1248,160,1,2
1248,161,1,2
1248,162,1,2
1248,163,1,2
1248,164,1,2
1248,165,1,2
1248,166,1,2
1248,167,1,2
1248,168,1,2
1248,169,1,2
1248,170,1,2
1248,171,1,2
1248,172,1,2
1248,173,1,2
1248,174,1,2
1248,175,1,2
1248,176,1,2
1248,177,1,2
1248,178,1,2
1248,179,1,2
1248,180,1,2
1248,181,1,2
1248,182,1,2
1248,183,1,2
1248,184,1,2
1248,185,1,2
1248,186,1,2
1248,187,1,2
1248,188,1,2
1248,189,1,2
1248,190,1,2
1248,191,1,2
1248,192,1,2
1248,193,1,2
1248,194,1,2
1248,195,1,2
1248,196,1,2
1248,197,1,2
1248,198,1,2
1248,199,1,2
1248,200,1,2
1248,201,1,2
1248,202,1,2
1248,203,1,2
1248,204,1,2
1248,205,1,2
1248,206,1,2
1248,207,1,2
1248,208,1,2
1248,209,1,2
1248,210,1,2
1248,211,1,2
1248,212,1,2
1248,213,1,2
1248,214,1,2
1248,215,1,2
1248,216,1,2
1248,217,1,2
1248,218,1,2
1248,219,1,2
1248,220,1,2
1248,221,1,2
1248,222,1,2
1248,223,1,2
1248,224,1,2
1248,225,1,2
1248,226,1,2
1248,227,1,2
1248,228,1,2
1248,229,1,2
1248,230,1,2
1248,231,1,2
1248,232,1,2
1248,233,1,2
1248,234,1,2
1248,235,1,2
1248,236,1,2
1248,237,1,2
1248,238,1,2
1248,239,1,2
1248,240,1,2
1248,241,1,2
1248,242,1,2
1248,243,1,2
1248,244,1,2
1248,245,1,2
1248,246,1,2
1248,247,1,2
1248,248,1,2
1248,249,1,2
1248,250,1,2
1248,251,1,2
1248,252,1,2
1248,253,1,2
1248,254,1,2
1248,255,1,2
1248,256,1,2
1248,257,1,2
1248,258,1,2
1248,259,1,2
1248,260,1,2
1248,261,1,2
1248,262,1,2
1248,263,1,2
1248,264,1,2
1248,265,1,2
1248,266,1,2
1248,267,1,2
1248,268,1,2
1248,269,1,2
1248,270,1,2
1248,271,1,2
1248,272,1,2
1248,273,1,2
1248,274,1,2
1248,275,1,2
1248,276,1,2
1248,277,1,2
1248,278,1,2
1248,279,1,2
1248,280,1,2
1248,281,1,2
1248,282,1,2
1248,283,1,2
1248,284,1,2
1248,285,1,2
1248,286,1,2
1248,287,1,2
1248,288,1,2
1248,289,1,2
1248,290,1,2
1248,291,1,2
1248,292,1,2
1248,293,1,2
1248,294,1,2
1248,295,1,2
1248,296,1,2
1248,297,1,2
1248,298,1,2
1248,299,1,2
1248,300,1,2
1248,301,1,2
1248,302,1,2
1248,303,1,2
1248,304,1,2
1248,305,1,2
1248,306,1,2
1248,307,1,2
1248,308,1,2
1248,309,1,2
1248,310,1,2
1248,311,1,2
1248,312,1,2
1248,313,1,2
1248,314,1,2
1248,315,1,2
1248,316,1,2
1248,317,1,2
1248,318,1,2
1248,319,1,2
1248,320,1,2
1248,321,1,2
1248,322,1,2
1248,323,1,2
1248,324,1,2
1248,325,1,2
1248,326,1,2
1248,327,1,2
1248,328,1,2
1248,329,1,2
1248,330,1,2
1248,331,1,2
1248,332,1,2
1248,333,1,2
1248,334,1,2
1248,335,1,2
1248,336,1,2
1248,337,1,2
1248,338,1,2
1248,339,1,2
1248,340,1,2
1248,341,1,2
1248,342,1,2
1248,343,1,2
1248,344,1,2
1248,345,1,2
1248,346,1,2
1248,347,1,2
1248,348,1,2
1248,349,1,2
1248,350,1,2
1248,351,1,2
1248,352,1,2
1248,353,1,2
1248,354,1,2
1248,355,1,2
1248,356,1,2
1248,357,1,2
1248,358,1,2
1248,359,1,2
1248,360,1,2
1248,361,1,2
1248,362,1,2
1248,363,1,2
1248,364,1,2
1248,365,1,2
1248,366,1,2
1248,367,1,2
1248,368,1,2
1248,369,1,2
1248,370,1,2
1248,371,1,2
1248,372,1,2
1248,373,1,2
1248,374,1,2
1248,375,1,2
1248,376,1,2
1248,377,1,2
1248,378,1,2
1248,379,1,2
1248,380,1,2
1248,381,1,2
1248,382,1,2
1248,383,1,2
1248,384,1,2
1248,385,1,2
1248,386,1,2
1248,387,1,2
1248,388,1,2
1248,389,1,2
1248,390,1,2
1248,391,1,2
1248,392,1,2
1248,393,1,2
1248,394,1,2
1248,395,1,2
1248,396,1,2
1248,397,1,2
1248,398,1,2
1248,399,1,2
1248,400,1,2
1248,401,1,2
1248,402,1,2
1248,403,1,2
1248,404,1,2
1248,405,1,2
1248,406,1,2
1248,407,1,2
1248,408,1,2
1248,409,1,2
1248,410,1,2
1248,411,1,2
1248,412,1,2
1248,413,1,2
1248,414,1,2
1248,415,1,2
1248,416,1,2
1248,417,1,2
1248,418,1,2
1248,419,1,2
1248,420,1,2
1248,421,1,2
1248,422,1,2
1248,423,1,2
1248,424,1,2
1249,138,1,3
1249,139,1,2
1249,140,1,2
1249,141,1,2
1249,142,1,2
1249,143,1,2
1249,144,1,2
1249,145,1,2
1249,146,1,2
1249,147,1,2
1249,148,1,2
1249,149,1,2
1249,150,1,2
1249,151,1,2
1249,152,1,2
1249,153,1,2
1249,154,1,2
1249,155,1,2
1249,156,1,2
1249,157,1,2
1249,158,1,2
1249,159,1,2
1249,160,1,2
1249,161,1,2
1249,162,1,2
1249,163,1,2
1249,164,1,2
1249,165,1,2
1249,166,1,2
1249,167,1,2
1249,168,1,2
1249,169,1,2
1249,170,1,2
1249,171,1,2
1249,172,1,2
1249,173,1,2
1249,174,1,2
1249,175,1,2
1249,176,1,2
1249,177,1,2
1249,178,1,2
1249,179,1,2
1249,180,1,2
1249,181,1,2
1249,182,1,2
1249,183,1,2
1249,184,1,2
1249,185,1,2
1249,186,1,2
1249,187,1,2
1249,188,1,2
1249,189,1,2
1249,190,1,2
1249,191,1,2
1249,192,1,2
1249,193,1,2
1249,194,1,2
1249,195,1,2
1249,196,1,2
1249,197,1,2
1249,198,1,2
1249,199,1,2
1249,200,1,2
1249,201,1,2
1249,202,1,2
1249,203,1,2
1249,204,1,2
1249,205,1,2
1249,206,1,2
1249,207,1,2
1249,208,1,2
1249,209,1,2
1249,210,1,2
1249,211,1,2
1249,212,1,2
1249,213,1,2
1249,214,1,2
1249,215,1,2
1249,216,1,2
1249,217,1,2
1249,218,1,2
1249,219,1,2
1249,220,1,2
1249,221,1,2
1249,222,1,2
1249,223,1,2
1249,224,1,2
1249,225,1,2
1249,226,1,2
1249,227,1,2
1249,228,1,2
1249,229,1,2
1249,230,1,2
1249,231,1,2
1249,232,1,2
1249,233,1,2
1249,234,1,2
1249,235,1,2
1249,236,1,2
1249,237,1,2
1249,238,1,2
1249,239,1,2
1249,240,1,2
1249,241,1,2
1249,242,1,2
1249,243,1,2
1249,244,1,2
1249,245,1,2
1249,246,1,2
1249,247,1,2
1249,248,1,2
1249,249,1,2
1249,250,1,2
1249,251,1,2
1249,252,1,2
1249,253,1,2
1249,254,1,2
1249,255,1,2
1249,256,1,2
1249,257,1,2
1249,258,1,2
1249,259,1,2
1249,260,1,2
1249,261,1,2
1249,262,1,2
1249,263,1,2
1249,264,1,2
1249,265,1,2
1249,266,1,2
1249,267,1,2
1249,268,1,2
1249,269,1,2
1249,270,1,2
1249,271,1,2
1249,272,1,2
1249,273,1,2
1249,274,1,2
1249,275,1,2
1249,276,1,2
1249,277,1,2
1249,278,1,2
1249,279,1,2
1249,280,1,2
1249,281,1,2
1249,282,1,2
1249,283,1,2
1249,284,1,2
1249,285,1,2
1249,286,1,2
1249,287,1,2
1249,288,1,2
1249,289,1,2
1249,290,1,2
1249,291,1,2
1249,292,1,2
1249,293,1,2
1249,294,1,2
1249,295,1,2
1249,296,1,2
1249,297,1,2
1249,298,1,2
1249,299,1,2
1249,300,1,2
1249,301,1,2
1249,302,1,2
1249,303,1,2
1249,304,1,2
1249,305,1,2
1249,306,1,2
1249,307,1,2
1249,308,1,2
1249,309,1,2
1249,310,1,2
1249,311,1,2
1249,312,1,2
1249,313,1,2
1249,314,1,2
1249,315,1,2
1249,316,1,2
1249,317,1,2
1249,318,1,2
1249,319,1,2
1249,320,1,2
1249,321,1,2
1249,322,1,2
1249,323,1,2
1249,324,1,2
1249,325,1,2
1249,326,1,2
1249,327,1,2
1249,328,1,2
1249,329,1,2
1249,330,1,2
1249,331,1,2
1249,332,1,2
1249,333,1,2
1249,334,1,2
1249,335,1,2
1249,336,1,2
1249,337,1,2
1249,338,1,2
1249,339,1,2
1249,340,1,2
1249,341,1,2
1249,342,1,2
1249,343,1,2
1249,344,1,2
1249,345,1,2
1249,346,1,2
1249,347,1,2
1249,348,1,2
1249,349,1,2
1249,350,1,2
1249,351,1,2
1249,352,1,2
1249,353,1,2
1249,354,1,2
1249,355,1,2
1249,356,1,2
1249,357,1,2
1249,358,1,2
1249,359,1,2
1249,360,1,2
1249,361,1,2
1249,362,1,2
1249,363,1,2
1249,364,1,2
1249,365,1,2
1249,366,1,2
1249,367,1,2
1249,368,1,2
1249,369,1,2
1249,370,1,2
1249,371,1,2
1249,372,1,2
1249,373,1,2
1249,374,1,2
1249,375,1,2
1249,376,1,2
1249,377,1,2
1249,378,1,2
1249,379,1,2
1249,380,1,2
1249,381,1,2
1249,382,1,2
1249,383,1,2
1249,384,1,2
1249,385,1,2
1249,386,1,2
1249,387,1,2
1249,388,1,2
1249,389,1,2
1249,390,1,2
1249,391,1,2
1249,392,1,2
1249,393,1,2
1249,394,1,2
1249,395,1,2
1249,396,1,2
1249,397,1,2
1249,398,1,2
1249,399,1,2
1249,400,1,2
1249,401,1,2
1249,402,1,2
1249,403,1,2
1249,404,1,2
1249,405,1,2
1249,406,1,2
1249,407,1,2
1249,408,1,2
1249,409,1,2
1249,410,1,2
1249,411,1,2
1249,412,1,2
1249,413,1,2
1249,414,1,2
1249,415,1,2
1249,416,1,2
1249,417,1,2
1249,418,1,2
1249,419,1,2
1249,420,1,2
1249,421,1,2
1249,422,1,2
1249,423,1,2
1249,424,1,2
1249,425,1,2
1249,426,1,2
1250,137,1,3
1250,138,1,3
1250,139,1,2
1250,140,1,2
1250,141,1,2
1250,142,1,2
1250,143,1,2
1250,144,1,2
1250,145,1,2
1250,146,1,2
1250,147,1,2
1250,148,1,2
1250,149,1,2
1250,150,1,2
1250,151,1,2
1250,152,1,2
1250,153,1,2
1250,154,1,2
1250,155,1,2
1250,156,1,2
1250,157,1,2
1250,158,1,2
1250,159,1,2
1250,160,1,2
1250,161,1,2
1250,162,1,2
1250,163,1,2
1250,164,1,2
1250,165,1,2
1250,166,1,2
1250,167,1,2
1250,168,1,2
1250,169,1,2
1250,170,1,2
1250,171,1,2
1250,172,1,2
1250,173,1,2
1250,174,1,2
1250,175,1,2
1250,176,1,2
1250,177,1,2
1250,178,1,2
1250,179,1,2
1250,180,1,2
1250,181,1,2
1250,182,1,2
1250,183,1,2
1250,184,1,2
1250,185,1,2
1250,186,1,2
1250,187,1,2
1250,188,1,2
1250,189,1,2
1250,190,1,2
1250,191,1,2
1250,192,1,2
1250,193,1,2
1250,194,1,2
1250,195,1,2
1250,196,1,2
1250,197,1,2
1250,198,1,2
1250,199,1,2
1250,200,1,2
1250,201,1,2
1250,202,1,2
1250,203,1,2
1250,204,1,2
1250,205,1,2
1250,206,1,2
1250,207,1,2
1250,208,1,2
1250,209,1,2
1250,210,1,2
1250,211,1,2
1250,212,1,2
1250,213,1,2
1250,214,1,2
1250,215,1,2
1250,216,1,2
1250,217,1,2
1250,218,1,2
1250,219,1,2
1250,220,1,2
1250,221,1,2
1250,222,1,2
1250,223,1,2
1250,224,1,2
1250,225,1,2
1250,226,1,2
1250,227,1,2
1250,228,1,2
1250,229,1,2
1250,230,1,2
1250,231,1,2
1250,232,1,2
1250,233,1,2
1250,234,1,2
1250,235,1,2
1250,236,1,2
1250,237,1,2
1250,238,1,2
1250,239,1,2
1250,240,1,2
1250,241,1,2
1250,242,1,2
1250,243,1,2
1250,244,1,2
1250,245,1,2
1250,246,1,2
1250,247,1,2
1250,248,1,2
1250,249,1,2
1250,250,1,2
1250,251,1,2
1250,252,1,2
1250,253,1,2
1250,254,1,2
1250,255,1,2
1250,256,1,2
1250,257,1,2
1250,258,1,2
1250,259,1,2
1250,260,1,2
1250,261,1,2
1250,262,1,2
1250,263,1,2
1250,264,1,2
1250,265,1,2
1250,266,1,2
1250,267,1,2
1250,268,1,2
1250,269,1,2
1250,270,1,2
1250,271,1,2
1250,272,1,2
1250,273,1,2
1250,274,1,2
1250,275,1,2
1250,276,1,2
1250,277,1,2
1250,278,1,2
1250,279,1,2
1250,280,1,2
1250,281,1,2
1250,282,1,2
1250,283,1,2
1250,284,1,2
1250,285,1,2
1250,286,1,2
1250,287,1,2
1250,288,1,2
1250,289,1,2
1250,290,1,2
1250,291,1,2
1250,292,1,2
1250,293,1,2
1250,294,1,2
1250,295,1,2
1250,296,1,2
1250,297,1,2
1250,298,1,2
1250,299,1,2
1250,300,1,2
1250,301,1,2
1250,302,1,2
1250,303,1,2
1250,304,1,2
1250,305,1,2
1250,306,1,2
1250,307,1,2
1250,308,1,2
1250,309,1,2
1250,310,1,2
1250,311,1,2
1250,312,1,2
1250,313,1,2
1250,314,1,2
1250,315,1,2
1250,316,1,2
1250,317,1,2
1250,318,1,2
1250,319,1,2
1250,320,1,2
1250,321,1,2
1250,322,1,2
1250,323,1,2
1250,324,1,2
1250,325,1,2
1250,326,1,2
1250,327,1,2
1250,328,1,2
1250,329,1,2
1250,330,1,2
1250,331,1,2
1250,332,1,2
1250,333,1,2
1250,334,1,2
1250,335,1,2
1250,336,1,2
1250,337,1,2
1250,338,1,2
1250,339,1,2
1250,340,1,2
1250,341,1,2
1250,342,1,2
1250,343,1,2
1250,344,1,2
1250,345,1,2
1250,346,1,2
1250,347,1,2
1250,348,1,2
1250,349,1,2
1250,350,1,2
1250,351,1,2
1250,352,1,2
1250,353,1,2
1250,354,1,2
1250,355,1,2
1250,356,1,2
1250,357,1,2
1250,358,1,2
1250,359,1,2
1250,360,1,2
1250,361,1,2
1250,362,1,2
1250,363,1,2
1250,364,1,2
1250,365,1,2
1250,366,1,2
1250,367,1,2
1250,368,1,2
1250,369,1,2
1250,370,1,2
1250,371,1,2
1250,372,1,2
1250,373,1,2
1250,374,1,2
1250,375,1,2
1250,376,1,2
1250,377,1,2
1250,378,1,2
1250,379,1,2
1250,380,1,2
1250,381,1,2
1250,382,1,2
1250,383,1,2
1250,384,1,2
1250,385,1,2
1250,386,1,2
1250,387,1,2
1250,388,1,2
1250,389,1,2
1250,390,1,2
1250,391,1,2
1250,392,1,2
1250,393,1,2
1250,394,1,2
1250,395,1,2
1250,396,1,2
1250,397,1,2
1250,398,1,2
1250,399,1,2
1250,400,1,2
1250,401,1,2
1250,402,1,2
1250,403,1,2
1250,404,1,2
1250,405,1,2
1250,406,1,2
1250,407,1,2
1250,408,1,2
1250,409,1,2
1250,410,1,2
1250,411,1,2
1250,412,1,2
1250,413,1,2
1250,414,1,2
1250,415,1,2
1250,416,1,2
1250,417,1,2
1250,418,1,2
1250,419,1,2
1250,420,1,2
1250,421,1,2
1250,422,1,2
1250,423,1,2
1250,424,1,2
1250,425,1,2
1250,426,1,2
1251,136,1,2
1251,137,1,3
1251,138,1,2
1251,139,1,2
1251,140,1,2
1251,141,1,2
1251,142,1,2
1251,143,1,2
1251,144,1,2
1251,145,1,2
1251,146,1,2
1251,147,1,2
1251,148,1,2
1251,149,1,2
1251,150,1,2
1251,151,1,2
1251,152,1,2
1251,153,1,2
1251,154,1,2
1251,155,1,2
1251,156,1,2
1251,157,1,2
1251,158,1,2
1251,159,1,2
1251,160,1,2
1251,161,1,2
1251,162,1,2
1251,163,1,2
1251,164,1,2
1251,165,1,2
1251,166,1,2
1251,167,1,2
1251,168,1,2
1251,169,1,2
1251,170,1,2
1251,171,1,2
1251,172,1,2
1251,173,1,2
1251,174,1,2
1251,175,1,2
1251,176,1,2
1251,177,1,2
1251,178,1,2
1251,179,1,2
1251,180,1,2
1251,181,1,2
1251,182,1,2
1251,183,1,2
1251,184,1,2
1251,185,1,2
1251,186,1,2
1251,187,1,2
1251,188,1,2
1251,189,1,2
1251,190,1,2
1251,191,1,2
1251,192,1,2
1251,193,1,2
1251,194,1,2
1251,195,1,2
1251,196,1,2
1251,197,1,2
1251,198,1,2
1251,199,1,2
1251,200,1,2
1251,201,1,2
1251,202,1,2
1251,203,1,2
1251,204,1,2
1251,205,1,2
1251,206,1,2
1251,207,1,2
1251,208,1,2
1251,209,1,2
1251,210,1,2
1251,211,1,2
1251,212,1,2
1251,213,1,2
1251,214,1,2
1251,215,1,2
1251,216,1,2
1251,217,1,2
1251,218,1,2
1251,219,1,2
1251,220,1,2
1251,221,1,2
1251,222,1,2
1251,223,1,2
1251,224,1,2
1251,225,1,2
1251,226,1,2
1251,227,1,2
1251,228,1,2
1251,229,1,2
1251,230,1,2
1251,231,1,2
1251,232,1,2
1251,233,1,2
1251,234,1,2
1251,235,1,2
1251,236,1,2
1251,237,1,2
1251,238,1,2
1251,239,1,2
1251,240,1,2
1251,241,1,2
1251,242,1,2
1251,243,1,2
1251,244,1,2
1251,245,1,2
1251,246,1,2
1251,247,1,2
1251,248,1,2
1251,249,1,2
1251,250,1,2
1251,251,1,2
1251,252,1,2
1251,253,1,2
1251,254,1,2
1251,255,1,2
1251,256,1,2
1251,257,1,2
1251,258,1,2
1251,259,1,2
1251,260,1,2
1251,261,1,2
1251,262,1,2
1251,263,1,2
1251,264,1,2
1251,265,1,2
1251,266,1,2
1251,267,1,2
1251,268,1,2
1251,269,1,2
1251,270,1,2
1251,271,1,2
1251,272,1,2
1251,273,1,2
1251,274,1,2
1251,275,1,2
1251,276,1,2
1251,277,1,2
1251,278,1,2
1251,279,1,2
1251,280,1,2
1251,281,1,2
1251,282,1,2
1251,283,1,2
1251,284,1,2
1251,285,1,2
1251,286,1,2
1251,287,1,2
1251,288,1,2
1251,289,1,2
1251,290,1,2
1251,291,1,2
1251,292,1,2
1251,293,1,2
1251,294,1,2
1251,295,1,2
1251,296,1,2
1251,297,1,2
1251,298,1,2
1251,299,1,2
1251,300,1,2
1251,301,1,2
1251,302,1,2
1251,303,1,2
1251,304,1,2
1251,305,1,2
1251,306,1,2
1251,307,1,2
1251,308,1,2
1251,309,1,2
1251,310,1,2
1251,311,1,2
1251,312,1,2
1251,313,1,2
1251,314,1,2
1251,315,1,2
1251,316,1,2
1251,317,1,2
1251,318,1,2
1251,319,1,2
1251,320,1,2
1251,321,1,2
1251,322,1,2
1251,323,1,2
1251,324,1,2
1251,325,1,2
1251,326,1,2
1251,327,1,2
1251,328,1,2
1251,329,1,2
1251,330,1,2
1251,331,1,2
1251,332,1,2
1251,333,1,2
1251,334,1,2
1251,335,1,2
1251,336,1,2
1251,337,1,2
1251,338,1,2
1251,339,1,2
1251,340,1,2
1251,341,1,2
1251,342,1,2
1251,343,1,2
1251,344,1,2
1251,345,1,2
1251,346,1,2
1251,347,1,2
1251,348,1,2
1251,349,1,2
1251,350,1,2
1251,351,1,2
1251,352,1,2
1251,353,1,2
1251,354,1,2
1251,355,1,2
1251,356,1,2
1251,357,1,2
1251,358,1,2
1251,359,1,2
1251,360,1,2
1251,361,1,2
1251,362,1,2
1251,363,1,2
1251,364,1,2
1251,365,1,2
1251,366,1,2
1251,367,1,2
1251,368,1,2
1251,369,1,2
1251,370,1,2
1251,371,1,2
1251,372,1,2
1251,373,1,2
1251,374,1,2
1251,375,1,2
1251,376,1,2
1251,377,1,2
1251,378,1,2
1251,379,1,2
1251,380,1,2
1251,381,1,2
1251,382,1,2
1251,383,1,2
1251,384,1,2
1251,385,1,2
1251,386,1,2
1251,387,1,2
1251,388,1,2
1251,389,1,2
1251,390,1,2
1251,391,1,2
1251,392,1,2
1251,393,1,2
1251,394,1,2
1251,395,1,2
1251,396,1,2
1251,397,1,2
1251,398,1,2
1251,399,1,2
1251,400,1,2
1251,401,1,2
1251,402,1,2
1251,403,1,2
1251,404,1,2
1251,405,1,2
1251,406,1,2
1251,407,1,2
1251,408,1,2
1251,409,1,2
1251,410,1,2
1251,411,1,2
1251,412,1,2
1251,413,1,2
1251,414,1,2
1251,415,1,2
1251,416,1,2
1251,417,1,2
1251,418,1,2
1251,419,1,2
1251,420,1,2
1251,421,1,2
1251,422,1,2
1251,423,1,2
1251,424,1,2
1251,425,1,2
1251,426,1,2
1251,427,1,2
1252,135,1,3
1252,136,1,2
1252,137,1,2
1252,138,1,2
1252,139,1,2
1252,140,1,2
1252,141,1,2
1252,142,1,2
1252,143,1,2
1252,144,1,2
1252,145,1,2
1252,146,1,2
1252,147,1,2
1252,148,1,2
1252,149,1,2
1252,150,1,2
1252,151,1,2
1252,152,1,2
1252,153,1,2
1252,154,1,2
1252,155,1,2
1252,156,1,2
1252,157,1,2
1252,158,1,2
1252,159,1,2
1252,160,1,2
1252,161,1,2
1252,162,1,2
1252,163,1,2
1252,164,1,2
1252,165,1,2
1252,166,1,2
1252,167,1,2
1252,168,1,2
1252,169,1,2
1252,170,1,2
1252,171,1,2
1252,172,1,2
1252,173,1,2
1252,174,1,2
1252,175,1,2
1252,176,1,2
1252,177,1,2
1252,178,1,2
1252,179,1,2
1252,180,1,2
1252,181,1,2
1252,182,1,2
1252,183,1,2
1252,184,1,2
1252,185,1,2
1252,186,1,2
1252,187,1,2
1252,188,1,2
1252,189,1,2
1252,190,1,2
1252,191,1,2
1252,192,1,2
1252,193,1,2
1252,194,1,2
1252,195,1,2
1252,196,1,2
1252,197,1,2
1252,198,1,2
1252,199,1,2
1252,200,1,2
1252,201,1,2
1252,202,1,2
1252,203,1,2
1252,204,1,2
1252,205,1,2
1252,206,1,2
1252,207,1,2
1252,208,1,2
1252,209,1,2
1252,210,1,2
1252,211,1,2
1252,212,1,2
1252,213,1,2
1252,214,1,2
1252,215,1,2
1252,216,1,2
1252,217,1,2
1252,218,1,2
1252,219,1,2
1252,220,1,2
1252,221,1,2
1252,222,1,2
1252,223,1,2
1252,224,1,2
1252,225,1,2
1252,226,1,2
1252,227,1,2
1252,228,1,2
1252,229,1,2
1252,230,1,2
1252,231,1,2
1252,232,1,2
1252,233,1,2
1252,234,1,2
1252,235,1,2
1252,236,1,2
1252,237,1,2
1252,238,1,2
1252,239,1,2
1252,240,1,2
1252,241,1,2
1252,242,1,2
1252,243,1,2
1252,244,1,2
1252,245,1,2
1252,246,1,2
1252,247,1,2
1252,248,1,2
1252,249,1,2
1252,250,1,2
1252,251,1,2
1252,252,1,2
1252,253,1,2
1252,254,1,2
1252,255,1,2
1252,256,1,2
1252,257,1,2
1252,258,1,2
1252,259,1,2
1252,260,1,2
1252,261,1,2
1252,262,1,2
1252,263,1,2
1252,264,1,2
1252,265,1,2
1252,266,1,2
1252,267,1,2
1252,268,1,2
1252,269,1,2
1252,270,1,2
1252,271,1,2
1252,272,1,2
1252,273,1,2
1252,274,1,2
1252,275,1,2
1252,276,1,2
1252,277,1,2
1252,278,1,2
1252,279,1,2
1252,280,1,2
1252,281,1,2
1252,282,1,2
1252,283,1,2
1252,284,1,2
1252,285,1,2
1252,286,1,2
1252,287,1,2
1252,288,1,2
1252,289,1,2
1252,290,1,2
1252,291,1,2
1252,292,1,2
1252,293,1,2
1252,294,1,2
1252,295,1,2
1252,296,1,2
1252,297,1,2
1252,298,1,2
1252,299,1,2
1252,300,1,2
1252,301,1,2
1252,302,1,2
1252,303,1,2
1252,304,1,2
1252,305,1,2
1252,306,1,2
1252,307,1,2
1252,308,1,2
1252,309,1,2
1252,310,1,2
1252,311,1,2
1252,312,1,2
1252,313,1,2
1252,314,1,2
1252,315,1,2
1252,316,1,2
1252,317,1,2
1252,318,1,2
1252,319,1,2
1252,320,1,2
1252,321,1,2
1252,322,1,2
1252,323,1,2
1252,324,1,2
1252,325,1,2
1252,326,1,2
1252,327,1,2
1252,328,1,2
1252,329,1,2
1252,330,1,2
1252,331,1,2
1252,332,1,2
1252,333,1,2
1252,334,1,2
1252,335,1,2
1252,336,1,2
1252,337,1,2
1252,338,1,2
1252,339,1,2
1252,340,1,2
1252,341,1,2
1252,342,1,2
1252,343,1,2
1252,344,1,2
1252,345,1,2
1252,346,1,2
1252,347,1,2
1252,348,1,2
1252,349,1,2
1252,350,1,2
1252,351,1,2
1252,352,1,2
1252,353,1,2
1252,354,1,2
1252,355,1,2
1252,356,1,2
1252,357,1,2
1252,358,1,2
1252,359,1,2
1252,360,1,2
1252,361,1,2
1252,362,1,2
1252,363,1,2
1252,364,1,2
1252,365,1,2
1252,366,1,2
1252,367,1,2
1252,368,1,2
1252,369,1,2
1252,370,1,2
1252,371,1,2
1252,372,1,2
1252,373,1,2
1252,374,1,2
1252,375,1,2
1252,376,1,2
1252,377,1,2
1252,378,1,2
1252,379,1,2
1252,380,1,2
1252,381,1,2
1252,382,1,2
1252,383,1,2
1252,384,1,2
1252,385,1,2
1252,386,1,2
1252,387,1,2
1252,388,1,2
1252,389,1,2
1252,390,1,2
1252,391,1,2
1252,392,1,2
1252,393,1,2
1252,394,1,2
1252,395,1,2
1252,396,1,2
1252,397,1,2
1252,398,1,2
1252,399,1,2
1252,400,1,2
1252,401,1,2
1252,402,1,2
1252,403,1,2
1252,404,1,2
1252,405,1,2
1252,406,1,2
1252,407,1,2
1252,408,1,2
1252,409,1,2
1252,410,1,2
1252,411,1,2
1252,412,1,2
1252,413,1,2
1252,414,1,2
1252,415,1,2
1252,416,1,2
1252,417,1,2
1252,418,1,2
1252,419,1,2
1252,420,1,2
1252,421,1,2
1252,422,1,2
1252,423,1,2
1252,424,1,2
1252,425,1,2
1252,426,1,2
1252,427,1,2
1252,428,1,3
1253,135,1,2
1253,136,1,2
1253,137,1,2
1253,138,1,2
1253,139,1,2
1253,140,1,2
1253,141,1,2
1253,142,1,2
1253,143,1,2
1253,144,1,2
1253,145,1,2
1253,146,1,2
1253,147,1,2
1253,148,1,2
1253,149,1,2
1253,150,1,2
1253,151,1,2
1253,152,1,2
1253,153,1,2
1253,154,1,2
1253,155,1,2
1253,156,1,2
1253,157,1,2
1253,158,1,2
1253,159,1,2
1253,160,1,2
1253,161,1,2
1253,162,1,2
1253,163,1,2
1253,164,1,2
1253,165,1,2
1253,166,1,2
1253,167,1,2
1253,168,1,2
1253,169,1,2
1253,170,1,2
1253,171,1,2
1253,172,1,2
1253,173,1,2
1253,174,1,2
1253,175,1,2
1253,176,1,2
1253,177,1,2
1253,178,1,2
1253,179,1,2
1253,180,1,2
1253,181,1,2
1253,182,1,2
1253,183,1,2
1253,184,1,2
1253,185,1,2
1253,186,1,2
1253,187,1,2
1253,188,1,2
1253,189,1,2
1253,190,1,2
1253,191,1,2
1253,192,1,2
1253,193,1,2
1253,194,1,2
1253,195,1,2
1253,196,1,2
1253,197,1,2
1253,198,1,2
1253,199,1,2
1253,200,1,2
1253,201,1,2
1253,202,1,2
1253,203,1,2
1253,204,1,2
1253,205,1,2
1253,206,1,2
1253,207,1,2
1253,208,1,2
1253,209,1,2
1253,210,1,2
1253,211,1,2
1253,212,1,2
1253,213,1,2
1253,214,1,2
1253,215,1,2
1253,216,1,2
1253,217,1,2
1253,218,1,2
1253,219,1,2
1253,220,1,2
1253,221,1,2
1253,222,1,2
1253,223,1,2
1253,224,1,2
1253,225,1,2
1253,226,1,2
1253,227,1,2
1253,228,1,2
1253,229,1,2
1253,230,1,2
1253,231,1,2
1253,232,1,2
1253,233,1,2
1253,234,1,2
1253,235,1,2
1253,236,1,2
1253,237,1,2
1253,238,1,2
1253,239,1,2
1253,240,1,2
1253,241,1,2
1253,242,1,2
1253,243,1,2
1253,244,1,2
1253,245,1,2
1253,246,1,2
1253,247,1,2
1253,248,1,2
1253,249,1,2
1253,250,1,2
1253,251,1,2
1253,252,1,2
1253,253,1,2
1253,254,1,2
1253,255,1,2
1253,256,1,2
1253,257,1,2
1253,258,1,2
1253,259,1,2
1253,260,1,2
1253,261,1,2
1253,262,1,2
1253,263,1,2
1253,264,1,2
1253,265,1,2
1253,266,1,2
1253,267,1,2
1253,268,1,2
1253,269,1,2
1253,270,1,2
1253,271,1,2
1253,272,1,2
1253,273,1,2
1253,274,1,2
1253,275,1,2
1253,276,1,2
1253,277,1,2
1253,278,1,2
1253,279,1,2
1253,280,1,2
1253,281,1,2
1253,282,1,2
1253,283,1,2
1253,284,1,2
1253,285,1,2
1253,286,1,2
1253,287,1,2
1253,288,1,2
1253,289,1,2
1253,290,1,2
1253,291,1,2
1253,292,1,2
1253,293,1,2
1253,294,1,2
1253,295,1,2
1253,296,1,2
1253,297,1,2
1253,298,1,2
1253,299,1,2
1253,300,1,2
1253,301,1,2
1253,302,1,2
1253,303,1,2
1253,304,1,2
1253,305,1,2
1253,306,1,2
1253,307,1,2
1253,308,1,2
1253,309,1,2
1253,310,1,2
1253,311,1,2
1253,312,1,2
1253,313,1,2
1253,314,1,2
1253,315,1,2
1253,316,1,2
1253,317,1,2
1253,318,1,2
1253,319,1,2
1253,320,1,2
1253,321,1,2
1253,322,1,2
1253,323,1,2
1253,324,1,2
1253,325,1,2
1253,326,1,2
1253,327,1,2
1253,328,1,2
1253,329,1,2
1253,330,1,2
1253,331,1,2
1253,332,1,2
1253,333,1,2
1253,334,1,2
1253,335,1,2
1253,336,1,2
1253,337,1,2
1253,338,1,2
1253,339,1,2
1253,340,1,2
1253,341,1,2
1253,342,1,2
1253,343,1,2
1253,344,1,2
1253,345,1,2
1253,346,1,2
1253,347,1,2
1253,348,1,2
1253,349,1,2
1253,350,1,2
1253,351,1,2
1253,352,1,2
1253,353,1,2
1253,354,1,2
1253,355,1,2
1253,356,1,2
1253,357,1,2
1253,358,1,2
1253,359,1,2
1253,360,1,2
1253,361,1,2
1253,362,1,2
1253,363,1,2
1253,364,1,2
1253,365,1,2
1253,366,1,2
1253,367,1,2
1253,368,1,2
1253,369,1,2
1253,370,1,2
1253,371,1,2
1253,372,1,2
1253,373,1,2
1253,374,1,2
1253,375,1,2
1253,376,1,2
1253,377,1,2
1253,378,1,2
1253,379,1,2
1253,380,1,2
1253,381,1,2
1253,382,1,2
1253,383,1,2
1253,384,1,2
1253,385,1,2
1253,386,1,2
1253,387,1,2
1253,388,1,2
1253,389,1,2
1253,390,1,2
1253,391,1,2
1253,392,1,2
1253,393,1,2
1253,394,1,2
1253,395,1,2
1253,396,1,2
1253,397,1,2
1253,398,1,2
1253,399,1,2
1253,400,1,2
1253,401,1,2
1253,402,1,2
1253,403,1,2
1253,404,1,2
1253,405,1,2
1253,406,1,2
1253,407,1,2
1253,408,1,2
1253,409,1,2
1253,410,1,2
1253,411,1,2
1253,412,1,2
1253,413,1,2
1253,414,1,2
1253,415,1,2
1253,416,1,2
1253,417,1,2
1253,418,1,2
1253,419,1,2
1253,420,1,2
1253,421,1,2
1253,422,1,2
1253,423,1,2
1253,424,1,2
1253,425,1,2
1253,426,1,2
1253,427,1,2
1253,428,1,2
1253,429,1,3
1254,134,1,2
1254,135,1,2
1254,136,1,2
1254,137,1,2
1254,138,1,2
1254,139,1,2
1254,140,1,2
1254,141,1,2
1254,142,1,2
1254,143,1,2
1254,144,1,2
1254,145,1,2
1254,146,1,2
1254,147,1,2
1254,148,1,2
1254,149,1,2
1254,150,1,2
1254,151,1,2
1254,152,1,2
1254,153,1,2
1254,154,1,2
1254,155,1,2
1254,156,1,2
1254,157,1,2
1254,158,1,2
1254,159,1,2
1254,160,1,2
1254,161,1,2
1254,162,1,2
1254,163,1,2
1254,164,1,2
1254,165,1,2
1254,166,1,2
1254,167,1,2
1254,168,1,2
1254,169,1,2
1254,170,1,2
1254,171,1,2
1254,172,1,2
1254,173,1,2
1254,174,1,2
1254,175,1,2
1254,176,1,2
1254,177,1,2
1254,178,1,2
1254,179,1,2
1254,180,1,2
1254,181,1,2
1254,182,1,2
1254,183,1,2
1254,184,1,2
1254,185,1,2
1254,186,1,2
1254,187,1,2
1254,188,1,2
1254,189,1,2
1254,190,1,2
1254,191,1,2
1254,192,1,2
1254,193,1,2
1254,194,1,2
1254,195,1,2
1254,196,1,2
1254,197,1,2
1254,198,1,2
1254,199,1,2
1254,200,1,2
1254,201,1,2
1254,202,1,2
1254,203,1,2
1254,204,1,2
1254,205,1,2
1254,206,1,2
1254,207,1,2
1254,208,1,2
1254,209,1,2
1254,210,1,2
1254,211,1,2
1254,212,1,2
1254,213,1,2
1254,214,1,2
1254,215,1,2
1254,216,1,2
1254,217,1,2
1254,218,1,2
1254,219,1,2
1254,220,1,2
1254,221,1,2
1254,222,1,2
1254,223,1,2
1254,224,1,2
1254,225,1,2
1254,226,1,2
1254,227,1,2
1254,228,1,2
1254,229,1,2
1254,230,1,2
1254,231,1,2
1254,232,1,2
1254,233,1,2
1254,234,1,2
1254,235,1,2
1254,236,1,2
1254,237,1,2
1254,238,1,2
1254,239,1,2
1254,240,1,2
1254,241,1,2
1254,242,1,2
1254,243,1,2
1254,244,1,2
1254,245,1,2
1254,246,1,2
1254,247,1,2
1254,248,1,2
1254,249,1,2
1254,250,1,2
1254,251,1,2
1254,252,1,2
1254,253,1,2
1254,254,1,2
1254,255,1,2
1254,256,1,2
1254,257,1,2
1254,258,1,2
1254,259,1,2
1254,260,1,2
1254,261,1,2
1254,262,1,2
1254,263,1,2
1254,264,1,2
1254,265,1,2
1254,266,1,2
1254,267,1,2
1254,268,1,2
1254,269,1,2
1254,270,1,2
1254,271,1,2
1254,272,1,2
1254,273,1,2
1254,274,1,2
1254,275,1,2
1254,276,1,2
1254,277,1,2
1254,278,1,2
1254,279,1,2
1254,280,1,2
1254,281,1,2
1254,282,1,2
1254,283,1,2
1254,284,1,2
1254,285,1,2
1254,286,1,2
1254,287,1,2
1254,288,1,2
1254,289,1,2
1254,290,1,2
1254,291,1,2
1254,292,1,2
1254,293,1,2
1254,294,1,2
1254,295,1,2
1254,296,1,2
1254,297,1,2
1254,298,1,2
1254,299,1,2
1254,300,1,2
1254,301,1,2
1254,302,1,2
1254,303,1,2
1254,304,1,2
1254,305,1,2
1254,306,1,2
1254,307,1,2
1254,308,1,2
1254,309,1,2
1254,310,1,2
1254,311,1,2
1254,312,1,2
1254,313,1,2
1254,314,1,2
1254,315,1,2
1254,316,1,2
1254,317,1,2
1254,318,1,2
1254,319,1,2
1254,320,1,2
1254,321,1,2
1254,322,1,2
1254,323,1,2
1254,324,1,2
1254,325,1,2
1254,326,1,2
1254,327,1,2
1254,328,1,2
1254,329,1,2
1254,330,1,2
1254,331,1,2
1254,332,1,2
1254,333,1,2
1254,334,1,2
1254,335,1,2
1254,336,1,2
1254,337,1,2
1254,338,1,2
1254,339,1,2
1254,340,1,2
1254,341,1,2
1254,342,1,2
1254,343,1,2
1254,344,1,2
1254,345,1,2
1254,346,1,2
1254,347,1,2
1254,348,1,2
1254,349,1,2
1254,350,1,2
1254,351,1,2
1254,352,1,2
1254,353,1,2
1254,354,1,2
1254,355,1,2
1254,356,1,2
1254,357,1,2
1254,358,1,2
1254,359,1,2
1254,360,1,2
1254,361,1,2
1254,362,1,2
1254,363,1,2
1254,364,1,2
1254,365,1,2
1254,366,1,2
1254,367,1,2
1254,368,1,2
1254,369,1,2
1254,370,1,2
1254,371,1,2
1254,372,1,2
1254,373,1,2
1254,374,1,2
1254,375,1,2
1254,376,1,2
1254,377,1,2
1254,378,1,2
1254,379,1,2
1254,380,1,2
1254,381,1,2
1254,382,1,2
1254,383,1,2
1254,384,1,2
1254,385,1,2
1254,386,1,2
1254,387,1,2
1254,388,1,2
1254,389,1,2
1254,390,1,2
1254,391,1,2
1254,392,1,2
1254,393,1,2
1254,394,1,2
1254,395,1,2
1254,396,1,2
1254,397,1,2
1254,398,1,2
1254,399,1,2
1254,400,1,2
1254,401,1,2
1254,402,1,2
1254,403,1,2
1254,404,1,2
1254,405,1,2
1254,406,1,2
1254,407,1,2
1254,408,1,2
1254,409,1,2
1254,410,1,2
1254,411,1,2
1254,412,1,2
1254,413,1,2
1254,414,1,2
1254,415,1,2
1254,416,1,2
1254,417,1,2
1254,418,1,2
1254,419,1,2
1254,420,1,2
1254,421,1,2
1254,422,1,2
1254,423,1,2
1254,424,1,2
1254,425,1,2
1254,426,1,2
1254,427,1,2
1254,428,1,2
1254,429,1,3
1254,430,1,3
1255,133,1,2
1255,134,1,2
1255,135,1,2
1255,136,1,2
1255,137,1,2
1255,138,1,2
1255,139,1,2
1255,140,1,2
1255,141,1,2
1255,142,1,2
1255,143,1,2
1255,144,1,2
1255,145,1,2
1255,146,1,2
1255,147,1,2
1255,148,1,2
1255,149,1,2
1255,150,1,2
1255,151,1,2
1255,152,1,2
1255,153,1,2
1255,154,1,2
1255,155,1,2
1255,156,1,2
1255,157,1,2
1255,158,1,2
1255,159,1,2
1255,160,1,2
1255,161,1,2
1255,162,1,2
1255,163,1,2
1255,164,1,2
1255,165,1,2
1255,166,1,2
1255,167,1,2
1255,168,1,2
1255,169,1,2
1255,170,1,2
1255,171,1,2
1255,172,1,2
1255,173,1,2
1255,174,1,2
1255,175,1,2
1255,176,1,2
1255,177,1,2
1255,178,1,2
1255,179,1,2
1255,180,1,2
1255,181,1,2
1255,182,1,2
1255,183,1,2
1255,184,1,2
1255,185,1,2
1255,186,1,2
1255,187,1,2
1255,188,1,2
1255,189,1,2
1255,190,1,2
1255,191,1,2
1255,192,1,2
1255,193,1,2
1255,194,1,2
1255,195,1,2
1255,196,1,2
1255,197,1,2
1255,198,1,2
1255,199,1,2
1255,200,1,2
1255,201,1,2
1255,202,1,2
1255,203,1,2
1255,204,1,2
1255,205,1,2
1255,206,1,2
1255,207,1,2
1255,208,1,2
1255,209,1,2
1255,210,1,2
1255,211,1,2
1255,212,1,2
1255,213,1,2
1255,214,1,2
1255,215,1,2
1255,216,1,2
1255,217,1,2
1255,218,1,2
1255,219,1,2
1255,220,1,2
1255,221,1,2
1255,222,1,2
1255,223,1,2
1255,224,1,2
1255,225,1,2
1255,226,1,2
1255,227,1,2
1255,228,1,2
1255,229,1,2
1255,230,1,2
1255,231,1,2
1255,232,1,2
1255,233,1,2
1255,234,1,2
1255,235,1,2
1255,236,1,2
1255,237,1,2
1255,238,1,2
1255,239,1,2
1255,240,1,2
1255,241,1,2
1255,242,1,2
1255,243,1,2
1255,244,1,2
1255,245,1,2
1255,246,1,2
1255,247,1,2
1255,248,1,2
1255,249,1,2
1255,250,1,2
1255,251,1,2
1255,252,1,2
1255,253,1,2
1255,254,1,2
1255,255,1,2
1255,256,1,2
1255,257,1,2
1255,258,1,2
1255,259,1,2
1255,260,1,2
1255,261,1,2
1255,262,1,2
1255,263,1,2
1255,264,1,2
1255,265,1,2
1255,266,1,2
1255,267,1,2
1255,268,1,2
1255,269,1,2
1255,270,1,2
1255,271,1,2
1255,272,1,2
1255,273,1,2
1255,274,1,2
1255,275,1,2
1255,276,1,2
1255,277,1,2
1255,278,1,2
1255,279,1,2
1255,280,1,2
1255,281,1,2
1255,282,1,2
1255,283,1,2
1255,284,1,2
1255,285,1,2
1255,286,1,2
1255,287,1,2
1255,288,1,2
1255,289,1,2
1255,290,1,2
1255,291,1,2
1255,292,1,2
1255,293,1,2
1255,294,1,2
1255,295,1,2
1255,296,1,2
1255,297,1,2
1255,298,1,2
1255,299,1,2
1255,300,1,2
1255,301,1,2
1255,302,1,2
1255,303,1,2
1255,304,1,2
1255,305,1,2
1255,306,1,2
1255,307,1,2
1255,308,1,2
1255,309,1,2
1255,310,1,2
1255,311,1,2
1255,312,1,2
1255,313,1,2
1255,314,1,2
1255,315,1,2
1255,316,1,2
1255,317,1,2
1255,318,1,2
1255,319,1,2
1255,320,1,2
1255,321,1,2
1255,322,1,2
1255,323,1,2
1255,324,1,2
1255,325,1,2
1255,326,1,2
1255,327,1,2
1255,328,1,2
1255,329,1,2
1255,330,1,2
1255,331,1,2
1255,332,1,2
1255,333,1,2
1255,334,1,2
1255,335,1,2
1255,336,1,2
1255,337,1,2
1255,338,1,2
1255,339,1,2
1255,340,1,2
1255,341,1,2
1255,342,1,2
1255,343,1,2
1255,344,1,2
1255,345,1,2
1255,346,1,2
1255,347,1,2
1255,348,1,2
1255,349,1,2
1255,350,1,2
1255,351,1,2
1255,352,1,2
1255,353,1,2
1255,354,1,2
1255,355,1,2
1255,356,1,2
1255,357,1,2
1255,358,1,2
1255,359,1,2
1255,360,1,2
1255,361,1,2
1255,362,1,2
1255,363,1,2
1255,364,1,2
1255,365,1,2
1255,366,1,2
1255,367,1,2
1255,368,1,2
1255,369,1,2
1255,370,1,2
1255,371,1,2
1255,372,1,2
1255,373,1,2
1255,374,1,2
1255,375,1,2
1255,376,1,2
1255,377,1,2
1255,378,1,2
1255,379,1,2
1255,380,1,2
1255,381,1,2
1255,382,1,2
1255,383,1,2
1255,384,1,2
1255,385,1,2
1255,386,1,2
1255,387,1,2
1255,388,1,2
1255,389,1,2
1255,390,1,2
1255,391,1,2
1255,392,1,2
1255,393,1,2
1255,394,1,2
1255,395,1,2
1255,396,1,2
1255,397,1,2
1255,398,1,2
1255,399,1,2
1255,400,1,2
1255,401,1,2
1255,402,1,2
1255,403,1,2
1255,404,1,2
1255,405,1,2
1255,406,1,2
1255,407,1,2
1255,408,1,2
1255,409,1,2
1255,410,1,2
1255,411,1,2
1255,412,1,2
1255,413,1,2
1255,414,1,2
1255,415,1,2
1255,416,1,2
1255,417,1,2
1255,418,1,2
1255,419,1,2
1255,420,1,2
1255,421,1,2
1255,422,1,2
1255,423,1,2
1255,424,1,2
1255,425,1,2
1255,426,1,2
1255,427,1,2
1255,428,1,2
1255,429,1,2
1255,430,1,3
1255,431,1,3
1256,132,1,3
1256,133,1,2
1256,134,1,2
1256,135,1,2
1256,136,1,2
1256,137,1,2
1256,138,1,2
1256,139,1,2
1256,140,1,2
1256,141,1,2
1256,142,1,2
1256,143,1,2
1256,144,1,2
1256,145,1,2
1256,146,1,2
1256,147,1,2
1256,148,1,2
1256,149,1,2
1256,150,1,2
1256,151,1,2
1256,152,1,2
1256,153,1,2
1256,154,1,2
1256,155,1,2
1256,156,1,2
1256,157,1,2
1256,158,1,2
1256,159,1,2
1256,160,1,2
1256,161,1,2
1256,162,1,2
1256,163,1,2
1256,164,1,2
1256,165,1,2
1256,166,1,2
1256,167,1,2
1256,168,1,2
1256,169,1,2
1256,170,1,2
1256,171,1,2
1256,172,1,2
1256,173,1,2
1256,174,1,2
1256,175,1,2
1256,176,1,2
1256,177,1,2
1256,178,1,2
1256,179,1,2
1256,180,1,2
1256,181,1,2
1256,182,1,2
1256,183,1,2
1256,184,1,2
1256,185,1,2
1256,186,1,2
1256,187,1,2
1256,188,1,2
1256,189,1,2
1256,190,1,2
1256,191,1,2
1256,192,1,2
1256,193,1,2
1256,194,1,2
1256,195,1,2
1256,196,1,2
1256,197,1,2
1256,198,1,2
1256,199,1,2
1256,200,1,2
1256,201,1,2
1256,202,1,2
1256,203,1,2
1256,204,1,2
1256,205,1,2
1256,206,1,2
1256,207,1,2
1256,208,1,2
1256,209,1,2
1256,210,1,2
1256,211,1,2
1256,212,1,2
1256,213,1,2
1256,214,1,2
1256,215,1,2
1256,216,1,2
1256,217,1,2
1256,218,1,2
1256,219,1,2
1256,220,1,2
1256,221,1,2
1256,222,1,2
1256,223,1,2
1256,224,1,2
1256,225,1,2
1256,226,1,2
1256,227,1,2
1256,228,1,2
1256,229,1,2
1256,230,1,2
1256,231,1,2
1256,232,1,2
1256,233,1,2
1256,234,1,2
1256,235,1,2
1256,236,1,2
1256,237,1,2
1256,238,1,2
1256,239,1,2
1256,240,1,2
1256,241,1,2
1256,242,1,2
1256,243,1,2
1256,244,1,2
1256,245,1,2
1256,246,1,2
1256,247,1,2
1256,248,1,2
1256,249,1,2
1256,250,1,2
1256,251,1,2
1256,252,1,2
1256,253,1,2
1256,254,1,2
1256,255,1,2
1256,256,1,2
1256,257,1,2
1256,258,1,2
1256,259,1,2
1256,260,1,2
1256,261,1,2
1256,262,1,2
1256,263,1,2
1256,264,1,2
1256,265,1,2
1256,266,1,2
1256,267,1,2
1256,268,1,2
1256,269,1,2
1256,270,1,2
1256,271,1,2
1256,272,1,2
1256,273,1,2
1256,274,1,2
1256,275,1,2
1256,276,1,2
1256,277,1,2
1256,278,1,2
1256,279,1,2
1256,280,1,2
1256,281,1,2
1256,282,1,2
1256,283,1,2
1256,284,1,2
1256,285,1,2
1256,286,1,2
1256,287,1,2
1256,288,1,2
1256,289,1,2
1256,290,1,2
1256,291,1,2
1256,292,1,2
1256,293,1,2
1256,294,1,2
1256,295,1,2
1256,296,1,2
1256,297,1,2
1256,298,1,2
1256,299,1,2
1256,300,1,2
1256,301,1,2
1256,302,1,2
1256,303,1,2
1256,304,1,2
1256,305,1,2
1256,306,1,2
1256,307,1,2
1256,308,1,2
1256,309,1,2
1256,310,1,2
1256,311,1,2
1256,312,1,2
1256,313,1,2
1256,314,1,2
1256,315,1,2
1256,316,1,2
1256,317,1,2
1256,318,1,2
1256,319,1,2
1256,320,1,2
1256,321,1,2
1256,322,1,2
1256,323,1,2
1256,324,1,2
1256,325,1,2
1256,326,1,2
1256,327,1,2
1256,328,1,2
1256,329,1,2
1256,330,1,2
1256,331,1,2
1256,332,1,2
1256,333,1,2
1256,334,1,2
1256,335,1,2
1256,336,1,2
1256,337,1,2
1256,338,1,2
1256,339,1,2
1256,340,1,2
1256,341,1,2
1256,342,1,2
1256,343,1,2
1256,344,1,2
1256,345,1,2
1256,346,1,2
1256,347,1,2
1256,348,1,2
1256,349,1,2
1256,350,1,2
1256,351,1,2
1256,352,1,2
1256,353,1,2
1256,354,1,2
1256,355,1,2
1256,356,1,2
1256,357,1,2
1256,358,1,2
1256,359,1,2
1256,360,1,2
1256,361,1,2
1256,362,1,2
1256,363,1,2
1256,364,1,2
1256,365,1,2
1256,366,1,2
1256,367,1,2
1256,368,1,2
1256,369,1,2
1256,370,1,2
1256,371,1,2
1256,372,1,2
1256,373,1,2
1256,374,1,2
1256,375,1,2
1256,376,1,2
1256,377,1,2
1256,378,1,2
1256,379,1,2
1256,380,1,2
1256,381,1,2
1256,382,1,2
1256,383,1,2
1256,384,1,2
1256,385,1,2
1256,386,1,2
1256,387,1,2
1256,388,1,2
1256,389,1,2
1256,390,1,2
1256,391,1,2
1256,392,1,2
1256,393,1,2
1256,394,1,2
1256,395,1,2
1256,396,1,2
1256,397,1,2
1256,398,1,2
1256,399,1,2
1256,400,1,2
1256,401,1,2
1256,402,1,2
1256,403,1,2
1256,404,1,2
1256,405,1,2
1256,406,1,2
1256,407,1,2
1256,408,1,2
1256,409,1,2
1256,410,1,2
1256,411,1,2
1256,412,1,2
1256,413,1,2
1256,414,1,2
1256,415,1,2
1256,416,1,2
1256,417,1,2
1256,418,1,2
1256,419,1,2
1256,420,1,2
1256,421,1,2
1256,422,1,2
1256,423,1,2
1256,424,1,2
1256,425,1,2
1256,426,1,2
1256,427,1,2
1256,428,1,2
1256,429,1,2
1256,430,1,3
1256,431,1,3
1256,432,1,3
1257,132,1,2
1257,133,1,2
1257,134,1,2
1257,135,1,2
1257,136,1,2
1257,137,1,2
1257,138,1,2
1257,139,1,2
1257,140,1,2
1257,141,1,2
1257,142,1,2
1257,143,1,2
1257,144,1,2
1257,145,1,2
1257,146,1,2
1257,147,1,2
1257,148,1,2
1257,149,1,2
1257,150,1,2
1257,151,1,2
1257,152,1,2
1257,153,1,2
1257,154,1,2
1257,155,1,2
1257,156,1,2
1257,157,1,2
1257,158,1,2
1257,159,1,2
1257,160,1,2
1257,161,1,2
1257,162,1,2
1257,163,1,2
1257,164,1,2
1257,165,1,2
1257,166,1,2
1257,167,1,2
1257,168,1,2
1257,169,1,2
1257,170,1,2
1257,171,1,2
1257,172,1,2
1257,173,1,2
1257,174,1,2
1257,175,1,2
1257,176,1,2
1257,177,1,2
1257,178,1,2
1257,179,1,2
1257,180,1,2
1257,181,1,2
1257,182,1,2
1257,183,1,2
1257,184,1,2
1257,185,1,2
1257,186,1,2
1257,187,1,2
1257,188,1,2
1257,189,1,2
1257,190,1,2
1257,191,1,2
1257,192,1,2
1257,193,1,2
1257,194,1,2
1257,195,1,2
1257,196,1,2
1257,197,1,2
1257,198,1,2
1257,199,1,2
1257,200,1,2
1257,201,1,2
1257,202,1,2
1257,203,1,2
1257,204,1,2
1257,205,1,2
1257,206,1,2
1257,207,1,2
1257,208,1,2
1257,209,1,2
1257,210,1,2
1257,211,1,2
1257,212,1,2
1257,213,1,2
1257,214,1,2
1257,215,1,2
1257,216,1,2
1257,217,1,2
1257,218,1,2
1257,219,1,2
1257,220,1,2
1257,221,1,2
1257,222,1,2
1257,223,1,2
1257,224,1,2
1257,225,1,2
1257,226,1,2
1257,227,1,2
1257,228,1,2
1257,229,1,2
1257,230,1,2
1257,231,1,2
1257,232,1,2
1257,233,1,2
1257,234,1,2
1257,235,1,2
1257,236,1,2
1257,237,1,2
1257,238,1,2
1257,239,1,2
1257,240,1,2
1257,241,1,2
1257,242,1,2
1257,243,1,2
1257,244,1,2
1257,245,1,2
1257,246,1,2
1257,247,1,2
1257,248,1,2
1257,249,1,2
1257,250,1,2
1257,251,1,2
1257,252,1,2
1257,253,1,2
1257,254,1,2
1257,255,1,2
1257,256,1,2
1257,257,1,2
1257,258,1,2
1257,259,1,2
1257,260,1,2
1257,261,1,2
1257,262,1,2
1257,263,1,2
1257,264,1,2
1257,265,1,2
1257,266,1,2
1257,267,1,2
1257,268,1,2
1257,269,1,2
1257,270,1,2
1257,271,1,2
1257,272,1,2
1257,273,1,2
1257,274,1,2
1257,275,1,2
1257,276,1,2
1257,277,1,2
1257,278,1,2
1257,279,1,2
1257,280,1,2
1257,281,1,2
1257,282,1,2
1257,283,1,2
1257,284,1,2
1257,285,1,2
1257,286,1,2
1257,287,1,2
1257,288,1,2
1257,289,1,2
1257,290,1,2
1257,291,1,2
1257,292,1,2
1257,293,1,2
1257,294,1,2
1257,295,1,2
1257,296,1,2
1257,297,1,2
1257,298,1,2
1257,299,1,2
1257,300,1,2
1257,301,1,2
1257,302,1,2
1257,303,1,2
1257,304,1,2
1257,305,1,2
1257,306,1,2
1257,307,1,2
1257,308,1,2
1257,309,1,2
1257,310,1,2
1257,311,1,2
1257,312,1,2
1257,313,1,2
1257,314,1,2
1257,315,1,2
1257,316,1,2
1257,317,1,2
1257,318,1,2
1257,319,1,2
1257,320,1,2
1257,321,1,2
1257,322,1,2
1257,323,1,2
1257,324,1,2
1257,325,1,2
1257,326,1,2
1257,327,1,2
1257,328,1,2
1257,329,1,2
1257,330,1,2
1257,331,1,2
1257,332,1,2
1257,333,1,2
1257,334,1,2
1257,335,1,2
1257,336,1,2
1257,337,1,2
1257,338,1,2
1257,339,1,2
1257,340,1,2
1257,341,1,2
1257,342,1,2
1257,343,1,2
1257,344,1,2
1257,345,1,2
1257,346,1,2
1257,347,1,2
1257,348,1,2
1257,349,1,2
1257,350,1,2
1257,351,1,2
1257,352,1,2
1257,353,1,2
1257,354,1,2
1257,355,1,2
1257,356,1,2
1257,357,1,2
1257,358,1,2
1257,359,1,2
1257,360,1,2
1257,361,1,2
1257,362,1,2
1257,363,1,2
1257,364,1,2
1257,365,1,2
1257,366,1,2
1257,367,1,2
1257,368,1,2
1257,369,1,2
1257,370,1,2
1257,371,1,2
1257,372,1,2
1257,373,1,2
1257,374,1,2
1257,375,1,2
1257,376,1,2
1257,377,1,2
1257,378,1,2
1257,379,1,2
1257,380,1,2
1257,381,1,2
1257,382,1,2
1257,383,1,2
1257,384,1,2
1257,385,1,2
1257,386,1,2
1257,387,1,2
1257,388,1,2
1257,389,1,2
1257,390,1,2
1257,391,1,2
1257,392,1,2
1257,393,1,2
1257,394,1,2
1257,395,1,2
1257,396,1,2
1257,397,1,2
1257,398,1,2
1257,399,1,2
1257,400,1,2
1257,401,1,2
1257,402,1,2
1257,403,1,2
1257,404,1,2
1257,405,1,2
1257,406,1,2
1257,407,1,2
1257,408,1,2
1257,409,1,2
1257,410,1,2
1257,411,1,2
1257,412,1,2
1257,413,1,2
1257,414,1,2
1257,415,1,2
1257,416,1,2
1257,417,1,2
1257,418,1,2
1257,419,1,2
1257,420,1,2
1257,421,1,2
1257,422,1,2
1257,423,1,2
1257,424,1,2
1257,425,1,2
1257,426,1,2
1257,427,1,2
1257,428,1,2
1257,429,1,2
1257,430,1,2
1257,431,1,3
1257,432,1,3
1257,433,1,3
1257,434,1,3
1258,131,1,3
1258,132,1,2
1258,133,1,2
1258,134,1,2
1258,135,1,2
1258,136,1,2
1258,137,1,2
1258,138,1,2
1258,139,1,2
1258,140,1,2
1258,141,1,2
1258,142,1,2
1258,143,1,2
1258,144,1,2
1258,145,1,2
1258,146,1,2
1258,147,1,2
1258,148,1,2
1258,149,1,2
1258,150,1,2
1258,151,1,2
1258,152,1,2
1258,153,1,2
1258,154,1,2
1258,155,1,2
1258,156,1,2
1258,157,1,2
1258,158,1,2
1258,159,1,2
1258,160,1,2
1258,161,1,2
1258,162,1,2
1258,163,1,2
1258,164,1,2
1258,165,1,2
1258,166,1,2
1258,167,1,2
1258,168,1,2
1258,169,1,2
1258,170,1,2
1258,171,1,2
1258,172,1,2
1258,173,1,2
1258,174,1,2
1258,175,1,2
1258,176,1,2
1258,177,1,2
1258,178,1,2
1258,179,1,2
1258,180,1,2
1258,181,1,2
1258,182,1,2
1258,183,1,2
1258,184,1,2
1258,185,1,2
1258,186,1,2
1258,187,1,2
1258,188,1,2
1258,189,1,2
1258,190,1,2
1258,191,1,2
1258,192,1,2
1258,193,1,2
1258,194,1,2
1258,195,1,2
1258,196,1,2
1258,197,1,2
1258,198,1,2
1258,199,1,2
1258,200,1,2
1258,201,1,2
1258,202,1,2
1258,203,1,2
1258,204,1,2
1258,205,1,2
1258,206,1,2
1258,207,1,2
1258,208,1,2
1258,209,1,2
1258,210,1,2
1258,211,1,2
1258,212,1,2
1258,213,1,2
1258,214,1,2
1258,215,1,2
1258,216,1,2
1258,217,1,2
1258,218,1,2
1258,219,1,2
1258,220,1,2
1258,221,1,2
1258,222,1,2
1258,223,1,2
1258,224,1,2
1258,225,1,2
1258,226,1,2
1258,227,1,2
1258,228,1,2
1258,229,1,2
1258,230,1,2
1258,231,1,2
1258,232,1,2
1258,233,1,2
1258,234,1,2
1258,235,1,2
1258,236,1,2
1258,237,1,2
1258,238,1,2
1258,239,1,2
1258,240,1,2
1258,241,1,2
1258,242,1,2
1258,243,1,2
1258,244,1,2
1258,245,1,2
1258,246,1,2
1258,247,1,2
1258,248,1,2
1258,249,1,2
1258,250,1,2
1258,251,1,2
1258,252,1,2
1258,253,1,2
1258,254,1,2
1258,255,1,2
1258,256,1,2
1258,257,1,2
1258,258,1,2
1258,259,1,2
1258,260,1,2
1258,261,1,2
1258,262,1,2
1258,263,1,2
1258,264,1,2
1258,265,1,2
1258,266,1,2
1258,267,1,2
1258,268,1,2
1258,269,1,2
1258,270,1,2
1258,271,1,2
1258,272,1,2
1258,273,1,2
1258,274,1,2
1258,275,1,2
1258,276,1,2
1258,277,1,2
1258,278,1,2
1258,279,1,2
1258,280,1,2
1258,281,1,2
1258,282,1,2
1258,283,1,2
1258,284,1,2
1258,285,1,2
1258,286,1,2
1258,287,1,2
1258,288,1,2
1258,289,1,2
1258,290,1,2
1258,291,1,2
1258,292,1,2
1258,293,1,2
1258,294,1,2
1258,295,1,2
1258,296,1,2
1258,297,1,2
1258,298,1,2
1258,299,1,2
1258,300,1,2
1258,301,1,2
1258,302,1,2
1258,303,1,2
1258,304,1,2
1258,305,1,2
1258,306,1,2
1258,307,1,2
1258,308,1,2
1258,309,1,2
1258,310,1,2
1258,311,1,2
1258,312,1,2
1258,313,1,2
1258,314,1,2
1258,315,1,2
1258,316,1,2
1258,317,1,2
1258,318,1,2
1258,319,1,2
1258,320,1,2
1258,321,1,2
1258,322,1,2
1258,323,1,2
1258,324,1,2
1258,325,1,2
1258,326,1,2
1258,327,1,2
1258,328,1,2
1258,329,1,2
1258,330,1,2
1258,331,1,2
1258,332,1,2
1258,333,1,2
1258,334,1,2
1258,335,1,2
1258,336,1,2
1258,337,1,2
1258,338,1,2
1258,339,1,2
1258,340,1,2
1258,341,1,2
1258,342,1,2
1258,343,1,2
1258,344,1,2
1258,345,1,2
1258,346,1,2
1258,347,1,2
1258,348,1,2
1258,349,1,2
1258,350,1,2
1258,351,1,2
1258,352,1,2
1258,353,1,2
1258,354,1,2
1258,355,1,2
1258,356,1,2
1258,357,1,2
1258,358,1,2
1258,359,1,2
1258,360,1,2
1258,361,1,2
1258,362,1,2
1258,363,1,2
1258,364,1,2
1258,365,1,2
1258,366,1,2
1258,367,1,2
1258,368,1,2
1258,369,1,2
1258,370,1,2
1258,371,1,2
1258,372,1,2
1258,373,1,2
1258,374,1,2
1258,375,1,2
1258,376,1,2
1258,377,1,2
1258,378,1,2
1258,379,1,2
1258,380,1,2
1258,381,1,2
1258,382,1,2
1258,383,1,2
1258,384,1,2
1258,385,1,2
1258,386,1,2
1258,387,1,2
1258,388,1,2
1258,389,1,2
1258,390,1,2
1258,391,1,2
1258,392,1,2
1258,393,1,2
1258,394,1,2
1258,395,1,2
1258,396,1,2
1258,397,1,2
1258,398,1,2
1258,399,1,2
1258,400,1,2
1258,401,1,2
1258,402,1,2
1258,403,1,2
1258,404,1,2
1258,405,1,2
1258,406,1,2
1258,407,1,2
1258,408,1,2
1258,409,1,2
1258,410,1,2
1258,411,1,2
1258,412,1,2
1258,413,1,2
1258,414,1,2
1258,415,1,2
1258,416,1,2
1258,417,1,2
1258,418,1,2
1258,419,1,2
1258,420,1,2
1258,421,1,2
1258,422,1,2
1258,423,1,2
1258,424,1,2
1258,425,1,2
1258,426,1,2
1258,427,1,2
1258,428,1,2
1258,429,1,2
1258,430,1,2
1258,431,1,3
1258,432,1,3
1258,433,1,3
1258,434,1,3
1258,435,1,3
1258,436,1,3
1259,130,1,2
1259,131,1,2
1259,132,1,2
1259,133,1,2
1259,134,1,2
1259,135,1,2
1259,136,1,2
1259,137,1,2
1259,138,1,2
1259,139,1,2
1259,140,1,2
1259,141,1,2
1259,142,1,2
1259,143,1,2
1259,144,1,2
1259,145,1,2
1259,146,1,2
1259,147,1,2
1259,148,1,2
1259,149,1,2
1259,150,1,2
1259,151,1,2
1259,152,1,2
1259,153,1,2
1259,154,1,2
1259,155,1,2
1259,156,1,2
1259,157,1,2
1259,158,1,2
1259,159,1,2
1259,160,1,2
1259,161,1,2
1259,162,1,2
1259,163,1,2
1259,164,1,2
1259,165,1,2
1259,166,1,2
1259,167,1,2
1259,168,1,2
1259,169,1,2
1259,170,1,2
1259,171,1,2
1259,172,1,2
1259,173,1,2
1259,174,1,2
1259,175,1,2
1259,176,1,2
1259,177,1,2
1259,178,1,2
1259,179,1,2
1259,180,1,2
1259,181,1,2
1259,182,1,2
1259,183,1,2
1259,184,1,2
1259,185,1,2
1259,186,1,2
1259,187,1,2
1259,188,1,2
1259,189,1,2
1259,190,1,2
1259,191,1,2
1259,192,1,2
1259,193,1,2
1259,194,1,2
1259,195,1,2
1259,196,1,2
1259,197,1,2
1259,198,1,2
1259,199,1,2
1259,200,1,2
1259,201,1,2
1259,202,1,2
1259,203,1,2
1259,204,1,2
1259,205,1,2
1259,206,1,2
1259,207,1,2
1259,208,1,2
1259,209,1,2
1259,210,1,2
1259,211,1,2
1259,212,1,2
1259,213,1,2
1259,214,1,2
1259,215,1,2
1259,216,1,2
1259,217,1,2
1259,218,1,2
1259,219,1,2
1259,220,1,2
1259,221,1,2
1259,222,1,2
1259,223,1,2
1259,224,1,2
1259,225,1,2
1259,226,1,2
1259,227,1,2
1259,228,1,2
1259,229,1,2
1259,230,1,2
1259,231,1,2
1259,232,1,2
1259,233,1,2
1259,234,1,2
1259,235,1,2
1259,236,1,2
1259,237,1,2
1259,238,1,2
1259,239,1,2
1259,240,1,2
1259,241,1,2
1259,242,1,2
1259,243,1,2
1259,244,1,2
1259,245,1,2
1259,246,1,2
1259,247,1,2
1259,248,1,2
1259,249,1,2
1259,250,1,2
1259,251,1,2
1259,252,1,2
1259,253,1,2
1259,254,1,2
1259,255,1,2
1259,256,1,2
1259,257,1,2
1259,258,1,2
1259,259,1,2
1259,260,1,2
1259,261,1,2
1259,262,1,2
1259,263,1,2
1259,264,1,2
1259,265,1,2
1259,266,1,2
1259,267,1,2
1259,268,1,2
1259,269,1,2
1259,270,1,2
1259,271,1,2
1259,272,1,2
1259,273,1,2
1259,274,1,2
1259,275,1,2
1259,276,1,2
1259,277,1,2
1259,278,1,2
1259,279,1,2
1259,280,1,2
1259,281,1,2
1259,282,1,2
1259,283,1,2
1259,284,1,2
1259,285,1,2
1259,286,1,2
1259,287,1,2
1259,288,1,2
1259,289,1,2
1259,290,1,2
1259,291,1,2
1259,292,1,2
1259,293,1,2
1259,294,1,2
1259,295,1,2
1259,296,1,2
1259,297,1,2
1259,298,1,2
1259,299,1,2
1259,300,1,2
1259,301,1,2
1259,302,1,2
1259,303,1,2
1259,304,1,2
1259,305,1,2
1259,306,1,2
1259,307,1,2
1259,308,1,2
1259,309,1,2
1259,310,1,2
1259,311,1,2
1259,312,1,2
1259,313,1,2
1259,314,1,2
1259,315,1,2
1259,316,1,2
1259,317,1,2
1259,318,1,2
1259,319,1,2
1259,320,1,2
1259,321,1,2
1259,322,1,2
1259,323,1,2
1259,324,1,2
1259,325,1,2
1259,326,1,2
1259,327,1,2
1259,328,1,2
1259,329,1,2
1259,330,1,2
1259,331,1,2
1259,332,1,2
1259,333,1,2
1259,334,1,2
1259,335,1,2
1259,336,1,2
1259,337,1,2
1259,338,1,2
1259,339,1,2
1259,340,1,2
1259,341,1,2
1259,342,1,2
1259,343,1,2
1259,344,1,2
1259,345,1,2
1259,346,1,2
1259,347,1,2
1259,348,1,2
1259,349,1,2
1259,350,1,2
1259,351,1,2
1259,352,1,2
1259,353,1,2
1259,354,1,2
1259,355,1,2
1259,356,1,2
1259,357,1,2
1259,358,1,2
1259,359,1,2
1259,360,1,2
1259,361,1,2
1259,362,1,2
1259,363,1,2
1259,364,1,2
1259,365,1,2
1259,366,1,2
1259,367,1,2
1259,368,1,2
1259,369,1,2
1259,370,1,2
1259,371,1,2
1259,372,1,2
1259,373,1,2
1259,374,1,2
1259,375,1,2
1259,376,1,2
1259,377,1,2
1259,378,1,2
1259,379,1,2
1259,380,1,2
1259,381,1,2
1259,382,1,2
1259,383,1,2
1259,384,1,2
1259,385,1,2
1259,386,1,2
1259,387,1,2
1259,388,1,2
1259,389,1,2
1259,390,1,2
1259,391,1,2
1259,392,1,2
1259,393,1,2
1259,394,1,2
1259,395,1,2
1259,396,1,2
1259,397,1,2
1259,398,1,2
1259,399,1,2
1259,400,1,2
1259,401,1,2
1259,402,1,2
1259,403,1,2
1259,404,1,2
1259,405,1,2
1259,406,1,2
1259,407,1,2
1259,408,1,2
1259,409,1,2
1259,410,1,2
1259,411,1,2
1259,412,1,2
1259,413,1,2
1259,414,1,2
1259,415,1,2
1259,416,1,2
1259,417,1,2
1259,418,1,2
1259,419,1,2
1259,420,1,2
1259,421,1,2
1259,422,1,2
1259,423,1,2
1259,424,1,2
1259,425,1,2
1259,426,1,2
1259,427,1,2
1259,428,1,2
1259,429,1,2
1259,430,1,2
1259,431,1,2
1259,432,1,2
1259,433,1,3
1259,434,1,3
1259,435,1,3
1259,436,1,2
1259,437,1,2
1260,129,1,2
1260,130,1,2
1260,131,1,2
1260,132,1,2
1260,133,1,2
1260,134,1,2
1260,135,1,2
1260,136,1,2
1260,137,1,2
1260,138,1,2
1260,139,1,2
1260,140,1,2
1260,141,1,2
1260,142,1,2
1260,143,1,2
1260,144,1,2
1260,145,1,2
1260,146,1,2
1260,147,1,2
1260,148,1,2
1260,149,1,2
1260,150,1,2
1260,151,1,2
1260,152,1,2
1260,153,1,2
1260,154,1,2
1260,155,1,2
1260,156,1,2
1260,157,1,2
1260,158,1,2
1260,159,1,2
1260,160,1,2
1260,161,1,2
1260,162,1,2
1260,163,1,2
1260,164,1,2
1260,165,1,2
1260,166,1,2
1260,167,1,2
1260,168,1,2
1260,169,1,2
1260,170,1,2
1260,171,1,2
1260,172,1,2
1260,173,1,2
1260,174,1,2
1260,175,1,2
1260,176,1,2
1260,177,1,2
1260,178,1,2
1260,179,1,2
1260,180,1,2
1260,181,1,2
1260,182,1,2
1260,183,1,2
1260,184,1,2
1260,185,1,2
1260,186,1,2
1260,187,1,2
1260,188,1,2
1260,189,1,2
1260,190,1,2
1260,191,1,2
1260,192,1,2
1260,193,1,2
1260,194,1,2
1260,195,1,2
1260,196,1,2
1260,197,1,2
1260,198,1,2
1260,199,1,2
1260,200,1,2
1260,201,1,2
1260,202,1,2
1260,203,1,2
1260,204,1,2
1260,205,1,2
1260,206,1,2
1260,207,1,2
1260,208,1,2
1260,209,1,2
1260,210,1,2
1260,211,1,2
1260,212,1,2
1260,213,1,2
1260,214,1,2
1260,215,1,2
1260,216,1,2
1260,217,1,2
1260,218,1,2
1260,219,1,2
1260,220,1,2
1260,221,1,2
1260,222,1,2
1260,223,1,2
1260,224,1,2
1260,225,1,2
1260,226,1,2
1260,227,1,2
1260,228,1,2
1260,229,1,2
1260,230,1,2
1260,231,1,2
1260,232,1,2
1260,233,1,2
1260,234,1,2
1260,235,1,2
1260,236,1,2
1260,237,1,2
1260,238,1,2
1260,239,1,2
1260,240,1,2
1260,241,1,2
1260,242,1,2
1260,243,1,2
1260,244,1,2
1260,245,1,2
1260,246,1,2
1260,247,1,2
1260,248,1,2
1260,249,1,2
1260,250,1,2
1260,251,1,2
1260,252,1,2
1260,253,1,2
1260,254,1,2
1260,255,1,2
1260,256,1,2
1260,257,1,2
1260,258,1,2
1260,259,1,2
1260,260,1,2
1260,261,1,2
1260,262,1,2
1260,263,1,2
1260,264,1,2
1260,265,1,2
1260,266,1,2
1260,267,1,2
1260,268,1,2
1260,269,1,2
1260,270,1,2
1260,271,1,2
1260,272,1,2
1260,273,1,2
1260,274,1,2
1260,275,1,2
1260,276,1,2
1260,277,1,2
1260,278,1,2
1260,279,1,2
1260,280,1,2
1260,281,1,2
1260,282,1,2
1260,283,1,2
1260,284,1,2
1260,285,1,2
1260,286,1,2
1260,287,1,2
1260,288,1,2
1260,289,1,2
1260,290,1,2
1260,291,1,2
1260,292,1,2
1260,293,1,2
1260,294,1,2
1260,295,1,2
1260,296,1,2
1260,297,1,2
1260,298,1,2
1260,299,1,2
1260,300,1,2
1260,301,1,2
1260,302,1,2
1260,303,1,2
1260,304,1,2
1260,305,1,2
1260,306,1,2
1260,307,1,2
1260,308,1,2
1260,309,1,2
1260,310,1,2
1260,311,1,2
1260,312,1,2
1260,313,1,2
1260,314,1,2
1260,315,1,2
1260,316,1,2
1260,317,1,2
1260,318,1,2
1260,319,1,2
1260,320,1,2
1260,321,1,2
1260,322,1,2
1260,323,1,2
1260,324,1,2
1260,325,1,2
1260,326,1,2
1260,327,1,2
1260,328,1,2
1260,329,1,2
1260,330,1,2
1260,331,1,2
1260,332,1,2
1260,333,1,2
1260,334,1,2
1260,335,1,2
1260,336,1,2
1260,337,1,2
1260,338,1,2
1260,339,1,2
1260,340,1,2
1260,341,1,2
1260,342,1,2
1260,343,1,2
1260,344,1,2
1260,345,1,2
1260,346,1,2
1260,347,1,2
1260,348,1,2
1260,349,1,2
1260,350,1,2
1260,351,1,2
1260,352,1,2
1260,353,1,2
1260,354,1,2
1260,355,1,2
1260,356,1,2
1260,357,1,2
1260,358,1,2
1260,359,1,2
1260,360,1,2
1260,361,1,2
1260,362,1,2
1260,363,1,2
1260,364,1,2
1260,365,1,2
1260,366,1,2
1260,367,1,2
1260,368,1,2
1260,369,1,2
1260,370,1,2
1260,371,1,2
1260,372,1,2
1260,373,1,2
1260,374,1,2
1260,375,1,2
1260,376,1,2
1260,377,1,2
1260,378,1,2
1260,379,1,2
1260,380,1,2
1260,381,1,2
1260,382,1,2
1260,383,1,2
1260,384,1,2
1260,385,1,2
1260,386,1,2
1260,387,1,2
1260,388,1,2
1260,389,1,2
1260,390,1,2
1260,391,1,2
1260,392,1,2
1260,393,1,2
1260,394,1,2
1260,395,1,2
1260,396,1,2
1260,397,1,2
1260,398,1,2
1260,399,1,2
1260,400,1,2
1260,401,1,2
1260,402,1,2
1260,403,1,2
1260,404,1,2
1260,405,1,2
1260,406,1,2
1260,407,1,2
1260,408,1,2
1260,409,1,2
1260,410,1,2
1260,411,1,2
1260,412,1,2
1260,413,1,2
1260,414,1,2
1260,415,1,2
1260,416,1,2
1260,417,1,2
1260,418,1,2
1260,419,1,2
1260,420,1,2
1260,421,1,2
1260,422,1,2
1260,423,1,2
1260,424,1,2
1260,425,1,2
1260,426,1,2
1260,427,1,2
1260,428,1,2
1260,429,1,2
1260,430,1,2
1260,431,1,2
1260,432,1,2
1260,433,1,3
1260,434,1,2
1260,435,1,3
1260,436,1,2
1260,437,1,2
1260,438,1,2
1260,439,1,2
1261,128,1,2
1261,129,1,2
1261,130,1,2
1261,131,1,2
1261,132,1,2
1261,133,1,2
1261,134,1,2
1261,135,1,2
1261,136,1,2
1261,137,1,2
1261,138,1,2
1261,139,1,2
1261,140,1,2
1261,141,1,2
1261,142,1,2
1261,143,1,2
1261,144,1,2
1261,145,1,2
1261,146,1,2
1261,147,1,2
1261,148,1,2
1261,149,1,2
1261,150,1,2
1261,151,1,2
1261,152,1,2
1261,153,1,2
1261,154,1,2
1261,155,1,2
1261,156,1,2
1261,157,1,2
1261,158,1,2
1261,159,1,2
1261,160,1,2
1261,161,1,2
1261,162,1,2
1261,163,1,2
1261,164,1,2
1261,165,1,2
1261,166,1,2
1261,167,1,2
1261,168,1,2
1261,169,1,2
1261,170,1,2
1261,171,1,2
1261,172,1,2
1261,173,1,2
1261,174,1,2
1261,175,1,2
1261,176,1,2
1261,177,1,2
1261,178,1,2
1261,179,1,2
1261,180,1,2
1261,181,1,2
1261,182,1,2
1261,183,1,2
1261,184,1,2
1261,185,1,2
1261,186,1,2
1261,187,1,2
1261,188,1,2
1261,189,1,2
1261,190,1,2
1261,191,1,2
1261,192,1,2
1261,193,1,2
1261,194,1,2
1261,195,1,2
1261,196,1,2
1261,197,1,2
1261,198,1,2
1261,199,1,2
1261,200,1,2
1261,201,1,2
1261,202,1,2
1261,203,1,2
1261,204,1,2
1261,205,1,2
1261,206,1,2
1261,207,1,2
1261,208,1,2
1261,209,1,2
1261,210,1,2
1261,211,1,2
1261,212,1,2
1261,213,1,2
1261,214,1,2
1261,215,1,2
1261,216,1,2
1261,217,1,2
1261,218,1,2
1261,219,1,2
1261,220,1,2
1261,221,1,2
1261,222,1,2
1261,223,1,2
1261,224,1,2
1261,225,1,2
1261,226,1,2
1261,227,1,2
1261,228,1,2
1261,229,1,2
1261,230,1,2
1261,231,1,2
1261,232,1,2
1261,233,1,2
1261,234,1,2
1261,235,1,2
1261,236,1,2
1261,237,1,2
1261,238,1,2
1261,239,1,2
1261,240,1,2
1261,241,1,2
1261,242,1,2
1261,243,1,2
1261,244,1,2
1261,245,1,2
1261,246,1,2
1261,247,1,2
1261,248,1,2
1261,249,1,2
1261,250,1,2
1261,251,1,2
1261,252,1,2
1261,253,1,2
1261,254,1,2
1261,255,1,2
1261,256,1,2
1261,257,1,2
1261,258,1,2
1261,259,1,2
1261,260,1,2
1261,261,1,2
1261,262,1,2
1261,263,1,2
1261,264,1,2
1261,265,1,2
1261,266,1,2
1261,267,1,2
1261,268,1,2
1261,269,1,2
1261,270,1,2
1261,271,1,2
1261,272,1,2
1261,273,1,2
1261,274,1,2
1261,275,1,2
1261,276,1,2
1261,277,1,2
1261,278,1,2
1261,279,1,2
1261,280,1,2
1261,281,1,2
1261,282,1,2
1261,283,1,2
1261,284,1,2
1261,285,1,2
1261,286,1,2
1261,287,1,2
1261,288,1,2
1261,289,1,2
1261,290,1,2
1261,291,1,2
1261,292,1,2
1261,293,1,2
1261,294,1,2
1261,295,1,2
1261,296,1,2
1261,297,1,2
1261,298,1,2
1261,299,1,2
1261,300,1,2
1261,301,1,2
1261,302,1,2
1261,303,1,2
1261,304,1,2
1261,305,1,2
1261,306,1,2
1261,307,1,2
1261,308,1,2
1261,309,1,2
1261,310,1,2
1261,311,1,2
1261,312,1,2
1261,313,1,2
1261,314,1,2
1261,315,1,2
1261,316,1,2
1261,317,1,2
1261,318,1,2
1261,319,1,2
1261,320,1,2
1261,321,1,2
1261,322,1,2
1261,323,1,2
1261,324,1,2
1261,325,1,2
1261,326,1,2
1261,327,1,2
1261,328,1,2
1261,329,1,2
1261,330,1,2
1261,331,1,2
1261,332,1,2
1261,333,1,2
1261,334,1,2
1261,335,1,2
1261,336,1,2
1261,337,1,2
1261,338,1,2
1261,339,1,2
1261,340,1,2
1261,341,1,2
1261,342,1,2
1261,343,1,2
1261,344,1,2
1261,345,1,2
1261,346,1,2
1261,347,1,2
1261,348,1,2
1261,349,1,2
1261,350,1,2
1261,351,1,2
1261,352,1,2
1261,353,1,2
1261,354,1,2
1261,355,1,2
1261,356,1,2
1261,357,1,2
1261,358,1,2
1261,359,1,2
1261,360,1,2
1261,361,1,2
1261,362,1,2
1261,363,1,2
1261,364,1,2
1261,365,1,2
1261,366,1,2
1261,367,1,2
1261,368,1,2
1261,369,1,2
1261,370,1,2
1261,371,1,2
1261,372,1,2
1261,373,1,2
1261,374,1,2
1261,375,1,2
1261,376,1,2
1261,377,1,2
1261,378,1,2
1261,379,1,2
1261,380,1,2
1261,381,1,2
1261,382,1,2
1261,383,1,2
1261,384,1,2
1261,385,1,2
1261,386,1,2
1261,387,1,2
1261,388,1,2
1261,389,1,2
1261,390,1,2
1261,391,1,2
1261,392,1,2
1261,393,1,2
1261,394,1,2
1261,395,1,2
1261,396,1,2
1261,397,1,2
1261,398,1,2
1261,399,1,2
1261,400,1,2
1261,401,1,2
1261,402,1,2
1261,403,1,2
1261,404,1,2
1261,405,1,2
1261,406,1,2
1261,407,1,2
1261,408,1,2
1261,409,1,2
1261,410,1,2
1261,411,1,2
1261,412,1,2
1261,413,1,2
1261,414,1,2
1261,415,1,2
1261,416,1,2
1261,417,1,2
1261,418,1,2
1261,419,1,2
1261,420,1,2
1261,421,1,2
1261,422,1,2
1261,423,1,2
1261,424,1,2
1261,425,1,2
1261,426,1,2
1261,427,1,2
1261,428,1,2
1261,429,1,2
1261,430,1,2
1261,431,1,2
1261,432,1,2
1261,433,1,2
1261,434,1,2
1261,435,1,2
1261,436,1,2
1261,437,1,2
1261,438,1,2
1261,439,1,2
1261,440,1,2
1262,128,1,2
1262,129,1,2
1262,130,1,2
1262,131,1,2
1262,132,1,2
1262,133,1,2
1262,134,1,2
1262,135,1,2
1262,136,1,2
1262,137,1,2
1262,138,1,2
1262,139,1,2
1262,140,1,2
1262,141,1,2
1262,142,1,2
1262,143,1,2
1262,144,1,2
1262,145,1,2
1262,146,1,2
1262,147,1,2
1262,148,1,2
1262,149,1,2
1262,150,1,2
1262,151,1,2
1262,152,1,2
1262,153,1,2
1262,154,1,2
1262,155,1,2
1262,156,1,2
1262,157,1,2
1262,158,1,2
1262,159,1,2
1262,160,1,2
1262,161,1,2
1262,162,1,2
1262,163,1,2
1262,164,1,2
1262,165,1,2
1262,166,1,2
1262,167,1,2
1262,168,1,2
1262,169,1,2
1262,170,1,2
1262,171,1,2
1262,172,1,2
1262,173,1,2
1262,174,1,2
1262,175,1,2
1262,176,1,2
1262,177,1,2
1262,178,1,2
1262,179,1,2
1262,180,1,2
1262,181,1,2
1262,182,1,2
1262,183,1,2
1262,184,1,2
1262,185,1,2
1262,186,1,2
1262,187,1,2
1262,188,1,2
1262,189,1,2
1262,190,1,2
1262,191,1,2
1262,192,1,2
1262,193,1,2
1262,194,1,2
1262,195,1,2
1262,196,1,2
1262,197,1,2
1262,198,1,2
1262,199,1,2
1262,200,1,2
1262,201,1,2
1262,202,1,2
1262,203,1,2
1262,204,1,2
1262,205,1,2
1262,206,1,2
1262,207,1,2
1262,208,1,2
1262,209,1,2
1262,210,1,2
1262,211,1,2
1262,212,1,2
1262,213,1,2
1262,214,1,2
1262,215,1,2
1262,216,1,2
1262,217,1,2
1262,218,1,2
1262,219,1,2
1262,220,1,2
1262,221,1,2
1262,222,1,2
1262,223,1,2
1262,224,1,2
1262,225,1,2
1262,226,1,2
1262,227,1,2
1262,228,1,2
1262,229,1,2
1262,230,1,2
1262,231,1,2
1262,232,1,2
1262,233,1,2
1262,234,1,2
1262,235,1,2
1262,236,1,2
1262,237,1,2
1262,238,1,2
1262,239,1,2
1262,240,1,2
1262,241,1,2
1262,242,1,2
1262,243,1,2
1262,244,1,2
1262,245,1,2
1262,246,1,2
1262,247,1,2
1262,248,1,2
1262,249,1,2
1262,250,1,2
1262,251,1,2
1262,252,1,2
1262,253,1,2
1262,254,1,2
1262,255,1,2
1262,256,1,2
1262,257,1,2
1262,258,1,2
1262,259,1,2
1262,260,1,2
1262,261,1,2
1262,262,1,2
1262,263,1,2
1262,264,1,2
1262,265,1,2
1262,266,1,2
1262,267,1,2
1262,268,1,2
1262,269,1,2
1262,270,1,2
1262,271,1,2
1262,272,1,2
1262,273,1,2
1262,274,1,2
1262,275,1,2
1262,276,1,2
1262,277,1,2
1262,278,1,2
1262,279,1,2
1262,280,1,2
1262,281,1,2
1262,282,1,2
1262,283,1,2
1262,284,1,2
1262,285,1,2
1262,286,1,2
1262,287,1,2
1262,288,1,2
1262,289,1,2
1262,290,1,2
1262,291,1,2
1262,292,1,2
1262,293,1,2
1262,294,1,2
1262,295,1,2
1262,296,1,2
1262,297,1,2
1262,298,1,2
1262,299,1,2
1262,300,1,2
1262,301,1,2
1262,302,1,2
1262,303,1,2
1262,304,1,2
1262,305,1,2
1262,306,1,2
1262,307,1,2
1262,308,1,2
1262,309,1,2
1262,310,1,2
1262,311,1,2
1262,312,1,2
1262,313,1,2
1262,314,1,2
1262,315,1,2
1262,316,1,2
1262,317,1,2
1262,318,1,2
1262,319,1,2
1262,320,1,2
1262,321,1,2
1262,322,1,2
1262,323,1,2
1262,324,1,2
1262,325,1,2
1262,326,1,2
1262,327,1,2
1262,328,1,2
1262,329,1,2
1262,330,1,2
1262,331,1,2
1262,332,1,2
1262,333,1,2
1262,334,1,2
1262,335,1,2
1262,336,1,2
1262,337,1,2
1262,338,1,2
1262,339,1,2
1262,340,1,2
1262,341,1,2
1262,342,1,2
1262,343,1,2
1262,344,1,2
1262,345,1,2
1262,346,1,2
1262,347,1,2
1262,348,1,2
1262,349,1,2
1262,350,1,2
1262,351,1,2
1262,352,1,2
1262,353,1,2
1262,354,1,2
1262,355,1,2
1262,356,1,2
1262,357,1,2
1262,358,1,2
1262,359,1,2
1262,360,1,2
1262,361,1,2
1262,362,1,2
1262,363,1,2
1262,364,1,2
1262,365,1,2
1262,366,1,2
1262,367,1,2
1262,368,1,2
1262,369,1,2
1262,370,1,2
1262,371,1,2
1262,372,1,2
1262,373,1,2
1262,374,1,2
1262,375,1,2
1262,376,1,2
1262,377,1,2
1262,378,1,2
1262,379,1,2
1262,380,1,2
1262,381,1,2
1262,382,1,2
1262,383,1,2
1262,384,1,2
1262,385,1,2
1262,386,1,2
1262,387,1,2
1262,388,1,2
1262,389,1,2
1262,390,1,2
1262,391,1,2
1262,392,1,2
1262,393,1,2
1262,394,1,2
1262,395,1,2
1262,396,1,2
1262,397,1,2
1262,398,1,2
1262,399,1,2
1262,400,1,2
1262,401,1,2
1262,402,1,2
1262,403,1,2
1262,404,1,2
1262,405,1,2
1262,406,1,2
1262,407,1,2
1262,408,1,2
1262,409,1,2
1262,410,1,2
1262,411,1,2
1262,412,1,2
1262,413,1,2
1262,414,1,2
1262,415,1,2
1262,416,1,2
1262,417,1,2
1262,418,1,2
1262,419,1,2
1262,420,1,2
1262,421,1,2
1262,422,1,2
1262,423,1,2
1262,424,1,2
1262,425,1,2
1262,426,1,2
1262,427,1,2
1262,428,1,2
1262,429,1,2
1262,430,1,2
1262,431,1,2
1262,432,1,2
1262,433,1,2
1262,434,1,2
1262,435,1,2
1262,436,1,2
1262,437,1,2
1262,438,1,2
1262,439,1,2
1262,440,1,2
1262,441,1,2
1262,442,1,2
1263,127,1,2
1263,128,1,2
1263,129,1,2
1263,130,1,2
1263,131,1,2
1263,132,1,2
1263,133,1,2
1263,134,1,2
1263,135,1,2
1263,136,1,2
1263,137,1,2
1263,138,1,2
1263,139,1,2
1263,140,1,2
1263,141,1,2
1263,142,1,2
1263,143,1,2
1263,144,1,2
1263,145,1,2
1263,146,1,2
1263,147,1,2
1263,148,1,2
1263,149,1,2
1263,150,1,2
1263,151,1,2
1263,152,1,2
1263,153,1,2
1263,154,1,2
1263,155,1,2
1263,156,1,2
1263,157,1,2
1263,158,1,2
1263,159,1,2
1263,160,1,2
1263,161,1,2
1263,162,1,2
1263,163,1,2
1263,164,1,2
1263,165,1,2
1263,166,1,2
1263,167,1,2
1263,168,1,2
1263,169,1,2
1263,170,1,2
1263,171,1,2
1263,172,1,2
1263,173,1,2
1263,174,1,2
1263,175,1,2
1263,176,1,2
1263,177,1,2
1263,178,1,2
1263,179,1,2
1263,180,1,2
1263,181,1,2
1263,182,1,2
1263,183,1,2
1263,184,1,2
1263,185,1,2
1263,186,1,2
1263,187,1,2
1263,188,1,2
1263,189,1,2
1263,190,1,2
1263,191,1,2
1263,192,1,2
1263,193,1,2
1263,194,1,2
1263,195,1,2
1263,196,1,2
1263,197,1,2
1263,198,1,2
1263,199,1,2
1263,200,1,2
1263,201,1,2
1263,202,1,2
1263,203,1,2
1263,204,1,2
1263,205,1,2
1263,206,1,2
1263,207,1,2
1263,208,1,2
1263,209,1,2
1263,210,1,2
1263,211,1,2
1263,212,1,2
1263,213,1,2
1263,214,1,2
1263,215,1,2
1263,216,1,2
1263,217,1,2
1263,218,1,2
1263,219,1,2
1263,220,1,2
1263,221,1,2
1263,222,1,2
1263,223,1,2
1263,224,1,2
1263,225,1,2
1263,226,1,2
1263,227,1,2
1263,228,1,2
1263,229,1,2
1263,230,1,2
1263,231,1,2
1263,232,1,2
1263,233,1,2
1263,234,1,2
1263,235,1,2
1263,236,1,2
1263,237,1,2
1263,238,1,2
1263,239,1,2
1263,240,1,2
1263,241,1,2
1263,242,1,2
1263,243,1,2
1263,244,1,2
1263,245,1,2
1263,246,1,2
1263,247,1,2
1263,248,1,2
1263,249,1,2
1263,250,1,2
1263,251,1,2
1263,252,1,2
1263,253,1,2
1263,254,1,2
1263,255,1,2
1263,256,1,2
1263,257,1,2
1263,258,1,2
1263,259,1,2
1263,260,1,2
1263,261,1,2
1263,262,1,2
1263,263,1,2
1263,264,1,2
1263,265,1,2
1263,266,1,2
1263,267,1,2
1263,268,1,2
1263,269,1,2
1263,270,1,2
1263,271,1,2
1263,272,1,2
1263,273,1,2
1263,274,1,2
1263,275,1,2
1263,276,1,2
1263,277,1,2
1263,278,1,2
1263,279,1,2
1263,280,1,2
1263,281,1,2
1263,282,1,2
1263,283,1,2
1263,284,1,2
1263,285,1,2
1263,286,1,2
1263,287,1,2
1263,288,1,2
1263,289,1,2
1263,290,1,2
1263,291,1,2
1263,292,1,2
1263,293,1,2
1263,294,1,2
1263,295,1,2
1263,296,1,2
1263,297,1,2
1263,298,1,2
1263,299,1,2
1263,300,1,2
1263,301,1,2
1263,302,1,2
1263,303,1,2
1263,304,1,2
1263,305,1,2
1263,306,1,2
1263,307,1,2
1263,308,1,2
1263,309,1,2
1263,310,1,2
1263,311,1,2
1263,312,1,2
1263,313,1,2
1263,314,1,2
1263,315,1,2
1263,316,1,2
1263,317,1,2
1263,318,1,2
1263,319,1,2
1263,320,1,2
1263,321,1,2
1263,322,1,2
1263,323,1,2
1263,324,1,2
1263,325,1,2
1263,326,1,2
1263,327,1,2
1263,328,1,2
1263,329,1,2
1263,330,1,2
1263,331,1,2
1263,332,1,2
1263,333,1,2
1263,334,1,2
1263,335,1,2
1263,336,1,2
1263,337,1,2
1263,338,1,2
1263,339,1,2
1263,340,1,2
1263,341,1,2
1263,342,1,2
1263,343,1,2
1263,344,1,2
1263,345,1,2
1263,346,1,2
1263,347,1,2
1263,348,1,2
1263,349,1,2
1263,350,1,2
1263,351,1,2
1263,352,1,2
1263,353,1,2
1263,354,1,2
1263,355,1,2
1263,356,1,2
1263,357,1,2
1263,358,1,2
1263,359,1,2
1263,360,1,2
1263,361,1,2
1263,362,1,2
1263,363,1,2
1263,364,1,2
1263,365,1,2
1263,366,1,2
1263,367,1,2
1263,368,1,2
1263,369,1,2
1263,370,1,2
1263,371,1,2
1263,372,1,2
1263,373,1,2
1263,374,1,2
1263,375,1,2
1263,376,1,2
1263,377,1,2
1263,378,1,2
1263,379,1,2
1263,380,1,2
1263,381,1,2
1263,382,1,2
1263,383,1,2
1263,384,1,2
1263,385,1,2
1263,386,1,2
1263,387,1,2
1263,388,1,2
1263,389,1,2
1263,390,1,2
1263,391,1,2
1263,392,1,2
1263,393,1,2
1263,394,1,2
1263,395,1,2
1263,396,1,2
1263,397,1,2
1263,398,1,2
1263,399,1,2
1263,400,1,2
1263,401,1,2
1263,402,1,2
1263,403,1,2
1263,404,1,2
1263,405,1,2
1263,406,1,2
1263,407,1,2
1263,408,1,2
1263,409,1,2
1263,410,1,2
1263,411,1,2
1263,412,1,2
1263,413,1,2
1263,414,1,2
1263,415,1,2
1263,416,1,2
1263,417,1,2
1263,418,1,2
1263,419,1,2
1263,420,1,2
1263,421,1,2
1263,422,1,2
1263,423,1,2
1263,424,1,2
1263,425,1,2
1263,426,1,2
1263,427,1,2
1263,428,1,2
1263,429,1,2
1263,430,1,2
1263,431,1,2
1263,432,1,2
1263,433,1,2
1263,434,1,2
1263,435,1,2
1263,436,1,2
1263,437,1,2
1263,438,1,2
1263,439,1,2
1263,440,1,2
1263,441,1,2
1263,442,1,2
1263,443,1,2
1263,444,1,2
1264,127,1,2
1264,128,1,2
1264,129,1,2
1264,130,1,2
1264,131,1,2
1264,132,1,2
1264,133,1,2
1264,134,1,2
1264,135,1,2
1264,136,1,2
1264,137,1,2
1264,138,1,2
1264,139,1,2
1264,140,1,2
1264,141,1,2
1264,142,1,2
1264,143,1,2
1264,144,1,2
1264,145,1,2
1264,146,1,2
1264,147,1,2
1264,148,1,2
1264,149,1,2
1264,150,1,2
1264,151,1,2
1264,152,1,2
1264,153,1,2
1264,154,1,2
1264,155,1,2
1264,156,1,2
1264,157,1,2
1264,158,1,2
1264,159,1,2
1264,160,1,2
1264,161,1,2
1264,162,1,2
1264,163,1,2
1264,164,1,2
1264,165,1,2
1264,166,1,2
1264,167,1,2
1264,168,1,2
1264,169,1,2
1264,170,1,2
1264,171,1,2
1264,172,1,2
1264,173,1,2
1264,174,1,2
1264,175,1,2
1264,176,1,2
1264,177,1,2
1264,178,1,2
1264,179,1,2
1264,180,1,2
1264,181,1,2
1264,182,1,2
1264,183,1,2
1264,184,1,2
1264,185,1,2
1264,186,1,2
1264,187,1,2
1264,188,1,2
1264,189,1,2
1264,190,1,2
1264,191,1,2
1264,192,1,2
1264,193,1,2
1264,194,1,2
1264,195,1,2
1264,196,1,2
1264,197,1,2
1264,198,1,2
1264,199,1,2
1264,200,1,2
1264,201,1,2
1264,202,1,2
1264,203,1,2
1264,204,1,2
1264,205,1,2
1264,206,1,2
1264,207,1,2
1264,208,1,2
1264,209,1,2
1264,210,1,2
1264,211,1,2
1264,212,1,2
1264,213,1,2
1264,214,1,2
1264,215,1,2
1264,216,1,2
1264,217,1,2
1264,218,1,2
1264,219,1,2
1264,220,1,2
1264,221,1,2
1264,222,1,2
1264,223,1,2
1264,224,1,2
1264,225,1,2
1264,226,1,2
1264,227,1,2
1264,228,1,2
1264,229,1,2
1264,230,1,2
1264,231,1,2
1264,232,1,2
1264,233,1,2
1264,234,1,2
1264,235,1,2
1264,236,1,2
1264,237,1,2
1264,238,1,2
1264,239,1,2
1264,240,1,2
1264,241,1,2
1264,242,1,2
1264,243,1,2
1264,244,1,2
1264,245,1,2
1264,246,1,2
1264,247,1,2
1264,248,1,2
1264,249,1,2
1264,250,1,2
1264,251,1,2
1264,252,1,2
1264,253,1,2
1264,254,1,2
1264,255,1,2
1264,256,1,2
1264,257,1,2
1264,258,1,2
1264,259,1,2
1264,260,1,2
1264,261,1,2
1264,262,1,2
1264,263,1,2
1264,264,1,2
1264,265,1,2
1264,266,1,2
1264,267,1,2
1264,268,1,2
1264,269,1,2
1264,270,1,2
1264,271,1,2
1264,272,1,2
1264,273,1,2
1264,274,1,2
1264,275,1,2
1264,276,1,2
1264,277,1,2
1264,278,1,2
1264,279,1,2
1264,280,1,2
1264,281,1,2
1264,282,1,2
1264,283,1,2
1264,284,1,2
1264,285,1,2
1264,286,1,2
1264,287,1,2
1264,288,1,2
1264,289,1,2
1264,290,1,2
1264,291,1,2
1264,292,1,2
1264,293,1,2
1264,294,1,2
1264,295,1,2
1264,296,1,2
1264,297,1,2
1264,298,1,2
1264,299,1,2
1264,300,1,2
1264,301,1,2
1264,302,1,2
1264,303,1,2
1264,304,1,2
1264,305,1,2
1264,306,1,2
1264,307,1,2
1264,308,1,2
1264,309,1,2
1264,310,1,2
1264,311,1,2
1264,312,1,2
1264,313,1,2
1264,314,1,2
1264,315,1,2
1264,316,1,2
1264,317,1,2
1264,318,1,2
1264,319,1,2
1264,320,1,2
1264,321,1,2
1264,322,1,2
1264,323,1,2
1264,324,1,2
1264,325,1,2
1264,326,1,2
1264,327,1,2
1264,328,1,2
1264,329,1,2
1264,330,1,2
1264,331,1,2
1264,332,1,2
1264,333,1,2
1264,334,1,2
1264,335,1,2
1264,336,1,2
1264,337,1,2
1264,338,1,2
1264,339,1,2
1264,340,1,2
1264,341,1,2
1264,342,1,2
1264,343,1,2
1264,344,1,2
1264,345,1,2
1264,346,1,2
1264,347,1,2
1264,348,1,2
1264,349,1,2
1264,350,1,2
1264,351,1,2
1264,352,1,2
1264,353,1,2
1264,354,1,2
1264,355,1,2
1264,356,1,2
1264,357,1,2
1264,358,1,2
1264,359,1,2
1264,360,1,2
1264,361,1,2
1264,362,1,2
1264,363,1,2
1264,364,1,2
1264,365,1,2
1264,366,1,2
1264,367,1,2
1264,368,1,2
1264,369,1,2
1264,370,1,2
1264,371,1,2
1264,372,1,2
1264,373,1,2
1264,374,1,2
1264,375,1,2
1264,376,1,2
1264,377,1,2
1264,378,1,2
1264,379,1,2
1264,380,1,2
1264,381,1,2
1264,382,1,2
1264,383,1,2
1264,384,1,2
1264,385,1,2
1264,386,1,2
1264,387,1,2
1264,388,1,2
1264,389,1,2
1264,390,1,2
1264,391,1,2
1264,392,1,2
1264,393,1,2
1264,394,1,2
1264,395,1,2
1264,396,1,2
1264,397,1,2
1264,398,1,2
1264,399,1,2
1264,400,1,2
1264,401,1,2
1264,402,1,2
1264,403,1,2
1264,404,1,2
1264,405,1,2
1264,406,1,2
1264,407,1,2
1264,408,1,2
1264,409,1,2
1264,410,1,2
1264,411,1,2
1264,412,1,2
1264,413,1,2
1264,414,1,2
1264,415,1,2
1264,416,1,2
1264,417,1,2
1264,418,1,2
1264,419,1,2
1264,420,1,2
1264,421,1,2
1264,422,1,2
1264,423,1,2
1264,424,1,2
1264,425,1,2
1264,426,1,2
1264,427,1,2
1264,428,1,2
1264,429,1,2
1264,430,1,2
1264,431,1,2
1264,432,1,2
1264,433,1,2
1264,434,1,2
1264,435,1,2
1264,436,1,2
1264,437,1,2
1264,438,1,2
1264,439,1,2
1264,440,1,2
1264,441,1,2
1264,442,1,2
1264,443,1,2
1264,444,1,2
1264,445,1,2
1264,446,1,2
1265,126,1,2
1265,127,1,2
1265,128,1,2
1265,129,1,2
1265,130,1,2
1265,131,1,2
1265,132,1,2
1265,133,1,2
1265,134,1,2
1265,135,1,2
1265,136,1,2
1265,137,1,2
1265,138,1,2
1265,139,1,2
1265,140,1,2
1265,141,1,2
1265,142,1,2
1265,143,1,2
1265,144,1,2
1265,145,1,2
1265,146,1,2
1265,147,1,2
1265,148,1,2
1265,149,1,2
1265,150,1,2
1265,151,1,2
1265,152,1,2
1265,153,1,2
1265,154,1,2
1265,155,1,2
1265,156,1,2
1265,157,1,2
1265,158,1,2
1265,159,1,2
1265,160,1,2
1265,161,1,2
1265,162,1,2
1265,163,1,2
1265,164,1,2
1265,165,1,2
1265,166,1,2
1265,167,1,2
1265,168,1,2
1265,169,1,2
1265,170,1,2
1265,171,1,2
1265,172,1,2
1265,173,1,2
1265,174,1,2
1265,175,1,2
1265,176,1,2
1265,177,1,2
1265,178,1,2
1265,179,1,2
1265,180,1,2
1265,181,1,2
1265,182,1,2
1265,183,1,2
1265,184,1,2
1265,185,1,2
1265,186,1,2
1265,187,1,2
1265,188,1,2
1265,189,1,2
1265,190,1,2
1265,191,1,2
1265,192,1,2
1265,193,1,2
1265,194,1,2
1265,195,1,2
1265,196,1,2
1265,197,1,2
1265,198,1,2
1265,199,1,2
1265,200,1,2
1265,201,1,2
1265,202,1,2
1265,203,1,2
1265,204,1,2
1265,205,1,2
1265,206,1,2
1265,207,1,2
1265,208,1,2
1265,209,1,2
1265,210,1,2
1265,211,1,2
1265,212,1,2
1265,213,1,2
1265,214,1,2
1265,215,1,2
1265,216,1,2
1265,217,1,2
1265,218,1,2
1265,219,1,2
1265,220,1,2
1265,221,1,2
1265,222,1,2
1265,223,1,2
1265,224,1,2
1265,225,1,2
1265,226,1,2
1265,227,1,2
1265,228,1,2
1265,229,1,2
1265,230,1,2
1265,231,1,2
1265,232,1,2
1265,233,1,2
1265,234,1,2
1265,235,1,2
1265,236,1,2
1265,237,1,2
1265,238,1,2
1265,239,1,2
1265,240,1,2
1265,241,1,2
1265,242,1,2
1265,243,1,2
1265,244,1,2
1265,245,1,2
1265,246,1,2
1265,247,1,2
1265,248,1,2
1265,249,1,2
1265,250,1,2
1265,251,1,2
1265,252,1,2
1265,253,1,2
1265,254,1,2
1265,255,1,2
1265,256,1,2
1265,257,1,2
1265,258,1,2
1265,259,1,2
1265,260,1,2
1265,261,1,2
1265,262,1,2
1265,263,1,2
1265,264,1,2
1265,265,1,2
1265,266,1,2
1265,267,1,2
1265,268,1,2
1265,269,1,2
1265,270,1,2
1265,271,1,2
1265,272,1,2
1265,273,1,2
1265,274,1,2
1265,275,1,2
1265,276,1,2
1265,277,1,2
1265,278,1,2
1265,279,1,2
1265,280,1,2
1265,281,1,2
1265,282,1,2
1265,283,1,2
1265,284,1,2
1265,285,1,2
1265,286,1,2
1265,287,1,2
1265,288,1,2
1265,289,1,2
1265,290,1,2
1265,291,1,2
1265,292,1,2
1265,293,1,2
1265,294,1,2
1265,295,1,2
1265,296,1,2
1265,297,1,2
1265,298,1,2
1265,299,1,2
1265,300,1,2
1265,301,1,2
1265,302,1,2
1265,303,1,2
1265,304,1,2
1265,305,1,2
1265,306,1,2
1265,307,1,2
1265,308,1,2
1265,309,1,2
1265,310,1,2
1265,311,1,2
1265,312,1,2
1265,313,1,2
1265,314,1,2
1265,315,1,2
1265,316,1,2
1265,317,1,2
1265,318,1,2
1265,319,1,2
1265,320,1,2
1265,321,1,2
1265,322,1,2
1265,323,1,2
1265,324,1,2
1265,325,1,2
1265,326,1,2
1265,327,1,2
1265,328,1,2
1265,329,1,2
1265,330,1,2
1265,331,1,2
1265,332,1,2
1265,333,1,2
1265,334,1,2
1265,335,1,2
1265,336,1,2
1265,337,1,2
1265,338,1,2
1265,339,1,2
1265,340,1,2
1265,341,1,2
1265,342,1,2
1265,343,1,2
1265,344,1,2
1265,345,1,2
1265,346,1,2
1265,347,1,2
1265,348,1,2
1265,349,1,2
1265,350,1,2
1265,351,1,2
1265,352,1,2
1265,353,1,2
1265,354,1,2
1265,355,1,2
1265,356,1,2
1265,357,1,2
1265,358,1,2
1265,359,1,2
1265,360,1,2
1265,361,1,2
1265,362,1,2
1265,363,1,2
1265,364,1,2
1265,365,1,2
1265,366,1,2
1265,367,1,2
1265,368,1,2
1265,369,1,2
1265,370,1,2
1265,371,1,2
1265,372,1,2
1265,373,1,2
1265,374,1,2
1265,375,1,2
1265,376,1,2
1265,377,1,2
1265,378,1,2
1265,379,1,2
1265,380,1,2
1265,381,1,2
1265,382,1,2
1265,383,1,2
1265,384,1,2
1265,385,1,2
1265,386,1,2
1265,387,1,2
1265,388,1,2
1265,389,1,2
1265,390,1,2
1265,391,1,2
1265,392,1,2
1265,393,1,2
1265,394,1,2
1265,395,1,2
1265,396,1,2
1265,397,1,2
1265,398,1,2
1265,399,1,2
1265,400,1,2
1265,401,1,2
1265,402,1,2
1265,403,1,2
1265,404,1,2
1265,405,1,2
1265,406,1,2
1265,407,1,2
1265,408,1,2
1265,409,1,2
1265,410,1,2
1265,411,1,2
1265,412,1,2
1265,413,1,2
1265,414,1,2
1265,415,1,2
1265,416,1,2
1265,417,1,2
1265,418,1,2
1265,419,1,2
1265,420,1,2
1265,421,1,2
1265,422,1,2
1265,423,1,2
1265,424,1,2
1265,425,1,2
1265,426,1,2
1265,427,1,2
1265,428,1,2
1265,429,1,2
1265,430,1,2
1265,431,1,2
1265,432,1,2
1265,433,1,2
1265,434,1,2
1265,435,1,2
1265,436,1,2
1265,437,1,2
1265,438,1,2
1265,439,1,2
1265,440,1,2
1265,441,1,2
1265,442,1,2
1265,443,1,2
1265,444,1,2
1265,445,1,2
1265,446,1,2
1265,447,1,2
1266,125,1,2
1266,126,1,2
1266,127,1,2
1266,128,1,2
1266,129,1,2
1266,130,1,2
1266,131,1,2
1266,132,1,2
1266,133,1,2
1266,134,1,2
1266,135,1,2
1266,136,1,2
1266,137,1,2
1266,138,1,2
1266,139,1,2
1266,140,1,2
1266,141,1,2
1266,142,1,2
1266,143,1,2
1266,144,1,2
1266,145,1,2
1266,146,1,2
1266,147,1,2
1266,148,1,2
1266,149,1,2
1266,150,1,2
1266,151,1,2
1266,152,1,2
1266,153,1,2
1266,154,1,2
1266,155,1,2
1266,156,1,2
1266,157,1,2
1266,158,1,2
1266,159,1,2
1266,160,1,2
1266,161,1,2
1266,162,1,2
1266,163,1,2
1266,164,1,2
1266,165,1,2
1266,166,1,2
1266,167,1,2
1266,168,1,2
1266,169,1,2
1266,170,1,2
1266,171,1,2
1266,172,1,2
1266,173,1,2
1266,174,1,2
1266,175,1,2
1266,176,1,2
1266,177,1,2
1266,178,1,2
1266,179,1,2
1266,180,1,2
1266,181,1,2
1266,182,1,2
1266,183,1,2
1266,184,1,2
1266,185,1,2
1266,186,1,2
1266,187,1,2
1266,188,1,2
1266,189,1,2
1266,190,1,2
1266,191,1,2
1266,192,1,2
1266,193,1,2
1266,194,1,2
1266,195,1,2
1266,196,1,2
1266,197,1,2
1266,198,1,2
1266,199,1,2
1266,200,1,2
1266,201,1,2
1266,202,1,2
1266,203,1,2
1266,204,1,2
1266,205,1,2
1266,206,1,2
1266,207,1,2
1266,208,1,2
1266,209,1,2
1266,210,1,2
1266,211,1,2
1266,212,1,2
1266,213,1,2
1266,214,1,2
1266,215,1,2
1266,216,1,2
1266,217,1,2
1266,218,1,2
1266,219,1,2
1266,220,1,2
1266,221,1,2
1266,222,1,2
1266,223,1,2
1266,224,1,2
1266,225,1,2
1266,226,1,2
1266,227,1,2
1266,228,1,2
1266,229,1,2
1266,230,1,2
1266,231,1,2
1266,232,1,2
1266,233,1,2
1266,234,1,2
1266,235,1,2
1266,236,1,2
1266,237,1,2
1266,238,1,2
1266,239,1,2
1266,240,1,2
1266,241,1,2
1266,242,1,2
1266,243,1,2
1266,244,1,2
1266,245,1,2
1266,246,1,2
1266,247,1,2
1266,248,1,2
1266,249,1,2
1266,250,1,2
1266,251,1,2
1266,252,1,2
1266,253,1,2
1266,254,1,2
1266,255,1,2
1266,256,1,2
1266,257,1,2
1266,258,1,2
1266,259,1,2
1266,260,1,2
1266,261,1,2
1266,262,1,2
1266,263,1,2
1266,264,1,2
1266,265,1,2
1266,266,1,2
1266,267,1,2
1266,268,1,2
1266,269,1,2
1266,270,1,2
1266,271,1,2
1266,272,1,2
1266,273,1,2
1266,274,1,2
1266,275,1,2
1266,276,1,2
1266,277,1,2
1266,278,1,2
1266,279,1,2
1266,280,1,2
1266,281,1,2
1266,282,1,2
1266,283,1,2
1266,284,1,2
1266,285,1,2
1266,286,1,2
1266,287,1,2
1266,288,1,2
1266,289,1,2
1266,290,1,2
1266,291,1,2
1266,292,1,2
1266,293,1,2
1266,294,1,2
1266,295,1,2
1266,296,1,2
1266,297,1,2
1266,298,1,2
1266,299,1,2
1266,300,1,2
1266,301,1,2
1266,302,1,2
1266,303,1,2
1266,304,1,2
1266,305,1,2
1266,306,1,2
1266,307,1,2
1266,308,1,2
1266,309,1,2
1266,310,1,2
1266,311,1,2
1266,312,1,2
1266,313,1,2
1266,314,1,2
1266,315,1,2
1266,316,1,2
1266,317,1,2
1266,318,1,2
1266,319,1,2
1266,320,1,2
1266,321,1,2
1266,322,1,2
1266,323,1,2
1266,324,1,2
1266,325,1,2
1266,326,1,2
1266,327,1,2
1266,328,1,2
1266,329,1,2
1266,330,1,2
1266,331,1,2
1266,332,1,2
1266,333,1,2
1266,334,1,2
1266,335,1,2
1266,336,1,2
1266,337,1,2
1266,338,1,2
1266,339,1,2
1266,340,1,2
1266,341,1,2
1266,342,1,2
1266,343,1,2
1266,344,1,2
1266,345,1,2
1266,346,1,2
1266,347,1,2
1266,348,1,2
1266,349,1,2
1266,350,1,2
1266,351,1,2
1266,352,1,2
1266,353,1,2
1266,354,1,2
1266,355,1,2
1266,356,1,2
1266,357,1,2
1266,358,1,2
1266,359,1,2
1266,360,1,2
1266,361,1,2
1266,362,1,2
1266,363,1,2
1266,364,1,2
1266,365,1,2
1266,366,1,2
1266,367,1,2
1266,368,1,2
1266,369,1,2
1266,370,1,2
1266,371,1,2
1266,372,1,2
1266,373,1,2
1266,374,1,2
1266,375,1,2
1266,376,1,2
1266,377,1,2
1266,378,1,2
1266,379,1,2
1266,380,1,2
1266,381,1,2
1266,382,1,2
1266,383,1,2
1266,384,1,2
1266,385,1,2
1266,386,1,2
1266,387,1,2
1266,388,1,2
1266,389,1,2
1266,390,1,2
1266,391,1,2
1266,392,1,2
1266,393,1,2
1266,394,1,2
1266,395,1,2
1266,396,1,2
1266,397,1,2
1266,398,1,2
1266,399,1,2
1266,400,1,2
1266,401,1,2
1266,402,1,2
1266,403,1,2
1266,404,1,2
1266,405,1,2
1266,406,1,2
1266,407,1,2
1266,408,1,2
1266,409,1,2
1266,410,1,2
1266,411,1,2
1266,412,1,2
1266,413,1,2
1266,414,1,2
1266,415,1,2
1266,416,1,2
1266,417,1,2
1266,418,1,2
1266,419,1,2
1266,420,1,2
1266,421,1,2
1266,422,1,2
1266,423,1,2
1266,424,1,2
1266,425,1,2
1266,426,1,2
1266,427,1,2
1266,428,1,2
1266,429,1,2
1266,430,1,2
1266,431,1,2
1266,432,1,2
1266,433,1,2
1266,434,1,2
1266,435,1,2
1266,436,1,2
1266,437,1,2
1266,438,1,2
1266,439,1,2
1266,440,1,2
1266,441,1,2
1266,442,1,2
1266,443,1,2
1266,444,1,2
1266,445,1,2
1266,446,1,2
1266,447,1,2
1266,448,1,2
1267,124,1,2
1267,125,1,2
1267,126,1,2
1267,127,1,2
1267,128,1,2
1267,129,1,2
1267,130,1,2
1267,131,1,2
1267,132,1,2
1267,133,1,2
1267,134,1,2
1267,135,1,2
1267,136,1,2
1267,137,1,2
1267,138,1,2
1267,139,1,2
1267,140,1,2
1267,141,1,2
1267,142,1,2
1267,143,1,2
1267,144,1,2
1267,145,1,2
1267,146,1,2
1267,147,1,2
1267,148,1,2
1267,149,1,2
1267,150,1,2
1267,151,1,2
1267,152,1,2
1267,153,1,2
1267,154,1,2
1267,155,1,2
1267,156,1,2
1267,157,1,2
1267,158,1,2
1267,159,1,2
1267,160,1,2
1267,161,1,2
1267,162,1,2
1267,163,1,2
1267,164,1,2
1267,165,1,2
1267,166,1,2
1267,167,1,2
1267,168,1,2
1267,169,1,2
1267,170,1,2
1267,171,1,2
1267,172,1,2
1267,173,1,2
1267,174,1,2
1267,175,1,2
1267,176,1,2
1267,177,1,2
1267,178,1,2
1267,179,1,2
1267,180,1,2
1267,181,1,2
1267,182,1,2
1267,183,1,2
1267,184,1,2
1267,185,1,2
1267,186,1,2
1267,187,1,2
1267,188,1,2
1267,189,1,2
1267,190,1,2
1267,191,1,2
1267,192,1,2
1267,193,1,2
1267,194,1,2
1267,195,1,2
1267,196,1,2
1267,197,1,2
1267,198,1,2
1267,199,1,2
1267,200,1,2
1267,201,1,2
1267,202,1,2
1267,203,1,2
1267,204,1,2
1267,205,1,2
1267,206,1,2
1267,207,1,2
1267,208,1,2
1267,209,1,2
1267,210,1,2
1267,211,1,2
1267,212,1,2
1267,213,1,2
1267,214,1,2
1267,215,1,2
1267,216,1,2
1267,217,1,2
1267,218,1,2
1267,219,1,2
1267,220,1,2
1267,221,1,2
1267,222,1,2
1267,223,1,2
1267,224,1,2
1267,225,1,2
1267,226,1,2
1267,227,1,2
1267,228,1,2
1267,229,1,2
1267,230,1,2
1267,231,1,2
1267,232,1,2
1267,233,1,2
1267,234,1,2
1267,235,1,2
1267,236,1,2
1267,237,1,2
1267,238,1,2
1267,239,1,2
1267,240,1,2
1267,241,1,2
1267,242,1,2
1267,243,1,2
1267,244,1,2
1267,245,1,2
1267,246,1,2
1267,247,1,2
1267,248,1,2
1267,249,1,2
1267,250,1,2
1267,251,1,2
1267,252,1,2
1267,253,1,2
1267,254,1,2
1267,255,1,2
1267,256,1,2
1267,257,1,2
1267,258,1,2
1267,259,1,2
1267,260,1,2
1267,261,1,2
1267,262,1,2
1267,263,1,2
1267,264,1,2
1267,265,1,2
1267,266,1,2
1267,267,1,2
1267,268,1,2
1267,269,1,2
1267,270,1,2
1267,271,1,2
1267,272,1,2
1267,273,1,2
1267,274,1,2
1267,275,1,2
1267,276,1,2
1267,277,1,2
1267,278,1,2
1267,279,1,2
1267,280,1,2
1267,281,1,2
1267,282,1,2
1267,283,1,2
1267,284,1,2
1267,285,1,2
1267,286,1,2
1267,287,1,2
1267,288,1,2
1267,289,1,2
1267,290,1,2
1267,291,1,2
1267,292,1,2
1267,293,1,2
1267,294,1,2
1267,295,1,2
1267,296,1,2
1267,297,1,2
1267,298,1,2
1267,299,1,2
1267,300,1,2
1267,301,1,2
1267,302,1,2
1267,303,1,2
1267,304,1,2
1267,305,1,2
1267,306,1,2
1267,307,1,2
1267,308,1,2
1267,309,1,2
1267,310,1,2
1267,311,1,2
1267,312,1,2
1267,313,1,2
1267,314,1,2
1267,315,1,2
1267,316,1,2
1267,317,1,2
1267,318,1,2
1267,319,1,2
1267,320,1,2
1267,321,1,2
1267,322,1,2
1267,323,1,2
1267,324,1,2
1267,325,1,2
1267,326,1,2
1267,327,1,2
1267,328,1,2
1267,329,1,2
1267,330,1,2
1267,331,1,2
1267,332,1,2
1267,333,1,2
1267,334,1,2
1267,335,1,2
1267,336,1,2
1267,337,1,2
1267,338,1,2
1267,339,1,2
1267,340,1,2
1267,341,1,2
1267,342,1,2
1267,343,1,2
1267,344,1,2
1267,345,1,2
1267,346,1,2
1267,347,1,2
1267,348,1,2
1267,349,1,2
1267,350,1,2
1267,351,1,2
1267,352,1,2
1267,353,1,2
1267,354,1,2
1267,355,1,2
1267,356,1,2
1267,357,1,2
1267,358,1,2
1267,359,1,2
1267,360,1,2
1267,361,1,2
1267,362,1,2
1267,363,1,2
1267,364,1,2
1267,365,1,2
1267,366,1,2
1267,367,1,2
1267,368,1,2
1267,369,1,2
1267,370,1,2
1267,371,1,2
1267,372,1,2
1267,373,1,2
1267,374,1,2
1267,375,1,2
1267,376,1,2
1267,377,1,2
1267,378,1,2
1267,379,1,2
1267,380,1,2
1267,381,1,2
1267,382,1,2
1267,383,1,2
1267,384,1,2
1267,385,1,2
1267,386,1,2
1267,387,1,2
1267,388,1,2
1267,389,1,2
1267,390,1,2
1267,391,1,2
1267,392,1,2
1267,393,1,2
1267,394,1,2
1267,395,1,2
1267,396,1,2
1267,397,1,2
1267,398,1,2
1267,399,1,2
1267,400,1,2
1267,401,1,2
1267,402,1,2
1267,403,1,2
1267,404,1,2
1267,405,1,2
1267,406,1,2
1267,407,1,2
1267,408,1,2
1267,409,1,2
1267,410,1,2
1267,411,1,2
1267,412,1,2
1267,413,1,2
1267,414,1,2
1267,415,1,2
1267,416,1,2
1267,417,1,2
1267,418,1,2
1267,419,1,2
1267,420,1,2
1267,421,1,2
1267,422,1,2
1267,423,1,2
1267,424,1,2
1267,425,1,2
1267,426,1,2
1267,427,1,2
1267,428,1,2
1267,429,1,2
1267,430,1,2
1267,431,1,2
1267,432,1,2
1267,433,1,2
1267,434,1,2
1267,435,1,2
1267,436,1,2
1267,437,1,2
1267,438,1,2
1267,439,1,2
1267,440,1,2
1267,441,1,2
1267,442,1,2
1267,443,1,2
1267,444,1,2
1267,445,1,2
1267,446,1,2
1267,447,1,2
1267,448,1,2
1267,449,1,2
1268,124,1,2
1268,125,1,2
1268,126,1,2
1268,127,1,2
1268,128,1,2
1268,129,1,2
1268,130,1,2
1268,131,1,2
1268,132,1,2
1268,133,1,2
1268,134,1,2
1268,135,1,2
1268,136,1,2
1268,137,1,2
1268,138,1,2
1268,139,1,2
1268,140,1,2
1268,141,1,2
1268,142,1,2
1268,143,1,2
1268,144,1,2
1268,145,1,2
1268,146,1,2
1268,147,1,2
1268,148,1,2
1268,149,1,2
1268,150,1,2
1268,151,1,2
1268,152,1,2
1268,153,1,2
1268,154,1,2
1268,155,1,2
1268,156,1,2
1268,157,1,2
1268,158,1,2
1268,159,1,2
1268,160,1,2
1268,161,1,2
1268,162,1,2
1268,163,1,2
1268,164,1,2
1268,165,1,2
1268,166,1,2
1268,167,1,2
1268,168,1,2
1268,169,1,2
1268,170,1,2
1268,171,1,2
1268,172,1,2
1268,173,1,2
1268,174,1,2
1268,175,1,2
1268,176,1,2
1268,177,1,2
1268,178,1,2
1268,179,1,2
1268,180,1,2
1268,181,1,2
1268,182,1,2
1268,183,1,2
1268,184,1,2
1268,185,1,2
1268,186,1,2
1268,187,1,2
1268,188,1,2
1268,189,1,2
1268,190,1,2
1268,191,1,2
1268,192,1,2
1268,193,1,2
1268,194,1,2
1268,195,1,2
1268,196,1,2
1268,197,1,2
1268,198,1,2
1268,199,1,2
1268,200,1,2
1268,201,1,2
1268,202,1,2
1268,203,1,2
1268,204,1,2
1268,205,1,2
1268,206,1,2
1268,207,1,2
1268,208,1,2
1268,209,1,2
1268,210,1,2
1268,211,1,2
1268,212,1,2
1268,213,1,2
1268,214,1,2
1268,215,1,2
1268,216,1,2
1268,217,1,2
1268,218,1,2
1268,219,1,2
1268,220,1,2
1268,221,1,2
1268,222,1,2
1268,223,1,2
1268,224,1,2
1268,225,1,2
1268,226,1,2
1268,227,1,2
1268,228,1,2
1268,229,1,2
1268,230,1,2
1268,231,1,2
1268,232,1,2
1268,233,1,2
1268,234,1,2
1268,235,1,2
1268,236,1,2
1268,237,1,2
1268,238,1,2
1268,239,1,2
1268,240,1,2
1268,241,1,2
1268,242,1,2
1268,243,1,2
1268,244,1,2
1268,245,1,2
1268,246,1,2
1268,247,1,2
1268,248,1,2
1268,249,1,2
1268,250,1,2
1268,251,1,2
1268,252,1,2
1268,253,1,2
1268,254,1,2
1268,255,1,2
1268,256,1,2
1268,257,1,2
1268,258,1,2
1268,259,1,2
1268,260,1,2
1268,261,1,2
1268,262,1,2
1268,263,1,2
1268,264,1,2
1268,265,1,2
1268,266,1,2
1268,267,1,2
1268,268,1,2
1268,269,1,2
1268,270,1,2
1268,271,1,2
1268,272,1,2
1268,273,1,2
1268,274,1,2
1268,275,1,2
1268,276,1,2
1268,277,1,2
1268,278,1,2
1268,279,1,2
1268,280,1,2
1268,281,1,2
1268,282,1,2
1268,283,1,2
1268,284,1,2
1268,285,1,2
1268,286,1,2
1268,287,1,2
1268,288,1,2
1268,289,1,2
1268,290,1,2
1268,291,1,2
1268,292,1,2
1268,293,1,2
1268,294,1,2
1268,295,1,2
1268,296,1,2
1268,297,1,2
1268,298,1,2
1268,299,1,2
1268,300,1,2
1268,301,1,2
1268,302,1,2
1268,303,1,2
1268,304,1,2
1268,305,1,2
1268,306,1,2
1268,307,1,2
1268,308,1,2
1268,309,1,2
1268,310,1,2
1268,311,1,2
1268,312,1,2
1268,313,1,2
1268,314,1,2
1268,315,1,2
1268,316,1,2
1268,317,1,2
1268,318,1,2
1268,319,1,2
1268,320,1,2
1268,321,1,2
1268,322,1,2
1268,323,1,2
1268,324,1,2
1268,325,1,2
1268,326,1,2
1268,327,1,2
1268,328,1,2
1268,329,1,2
1268,330,1,2
1268,331,1,2
1268,332,1,2
1268,333,1,2
1268,334,1,2
1268,335,1,2
1268,336,1,2
1268,337,1,2
1268,338,1,2
1268,339,1,2
1268,340,1,2
1268,341,1,2
1268,342,1,2
1268,343,1,2
1268,344,1,2
1268,345,1,2
1268,346,1,2
1268,347,1,2
1268,348,1,2
1268,349,1,2
1268,350,1,2
1268,351,1,2
1268,352,1,2
1268,353,1,2
1268,354,1,2
1268,355,1,2
1268,356,1,2
1268,357,1,2
1268,358,1,2
1268,359,1,2
1268,360,1,2
1268,361,1,2
1268,362,1,2
1268,363,1,2
1268,364,1,2
1268,365,1,2
1268,366,1,2
1268,367,1,2
1268,368,1,2
1268,369,1,2
1268,370,1,2
1268,371,1,2
1268,372,1,2
1268,373,1,2
1268,374,1,2
1268,375,1,2
1268,376,1,2
1268,377,1,2
1268,378,1,2
1268,379,1,2
1268,380,1,2
1268,381,1,2
1268,382,1,2
1268,383,1,2
1268,384,1,2
1268,385,1,2
1268,386,1,2
1268,387,1,2
1268,388,1,2
1268,389,1,2
1268,390,1,2
1268,391,1,2
1268,392,1,2
1268,393,1,2
1268,394,1,2
1268,395,1,2
1268,396,1,2
1268,397,1,2
1268,398,1,2
1268,399,1,2
1268,400,1,2
1268,401,1,2
1268,402,1,2
1268,403,1,2
1268,404,1,2
1268,405,1,2
1268,406,1,2
1268,407,1,2
1268,408,1,2
1268,409,1,2
1268,410,1,2
1268,411,1,2
1268,412,1,2
1268,413,1,2
1268,414,1,2
1268,415,1,2
1268,416,1,2
1268,417,1,2
1268,418,1,2
1268,419,1,2
1268,420,1,2
1268,421,1,2
1268,422,1,2
1268,423,1,2
1268,424,1,2
1268,425,1,2
1268,426,1,2
1268,427,1,2
1268,428,1,2
1268,429,1,2
1268,430,1,2
1268,431,1,2
1268,432,1,2
1268,433,1,2
1268,434,1,2
1268,435,1,2
1268,436,1,2
1268,437,1,2
1268,438,1,2
1268,439,1,2
1268,440,1,2
1268,441,1,2
1268,442,1,2
1268,443,1,2
1268,444,1,2
1268,445,1,2
1268,446,1,2
1268,447,1,2
1268,448,1,2
1268,449,1,2
1268,450,1,2
1269,123,1,2
1269,124,1,2
1269,125,1,2
1269,126,1,2
1269,127,1,2
1269,128,1,2
1269,129,1,2
1269,130,1,2
1269,131,1,2
1269,132,1,2
1269,133,1,2
1269,134,1,2
1269,135,1,2
1269,136,1,2
1269,137,1,2
1269,138,1,2
1269,139,1,2
1269,140,1,2
1269,141,1,2
1269,142,1,2
1269,143,1,2
1269,144,1,2
1269,145,1,2
1269,146,1,2
1269,147,1,2
1269,148,1,2
1269,149,1,2
1269,150,1,2
1269,151,1,2
1269,152,1,2
1269,153,1,2
1269,154,1,2
1269,155,1,2
1269,156,1,2
1269,157,1,2
1269,158,1,2
1269,159,1,2
1269,160,1,2
1269,161,1,2
1269,162,1,2
1269,163,1,2
1269,164,1,2
1269,165,1,2
1269,166,1,2
1269,167,1,2
1269,168,1,2
1269,169,1,2
1269,170,1,2
1269,171,1,2
1269,172,1,2
1269,173,1,2
1269,174,1,2
1269,175,1,2
1269,176,1,2
1269,177,1,2
1269,178,1,2
1269,179,1,2
1269,180,1,2
1269,181,1,2
1269,182,1,2
1269,183,1,2
1269,184,1,2
1269,185,1,2
1269,186,1,2
1269,187,1,2
1269,188,1,2
1269,189,1,2
1269,190,1,2
1269,191,1,2
1269,192,1,2
1269,193,1,2
1269,194,1,2
1269,195,1,2
1269,196,1,2
1269,197,1,2
1269,198,1,2
1269,199,1,2
1269,200,1,2
1269,201,1,2
1269,202,1,2
1269,203,1,2
1269,204,1,2
1269,205,1,2
1269,206,1,2
1269,207,1,2
1269,208,1,2
1269,209,1,2
1269,210,1,2
1269,211,1,2
1269,212,1,2
1269,213,1,2
1269,214,1,2
1269,215,1,2
1269,216,1,2
1269,217,1,2
1269,218,1,2
1269,219,1,2
1269,220,1,2
1269,221,1,2
1269,222,1,2
1269,223,1,2
1269,224,1,2
1269,225,1,2
1269,226,1,2
1269,227,1,2
1269,228,1,2
1269,229,1,2
1269,230,1,2
1269,231,1,2
1269,232,1,2
1269,233,1,2
1269,234,1,2
1269,235,1,2
1269,236,1,2
1269,237,1,2
1269,238,1,2
1269,239,1,2
1269,240,1,2
1269,241,1,2
1269,242,1,2
1269,243,1,2
1269,244,1,2
1269,245,1,2
1269,246,1,2
1269,247,1,2
1269,248,1,2
1269,249,1,2
1269,250,1,2
1269,251,1,2
1269,252,1,2
1269,253,1,2
1269,254,1,2
1269,255,1,2
1269,256,1,2
1269,257,1,2
1269,258,1,2
1269,259,1,2
1269,260,1,2
1269,261,1,2
1269,262,1,2
1269,263,1,2
1269,264,1,2
1269,265,1,2
1269,266,1,2
1269,267,1,2
1269,268,1,2
1269,269,1,2
1269,270,1,2
1269,271,1,2
1269,272,1,2
1269,273,1,2
1269,274,1,2
1269,275,1,2
1269,276,1,2
1269,277,1,2
1269,278,1,2
1269,279,1,2
1269,280,1,2
1269,281,1,2
1269,282,1,2
1269,283,1,2
1269,284,1,2
1269,285,1,2
1269,286,1,2
1269,287,1,2
1269,288,1,2
1269,289,1,2
1269,290,1,2
1269,291,1,2
1269,292,1,2
1269,293,1,2
1269,294,1,2
1269,295,1,2
1269,296,1,2
1269,297,1,2
1269,298,1,2
1269,299,1,2
1269,300,1,2
1269,301,1,2
1269,302,1,2
1269,303,1,2
1269,304,1,2
1269,305,1,2
1269,306,1,2
1269,307,1,2
1269,308,1,2
1269,309,1,2
1269,310,1,2
1269,311,1,2
1269,312,1,2
1269,313,1,2
1269,314,1,2
1269,315,1,2
1269,316,1,2
1269,317,1,2
1269,318,1,2
1269,319,1,2
1269,320,1,2
1269,321,1,2
1269,322,1,2
1269,323,1,2
1269,324,1,2
1269,325,1,2
1269,326,1,2
1269,327,1,2
1269,328,1,2
1269,329,1,2
1269,330,1,2
1269,331,1,2
1269,332,1,2
1269,333,1,2
1269,334,1,2
1269,335,1,2
1269,336,1,2
1269,337,1,2
1269,338,1,2
1269,339,1,2
1269,340,1,2
1269,341,1,2
1269,342,1,2
1269,343,1,2
1269,344,1,2
1269,345,1,2
1269,346,1,2
1269,347,1,2
1269,348,1,2
1269,349,1,2
1269,350,1,2
1269,351,1,2
1269,352,1,2
1269,353,1,2
1269,354,1,2
1269,355,1,2
1269,356,1,2
1269,357,1,2
1269,358,1,2
1269,359,1,2
1269,360,1,2
1269,361,1,2
1269,362,1,2
1269,363,1,2
1269,364,1,2
1269,365,1,2
1269,366,1,2
1269,367,1,2
1269,368,1,2
1269,369,1,2
1269,370,1,2
1269,371,1,2
1269,372,1,2
1269,373,1,2
1269,374,1,2
1269,375,1,2
1269,376,1,2
1269,377,1,2
1269,378,1,2
1269,379,1,2
1269,380,1,2
1269,381,1,2
1269,382,1,2
1269,383,1,2
1269,384,1,2
1269,385,1,2
1269,386,1,2
1269,387,1,2
1269,388,1,2
1269,389,1,2
1269,390,1,2
1269,391,1,2
1269,392,1,2
1269,393,1,2
1269,394,1,2
1269,395,1,2
1269,396,1,2
1269,397,1,2
1269,398,1,2
1269,399,1,2
1269,400,1,2
1269,401,1,2
1269,402,1,2
1269,403,1,2
1269,404,1,2
1269,405,1,2
1269,406,1,2
1269,407,1,2
1269,408,1,2
1269,409,1,2
1269,410,1,2
1269,411,1,2
1269,412,1,2
1269,413,1,2
1269,414,1,2
1269,415,1,2
1269,416,1,2
1269,417,1,2
1269,418,1,2
1269,419,1,2
1269,420,1,2
1269,421,1,2
1269,422,1,2
1269,423,1,2
1269,424,1,2
1269,425,1,2
1269,426,1,2
1269,427,1,2
1269,428,1,2
1269,429,1,2
1269,430,1,2
1269,431,1,2
1269,432,1,2
1269,433,1,2
1269,434,1,2
1269,435,1,2
1269,436,1,2
1269,437,1,2
1269,438,1,2
1269,439,1,2
1269,440,1,2
1269,441,1,2
1269,442,1,2
1269,443,1,2
1269,444,1,2
1269,445,1,2
1269,446,1,2
1269,447,1,2
1269,448,1,2
1269,449,1,2
1269,450,1,2
1269,451,1,2
1270,123,1,2
1270,124,1,2
1270,125,1,2
1270,126,1,2
1270,127,1,2
1270,128,1,2
1270,129,1,2
1270,130,1,2
1270,131,1,2
1270,132,1,2
1270,133,1,2
1270,134,1,2
1270,135,1,2
1270,136,1,2
1270,137,1,2
1270,138,1,2
1270,139,1,2
1270,140,1,2
1270,141,1,2
1270,142,1,2
1270,143,1,2
1270,144,1,2
1270,145,1,2
1270,146,1,2
1270,147,1,2
1270,148,1,2
1270,149,1,2
1270,150,1,2
1270,151,1,2
1270,152,1,2
1270,153,1,2
1270,154,1,2
1270,155,1,2
1270,156,1,2
1270,157,1,2
1270,158,1,2
1270,159,1,2
1270,160,1,2
1270,161,1,2
1270,162,1,2
1270,163,1,2
1270,164,1,2
1270,165,1,2
1270,166,1,2
1270,167,1,2
1270,168,1,2
1270,169,1,2
1270,170,1,2
1270,171,1,2
1270,172,1,2
1270,173,1,2
1270,174,1,2
1270,175,1,2
1270,176,1,2
1270,177,1,2
1270,178,1,2
1270,179,1,2
1270,180,1,2
1270,181,1,2
1270,182,1,2
1270,183,1,2
1270,184,1,2
1270,185,1,2
1270,186,1,2
1270,187,1,2
1270,188,1,2
1270,189,1,2
1270,190,1,2
1270,191,1,2
1270,192,1,2
1270,193,1,2
1270,194,1,2
1270,195,1,2
1270,196,1,2
1270,197,1,2
1270,198,1,2
1270,199,1,2
1270,200,1,2
1270,201,1,2
1270,202,1,2
1270,203,1,2
1270,204,1,2
1270,205,1,2
1270,206,1,2
1270,207,1,2
1270,208,1,2
1270,209,1,2
1270,210,1,2
1270,211,1,2
1270,212,1,2
1270,213,1,2
1270,214,1,2
1270,215,1,2
1270,216,1,2
1270,217,1,2
1270,218,1,2
1270,219,1,2
1270,220,1,2
1270,221,1,2
1270,222,1,2
1270,223,1,2
1270,224,1,2
1270,225,1,2
1270,226,1,2
1270,227,1,2
1270,228,1,2
1270,229,1,2
1270,230,1,2
1270,231,1,2
1270,232,1,2
1270,233,1,2
1270,234,1,2
1270,235,1,2
1270,236,1,2
1270,237,1,2
1270,238,1,2
1270,239,1,2
1270,240,1,2
1270,241,1,2
1270,242,1,2
1270,243,1,2
1270,244,1,2
1270,245,1,2
1270,246,1,2
1270,247,1,2
1270,248,1,2
1270,249,1,2
1270,250,1,2
1270,251,1,2
1270,252,1,2
1270,253,1,2
1270,254,1,2
1270,255,1,2
1270,256,1,2
1270,257,1,2
1270,258,1,2
1270,259,1,2
1270,260,1,2
1270,261,1,2
1270,262,1,2
1270,263,1,2
1270,264,1,2
1270,265,1,2
1270,266,1,2
1270,267,1,2
1270,268,1,2
1270,269,1,2
1270,270,1,2
1270,271,1,2
1270,272,1,2
1270,273,1,2
1270,274,1,2
1270,275,1,2
1270,276,1,2
1270,277,1,2
1270,278,1,2
1270,279,1,2
1270,280,1,2
1270,281,1,2
1270,282,1,2
1270,283,1,2
1270,284,1,2
1270,285,1,2
1270,286,1,2
1270,287,1,2
1270,288,1,2
1270,289,1,2
1270,290,1,2
1270,291,1,2
1270,292,1,2
1270,293,1,2
1270,294,1,2
1270,295,1,2
1270,296,1,2
1270,297,1,2
1270,298,1,2
1270,299,1,2
1270,300,1,2
1270,301,1,2
1270,302,1,2
1270,303,1,2
1270,304,1,2
1270,305,1,2
1270,306,1,2
1270,307,1,2
1270,308,1,2
1270,309,1,2
1270,310,1,2
1270,311,1,2
1270,312,1,2
1270,313,1,2
1270,314,1,2
1270,315,1,2
1270,316,1,2
1270,317,1,2
1270,318,1,2
1270,319,1,2
1270,320,1,2
1270,321,1,2
1270,322,1,2
1270,323,1,2
1270,324,1,2
1270,325,1,2
1270,326,1,2
1270,327,1,2
1270,328,1,2
1270,329,1,2
1270,330,1,2
1270,331,1,2
1270,332,1,2
1270,333,1,2
1270,334,1,2
1270,335,1,2
1270,336,1,2
1270,337,1,2
1270,338,1,2
1270,339,1,2
1270,340,1,2
1270,341,1,2
1270,342,1,2
1270,343,1,2
1270,344,1,2
1270,345,1,2
1270,346,1,2
1270,347,1,2
1270,348,1,2
1270,349,1,2
1270,350,1,2
1270,351,1,2
1270,352,1,2
1270,353,1,2
1270,354,1,2
1270,355,1,2
1270,356,1,2
1270,357,1,2
1270,358,1,2
1270,359,1,2
1270,360,1,2
1270,361,1,2
1270,362,1,2
1270,363,1,2
1270,364,1,2
1270,365,1,2
1270,366,1,2
1270,367,1,2
1270,368,1,2
1270,369,1,2
1270,370,1,2
1270,371,1,2
1270,372,1,2
1270,373,1,2
1270,374,1,2
1270,375,1,2
1270,376,1,2
1270,377,1,2
1270,378,1,2
1270,379,1,2
1270,380,1,2
1270,381,1,2
1270,382,1,2
1270,383,1,2
1270,384,1,2
1270,385,1,2
1270,386,1,2
1270,387,1,2
1270,388,1,2
1270,389,1,2
1270,390,1,2
1270,391,1,2
1270,392,1,2
1270,393,1,2
1270,394,1,2
1270,395,1,2
1270,396,1,2
1270,397,1,2
1270,398,1,2
1270,399,1,2
1270,400,1,2
1270,401,1,2
1270,402,1,2
1270,403,1,2
1270,404,1,2
1270,405,1,2
1270,406,1,2
1270,407,1,2
1270,408,1,2
1270,409,1,2
1270,410,1,2
1270,411,1,2
1270,412,1,2
1270,413,1,2
1270,414,1,2
1270,415,1,2
1270,416,1,2
1270,417,1,2
1270,418,1,2
1270,419,1,2
1270,420,1,2
1270,421,1,2
1270,422,1,2
1270,423,1,2
1270,424,1,2
1270,425,1,2
1270,426,1,2
1270,427,1,2
1270,428,1,2
1270,429,1,2
1270,430,1,2
1270,431,1,2
1270,432,1,2
1270,433,1,2
1270,434,1,2
1270,435,1,2
1270,436,1,2
1270,437,1,2
1270,438,1,2
1270,439,1,2
1270,440,1,2
1270,441,1,2
1270,442,1,2
1270,443,1,2
1270,444,1,2
1270,445,1,2
1270,446,1,2
1270,447,1,2
1270,448,1,2
1270,449,1,2
1270,450,1,2
1270,451,1,2
1270,452,1,2
1271,123,1,2
1271,124,1,2
1271,125,1,2
1271,126,1,2
1271,127,1,2
1271,128,1,2
1271,129,1,2
1271,130,1,2
1271,131,1,2
1271,132,1,2
1271,133,1,2
1271,134,1,2
1271,135,1,2
1271,136,1,2
1271,137,1,2
1271,138,1,2
1271,139,1,2
1271,140,1,2
1271,141,1,2
1271,142,1,2
1271,143,1,2
1271,144,1,2
1271,145,1,2
1271,146,1,2
1271,147,1,2
1271,148,1,2
1271,149,1,2
1271,150,1,2
1271,151,1,2
1271,152,1,2
1271,153,1,2
1271,154,1,2
1271,155,1,2
1271,156,1,2
1271,157,1,2
1271,158,1,2
1271,159,1,2
1271,160,1,2
1271,161,1,2
1271,162,1,2
1271,163,1,2
1271,164,1,2
1271,165,1,2
1271,166,1,2
1271,167,1,2
1271,168,1,2
1271,169,1,2
1271,170,1,2
1271,171,1,2
1271,172,1,2
1271,173,1,2
1271,174,1,2
1271,175,1,2
1271,176,1,2
1271,177,1,2
1271,178,1,2
1271,179,1,2
1271,180,1,2
1271,181,1,2
1271,182,1,2
1271,183,1,2
1271,184,1,2
1271,185,1,2
1271,186,1,2
1271,187,1,2
1271,188,1,2
1271,189,1,2
1271,190,1,2
1271,191,1,2
1271,192,1,2
1271,193,1,2
1271,194,1,2
1271,195,1,2
1271,196,1,2
1271,197,1,2
1271,198,1,2
1271,199,1,2
1271,200,1,2
1271,201,1,2
1271,202,1,2
1271,203,1,2
1271,204,1,2
1271,205,1,2
1271,206,1,2
1271,207,1,2
1271,208,1,2
1271,209,1,2
1271,210,1,2
1271,211,1,2
1271,212,1,2
1271,213,1,2
1271,214,1,2
1271,215,1,2
1271,216,1,2
1271,217,1,2
1271,218,1,2
1271,219,1,2
1271,220,1,2
1271,221,1,2
1271,222,1,2
1271,223,1,2
1271,224,1,2
1271,225,1,2
1271,226,1,2
1271,227,1,2
1271,228,1,2
1271,229,1,2
1271,230,1,2
1271,231,1,2
1271,232,1,2
1271,233,1,2
1271,234,1,2
1271,235,1,2
1271,236,1,2
1271,237,1,2
1271,238,1,2
1271,239,1,2
1271,240,1,2
1271,241,1,2
1271,242,1,2
1271,243,1,2
1271,244,1,2
1271,245,1,2
1271,246,1,2
1271,247,1,2
1271,248,1,2
1271,249,1,2
1271,250,1,2
1271,251,1,2
1271,252,1,2
1271,253,1,2
1271,254,1,2
1271,255,1,2
1271,256,1,2
1271,257,1,2
1271,258,1,2
1271,259,1,2
1271,260,1,2
1271,261,1,2
1271,262,1,2
1271,263,1,2
1271,264,1,2
1271,265,1,2
1271,266,1,2
1271,267,1,2
1271,268,1,2
1271,269,1,2
1271,270,1,2
1271,271,1,2
1271,272,1,2
1271,273,1,2
1271,274,1,2
1271,275,1,2
1271,276,1,2
1271,277,1,2
1271,278,1,2
1271,279,1,2
1271,280,1,2
1271,281,1,2
1271,282,1,2
1271,283,1,2
1271,284,1,2
1271,285,1,2
1271,286,1,2
1271,287,1,2
1271,288,1,2
1271,289,1,2
1271,290,1,2
1271,291,1,2
1271,292,1,2
1271,293,1,2
1271,294,1,2
1271,295,1,2
1271,296,1,2
1271,297,1,2
1271,298,1,2
1271,299,1,2
1271,300,1,2
1271,301,1,2
1271,302,1,2
1271,303,1,2
1271,304,1,2
1271,305,1,2
1271,306,1,2
1271,307,1,2
1271,308,1,2
1271,309,1,2
1271,310,1,2
1271,311,1,2
1271,312,1,2
1271,313,1,2
1271,314,1,2
1271,315,1,2
1271,316,1,2
1271,317,1,2
1271,318,1,2
1271,319,1,2
1271,320,1,2
1271,321,1,2
1271,322,1,2
1271,323,1,2
1271,324,1,2
1271,325,1,2
1271,326,1,2
1271,327,1,2
1271,328,1,2
1271,329,1,2
1271,330,1,2
1271,331,1,2
1271,332,1,2
1271,333,1,2
1271,334,1,2
1271,335,1,2
1271,336,1,2
1271,337,1,2
1271,338,1,2
1271,339,1,2
1271,340,1,2
1271,341,1,2
1271,342,1,2
1271,343,1,2
1271,344,1,2
1271,345,1,2
1271,346,1,2
1271,347,1,2
1271,348,1,2
1271,349,1,2
1271,350,1,2
1271,351,1,2
1271,352,1,2
1271,353,1,2
1271,354,1,2
1271,355,1,2
1271,356,1,2
1271,357,1,2
1271,358,1,2
1271,359,1,2
1271,360,1,2
1271,361,1,2
1271,362,1,2
1271,363,1,2
1271,364,1,2
1271,365,1,2
1271,366,1,2
1271,367,1,2
1271,368,1,2
1271,369,1,2
1271,370,1,2
1271,371,1,2
1271,372,1,2
1271,373,1,2
1271,374,1,2
1271,375,1,2
1271,376,1,2
1271,377,1,2
1271,378,1,2
1271,379,1,2
1271,380,1,2
1271,381,1,2
1271,382,1,2
1271,383,1,2
1271,384,1,2
1271,385,1,2
1271,386,1,2
1271,387,1,2
1271,388,1,2
1271,389,1,2
1271,390,1,2
1271,391,1,2
1271,392,1,2
1271,393,1,2
1271,394,1,2
1271,395,1,2
1271,396,1,2
1271,397,1,2
1271,398,1,2
1271,399,1,2
1271,400,1,2
1271,401,1,2
1271,402,1,2
1271,403,1,2
1271,404,1,2
1271,405,1,2
1271,406,1,2
1271,407,1,2
1271,408,1,2
1271,409,1,2
1271,410,1,2
1271,411,1,2
1271,412,1,2
1271,413,1,2
1271,414,1,2
1271,415,1,2
1271,416,1,2
1271,417,1,2
1271,418,1,2
1271,419,1,2
1271,420,1,2
1271,421,1,2
1271,422,1,2
1271,423,1,2
1271,424,1,2
1271,425,1,2
1271,426,1,2
1271,427,1,2
1271,428,1,2
1271,429,1,2
1271,430,1,2
1271,431,1,2
1271,432,1,2
1271,433,1,2
1271,434,1,2
1271,435,1,2
1271,436,1,2
1271,437,1,2
1271,438,1,2
1271,439,1,2
1271,440,1,2
1271,441,1,2
1271,442,1,2
1271,443,1,2
1271,444,1,2
1271,445,1,2
1271,446,1,2
1271,447,1,2
1271,448,1,2
1271,449,1,2
1271,450,1,2
1271,451,1,2
1271,452,1,2
1271,453,1,2
1272,122,1,2
1272,123,1,2
1272,124,1,2
1272,125,1,2
1272,126,1,2
1272,127,1,2
1272,128,1,2
1272,129,1,2
1272,130,1,2
1272,131,1,2
1272,132,1,2
1272,133,1,2
1272,134,1,2
1272,135,1,2
1272,136,1,2
1272,137,1,2
1272,138,1,2
1272,139,1,2
1272,140,1,2
1272,141,1,2
1272,142,1,2
1272,143,1,2
1272,144,1,2
1272,145,1,2
1272,146,1,2
1272,147,1,2
1272,148,1,2
1272,149,1,2
1272,150,1,2
1272,151,1,2
1272,152,1,2
1272,153,1,2
1272,154,1,2
1272,155,1,2
1272,156,1,2
1272,157,1,2
1272,158,1,2
1272,159,1,2
1272,160,1,2
1272,161,1,2
1272,162,1,2
1272,163,1,2
1272,164,1,2
1272,165,1,2
1272,166,1,2
1272,167,1,2
1272,168,1,2
1272,169,1,2
1272,170,1,2
1272,171,1,2
1272,172,1,2
1272,173,1,2
1272,174,1,2
1272,175,1,2
1272,176,1,2
1272,177,1,2
1272,178,1,2
1272,179,1,2
1272,180,1,2
1272,181,1,2
1272,182,1,2
1272,183,1,2
1272,184,1,2
1272,185,1,2
1272,186,1,2
1272,187,1,2
1272,188,1,2
1272,189,1,2
1272,190,1,2
1272,191,1,2
1272,192,1,2
1272,193,1,2
1272,194,1,2
1272,195,1,2
1272,196,1,2
1272,197,1,2
1272,198,1,2
1272,199,1,2
1272,200,1,2
1272,201,1,2
1272,202,1,2
1272,203,1,2
1272,204,1,2
1272,205,1,2
1272,206,1,2
1272,207,1,2
1272,208,1,2
1272,209,1,2
1272,210,1,2
1272,211,1,2
1272,212,1,2
1272,213,1,2
1272,214,1,2
1272,215,1,2
1272,216,1,2
1272,217,1,2
1272,218,1,2
1272,219,1,2
1272,220,1,2
1272,221,1,2
1272,222,1,2
1272,223,1,2
1272,224,1,2
1272,225,1,2
1272,226,1,2
1272,227,1,2
1272,228,1,2
1272,229,1,2
1272,230,1,2
1272,231,1,2
1272,232,1,2
1272,233,1,2
1272,234,1,2
1272,235,1,2
1272,236,1,2
1272,237,1,2
1272,238,1,2
1272,239,1,2
1272,240,1,2
1272,241,1,2
1272,242,1,2
1272,243,1,2
1272,244,1,2
1272,245,1,2
1272,246,1,2
1272,247,1,2
1272,248,1,2
1272,249,1,2
1272,250,1,2
1272,251,1,2
1272,252,1,2
1272,253,1,2
1272,254,1,2
1272,255,1,2
1272,256,1,2
1272,257,1,2
1272,258,1,2
1272,259,1,2
1272,260,1,2
1272,261,1,2
1272,262,1,2
1272,263,1,2
1272,264,1,2
1272,265,1,2
1272,266,1,2
1272,267,1,2
1272,268,1,2
1272,269,1,2
1272,270,1,2
1272,271,1,2
1272,272,1,2
1272,273,1,2
1272,274,1,2
1272,275,1,2
1272,276,1,2
1272,277,1,2
1272,278,1,2
1272,279,1,2
1272,280,1,2
1272,281,1,2
1272,282,1,2
1272,283,1,2
1272,284,1,2
1272,285,1,2
1272,286,1,2
1272,287,1,2
1272,288,1,2
1272,289,1,2
1272,290,1,2
1272,291,1,2
1272,292,1,2
1272,293,1,2
1272,294,1,2
1272,295,1,2
1272,296,1,2
1272,297,1,2
1272,298,1,2
1272,299,1,2
1272,300,1,2
1272,301,1,2
1272,302,1,2
1272,303,1,2
1272,304,1,2
1272,305,1,2
1272,306,1,2
1272,307,1,2
1272,308,1,2
1272,309,1,2
1272,310,1,2
1272,311,1,2
1272,312,1,2
1272,313,1,2
1272,314,1,2
1272,315,1,2
1272,316,1,2
1272,317,1,2
1272,318,1,2
1272,319,1,2
1272,320,1,2
1272,321,1,2
1272,322,1,2
1272,323,1,2
1272,324,1,2
1272,325,1,2
1272,326,1,2
1272,327,1,2
1272,328,1,2
1272,329,1,2
1272,330,1,2
1272,331,1,2
1272,332,1,2
1272,333,1,2
1272,334,1,2
1272,335,1,2
1272,336,1,2
1272,337,1,2
1272,338,1,2
1272,339,1,2
1272,340,1,2
1272,341,1,2
1272,342,1,2
1272,343,1,2
1272,344,1,2
1272,345,1,2
1272,346,1,2
1272,347,1,2
1272,348,1,2
1272,349,1,2
1272,350,1,2
1272,351,1,2
1272,352,1,2
1272,353,1,2
1272,354,1,2
1272,355,1,2
1272,356,1,2
1272,357,1,2
1272,358,1,2
1272,359,1,2
1272,360,1,2
1272,361,1,2
1272,362,1,2
1272,363,1,2
1272,364,1,2
1272,365,1,2
1272,366,1,2
1272,367,1,2
1272,368,1,2
1272,369,1,2
1272,370,1,2
1272,371,1,2
1272,372,1,2
1272,373,1,2
1272,374,1,2
1272,375,1,2
1272,376,1,2
1272,377,1,2
1272,378,1,2
1272,379,1,2
1272,380,1,2
1272,381,1,2
1272,382,1,2
1272,383,1,2
1272,384,1,2
1272,385,1,2
1272,386,1,2
1272,387,1,2
1272,388,1,2
1272,389,1,2
1272,390,1,2
1272,391,1,2
1272,392,1,2
1272,393,1,2
1272,394,1,2
1272,395,1,2
1272,396,1,2
1272,397,1,2
1272,398,1,2
1272,399,1,2
1272,400,1,2
1272,401,1,2
1272,402,1,2
1272,403,1,2
1272,404,1,2
1272,405,1,2
1272,406,1,2
1272,407,1,2
1272,408,1,2
1272,409,1,2
1272,410,1,2
1272,411,1,2
1272,412,1,2
1272,413,1,2
1272,414,1,2
1272,415,1,2
1272,416,1,2
1272,417,1,2
1272,418,1,2
1272,419,1,2
1272,420,1,2
1272,421,1,2
1272,422,1,2
1272,423,1,2
1272,424,1,2
1272,425,1,2
1272,426,1,2
1272,427,1,2
1272,428,1,2
1272,429,1,2
1272,430,1,2
1272,431,1,2
1272,432,1,2
1272,433,1,2
1272,434,1,2
1272,435,1,2
1272,436,1,2
1272,437,1,2
1272,438,1,2
1272,439,1,2
1272,440,1,2
1272,441,1,2
1272,442,1,2
1272,443,1,2
1272,444,1,2
1272,445,1,2
1272,446,1,2
1272,447,1,2
1272,448,1,2
1272,449,1,2
1272,450,1,2
1272,451,1,2
1272,452,1,2
1272,453,1,2
1272,454,1,2
1273,122,1,2
1273,123,1,2
1273,124,1,2
1273,125,1,2
1273,126,1,2
1273,127,1,2
1273,128,1,2
1273,129,1,2
1273,130,1,2
1273,131,1,2
1273,132,1,2
1273,133,1,2
1273,134,1,2
1273,135,1,2
1273,136,1,2
1273,137,1,2
1273,138,1,2
1273,139,1,2
1273,140,1,2
1273,141,1,2
1273,142,1,2
1273,143,1,2
1273,144,1,2
1273,145,1,2
1273,146,1,2
1273,147,1,2
1273,148,1,2
1273,149,1,2
1273,150,1,2
1273,151,1,2
1273,152,1,2
1273,153,1,2
1273,154,1,2
1273,155,1,2
1273,156,1,2
1273,157,1,2
1273,158,1,2
1273,159,1,2
1273,160,1,2
1273,161,1,2
1273,162,1,2
1273,163,1,2
1273,164,1,2
1273,165,1,2
1273,166,1,2
1273,167,1,2
1273,168,1,2
1273,169,1,2
1273,170,1,2
1273,171,1,2
1273,172,1,2
1273,173,1,2
1273,174,1,2
1273,175,1,2
1273,176,1,2
1273,177,1,2
1273,178,1,2
1273,179,1,2
1273,180,1,2
1273,181,1,2
1273,182,1,2
1273,183,1,2
1273,184,1,2
1273,185,1,2
1273,186,1,2
1273,187,1,2
1273,188,1,2
1273,189,1,2
1273,190,1,2
1273,191,1,2
1273,192,1,2
1273,193,1,2
1273,194,1,2
1273,195,1,2
1273,196,1,2
1273,197,1,2
1273,198,1,2
1273,199,1,2
1273,200,1,2
1273,201,1,2
1273,202,1,2
1273,203,1,2
1273,204,1,2
1273,205,1,2
1273,206,1,2
1273,207,1,2
1273,208,1,2
1273,209,1,2
1273,210,1,2
1273,211,1,2
1273,212,1,2
1273,213,1,2
1273,214,1,2
1273,215,1,2
1273,216,1,2
1273,217,1,2
1273,218,1,2
1273,219,1,2
1273,220,1,2
1273,221,1,2
1273,222,1,2
1273,223,1,2
1273,224,1,2
1273,225,1,2
1273,226,1,2
1273,227,1,2
1273,228,1,2
1273,229,1,2
1273,230,1,2
1273,231,1,2
1273,232,1,2
1273,233,1,2
1273,234,1,2
1273,235,1,2
1273,236,1,2
1273,237,1,2
1273,238,1,2
1273,239,1,2
1273,240,1,2
1273,241,1,2
1273,242,1,2
1273,243,1,2
1273,244,1,2
1273,245,1,2
1273,246,1,2
1273,247,1,2
1273,248,1,2
1273,249,1,2
1273,250,1,2
1273,251,1,2
1273,252,1,2
1273,253,1,2
1273,254,1,2
1273,255,1,2
1273,256,1,2
1273,257,1,2
1273,258,1,2
1273,259,1,2
1273,260,1,2
1273,261,1,2
1273,262,1,2
1273,263,1,2
1273,264,1,2
1273,265,1,2
1273,266,1,2
1273,267,1,2
1273,268,1,2
1273,269,1,2
1273,270,1,2
1273,271,1,2
1273,272,1,2
1273,273,1,2
1273,274,1,2
1273,275,1,2
1273,276,1,2
1273,277,1,2
1273,278,1,2
1273,279,1,2
1273,280,1,2
1273,281,1,2
1273,282,1,2
1273,283,1,2
1273,284,1,2
1273,285,1,2
1273,286,1,2
1273,287,1,2
1273,288,1,2
1273,289,1,2
1273,290,1,2
1273,291,1,2
1273,292,1,2
1273,293,1,2
1273,294,1,2
1273,295,1,2
1273,296,1,2
1273,297,1,2
1273,298,1,2
1273,299,1,2
1273,300,1,2
1273,301,1,2
1273,302,1,2
1273,303,1,2
1273,304,1,2
1273,305,1,2
1273,306,1,2
1273,307,1,2
1273,308,1,2
1273,309,1,2
1273,310,1,2
1273,311,1,2
1273,312,1,2
1273,313,1,2
1273,314,1,2
1273,315,1,2
1273,316,1,2
1273,317,1,2
1273,318,1,2
1273,319,1,2
1273,320,1,2
1273,321,1,2
1273,322,1,2
1273,323,1,2
1273,324,1,2
1273,325,1,2
1273,326,1,2
1273,327,1,2
1273,328,1,2
1273,329,1,2
1273,330,1,2
1273,331,1,2
1273,332,1,2
1273,333,1,2
1273,334,1,2
1273,335,1,2
1273,336,1,2
1273,337,1,2
1273,338,1,2
1273,339,1,2
1273,340,1,2
1273,341,1,2
1273,342,1,2
1273,343,1,2
1273,344,1,2
1273,345,1,2
1273,346,1,2
1273,347,1,2
1273,348,1,2
1273,349,1,2
1273,350,1,2
1273,351,1,2
1273,352,1,2
1273,353,1,2
1273,354,1,2
1273,355,1,2
1273,356,1,2
1273,357,1,2
1273,358,1,2
1273,359,1,2
1273,360,1,2
1273,361,1,2
1273,362,1,2
1273,363,1,2
1273,364,1,2
1273,365,1,2
1273,366,1,2
1273,367,1,2
1273,368,1,2
1273,369,1,2
1273,370,1,2
1273,371,1,2
1273,372,1,2
1273,373,1,2
1273,374,1,2
1273,375,1,2
1273,376,1,2
1273,377,1,2
1273,378,1,2
1273,379,1,2
1273,380,1,2
1273,381,1,2
1273,382,1,2
1273,383,1,2
1273,384,1,2
1273,385,1,2
1273,386,1,2
1273,387,1,2
1273,388,1,2
1273,389,1,2
1273,390,1,2
1273,391,1,2
1273,392,1,2
1273,393,1,2
1273,394,1,2
1273,395,1,2
1273,396,1,2
1273,397,1,2
1273,398,1,2
1273,399,1,2
1273,400,1,2
1273,401,1,2
1273,402,1,2
1273,403,1,2
1273,404,1,2
1273,405,1,2
1273,406,1,2
1273,407,1,2
1273,408,1,2
1273,409,1,2
1273,410,1,2
1273,411,1,2
1273,412,1,2
1273,413,1,2
1273,414,1,2
1273,415,1,2
1273,416,1,2
1273,417,1,2
1273,418,1,2
1273,419,1,2
1273,420,1,2
1273,421,1,2
1273,422,1,2
1273,423,1,2
1273,424,1,2
1273,425,1,2
1273,426,1,2
1273,427,1,2
1273,428,1,2
1273,429,1,2
1273,430,1,2
1273,431,1,2
1273,432,1,2
1273,433,1,2
1273,434,1,2
1273,435,1,2
1273,436,1,2
1273,437,1,2
1273,438,1,2
1273,439,1,2
1273,440,1,2
1273,441,1,2
1273,442,1,2
1273,443,1,2
1273,444,1,2
1273,445,1,2
1273,446,1,2
1273,447,1,2
1273,448,1,2
1273,449,1,2
1273,450,1,2
1273,451,1,2
1273,452,1,2
1273,453,1,2
1273,454,1,2
1273,455,1,2
1273,456,1,2
1274,122,1,2
1274,123,1,2
1274,124,1,2
1274,125,1,2
1274,126,1,2
1274,127,1,2
1274,128,1,2
1274,129,1,2
1274,130,1,2
1274,131,1,2
1274,132,1,2
1274,133,1,2
1274,134,1,2
1274,135,1,2
1274,136,1,2
1274,137,1,2
1274,138,1,2
1274,139,1,2
1274,140,1,2
1274,141,1,2
1274,142,1,2
1274,143,1,2
1274,144,1,2
1274,145,1,2
1274,146,1,2
1274,147,1,2
1274,148,1,2
1274,149,1,2
1274,150,1,2
1274,151,1,2
1274,152,1,2
1274,153,1,2
1274,154,1,2
1274,155,1,2
1274,156,1,2
1274,157,1,2
1274,158,1,2
1274,159,1,2
1274,160,1,2
1274,161,1,2
1274,162,1,2
1274,163,1,2
1274,164,1,2
1274,165,1,2
1274,166,1,2
1274,167,1,2
1274,168,1,2
1274,169,1,2
1274,170,1,2
1274,171,1,2
1274,172,1,2
1274,173,1,2
1274,174,1,2
1274,175,1,2
1274,176,1,2
1274,177,1,2
1274,178,1,2
1274,179,1,2
1274,180,1,2
1274,181,1,2
1274,182,1,2
1274,183,1,2
1274,184,1,2
1274,185,1,2
1274,186,1,2
1274,187,1,2
1274,188,1,2
1274,189,1,2
1274,190,1,2
1274,191,1,2
1274,192,1,2
1274,193,1,2
1274,194,1,2
1274,195,1,2
1274,196,1,2
1274,197,1,2
1274,198,1,2
1274,199,1,2
1274,200,1,2
1274,201,1,2
1274,202,1,2
1274,203,1,2
1274,204,1,2
1274,205,1,2
1274,206,1,2
1274,207,1,2
1274,208,1,2
1274,209,1,2
1274,210,1,2
1274,211,1,2
1274,212,1,2
1274,213,1,2
1274,214,1,2
1274,215,1,2
1274,216,1,2
1274,217,1,2
1274,218,1,2
1274,219,1,2
1274,220,1,2
1274,221,1,2
1274,222,1,2
1274,223,1,2
1274,224,1,2
1274,225,1,2
1274,226,1,2
1274,227,1,2
1274,228,1,2
1274,229,1,2
1274,230,1,2
1274,231,1,2
1274,232,1,2
1274,233,1,2
1274,234,1,2
1274,235,1,2
1274,236,1,2
1274,237,1,2
1274,238,1,2
1274,239,1,2
1274,240,1,2
1274,241,1,2
1274,242,1,2
1274,243,1,2
1274,244,1,2
1274,245,1,2
1274,246,1,2
1274,247,1,2
1274,248,1,2
1274,249,1,2
1274,250,1,2
1274,251,1,2
1274,252,1,2
1274,253,1,2
1274,254,1,2
1274,255,1,2
1274,256,1,2
1274,257,1,2
1274,258,1,2
1274,259,1,2
1274,260,1,2
1274,261,1,2
1274,262,1,2
1274,263,1,2
1274,264,1,2
1274,265,1,2
1274,266,1,2
1274,267,1,2
1274,268,1,2
1274,269,1,2
1274,270,1,2
1274,271,1,2
1274,272,1,2
1274,273,1,2
1274,274,1,2
1274,275,1,2
1274,276,1,2
1274,277,1,2
1274,278,1,2
1274,279,1,2
1274,280,1,2
1274,281,1,2
1274,282,1,2
1274,283,1,2
1274,284,1,2
1274,285,1,2
1274,286,1,2
1274,287,1,2
1274,288,1,2
1274,289,1,2
1274,290,1,2
1274,291,1,2
1274,292,1,2
1274,293,1,2
1274,294,1,2
1274,295,1,2
1274,296,1,2
1274,297,1,2
1274,298,1,2
1274,299,1,2
1274,300,1,2
1274,301,1,2
1274,302,1,2
1274,303,1,2
1274,304,1,2
1274,305,1,2
1274,306,1,2
1274,307,1,2
1274,308,1,2
1274,309,1,2
1274,310,1,2
1274,311,1,2
1274,312,1,2
1274,313,1,2
1274,314,1,2
1274,315,1,2
1274,316,1,2
1274,317,1,2
1274,318,1,2
1274,319,1,2
1274,320,1,2
1274,321,1,2
1274,322,1,2
1274,323,1,2
1274,324,1,2
1274,325,1,2
1274,326,1,2
1274,327,1,2
1274,328,1,2
1274,329,1,2
1274,330,1,2
1274,331,1,2
1274,332,1,2
1274,333,1,2
1274,334,1,2
1274,335,1,2
1274,336,1,2
1274,337,1,2
1274,338,1,2
1274,339,1,2
1274,340,1,2
1274,341,1,2
1274,342,1,2
1274,343,1,2
1274,344,1,2
1274,345,1,2
1274,346,1,2
1274,347,1,2
1274,348,1,2
1274,349,1,2
1274,350,1,2
1274,351,1,2
1274,352,1,2
1274,353,1,2
1274,354,1,2
1274,355,1,2
1274,356,1,2
1274,357,1,2
1274,358,1,2
1274,359,1,2
1274,360,1,2
1274,361,1,2
1274,362,1,2
1274,363,1,2
1274,364,1,2
1274,365,1,2
1274,366,1,2
1274,367,1,2
1274,368,1,2
1274,369,1,2
1274,370,1,2
1274,371,1,2
1274,372,1,2
1274,373,1,2
1274,374,1,2
1274,375,1,2
1274,376,1,2
1274,377,1,2
1274,378,1,2
1274,379,1,2
1274,380,1,2
1274,381,1,2
1274,382,1,2
1274,383,1,2
1274,384,1,2
1274,385,1,2
1274,386,1,2
1274,387,1,2
1274,388,1,2
1274,389,1,2
1274,390,1,2
1274,391,1,2
1274,392,1,2
1274,393,1,2
1274,394,1,2
1274,395,1,2
1274,396,1,2
1274,397,1,2
1274,398,1,2
1274,399,1,2
1274,400,1,2
1274,401,1,2
1274,402,1,2
1274,403,1,2
1274,404,1,2
1274,405,1,2
1274,406,1,2
1274,407,1,2
1274,408,1,2
1274,409,1,2
1274,410,1,2
1274,411,1,2
1274,412,1,2
1274,413,1,2
1274,414,1,2
1274,415,1,2
1274,416,1,2
1274,417,1,2
1274,418,1,2
1274,419,1,2
1274,420,1,2
1274,421,1,2
1274,422,1,2
1274,423,1,2
1274,424,1,2
1274,425,1,2
1274,426,1,2
1274,427,1,2
1274,428,1,2
1274,429,1,2
1274,430,1,2
1274,431,1,2
1274,432,1,2
1274,433,1,2
1274,434,1,2
1274,435,1,2
1274,436,1,2
1274,437,1,2
1274,438,1,2
1274,439,1,2
1274,440,1,2
1274,441,1,2
1274,442,1,2
1274,443,1,2
1274,444,1,2
1274,445,1,2
1274,446,1,2
1274,447,1,2
1274,448,1,2
1274,449,1,2
1274,450,1,2
1274,451,1,2
1274,452,1,2
1274,453,1,2
1274,454,1,2
1274,455,1,2
1274,456,1,2
1274,457,1,2
1275,121,1,2
1275,122,1,2
1275,123,1,2
1275,124,1,2
1275,125,1,2
1275,126,1,2
1275,127,1,2
1275,128,1,2
1275,129,1,2
1275,130,1,2
1275,131,1,2
1275,132,1,2
1275,133,1,2
1275,134,1,2
1275,135,1,2
1275,136,1,2
1275,137,1,2
1275,138,1,2
1275,139,1,2
1275,140,1,2
1275,141,1,2
1275,142,1,2
1275,143,1,2
1275,144,1,2
1275,145,1,2
1275,146,1,2
1275,147,1,2
1275,148,1,2
1275,149,1,2
1275,150,1,2
1275,151,1,2
1275,152,1,2
1275,153,1,2
1275,154,1,2
1275,155,1,2
1275,156,1,2
1275,157,1,2
1275,158,1,2
1275,159,1,2
1275,160,1,2
1275,161,1,2
1275,162,1,2
1275,163,1,2
1275,164,1,2
1275,165,1,2
1275,166,1,2
1275,167,1,2
1275,168,1,2
1275,169,1,2
1275,170,1,2
1275,171,1,2
1275,172,1,2
1275,173,1,2
1275,174,1,2
1275,175,1,2
1275,176,1,2
1275,177,1,2
1275,178,1,2
1275,179,1,2
1275,180,1,2
1275,181,1,2
1275,182,1,2
1275,183,1,2
1275,184,1,2
1275,185,1,2
1275,186,1,2
1275,187,1,2
1275,188,1,2
1275,189,1,2
1275,190,1,2
1275,191,1,2
1275,192,1,2
1275,193,1,2
1275,194,1,2
1275,195,1,2
1275,196,1,2
1275,197,1,2
1275,198,1,2
1275,199,1,2
1275,200,1,2
1275,201,1,2
1275,202,1,2
1275,203,1,2
1275,204,1,2
1275,205,1,2
1275,206,1,2
1275,207,1,2
1275,208,1,2
1275,209,1,2
1275,210,1,2
1275,211,1,2
1275,212,1,2
1275,213,1,2
1275,214,1,2
1275,215,1,2
1275,216,1,2
1275,217,1,2
1275,218,1,2
1275,219,1,2
1275,220,1,2
1275,221,1,2
1275,222,1,2
1275,223,1,2
1275,224,1,2
1275,225,1,2
1275,226,1,2
1275,227,1,2
1275,228,1,2
1275,229,1,2
1275,230,1,2
1275,231,1,2
1275,232,1,2
1275,233,1,2
1275,234,1,2
1275,235,1,2
1275,236,1,2
1275,237,1,2
1275,238,1,2
1275,239,1,2
1275,240,1,2
1275,241,1,2
1275,242,1,2
1275,243,1,2
1275,244,1,2
1275,245,1,2
1275,246,1,2
1275,247,1,2
1275,248,1,2
1275,249,1,2
1275,250,1,2
1275,251,1,2
1275,252,1,2
1275,253,1,2
1275,254,1,2
1275,255,1,2
1275,256,1,2
1275,257,1,2
1275,258,1,2
1275,259,1,2
1275,260,1,2
1275,261,1,2
1275,262,1,2
1275,263,1,2
1275,264,1,2
1275,265,1,2
1275,266,1,2
1275,267,1,2
1275,268,1,2
1275,269,1,2
1275,270,1,2
1275,271,1,2
1275,272,1,2
1275,273,1,2
1275,274,1,2
1275,275,1,2
1275,276,1,2
1275,277,1,2
1275,278,1,2
1275,279,1,2
1275,280,1,2
1275,281,1,2
1275,282,1,2
1275,283,1,2
1275,284,1,2
1275,285,1,2
1275,286,1,2
1275,287,1,2
1275,288,1,2
1275,289,1,2
1275,290,1,2
1275,291,1,2
1275,292,1,2
1275,293,1,2
1275,294,1,2
1275,295,1,2
1275,296,1,2
1275,297,1,2
1275,298,1,2
1275,299,1,2
1275,300,1,2
1275,301,1,2
1275,302,1,2
1275,303,1,2
1275,304,1,2
1275,305,1,2
1275,306,1,2
1275,307,1,2
1275,308,1,2
1275,309,1,2
1275,310,1,2
1275,311,1,2
1275,312,1,2
1275,313,1,2
1275,314,1,2
1275,315,1,2
1275,316,1,2
1275,317,1,2
1275,318,1,2
1275,319,1,2
1275,320,1,2
1275,321,1,2
1275,322,1,2
1275,323,1,2
1275,324,1,2
1275,325,1,2
1275,326,1,2
1275,327,1,2
1275,328,1,2
1275,329,1,2
1275,330,1,2
1275,331,1,2
1275,332,1,2
1275,333,1,2
1275,334,1,2
1275,335,1,2
1275,336,1,2
1275,337,1,2
1275,338,1,2
1275,339,1,2
1275,340,1,2
1275,341,1,2
1275,342,1,2
1275,343,1,2
1275,344,1,2
1275,345,1,2
1275,346,1,2
1275,347,1,2
1275,348,1,2
1275,349,1,2
1275,350,1,2
1275,351,1,2
1275,352,1,2
1275,353,1,2
1275,354,1,2
1275,355,1,2
1275,356,1,2
1275,357,1,2
1275,358,1,2
1275,359,1,2
1275,360,1,2
1275,361,1,2
1275,362,1,2
1275,363,1,2
1275,364,1,2
1275,365,1,2
1275,366,1,2
1275,367,1,2
1275,368,1,2
1275,369,1,2
1275,370,1,2
1275,371,1,2
1275,372,1,2
1275,373,1,2
1275,374,1,2
1275,375,1,2
1275,376,1,2
1275,377,1,2
1275,378,1,2
1275,379,1,2
1275,380,1,2
1275,381,1,2
1275,382,1,2
1275,383,1,2
1275,384,1,2
1275,385,1,2
1275,386,1,2
1275,387,1,2
1275,388,1,2
1275,389,1,2
1275,390,1,2
1275,391,1,2
1275,392,1,2
1275,393,1,2
1275,394,1,2
1275,395,1,2
1275,396,1,2
1275,397,1,2
1275,398,1,2
1275,399,1,2
1275,400,1,2
1275,401,1,2
1275,402,1,2
1275,403,1,2
1275,404,1,2
1275,405,1,2
1275,406,1,2
1275,407,1,2
1275,408,1,2
1275,409,1,2
1275,410,1,2
1275,411,1,2
1275,412,1,2
1275,413,1,2
1275,414,1,2
1275,415,1,2
1275,416,1,2
1275,417,1,2
1275,418,1,2
1275,419,1,2
1275,420,1,2
1275,421,1,2
1275,422,1,2
1275,423,1,2
1275,424,1,2
1275,425,1,2
1275,426,1,2
1275,427,1,2
1275,428,1,2
1275,429,1,2
1275,430,1,2
1275,431,1,2
1275,432,1,2
1275,433,1,2
1275,434,1,2
1275,435,1,2
1275,436,1,2
1275,437,1,2
1275,438,1,2
1275,439,1,2
1275,440,1,2
1275,441,1,2
1275,442,1,2
1275,443,1,2
1275,444,1,2
1275,445,1,2
1275,446,1,2
1275,447,1,2
1275,448,1,2
1275,449,1,2
1275,450,1,2
1275,451,1,2
1275,452,1,2
1275,453,1,2
1275,454,1,2
1275,455,1,2
1275,456,1,2
1275,457,1,2
1275,458,1,2
1276,120,1,3
1276,121,1,3
1276,122,1,2
1276,123,1,2
1276,124,1,2
1276,125,1,2
1276,126,1,2
1276,127,1,2
1276,128,1,2
1276,129,1,2
1276,130,1,2
1276,131,1,2
1276,132,1,2
1276,133,1,2
1276,134,1,2
1276,135,1,2
1276,136,1,2
1276,137,1,2
1276,138,1,2
1276,139,1,2
1276,140,1,2
1276,141,1,2
1276,142,1,2
1276,143,1,2
1276,144,1,2
1276,145,1,2
1276,146,1,2
1276,147,1,2
1276,148,1,2
1276,149,1,2
1276,150,1,2
1276,151,1,2
1276,152,1,2
1276,153,1,2
1276,154,1,2
1276,155,1,2
1276,156,1,2
1276,157,1,2
1276,158,1,2
1276,159,1,2
1276,160,1,2
1276,161,1,2
1276,162,1,2
1276,163,1,2
1276,164,1,2
1276,165,1,2
1276,166,1,2
1276,167,1,2
1276,168,1,2
1276,169,1,2
1276,170,1,2
1276,171,1,2
1276,172,1,2
1276,173,1,2
1276,174,1,2
1276,175,1,2
1276,176,1,2
1276,177,1,2
1276,178,1,2
1276,179,1,2
1276,180,1,2
1276,181,1,2
1276,182,1,2
1276,183,1,2
1276,184,1,2
1276,185,1,2
1276,186,1,2
1276,187,1,2
1276,188,1,2
1276,189,1,2
1276,190,1,2
1276,191,1,2
1276,192,1,2
1276,193,1,2
1276,194,1,2
1276,195,1,2
1276,196,1,2
1276,197,1,2
1276,198,1,2
1276,199,1,2
1276,200,1,2
1276,201,1,2
1276,202,1,2
1276,203,1,2
1276,204,1,2
1276,205,1,2
1276,206,1,2
1276,207,1,2
1276,208,1,2
1276,209,1,2
1276,210,1,2
1276,211,1,2
1276,212,1,2
1276,213,1,2
1276,214,1,2
1276,215,1,2
1276,216,1,2
1276,217,1,2
1276,218,1,2
1276,219,1,2
1276,220,1,2
1276,221,1,2
1276,222,1,2
1276,223,1,2
1276,224,1,2
1276,225,1,2
1276,226,1,2
1276,227,1,2
1276,228,1,2
1276,229,1,2
1276,230,1,2
1276,231,1,2
1276,232,1,2
1276,233,1,2
1276,234,1,2
1276,235,1,2
1276,236,1,2
1276,237,1,2
1276,238,1,2
1276,239,1,2
1276,240,1,2
1276,241,1,2
1276,242,1,2
1276,243,1,2
1276,244,1,2
1276,245,1,2
1276,246,1,2
1276,247,1,2
1276,248,1,2
1276,249,1,2
1276,250,1,2
1276,251,1,2
1276,252,1,2
1276,253,1,2
1276,254,1,2
1276,255,1,2
1276,256,1,2
1276,257,1,2
1276,258,1,2
1276,259,1,2
1276,260,1,2
1276,261,1,2
1276,262,1,2
1276,263,1,2
1276,264,1,2
1276,265,1,2
1276,266,1,2
1276,267,1,2
1276,268,1,2
1276,269,1,2
1276,270,1,2
1276,271,1,2
1276,272,1,2
1276,273,1,2
1276,274,1,2
1276,275,1,2
1276,276,1,2
1276,277,1,2
1276,278,1,2
1276,279,1,2
1276,280,1,2
1276,281,1,2
1276,282,1,2
1276,283,1,2
1276,284,1,2
1276,285,1,2
1276,286,1,2
1276,287,1,2
1276,288,1,2
1276,289,1,2
1276,290,1,2
1276,291,1,2
1276,292,1,2
1276,293,1,2
1276,294,1,2
1276,295,1,2
1276,296,1,2
1276,297,1,2
1276,298,1,2
1276,299,1,2
1276,300,1,2
1276,301,1,2
1276,302,1,2
1276,303,1,2
1276,304,1,2
1276,305,1,2
1276,306,1,2
1276,307,1,2
1276,308,1,2
1276,309,1,2
1276,310,1,2
1276,311,1,2
1276,312,1,2
1276,313,1,2
1276,314,1,2
1276,315,1,2
1276,316,1,2
1276,317,1,2
1276,318,1,2
1276,319,1,2
1276,320,1,2
1276,321,1,2
1276,322,1,2
1276,323,1,2
1276,324,1,2
1276,325,1,2
1276,326,1,2
1276,327,1,2
1276,328,1,2
1276,329,1,2
1276,330,1,2
1276,331,1,2
1276,332,1,2
1276,333,1,2
1276,334,1,2
1276,335,1,2
1276,336,1,2
1276,337,1,2
1276,338,1,2
1276,339,1,2
1276,340,1,2
1276,341,1,2
1276,342,1,2
1276,343,1,2
1276,344,1,2
1276,345,1,2
1276,346,1,2
1276,347,1,2
1276,348,1,2
1276,349,1,2
1276,350,1,2
1276,351,1,2
1276,352,1,2
1276,353,1,2
1276,354,1,2
1276,355,1,2
1276,356,1,2
1276,357,1,2
1276,358,1,2
1276,359,1,2
1276,360,1,2
1276,361,1,2
1276,362,1,2
1276,363,1,2
1276,364,1,2
1276,365,1,2
1276,366,1,2
1276,367,1,2
1276,368,1,2
1276,369,1,2
1276,370,1,2
1276,371,1,2
1276,372,1,2
1276,373,1,2
1276,374,1,2
1276,375,1,2
1276,376,1,2
1276,377,1,2
1276,378,1,2
1276,379,1,2
1276,380,1,2
1276,381,1,2
1276,382,1,2
1276,383,1,2
1276,384,1,2
1276,385,1,2
1276,386,1,2
1276,387,1,2
1276,388,1,2
1276,389,1,2
1276,390,1,2
1276,391,1,2
1276,392,1,2
1276,393,1,2
1276,394,1,2
1276,395,1,2
1276,396,1,2
1276,397,1,2
1276,398,1,2
1276,399,1,2
1276,400,1,2
1276,401,1,2
1276,402,1,2
1276,403,1,2
1276,404,1,2
1276,405,1,2
1276,406,1,2
1276,407,1,2
1276,408,1,2
1276,409,1,2
1276,410,1,2
1276,411,1,2
1276,412,1,2
1276,413,1,2
1276,414,1,2
1276,415,1,2
1276,416,1,2
1276,417,1,2
1276,418,1,2
1276,419,1,2
1276,420,1,2
1276,421,1,2
1276,422,1,2
1276,423,1,2
1276,424,1,2
1276,425,1,2
1276,426,1,2
1276,427,1,2
1276,428,1,2
1276,429,1,2
1276,430,1,2
1276,431,1,2
1276,432,1,2
1276,433,1,2
1276,434,1,2
1276,435,1,2
1276,436,1,2
1276,437,1,2
1276,438,1,2
1276,439,1,2
1276,440,1,2
1276,441,1,2
1276,442,1,2
1276,443,1,2
1276,444,1,2
1276,445,1,2
1276,446,1,2
1276,447,1,2
1276,448,1,2
1276,449,1,2
1276,450,1,2
1276,451,1,2
1276,452,1,2
1276,453,1,2
1276,454,1,2
1276,455,1,2
1276,456,1,2
1276,457,1,2
1276,458,1,2
1276,459,1,2
1277,119,1,3
1277,120,1,3
1277,121,1,3
1277,122,1,2
1277,123,1,2
1277,124,1,2
1277,125,1,2
1277,126,1,2
1277,127,1,2
1277,128,1,2
1277,129,1,2
1277,130,1,2
1277,131,1,2
1277,132,1,2
1277,133,1,2
1277,134,1,2
1277,135,1,2
1277,136,1,2
1277,137,1,2
1277,138,1,2
1277,139,1,2
1277,140,1,2
1277,141,1,2
1277,142,1,2
1277,143,1,2
1277,144,1,2
1277,145,1,2
1277,146,1,2
1277,147,1,2
1277,148,1,2
1277,149,1,2
1277,150,1,2
1277,151,1,2
1277,152,1,2
1277,153,1,2
1277,154,1,2
1277,155,1,2
1277,156,1,2
1277,157,1,2
1277,158,1,2
1277,159,1,2
1277,160,1,2
1277,161,1,2
1277,162,1,2
1277,163,1,2
1277,164,1,2
1277,165,1,2
1277,166,1,2
1277,167,1,2
1277,168,1,2
1277,169,1,2
1277,170,1,2
1277,171,1,2
1277,172,1,2
1277,173,1,2
1277,174,1,2
1277,175,1,2
1277,176,1,2
1277,177,1,2
1277,178,1,2
1277,179,1,2
1277,180,1,2
1277,181,1,2
1277,182,1,2
1277,183,1,2
1277,184,1,2
1277,185,1,2
1277,186,1,2
1277,187,1,2
1277,188,1,2
1277,189,1,2
1277,190,1,2
1277,191,1,2
1277,192,1,2
1277,193,1,2
1277,194,1,2
1277,195,1,2
1277,196,1,2
1277,197,1,2
1277,198,1,2
1277,199,1,2
1277,200,1,2
1277,201,1,2
1277,202,1,2
1277,203,1,2
1277,204,1,2
1277,205,1,2
1277,206,1,2
1277,207,1,2
1277,208,1,2
1277,209,1,2
1277,210,1,2
1277,211,1,2
1277,212,1,2
1277,213,1,2
1277,214,1,2
1277,215,1,2
1277,216,1,2
1277,217,1,2
1277,218,1,2
1277,219,1,2
1277,220,1,2
1277,221,1,2
1277,222,1,2
1277,223,1,2
1277,224,1,2
1277,225,1,2
1277,226,1,2
1277,227,1,2
1277,228,1,2
1277,229,1,2
1277,230,1,2
1277,231,1,2
1277,232,1,2
1277,233,1,2
1277,234,1,2
1277,235,1,2
1277,236,1,2
1277,237,1,2
1277,238,1,2
1277,239,1,2
1277,240,1,2
1277,241,1,2
1277,242,1,2
1277,243,1,2
1277,244,1,2
1277,245,1,2
1277,246,1,2
1277,247,1,2
1277,248,1,2
1277,249,1,2
1277,250,1,2
1277,251,1,2
1277,252,1,2
1277,253,1,2
1277,254,1,2
1277,255,1,2
1277,256,1,2
1277,257,1,2
1277,258,1,2
1277,259,1,2
1277,260,1,2
1277,261,1,2
1277,262,1,2
1277,263,1,2
1277,264,1,2
1277,265,1,2
1277,266,1,2
1277,267,1,2
1277,268,1,2
1277,269,1,2
1277,270,1,2
1277,271,1,2
1277,272,1,2
1277,273,1,2
1277,274,1,2
1277,275,1,2
1277,276,1,2
1277,277,1,2
1277,278,1,2
1277,279,1,2
1277,280,1,2
1277,281,1,2
1277,282,1,2
1277,283,1,2
1277,284,1,2
1277,285,1,2
1277,286,1,2
1277,287,1,2
1277,288,1,2
1277,289,1,2
1277,290,1,2
1277,291,1,2
1277,292,1,2
1277,293,1,2
1277,294,1,2
1277,295,1,2
1277,296,1,2
1277,297,1,2
1277,298,1,2
1277,299,1,2
1277,300,1,2
1277,301,1,2
1277,302,1,2
1277,303,1,2
1277,304,1,2
1277,305,1,2
1277,306,1,2
1277,307,1,2
1277,308,1,2
1277,309,1,2
1277,310,1,2
1277,311,1,2
1277,312,1,2
1277,313,1,2
1277,314,1,2
1277,315,1,2
1277,316,1,2
1277,317,1,2
1277,318,1,2
1277,319,1,2
1277,320,1,2
1277,321,1,2
1277,322,1,2
1277,323,1,2
1277,324,1,2
1277,325,1,2
1277,326,1,2
1277,327,1,2
1277,328,1,2
1277,329,1,2
1277,330,1,2
1277,331,1,2
1277,332,1,2
1277,333,1,2
1277,334,1,2
1277,335,1,2
1277,336,1,2
1277,337,1,2
1277,338,1,2
1277,339,1,2
1277,340,1,2
1277,341,1,2
1277,342,1,2
1277,343,1,2
1277,344,1,2
1277,345,1,2
1277,346,1,2
1277,347,1,2
1277,348,1,2
1277,349,1,2
1277,350,1,2
1277,351,1,2
1277,352,1,2
1277,353,1,2
1277,354,1,2
1277,355,1,2
1277,356,1,2
1277,357,1,2
1277,358,1,2
1277,359,1,2
1277,360,1,2
1277,361,1,2
1277,362,1,2
1277,363,1,2
1277,364,1,2
1277,365,1,2
1277,366,1,2
1277,367,1,2
1277,368,1,2
1277,369,1,2
1277,370,1,2
1277,371,1,2
1277,372,1,2
1277,373,1,2
1277,374,1,2
1277,375,1,2
1277,376,1,2
1277,377,1,2
1277,378,1,2
1277,379,1,2
1277,380,1,2
1277,381,1,2
1277,382,1,2
1277,383,1,2
1277,384,1,2
1277,385,1,2
1277,386,1,2
1277,387,1,2
1277,388,1,2
1277,389,1,2
1277,390,1,2
1277,391,1,2
1277,392,1,2
1277,393,1,2
1277,394,1,2
1277,395,1,2
1277,396,1,2
1277,397,1,2
1277,398,1,2
1277,399,1,2
1277,400,1,2
1277,401,1,2
1277,402,1,2
1277,403,1,2
1277,404,1,2
1277,405,1,2
1277,406,1,2
1277,407,1,2
1277,408,1,2
1277,409,1,2
1277,410,1,2
1277,411,1,2
1277,412,1,2
1277,413,1,2
1277,414,1,2
1277,415,1,2
1277,416,1,2
1277,417,1,2
1277,418,1,2
1277,419,1,2
1277,420,1,2
1277,421,1,2
1277,422,1,2
1277,423,1,2
1277,424,1,2
1277,425,1,2
1277,426,1,2
1277,427,1,2
1277,428,1,2
1277,429,1,2
1277,430,1,2
1277,431,1,2
1277,432,1,2
1277,433,1,2
1277,434,1,2
1277,435,1,2
1277,436,1,2
1277,437,1,2
1277,438,1,2
1277,439,1,2
1277,440,1,2
1277,441,1,2
1277,442,1,2
1277,443,1,2
1277,444,1,2
1277,445,1,2
1277,446,1,2
1277,447,1,2
1277,448,1,2
1277,449,1,2
1277,450,1,2
1277,451,1,2
1277,452,1,2
1277,453,1,2
1277,454,1,2
1277,455,1,2
1277,456,1,2
1277,457,1,2
1277,458,1,2
1277,459,1,2
1277,460,1,2
1278,119,1,3
1278,120,1,3
1278,121,1,3
1278,122,1,3
1278,123,1,2
1278,124,1,2
1278,125,1,2
1278,126,1,2
1278,127,1,2
1278,128,1,2
1278,129,1,2
1278,130,1,2
1278,131,1,2
1278,132,1,2
1278,133,1,2
1278,134,1,2
1278,135,1,2
1278,136,1,2
1278,137,1,2
1278,138,1,2
1278,139,1,2
1278,140,1,2
1278,141,1,2
1278,142,1,2
1278,143,1,2
1278,144,1,2
1278,145,1,2
1278,146,1,2
1278,147,1,2
1278,148,1,2
1278,149,1,2
1278,150,1,2
1278,151,1,2
1278,152,1,2
1278,153,1,2
1278,154,1,2
1278,155,1,2
1278,156,1,2
1278,157,1,2
1278,158,1,2
1278,159,1,2
1278,160,1,2
1278,161,1,2
1278,162,1,2
1278,163,1,2
1278,164,1,2
1278,165,1,2
1278,166,1,2
1278,167,1,2
1278,168,1,2
1278,169,1,2
1278,170,1,2
1278,171,1,2
1278,172,1,2
1278,173,1,2
1278,174,1,2
1278,175,1,2
1278,176,1,2
1278,177,1,2
1278,178,1,2
1278,179,1,2
1278,180,1,2
1278,181,1,2
1278,182,1,2
1278,183,1,2
1278,184,1,2
1278,185,1,2
1278,186,1,2
1278,187,1,2
1278,188,1,2
1278,189,1,2
1278,190,1,2
1278,191,1,2
1278,192,1,2
1278,193,1,2
1278,194,1,2
1278,195,1,2
1278,196,1,2
1278,197,1,2
1278,198,1,2
1278,199,1,2
1278,200,1,2
1278,201,1,2
1278,202,1,2
1278,203,1,2
1278,204,1,2
1278,205,1,2
1278,206,1,2
1278,207,1,2
1278,208,1,2
1278,209,1,2
1278,210,1,2
1278,211,1,2
1278,212,1,2
1278,213,1,2
1278,214,1,2
1278,215,1,2
1278,216,1,2
1278,217,1,2
1278,218,1,2
1278,219,1,2
1278,220,1,2
1278,221,1,2
1278,222,1,2
1278,223,1,2
1278,224,1,2
1278,225,1,2
1278,226,1,2
1278,227,1,2
1278,228,1,2
1278,229,1,2
1278,230,1,2
1278,231,1,2
1278,232,1,2
1278,233,1,2
1278,234,1,2
1278,235,1,2
1278,236,1,2
1278,237,1,2
1278,238,1,2
1278,239,1,2
1278,240,1,2
1278,241,1,2
1278,242,1,2
1278,243,1,2
1278,244,1,2
1278,245,1,2
1278,246,1,2
1278,247,1,2
1278,248,1,2
1278,249,1,2
1278,250,1,2
1278,251,1,2
1278,252,1,2
1278,253,1,2
1278,254,1,2
1278,255,1,2
1278,256,1,2
1278,257,1,2
1278,258,1,2
1278,259,1,2
1278,260,1,2
1278,261,1,2
1278,262,1,2
1278,263,1,2
1278,264,1,2
1278,265,1,2
1278,266,1,2
1278,267,1,2
1278,268,1,2
1278,269,1,2
1278,270,1,2
1278,271,1,2
1278,272,1,2
1278,273,1,2
1278,274,1,2
1278,275,1,2
1278,276,1,2
1278,277,1,2
1278,278,1,2
1278,279,1,2
1278,280,1,2
1278,281,1,2
1278,282,1,2
1278,283,1,2
1278,284,1,2
1278,285,1,2
1278,286,1,2
1278,287,1,2
1278,288,1,2
1278,289,1,2
1278,290,1,2
1278,291,1,2
1278,292,1,2
1278,293,1,2
1278,294,1,2
1278,295,1,2
1278,296,1,2
1278,297,1,2
1278,298,1,2
1278,299,1,2
1278,300,1,2
1278,301,1,2
1278,302,1,2
1278,303,1,2
1278,304,1,2
1278,305,1,2
1278,306,1,2
1278,307,1,2
1278,308,1,2
1278,309,1,2
1278,310,1,2
1278,311,1,2
1278,312,1,2
1278,313,1,2
1278,314,1,2
1278,315,1,2
1278,316,1,2
1278,317,1,2
1278,318,1,2
1278,319,1,2
1278,320,1,2
1278,321,1,2
1278,322,1,2
1278,323,1,2
1278,324,1,2
1278,325,1,2
1278,326,1,2
1278,327,1,2
1278,328,1,2
1278,329,1,2
1278,330,1,2
1278,331,1,2
1278,332,1,2
1278,333,1,2
1278,334,1,2
1278,335,1,2
1278,336,1,2
1278,337,1,2
1278,338,1,2
1278,339,1,2
1278,340,1,2
1278,341,1,2
1278,342,1,2
1278,343,1,2
1278,344,1,2
1278,345,1,2
1278,346,1,2
1278,347,1,2
1278,348,1,2
1278,349,1,2
1278,350,1,2
1278,351,1,2
1278,352,1,2
1278,353,1,2
1278,354,1,2
1278,355,1,2
1278,356,1,2
1278,357,1,2
1278,358,1,2
1278,359,1,2
1278,360,1,2
1278,361,1,2
1278,362,1,2
1278,363,1,2
1278,364,1,2
1278,365,1,2
1278,366,1,2
1278,367,1,2
1278,368,1,2
1278,369,1,2
1278,370,1,2
1278,371,1,2
1278,372,1,2
1278,373,1,2
1278,374,1,2
1278,375,1,2
1278,376,1,2
1278,377,1,2
1278,378,1,2
1278,379,1,2
1278,380,1,2
1278,381,1,2
1278,382,1,2
1278,383,1,2
1278,384,1,2
1278,385,1,2
1278,386,1,2
1278,387,1,2
1278,388,1,2
1278,389,1,2
1278,390,1,2
1278,391,1,2
1278,392,1,2
1278,393,1,2
1278,394,1,2
1278,395,1,2
1278,396,1,2
1278,397,1,2
1278,398,1,2
1278,399,1,2
1278,400,1,2
1278,401,1,2
1278,402,1,2
1278,403,1,2
1278,404,1,2
1278,405,1,2
1278,406,1,2
1278,407,1,2
1278,408,1,2
1278,409,1,2
1278,410,1,2
1278,411,1,2
1278,412,1,2
1278,413,1,2
1278,414,1,2
1278,415,1,2
1278,416,1,2
1278,417,1,2
1278,418,1,2
1278,419,1,2
1278,420,1,2
1278,421,1,2
1278,422,1,2
1278,423,1,2
1278,424,1,2
1278,425,1,2
1278,426,1,2
1278,427,1,2
1278,428,1,2
1278,429,1,2
1278,430,1,2
1278,431,1,2
1278,432,1,2
1278,433,1,2
1278,434,1,2
1278,435,1,2
1278,436,1,2
1278,437,1,2
1278,438,1,2
1278,439,1,2
1278,440,1,2
1278,441,1,2
1278,442,1,2
1278,443,1,2
1278,444,1,2
1278,445,1,2
1278,446,1,2
1278,447,1,2
1278,448,1,2
1278,449,1,2
1278,450,1,2
1278,451,1,2
1278,452,1,2
1278,453,1,2
1278,454,1,2
1278,455,1,2
1278,456,1,2
1278,457,1,2
1278,458,1,2
1278,459,1,2
1278,460,1,2
1278,461,1,2
1279,119,1,3
1279,120,1,3
1279,121,1,3
1279,122,1,3
1279,123,1,2
1279,124,1,2
1279,125,1,2
1279,126,1,2
1279,127,1,2
1279,128,1,2
1279,129,1,2
1279,130,1,2
1279,131,1,2
1279,132,1,2
1279,133,1,2
1279,134,1,2
1279,135,1,2
1279,136,1,2
1279,137,1,2
1279,138,1,2
1279,139,1,2
1279,140,1,2
1279,141,1,2
1279,142,1,2
1279,143,1,2
1279,144,1,2
1279,145,1,2
1279,146,1,2
1279,147,1,2
1279,148,1,2
1279,149,1,2
1279,150,1,2
1279,151,1,2
1279,152,1,2
1279,153,1,2
1279,154,1,2
1279,155,1,2
1279,156,1,2
1279,157,1,2
1279,158,1,2
1279,159,1,2
1279,160,1,2
1279,161,1,2
1279,162,1,2
1279,163,1,2
1279,164,1,2
1279,165,1,2
1279,166,1,2
1279,167,1,2
1279,168,1,2
1279,169,1,2
1279,170,1,2
1279,171,1,2
1279,172,1,2
1279,173,1,2
1279,174,1,2
1279,175,1,2
1279,176,1,2
1279,177,1,2
1279,178,1,2
1279,179,1,2
1279,180,1,2
1279,181,1,2
1279,182,1,2
1279,183,1,2
1279,184,1,2
1279,185,1,2
1279,186,1,2
1279,187,1,2
1279,188,1,2
1279,189,1,2
1279,190,1,2
1279,191,1,2
1279,192,1,2
1279,193,1,2
1279,194,1,2
1279,195,1,2
1279,196,1,2
1279,197,1,2
1279,198,1,2
1279,199,1,2
1279,200,1,2
1279,201,1,2
1279,202,1,2
1279,203,1,2
1279,204,1,2
1279,205,1,2
1279,206,1,2
1279,207,1,2
1279,208,1,2
1279,209,1,2
1279,210,1,2
1279,211,1,2
1279,212,1,2
1279,213,1,2
1279,214,1,2
1279,215,1,2
1279,216,1,2
1279,217,1,2
1279,218,1,2
1279,219,1,2
1279,220,1,2
1279,221,1,2
1279,222,1,2
1279,223,1,2
1279,224,1,2
1279,225,1,2
1279,226,1,2
1279,227,1,2
1279,228,1,2
1279,229,1,2
1279,230,1,2
1279,231,1,2
1279,232,1,2
1279,233,1,2
1279,234,1,2
1279,235,1,2
1279,236,1,2
1279,237,1,2
1279,238,1,2
1279,239,1,2
1279,240,1,2
1279,241,1,2
1279,242,1,2
1279,243,1,2
1279,244,1,2
1279,245,1,2
1279,246,1,2
1279,247,1,2
1279,248,1,2
1279,249,1,2
1279,250,1,2
1279,251,1,2
1279,252,1,2
1279,253,1,2
1279,254,1,2
1279,255,1,2
1279,256,1,2
1279,257,1,2
1279,258,1,2
1279,259,1,2
1279,260,1,2
1279,261,1,2
1279,262,1,2
1279,263,1,2
1279,264,1,2
1279,265,1,2
1279,266,1,2
1279,267,1,2
1279,268,1,2
1279,269,1,2
1279,270,1,2
1279,271,1,2
1279,272,1,2
1279,273,1,2
1279,274,1,2
1279,275,1,2
1279,276,1,2
1279,277,1,2
1279,278,1,2
1279,279,1,2
1279,280,1,2
1279,281,1,2
1279,282,1,2
1279,283,1,2
1279,284,1,2
1279,285,1,2
1279,286,1,2
1279,287,1,2
1279,288,1,2
1279,289,1,2
1279,290,1,2
1279,291,1,2
1279,292,1,2
1279,293,1,2
1279,294,1,2
1279,295,1,2
1279,296,1,2
1279,297,1,2
1279,298,1,2
1279,299,1,2
1279,300,1,2
1279,301,1,2
1279,302,1,2
1279,303,1,2
1279,304,1,2
1279,305,1,2
1279,306,1,2
1279,307,1,2
1279,308,1,2
1279,309,1,2
1279,310,1,2
1279,311,1,2
1279,312,1,2
1279,313,1,2
1279,314,1,2
1279,315,1,2
1279,316,1,2
1279,317,1,2
1279,318,1,2
1279,319,1,2
1279,320,1,2
1279,321,1,2
1279,322,1,2
1279,323,1,2
1279,324,1,2
1279,325,1,2
1279,326,1,2
1279,327,1,2
1279,328,1,2
1279,329,1,2
1279,330,1,2
1279,331,1,2
1279,332,1,2
1279,333,1,2
1279,334,1,2
1279,335,1,2
1279,336,1,2
1279,337,1,2
1279,338,1,2
1279,339,1,2
1279,340,1,2
1279,341,1,2
1279,342,1,2
1279,343,1,2
1279,344,1,2
1279,345,1,2
1279,346,1,2
1279,347,1,2
1279,348,1,2
1279,349,1,2
1279,350,1,2
1279,351,1,2
1279,352,1,2
1279,353,1,2
1279,354,1,2
1279,355,1,2
1279,356,1,2
1279,357,1,2
1279,358,1,2
1279,359,1,2
1279,360,1,2
1279,361,1,2
1279,362,1,2
1279,363,1,2
1279,364,1,2
1279,365,1,2
1279,366,1,2
1279,367,1,2
1279,368,1,2
1279,369,1,2
1279,370,1,2
1279,371,1,2
1279,372,1,2
1279,373,1,2
1279,374,1,2
1279,375,1,2
1279,376,1,2
1279,377,1,2
1279,378,1,2
1279,379,1,2
1279,380,1,2
1279,381,1,2
1279,382,1,2
1279,383,1,2
1279,384,1,2
1279,385,1,2
1279,386,1,2
1279,387,1,2
1279,388,1,2
1279,389,1,2
1279,390,1,2
1279,391,1,2
1279,392,1,2
1279,393,1,2
1279,394,1,2
1279,395,1,2
1279,396,1,2
1279,397,1,2
1279,398,1,2
1279,399,1,2
1279,400,1,2
1279,401,1,2
1279,402,1,2
1279,403,1,2
1279,404,1,2
1279,405,1,2
1279,406,1,2
1279,407,1,2
1279,408,1,2
1279,409,1,2
1279,410,1,2
1279,411,1,2
1279,412,1,2
1279,413,1,2
1279,414,1,2
1279,415,1,2
1279,416,1,2
1279,417,1,2
1279,418,1,2
1279,419,1,2
1279,420,1,2
1279,421,1,2
1279,422,1,2
1279,423,1,2
1279,424,1,2
1279,425,1,2
1279,426,1,2
1279,427,1,2
1279,428,1,2
1279,429,1,2
1279,430,1,2
1279,431,1,2
1279,432,1,2
1279,433,1,2
1279,434,1,2
1279,435,1,2
1279,436,1,2
1279,437,1,2
1279,438,1,2
1279,439,1,2
1279,440,1,2
1279,441,1,2
1279,442,1,2
1279,443,1,2
1279,444,1,2
1279,445,1,2
1279,446,1,2
1279,447,1,2
1279,448,1,2
1279,449,1,2
1279,450,1,2
1279,451,1,2
1279,452,1,2
1279,453,1,2
1279,454,1,2
1279,455,1,2
1279,456,1,2
1279,457,1,2
1279,458,1,2
1279,459,1,2
1279,460,1,2
1279,461,1,2
1279,462,1,2
1280,118,1,3
1280,119,1,3
1280,120,1,3
1280,121,1,3
1280,122,1,3
1280,123,1,3
1280,124,1,2
1280,125,1,2
1280,126,1,2
1280,127,1,2
1280,128,1,2
1280,129,1,2
1280,130,1,2
1280,131,1,2
1280,132,1,2
1280,133,1,2
1280,134,1,2
1280,135,1,2
1280,136,1,2
1280,137,1,2
1280,138,1,2
1280,139,1,2
1280,140,1,2
1280,141,1,2
1280,142,1,2
1280,143,1,2
1280,144,1,2
1280,145,1,2
1280,146,1,2
1280,147,1,2
1280,148,1,2
1280,149,1,2
1280,150,1,2
1280,151,1,2
1280,152,1,2
1280,153,1,2
1280,154,1,2
1280,155,1,2
1280,156,1,2
1280,157,1,2
1280,158,1,2
1280,159,1,2
1280,160,1,2
1280,161,1,2
1280,162,1,2
1280,163,1,2
1280,164,1,2
1280,165,1,2
1280,166,1,2
1280,167,1,2
1280,168,1,2
1280,169,1,2
1280,170,1,2
1280,171,1,2
1280,172,1,2
1280,173,1,2
1280,174,1,2
1280,175,1,2
1280,176,1,2
1280,177,1,2
1280,178,1,2
1280,179,1,2
1280,180,1,2
1280,181,1,2
1280,182,1,2
1280,183,1,2
1280,184,1,2
1280,185,1,2
1280,186,1,2
1280,187,1,2
1280,188,1,2
1280,189,1,2
1280,190,1,2
1280,191,1,2
1280,192,1,2
1280,193,1,2
1280,194,1,2
1280,195,1,2
1280,196,1,2
1280,197,1,2
1280,198,1,2
1280,199,1,2
1280,200,1,2
1280,201,1,2
1280,202,1,2
1280,203,1,2
1280,204,1,2
1280,205,1,2
1280,206,1,2
1280,207,1,2
1280,208,1,2
1280,209,1,2
1280,210,1,2
1280,211,1,2
1280,212,1,2
1280,213,1,2
1280,214,1,2
1280,215,1,2
1280,216,1,2
1280,217,1,2
1280,218,1,2
1280,219,1,2
1280,220,1,2
1280,221,1,2
1280,222,1,2
1280,223,1,2
1280,224,1,2
1280,225,1,2
1280,226,1,2
1280,227,1,2
1280,228,1,2
1280,229,1,2
1280,230,1,2
1280,231,1,2
1280,232,1,2
1280,233,1,2
1280,234,1,2
1280,235,1,2
1280,236,1,2
1280,237,1,2
1280,238,1,2
1280,239,1,2
1280,240,1,2
1280,241,1,2
1280,242,1,2
1280,243,1,2
1280,244,1,2
1280,245,1,2
1280,246,1,2
1280,247,1,2
1280,248,1,2
1280,249,1,2
1280,250,1,2
1280,251,1,2
1280,252,1,2
1280,253,1,2
1280,254,1,2
1280,255,1,2
1280,256,1,2
1280,257,1,2
1280,258,1,2
1280,259,1,2
1280,260,1,2
1280,261,1,2
1280,262,1,2
1280,263,1,2
1280,264,1,2
1280,265,1,2
1280,266,1,2
1280,267,1,2
1280,268,1,2
1280,269,1,2
1280,270,1,2
1280,271,1,2
1280,272,1,2
1280,273,1,2
1280,274,1,2
1280,275,1,2
1280,276,1,2
1280,277,1,2
1280,278,1,2
1280,279,1,2
1280,280,1,2
1280,281,1,2
1280,282,1,2
1280,283,1,2
1280,284,1,2
1280,285,1,2
1280,286,1,2
1280,287,1,2
1280,288,1,2
1280,289,1,2
1280,290,1,2
1280,291,1,2
1280,292,1,2
1280,293,1,2
1280,294,1,2
1280,295,1,2
1280,296,1,2
1280,297,1,2
1280,298,1,2
1280,299,1,2
1280,300,1,2
1280,301,1,2
1280,302,1,2
1280,303,1,2
1280,304,1,2
1280,305,1,2
1280,306,1,2
1280,307,1,2
1280,308,1,2
1280,309,1,2
1280,310,1,2
1280,311,1,2
1280,312,1,2
1280,313,1,2
1280,314,1,2
1280,315,1,2
1280,316,1,2
1280,317,1,2
1280,318,1,2
1280,319,1,2
1280,320,1,2
1280,321,1,2
1280,322,1,2
1280,323,1,2
1280,324,1,2
1280,325,1,2
1280,326,1,2
1280,327,1,2
1280,328,1,2
1280,329,1,2
1280,330,1,2
1280,331,1,2
1280,332,1,2
1280,333,1,2
1280,334,1,2
1280,335,1,2
1280,336,1,2
1280,337,1,2
1280,338,1,2
1280,339,1,2
1280,340,1,2
1280,341,1,2
1280,342,1,2
1280,343,1,2
1280,344,1,2
1280,345,1,2
1280,346,1,2
1280,347,1,2
1280,348,1,2
1280,349,1,2
1280,350,1,2
1280,351,1,2
1280,352,1,2
1280,353,1,2
1280,354,1,2
1280,355,1,2
1280,356,1,2
1280,357,1,2
1280,358,1,2
1280,359,1,2
1280,360,1,2
1280,361,1,2
1280,362,1,2
1280,363,1,2
1280,364,1,2
1280,365,1,2
1280,366,1,2
1280,367,1,2
1280,368,1,2
1280,369,1,2
1280,370,1,2
1280,371,1,2
1280,372,1,2
1280,373,1,2
1280,374,1,2
1280,375,1,2
1280,376,1,2
1280,377,1,2
1280,378,1,2
1280,379,1,2
1280,380,1,2
1280,381,1,2
1280,382,1,2
1280,383,1,2
1280,384,1,2
1280,385,1,2
1280,386,1,2
1280,387,1,2
1280,388,1,2
1280,389,1,2
1280,390,1,2
1280,391,1,2
1280,392,1,2
1280,393,1,2
1280,394,1,2
1280,395,1,2
1280,396,1,2
1280,397,1,2
1280,398,1,2
1280,399,1,2
1280,400,1,2
1280,401,1,2
1280,402,1,2
1280,403,1,2
1280,404,1,2
1280,405,1,2
1280,406,1,2
1280,407,1,2
1280,408,1,2
1280,409,1,2
1280,410,1,2
1280,411,1,2
1280,412,1,2
1280,413,1,2
1280,414,1,2
1280,415,1,2
1280,416,1,2
1280,417,1,2
1280,418,1,2
1280,419,1,2
1280,420,1,2
1280,421,1,2
1280,422,1,2
1280,423,1,2
1280,424,1,2
1280,425,1,2
1280,426,1,2
1280,427,1,2
1280,428,1,2
1280,429,1,2
1280,430,1,2
1280,431,1,2
1280,432,1,2
1280,433,1,2
1280,434,1,2
1280,435,1,2
1280,436,1,2
1280,437,1,2
1280,438,1,2
1280,439,1,2
1280,440,1,2
1280,441,1,2
1280,442,1,2
1280,443,1,2
1280,444,1,2
1280,445,1,2
1280,446,1,2
1280,447,1,2
1280,448,1,2
1280,449,1,2
1280,450,1,2
1280,451,1,2
1280,452,1,2
1280,453,1,2
1280,454,1,2
1280,455,1,2
1280,456,1,2
1280,457,1,2
1280,458,1,2
1280,459,1,2
1280,460,1,2
1280,461,1,2
1280,462,1,2
1280,463,1,2
1281,117,1,3
1281,118,1,3
1281,119,1,3
1281,120,1,3
1281,121,1,3
1281,122,1,3
1281,123,1,3
1281,124,1,3
1281,125,1,2
1281,126,1,2
1281,127,1,2
1281,128,1,2
1281,129,1,2
1281,130,1,2
1281,131,1,2
1281,132,1,2
1281,133,1,2
1281,134,1,2
1281,135,1,2
1281,136,1,2
1281,137,1,2
1281,138,1,2
1281,139,1,2
1281,140,1,2
1281,141,1,2
1281,142,1,2
1281,143,1,2
1281,144,1,2
1281,145,1,2
1281,146,1,2
1281,147,1,2
1281,148,1,2
1281,149,1,2
1281,150,1,2
1281,151,1,2
1281,152,1,2
1281,153,1,2
1281,154,1,2
1281,155,1,2
1281,156,1,2
1281,157,1,2
1281,158,1,2
1281,159,1,2
1281,160,1,2
1281,161,1,2
1281,162,1,2
1281,163,1,2
1281,164,1,2
1281,165,1,2
1281,166,1,2
1281,167,1,2
1281,168,1,2
1281,169,1,2
1281,170,1,2
1281,171,1,2
1281,172,1,2
1281,173,1,2
1281,174,1,2
1281,175,1,2
1281,176,1,2
1281,177,1,2
1281,178,1,2
1281,179,1,2
1281,180,1,2
1281,181,1,2
1281,182,1,2
1281,183,1,2
1281,184,1,2
1281,185,1,2
1281,186,1,2
1281,187,1,2
1281,188,1,2
1281,189,1,2
1281,190,1,2
1281,191,1,2
1281,192,1,2
1281,193,1,2
1281,194,1,2
1281,195,1,2
1281,196,1,2
1281,197,1,2
1281,198,1,2
1281,199,1,2
1281,200,1,2
1281,201,1,2
1281,202,1,2
1281,203,1,2
1281,204,1,2
1281,205,1,2
1281,206,1,2
1281,207,1,2
1281,208,1,2
1281,209,1,2
1281,210,1,2
1281,211,1,2
1281,212,1,2
1281,213,1,2
1281,214,1,2
1281,215,1,2
1281,216,1,2
1281,217,1,2
1281,218,1,2
1281,219,1,2
1281,220,1,2
1281,221,1,2
1281,222,1,2
1281,223,1,2
1281,224,1,2
1281,225,1,2
1281,226,1,2
1281,227,1,2
1281,228,1,2
1281,229,1,2
1281,230,1,2
1281,231,1,2
1281,232,1,2
1281,233,1,2
1281,234,1,2
1281,235,1,2
1281,236,1,2
1281,237,1,2
1281,238,1,2
1281,239,1,2
1281,240,1,2
1281,241,1,2
1281,242,1,2
1281,243,1,2
1281,244,1,2
1281,245,1,2
1281,246,1,2
1281,247,1,2
1281,248,1,2
1281,249,1,2
1281,250,1,2
1281,251,1,2
1281,252,1,2
1281,253,1,2
1281,254,1,2
1281,255,1,2
1281,256,1,2
1281,257,1,2
1281,258,1,2
1281,259,1,2
1281,260,1,2
1281,261,1,2
1281,262,1,2
1281,263,1,2
1281,264,1,2
1281,265,1,2
1281,266,1,2
1281,267,1,2
1281,268,1,2
1281,269,1,2
1281,270,1,2
1281,271,1,2
1281,272,1,2
1281,273,1,2
1281,274,1,2
1281,275,1,2
1281,276,1,2
1281,277,1,2
1281,278,1,2
1281,279,1,2
1281,280,1,2
1281,281,1,2
1281,282,1,2
1281,283,1,2
1281,284,1,2
1281,285,1,2
1281,286,1,2
1281,287,1,2
1281,288,1,2
1281,289,1,2
1281,290,1,2
1281,291,1,2
1281,292,1,2
1281,293,1,2
1281,294,1,2
1281,295,1,2
1281,296,1,2
1281,297,1,2
1281,298,1,2
1281,299,1,2
1281,300,1,2
1281,301,1,2
1281,302,1,2
1281,303,1,2
1281,304,1,2
1281,305,1,2
1281,306,1,2
1281,307,1,2
1281,308,1,2
1281,309,1,2
1281,310,1,2
1281,311,1,2
1281,312,1,2
1281,313,1,2
1281,314,1,2
1281,315,1,2
1281,316,1,2
1281,317,1,2
1281,318,1,2
1281,319,1,2
1281,320,1,2
1281,321,1,2
1281,322,1,2
1281,323,1,2
1281,324,1,2
1281,325,1,2
1281,326,1,2
1281,327,1,2
1281,328,1,2
1281,329,1,2
1281,330,1,2
1281,331,1,2
1281,332,1,2
1281,333,1,2
1281,334,1,2
1281,335,1,2
1281,336,1,2
1281,337,1,2
1281,338,1,2
1281,339,1,2
1281,340,1,2
1281,341,1,2
1281,342,1,2
1281,343,1,2
1281,344,1,2
1281,345,1,2
1281,346,1,2
1281,347,1,2
1281,348,1,2
1281,349,1,2
1281,350,1,2
1281,351,1,2
1281,352,1,2
1281,353,1,2
1281,354,1,2
1281,355,1,2
1281,356,1,2
1281,357,1,2
1281,358,1,2
1281,359,1,2
1281,360,1,2
1281,361,1,2
1281,362,1,2
1281,363,1,2
1281,364,1,2
1281,365,1,2
1281,366,1,2
1281,367,1,2
1281,368,1,2
1281,369,1,2
1281,370,1,2
1281,371,1,2
1281,372,1,2
1281,373,1,2
1281,374,1,2
1281,375,1,2
1281,376,1,2
1281,377,1,2
1281,378,1,2
1281,379,1,2
1281,380,1,2
1281,381,1,2
1281,382,1,2
1281,383,1,2
1281,384,1,2
1281,385,1,2
1281,386,1,2
1281,387,1,2
1281,388,1,2
1281,389,1,2
1281,390,1,2
1281,391,1,2
1281,392,1,2
1281,393,1,2
1281,394,1,2
1281,395,1,2
1281,396,1,2
1281,397,1,2
1281,398,1,2
1281,399,1,2
1281,400,1,2
1281,401,1,2
1281,402,1,2
1281,403,1,2
1281,404,1,2
1281,405,1,2
1281,406,1,2
1281,407,1,2
1281,408,1,2
1281,409,1,2
1281,410,1,2
1281,411,1,2
1281,412,1,2
1281,413,1,2
1281,414,1,2
1281,415,1,2
1281,416,1,2
1281,417,1,2
1281,418,1,2
1281,419,1,2
1281,420,1,2
1281,421,1,2
1281,422,1,2
1281,423,1,2
1281,424,1,2
1281,425,1,2
1281,426,1,2
1281,427,1,2
1281,428,1,2
1281,429,1,2
1281,430,1,2
1281,431,1,2
1281,432,1,2
1281,433,1,2
1281,434,1,2
1281,435,1,2
1281,436,1,2
1281,437,1,2
1281,438,1,2
1281,439,1,2
1281,440,1,2
1281,441,1,2
1281,442,1,2
1281,443,1,2
1281,444,1,2
1281,445,1,2
1281,446,1,2
1281,447,1,2
1281,448,1,2
1281,449,1,2
1281,450,1,2
1281,451,1,2
1281,452,1,2
1281,453,1,2
1281,454,1,2
1281,455,1,2
1281,456,1,2
1281,457,1,2
1281,458,1,2
1281,459,1,2
1281,460,1,2
1281,461,1,2
1281,462,1,2
1281,463,1,2
1281,464,1,2
1281,465,1,2
1282,117,1,3
1282,118,1,3
1282,119,1,3
1282,120,1,3
1282,121,1,3
1282,122,1,3
1282,123,1,3
1282,124,1,3
1282,125,1,3
1282,126,1,3
1282,127,1,3
1282,128,1,2
1282,129,1,2
1282,130,1,2
1282,131,1,2
1282,132,1,2
1282,133,1,2
1282,134,1,2
1282,135,1,2
1282,136,1,2
1282,137,1,2
1282,138,1,2
1282,139,1,2
1282,140,1,2
1282,141,1,2
1282,142,1,2
1282,143,1,2
1282,144,1,2
1282,145,1,2
1282,146,1,2
1282,147,1,2
1282,148,1,2
1282,149,1,2
1282,150,1,2
1282,151,1,2
1282,152,1,2
1282,153,1,2
1282,154,1,2
1282,155,1,2
1282,156,1,2
1282,157,1,2
1282,158,1,2
1282,159,1,2
1282,160,1,2
1282,161,1,2
1282,162,1,2
1282,163,1,2
1282,164,1,2
1282,165,1,2
1282,166,1,2
1282,167,1,2
1282,168,1,2
1282,169,1,2
1282,170,1,2
1282,171,1,2
1282,172,1,2
1282,173,1,2
1282,174,1,2
1282,175,1,2
1282,176,1,2
1282,177,1,2
1282,178,1,2
1282,179,1,2
1282,180,1,2
1282,181,1,2
1282,182,1,2
1282,183,1,2
1282,184,1,2
1282,185,1,2
1282,186,1,2
1282,187,1,2
1282,188,1,2
1282,189,1,2
1282,190,1,2
1282,191,1,2
1282,192,1,2
1282,193,1,2
1282,194,1,2
1282,195,1,2
1282,196,1,2
1282,197,1,2
1282,198,1,2
1282,199,1,2
1282,200,1,2
1282,201,1,2
1282,202,1,2
1282,203,1,2
1282,204,1,2
1282,205,1,2
1282,206,1,2
1282,207,1,2
1282,208,1,2
1282,209,1,2
1282,210,1,2
1282,211,1,2
1282,212,1,2
1282,213,1,2
1282,214,1,2
1282,215,1,2
1282,216,1,2
1282,217,1,2
1282,218,1,2
1282,219,1,2
1282,220,1,2
1282,221,1,2
1282,222,1,2
1282,223,1,2
1282,224,1,2
1282,225,1,2
1282,226,1,2
1282,227,1,2
1282,228,1,2
1282,229,1,2
1282,230,1,2
1282,231,1,2
1282,232,1,2
1282,233,1,2
1282,234,1,2
1282,235,1,2
1282,236,1,2
1282,237,1,2
1282,238,1,2
1282,239,1,2
1282,240,1,2
1282,241,1,2
1282,242,1,2
1282,243,1,2
1282,244,1,2
1282,245,1,2
1282,246,1,2
1282,247,1,2
1282,248,1,2
1282,249,1,2
1282,250,1,2
1282,251,1,2
1282,252,1,2
1282,253,1,2
1282,254,1,2
1282,255,1,2
1282,256,1,2
1282,257,1,2
1282,258,1,2
1282,259,1,2
1282,260,1,2
1282,261,1,2
1282,262,1,2
1282,263,1,2
1282,264,1,2
1282,265,1,2
1282,266,1,2
1282,267,1,2
1282,268,1,2
1282,269,1,2
1282,270,1,2
1282,271,1,2
1282,272,1,2
1282,273,1,2
1282,274,1,2
1282,275,1,2
1282,276,1,2
1282,277,1,2
1282,278,1,2
1282,279,1,2
1282,280,1,2
1282,281,1,2
1282,282,1,2
1282,283,1,2
1282,284,1,2
1282,285,1,2
1282,286,1,2
1282,287,1,2
1282,288,1,2
1282,289,1,2
1282,290,1,2
1282,291,1,2
1282,292,1,2
1282,293,1,2
1282,294,1,2
1282,295,1,2
1282,296,1,2
1282,297,1,2
1282,298,1,2
1282,299,1,2
1282,300,1,2
1282,301,1,2
1282,302,1,2
1282,303,1,2
1282,304,1,2
1282,305,1,2
1282,306,1,2
1282,307,1,2
1282,308,1,2
1282,309,1,2
1282,310,1,2
1282,311,1,2
1282,312,1,2
1282,313,1,2
1282,314,1,2
1282,315,1,2
1282,316,1,2
1282,317,1,2
1282,318,1,2
1282,319,1,2
1282,320,1,2
1282,321,1,2
1282,322,1,2
1282,323,1,2
1282,324,1,2
1282,325,1,2
1282,326,1,2
1282,327,1,2
1282,328,1,2
1282,329,1,2
1282,330,1,2
1282,331,1,2
1282,332,1,2
1282,333,1,2
1282,334,1,2
1282,335,1,2
1282,336,1,2
1282,337,1,2
1282,338,1,2
1282,339,1,2
1282,340,1,2
1282,341,1,2
1282,342,1,2
1282,343,1,2
1282,344,1,2
1282,345,1,2
1282,346,1,2
1282,347,1,2
1282,348,1,2
1282,349,1,2
1282,350,1,2
1282,351,1,2
1282,352,1,2
1282,353,1,2
1282,354,1,2
1282,355,1,2
1282,356,1,2
1282,357,1,2
1282,358,1,2
1282,359,1,2
1282,360,1,2
1282,361,1,2
1282,362,1,2
1282,363,1,2
1282,364,1,2
1282,365,1,2
1282,366,1,2
1282,367,1,2
1282,368,1,2
1282,369,1,2
1282,370,1,2
1282,371,1,2
1282,372,1,2
1282,373,1,2
1282,374,1,2
1282,375,1,2
1282,376,1,2
1282,377,1,2
1282,378,1,2
1282,379,1,2
1282,380,1,2
1282,381,1,2
1282,382,1,2
1282,383,1,2
1282,384,1,2
1282,385,1,2
1282,386,1,2
1282,387,1,2
1282,388,1,2
1282,389,1,2
1282,390,1,2
1282,391,1,2
1282,392,1,2
1282,393,1,2
1282,394,1,2
1282,395,1,2
1282,396,1,2
1282,397,1,2
1282,398,1,2
1282,399,1,2
1282,400,1,2
1282,401,1,2
1282,402,1,2
1282,403,1,2
1282,404,1,2
1282,405,1,2
1282,406,1,2
1282,407,1,2
1282,408,1,2
1282,409,1,2
1282,410,1,2
1282,411,1,2
1282,412,1,2
1282,413,1,2
1282,414,1,2
1282,415,1,2
1282,416,1,2
1282,417,1,2
1282,418,1,2
1282,419,1,2
1282,420,1,2
1282,421,1,2
1282,422,1,2
1282,423,1,2
1282,424,1,2
1282,425,1,2
1282,426,1,2
1282,427,1,2
1282,428,1,2
1282,429,1,2
1282,430,1,2
1282,431,1,2
1282,432,1,2
1282,433,1,2
1282,434,1,2
1282,435,1,2
1282,436,1,2
1282,437,1,2
1282,438,1,2
1282,439,1,2
1282,440,1,2
1282,441,1,2
1282,442,1,2
1282,443,1,2
1282,444,1,2
1282,445,1,2
1282,446,1,2
1282,447,1,2
1282,448,1,2
1282,449,1,2
1282,450,1,2
1282,451,1,2
1282,452,1,2
1282,453,1,2
1282,454,1,2
1282,455,1,2
1282,456,1,2
1282,457,1,2
1282,458,1,2
1282,459,1,2
1282,460,1,2
1282,461,1,2
1282,462,1,2
1282,463,1,2
1282,464,1,2
1282,465,1,2
1283,116,1,3
1283,117,1,3
1283,118,1,3
1283,119,1,3
1283,120,1,3
1283,121,1,3
1283,122,1,3
1283,123,1,3
1283,124,1,3
1283,125,1,3
1283,126,1,3
1283,127,1,3
1283,128,1,3
1283,129,1,2
1283,130,1,2
1283,131,1,2
1283,132,1,2
1283,133,1,2
1283,134,1,2
1283,135,1,2
1283,136,1,2
1283,137,1,2
1283,138,1,2
1283,139,1,2
1283,140,1,2
1283,141,1,2
1283,142,1,2
1283,143,1,2
1283,144,1,2
1283,145,1,2
1283,146,1,2
1283,147,1,2
1283,148,1,2
1283,149,1,2
1283,150,1,2
1283,151,1,2
1283,152,1,2
1283,153,1,2
1283,154,1,2
1283,155,1,2
1283,156,1,2
1283,157,1,2
1283,158,1,2
1283,159,1,2
1283,160,1,2
1283,161,1,2
1283,162,1,2
1283,163,1,2
1283,164,1,2
1283,165,1,2
1283,166,1,2
1283,167,1,2
1283,168,1,2
1283,169,1,2
1283,170,1,2
1283,171,1,2
1283,172,1,2
1283,173,1,2
1283,174,1,2
1283,175,1,2
1283,176,1,2
1283,177,1,2
1283,178,1,2
1283,179,1,2
1283,180,1,2
1283,181,1,2
1283,182,1,2
1283,183,1,2
1283,184,1,2
1283,185,1,2
1283,186,1,2
1283,187,1,2
1283,188,1,2
1283,189,1,2
1283,190,1,2
1283,191,1,2
1283,192,1,2
1283,193,1,2
1283,194,1,2
1283,195,1,2
1283,196,1,2
1283,197,1,2
1283,198,1,2
1283,199,1,2
1283,200,1,2
1283,201,1,2
1283,202,1,2
1283,203,1,2
1283,204,1,2
1283,205,1,2
1283,206,1,2
1283,207,1,2
1283,208,1,2
1283,209,1,2
1283,210,1,2
1283,211,1,2
1283,212,1,2
1283,213,1,2
1283,214,1,2
1283,215,1,2
1283,216,1,2
1283,217,1,2
1283,218,1,2
1283,219,1,2
1283,220,1,2
1283,221,1,2
1283,222,1,2
1283,223,1,2
1283,224,1,2
1283,225,1,2
1283,226,1,2
1283,227,1,2
1283,228,1,2
1283,229,1,2
1283,230,1,2
1283,231,1,2
1283,232,1,2
1283,233,1,2
1283,234,1,2
1283,235,1,2
1283,236,1,2
1283,237,1,2
1283,238,1,2
1283,239,1,2
1283,240,1,2
1283,241,1,2
1283,242,1,2
1283,243,1,2
1283,244,1,2
1283,245,1,2
1283,246,1,2
1283,247,1,2
1283,248,1,2
1283,249,1,2
1283,250,1,2
1283,251,1,2
1283,252,1,2
1283,253,1,2
1283,254,1,2
1283,255,1,2
1283,256,1,2
1283,257,1,2
1283,258,1,2
1283,259,1,2
1283,260,1,2
1283,261,1,2
1283,262,1,2
1283,263,1,2
1283,264,1,2
1283,265,1,2
1283,266,1,2
1283,267,1,2
1283,268,1,2
1283,269,1,2
1283,270,1,2
1283,271,1,2
1283,272,1,2
1283,273,1,2
1283,274,1,2
1283,275,1,2
1283,276,1,2
1283,277,1,2
1283,278,1,2
1283,279,1,2
1283,280,1,2
1283,281,1,2
1283,282,1,2
1283,283,1,2
1283,284,1,2
1283,285,1,2
1283,286,1,2
1283,287,1,2
1283,288,1,2
1283,289,1,2
1283,290,1,2
1283,291,1,2
1283,292,1,2
1283,293,1,2
1283,294,1,2
1283,295,1,2
1283,296,1,2
1283,297,1,2
1283,298,1,2
1283,299,1,2
1283,300,1,2
1283,301,1,2
1283,302,1,2
1283,303,1,2
1283,304,1,2
1283,305,1,2
1283,306,1,2
1283,307,1,2
1283,308,1,2
1283,309,1,2
1283,310,1,2
1283,311,1,2
1283,312,1,2
1283,313,1,2
1283,314,1,2
1283,315,1,2
1283,316,1,2
1283,317,1,2
1283,318,1,2
1283,319,1,2
1283,320,1,2
1283,321,1,2
1283,322,1,2
1283,323,1,2
1283,324,1,2
1283,325,1,2
1283,326,1,2
1283,327,1,2
1283,328,1,2
1283,329,1,2
1283,330,1,2
1283,331,1,2
1283,332,1,2
1283,333,1,2
1283,334,1,2
1283,335,1,2
1283,336,1,2
1283,337,1,2
1283,338,1,2
1283,339,1,2
1283,340,1,2
1283,341,1,2
1283,342,1,2
1283,343,1,2
1283,344,1,2
1283,345,1,2
1283,346,1,2
1283,347,1,2
1283,348,1,2
1283,349,1,2
1283,350,1,2
1283,351,1,2
1283,352,1,2
1283,353,1,2
1283,354,1,2
1283,355,1,2
1283,356,1,2
1283,357,1,2
1283,358,1,2
1283,359,1,2
1283,360,1,2
1283,361,1,2
1283,362,1,2
1283,363,1,2
1283,364,1,2
1283,365,1,2
1283,366,1,2
1283,367,1,2
1283,368,1,2
1283,369,1,2
1283,370,1,2
1283,371,1,2
1283,372,1,2
1283,373,1,2
1283,374,1,2
1283,375,1,2
1283,376,1,2
1283,377,1,2
1283,378,1,2
1283,379,1,2
1283,380,1,2
1283,381,1,2
1283,382,1,2
1283,383,1,2
1283,384,1,2
1283,385,1,2
1283,386,1,2
1283,387,1,2
1283,388,1,2
1283,389,1,2
1283,390,1,2
1283,391,1,2
1283,392,1,2
1283,393,1,2
1283,394,1,2
1283,395,1,2
1283,396,1,2
1283,397,1,2
1283,398,1,2
1283,399,1,2
1283,400,1,2
1283,401,1,2
1283,402,1,2
1283,403,1,2
1283,404,1,2
1283,405,1,2
1283,406,1,2
1283,407,1,2
1283,408,1,2
1283,409,1,2
1283,410,1,2
1283,411,1,2
1283,412,1,2
1283,413,1,2
1283,414,1,2
1283,415,1,2
1283,416,1,2
1283,417,1,2
1283,418,1,2
1283,419,1,2
1283,420,1,2
1283,421,1,2
1283,422,1,2
1283,423,1,2
1283,424,1,2
1283,425,1,2
1283,426,1,2
1283,427,1,2
1283,428,1,2
1283,429,1,2
1283,430,1,2
1283,431,1,2
1283,432,1,2
1283,433,1,2
1283,434,1,2
1283,435,1,2
1283,436,1,2
1283,437,1,2
1283,438,1,2
1283,439,1,2
1283,440,1,2
1283,441,1,2
1283,442,1,2
1283,443,1,2
1283,444,1,2
1283,445,1,2
1283,446,1,2
1283,447,1,2
1283,448,1,2
1283,449,1,2
1283,450,1,2
1283,451,1,2
1283,452,1,2
1283,453,1,2
1283,454,1,2
1283,455,1,2
1283,456,1,2
1283,457,1,2
1283,458,1,2
1283,459,1,2
1283,460,1,2
1283,461,1,2
1283,462,1,2
1283,463,1,2
1283,464,1,2
1283,465,1,2
1283,466,1,2
1284,116,1,3
1284,117,1,3
1284,118,1,3
1284,119,1,3
1284,120,1,3
1284,121,1,3
1284,122,1,3
1284,123,1,3
1284,124,1,3
1284,125,1,3
1284,126,1,3
1284,127,1,3
1284,128,1,3
1284,129,1,2
1284,130,1,2
1284,131,1,2
1284,132,1,2
1284,133,1,2
1284,134,1,2
1284,135,1,2
1284,136,1,2
1284,137,1,2
1284,138,1,2
1284,139,1,2
1284,140,1,2
1284,141,1,2
1284,142,1,2
1284,143,1,2
1284,144,1,2
1284,145,1,2
1284,146,1,2
1284,147,1,2
1284,148,1,2
1284,149,1,2
1284,150,1,2
1284,151,1,2
1284,152,1,2
1284,153,1,2
1284,154,1,2
1284,155,1,2
1284,156,1,2
1284,157,1,2
1284,158,1,2
1284,159,1,2
1284,160,1,2
1284,161,1,2
1284,162,1,2
1284,163,1,2
1284,164,1,2
1284,165,1,2
1284,166,1,2
1284,167,1,2
1284,168,1,2
1284,169,1,2
1284,170,1,2
1284,171,1,2
1284,172,1,2
1284,173,1,2
1284,174,1,2
1284,175,1,2
1284,176,1,2
1284,177,1,2
1284,178,1,2
1284,179,1,2
1284,180,1,2
1284,181,1,2
1284,182,1,2
1284,183,1,2
1284,184,1,2
1284,185,1,2
1284,186,1,2
1284,187,1,2
1284,188,1,2
1284,189,1,2
1284,190,1,2
1284,191,1,2
1284,192,1,2
1284,193,1,2
1284,194,1,2
1284,195,1,2
1284,196,1,2
1284,197,1,2
1284,198,1,2
1284,199,1,2
1284,200,1,2
1284,201,1,2
1284,202,1,2
1284,203,1,2
1284,204,1,2
1284,205,1,2
1284,206,1,2
1284,207,1,2
1284,208,1,2
1284,209,1,2
1284,210,1,2
1284,211,1,2
1284,212,1,2
1284,213,1,2
1284,214,1,2
1284,215,1,2
1284,216,1,2
1284,217,1,2
1284,218,1,2
1284,219,1,2
1284,220,1,2
1284,221,1,2
1284,222,1,2
1284,223,1,2
1284,224,1,2
1284,225,1,2
1284,226,1,2
1284,227,1,2
1284,228,1,2
1284,229,1,2
1284,230,1,2
1284,231,1,2
1284,232,1,2
1284,233,1,2
1284,234,1,2
1284,235,1,2
1284,236,1,2
1284,237,1,2
1284,238,1,2
1284,239,1,2
1284,240,1,2
1284,241,1,2
1284,242,1,2
1284,243,1,2
1284,244,1,2
1284,245,1,2
1284,246,1,2
1284,247,1,2
1284,248,1,2
1284,249,1,2
1284,250,1,2
1284,251,1,2
1284,252,1,2
1284,253,1,2
1284,254,1,2
1284,255,1,2
1284,256,1,2
1284,257,1,2
1284,258,1,2
1284,259,1,2
1284,260,1,2
1284,261,1,2
1284,262,1,2
1284,263,1,2
1284,264,1,2
1284,265,1,2
1284,266,1,2
1284,267,1,2
1284,268,1,2
1284,269,1,2
1284,270,1,2
1284,271,1,2
1284,272,1,2
1284,273,1,2
1284,274,1,2
1284,275,1,2
1284,276,1,2
1284,277,1,2
1284,278,1,2
1284,279,1,2
1284,280,1,2
1284,281,1,2
1284,282,1,2
1284,283,1,2
1284,284,1,2
1284,285,1,2
1284,286,1,2
1284,287,1,2
1284,288,1,2
1284,289,1,2
1284,290,1,2
1284,291,1,2
1284,292,1,2
1284,293,1,2
1284,294,1,2
1284,295,1,2
1284,296,1,2
1284,297,1,2
1284,298,1,2
1284,299,1,2
1284,300,1,2
1284,301,1,2
1284,302,1,2
1284,303,1,2
1284,304,1,2
1284,305,1,2
1284,306,1,2
1284,307,1,2
1284,308,1,2
1284,309,1,2
1284,310,1,2
1284,311,1,2
1284,312,1,2
1284,313,1,2
1284,314,1,2
1284,315,1,2
1284,316,1,2
1284,317,1,2
1284,318,1,2
1284,319,1,2
1284,320,1,2
1284,321,1,2
1284,322,1,2
1284,323,1,2
1284,324,1,2
1284,325,1,2
1284,326,1,2
1284,327,1,2
1284,328,1,2
1284,329,1,2
1284,330,1,2
1284,331,1,2
1284,332,1,2
1284,333,1,2
1284,334,1,2
1284,335,1,2
1284,336,1,2
1284,337,1,2
1284,338,1,2
1284,339,1,2
1284,340,1,2
1284,341,1,2
1284,342,1,2
1284,343,1,2
1284,344,1,2
1284,345,1,2
1284,346,1,2
1284,347,1,2
1284,348,1,2
1284,349,1,2
1284,350,1,2
1284,351,1,2
1284,352,1,2
1284,353,1,2
1284,354,1,2
1284,355,1,2
1284,356,1,2
1284,357,1,2
1284,358,1,2
1284,359,1,2
1284,360,1,2
1284,361,1,2
1284,362,1,2
1284,363,1,2
1284,364,1,2
1284,365,1,2
1284,366,1,2
1284,367,1,2
1284,368,1,2
1284,369,1,2
1284,370,1,2
1284,371,1,2
1284,372,1,2
1284,373,1,2
1284,374,1,2
1284,375,1,2
1284,376,1,2
1284,377,1,2
1284,378,1,2
1284,379,1,2
1284,380,1,2
1284,381,1,2
1284,382,1,2
1284,383,1,2
1284,384,1,2
1284,385,1,2
1284,386,1,2
1284,387,1,2
1284,388,1,2
1284,389,1,2
1284,390,1,2
1284,391,1,2
1284,392,1,2
1284,393,1,2
1284,394,1,2
1284,395,1,2
1284,396,1,2
1284,397,1,2
1284,398,1,2
1284,399,1,2
1284,400,1,2
1284,401,1,2
1284,402,1,2
1284,403,1,2
1284,404,1,2
1284,405,1,2
1284,406,1,2
1284,407,1,2
1284,408,1,2
1284,409,1,2
1284,410,1,2
1284,411,1,2
1284,412,1,2
1284,413,1,2
1284,414,1,2
1284,415,1,2
1284,416,1,2
1284,417,1,2
1284,418,1,2
1284,419,1,2
1284,420,1,2
1284,421,1,2
1284,422,1,2
1284,423,1,2
1284,424,1,2
1284,425,1,2
1284,426,1,2
1284,427,1,2
1284,428,1,2
1284,429,1,2
1284,430,1,2
1284,431,1,2
1284,432,1,2
1284,433,1,2
1284,434,1,2
1284,435,1,2
1284,436,1,2
1284,437,1,2
1284,438,1,2
1284,439,1,2
1284,440,1,2
1284,441,1,2
1284,442,1,2
1284,443,1,2
1284,444,1,2
1284,445,1,2
1284,446,1,2
1284,447,1,2
1284,448,1,2
1284,449,1,2
1284,450,1,2
1284,451,1,2
1284,452,1,2
1284,453,1,2
1284,454,1,2
1284,455,1,2
1284,456,1,2
1284,457,1,2
1284,458,1,2
1284,459,1,2
1284,460,1,2
1284,461,1,2
1284,462,1,2
1284,463,1,2
1284,464,1,2
1284,465,1,2
1284,466,1,2
1285,115,1,3
1285,116,1,3
1285,117,1,3
1285,118,1,3
1285,119,1,3
1285,120,1,3
1285,121,1,3
1285,122,1,3
1285,123,1,3
1285,124,1,3
1285,125,1,3
1285,126,1,3
1285,127,1,3
1285,128,1,3
1285,129,1,2
1285,130,1,2
1285,131,1,2
1285,132,1,2
1285,133,1,2
1285,134,1,2
1285,135,1,2
1285,136,1,2
1285,137,1,2
1285,138,1,2
1285,139,1,2
1285,140,1,2
1285,141,1,2
1285,142,1,2
1285,143,1,2
1285,144,1,2
1285,145,1,2
1285,146,1,2
1285,147,1,2
1285,148,1,2
1285,149,1,2
1285,150,1,2
1285,151,1,2
1285,152,1,2
1285,153,1,2
1285,154,1,2
1285,155,1,2
1285,156,1,2
1285,157,1,2
1285,158,1,2
1285,159,1,2
1285,160,1,2
1285,161,1,2
1285,162,1,2
1285,163,1,2
1285,164,1,2
1285,165,1,2
1285,166,1,2
1285,167,1,2
1285,168,1,2
1285,169,1,2
1285,170,1,2
1285,171,1,2
1285,172,1,2
1285,173,1,2
1285,174,1,2
1285,175,1,2
1285,176,1,2
1285,177,1,2
1285,178,1,2
1285,179,1,2
1285,180,1,2
1285,181,1,2
1285,182,1,2
1285,183,1,2
1285,184,1,2
1285,185,1,2
1285,186,1,2
1285,187,1,2
1285,188,1,2
1285,189,1,2
1285,190,1,2
1285,191,1,2
1285,192,1,2
1285,193,1,2
1285,194,1,2
1285,195,1,2
1285,196,1,2
1285,197,1,2
1285,198,1,2
1285,199,1,2
1285,200,1,2
1285,201,1,2
1285,202,1,2
1285,203,1,2
1285,204,1,2
1285,205,1,2
1285,206,1,2
1285,207,1,2
1285,208,1,2
1285,209,1,2
1285,210,1,2
1285,211,1,2
1285,212,1,2
1285,213,1,2
1285,214,1,2
1285,215,1,2
1285,216,1,2
1285,217,1,2
1285,218,1,2
1285,219,1,2
1285,220,1,2
1285,221,1,2
1285,222,1,2
1285,223,1,2
1285,224,1,2
1285,225,1,2
1285,226,1,2
1285,227,1,2
1285,228,1,2
1285,229,1,2
1285,230,1,2
1285,231,1,2
1285,232,1,2
1285,233,1,2
1285,234,1,2
1285,235,1,2
1285,236,1,2
1285,237,1,2
1285,238,1,2
1285,239,1,2
1285,240,1,2
1285,241,1,2
1285,242,1,2
1285,243,1,2
1285,244,1,2
1285,245,1,2
1285,246,1,2
1285,247,1,2
1285,248,1,2
1285,249,1,2
1285,250,1,2
1285,251,1,2
1285,252,1,2
1285,253,1,2
1285,254,1,2
1285,255,1,2
1285,256,1,2
1285,257,1,2
1285,258,1,2
1285,259,1,2
1285,260,1,2
1285,261,1,2
1285,262,1,2
1285,263,1,2
1285,264,1,2
1285,265,1,2
1285,266,1,2
1285,267,1,2
1285,268,1,2
1285,269,1,2
1285,270,1,2
1285,271,1,2
1285,272,1,2
1285,273,1,2
1285,274,1,2
1285,275,1,2
1285,276,1,2
1285,277,1,2
1285,278,1,2
1285,279,1,2
1285,280,1,2
1285,281,1,2
1285,282,1,2
1285,283,1,2
1285,284,1,2
1285,285,1,2
1285,286,1,2
1285,287,1,2
1285,288,1,2
1285,289,1,2
1285,290,1,2
1285,291,1,2
1285,292,1,2
1285,293,1,2
1285,294,1,2
1285,295,1,2
1285,296,1,2
1285,297,1,2
1285,298,1,2
1285,299,1,2
1285,300,1,2
1285,301,1,2
1285,302,1,2
1285,303,1,2
1285,304,1,2
1285,305,1,2
1285,306,1,2
1285,307,1,2
1285,308,1,2
1285,309,1,2
1285,310,1,2
1285,311,1,2
1285,312,1,2
1285,313,1,2
1285,314,1,2
1285,315,1,2
1285,316,1,2
1285,317,1,2
1285,318,1,2
1285,319,1,2
1285,320,1,2
1285,321,1,2
1285,322,1,2
1285,323,1,2
1285,324,1,2
1285,325,1,2
1285,326,1,2
1285,327,1,2
1285,328,1,2
1285,329,1,2
1285,330,1,2
1285,331,1,2
1285,332,1,2
1285,333,1,2
1285,334,1,2
1285,335,1,2
1285,336,1,2
1285,337,1,2
1285,338,1,2
1285,339,1,2
1285,340,1,2
1285,341,1,2
1285,342,1,2
1285,343,1,2
1285,344,1,2
1285,345,1,2
1285,346,1,2
1285,347,1,2
1285,348,1,2
1285,349,1,2
1285,350,1,2
1285,351,1,2
1285,352,1,2
1285,353,1,2
1285,354,1,2
1285,355,1,2
1285,356,1,2
1285,357,1,2
1285,358,1,2
1285,359,1,2
1285,360,1,2
1285,361,1,2
1285,362,1,2
1285,363,1,2
1285,364,1,2
1285,365,1,2
1285,366,1,2
1285,367,1,2
1285,368,1,2
1285,369,1,2
1285,370,1,2
1285,371,1,2
1285,372,1,2
1285,373,1,2
1285,374,1,2
1285,375,1,2
1285,376,1,2
1285,377,1,2
1285,378,1,2
1285,379,1,2
1285,380,1,2
1285,381,1,2
1285,382,1,2
1285,383,1,2
1285,384,1,2
1285,385,1,2
1285,386,1,2
1285,387,1,2
1285,388,1,2
1285,389,1,2
1285,390,1,2
1285,391,1,2
1285,392,1,2
1285,393,1,2
1285,394,1,2
1285,395,1,2
1285,396,1,2
1285,397,1,2
1285,398,1,2
1285,399,1,2
1285,400,1,2
1285,401,1,2
1285,402,1,2
1285,403,1,2
1285,404,1,2
1285,405,1,2
1285,406,1,2
1285,407,1,2
1285,408,1,2
1285,409,1,2
1285,410,1,2
1285,411,1,2
1285,412,1,2
1285,413,1,2
1285,414,1,2
1285,415,1,2
1285,416,1,2
1285,417,1,2
1285,418,1,2
1285,419,1,2
1285,420,1,2
1285,421,1,2
1285,422,1,2
1285,423,1,2
1285,424,1,2
1285,425,1,2
1285,426,1,2
1285,427,1,2
1285,428,1,2
1285,429,1,2
1285,430,1,2
1285,431,1,2
1285,432,1,2
1285,433,1,2
1285,434,1,2
1285,435,1,2
1285,436,1,2
1285,437,1,2
1285,438,1,2
1285,439,1,2
1285,440,1,2
1285,441,1,2
1285,442,1,2
1285,443,1,2
1285,444,1,2
1285,445,1,2
1285,446,1,2
1285,447,1,2
1285,448,1,2
1285,449,1,2
1285,450,1,2
1285,451,1,2
1285,452,1,2
1285,453,1,2
1285,454,1,2
1285,455,1,2
1285,456,1,2
1285,457,1,2
1285,458,1,2
1285,459,1,2
1285,460,1,2
1285,461,1,2
1285,462,1,2
1285,463,1,2
1285,464,1,2
1285,465,1,2
1285,466,1,2
1285,467,1,2
1286,114,1,3
1286,115,1,3
1286,116,1,3
1286,117,1,3
1286,118,1,3
1286,119,1,3
1286,120,1,3
1286,121,1,3
1286,122,1,3
1286,123,1,3
1286,124,1,3
1286,125,1,3
1286,126,1,3
1286,127,1,3
1286,128,1,3
1286,129,1,2
1286,130,1,2
1286,131,1,2
1286,132,1,2
1286,133,1,2
1286,134,1,2
1286,135,1,2
1286,136,1,2
1286,137,1,2
1286,138,1,2
1286,139,1,2
1286,140,1,2
1286,141,1,2
1286,142,1,2
1286,143,1,2
1286,144,1,2
1286,145,1,2
1286,146,1,2
1286,147,1,2
1286,148,1,2
1286,149,1,2
1286,150,1,2
1286,151,1,2
1286,152,1,2
1286,153,1,2
1286,154,1,2
1286,155,1,2
1286,156,1,2
1286,157,1,2
1286,158,1,2
1286,159,1,2
1286,160,1,2
1286,161,1,2
1286,162,1,2
1286,163,1,2
1286,164,1,2
1286,165,1,2
1286,166,1,2
1286,167,1,2
1286,168,1,2
1286,169,1,2
1286,170,1,2
1286,171,1,2
1286,172,1,2
1286,173,1,2
1286,174,1,2
1286,175,1,2
1286,176,1,2
1286,177,1,2
1286,178,1,2
1286,179,1,2
1286,180,1,2
1286,181,1,2
1286,182,1,2
1286,183,1,2
1286,184,1,2
1286,185,1,2
1286,186,1,2
1286,187,1,2
1286,188,1,2
1286,189,1,2
1286,190,1,2
1286,191,1,2
1286,192,1,2
1286,193,1,2
1286,194,1,2
1286,195,1,2
1286,196,1,2
1286,197,1,2
1286,198,1,2
1286,199,1,2
1286,200,1,2
1286,201,1,2
1286,202,1,2
1286,203,1,2
1286,204,1,2
1286,205,1,2
1286,206,1,2
1286,207,1,2
1286,208,1,2
1286,209,1,2
1286,210,1,2
1286,211,1,2
1286,212,1,2
1286,213,1,2
1286,214,1,2
1286,215,1,2
1286,216,1,2
1286,217,1,2
1286,218,1,2
1286,219,1,2
1286,220,1,2
1286,221,1,2
1286,222,1,2
1286,223,1,2
1286,224,1,2
1286,225,1,2
1286,226,1,2
1286,227,1,2
1286,228,1,2
1286,229,1,2
1286,230,1,2
1286,231,1,2
1286,232,1,2
1286,233,1,2
1286,234,1,2
1286,235,1,2
1286,236,1,2
1286,237,1,2
1286,238,1,2
1286,239,1,2
1286,240,1,2
1286,241,1,2
1286,242,1,2
1286,243,1,2
1286,244,1,2
1286,245,1,2
1286,246,1,2
1286,247,1,2
1286,248,1,2
1286,249,1,2
1286,250,1,2
1286,251,1,2
1286,252,1,2
1286,253,1,2
1286,254,1,2
1286,255,1,2
1286,256,1,2
1286,257,1,2
1286,258,1,2
1286,259,1,2
1286,260,1,2
1286,261,1,2
1286,262,1,2
1286,263,1,2
1286,264,1,2
1286,265,1,2
1286,266,1,2
1286,267,1,2
1286,268,1,2
1286,269,1,2
1286,270,1,2
1286,271,1,2
1286,272,1,2
1286,273,1,2
1286,274,1,2
1286,275,1,2
1286,276,1,2
1286,277,1,2
1286,278,1,2
1286,279,1,2
1286,280,1,2
1286,281,1,2
1286,282,1,2
1286,283,1,2
1286,284,1,2
1286,285,1,2
1286,286,1,2
1286,287,1,2
1286,288,1,2
1286,289,1,2
1286,290,1,2
1286,291,1,2
1286,292,1,2
1286,293,1,2
1286,294,1,2
1286,295,1,2
1286,296,1,2
1286,297,1,2
1286,298,1,2
1286,299,1,2
1286,300,1,2
1286,301,1,2
1286,302,1,2
1286,303,1,2
1286,304,1,2
1286,305,1,2
1286,306,1,2
1286,307,1,2
1286,308,1,2
1286,309,1,2
1286,310,1,2
1286,311,1,2
1286,312,1,2
1286,313,1,2
1286,314,1,2
1286,315,1,2
1286,316,1,2
1286,317,1,2
1286,318,1,2
1286,319,1,2
1286,320,1,2
1286,321,1,2
1286,322,1,2
1286,323,1,2
1286,324,1,2
1286,325,1,2
1286,326,1,2
1286,327,1,2
1286,328,1,2
1286,329,1,2
1286,330,1,2
1286,331,1,2
1286,332,1,2
1286,333,1,2
1286,334,1,2
1286,335,1,2
1286,336,1,2
1286,337,1,2
1286,338,1,2
1286,339,1,2
1286,340,1,2
1286,341,1,2
1286,342,1,2
1286,343,1,2
1286,344,1,2
1286,345,1,2
1286,346,1,2
1286,347,1,2
1286,348,1,2
1286,349,1,2
1286,350,1,2
1286,351,1,2
1286,352,1,2
1286,353,1,2
1286,354,1,2
1286,355,1,2
1286,356,1,2
1286,357,1,2
1286,358,1,2
1286,359,1,2
1286,360,1,2
1286,361,1,2
1286,362,1,2
1286,363,1,2
1286,364,1,2
1286,365,1,2
1286,366,1,2
1286,367,1,2
1286,368,1,2
1286,369,1,2
1286,370,1,2
1286,371,1,2
1286,372,1,2
1286,373,1,2
1286,374,1,2
1286,375,1,2
1286,376,1,2
1286,377,1,2
1286,378,1,2
1286,379,1,2
1286,380,1,2
1286,381,1,2
1286,382,1,2
1286,383,1,2
1286,384,1,2
1286,385,1,2
1286,386,1,2
1286,387,1,2
1286,388,1,2
1286,389,1,2
1286,390,1,2
1286,391,1,2
1286,392,1,2
1286,393,1,2
1286,394,1,2
1286,395,1,2
1286,396,1,2
1286,397,1,2
1286,398,1,2
1286,399,1,2
1286,400,1,2
1286,401,1,2
1286,402,1,2
1286,403,1,2
1286,404,1,2
1286,405,1,2
1286,406,1,2
1286,407,1,2
1286,408,1,2
1286,409,1,2
1286,410,1,2
1286,411,1,2
1286,412,1,2
1286,413,1,2
1286,414,1,2
1286,415,1,2
1286,416,1,2
1286,417,1,2
1286,418,1,2
1286,419,1,2
1286,420,1,2
1286,421,1,2
1286,422,1,2
1286,423,1,2
1286,424,1,2
1286,425,1,2
1286,426,1,2
1286,427,1,2
1286,428,1,2
1286,429,1,2
1286,430,1,2
1286,431,1,2
1286,432,1,2
1286,433,1,2
1286,434,1,2
1286,435,1,2
1286,436,1,2
1286,437,1,2
1286,438,1,2
1286,439,1,2
1286,440,1,2
1286,441,1,2
1286,442,1,2
1286,443,1,2
1286,444,1,2
1286,445,1,2
1286,446,1,2
1286,447,1,2
1286,448,1,2
1286,449,1,2
1286,450,1,2
1286,451,1,2
1286,452,1,2
1286,453,1,2
1286,454,1,2
1286,455,1,2
1286,456,1,2
1286,457,1,2
1286,458,1,2
1286,459,1,2
1286,460,1,2
1286,461,1,2
1286,462,1,2
1286,463,1,2
1286,464,1,2
1286,465,1,2
1286,466,1,2
1286,467,1,2
1287,114,1,3
1287,115,1,3
1287,116,1,3
1287,117,1,3
1287,118,1,3
1287,119,1,3
1287,120,1,3
1287,121,1,3
1287,122,1,3
1287,123,1,3
1287,124,1,3
1287,125,1,3
1287,126,1,3
1287,127,1,3
1287,128,1,3
1287,129,1,2
1287,130,1,2
1287,131,1,2
1287,132,1,2
1287,133,1,2
1287,134,1,2
1287,135,1,2
1287,136,1,2
1287,137,1,2
1287,138,1,2
1287,139,1,2
1287,140,1,2
1287,141,1,2
1287,142,1,2
1287,143,1,2
1287,144,1,2
1287,145,1,2
1287,146,1,2
1287,147,1,2
1287,148,1,2
1287,149,1,2
1287,150,1,2
1287,151,1,2
1287,152,1,2
1287,153,1,2
1287,154,1,2
1287,155,1,2
1287,156,1,2
1287,157,1,2
1287,158,1,2
1287,159,1,2
1287,160,1,2
1287,161,1,2
1287,162,1,2
1287,163,1,2
1287,164,1,2
1287,165,1,2
1287,166,1,2
1287,167,1,2
1287,168,1,2
1287,169,1,2
1287,170,1,2
1287,171,1,2
1287,172,1,2
1287,173,1,2
1287,174,1,2
1287,175,1,2
1287,176,1,2
1287,177,1,2
1287,178,1,2
1287,179,1,2
1287,180,1,2
1287,181,1,2
1287,182,1,2
1287,183,1,2
1287,184,1,2
1287,185,1,2
1287,186,1,2
1287,187,1,2
1287,188,1,2
1287,189,1,2
1287,190,1,2
1287,191,1,2
1287,192,1,2
1287,193,1,2
1287,194,1,2
1287,195,1,2
1287,196,1,2
1287,197,1,2
1287,198,1,2
1287,199,1,2
1287,200,1,2
1287,201,1,2
1287,202,1,2
1287,203,1,2
1287,204,1,2
1287,205,1,2
1287,206,1,2
1287,207,1,2
1287,208,1,2
1287,209,1,2
1287,210,1,2
1287,211,1,2
1287,212,1,2
1287,213,1,2
1287,214,1,2
1287,215,1,2
1287,216,1,2
1287,217,1,2
1287,218,1,2
1287,219,1,2
1287,220,1,2
1287,221,1,2
1287,222,1,2
1287,223,1,2
1287,224,1,2
1287,225,1,2
1287,226,1,2
1287,227,1,2
1287,228,1,2
1287,229,1,2
1287,230,1,2
1287,231,1,2
1287,232,1,2
1287,233,1,2
1287,234,1,2
1287,235,1,2
1287,236,1,2
1287,237,1,2
1287,238,1,2
1287,239,1,2
1287,240,1,2
1287,241,1,2
1287,242,1,2
1287,243,1,2
1287,244,1,2
1287,245,1,2
1287,246,1,2
1287,247,1,2
1287,248,1,2
1287,249,1,2
1287,250,1,2
1287,251,1,2
1287,252,1,2
1287,253,1,2
1287,254,1,2
1287,255,1,2
1287,256,1,2
1287,257,1,2
1287,258,1,2
1287,259,1,2
1287,260,1,2
1287,261,1,2
1287,262,1,2
1287,263,1,2
1287,264,1,2
1287,265,1,2
1287,266,1,2
1287,267,1,2
1287,268,1,2
1287,269,1,2
1287,270,1,2
1287,271,1,2
1287,272,1,2
1287,273,1,2
1287,274,1,2
1287,275,1,2
1287,276,1,2
1287,277,1,2
1287,278,1,2
1287,279,1,2
1287,280,1,2
1287,281,1,2
1287,282,1,2
1287,283,1,2
1287,284,1,2
1287,285,1,2
1287,286,1,2
1287,287,1,2
1287,288,1,2
1287,289,1,2
1287,290,1,2
1287,291,1,2
1287,292,1,2
1287,293,1,2
1287,294,1,2
1287,295,1,2
1287,296,1,2
1287,297,1,2
1287,298,1,2
1287,299,1,2
1287,300,1,2
1287,301,1,2
1287,302,1,2
1287,303,1,2
1287,304,1,2
1287,305,1,2
1287,306,1,2
1287,307,1,2
1287,308,1,2
1287,309,1,2
1287,310,1,2
1287,311,1,2
1287,312,1,2
1287,313,1,2
1287,314,1,2
1287,315,1,2
1287,316,1,2
1287,317,1,2
1287,318,1,2
1287,319,1,2
1287,320,1,2
1287,321,1,2
1287,322,1,2
1287,323,1,2
1287,324,1,2
1287,325,1,2
1287,326,1,2
1287,327,1,2
1287,328,1,2
1287,329,1,2
1287,330,1,2
1287,331,1,2
1287,332,1,2
1287,333,1,2
1287,334,1,2
1287,335,1,2
1287,336,1,2
1287,337,1,2
1287,338,1,2
1287,339,1,2
1287,340,1,2
1287,341,1,2
1287,342,1,2
1287,343,1,2
1287,344,1,2
1287,345,1,2
1287,346,1,2
1287,347,1,2
1287,348,1,2
1287,349,1,2
1287,350,1,2
1287,351,1,2
1287,352,1,2
1287,353,1,2
1287,354,1,2
1287,355,1,2
1287,356,1,2
1287,357,1,2
1287,358,1,2
1287,359,1,2
1287,360,1,2
1287,361,1,2
1287,362,1,2
1287,363,1,2
1287,364,1,2
1287,365,1,2
1287,366,1,2
1287,367,1,2
1287,368,1,2
1287,369,1,2
1287,370,1,2
1287,371,1,2
1287,372,1,2
1287,373,1,2
1287,374,1,2
1287,375,1,2
1287,376,1,2
1287,377,1,2
1287,378,1,2
1287,379,1,2
1287,380,1,2
1287,381,1,2
1287,382,1,2
1287,383,1,2
1287,384,1,2
1287,385,1,2
1287,386,1,2
1287,387,1,2
1287,388,1,2
1287,389,1,2
1287,390,1,2
1287,391,1,2
1287,392,1,2
1287,393,1,2
1287,394,1,2
1287,395,1,2
1287,396,1,2
1287,397,1,2
1287,398,1,2
1287,399,1,2
1287,400,1,2
1287,401,1,2
1287,402,1,2
1287,403,1,2
1287,404,1,2
1287,405,1,2
1287,406,1,2
1287,407,1,2
1287,408,1,2
1287,409,1,2
1287,410,1,2
1287,411,1,2
1287,412,1,2
1287,413,1,2
1287,414,1,2
1287,415,1,2
1287,416,1,2
1287,417,1,2
1287,418,1,2
1287,419,1,2
1287,420,1,2
1287,421,1,2
1287,422,1,2
1287,423,1,2
1287,424,1,2
1287,425,1,2
1287,426,1,2
1287,427,1,2
1287,428,1,2
1287,429,1,2
1287,430,1,2
1287,431,1,2
1287,432,1,2
1287,433,1,2
1287,434,1,2
1287,435,1,2
1287,436,1,2
1287,437,1,2
1287,438,1,2
1287,439,1,2
1287,440,1,2
1287,441,1,2
1287,442,1,2
1287,443,1,2
1287,444,1,2
1287,445,1,2
1287,446,1,2
1287,447,1,2
1287,448,1,2
1287,449,1,2
1287,450,1,2
1287,451,1,2
1287,452,1,2
1287,453,1,2
1287,454,1,2
1287,455,1,2
1287,456,1,2
1287,457,1,2
1287,458,1,2
1287,459,1,2
1287,460,1,2
1287,461,1,2
1287,462,1,2
1287,463,1,2
1287,464,1,2
1287,465,1,2
1287,466,1,2
1287,467,1,2
1288,113,1,3
1288,114,1,3
1288,115,1,3
1288,116,1,3
1288,117,1,3
1288,118,1,3
1288,119,1,3
1288,120,1,3
1288,121,1,3
1288,122,1,3
1288,123,1,3
1288,124,1,3
1288,125,1,3
1288,126,1,3
1288,127,1,3
1288,128,1,2
1288,129,1,2
1288,130,1,2
1288,131,1,2
1288,132,1,2
1288,133,1,2
1288,134,1,2
1288,135,1,2
1288,136,1,2
1288,137,1,2
1288,138,1,2
1288,139,1,2
1288,140,1,2
1288,141,1,2
1288,142,1,2
1288,143,1,2
1288,144,1,2
1288,145,1,2
1288,146,1,2
1288,147,1,2
1288,148,1,2
1288,149,1,2
1288,150,1,2
1288,151,1,2
1288,152,1,2
1288,153,1,2
1288,154,1,2
1288,155,1,2
1288,156,1,2
1288,157,1,2
1288,158,1,2
1288,159,1,2
1288,160,1,2
1288,161,1,2
1288,162,1,2
1288,163,1,2
1288,164,1,2
1288,165,1,2
1288,166,1,2
1288,167,1,2
1288,168,1,2
1288,169,1,2
1288,170,1,2
1288,171,1,2
1288,172,1,2
1288,173,1,2
1288,174,1,2
1288,175,1,2
1288,176,1,2
1288,177,1,2
1288,178,1,2
1288,179,1,2
1288,180,1,2
1288,181,1,2
1288,182,1,2
1288,183,1,2
1288,184,1,2
1288,185,1,2
1288,186,1,2
1288,187,1,2
1288,188,1,2
1288,189,1,2
1288,190,1,2
1288,191,1,2
1288,192,1,2
1288,193,1,2
1288,194,1,2
1288,195,1,2
1288,196,1,2
1288,197,1,2
1288,198,1,2
1288,199,1,2
1288,200,1,2
1288,201,1,2
1288,202,1,2
1288,203,1,2
1288,204,1,2
1288,205,1,2
1288,206,1,2
1288,207,1,2
1288,208,1,2
1288,209,1,2
1288,210,1,2
1288,211,1,2
1288,212,1,2
1288,213,1,2
1288,214,1,2
1288,215,1,2
1288,216,1,2
1288,217,1,2
1288,218,1,2
1288,219,1,2
1288,220,1,2
1288,221,1,2
1288,222,1,2
1288,223,1,2
1288,224,1,2
1288,225,1,2
1288,226,1,2
1288,227,1,2
1288,228,1,2
1288,229,1,2
1288,230,1,2
1288,231,1,2
1288,232,1,2
1288,233,1,2
1288,234,1,2
1288,235,1,2
1288,236,1,2
1288,237,1,2
1288,238,1,2
1288,239,1,2
1288,240,1,2
1288,241,1,2
1288,242,1,2
1288,243,1,2
1288,244,1,2
1288,245,1,2
1288,246,1,2
1288,247,1,2
1288,248,1,2
1288,249,1,2
1288,250,1,2
1288,251,1,2
1288,252,1,2
1288,253,1,2
1288,254,1,2
1288,255,1,2
1288,256,1,2
1288,257,1,2
1288,258,1,2
1288,259,1,2
1288,260,1,2
1288,261,1,2
1288,262,1,2
1288,263,1,2
1288,264,1,2
1288,265,1,2
1288,266,1,2
1288,267,1,2
1288,268,1,2
1288,269,1,2
1288,270,1,2
1288,271,1,2
1288,272,1,2
1288,273,1,2
1288,274,1,2
1288,275,1,2
1288,276,1,2
1288,277,1,2
1288,278,1,2
1288,279,1,2
1288,280,1,2
1288,281,1,2
1288,282,1,2
1288,283,1,2
1288,284,1,2
1288,285,1,2
1288,286,1,2
1288,287,1,2
1288,288,1,2
1288,289,1,2
1288,290,1,2
1288,291,1,2
1288,292,1,2
1288,293,1,2
1288,294,1,2
1288,295,1,2
1288,296,1,2
1288,297,1,2
1288,298,1,2
1288,299,1,2
1288,300,1,2
1288,301,1,2
1288,302,1,2
1288,303,1,2
1288,304,1,2
1288,305,1,2
1288,306,1,2
1288,307,1,2
1288,308,1,2
1288,309,1,2
1288,310,1,2
1288,311,1,2
1288,312,1,2
1288,313,1,2
1288,314,1,2
1288,315,1,2
1288,316,1,2
1288,317,1,2
1288,318,1,2
1288,319,1,2
1288,320,1,2
1288,321,1,2
1288,322,1,2
1288,323,1,2
1288,324,1,2
1288,325,1,2
1288,326,1,2
1288,327,1,2
1288,328,1,2
1288,329,1,2
1288,330,1,2
1288,331,1,2
1288,332,1,2
1288,333,1,2
1288,334,1,2
1288,335,1,2
1288,336,1,2
1288,337,1,2
1288,338,1,2
1288,339,1,2
1288,340,1,2
1288,341,1,2
1288,342,1,2
1288,343,1,2
1288,344,1,2
1288,345,1,2
1288,346,1,2
1288,347,1,2
1288,348,1,2
1288,349,1,2
1288,350,1,2
1288,351,1,2
1288,352,1,2
1288,353,1,2
1288,354,1,2
1288,355,1,2
1288,356,1,2
1288,357,1,2
1288,358,1,2
1288,359,1,2
1288,360,1,2
1288,361,1,2
1288,362,1,2
1288,363,1,2
1288,364,1,2
1288,365,1,2
1288,366,1,2
1288,367,1,2
1288,368,1,2
1288,369,1,2
1288,370,1,2
1288,371,1,2
1288,372,1,2
1288,373,1,2
1288,374,1,2
1288,375,1,2
1288,376,1,2
1288,377,1,2
1288,378,1,2
1288,379,1,2
1288,380,1,2
1288,381,1,2
1288,382,1,2
1288,383,1,2
1288,384,1,2
1288,385,1,2
1288,386,1,2
1288,387,1,2
1288,388,1,2
1288,389,1,2
1288,390,1,2
1288,391,1,2
1288,392,1,2
1288,393,1,2
1288,394,1,2
1288,395,1,2
1288,396,1,2
1288,397,1,2
1288,398,1,2
1288,399,1,2
1288,400,1,2
1288,401,1,2
1288,402,1,2
1288,403,1,2
1288,404,1,2
1288,405,1,2
1288,406,1,2
1288,407,1,2
1288,408,1,2
1288,409,1,2
1288,410,1,2
1288,411,1,2
1288,412,1,2
1288,413,1,2
1288,414,1,2
1288,415,1,2
1288,416,1,2
1288,417,1,2
1288,418,1,2
1288,419,1,2
1288,420,1,2
1288,421,1,2
1288,422,1,2
1288,423,1,2
1288,424,1,2
1288,425,1,2
1288,426,1,2
1288,427,1,2
1288,428,1,2
1288,429,1,2
1288,430,1,2
1288,431,1,2
1288,432,1,2
1288,433,1,2
1288,434,1,2
1288,435,1,2
1288,436,1,2
1288,437,1,2
1288,438,1,2
1288,439,1,2
1288,440,1,2
1288,441,1,2
1288,442,1,2
1288,443,1,2
1288,444,1,2
1288,445,1,2
1288,446,1,2
1288,447,1,2
1288,448,1,2
1288,449,1,2
1288,450,1,2
1288,451,1,2
1288,452,1,2
1288,453,1,2
1288,454,1,2
1288,455,1,2
1288,456,1,2
1288,457,1,2
1288,458,1,2
1288,459,1,2
1288,460,1,2
1288,461,1,2
1288,462,1,2
1288,463,1,2
1288,464,1,2
1288,465,1,2
1288,466,1,2
1288,467,1,2
1289,112,1,3
1289,113,1,3
1289,114,1,3
1289,115,1,3
1289,116,1,3
1289,117,1,3
1289,118,1,3
1289,119,1,3
1289,120,1,3
1289,121,1,3
1289,122,1,3
1289,123,1,3
1289,124,1,3
1289,125,1,3
1289,126,1,3
1289,127,1,2
1289,128,1,2
1289,129,1,2
1289,130,1,2
1289,131,1,2
1289,132,1,2
1289,133,1,2
1289,134,1,2
1289,135,1,2
1289,136,1,2
1289,137,1,2
1289,138,1,2
1289,139,1,2
1289,140,1,2
1289,141,1,2
1289,142,1,2
1289,143,1,2
1289,144,1,2
1289,145,1,2
1289,146,1,2
1289,147,1,2
1289,148,1,2
1289,149,1,2
1289,150,1,2
1289,151,1,2
1289,152,1,2
1289,153,1,2
1289,154,1,2
1289,155,1,2
1289,156,1,2
1289,157,1,2
1289,158,1,2
1289,159,1,2
1289,160,1,2
1289,161,1,2
1289,162,1,2
1289,163,1,2
1289,164,1,2
1289,165,1,2
1289,166,1,2
1289,167,1,2
1289,168,1,2
1289,169,1,2
1289,170,1,2
1289,171,1,2
1289,172,1,2
1289,173,1,2
1289,174,1,2
1289,175,1,2
1289,176,1,2
1289,177,1,2
1289,178,1,2
1289,179,1,2
1289,180,1,2
1289,181,1,2
1289,182,1,2
1289,183,1,2
1289,184,1,2
1289,185,1,2
1289,186,1,2
1289,187,1,2
1289,188,1,2
1289,189,1,2
1289,190,1,2
1289,191,1,2
1289,192,1,2
1289,193,1,2
1289,194,1,2
1289,195,1,2
1289,196,1,2
1289,197,1,2
1289,198,1,2
1289,199,1,2
1289,200,1,2
1289,201,1,2
1289,202,1,2
1289,203,1,2
1289,204,1,2
1289,205,1,2
1289,206,1,2
1289,207,1,2
1289,208,1,2
1289,209,1,2
1289,210,1,2
1289,211,1,2
1289,212,1,2
1289,213,1,2
1289,214,1,2
1289,215,1,2
1289,216,1,2
1289,217,1,2
1289,218,1,2
1289,219,1,2
1289,220,1,2
1289,221,1,2
1289,222,1,2
1289,223,1,2
1289,224,1,2
1289,225,1,2
1289,226,1,2
1289,227,1,2
1289,228,1,2
1289,229,1,2
1289,230,1,2
1289,231,1,2
1289,232,1,2
1289,233,1,2
1289,234,1,2
1289,235,1,2
1289,236,1,2
1289,237,1,2
1289,238,1,2
1289,239,1,2
1289,240,1,2
1289,241,1,2
1289,242,1,2
1289,243,1,2
1289,244,1,2
1289,245,1,2
1289,246,1,2
1289,247,1,2
1289,248,1,2
1289,249,1,2
1289,250,1,2
1289,251,1,2
1289,252,1,2
1289,253,1,2
1289,254,1,2
1289,255,1,2
1289,256,1,2
1289,257,1,2
1289,258,1,2
1289,259,1,2
1289,260,1,2
1289,261,1,2
1289,262,1,2
1289,263,1,2
1289,264,1,2
1289,265,1,2
1289,266,1,2
1289,267,1,2
1289,268,1,2
1289,269,1,2
1289,270,1,2
1289,271,1,2
1289,272,1,2
1289,273,1,2
1289,274,1,2
1289,275,1,2
1289,276,1,2
1289,277,1,2
1289,278,1,2
1289,279,1,2
1289,280,1,2
1289,281,1,2
1289,282,1,2
1289,283,1,2
1289,284,1,2
1289,285,1,2
1289,286,1,2
1289,287,1,2
1289,288,1,2
1289,289,1,2
1289,290,1,2
1289,291,1,2
1289,292,1,2
1289,293,1,2
1289,294,1,2
1289,295,1,2
1289,296,1,2
1289,297,1,2
1289,298,1,2
1289,299,1,2
1289,300,1,2
1289,301,1,2
1289,302,1,2
1289,303,1,2
1289,304,1,2
1289,305,1,2
1289,306,1,2
1289,307,1,2
1289,308,1,2
1289,309,1,2
1289,310,1,2
1289,311,1,2
1289,312,1,2
1289,313,1,2
1289,314,1,2
1289,315,1,2
1289,316,1,2
1289,317,1,2
1289,318,1,2
1289,319,1,2
1289,320,1,2
1289,321,1,2
1289,322,1,2
1289,323,1,2
1289,324,1,2
1289,325,1,2
1289,326,1,2
1289,327,1,2
1289,328,1,2
1289,329,1,2
1289,330,1,2
1289,331,1,2
1289,332,1,2
1289,333,1,2
1289,334,1,2
1289,335,1,2
1289,336,1,2
1289,337,1,2
1289,338,1,2
1289,339,1,2
1289,340,1,2
1289,341,1,2
1289,342,1,2
1289,343,1,2
1289,344,1,2
1289,345,1,2
1289,346,1,2
1289,347,1,2
1289,348,1,2
1289,349,1,2
1289,350,1,2
1289,351,1,2
1289,352,1,2
1289,353,1,2
1289,354,1,2
1289,355,1,2
1289,356,1,2
1289,357,1,2
1289,358,1,2
1289,359,1,2
1289,360,1,2
1289,361,1,2
1289,362,1,2
1289,363,1,2
1289,364,1,2
1289,365,1,2
1289,366,1,2
1289,367,1,2
1289,368,1,2
1289,369,1,2
1289,370,1,2
1289,371,1,2
1289,372,1,2
1289,373,1,2
1289,374,1,2
1289,375,1,2
1289,376,1,2
1289,377,1,2
1289,378,1,2
1289,379,1,2
1289,380,1,2
1289,381,1,2
1289,382,1,2
1289,383,1,2
1289,384,1,2
1289,385,1,2
1289,386,1,2
1289,387,1,2
1289,388,1,2
1289,389,1,2
1289,390,1,2
1289,391,1,2
1289,392,1,2
1289,393,1,2
1289,394,1,2
1289,395,1,2
1289,396,1,2
1289,397,1,2
1289,398,1,2
1289,399,1,2
1289,400,1,2
1289,401,1,2
1289,402,1,2
1289,403,1,2
1289,404,1,2
1289,405,1,2
1289,406,1,2
1289,407,1,2
1289,408,1,2
1289,409,1,2
1289,410,1,2
1289,411,1,2
1289,412,1,2
1289,413,1,2
1289,414,1,2
1289,415,1,2
1289,416,1,2
1289,417,1,2
1289,418,1,2
1289,419,1,2
1289,420,1,2
1289,421,1,2
1289,422,1,2
1289,423,1,2
1289,424,1,2
1289,425,1,2
1289,426,1,2
1289,427,1,2
1289,428,1,2
1289,429,1,2
1289,430,1,2
1289,431,1,2
1289,432,1,2
1289,433,1,2
1289,434,1,2
1289,435,1,2
1289,436,1,2
1289,437,1,2
1289,438,1,2
1289,439,1,2
1289,440,1,2
1289,441,1,2
1289,442,1,2
1289,443,1,2
1289,444,1,2
1289,445,1,2
1289,446,1,2
1289,447,1,2
1289,448,1,2
1289,449,1,2
1289,450,1,2
1289,451,1,2
1289,452,1,2
1289,453,1,2
1289,454,1,2
1289,455,1,2
1289,456,1,2
1289,457,1,2
1289,458,1,2
1289,459,1,2
1289,460,1,2
1289,461,1,2
1289,462,1,2
1289,463,1,2
1289,464,1,2
1289,465,1,2
1289,466,1,2
1289,467,1,2
1290,111,1,2
1290,112,1,2
1290,113,1,3
1290,114,1,3
1290,115,1,3
1290,116,1,3
1290,117,1,3
1290,118,1,3
1290,119,1,3
1290,120,1,3
1290,121,1,3
1290,122,1,3
1290,123,1,3
1290,124,1,3
1290,125,1,3
1290,126,1,3
1290,127,1,2
1290,128,1,2
1290,129,1,2
1290,130,1,2
1290,131,1,2
1290,132,1,2
1290,133,1,2
1290,134,1,2
1290,135,1,2
1290,136,1,2
1290,137,1,2
1290,138,1,2
1290,139,1,2
1290,140,1,2
1290,141,1,2
1290,142,1,2
1290,143,1,2
1290,144,1,2
1290,145,1,2
1290,146,1,2
1290,147,1,2
1290,148,1,2
1290,149,1,2
1290,150,1,2
1290,151,1,2
1290,152,1,2
1290,153,1,2
1290,154,1,2
1290,155,1,2
1290,156,1,2
1290,157,1,2
1290,158,1,2
1290,159,1,2
1290,160,1,2
1290,161,1,2
1290,162,1,2
1290,163,1,2
1290,164,1,2
1290,165,1,2
1290,166,1,2
1290,167,1,2
1290,168,1,2
1290,169,1,2
1290,170,1,2
1290,171,1,2
1290,172,1,2
1290,173,1,2
1290,174,1,2
1290,175,1,2
1290,176,1,2
1290,177,1,2
1290,178,1,2
1290,179,1,2
1290,180,1,2
1290,181,1,2
1290,182,1,2
1290,183,1,2
1290,184,1,2
1290,185,1,2
1290,186,1,2
1290,187,1,2
1290,188,1,2
1290,189,1,2
1290,190,1,2
1290,191,1,2
1290,192,1,2
1290,193,1,2
1290,194,1,2
1290,195,1,2
1290,196,1,2
1290,197,1,2
1290,198,1,2
1290,199,1,2
1290,200,1,2
1290,201,1,2
1290,202,1,2
1290,203,1,2
1290,204,1,2
1290,205,1,2
1290,206,1,2
1290,207,1,2
1290,208,1,2
1290,209,1,2
1290,210,1,2
1290,211,1,2
1290,212,1,2
1290,213,1,2
1290,214,1,2
1290,215,1,2
1290,216,1,2
1290,217,1,2
1290,218,1,2
1290,219,1,2
1290,220,1,2
1290,221,1,2
1290,222,1,2
1290,223,1,2
1290,224,1,2
1290,225,1,2
1290,226,1,2
1290,227,1,2
1290,228,1,2
1290,229,1,2
1290,230,1,2
1290,231,1,2
1290,232,1,2
1290,233,1,2
1290,234,1,2
1290,235,1,2
1290,236,1,2
1290,237,1,2
1290,238,1,2
1290,239,1,2
1290,240,1,2
1290,241,1,2
1290,242,1,2
1290,243,1,2
1290,244,1,2
1290,245,1,2
1290,246,1,2
1290,247,1,2
1290,248,1,2
1290,249,1,2
1290,250,1,2
1290,251,1,2
1290,252,1,2
1290,253,1,2
1290,254,1,2
1290,255,1,2
1290,256,1,2
1290,257,1,2
1290,258,1,2
1290,259,1,2
1290,260,1,2
1290,261,1,2
1290,262,1,2
1290,263,1,2
1290,264,1,2
1290,265,1,2
1290,266,1,2
1290,267,1,2
1290,268,1,2
1290,269,1,2
1290,270,1,2
1290,271,1,2
1290,272,1,2
1290,273,1,2
1290,274,1,2
1290,275,1,2
1290,276,1,2
1290,277,1,2
1290,278,1,2
1290,279,1,2
1290,280,1,2
1290,281,1,2
1290,282,1,2
1290,283,1,2
1290,284,1,2
1290,285,1,2
1290,286,1,2
1290,287,1,2
1290,288,1,2
1290,289,1,2
1290,290,1,2
1290,291,1,2
1290,292,1,2
1290,293,1,2
1290,294,1,2
1290,295,1,2
1290,296,1,2
1290,297,1,2
1290,298,1,2
1290,299,1,2
1290,300,1,2
1290,301,1,2
1290,302,1,2
1290,303,1,2
1290,304,1,2
1290,305,1,2
1290,306,1,2
1290,307,1,2
1290,308,1,2
1290,309,1,2
1290,310,1,2
1290,311,1,2
1290,312,1,2
1290,313,1,2
1290,314,1,2
1290,315,1,2
1290,316,1,2
1290,317,1,2
1290,318,1,2
1290,319,1,2
1290,320,1,2
1290,321,1,2
1290,322,1,2
1290,323,1,2
1290,324,1,2
1290,325,1,2
1290,326,1,2
1290,327,1,2
1290,328,1,2
1290,329,1,2
1290,330,1,2
1290,331,1,2
1290,332,1,2
1290,333,1,2
1290,334,1,2
1290,335,1,2
1290,336,1,2
1290,337,1,2
1290,338,1,2
1290,339,1,2
1290,340,1,2
1290,341,1,2
1290,342,1,2
1290,343,1,2
1290,344,1,2
1290,345,1,2
1290,346,1,2
1290,347,1,2
1290,348,1,2
1290,349,1,2
1290,350,1,2
1290,351,1,2
1290,352,1,2
1290,353,1,2
1290,354,1,2
1290,355,1,2
1290,356,1,2
1290,357,1,2
1290,358,1,2
1290,359,1,2
1290,360,1,2
1290,361,1,2
1290,362,1,2
1290,363,1,2
1290,364,1,2
1290,365,1,2
1290,366,1,2
1290,367,1,2
1290,368,1,2
1290,369,1,2
1290,370,1,2
1290,371,1,2
1290,372,1,2
1290,373,1,2
1290,374,1,2
1290,375,1,2
1290,376,1,2
1290,377,1,2
1290,378,1,2
1290,379,1,2
1290,380,1,2
1290,381,1,2
1290,382,1,2
1290,383,1,2
1290,384,1,2
1290,385,1,2
1290,386,1,2
1290,387,1,2
1290,388,1,2
1290,389,1,2
1290,390,1,2
1290,391,1,2
1290,392,1,2
1290,393,1,2
1290,394,1,2
1290,395,1,2
1290,396,1,2
1290,397,1,2
1290,398,1,2
1290,399,1,2
1290,400,1,2
1290,401,1,2
1290,402,1,2
1290,403,1,2
1290,404,1,2
1290,405,1,2
1290,406,1,2
1290,407,1,2
1290,408,1,2
1290,409,1,2
1290,410,1,2
1290,411,1,2
1290,412,1,2
1290,413,1,2
1290,414,1,2
1290,415,1,2
1290,416,1,2
1290,417,1,2
1290,418,1,2
1290,419,1,2
1290,420,1,2
1290,421,1,2
1290,422,1,2
1290,423,1,2
1290,424,1,2
1290,425,1,2
1290,426,1,2
1290,427,1,2
1290,428,1,2
1290,429,1,2
1290,430,1,2
1290,431,1,2
1290,432,1,2
1290,433,1,2
1290,434,1,2
1290,435,1,2
1290,436,1,2
1290,437,1,2
1290,438,1,2
1290,439,1,2
1290,440,1,2
1290,441,1,2
1290,442,1,2
1290,443,1,2
1290,444,1,2
1290,445,1,2
1290,446,1,2
1290,447,1,2
1290,448,1,2
1290,449,1,2
1290,450,1,2
1290,451,1,2
1290,452,1,2
1290,453,1,2
1290,454,1,2
1290,455,1,2
1290,456,1,2
1290,457,1,2
1290,458,1,2
1290,459,1,2
1290,460,1,2
1290,461,1,2
1290,462,1,2
1290,463,1,2
1290,464,1,2
1290,465,1,2
1290,466,1,2
1290,467,1,2
1291,110,1,2
1291,111,1,2
1291,112,1,2
1291,113,1,2
1291,114,1,2
1291,115,1,3
1291,116,1,3
1291,117,1,3
1291,118,1,3
1291,119,1,3
1291,120,1,3
1291,121,1,3
1291,122,1,3
1291,123,1,3
1291,124,1,3
1291,125,1,3
1291,126,1,2
1291,127,1,2
1291,128,1,2
1291,129,1,2
1291,130,1,2
1291,131,1,2
1291,132,1,2
1291,133,1,2
1291,134,1,2
1291,135,1,2
1291,136,1,2
1291,137,1,2
1291,138,1,2
1291,139,1,2
1291,140,1,2
1291,141,1,2
1291,142,1,2
1291,143,1,2
1291,144,1,2
1291,145,1,2
1291,146,1,2
1291,147,1,2
1291,148,1,2
1291,149,1,2
1291,150,1,2
1291,151,1,2
1291,152,1,2
1291,153,1,2
1291,154,1,2
1291,155,1,2
1291,156,1,2
1291,157,1,2
1291,158,1,2
1291,159,1,2
1291,160,1,2
1291,161,1,2
1291,162,1,2
1291,163,1,2
1291,164,1,2
1291,165,1,2
1291,166,1,2
1291,167,1,2
1291,168,1,2
1291,169,1,2
1291,170,1,2
1291,171,1,2
1291,172,1,2
1291,173,1,2
1291,174,1,2
1291,175,1,2
1291,176,1,2
1291,177,1,2
1291,178,1,2
1291,179,1,2
1291,180,1,2
1291,181,1,2
1291,182,1,2
1291,183,1,2
1291,184,1,2
1291,185,1,2
1291,186,1,2
1291,187,1,2
1291,188,1,2
1291,189,1,2
1291,190,1,2
1291,191,1,2
1291,192,1,2
1291,193,1,2
1291,194,1,2
1291,195,1,2
1291,196,1,2
1291,197,1,2
1291,198,1,2
1291,199,1,2
1291,200,1,2
1291,201,1,2
1291,202,1,2
1291,203,1,2
1291,204,1,2
1291,205,1,2
1291,206,1,2
1291,207,1,2
1291,208,1,2
1291,209,1,2
1291,210,1,2
1291,211,1,2
1291,212,1,2
1291,213,1,2
1291,214,1,2
1291,215,1,2
1291,216,1,2
1291,217,1,2
1291,218,1,2
1291,219,1,2
1291,220,1,2
1291,221,1,2
1291,222,1,2
1291,223,1,2
1291,224,1,2
1291,225,1,2
1291,226,1,2
1291,227,1,2
1291,228,1,2
1291,229,1,2
1291,230,1,2
1291,231,1,2
1291,232,1,2
1291,233,1,2
1291,234,1,2
1291,235,1,2
1291,236,1,2
1291,237,1,2
1291,238,1,2
1291,239,1,2
1291,240,1,2
1291,241,1,2
1291,242,1,2
1291,243,1,2
1291,244,1,2
1291,245,1,2
1291,246,1,2
1291,247,1,2
1291,248,1,2
1291,249,1,2
1291,250,1,2
1291,251,1,2
1291,252,1,2
1291,253,1,2
1291,254,1,2
1291,255,1,2
1291,256,1,2
1291,257,1,2
1291,258,1,2
1291,259,1,2
1291,260,1,2
1291,261,1,2
1291,262,1,2
1291,263,1,2
1291,264,1,2
1291,265,1,2
1291,266,1,2
1291,267,1,2
1291,268,1,2
1291,269,1,2
1291,270,1,2
1291,271,1,2
1291,272,1,2
1291,273,1,2
1291,274,1,2
1291,275,1,2
1291,276,1,2
1291,277,1,2
1291,278,1,2
1291,279,1,2
1291,280,1,2
1291,281,1,2
1291,282,1,2
1291,283,1,2
1291,284,1,2
1291,285,1,2
1291,286,1,2
1291,287,1,2
1291,288,1,2
1291,289,1,2
1291,290,1,2
1291,291,1,2
1291,292,1,2
1291,293,1,2
1291,294,1,2
1291,295,1,2
1291,296,1,2
1291,297,1,2
1291,298,1,2
1291,299,1,2
1291,300,1,2
1291,301,1,2
1291,302,1,2
1291,303,1,2
1291,304,1,2
1291,305,1,2
1291,306,1,2
1291,307,1,2
1291,308,1,2
1291,309,1,2
1291,310,1,2
1291,311,1,2
1291,312,1,2
1291,313,1,2
1291,314,1,2
1291,315,1,2
1291,316,1,2
1291,317,1,2
1291,318,1,2
1291,319,1,2
1291,320,1,2
1291,321,1,2
1291,322,1,2
1291,323,1,2
1291,324,1,2
1291,325,1,2
1291,326,1,2
1291,327,1,2
1291,328,1,2
1291,329,1,2
1291,330,1,2
1291,331,1,2
1291,332,1,2
1291,333,1,2
1291,334,1,2
1291,335,1,2
1291,336,1,2
1291,337,1,2
1291,338,1,2
1291,339,1,2
1291,340,1,2
1291,341,1,2
1291,342,1,2
1291,343,1,2
1291,344,1,2
1291,345,1,2
1291,346,1,2
1291,347,1,2
1291,348,1,2
1291,349,1,2
1291,350,1,2
1291,351,1,2
1291,352,1,2
1291,353,1,2
1291,354,1,2
1291,355,1,2
1291,356,1,2
1291,357,1,2
1291,358,1,2
1291,359,1,2
1291,360,1,2
1291,361,1,2
1291,362,1,2
1291,363,1,2
1291,364,1,2
1291,365,1,2
1291,366,1,2
1291,367,1,2
1291,368,1,2
1291,369,1,2
1291,370,1,2
1291,371,1,2
1291,372,1,2
1291,373,1,2
1291,374,1,2
1291,375,1,2
1291,376,1,2
1291,377,1,2
1291,378,1,2
1291,379,1,2
1291,380,1,2
1291,381,1,2
1291,382,1,2
1291,383,1,2
1291,384,1,2
1291,385,1,2
1291,386,1,2
1291,387,1,2
1291,388,1,2
1291,389,1,2
1291,390,1,2
1291,391,1,2
1291,392,1,2
1291,393,1,2
1291,394,1,2
1291,395,1,2
1291,396,1,2
1291,397,1,2
1291,398,1,2
1291,399,1,2
1291,400,1,2
1291,401,1,2
1291,402,1,2
1291,403,1,2
1291,404,1,2
1291,405,1,2
1291,406,1,2
1291,407,1,2
1291,408,1,2
1291,409,1,2
1291,410,1,2
1291,411,1,2
1291,412,1,2
1291,413,1,2
1291,414,1,2
1291,415,1,2
1291,416,1,2
1291,417,1,2
1291,418,1,2
1291,419,1,2
1291,420,1,2
1291,421,1,2
1291,422,1,2
1291,423,1,2
1291,424,1,2
1291,425,1,2
1291,426,1,2
1291,427,1,2
1291,428,1,2
1291,429,1,2
1291,430,1,2
1291,431,1,2
1291,432,1,2
1291,433,1,2
1291,434,1,2
1291,435,1,2
1291,436,1,2
1291,437,1,2
1291,438,1,2
1291,439,1,2
1291,440,1,2
1291,441,1,2
1291,442,1,2
1291,443,1,2
1291,444,1,2
1291,445,1,2
1291,446,1,2
1291,447,1,2
1291,448,1,2
1291,449,1,2
1291,450,1,2
1291,451,1,2
1291,452,1,2
1291,453,1,2
1291,454,1,2
1291,455,1,2
1291,456,1,2
1291,457,1,2
1291,458,1,2
1291,459,1,2
1291,460,1,2
1291,461,1,2
1291,462,1,2
1291,463,1,2
1291,464,1,2
1291,465,1,2
1291,466,1,2
1291,467,1,2
1292,110,1,2
1292,111,1,2
1292,112,1,2
1292,113,1,2
1292,114,1,2
1292,115,1,3
1292,116,1,3
1292,117,1,3
1292,118,1,3
1292,119,1,3
1292,120,1,3
1292,121,1,3
1292,122,1,3
1292,123,1,3
1292,124,1,3
1292,125,1,3
1292,126,1,2
1292,127,1,2
1292,128,1,2
1292,129,1,2
1292,130,1,2
1292,131,1,2
1292,132,1,2
1292,133,1,2
1292,134,1,2
1292,135,1,2
1292,136,1,2
1292,137,1,2
1292,138,1,2
1292,139,1,2
1292,140,1,2
1292,141,1,2
1292,142,1,2
1292,143,1,2
1292,144,1,2
1292,145,1,2
1292,146,1,2
1292,147,1,2
1292,148,1,2
1292,149,1,2
1292,150,1,2
1292,151,1,2
1292,152,1,2
1292,153,1,2
1292,154,1,2
1292,155,1,2
1292,156,1,2
1292,157,1,2
1292,158,1,2
1292,159,1,2
1292,160,1,2
1292,161,1,2
1292,162,1,2
1292,163,1,2
1292,164,1,2
1292,165,1,2
1292,166,1,2
1292,167,1,2
1292,168,1,2
1292,169,1,2
1292,170,1,2
1292,171,1,2
1292,172,1,2
1292,173,1,2
1292,174,1,2
1292,175,1,2
1292,176,1,2
1292,177,1,2
1292,178,1,2
1292,179,1,2
1292,180,1,2
1292,181,1,2
1292,182,1,2
1292,183,1,2
1292,184,1,2
1292,185,1,2
1292,186,1,2
1292,187,1,2
1292,188,1,2
1292,189,1,2
1292,190,1,2
1292,191,1,2
1292,192,1,2
1292,193,1,2
1292,194,1,2
1292,195,1,2
1292,196,1,2
1292,197,1,2
1292,198,1,2
1292,199,1,2
1292,200,1,2
1292,201,1,2
1292,202,1,2
1292,203,1,2
1292,204,1,2
1292,205,1,2
1292,206,1,2
1292,207,1,2
1292,208,1,2
1292,209,1,2
1292,210,1,2
1292,211,1,2
1292,212,1,2
1292,213,1,2
1292,214,1,2
1292,215,1,2
1292,216,1,2
1292,217,1,2
1292,218,1,2
1292,219,1,2
1292,220,1,2
1292,221,1,2
1292,222,1,2
1292,223,1,2
1292,224,1,2
1292,225,1,2
1292,226,1,2
1292,227,1,2
1292,228,1,2
1292,229,1,2
1292,230,1,2
1292,231,1,2
1292,232,1,2
1292,233,1,2
1292,234,1,2
1292,235,1,2
1292,236,1,2
1292,237,1,2
1292,238,1,2
1292,239,1,2
1292,240,1,2
1292,241,1,2
1292,242,1,2
1292,243,1,2
1292,244,1,2
1292,245,1,2
1292,246,1,2
1292,247,1,2
1292,248,1,2
1292,249,1,2
1292,250,1,2
1292,251,1,2
1292,252,1,2
1292,253,1,2
1292,254,1,2
1292,255,1,2
1292,256,1,2
1292,257,1,2
1292,258,1,2
1292,259,1,2
1292,260,1,2
1292,261,1,2
1292,262,1,2
1292,263,1,2
1292,264,1,2
1292,265,1,2
1292,266,1,2
1292,267,1,2
1292,268,1,2
1292,269,1,2
1292,270,1,2
1292,271,1,2
1292,272,1,2
1292,273,1,2
1292,274,1,2
1292,275,1,2
1292,276,1,2
1292,277,1,2
1292,278,1,2
1292,279,1,2
1292,280,1,2
1292,281,1,2
1292,282,1,2
1292,283,1,2
1292,284,1,2
1292,285,1,2
1292,286,1,2
1292,287,1,2
1292,288,1,2
1292,289,1,2
1292,290,1,2
1292,291,1,2
1292,292,1,2
1292,293,1,2
1292,294,1,2
1292,295,1,2
1292,296,1,2
1292,297,1,2
1292,298,1,2
1292,299,1,2
1292,300,1,2
1292,301,1,2
1292,302,1,2
1292,303,1,2
1292,304,1,2
1292,305,1,2
1292,306,1,2
1292,307,1,2
1292,308,1,2
1292,309,1,2
1292,310,1,2
1292,311,1,2
1292,312,1,2
1292,313,1,2
1292,314,1,2
1292,315,1,2
1292,316,1,2
1292,317,1,2
1292,318,1,2
1292,319,1,2
1292,320,1,2
1292,321,1,2
1292,322,1,2
1292,323,1,2
1292,324,1,2
1292,325,1,2
1292,326,1,2
1292,327,1,2
1292,328,1,2
1292,329,1,2
1292,330,1,2
1292,331,1,2
1292,332,1,2
1292,333,1,2
1292,334,1,2
1292,335,1,2
1292,336,1,2
1292,337,1,2
1292,338,1,2
1292,339,1,2
1292,340,1,2
1292,341,1,2
1292,342,1,2
1292,343,1,2
1292,344,1,2
1292,345,1,2
1292,346,1,2
1292,347,1,2
1292,348,1,2
1292,349,1,2
1292,350,1,2
1292,351,1,2
1292,352,1,2
1292,353,1,2
1292,354,1,2
1292,355,1,2
1292,356,1,2
1292,357,1,2
1292,358,1,2
1292,359,1,2
1292,360,1,2
1292,361,1,2
1292,362,1,2
1292,363,1,2
1292,364,1,2
1292,365,1,2
1292,366,1,2
1292,367,1,2
1292,368,1,2
1292,369,1,2
1292,370,1,2
1292,371,1,2
1292,372,1,2
1292,373,1,2
1292,374,1,2
1292,375,1,2
1292,376,1,2
1292,377,1,2
1292,378,1,2
1292,379,1,2
1292,380,1,2
1292,381,1,2
1292,382,1,2
1292,383,1,2
1292,384,1,2
1292,385,1,2
1292,386,1,2
1292,387,1,2
1292,388,1,2
1292,389,1,2
1292,390,1,2
1292,391,1,2
1292,392,1,2
1292,393,1,2
1292,394,1,2
1292,395,1,2
1292,396,1,2
1292,397,1,2
1292,398,1,2
1292,399,1,2
1292,400,1,2
1292,401,1,2
1292,402,1,2
1292,403,1,2
1292,404,1,2
1292,405,1,2
1292,406,1,2
1292,407,1,2
1292,408,1,2
1292,409,1,2
1292,410,1,2
1292,411,1,2
1292,412,1,2
1292,413,1,2
1292,414,1,2
1292,415,1,2
1292,416,1,2
1292,417,1,2
1292,418,1,2
1292,419,1,2
1292,420,1,2
1292,421,1,2
1292,422,1,2
1292,423,1,2
1292,424,1,2
1292,425,1,2
1292,426,1,2
1292,427,1,2
1292,428,1,2
1292,429,1,2
1292,430,1,2
1292,431,1,2
1292,432,1,2
1292,433,1,2
1292,434,1,2
1292,435,1,2
1292,436,1,2
1292,437,1,2
1292,438,1,2
1292,439,1,2
1292,440,1,2
1292,441,1,2
1292,442,1,2
1292,443,1,2
1292,444,1,2
1292,445,1,2
1292,446,1,2
1292,447,1,2
1292,448,1,2
1292,449,1,2
1292,450,1,2
1292,451,1,2
1292,452,1,2
1292,453,1,2
1292,454,1,2
1292,455,1,2
1292,456,1,2
1292,457,1,2
1292,458,1,2
1292,459,1,2
1292,460,1,2
1292,461,1,2
1292,462,1,2
1292,463,1,2
1292,464,1,2
1292,465,1,2
1292,466,1,2
1292,467,1,2
1293,109,1,2
1293,110,1,2
1293,111,1,2
1293,112,1,2
1293,113,1,2
1293,114,1,2
1293,115,1,2
1293,116,1,2
1293,117,1,3
1293,118,1,3
1293,119,1,3
1293,120,1,3
1293,121,1,3
1293,122,1,3
1293,123,1,3
1293,124,1,3
1293,125,1,2
1293,126,1,2
1293,127,1,2
1293,128,1,2
1293,129,1,2
1293,130,1,2
1293,131,1,2
1293,132,1,2
1293,133,1,2
1293,134,1,2
1293,135,1,2
1293,136,1,2
1293,137,1,2
1293,138,1,2
1293,139,1,2
1293,140,1,2
1293,141,1,2
1293,142,1,2
1293,143,1,2
1293,144,1,2
1293,145,1,2
1293,146,1,2
1293,147,1,2
1293,148,1,2
1293,149,1,2
1293,150,1,2
1293,151,1,2
1293,152,1,2
1293,153,1,2
1293,154,1,2
1293,155,1,2
1293,156,1,2
1293,157,1,2
1293,158,1,2
1293,159,1,2
1293,160,1,2
1293,161,1,2
1293,162,1,2
1293,163,1,2
1293,164,1,2
1293,165,1,2
1293,166,1,2
1293,167,1,2
1293,168,1,2
1293,169,1,2
1293,170,1,2
1293,171,1,2
1293,172,1,2
1293,173,1,2
1293,174,1,2
1293,175,1,2
1293,176,1,2
1293,177,1,2
1293,178,1,2
1293,179,1,2
1293,180,1,2
1293,181,1,2
1293,182,1,2
1293,183,1,2
1293,184,1,2
1293,185,1,2
1293,186,1,2
1293,187,1,2
1293,188,1,2
1293,189,1,2
1293,190,1,2
1293,191,1,2
1293,192,1,2
1293,193,1,2
1293,194,1,2
1293,195,1,2
1293,196,1,2
1293,197,1,2
1293,198,1,2
1293,199,1,2
1293,200,1,2
1293,201,1,2
1293,202,1,2
1293,203,1,2
1293,204,1,2
1293,205,1,2
1293,206,1,2
1293,207,1,2
1293,208,1,2
1293,209,1,2
1293,210,1,2
1293,211,1,2
1293,212,1,2
1293,213,1,2
1293,214,1,2
1293,215,1,2
1293,216,1,2
1293,217,1,2
1293,218,1,2
1293,219,1,2
1293,220,1,2
1293,221,1,2
1293,222,1,2
1293,223,1,2
1293,224,1,2
1293,225,1,2
1293,226,1,2
1293,227,1,2
1293,228,1,2
1293,229,1,2
1293,230,1,2
1293,231,1,2
1293,232,1,2
1293,233,1,2
1293,234,1,2
1293,235,1,2
1293,236,1,2
1293,237,1,2
1293,238,1,2
1293,239,1,2
1293,240,1,2
1293,241,1,2
1293,242,1,2
1293,243,1,2
1293,244,1,2
1293,245,1,2
1293,246,1,2
1293,247,1,2
1293,248,1,2
1293,249,1,2
1293,250,1,2
1293,251,1,2
1293,252,1,2
1293,253,1,2
1293,254,1,2
1293,255,1,2
1293,256,1,2
1293,257,1,2
1293,258,1,2
1293,259,1,2
1293,260,1,2
1293,261,1,2
1293,262,1,2
1293,263,1,2
1293,264,1,2
1293,265,1,2
1293,266,1,2
1293,267,1,2
1293,268,1,2
1293,269,1,2
1293,270,1,2
1293,271,1,2
1293,272,1,2
1293,273,1,2
1293,274,1,2
1293,275,1,2
1293,276,1,2
1293,277,1,2
1293,278,1,2
1293,279,1,2
1293,280,1,2
1293,281,1,2
1293,282,1,2
1293,283,1,2
1293,284,1,2
1293,285,1,2
1293,286,1,2
1293,287,1,2
1293,288,1,2
1293,289,1,2
1293,290,1,2
1293,291,1,2
1293,292,1,2
1293,293,1,2
1293,294,1,2
1293,295,1,2
1293,296,1,2
1293,297,1,2
1293,298,1,2
1293,299,1,2
1293,300,1,2
1293,301,1,2
1293,302,1,2
1293,303,1,2
1293,304,1,2
1293,305,1,2
1293,306,1,2
1293,307,1,2
1293,308,1,2
1293,309,1,2
1293,310,1,2
1293,311,1,2
1293,312,1,2
1293,313,1,2
1293,314,1,2
1293,315,1,2
1293,316,1,2
1293,317,1,2
1293,318,1,2
1293,319,1,2
1293,320,1,2
1293,321,1,2
1293,322,1,2
1293,323,1,2
1293,324,1,2
1293,325,1,2
1293,326,1,2
1293,327,1,2
1293,328,1,2
1293,329,1,2
1293,330,1,2
1293,331,1,2
1293,332,1,2
1293,333,1,2
1293,334,1,2
1293,335,1,2
1293,336,1,2
1293,337,1,2
1293,338,1,2
1293,339,1,2
1293,340,1,2
1293,341,1,2
1293,342,1,2
1293,343,1,2
1293,344,1,2
1293,345,1,2
1293,346,1,2
1293,347,1,2
1293,348,1,2
1293,349,1,2
1293,350,1,2
1293,351,1,2
1293,352,1,2
1293,353,1,2
1293,354,1,2
1293,355,1,2
1293,356,1,2
1293,357,1,2
1293,358,1,2
1293,359,1,2
1293,360,1,2
1293,361,1,2
1293,362,1,2
1293,363,1,2
1293,364,1,2
1293,365,1,2
1293,366,1,2
1293,367,1,2
1293,368,1,2
1293,369,1,2
1293,370,1,2
1293,371,1,2
1293,372,1,2
1293,373,1,2
1293,374,1,2
1293,375,1,2
1293,376,1,2
1293,377,1,2
1293,378,1,2
1293,379,1,2
1293,380,1,2
1293,381,1,2
1293,382,1,2
1293,383,1,2
1293,384,1,2
1293,385,1,2
1293,386,1,2
1293,387,1,2
1293,388,1,2
1293,389,1,2
1293,390,1,2
1293,391,1,2
1293,392,1,2
1293,393,1,2
1293,394,1,2
1293,395,1,2
1293,396,1,2
1293,397,1,2
1293,398,1,2
1293,399,1,2
1293,400,1,2
1293,401,1,2
1293,402,1,2
1293,403,1,2
1293,404,1,2
1293,405,1,2
1293,406,1,2
1293,407,1,2
1293,408,1,2
1293,409,1,2
1293,410,1,2
1293,411,1,2
1293,412,1,2
1293,413,1,2
1293,414,1,2
1293,415,1,2
1293,416,1,2
1293,417,1,2
1293,418,1,2
1293,419,1,2
1293,420,1,2
1293,421,1,2
1293,422,1,2
1293,423,1,2
1293,424,1,2
1293,425,1,2
1293,426,1,2
1293,427,1,2
1293,428,1,2
1293,429,1,2
1293,430,1,2
1293,431,1,2
1293,432,1,2
1293,433,1,2
1293,434,1,2
1293,435,1,2
1293,436,1,2
1293,437,1,2
1293,438,1,2
1293,439,1,2
1293,440,1,2
1293,441,1,2
1293,442,1,2
1293,443,1,2
1293,444,1,2
1293,445,1,2
1293,446,1,2
1293,447,1,2
1293,448,1,2
1293,449,1,2
1293,450,1,2
1293,451,1,2
1293,452,1,2
1293,453,1,2
1293,454,1,2
1293,455,1,2
1293,456,1,2
1293,457,1,2
1293,458,1,2
1293,459,1,2
1293,460,1,2
1293,461,1,2
1293,462,1,2
1293,463,1,2
1293,464,1,2
1293,465,1,2
1293,466,1,2
1293,467,1,2
1294,109,1,2
1294,110,1,2
1294,111,1,2
1294,112,1,2
1294,113,1,2
1294,114,1,2
1294,115,1,2
1294,116,1,2
1294,117,1,3
1294,118,1,3
1294,119,1,3
1294,120,1,3
1294,121,1,3
1294,122,1,3
1294,123,1,3
1294,124,1,3
1294,125,1,2
1294,126,1,2
1294,127,1,2
1294,128,1,2
1294,129,1,2
1294,130,1,2
1294,131,1,2
1294,132,1,2
1294,133,1,2
1294,134,1,2
1294,135,1,2
1294,136,1,2
1294,137,1,2
1294,138,1,2
1294,139,1,2
1294,140,1,2
1294,141,1,2
1294,142,1,2
1294,143,1,2
1294,144,1,2
1294,145,1,2
1294,146,1,2
1294,147,1,2
1294,148,1,2
1294,149,1,2
1294,150,1,2
1294,151,1,2
1294,152,1,2
1294,153,1,2
1294,154,1,2
1294,155,1,2
1294,156,1,2
1294,157,1,2
1294,158,1,2
1294,159,1,2
1294,160,1,2
1294,161,1,2
1294,162,1,2
1294,163,1,2
1294,164,1,2
1294,165,1,2
1294,166,1,2
1294,167,1,2
1294,168,1,2
1294,169,1,2
1294,170,1,2
1294,171,1,2
1294,172,1,2
1294,173,1,2
1294,174,1,2
1294,175,1,2
1294,176,1,2
1294,177,1,2
1294,178,1,2
1294,179,1,2
1294,180,1,2
1294,181,1,2
1294,182,1,2
1294,183,1,2
1294,184,1,2
1294,185,1,2
1294,186,1,2
1294,187,1,2
1294,188,1,2
1294,189,1,2
1294,190,1,2
1294,191,1,2
1294,192,1,2
1294,193,1,2
1294,194,1,2
1294,195,1,2
1294,196,1,2
1294,197,1,2
1294,198,1,2
1294,199,1,2
1294,200,1,2
1294,201,1,2
1294,202,1,2
1294,203,1,2
1294,204,1,2
1294,205,1,2
1294,206,1,2
1294,207,1,2
1294,208,1,2
1294,209,1,2
1294,210,1,2
1294,211,1,2
1294,212,1,2
1294,213,1,2
1294,214,1,2
1294,215,1,2
1294,216,1,2
1294,217,1,2
1294,218,1,2
1294,219,1,2
1294,220,1,2
1294,221,1,2
1294,222,1,2
1294,223,1,2
1294,224,1,2
1294,225,1,2
1294,226,1,2
1294,227,1,2
1294,228,1,2
1294,229,1,2
1294,230,1,2
1294,231,1,2
1294,232,1,2
1294,233,1,2
1294,234,1,2
1294,235,1,2
1294,236,1,2
1294,237,1,2
1294,238,1,2
1294,239,1,2
1294,240,1,2
1294,241,1,2
1294,242,1,2
1294,243,1,2
1294,244,1,2
1294,245,1,2
1294,246,1,2
1294,247,1,2
1294,248,1,2
1294,249,1,2
1294,250,1,2
1294,251,1,2
1294,252,1,2
1294,253,1,2
1294,254,1,2
1294,255,1,2
1294,256,1,2
1294,257,1,2
1294,258,1,2
1294,259,1,2
1294,260,1,2
1294,261,1,2
1294,262,1,2
1294,263,1,2
1294,264,1,2
1294,265,1,2
1294,266,1,2
1294,267,1,2
1294,268,1,2
1294,269,1,2
1294,270,1,2
1294,271,1,2
1294,272,1,2
1294,273,1,2
1294,274,1,2
1294,275,1,2
1294,276,1,2
1294,277,1,2
1294,278,1,2
1294,279,1,2
1294,280,1,2
1294,281,1,2
1294,282,1,2
1294,283,1,2
1294,284,1,2
1294,285,1,2
1294,286,1,2
1294,287,1,2
1294,288,1,2
1294,289,1,2
1294,290,1,2
1294,291,1,2
1294,292,1,2
1294,293,1,2
1294,294,1,2
1294,295,1,2
1294,296,1,2
1294,297,1,2
1294,298,1,2
1294,299,1,2
1294,300,1,2
1294,301,1,2
1294,302,1,2
1294,303,1,2
1294,304,1,2
1294,305,1,2
1294,306,1,2
1294,307,1,2
1294,308,1,2
1294,309,1,2
1294,310,1,2
1294,311,1,2
1294,312,1,2
1294,313,1,2
1294,314,1,2
1294,315,1,2
1294,316,1,2
1294,317,1,2
1294,318,1,2
1294,319,1,2
1294,320,1,2
1294,321,1,2
1294,322,1,2
1294,323,1,2
1294,324,1,2
1294,325,1,2
1294,326,1,2
1294,327,1,2
1294,328,1,2
1294,329,1,2
1294,330,1,2
1294,331,1,2
1294,332,1,2
1294,333,1,2
1294,334,1,2
1294,335,1,2
1294,336,1,2
1294,337,1,2
1294,338,1,2
1294,339,1,2
1294,340,1,2
1294,341,1,2
1294,342,1,2
1294,343,1,2
1294,344,1,2
1294,345,1,2
1294,346,1,2
1294,347,1,2
1294,348,1,2
1294,349,1,2
1294,350,1,2
1294,351,1,2
1294,352,1,2
1294,353,1,2
1294,354,1,2
1294,355,1,2
1294,356,1,2
1294,357,1,2
1294,358,1,2
1294,359,1,2
1294,360,1,2
1294,361,1,2
1294,362,1,2
1294,363,1,2
1294,364,1,2
1294,365,1,2
1294,366,1,2
1294,367,1,2
1294,368,1,2
1294,369,1,2
1294,370,1,2
1294,371,1,2
1294,372,1,2
1294,373,1,2
1294,374,1,2
1294,375,1,2
1294,376,1,2
1294,377,1,2
1294,378,1,2
1294,379,1,2
1294,380,1,2
1294,381,1,2
1294,382,1,2
1294,383,1,2
1294,384,1,2
1294,385,1,2
1294,386,1,2
1294,387,1,2
1294,388,1,2
1294,389,1,2
1294,390,1,2
1294,391,1,2
1294,392,1,2
1294,393,1,2
1294,394,1,2
1294,395,1,2
1294,396,1,2
1294,397,1,2
1294,398,1,2
1294,399,1,2
1294,400,1,2
1294,401,1,2
1294,402,1,2
1294,403,1,2
1294,404,1,2
1294,405,1,2
1294,406,1,2
1294,407,1,2
1294,408,1,2
1294,409,1,2
1294,410,1,2
1294,411,1,2
1294,412,1,2
1294,413,1,2
1294,414,1,2
1294,415,1,2
1294,416,1,2
1294,417,1,2
1294,418,1,2
1294,419,1,2
1294,420,1,2
1294,421,1,2
1294,422,1,2
1294,423,1,2
1294,424,1,2
1294,425,1,2
1294,426,1,2
1294,427,1,2
1294,428,1,2
1294,429,1,2
1294,430,1,2
1294,431,1,2
1294,432,1,2
1294,433,1,2
1294,434,1,2
1294,435,1,2
1294,436,1,2
1294,437,1,2
1294,438,1,2
1294,439,1,2
1294,440,1,2
1294,441,1,2
1294,442,1,2
1294,443,1,2
1294,444,1,2
1294,445,1,2
1294,446,1,2
1294,447,1,2
1294,448,1,2
1294,449,1,2
1294,450,1,2
1294,451,1,2
1294,452,1,2
1294,453,1,2
1294,454,1,2
1294,455,1,2
1294,456,1,2
1294,457,1,2
1294,458,1,2
1294,459,1,2
1294,460,1,2
1294,461,1,2
1294,462,1,2
1294,463,1,2
1294,464,1,2
1294,465,1,2
1294,466,1,2
1294,467,1,2
1295,108,1,2
1295,109,1,2
1295,110,1,2
1295,111,1,2
1295,112,1,2
1295,113,1,2
1295,114,1,2
1295,115,1,2
1295,116,1,2
1295,117,1,2
1295,118,1,3
1295,119,1,3
1295,120,1,3
1295,121,1,2
1295,122,1,2
1295,123,1,3
1295,124,1,2
1295,125,1,2
1295,126,1,2
1295,127,1,2
1295,128,1,2
1295,129,1,2
1295,130,1,2
1295,131,1,2
1295,132,1,2
1295,133,1,2
1295,134,1,2
1295,135,1,2
1295,136,1,2
1295,137,1,2
1295,138,1,2
1295,139,1,2
1295,140,1,2
1295,141,1,2
1295,142,1,2
1295,143,1,2
1295,144,1,2
1295,145,1,2
1295,146,1,2
1295,147,1,2
1295,148,1,2
1295,149,1,2
1295,150,1,2
1295,151,1,2
1295,152,1,2
1295,153,1,2
1295,154,1,2
1295,155,1,2
1295,156,1,2
1295,157,1,2
1295,158,1,2
1295,159,1,2
1295,160,1,2
1295,161,1,2
1295,162,1,2
1295,163,1,2
1295,164,1,2
1295,165,1,2
1295,166,1,2
1295,167,1,2
1295,168,1,2
1295,169,1,2
1295,170,1,2
1295,171,1,2
1295,172,1,2
1295,173,1,2
1295,174,1,2
1295,175,1,2
1295,176,1,2
1295,177,1,2
1295,178,1,2
1295,179,1,2
1295,180,1,2
1295,181,1,2
1295,182,1,2
1295,183,1,2
1295,184,1,2
1295,185,1,2
1295,186,1,2
1295,187,1,2
1295,188,1,2
1295,189,1,2
1295,190,1,2
1295,191,1,2
1295,192,1,2
1295,193,1,2
1295,194,1,2
1295,195,1,2
1295,196,1,2
1295,197,1,2
1295,198,1,2
1295,199,1,2
1295,200,1,2
1295,201,1,2
1295,202,1,2
1295,203,1,2
1295,204,1,2
1295,205,1,2
1295,206,1,2
1295,207,1,2
1295,208,1,2
1295,209,1,2
1295,210,1,2
1295,211,1,2
1295,212,1,2
1295,213,1,2
1295,214,1,2
1295,215,1,2
1295,216,1,2
1295,217,1,2
1295,218,1,2
1295,219,1,2
1295,220,1,2
1295,221,1,2
1295,222,1,2
1295,223,1,2
1295,224,1,2
1295,225,1,2
1295,226,1,2
1295,227,1,2
1295,228,1,2
1295,229,1,2
1295,230,1,2
1295,231,1,2
1295,232,1,2
1295,233,1,2
1295,234,1,2
1295,235,1,2
1295,236,1,2
1295,237,1,2
1295,238,1,2
1295,239,1,2
1295,240,1,2
1295,241,1,2
1295,242,1,2
1295,243,1,2
1295,244,1,2
1295,245,1,2
1295,246,1,2
1295,247,1,2
1295,248,1,2
1295,249,1,2
1295,250,1,2
1295,251,1,2
1295,252,1,2
1295,253,1,2
1295,254,1,2
1295,255,1,2
1295,256,1,2
1295,257,1,2
1295,258,1,2
1295,259,1,2
1295,260,1,2
1295,261,1,2
1295,262,1,2
1295,263,1,2
1295,264,1,2
1295,265,1,2
1295,266,1,2
1295,267,1,2
1295,268,1,2
1295,269,1,2
1295,270,1,2
1295,271,1,2
1295,272,1,2
1295,273,1,2
1295,274,1,2
1295,275,1,2
1295,276,1,2
1295,277,1,2
1295,278,1,2
1295,279,1,2
1295,280,1,2
1295,281,1,2
1295,282,1,2
1295,283,1,2
1295,284,1,2
1295,285,1,2
1295,286,1,2
1295,287,1,2
1295,288,1,2
1295,289,1,2
1295,290,1,2
1295,291,1,2
1295,292,1,2
1295,293,1,2
1295,294,1,2
1295,295,1,2
1295,296,1,2
1295,297,1,2
1295,298,1,2
1295,299,1,2
1295,300,1,2
1295,301,1,2
1295,302,1,2
1295,303,1,2
1295,304,1,2
1295,305,1,2
1295,306,1,2
1295,307,1,2
1295,308,1,2
1295,309,1,2
1295,310,1,2
1295,311,1,2
1295,312,1,2
1295,313,1,2
1295,314,1,2
1295,315,1,2
1295,316,1,2
1295,317,1,2
1295,318,1,2
1295,319,1,2
1295,320,1,2
1295,321,1,2
1295,322,1,2
1295,323,1,2
1295,324,1,2
1295,325,1,2
1295,326,1,2
1295,327,1,2
1295,328,1,2
1295,329,1,2
1295,330,1,2
1295,331,1,2
1295,332,1,2
1295,333,1,2
1295,334,1,2
1295,335,1,2
1295,336,1,2
1295,337,1,2
1295,338,1,2
1295,339,1,2
1295,340,1,2
1295,341,1,2
1295,342,1,2
1295,343,1,2
1295,344,1,2
1295,345,1,2
1295,346,1,2
1295,347,1,2
1295,348,1,2
1295,349,1,2
1295,350,1,2
1295,351,1,2
1295,352,1,2
1295,353,1,2
1295,354,1,2
1295,355,1,2
1295,356,1,2
1295,357,1,2
1295,358,1,2
1295,359,1,2
1295,360,1,2
1295,361,1,2
1295,362,1,2
1295,363,1,2
1295,364,1,2
1295,365,1,2
1295,366,1,2
1295,367,1,2
1295,368,1,2
1295,369,1,2
1295,370,1,2
1295,371,1,2
1295,372,1,2
1295,373,1,2
1295,374,1,2
1295,375,1,2
1295,376,1,2
1295,377,1,2
1295,378,1,2
1295,379,1,2
1295,380,1,2
1295,381,1,2
1295,382,1,2
1295,383,1,2
1295,384,1,2
1295,385,1,2
1295,386,1,2
1295,387,1,2
1295,388,1,2
1295,389,1,2
1295,390,1,2
1295,391,1,2
1295,392,1,2
1295,393,1,2
1295,394,1,2
1295,395,1,2
1295,396,1,2
1295,397,1,2
1295,398,1,2
1295,399,1,2
1295,400,1,2
1295,401,1,2
1295,402,1,2
1295,403,1,2
1295,404,1,2
1295,405,1,2
1295,406,1,2
1295,407,1,2
1295,408,1,2
1295,409,1,2
1295,410,1,2
1295,411,1,2
1295,412,1,2
1295,413,1,2
1295,414,1,2
1295,415,1,2
1295,416,1,2
1295,417,1,2
1295,418,1,2
1295,419,1,2
1295,420,1,2
1295,421,1,2
1295,422,1,2
1295,423,1,2
1295,424,1,2
1295,425,1,2
1295,426,1,2
1295,427,1,2
1295,428,1,2
1295,429,1,2
1295,430,1,2
1295,431,1,2
1295,432,1,2
1295,433,1,2
1295,434,1,2
1295,435,1,2
1295,436,1,2
1295,437,1,2
1295,438,1,2
1295,439,1,2
1295,440,1,2
1295,441,1,2
1295,442,1,2
1295,443,1,2
1295,444,1,2
1295,445,1,2
1295,446,1,2
1295,447,1,2
1295,448,1,2
1295,449,1,2
1295,450,1,2
1295,451,1,2
1295,452,1,2
1295,453,1,2
1295,454,1,2
1295,455,1,2
1295,456,1,2
1295,457,1,2
1295,458,1,2
1295,459,1,2
1295,460,1,2
1295,461,1,2
1295,462,1,2
1295,463,1,2
1295,464,1,2
1295,465,1,2
1295,466,1,2
1295,467,1,2
1296,108,1,2
1296,109,1,2
1296,110,1,2
1296,111,1,2
1296,112,1,2
1296,113,1,2
1296,114,1,2
1296,115,1,2
1296,116,1,2
1296,117,1,2
1296,118,1,2
1296,119,1,2
1296,120,1,3
1296,121,1,2
1296,122,1,2
1296,123,1,2
1296,124,1,2
1296,125,1,2
1296,126,1,2
1296,127,1,2
1296,128,1,2
1296,129,1,2
1296,130,1,2
1296,131,1,2
1296,132,1,2
1296,133,1,2
1296,134,1,2
1296,135,1,2
1296,136,1,2
1296,137,1,2
1296,138,1,2
1296,139,1,2
1296,140,1,2
1296,141,1,2
1296,142,1,2
1296,143,1,2
1296,144,1,2
1296,145,1,2
1296,146,1,2
1296,147,1,2
1296,148,1,2
1296,149,1,2
1296,150,1,2
1296,151,1,2
1296,152,1,2
1296,153,1,2
1296,154,1,2
1296,155,1,2
1296,156,1,2
1296,157,1,2
1296,158,1,2
1296,159,1,2
1296,160,1,2
1296,161,1,2
1296,162,1,2
1296,163,1,2
1296,164,1,2
1296,165,1,2
1296,166,1,2
1296,167,1,2
1296,168,1,2
1296,169,1,2
1296,170,1,2
1296,171,1,2
1296,172,1,2
1296,173,1,2
1296,174,1,2
1296,175,1,2
1296,176,1,2
1296,177,1,2
1296,178,1,2
1296,179,1,2
1296,180,1,2
1296,181,1,2
1296,182,1,2
1296,183,1,2
1296,184,1,2
1296,185,1,2
1296,186,1,2
1296,187,1,2
1296,188,1,2
1296,189,1,2
1296,190,1,2
1296,191,1,2
1296,192,1,2
1296,193,1,2
1296,194,1,2
1296,195,1,2
1296,196,1,2
1296,197,1,2
1296,198,1,2
1296,199,1,2
1296,200,1,2
1296,201,1,2
1296,202,1,2
1296,203,1,2
1296,204,1,2
1296,205,1,2
1296,206,1,2
1296,207,1,2
1296,208,1,2
1296,209,1,2
1296,210,1,2
1296,211,1,2
1296,212,1,2
1296,213,1,2
1296,214,1,2
1296,215,1,2
1296,216,1,2
1296,217,1,2
1296,218,1,2
1296,219,1,2
1296,220,1,2
1296,221,1,2
1296,222,1,2
1296,223,1,2
1296,224,1,2
1296,225,1,2
1296,226,1,2
1296,227,1,2
1296,228,1,2
1296,229,1,2
1296,230,1,2
1296,231,1,2
1296,232,1,2
1296,233,1,2
1296,234,1,2
1296,235,1,2
1296,236,1,2
1296,237,1,2
1296,238,1,2
1296,239,1,2
1296,240,1,2
1296,241,1,2
1296,242,1,2
1296,243,1,2
1296,244,1,2
1296,245,1,2
1296,246,1,2
1296,247,1,2
1296,248,1,2
1296,249,1,2
1296,250,1,2
1296,251,1,2
1296,252,1,2
1296,253,1,2
1296,254,1,2
1296,255,1,2
1296,256,1,2
1296,257,1,2
1296,258,1,2
1296,259,1,2
1296,260,1,2
1296,261,1,2
1296,262,1,2
1296,263,1,2
1296,264,1,2
1296,265,1,2
1296,266,1,2
1296,267,1,2
1296,268,1,2
1296,269,1,2
1296,270,1,2
1296,271,1,2
1296,272,1,2
1296,273,1,2
1296,274,1,2
1296,275,1,2
1296,276,1,2
1296,277,1,2
1296,278,1,2
1296,279,1,2
1296,280,1,2
1296,281,1,2
1296,282,1,2
1296,283,1,2
1296,284,1,2
1296,285,1,2
1296,286,1,2
1296,287,1,2
1296,288,1,2
1296,289,1,2
1296,290,1,2
1296,291,1,2
1296,292,1,2
1296,293,1,2
1296,294,1,2
1296,295,1,2
1296,296,1,2
1296,297,1,2
1296,298,1,2
1296,299,1,2
1296,300,1,2
1296,301,1,2
1296,302,1,2
1296,303,1,2
1296,304,1,2
1296,305,1,2
1296,306,1,2
1296,307,1,2
1296,308,1,2
1296,309,1,2
1296,310,1,2
1296,311,1,2
1296,312,1,2
1296,313,1,2
1296,314,1,2
1296,315,1,2
1296,316,1,2
1296,317,1,2
1296,318,1,2
1296,319,1,2
1296,320,1,2
1296,321,1,2
1296,322,1,2
1296,323,1,2
1296,324,1,2
1296,325,1,2
1296,326,1,2
1296,327,1,2
1296,328,1,2
1296,329,1,2
1296,330,1,2
1296,331,1,2
1296,332,1,2
1296,333,1,2
1296,334,1,2
1296,335,1,2
1296,336,1,2
1296,337,1,2
1296,338,1,2
1296,339,1,2
1296,340,1,2
1296,341,1,2
1296,342,1,2
1296,343,1,2
1296,344,1,2
1296,345,1,2
1296,346,1,2
1296,347,1,2
1296,348,1,2
1296,349,1,2
1296,350,1,2
1296,351,1,2
1296,352,1,2
1296,353,1,2
1296,354,1,2
1296,355,1,2
1296,356,1,2
1296,357,1,2
1296,358,1,2
1296,359,1,2
1296,360,1,2
1296,361,1,2
1296,362,1,2
1296,363,1,2
1296,364,1,2
1296,365,1,2
1296,366,1,2
1296,367,1,2
1296,368,1,2
1296,369,1,2
1296,370,1,2
1296,371,1,2
1296,372,1,2
1296,373,1,2
1296,374,1,2
1296,375,1,2
1296,376,1,2
1296,377,1,2
1296,378,1,2
1296,379,1,2
1296,380,1,2
1296,381,1,2
1296,382,1,2
1296,383,1,2
1296,384,1,2
1296,385,1,2
1296,386,1,2
1296,387,1,2
1296,388,1,2
1296,389,1,2
1296,390,1,2
1296,391,1,2
1296,392,1,2
1296,393,1,2
1296,394,1,2
1296,395,1,2
1296,396,1,2
1296,397,1,2
1296,398,1,2
1296,399,1,2
1296,400,1,2
1296,401,1,2
1296,402,1,2
1296,403,1,2
1296,404,1,2
1296,405,1,2
1296,406,1,2
1296,407,1,2
1296,408,1,2
1296,409,1,2
1296,410,1,2
1296,411,1,2
1296,412,1,2
1296,413,1,2
1296,414,1,2
1296,415,1,2
1296,416,1,2
1296,417,1,2
1296,418,1,2
1296,419,1,2
1296,420,1,2
1296,421,1,2
1296,422,1,2
1296,423,1,2
1296,424,1,2
1296,425,1,2
1296,426,1,2
1296,427,1,2
1296,428,1,2
1296,429,1,2
1296,430,1,2
1296,431,1,2
1296,432,1,2
1296,433,1,2
1296,434,1,2
1296,435,1,2
1296,436,1,2
1296,437,1,2
1296,438,1,2
1296,439,1,2
1296,440,1,2
1296,441,1,2
1296,442,1,2
1296,443,1,2
1296,444,1,2
1296,445,1,2
1296,446,1,2
1296,447,1,2
1296,448,1,2
1296,449,1,2
1296,450,1,2
1296,451,1,2
1296,452,1,2
1296,453,1,2
1296,454,1,2
1296,455,1,2
1296,456,1,2
1296,457,1,2
1296,458,1,2
1296,459,1,2
1296,460,1,2
1296,461,1,2
1296,462,1,2
1296,463,1,2
1296,464,1,2
1296,465,1,2
1296,466,1,2
1296,467,1,2
1297,107,1,2
1297,108,1,2
1297,109,1,2
1297,110,1,2
1297,111,1,2
1297,112,1,2
1297,113,1,2
1297,114,1,2
1297,115,1,2
1297,116,1,2
1297,117,1,2
1297,118,1,2
1297,119,1,2
1297,120,1,2
1297,121,1,2
1297,122,1,2
1297,123,1,2
1297,124,1,2
1297,125,1,2
1297,126,1,2
1297,127,1,2
1297,128,1,2
1297,129,1,2
1297,130,1,2
1297,131,1,2
1297,132,1,2
1297,133,1,2
1297,134,1,2
1297,135,1,2
1297,136,1,2
1297,137,1,2
1297,138,1,2
1297,139,1,2
1297,140,1,2
1297,141,1,2
1297,142,1,2
1297,143,1,2
1297,144,1,2
1297,145,1,2
1297,146,1,2
1297,147,1,2
1297,148,1,2
1297,149,1,2
1297,150,1,2
1297,151,1,2
1297,152,1,2
1297,153,1,2
1297,154,1,2
1297,155,1,2
1297,156,1,2
1297,157,1,2
1297,158,1,2
1297,159,1,2
1297,160,1,2
1297,161,1,2
1297,162,1,2
1297,163,1,2
1297,164,1,2
1297,165,1,2
1297,166,1,2
1297,167,1,2
1297,168,1,2
1297,169,1,2
1297,170,1,2
1297,171,1,2
1297,172,1,2
1297,173,1,2
1297,174,1,2
1297,175,1,2
1297,176,1,2
1297,177,1,2
1297,178,1,2
1297,179,1,2
1297,180,1,2
1297,181,1,2
1297,182,1,2
1297,183,1,2
1297,184,1,2
1297,185,1,2
1297,186,1,2
1297,187,1,2
1297,188,1,2
1297,189,1,2
1297,190,1,2
1297,191,1,2
1297,192,1,2
1297,193,1,2
1297,194,1,2
1297,195,1,2
1297,196,1,2
1297,197,1,2
1297,198,1,2
1297,199,1,2
1297,200,1,2
1297,201,1,2
1297,202,1,2
1297,203,1,2
1297,204,1,2
1297,205,1,2
1297,206,1,2
1297,207,1,2
1297,208,1,2
1297,209,1,2
1297,210,1,2
1297,211,1,2
1297,212,1,2
1297,213,1,2
1297,214,1,2
1297,215,1,2
1297,216,1,2
1297,217,1,2
1297,218,1,2
1297,219,1,2
1297,220,1,2
1297,221,1,2
1297,222,1,2
1297,223,1,2
1297,224,1,2
1297,225,1,2
1297,226,1,2
1297,227,1,2
1297,228,1,2
1297,229,1,2
1297,230,1,2
1297,231,1,2
1297,232,1,2
1297,233,1,2
1297,234,1,2
1297,235,1,2
1297,236,1,2
1297,237,1,2
1297,238,1,2
1297,239,1,2
1297,240,1,2
1297,241,1,2
1297,242,1,2
1297,243,1,2
1297,244,1,2
1297,245,1,2
1297,246,1,2
1297,247,1,2
1297,248,1,2
1297,249,1,2
1297,250,1,2
1297,251,1,2
1297,252,1,2
1297,253,1,2
1297,254,1,2
1297,255,1,2
1297,256,1,2
1297,257,1,2
1297,258,1,2
1297,259,1,2
1297,260,1,2
1297,261,1,2
1297,262,1,2
1297,263,1,2
1297,264,1,2
1297,265,1,2
1297,266,1,2
1297,267,1,2
1297,268,1,2
1297,269,1,2
1297,270,1,2
1297,271,1,2
1297,272,1,2
1297,273,1,2
1297,274,1,2
1297,275,1,2
1297,276,1,2
1297,277,1,2
1297,278,1,2
1297,279,1,2
1297,280,1,2
1297,281,1,2
1297,282,1,2
1297,283,1,2
1297,284,1,2
1297,285,1,2
1297,286,1,2
1297,287,1,2
1297,288,1,2
1297,289,1,2
1297,290,1,2
1297,291,1,2
1297,292,1,2
1297,293,1,2
1297,294,1,2
1297,295,1,2
1297,296,1,2
1297,297,1,2
1297,298,1,2
1297,299,1,2
1297,300,1,2
1297,301,1,2
1297,302,1,2
1297,303,1,2
1297,304,1,2
1297,305,1,2
1297,306,1,2
1297,307,1,2
1297,308,1,2
1297,309,1,2
1297,310,1,2
1297,311,1,2
1297,312,1,2
1297,313,1,2
1297,314,1,2
1297,315,1,2
1297,316,1,2
1297,317,1,2
1297,318,1,2
1297,319,1,2
1297,320,1,2
1297,321,1,2
1297,322,1,2
1297,323,1,2
1297,324,1,2
1297,325,1,2
1297,326,1,2
1297,327,1,2
1297,328,1,2
1297,329,1,2
1297,330,1,2
1297,331,1,2
1297,332,1,2
1297,333,1,2
1297,334,1,2
1297,335,1,2
1297,336,1,2
1297,337,1,2
1297,338,1,2
1297,339,1,2
1297,340,1,2
1297,341,1,2
1297,342,1,2
1297,343,1,2
1297,344,1,2
1297,345,1,2
1297,346,1,2
1297,347,1,2
1297,348,1,2
1297,349,1,2
1297,350,1,2
1297,351,1,2
1297,352,1,2
1297,353,1,2
1297,354,1,2
1297,355,1,2
1297,356,1,2
1297,357,1,2
1297,358,1,2
1297,359,1,2
1297,360,1,2
1297,361,1,2
1297,362,1,2
1297,363,1,2
1297,364,1,2
1297,365,1,2
1297,366,1,2
1297,367,1,2
1297,368,1,2
1297,369,1,2
1297,370,1,2
1297,371,1,2
1297,372,1,2
1297,373,1,2
1297,374,1,2
1297,375,1,2
1297,376,1,2
1297,377,1,2
1297,378,1,2
1297,379,1,2
1297,380,1,2
1297,381,1,2
1297,382,1,2
1297,383,1,2
1297,384,1,2
1297,385,1,2
1297,386,1,2
1297,387,1,2
1297,388,1,2
1297,389,1,2
1297,390,1,2
1297,391,1,2
1297,392,1,2
1297,393,1,2
1297,394,1,2
1297,395,1,2
1297,396,1,2
1297,397,1,2
1297,398,1,2
1297,399,1,2
1297,400,1,2
1297,401,1,2
1297,402,1,2
1297,403,1,2
1297,404,1,2
1297,405,1,2
1297,406,1,2
1297,407,1,2
1297,408,1,2
1297,409,1,2
1297,410,1,2
1297,411,1,2
1297,412,1,2
1297,413,1,2
1297,414,1,2
1297,415,1,2
1297,416,1,2
1297,417,1,2
1297,418,1,2
1297,419,1,2
1297,420,1,2
1297,421,1,2
1297,422,1,2
1297,423,1,2
1297,424,1,2
1297,425,1,2
1297,426,1,2
1297,427,1,2
1297,428,1,2
1297,429,1,2
1297,430,1,2
1297,431,1,2
1297,432,1,2
1297,433,1,2
1297,434,1,2
1297,435,1,2
1297,436,1,2
1297,437,1,2
1297,438,1,2
1297,439,1,2
1297,440,1,2
1297,441,1,2
1297,442,1,2
1297,443,1,2
1297,444,1,2
1297,445,1,2
1297,446,1,2
1297,447,1,2
1297,448,1,2
1297,449,1,2
1297,450,1,2
1297,451,1,2
1297,452,1,2
1297,453,1,2
1297,454,1,2
1297,455,1,2
1297,456,1,2
1297,457,1,2
1297,458,1,2
1297,459,1,2
1297,460,1,2
1297,461,1,2
1297,462,1,2
1297,463,1,2
1297,464,1,2
1297,465,1,2
1297,466,1,2
1297,467,1,2
1298,107,1,2
1298,108,1,2
1298,109,1,2
1298,110,1,2
1298,111,1,2
1298,112,1,2
1298,113,1,2
1298,114,1,2
1298,115,1,2
1298,116,1,2
1298,117,1,2
1298,118,1,2
1298,119,1,2
1298,120,1,2
1298,121,1,2
1298,122,1,2
1298,123,1,2
1298,124,1,2
1298,125,1,2
1298,126,1,2
1298,127,1,2
1298,128,1,2
1298,129,1,2
1298,130,1,2
1298,131,1,2
1298,132,1,2
1298,133,1,2
1298,134,1,2
1298,135,1,2
1298,136,1,2
1298,137,1,2
1298,138,1,2
1298,139,1,2
1298,140,1,2
1298,141,1,2
1298,142,1,2
1298,143,1,2
1298,144,1,2
1298,145,1,2
1298,146,1,2
1298,147,1,2
1298,148,1,2
1298,149,1,2
1298,150,1,2
1298,151,1,2
1298,152,1,2
1298,153,1,2
1298,154,1,2
1298,155,1,2
1298,156,1,2
1298,157,1,2
1298,158,1,2
1298,159,1,2
1298,160,1,2
1298,161,1,2
1298,162,1,2
1298,163,1,2
1298,164,1,2
1298,165,1,2
1298,166,1,2
1298,167,1,2
1298,168,1,2
1298,169,1,2
1298,170,1,2
1298,171,1,2
1298,172,1,2
1298,173,1,2
1298,174,1,2
1298,175,1,2
1298,176,1,2
1298,177,1,2
1298,178,1,2
1298,179,1,2
1298,180,1,2
1298,181,1,2
1298,182,1,2
1298,183,1,2
1298,184,1,2
1298,185,1,2
1298,186,1,2
1298,187,1,2
1298,188,1,2
1298,189,1,2
1298,190,1,2
1298,191,1,2
1298,192,1,2
1298,193,1,2
1298,194,1,2
1298,195,1,2
1298,196,1,2
1298,197,1,2
1298,198,1,2
1298,199,1,2
1298,200,1,2
1298,201,1,2
1298,202,1,2
1298,203,1,2
1298,204,1,2
1298,205,1,2
1298,206,1,2
1298,207,1,2
1298,208,1,2
1298,209,1,2
1298,210,1,2
1298,211,1,2
1298,212,1,2
1298,213,1,2
1298,214,1,2
1298,215,1,2
1298,216,1,2
1298,217,1,2
1298,218,1,2
1298,219,1,2
1298,220,1,2
1298,221,1,2
1298,222,1,2
1298,223,1,2
1298,224,1,2
1298,225,1,2
1298,226,1,2
1298,227,1,2
1298,228,1,2
1298,229,1,2
1298,230,1,2
1298,231,1,2
1298,232,1,2
1298,233,1,2
1298,234,1,2
1298,235,1,2
1298,236,1,2
1298,237,1,2
1298,238,1,2
1298,239,1,2
1298,240,1,2
1298,241,1,2
1298,242,1,2
1298,243,1,2
1298,244,1,2
1298,245,1,2
1298,246,1,2
1298,247,1,2
1298,248,1,2
1298,249,1,2
1298,250,1,2
1298,251,1,2
1298,252,1,2
1298,253,1,2
1298,254,1,2
1298,255,1,2
1298,256,1,2
1298,257,1,2
1298,258,1,2
1298,259,1,2
1298,260,1,2
1298,261,1,2
1298,262,1,2
1298,263,1,2
1298,264,1,2
1298,265,1,2
1298,266,1,2
1298,267,1,2
1298,268,1,2
1298,269,1,2
1298,270,1,2
1298,271,1,2
1298,272,1,2
1298,273,1,2
1298,274,1,2
1298,275,1,2
1298,276,1,2
1298,277,1,2
1298,278,1,2
1298,279,1,2
1298,280,1,2
1298,281,1,2
1298,282,1,2
1298,283,1,2
1298,284,1,2
1298,285,1,2
1298,286,1,2
1298,287,1,2
1298,288,1,2
1298,289,1,2
1298,290,1,2
1298,291,1,2
1298,292,1,2
1298,293,1,2
1298,294,1,2
1298,295,1,2
1298,296,1,2
1298,297,1,2
1298,298,1,2
1298,299,1,2
1298,300,1,2
1298,301,1,2
1298,302,1,2
1298,303,1,2
1298,304,1,2
1298,305,1,2
1298,306,1,2
1298,307,1,2
1298,308,1,2
1298,309,1,2
1298,310,1,2
1298,311,1,2
1298,312,1,2
1298,313,1,2
1298,314,1,2
1298,315,1,2
1298,316,1,2
1298,317,1,2
1298,318,1,2
1298,319,1,2
1298,320,1,2
1298,321,1,2
1298,322,1,2
1298,323,1,2
1298,324,1,2
1298,325,1,2
1298,326,1,2
1298,327,1,2
1298,328,1,2
1298,329,1,2
1298,330,1,2
1298,331,1,2
1298,332,1,2
1298,333,1,2
1298,334,1,2
1298,335,1,2
1298,336,1,2
1298,337,1,2
1298,338,1,2
1298,339,1,2
1298,340,1,2
1298,341,1,2
1298,342,1,2
1298,343,1,2
1298,344,1,2
1298,345,1,2
1298,346,1,2
1298,347,1,2
1298,348,1,2
1298,349,1,2
1298,350,1,2
1298,351,1,2
1298,352,1,2
1298,353,1,2
1298,354,1,2
1298,355,1,2
1298,356,1,2
1298,357,1,2
1298,358,1,2
1298,359,1,2
1298,360,1,2
1298,361,1,2
1298,362,1,2
1298,363,1,2
1298,364,1,2
1298,365,1,2
1298,366,1,2
1298,367,1,2
1298,368,1,2
1298,369,1,2
1298,370,1,2
1298,371,1,2
1298,372,1,2
1298,373,1,2
1298,374,1,2
1298,375,1,2
1298,376,1,2
1298,377,1,2
1298,378,1,2
1298,379,1,2
1298,380,1,2
1298,381,1,2
1298,382,1,2
1298,383,1,2
1298,384,1,2
1298,385,1,2
1298,386,1,2
1298,387,1,2
1298,388,1,2
1298,389,1,2
1298,390,1,2
1298,391,1,2
1298,392,1,2
1298,393,1,2
1298,394,1,2
1298,395,1,2
1298,396,1,2
1298,397,1,2
1298,398,1,2
1298,399,1,2
1298,400,1,2
1298,401,1,2
1298,402,1,2
1298,403,1,2
1298,404,1,2
1298,405,1,2
1298,406,1,2
1298,407,1,2
1298,408,1,2
1298,409,1,2
1298,410,1,2
1298,411,1,2
1298,412,1,2
1298,413,1,2
1298,414,1,2
1298,415,1,2
1298,416,1,2
1298,417,1,2
1298,418,1,2
1298,419,1,2
1298,420,1,2
1298,421,1,2
1298,422,1,2
1298,423,1,2
1298,424,1,2
1298,425,1,2
1298,426,1,2
1298,427,1,2
1298,428,1,2
1298,429,1,2
1298,430,1,2
1298,431,1,2
1298,432,1,2
1298,433,1,2
1298,434,1,2
1298,435,1,2
1298,436,1,2
1298,437,1,2
1298,438,1,2
1298,439,1,2
1298,440,1,2
1298,441,1,2
1298,442,1,2
1298,443,1,2
1298,444,1,2
1298,445,1,2
1298,446,1,2
1298,447,1,2
1298,448,1,2
1298,449,1,2
1298,450,1,2
1298,451,1,2
1298,452,1,2
1298,453,1,2
1298,454,1,2
1298,455,1,2
1298,456,1,2
1298,457,1,2
1298,458,1,2
1298,459,1,2
1298,460,1,2
1298,461,1,2
1298,462,1,2
1298,463,1,2
1298,464,1,2
1298,465,1,2
1298,466,1,2
1298,467,1,2
1299,106,1,2
1299,107,1,2
1299,108,1,2
1299,109,1,2
1299,110,1,2
1299,111,1,2
1299,112,1,2
1299,113,1,2
1299,114,1,2
1299,115,1,2
1299,116,1,2
1299,117,1,2
1299,118,1,2
1299,119,1,2
1299,120,1,2
1299,121,1,2
1299,122,1,2
1299,123,1,2
1299,124,1,2
1299,125,1,2
1299,126,1,2
1299,127,1,2
1299,128,1,2
1299,129,1,2
1299,130,1,2
1299,131,1,2
1299,132,1,2
1299,133,1,2
1299,134,1,2
1299,135,1,2
1299,136,1,2
1299,137,1,2
1299,138,1,2
1299,139,1,2
1299,140,1,2
1299,141,1,2
1299,142,1,2
1299,143,1,2
1299,144,1,2
1299,145,1,2
1299,146,1,2
1299,147,1,2
1299,148,1,2
1299,149,1,2
1299,150,1,2
1299,151,1,2
1299,152,1,2
1299,153,1,2
1299,154,1,2
1299,155,1,2
1299,156,1,2
1299,157,1,2
1299,158,1,2
1299,159,1,2
1299,160,1,2
1299,161,1,2
1299,162,1,2
1299,163,1,2
1299,164,1,2
1299,165,1,2
1299,166,1,2
1299,167,1,2
1299,168,1,2
1299,169,1,2
1299,170,1,2
1299,171,1,2
1299,172,1,2
1299,173,1,2
1299,174,1,2
1299,175,1,2
1299,176,1,2
1299,177,1,2
1299,178,1,2
1299,179,1,2
1299,180,1,2
1299,181,1,2
1299,182,1,2
1299,183,1,2
1299,184,1,2
1299,185,1,2
1299,186,1,2
1299,187,1,2
1299,188,1,2
1299,189,1,2
1299,190,1,2
1299,191,1,2
1299,192,1,2
1299,193,1,2
1299,194,1,2
1299,195,1,2
1299,196,1,2
1299,197,1,2
1299,198,1,2
1299,199,1,2
1299,200,1,2
1299,201,1,2
1299,202,1,2
1299,203,1,2
1299,204,1,2
1299,205,1,2
1299,206,1,2
1299,207,1,2
1299,208,1,2
1299,209,1,2
1299,210,1,2
1299,211,1,2
1299,212,1,2
1299,213,1,2
1299,214,1,2
1299,215,1,2
1299,216,1,2
1299,217,1,2
1299,218,1,2
1299,219,1,2
1299,220,1,2
1299,221,1,2
1299,222,1,2
1299,223,1,2
1299,224,1,2
1299,225,1,2
1299,226,1,2
1299,227,1,2
1299,228,1,2
1299,229,1,2
1299,230,1,2
1299,231,1,2
1299,232,1,2
1299,233,1,2
1299,234,1,2
1299,235,1,2
1299,236,1,2
1299,237,1,2
1299,238,1,2
1299,239,1,2
1299,240,1,2
1299,241,1,2
1299,242,1,2
1299,243,1,2
1299,244,1,2
1299,245,1,2
1299,246,1,2
1299,247,1,2
1299,248,1,2
1299,249,1,2
1299,250,1,2
1299,251,1,2
1299,252,1,2
1299,253,1,2
1299,254,1,2
1299,255,1,2
1299,256,1,2
1299,257,1,2
1299,258,1,2
1299,259,1,2
1299,260,1,2
1299,261,1,2
1299,262,1,2
1299,263,1,2
1299,264,1,2
1299,265,1,2
1299,266,1,2
1299,267,1,2
1299,268,1,2
1299,269,1,2
1299,270,1,2
1299,271,1,2
1299,272,1,2
1299,273,1,2
1299,274,1,2
1299,275,1,2
1299,276,1,2
1299,277,1,2
1299,278,1,2
1299,279,1,2
1299,280,1,2
1299,281,1,2
1299,282,1,2
1299,283,1,2
1299,284,1,2
1299,285,1,2
1299,286,1,2
1299,287,1,2
1299,288,1,2
1299,289,1,2
1299,290,1,2
1299,291,1,2
1299,292,1,2
1299,293,1,2
1299,294,1,2
1299,295,1,2
1299,296,1,2
1299,297,1,2
1299,298,1,2
1299,299,1,2
1299,300,1,2
1299,301,1,2
1299,302,1,2
1299,303,1,2
1299,304,1,2
1299,305,1,2
1299,306,1,2
1299,307,1,2
1299,308,1,2
1299,309,1,2
1299,310,1,2
1299,311,1,2
1299,312,1,2
1299,313,1,2
1299,314,1,2
1299,315,1,2
1299,316,1,2
1299,317,1,2
1299,318,1,2
1299,319,1,2
1299,320,1,2
1299,321,1,2
1299,322,1,2
1299,323,1,2
1299,324,1,2
1299,325,1,2
1299,326,1,2
1299,327,1,2
1299,328,1,2
1299,329,1,2
1299,330,1,2
1299,331,1,2
1299,332,1,2
1299,333,1,2
1299,334,1,2
1299,335,1,2
1299,336,1,2
1299,337,1,2
1299,338,1,2
1299,339,1,2
1299,340,1,2
1299,341,1,2
1299,342,1,2
1299,343,1,2
1299,344,1,2
1299,345,1,2
1299,346,1,2
1299,347,1,2
1299,348,1,2
1299,349,1,2
1299,350,1,2
1299,351,1,2
1299,352,1,2
1299,353,1,2
1299,354,1,2
1299,355,1,2
1299,356,1,2
1299,357,1,2
1299,358,1,2
1299,359,1,2
1299,360,1,2
1299,361,1,2
1299,362,1,2
1299,363,1,2
1299,364,1,2
1299,365,1,2
1299,366,1,2
1299,367,1,2
1299,368,1,2
1299,369,1,2
1299,370,1,2
1299,371,1,2
1299,372,1,2
1299,373,1,2
1299,374,1,2
1299,375,1,2
1299,376,1,2
1299,377,1,2
1299,378,1,2
1299,379,1,2
1299,380,1,2
1299,381,1,2
1299,382,1,2
1299,383,1,2
1299,384,1,2
1299,385,1,2
1299,386,1,2
1299,387,1,2
1299,388,1,2
1299,389,1,2
1299,390,1,2
1299,391,1,2
1299,392,1,2
1299,393,1,2
1299,394,1,2
1299,395,1,2
1299,396,1,2
1299,397,1,2
1299,398,1,2
1299,399,1,2
1299,400,1,2
1299,401,1,2
1299,402,1,2
1299,403,1,2
1299,404,1,2
1299,405,1,2
1299,406,1,2
1299,407,1,2
1299,408,1,2
1299,409,1,2
1299,410,1,2
1299,411,1,2
1299,412,1,2
1299,413,1,2
1299,414,1,2
1299,415,1,2
1299,416,1,2
1299,417,1,2
1299,418,1,2
1299,419,1,2
1299,420,1,2
1299,421,1,2
1299,422,1,2
1299,423,1,2
1299,424,1,2
1299,425,1,2
1299,426,1,2
1299,427,1,2
1299,428,1,2
1299,429,1,2
1299,430,1,2
1299,431,1,2
1299,432,1,2
1299,433,1,2
1299,434,1,2
1299,435,1,2
1299,436,1,2
1299,437,1,2
1299,438,1,2
1299,439,1,2
1299,440,1,2
1299,441,1,2
1299,442,1,2
1299,443,1,2
1299,444,1,2
1299,445,1,2
1299,446,1,2
1299,447,1,2
1299,448,1,2
1299,449,1,2
1299,450,1,2
1299,451,1,2
1299,452,1,2
1299,453,1,2
1299,454,1,2
1299,455,1,2
1299,456,1,2
1299,457,1,2
1299,458,1,2
1299,459,1,2
1299,460,1,2
1299,461,1,2
1299,462,1,2
1299,463,1,2
1299,464,1,2
1299,465,1,2
1299,466,1,2
1299,467,1,2
1300,106,1,2
1300,107,1,2
1300,108,1,2
1300,109,1,2
1300,110,1,2
1300,111,1,2
1300,112,1,2
1300,113,1,2
1300,114,1,2
1300,115,1,2
1300,116,1,2
1300,117,1,2
1300,118,1,2
1300,119,1,2
1300,120,1,2
1300,121,1,2
1300,122,1,2
1300,123,1,2
1300,124,1,2
1300,125,1,2
1300,126,1,2
1300,127,1,2
1300,128,1,2
1300,129,1,2
1300,130,1,2
1300,131,1,2
1300,132,1,2
1300,133,1,2
1300,134,1,2
1300,135,1,2
1300,136,1,2
1300,137,1,2
1300,138,1,2
1300,139,1,2
1300,140,1,2
1300,141,1,2
1300,142,1,2
1300,143,1,2
1300,144,1,2
1300,145,1,2
1300,146,1,2
1300,147,1,2
1300,148,1,2
1300,149,1,2
1300,150,1,2
1300,151,1,2
1300,152,1,2
1300,153,1,2
1300,154,1,2
1300,155,1,2
1300,156,1,2
1300,157,1,2
1300,158,1,2
1300,159,1,2
1300,160,1,2
1300,161,1,2
1300,162,1,2
1300,163,1,2
1300,164,1,2
1300,165,1,2
1300,166,1,2
1300,167,1,2
1300,168,1,2
1300,169,1,2
1300,170,1,2
1300,171,1,2
1300,172,1,2
1300,173,1,2
1300,174,1,2
1300,175,1,2
1300,176,1,2
1300,177,1,2
1300,178,1,2
1300,179,1,2
1300,180,1,2
1300,181,1,2
1300,182,1,2
1300,183,1,2
1300,184,1,2
1300,185,1,2
1300,186,1,2
1300,187,1,2
1300,188,1,2
1300,189,1,2
1300,190,1,2
1300,191,1,2
1300,192,1,2
1300,193,1,2
1300,194,1,2
1300,195,1,2
1300,196,1,2
1300,197,1,2
1300,198,1,2
1300,199,1,2
1300,200,1,2
1300,201,1,2
1300,202,1,2
1300,203,1,2
1300,204,1,2
1300,205,1,2
1300,206,1,2
1300,207,1,2
1300,208,1,2
1300,209,1,2
1300,210,1,2
1300,211,1,2
1300,212,1,2
1300,213,1,2
1300,214,1,2
1300,215,1,2
1300,216,1,2
1300,217,1,2
1300,218,1,2
1300,219,1,2
1300,220,1,2
1300,221,1,2
1300,222,1,2
1300,223,1,2
1300,224,1,2
1300,225,1,2
1300,226,1,2
1300,227,1,2
1300,228,1,2
1300,229,1,2
1300,230,1,2
1300,231,1,2
1300,232,1,2
1300,233,1,2
1300,234,1,2
1300,235,1,2
1300,236,1,2
1300,237,1,2
1300,238,1,2
1300,239,1,2
1300,240,1,2
1300,241,1,2
1300,242,1,2
1300,243,1,2
1300,244,1,2
1300,245,1,2
1300,246,1,2
1300,247,1,2
1300,248,1,2
1300,249,1,2
1300,250,1,2
1300,251,1,2
1300,252,1,2
1300,253,1,2
1300,254,1,2
1300,255,1,2
1300,256,1,2
1300,257,1,2
1300,258,1,2
1300,259,1,2
1300,260,1,2
1300,261,1,2
1300,262,1,2
1300,263,1,2
1300,264,1,2
1300,265,1,2
1300,266,1,2
1300,267,1,2
1300,268,1,2
1300,269,1,2
1300,270,1,2
1300,271,1,2
1300,272,1,2
1300,273,1,2
1300,274,1,2
1300,275,1,2
1300,276,1,2
1300,277,1,2
1300,278,1,2
1300,279,1,2
1300,280,1,2
1300,281,1,2
1300,282,1,2
1300,283,1,2
1300,284,1,2
1300,285,1,2
1300,286,1,2
1300,287,1,2
1300,288,1,2
1300,289,1,2
1300,290,1,2
1300,291,1,2
1300,292,1,2
1300,293,1,2
1300,294,1,2
1300,295,1,2
1300,296,1,2
1300,297,1,2
1300,298,1,2
1300,299,1,2
1300,300,1,2
1300,301,1,2
1300,302,1,2
1300,303,1,2
1300,304,1,2
1300,305,1,2
1300,306,1,2
1300,307,1,2
1300,308,1,2
1300,309,1,2
1300,310,1,2
1300,311,1,2
1300,312,1,2
1300,313,1,2
1300,314,1,2
1300,315,1,2
1300,316,1,2
1300,317,1,2
1300,318,1,2
1300,319,1,2
1300,320,1,2
1300,321,1,2
1300,322,1,2
1300,323,1,2
1300,324,1,2
1300,325,1,2
1300,326,1,2
1300,327,1,2
1300,328,1,2
1300,329,1,2
1300,330,1,2
1300,331,1,2
1300,332,1,2
1300,333,1,2
1300,334,1,2
1300,335,1,2
1300,336,1,2
1300,337,1,2
1300,338,1,2
1300,339,1,2
1300,340,1,2
1300,341,1,2
1300,342,1,2
1300,343,1,2
1300,344,1,2
1300,345,1,2
1300,346,1,2
1300,347,1,2
1300,348,1,2
1300,349,1,2
1300,350,1,2
1300,351,1,2
1300,352,1,2
1300,353,1,2
1300,354,1,2
1300,355,1,2
1300,356,1,2
1300,357,1,2
1300,358,1,2
1300,359,1,2
1300,360,1,2
1300,361,1,2
1300,362,1,2
1300,363,1,2
1300,364,1,2
1300,365,1,2
1300,366,1,2
1300,367,1,2
1300,368,1,2
1300,369,1,2
1300,370,1,2
1300,371,1,2
1300,372,1,2
1300,373,1,2
1300,374,1,2
1300,375,1,2
1300,376,1,2
1300,377,1,2
1300,378,1,2
1300,379,1,2
1300,380,1,2
1300,381,1,2
1300,382,1,2
1300,383,1,2
1300,384,1,2
1300,385,1,2
1300,386,1,2
1300,387,1,2
1300,388,1,2
1300,389,1,2
1300,390,1,2
1300,391,1,2
1300,392,1,2
1300,393,1,2
1300,394,1,2
1300,395,1,2
1300,396,1,2
1300,397,1,2
1300,398,1,2
1300,399,1,2
1300,400,1,2
1300,401,1,2
1300,402,1,2
1300,403,1,2
1300,404,1,2
1300,405,1,2
1300,406,1,2
1300,407,1,2
1300,408,1,2
1300,409,1,2
1300,410,1,2
1300,411,1,2
1300,412,1,2
1300,413,1,2
1300,414,1,2
1300,415,1,2
1300,416,1,2
1300,417,1,2
1300,418,1,2
1300,419,1,2
1300,420,1,2
1300,421,1,2
1300,422,1,2
1300,423,1,2
1300,424,1,2
1300,425,1,2
1300,426,1,2
1300,427,1,2
1300,428,1,2
1300,429,1,2
1300,430,1,2
1300,431,1,2
1300,432,1,2
1300,433,1,2
1300,434,1,2
1300,435,1,2
1300,436,1,2
1300,437,1,2
1300,438,1,2
1300,439,1,2
1300,440,1,2
1300,441,1,2
1300,442,1,2
1300,443,1,2
1300,444,1,2
1300,445,1,2
1300,446,1,2
1300,447,1,2
1300,448,1,2
1300,449,1,2
1300,450,1,2
1300,451,1,2
1300,452,1,2
1300,453,1,2
1300,454,1,2
1300,455,1,2
1300,456,1,2
1300,457,1,2
1300,458,1,2
1300,459,1,2
1300,460,1,2
1300,461,1,2
1300,462,1,2
1300,463,1,2
1300,464,1,2
1300,465,1,2
1300,466,1,2
1300,467,1,2
1301,106,1,2
1301,107,1,2
1301,108,1,2
1301,109,1,2
1301,110,1,2
1301,111,1,2
1301,112,1,2
1301,113,1,2
1301,114,1,2
1301,115,1,2
1301,116,1,2
1301,117,1,2
1301,118,1,2
1301,119,1,2
1301,120,1,2
1301,121,1,2
1301,122,1,2
1301,123,1,2
1301,124,1,2
1301,125,1,2
1301,126,1,2
1301,127,1,2
1301,128,1,2
1301,129,1,2
1301,130,1,2
1301,131,1,2
1301,132,1,2
1301,133,1,2
1301,134,1,2
1301,135,1,2
1301,136,1,2
1301,137,1,2
1301,138,1,2
1301,139,1,2
1301,140,1,2
1301,141,1,2
1301,142,1,2
1301,143,1,2
1301,144,1,2
1301,145,1,2
1301,146,1,2
1301,147,1,2
1301,148,1,2
1301,149,1,2
1301,150,1,2
1301,151,1,2
1301,152,1,2
1301,153,1,2
1301,154,1,2
1301,155,1,2
1301,156,1,2
1301,157,1,2
1301,158,1,2
1301,159,1,2
1301,160,1,2
1301,161,1,2
1301,162,1,2
1301,163,1,2
1301,164,1,2
1301,165,1,2
1301,166,1,2
1301,167,1,2
1301,168,1,2
1301,169,1,2
1301,170,1,2
1301,171,1,2
1301,172,1,2
1301,173,1,2
1301,174,1,2
1301,175,1,2
1301,176,1,2
1301,177,1,2
1301,178,1,2
1301,179,1,2
1301,180,1,2
1301,181,1,2
1301,182,1,2
1301,183,1,2
1301,184,1,2
1301,185,1,2
1301,186,1,2
1301,187,1,2
1301,188,1,2
1301,189,1,2
1301,190,1,2
1301,191,1,2
1301,192,1,2
1301,193,1,2
1301,194,1,2
1301,195,1,2
1301,196,1,2
1301,197,1,2
1301,198,1,2
1301,199,1,2
1301,200,1,2
1301,201,1,2
1301,202,1,2
1301,203,1,2
1301,204,1,2
1301,205,1,2
1301,206,1,2
1301,207,1,2
1301,208,1,2
1301,209,1,2
1301,210,1,2
1301,211,1,2
1301,212,1,2
1301,213,1,2
1301,214,1,2
1301,215,1,2
1301,216,1,2
1301,217,1,2
1301,218,1,2
1301,219,1,2
1301,220,1,2
1301,221,1,2
1301,222,1,2
1301,223,1,2
1301,224,1,2
1301,225,1,2
1301,226,1,2
1301,227,1,2
1301,228,1,2
1301,229,1,2
1301,230,1,2
1301,231,1,2
1301,232,1,2
1301,233,1,2
1301,234,1,2
1301,235,1,2
1301,236,1,2
1301,237,1,2
1301,238,1,2
1301,239,1,2
1301,240,1,2
1301,241,1,2
1301,242,1,2
1301,243,1,2
1301,244,1,2
1301,245,1,2
1301,246,1,2
1301,247,1,2
1301,248,1,2
1301,249,1,2
1301,250,1,2
1301,251,1,2
1301,252,1,2
1301,253,1,2
1301,254,1,2
1301,255,1,2
1301,256,1,2
1301,257,1,2
1301,258,1,2
1301,259,1,2
1301,260,1,2
1301,261,1,2
1301,262,1,2
1301,263,1,2
1301,264,1,2
1301,265,1,2
1301,266,1,2
1301,267,1,2
1301,268,1,2
1301,269,1,2
1301,270,1,2
1301,271,1,2
1301,272,1,2
1301,273,1,2
1301,274,1,2
1301,275,1,2
1301,276,1,2
1301,277,1,2
1301,278,1,2
1301,279,1,2
1301,280,1,2
1301,281,1,2
1301,282,1,2
1301,283,1,2
1301,284,1,2
1301,285,1,2
1301,286,1,2
1301,287,1,2
1301,288,1,2
1301,289,1,2
1301,290,1,2
1301,291,1,2
1301,292,1,2
1301,293,1,2
1301,294,1,2
1301,295,1,2
1301,296,1,2
1301,297,1,2
1301,298,1,2
1301,299,1,2
1301,300,1,2
1301,301,1,2
1301,302,1,2
1301,303,1,2
1301,304,1,2
1301,305,1,2
1301,306,1,2
1301,307,1,2
1301,308,1,2
1301,309,1,2
1301,310,1,2
1301,311,1,2
1301,312,1,2
1301,313,1,2
1301,314,1,2
1301,315,1,2
1301,316,1,2
1301,317,1,2
1301,318,1,2
1301,319,1,2
1301,320,1,2
1301,321,1,2
1301,322,1,2
1301,323,1,2
1301,324,1,2
1301,325,1,2
1301,326,1,2
1301,327,1,2
1301,328,1,2
1301,329,1,2
1301,330,1,2
1301,331,1,2
1301,332,1,2
1301,333,1,2
1301,334,1,2
1301,335,1,2
1301,336,1,2
1301,337,1,2
1301,338,1,2
1301,339,1,2
1301,340,1,2
1301,341,1,2
1301,342,1,2
1301,343,1,2
1301,344,1,2
1301,345,1,2
1301,346,1,2
1301,347,1,2
1301,348,1,2
1301,349,1,2
1301,350,1,2
1301,351,1,2
1301,352,1,2
1301,353,1,2
1301,354,1,2
1301,355,1,2
1301,356,1,2
1301,357,1,2
1301,358,1,2
1301,359,1,2
1301,360,1,2
1301,361,1,2
1301,362,1,2
1301,363,1,2
1301,364,1,2
1301,365,1,2
1301,366,1,2
1301,367,1,2
1301,368,1,2
1301,369,1,2
1301,370,1,2
1301,371,1,2
1301,372,1,2
1301,373,1,2
1301,374,1,2
1301,375,1,2
1301,376,1,2
1301,377,1,2
1301,378,1,2
1301,379,1,2
1301,380,1,2
1301,381,1,2
1301,382,1,2
1301,383,1,2
1301,384,1,2
1301,385,1,2
1301,386,1,2
1301,387,1,2
1301,388,1,2
1301,389,1,2
1301,390,1,2
1301,391,1,2
1301,392,1,2
1301,393,1,2
1301,394,1,2
1301,395,1,2
1301,396,1,2
1301,397,1,2
1301,398,1,2
1301,399,1,2
1301,400,1,2
1301,401,1,2
1301,402,1,2
1301,403,1,2
1301,404,1,2
1301,405,1,2
1301,406,1,2
1301,407,1,2
1301,408,1,2
1301,409,1,2
1301,410,1,2
1301,411,1,2
1301,412,1,2
1301,413,1,2
1301,414,1,2
1301,415,1,2
1301,416,1,2
1301,417,1,2
1301,418,1,2
1301,419,1,2
1301,420,1,2
1301,421,1,2
1301,422,1,2
1301,423,1,2
1301,424,1,2
1301,425,1,2
1301,426,1,2
1301,427,1,2
1301,428,1,2
1301,429,1,2
1301,430,1,2
1301,431,1,2
1301,432,1,2
1301,433,1,2
1301,434,1,2
1301,435,1,2
1301,436,1,2
1301,437,1,2
1301,438,1,2
1301,439,1,2
1301,440,1,2
1301,441,1,2
1301,442,1,2
1301,443,1,2
1301,444,1,2
1301,445,1,2
1301,446,1,2
1301,447,1,2
1301,448,1,2
1301,449,1,2
1301,450,1,2
1301,451,1,2
1301,452,1,2
1301,453,1,2
1301,454,1,2
1301,455,1,2
1301,456,1,2
1301,457,1,2
1301,458,1,2
1301,459,1,2
1301,460,1,2
1301,461,1,2
1301,462,1,2
1301,463,1,2
1301,464,1,2
1301,465,1,2
1301,466,1,2
1301,467,1,2
1302,105,1,2
1302,106,1,2
1302,107,1,2
1302,108,1,2
1302,109,1,2
1302,110,1,2
1302,111,1,2
1302,112,1,2
1302,113,1,2
1302,114,1,2
1302,115,1,2
1302,116,1,2
1302,117,1,2
1302,118,1,2
1302,119,1,2
1302,120,1,2
1302,121,1,2
1302,122,1,2
1302,123,1,2
1302,124,1,2
1302,125,1,2
1302,126,1,2
1302,127,1,2
1302,128,1,2
1302,129,1,2
1302,130,1,2
1302,131,1,2
1302,132,1,2
1302,133,1,2
1302,134,1,2
1302,135,1,2
1302,136,1,2
1302,137,1,2
1302,138,1,2
1302,139,1,2
1302,140,1,2
1302,141,1,2
1302,142,1,2
1302,143,1,2
1302,144,1,2
1302,145,1,2
1302,146,1,2
1302,147,1,2
1302,148,1,2
1302,149,1,2
1302,150,1,2
1302,151,1,2
1302,152,1,2
1302,153,1,2
1302,154,1,2
1302,155,1,2
1302,156,1,2
1302,157,1,2
1302,158,1,2
1302,159,1,2
1302,160,1,2
1302,161,1,2
1302,162,1,2
1302,163,1,2
1302,164,1,2
1302,165,1,2
1302,166,1,2
1302,167,1,2
1302,168,1,2
1302,169,1,2
1302,170,1,2
1302,171,1,2
1302,172,1,2
1302,173,1,2
1302,174,1,2
1302,175,1,2
1302,176,1,2
1302,177,1,2
1302,178,1,2
1302,179,1,2
1302,180,1,2
1302,181,1,2
1302,182,1,2
1302,183,1,2
1302,184,1,2
1302,185,1,2
1302,186,1,2
1302,187,1,2
1302,188,1,2
1302,189,1,2
1302,190,1,2
1302,191,1,2
1302,192,1,2
1302,193,1,2
1302,194,1,2
1302,195,1,2
1302,196,1,2
1302,197,1,2
1302,198,1,2
1302,199,1,2
1302,200,1,2
1302,201,1,2
1302,202,1,2
1302,203,1,2
1302,204,1,2
1302,205,1,2
1302,206,1,2
1302,207,1,2
1302,208,1,2
1302,209,1,2
1302,210,1,2
1302,211,1,2
1302,212,1,2
1302,213,1,2
1302,214,1,2
1302,215,1,2
1302,216,1,2
1302,217,1,2
1302,218,1,2
1302,219,1,2
1302,220,1,2
1302,221,1,2
1302,222,1,2
1302,223,1,2
1302,224,1,2
1302,225,1,2
1302,226,1,2
1302,227,1,2
1302,228,1,2
1302,229,1,2
1302,230,1,2
1302,231,1,2
1302,232,1,2
1302,233,1,2
1302,234,1,2
1302,235,1,2
1302,236,1,2
1302,237,1,2
1302,238,1,2
1302,239,1,2
1302,240,1,2
1302,241,1,2
1302,242,1,2
1302,243,1,2
1302,244,1,2
1302,245,1,2
1302,246,1,2
1302,247,1,2
1302,248,1,2
1302,249,1,2
1302,250,1,2
1302,251,1,2
1302,252,1,2
1302,253,1,2
1302,254,1,2
1302,255,1,2
1302,256,1,2
1302,257,1,2
1302,258,1,2
1302,259,1,2
1302,260,1,2
1302,261,1,2
1302,262,1,2
1302,263,1,2
1302,264,1,2
1302,265,1,2
1302,266,1,2
1302,267,1,2
1302,268,1,2
1302,269,1,2
1302,270,1,2
1302,271,1,2
1302,272,1,2
1302,273,1,2
1302,274,1,2
1302,275,1,2
1302,276,1,2
1302,277,1,2
1302,278,1,2
1302,279,1,2
1302,280,1,2
1302,281,1,2
1302,282,1,2
1302,283,1,2
1302,284,1,2
1302,285,1,2
1302,286,1,2
1302,287,1,2
1302,288,1,2
1302,289,1,2
1302,290,1,2
1302,291,1,2
1302,292,1,2
1302,293,1,2
1302,294,1,2
1302,295,1,2
1302,296,1,2
1302,297,1,2
1302,298,1,2
1302,299,1,2
1302,300,1,2
1302,301,1,2
1302,302,1,2
1302,303,1,2
1302,304,1,2
1302,305,1,2
1302,306,1,2
1302,307,1,2
1302,308,1,2
1302,309,1,2
1302,310,1,2
1302,311,1,2
1302,312,1,2
1302,313,1,2
1302,314,1,2
1302,315,1,2
1302,316,1,2
1302,317,1,2
1302,318,1,2
1302,319,1,2
1302,320,1,2
1302,321,1,2
1302,322,1,2
1302,323,1,2
1302,324,1,2
1302,325,1,2
1302,326,1,2
1302,327,1,2
1302,328,1,2
1302,329,1,2
1302,330,1,2
1302,331,1,2
1302,332,1,2
1302,333,1,2
1302,334,1,2
1302,335,1,2
1302,336,1,2
1302,337,1,2
1302,338,1,2
1302,339,1,2
1302,340,1,2
1302,341,1,2
1302,342,1,2
1302,343,1,2
1302,344,1,2
1302,345,1,2
1302,346,1,2
1302,347,1,2
1302,348,1,2
1302,349,1,2
1302,350,1,2
1302,351,1,2
1302,352,1,2
1302,353,1,2
1302,354,1,2
1302,355,1,2
1302,356,1,2
1302,357,1,2
1302,358,1,2
1302,359,1,2
1302,360,1,2
1302,361,1,2
1302,362,1,2
1302,363,1,2
1302,364,1,2
1302,365,1,2
1302,366,1,2
1302,367,1,2
1302,368,1,2
1302,369,1,2
1302,370,1,2
1302,371,1,2
1302,372,1,2
1302,373,1,2
1302,374,1,2
1302,375,1,2
1302,376,1,2
1302,377,1,2
1302,378,1,2
1302,379,1,2
1302,380,1,2
1302,381,1,2
1302,382,1,2
1302,383,1,2
1302,384,1,2
1302,385,1,2
1302,386,1,2
1302,387,1,2
1302,388,1,2
1302,389,1,2
1302,390,1,2
1302,391,1,2
1302,392,1,2
1302,393,1,2
1302,394,1,2
1302,395,1,2
1302,396,1,2
1302,397,1,2
1302,398,1,2
1302,399,1,2
1302,400,1,2
1302,401,1,2
1302,402,1,2
1302,403,1,2
1302,404,1,2
1302,405,1,2
1302,406,1,2
1302,407,1,2
1302,408,1,2
1302,409,1,2
1302,410,1,2
1302,411,1,2
1302,412,1,2
1302,413,1,2
1302,414,1,2
1302,415,1,2
1302,416,1,2
1302,417,1,2
1302,418,1,2
1302,419,1,2
1302,420,1,2
1302,421,1,3
1302,422,1,3
1302,423,1,3
1302,424,1,3
1302,425,1,3
1302,426,1,3
1302,427,1,3
1302,428,1,3
1302,429,1,2
1302,430,1,2
1302,431,1,2
1302,432,1,2
1302,433,1,2
1302,434,1,2
1302,435,1,2
1302,436,1,2
1302,437,1,2
1302,438,1,2
1302,439,1,2
1302,440,1,2
1302,441,1,2
1302,442,1,2
1302,443,1,2
1302,444,1,2
1302,445,1,2
1302,446,1,2
1302,447,1,2
1302,448,1,2
1302,449,1,2
1302,450,1,2
1302,451,1,2
1302,452,1,2
1302,453,1,2
1302,454,1,2
1302,455,1,2
1302,456,1,2
1302,457,1,2
1302,458,1,2
1302,459,1,2
1302,460,1,2
1302,461,1,2
1302,462,1,2
1302,463,1,2
1302,464,1,2
1302,465,1,2
1302,466,1,2
1302,467,1,2
1303,104,1,2
1303,105,1,2
1303,106,1,2
1303,107,1,2
1303,108,1,2
1303,109,1,2
1303,110,1,2
1303,111,1,2
1303,112,1,2
1303,113,1,2
1303,114,1,2
1303,115,1,2
1303,116,1,2
1303,117,1,2
1303,118,1,2
1303,119,1,2
1303,120,1,2
1303,121,1,2
1303,122,1,2
1303,123,1,2
1303,124,1,2
1303,125,1,2
1303,126,1,2
1303,127,1,2
1303,128,1,2
1303,129,1,2
1303,130,1,2
1303,131,1,2
1303,132,1,2
1303,133,1,2
1303,134,1,2
1303,135,1,2
1303,136,1,2
1303,137,1,2
1303,138,1,2
1303,139,1,2
1303,140,1,2
1303,141,1,2
1303,142,1,2
1303,143,1,2
1303,144,1,2
1303,145,1,2
1303,146,1,2
1303,147,1,2
1303,148,1,2
1303,149,1,2
1303,150,1,2
1303,151,1,2
1303,152,1,2
1303,153,1,2
1303,154,1,2
1303,155,1,2
1303,156,1,2
1303,157,1,2
1303,158,1,2
1303,159,1,2
1303,160,1,2
1303,161,1,2
1303,162,1,2
1303,163,1,2
1303,164,1,2
1303,165,1,2
1303,166,1,2
1303,167,1,2
1303,168,1,2
1303,169,1,2
1303,170,1,2
1303,171,1,2
1303,172,1,2
1303,173,1,2
1303,174,1,2
1303,175,1,2
1303,176,1,2
1303,177,1,2
1303,178,1,2
1303,179,1,2
1303,180,1,2
1303,181,1,2
1303,182,1,2
1303,183,1,2
1303,184,1,2
1303,185,1,2
1303,186,1,2
1303,187,1,2
1303,188,1,2
1303,189,1,2
1303,190,1,2
1303,191,1,2
1303,192,1,2
1303,193,1,2
1303,194,1,2
1303,195,1,2
1303,196,1,2
1303,197,1,2
1303,198,1,2
1303,199,1,2
1303,200,1,2
1303,201,1,2
1303,202,1,2
1303,203,1,2
1303,204,1,2
1303,205,1,2
1303,206,1,2
1303,207,1,2
1303,208,1,2
1303,209,1,2
1303,210,1,2
1303,211,1,2
1303,212,1,2
1303,213,1,2
1303,214,1,2
1303,215,1,2
1303,216,1,2
1303,217,1,2
1303,218,1,2
1303,219,1,2
1303,220,1,2
1303,221,1,2
1303,222,1,2
1303,223,1,2
1303,224,1,2
1303,225,1,2
1303,226,1,2
1303,227,1,2
1303,228,1,2
1303,229,1,2
1303,230,1,2
1303,231,1,2
1303,232,1,2
1303,233,1,2
1303,234,1,2
1303,235,1,2
1303,236,1,2
1303,237,1,2
1303,238,1,2
1303,239,1,2
1303,240,1,2
1303,241,1,2
1303,242,1,2
1303,243,1,2
1303,244,1,2
1303,245,1,2
1303,246,1,2
1303,247,1,2
1303,248,1,2
1303,249,1,2
1303,250,1,2
1303,251,1,2
1303,252,1,2
1303,253,1,2
1303,254,1,2
1303,255,1,2
1303,256,1,2
1303,257,1,2
1303,258,1,2
1303,259,1,2
1303,260,1,2
1303,261,1,2
1303,262,1,2
1303,263,1,2
1303,264,1,2
1303,265,1,2
1303,266,1,2
1303,267,1,2
1303,268,1,2
1303,269,1,2
1303,270,1,2
1303,271,1,2
1303,272,1,2
1303,273,1,2
1303,274,1,2
1303,275,1,2
1303,276,1,2
1303,277,1,2
1303,278,1,2
1303,279,1,2
1303,280,1,2
1303,281,1,2
1303,282,1,2
1303,283,1,2
1303,284,1,2
1303,285,1,2
1303,286,1,2
1303,287,1,2
1303,288,1,2
1303,289,1,2
1303,290,1,2
1303,291,1,2
1303,292,1,2
1303,293,1,2
1303,294,1,2
1303,295,1,2
1303,296,1,2
1303,297,1,2
1303,298,1,2
1303,299,1,2
1303,300,1,2
1303,301,1,2
1303,302,1,2
1303,303,1,2
1303,304,1,2
1303,305,1,2
1303,306,1,2
1303,307,1,2
1303,308,1,2
1303,309,1,2
1303,310,1,2
1303,311,1,2
1303,312,1,2
1303,313,1,2
1303,314,1,2
1303,315,1,2
1303,316,1,2
1303,317,1,2
1303,318,1,2
1303,319,1,2
1303,320,1,2
1303,321,1,2
1303,322,1,2
1303,323,1,2
1303,324,1,2
1303,325,1,2
1303,326,1,2
1303,327,1,2
1303,328,1,2
1303,329,1,2
1303,330,1,2
1303,331,1,2
1303,332,1,2
1303,333,1,2
1303,334,1,2
1303,335,1,2
1303,336,1,2
1303,337,1,2
1303,338,1,2
1303,339,1,2
1303,340,1,2
1303,341,1,2
1303,342,1,2
1303,343,1,2
1303,344,1,2
1303,345,1,2
1303,346,1,2
1303,347,1,2
1303,348,1,2
1303,349,1,2
1303,350,1,2
1303,351,1,2
1303,352,1,2
1303,353,1,2
1303,354,1,2
1303,355,1,2
1303,356,1,2
1303,357,1,2
1303,358,1,2
1303,359,1,2
1303,360,1,2
1303,361,1,2
1303,362,1,2
1303,363,1,2
1303,364,1,2
1303,365,1,2
1303,366,1,2
1303,367,1,2
1303,368,1,2
1303,369,1,2
1303,370,1,2
1303,371,1,2
1303,372,1,2
1303,373,1,2
1303,374,1,2
1303,375,1,2
1303,376,1,2
1303,377,1,2
1303,378,1,2
1303,379,1,2
1303,380,1,2
1303,381,1,2
1303,382,1,2
1303,383,1,2
1303,384,1,2
1303,385,1,2
1303,386,1,2
1303,387,1,2
1303,388,1,2
1303,389,1,2
1303,390,1,2
1303,391,1,2
1303,392,1,2
1303,393,1,2
1303,394,1,2
1303,395,1,2
1303,396,1,2
1303,397,1,2
1303,398,1,2
1303,399,1,2
1303,400,1,2
1303,401,1,2
1303,402,1,2
1303,403,1,2
1303,404,1,2
1303,405,1,2
1303,406,1,2
1303,407,1,2
1303,408,1,2
1303,409,1,2
1303,410,1,2
1303,411,1,2
1303,412,1,2
1303,413,1,2
1303,414,1,2
1303,415,1,2
1303,416,1,2
1303,417,1,2
1303,418,1,2
1303,419,1,3
1303,420,1,3
1303,421,1,3
1303,422,1,3
1303,423,1,3
1303,424,1,3
1303,425,1,3
1303,426,1,3
1303,427,1,3
1303,428,1,3
1303,429,1,3
1303,430,1,3
1303,431,1,3
1303,432,1,3
1303,433,1,2
1303,434,1,2
1303,435,1,2
1303,436,1,2
1303,437,1,2
1303,438,1,2
1303,439,1,2
1303,440,1,2
1303,441,1,2
1303,442,1,2
1303,443,1,2
1303,444,1,2
1303,445,1,2
1303,446,1,2
1303,447,1,2
1303,448,1,2
1303,449,1,2
1303,450,1,2
1303,451,1,2
1303,452,1,2
1303,453,1,2
1303,454,1,2
1303,455,1,2
1303,456,1,2
1303,457,1,2
1303,458,1,2
1303,459,1,2
1303,460,1,2
1303,461,1,2
1303,462,1,2
1303,463,1,2
1303,464,1,2
1303,465,1,2
1303,466,1,2
1303,467,1,2
1304,104,1,2
1304,105,1,2
1304,106,1,2
1304,107,1,2
1304,108,1,2
1304,109,1,2
1304,110,1,2
1304,111,1,2
1304,112,1,2
1304,113,1,2
1304,114,1,2
1304,115,1,2
1304,116,1,2
1304,117,1,2
1304,118,1,2
1304,119,1,2
1304,120,1,2
1304,121,1,2
1304,122,1,2
1304,123,1,2
1304,124,1,2
1304,125,1,2
1304,126,1,2
1304,127,1,2
1304,128,1,2
1304,129,1,2
1304,130,1,2
1304,131,1,2
1304,132,1,2
1304,133,1,2
1304,134,1,2
1304,135,1,2
1304,136,1,2
1304,137,1,2
1304,138,1,2
1304,139,1,2
1304,140,1,2
1304,141,1,2
1304,142,1,2
1304,143,1,2
1304,144,1,2
1304,145,1,2
1304,146,1,2
1304,147,1,2
1304,148,1,2
1304,149,1,2
1304,150,1,2
1304,151,1,2
1304,152,1,2
1304,153,1,2
1304,154,1,2
1304,155,1,2
1304,156,1,2
1304,157,1,2
1304,158,1,2
1304,159,1,2
1304,160,1,2
1304,161,1,2
1304,162,1,2
1304,163,1,2
1304,164,1,2
1304,165,1,2
1304,166,1,2
1304,167,1,2
1304,168,1,2
1304,169,1,2
1304,170,1,2
1304,171,1,2
1304,172,1,2
1304,173,1,2
1304,174,1,2
1304,175,1,2
1304,176,1,2
1304,177,1,2
1304,178,1,2
1304,179,1,2
1304,180,1,2
1304,181,1,2
1304,182,1,2
1304,183,1,2
1304,184,1,2
1304,185,1,2
1304,186,1,2
1304,187,1,2
1304,188,1,2
1304,189,1,2
1304,190,1,2
1304,191,1,2
1304,192,1,2
1304,193,1,2
1304,194,1,2
1304,195,1,2
1304,196,1,2
1304,197,1,2
1304,198,1,2
1304,199,1,2
1304,200,1,2
1304,201,1,2
1304,202,1,2
1304,203,1,2
1304,204,1,2
1304,205,1,2
1304,206,1,2
1304,207,1,2
1304,208,1,2
1304,209,1,2
1304,210,1,2
1304,211,1,2
1304,212,1,2
1304,213,1,2
1304,214,1,2
1304,215,1,2
1304,216,1,2
1304,217,1,2
1304,218,1,2
1304,219,1,2
1304,220,1,2
1304,221,1,2
1304,222,1,2
1304,223,1,2
1304,224,1,2
1304,225,1,2
1304,226,1,2
1304,227,1,2
1304,228,1,2
1304,229,1,2
1304,230,1,2
1304,231,1,2
1304,232,1,2
1304,233,1,2
1304,234,1,2
1304,235,1,2
1304,236,1,2
1304,237,1,2
1304,238,1,2
1304,239,1,2
1304,240,1,2
1304,241,1,2
1304,242,1,2
1304,243,1,2
1304,244,1,2
1304,245,1,2
1304,246,1,2
1304,247,1,2
1304,248,1,2
1304,249,1,2
1304,250,1,2
1304,251,1,2
1304,252,1,2
1304,253,1,2
1304,254,1,2
1304,255,1,2
1304,256,1,2
1304,257,1,2
1304,258,1,2
1304,259,1,2
1304,260,1,2
1304,261,1,2
1304,262,1,2
1304,263,1,2
1304,264,1,2
1304,265,1,2
1304,266,1,2
1304,267,1,2
1304,268,1,2
1304,269,1,2
1304,270,1,2
1304,271,1,2
1304,272,1,2
1304,273,1,2
1304,274,1,2
1304,275,1,2
1304,276,1,2
1304,277,1,2
1304,278,1,2
1304,279,1,2
1304,280,1,2
1304,281,1,2
1304,282,1,2
1304,283,1,2
1304,284,1,2
1304,285,1,2
1304,286,1,2
1304,287,1,2
1304,288,1,2
1304,289,1,2
1304,290,1,2
1304,291,1,2
1304,292,1,2
1304,293,1,2
1304,294,1,2
1304,295,1,2
1304,296,1,2
1304,297,1,2
1304,298,1,2
1304,299,1,2
1304,300,1,2
1304,301,1,2
1304,302,1,2
1304,303,1,2
1304,304,1,2
1304,305,1,2
1304,306,1,2
1304,307,1,2
1304,308,1,2
1304,309,1,2
1304,310,1,2
1304,311,1,2
1304,312,1,2
1304,313,1,2
1304,314,1,2
1304,315,1,2
1304,316,1,2
1304,317,1,2
1304,318,1,2
1304,319,1,2
1304,320,1,2
1304,321,1,2
1304,322,1,2
1304,323,1,2
1304,324,1,2
1304,325,1,2
1304,326,1,2
1304,327,1,2
1304,328,1,2
1304,329,1,2
1304,330,1,2
1304,331,1,2
1304,332,1,2
1304,333,1,2
1304,334,1,2
1304,335,1,2
1304,336,1,2
1304,337,1,2
1304,338,1,2
1304,339,1,2
1304,340,1,2
1304,341,1,2
1304,342,1,2
1304,343,1,2
1304,344,1,2
1304,345,1,2
1304,346,1,2
1304,347,1,2
1304,348,1,2
1304,349,1,2
1304,350,1,2
1304,351,1,2
1304,352,1,2
1304,353,1,2
1304,354,1,2
1304,355,1,2
1304,356,1,2
1304,357,1,2
1304,358,1,2
1304,359,1,2
1304,360,1,2
1304,361,1,2
1304,362,1,2
1304,363,1,2
1304,364,1,2
1304,365,1,2
1304,366,1,2
1304,367,1,2
1304,368,1,2
1304,369,1,2
1304,370,1,2
1304,371,1,2
1304,372,1,2
1304,373,1,2
1304,374,1,2
1304,375,1,2
1304,376,1,2
1304,377,1,2
1304,378,1,2
1304,379,1,2
1304,380,1,2
1304,381,1,2
1304,382,1,2
1304,383,1,2
1304,384,1,2
1304,385,1,2
1304,386,1,2
1304,387,1,2
1304,388,1,2
1304,389,1,2
1304,390,1,2
1304,391,1,2
1304,392,1,2
1304,393,1,2
1304,394,1,2
1304,395,1,2
1304,396,1,2
1304,397,1,2
1304,398,1,2
1304,399,1,2
1304,400,1,2
1304,401,1,2
1304,402,1,2
1304,403,1,2
1304,404,1,2
1304,405,1,2
1304,406,1,2
1304,407,1,2
1304,408,1,2
1304,409,1,2
1304,410,1,2
1304,411,1,2
1304,412,1,2
1304,413,1,2
1304,414,1,2
1304,415,1,2
1304,416,1,3
1304,417,1,3
1304,418,1,3
1304,419,1,3
1304,420,1,3
1304,421,1,3
1304,422,1,3
1304,423,1,3
1304,424,1,3
1304,425,1,3
1304,426,1,3
1304,427,1,3
1304,428,1,3
1304,429,1,3
1304,430,1,3
1304,431,1,3
1304,432,1,3
1304,433,1,3
1304,434,1,3
1304,435,1,2
1304,436,1,2
1304,437,1,2
1304,438,1,2
1304,439,1,2
1304,440,1,2
1304,441,1,2
1304,442,1,2
1304,443,1,2
1304,444,1,2
1304,445,1,2
1304,446,1,2
1304,447,1,2
1304,448,1,2
1304,449,1,2
1304,450,1,2
1304,451,1,2
1304,452,1,2
1304,453,1,2
1304,454,1,2
1304,455,1,2
1304,456,1,2
1304,457,1,2
1304,458,1,2
1304,459,1,2
1304,460,1,2
1304,461,1,2
1304,462,1,2
1304,463,1,2
1304,464,1,2
1304,465,1,2
1304,466,1,2
1304,467,1,2
1305,103,1,2
1305,104,1,2
1305,105,1,2
1305,106,1,2
1305,107,1,2
1305,108,1,2
1305,109,1,2
1305,110,1,2
1305,111,1,2
1305,112,1,2
1305,113,1,2
1305,114,1,2
1305,115,1,2
1305,116,1,2
1305,117,1,2
1305,118,1,2
1305,119,1,2
1305,120,1,2
1305,121,1,2
1305,122,1,2
1305,123,1,2
1305,124,1,2
1305,125,1,2
1305,126,1,2
1305,127,1,2
1305,128,1,2
1305,129,1,2
1305,130,1,2
1305,131,1,2
1305,132,1,2
1305,133,1,2
1305,134,1,2
1305,135,1,2
1305,136,1,2
1305,137,1,2
1305,138,1,2
1305,139,1,2
1305,140,1,2
1305,141,1,2
1305,142,1,2
1305,143,1,2
1305,144,1,2
1305,145,1,2
1305,146,1,2
1305,147,1,2
1305,148,1,2
1305,149,1,2
1305,150,1,2
1305,151,1,2
1305,152,1,2
1305,153,1,2
1305,154,1,2
1305,155,1,2
1305,156,1,2
1305,157,1,2
1305,158,1,2
1305,159,1,2
1305,160,1,2
1305,161,1,2
1305,162,1,2
1305,163,1,2
1305,164,1,2
1305,165,1,2
1305,166,1,2
1305,167,1,2
1305,168,1,2
1305,169,1,2
1305,170,1,2
1305,171,1,2
1305,172,1,2
1305,173,1,2
1305,174,1,2
1305,175,1,2
1305,176,1,2
1305,177,1,2
1305,178,1,2
1305,179,1,2
1305,180,1,2
1305,181,1,2
1305,182,1,2
1305,183,1,2
1305,184,1,2
1305,185,1,2
1305,186,1,2
1305,187,1,2
1305,188,1,2
1305,189,1,2
1305,190,1,2
1305,191,1,2
1305,192,1,2
1305,193,1,2
1305,194,1,2
1305,195,1,2
1305,196,1,2
1305,197,1,2
1305,198,1,2
1305,199,1,2
1305,200,1,2
1305,201,1,2
1305,202,1,2
1305,203,1,2
1305,204,1,2
1305,205,1,2
1305,206,1,2
1305,207,1,2
1305,208,1,2
1305,209,1,2
1305,210,1,2
1305,211,1,2
1305,212,1,2
1305,213,1,2
1305,214,1,2
1305,215,1,2
1305,216,1,2
1305,217,1,2
1305,218,1,2
1305,219,1,2
1305,220,1,2
1305,221,1,2
1305,222,1,2
1305,223,1,2
1305,224,1,2
1305,225,1,2
1305,226,1,2
1305,227,1,2
1305,228,1,2
1305,229,1,2
1305,230,1,2
1305,231,1,2
1305,232,1,2
1305,233,1,2
1305,234,1,2
1305,235,1,2
1305,236,1,2
1305,237,1,2
1305,238,1,2
1305,239,1,2
1305,240,1,2
1305,241,1,2
1305,242,1,2
1305,243,1,2
1305,244,1,2
1305,245,1,2
1305,246,1,2
1305,247,1,2
1305,248,1,2
1305,249,1,2
1305,250,1,2
1305,251,1,2
1305,252,1,2
1305,253,1,2
1305,254,1,2
1305,255,1,2
1305,256,1,2
1305,257,1,2
1305,258,1,2
1305,259,1,2
1305,260,1,2
1305,261,1,2
1305,262,1,2
1305,263,1,2
1305,264,1,2
1305,265,1,2
1305,266,1,2
1305,267,1,2
1305,268,1,2
1305,269,1,2
1305,270,1,2
1305,271,1,2
1305,272,1,2
1305,273,1,2
1305,274,1,2
1305,275,1,2
1305,276,1,2
1305,277,1,2
1305,278,1,2
1305,279,1,2
1305,280,1,2
1305,281,1,2
1305,282,1,2
1305,283,1,2
1305,284,1,2
1305,285,1,2
1305,286,1,2
1305,287,1,2
1305,288,1,2
1305,289,1,2
1305,290,1,2
1305,291,1,2
1305,292,1,2
1305,293,1,2
1305,294,1,2
1305,295,1,2
1305,296,1,2
1305,297,1,2
1305,298,1,2
1305,299,1,2
1305,300,1,2
1305,301,1,2
1305,302,1,2
1305,303,1,2
1305,304,1,2
1305,305,1,2
1305,306,1,2
1305,307,1,2
1305,308,1,2
1305,309,1,2
1305,310,1,2
1305,311,1,2
1305,312,1,2
1305,313,1,2
1305,314,1,2
1305,315,1,2
1305,316,1,2
1305,317,1,2
1305,318,1,2
1305,319,1,2
1305,320,1,2
1305,321,1,2
1305,322,1,2
1305,323,1,2
1305,324,1,2
1305,325,1,2
1305,326,1,2
1305,327,1,2
1305,328,1,2
1305,329,1,2
1305,330,1,2
1305,331,1,2
1305,332,1,2
1305,333,1,2
1305,334,1,2
1305,335,1,2
1305,336,1,2
1305,337,1,2
1305,338,1,2
1305,339,1,2
1305,340,1,2
1305,341,1,2
1305,342,1,2
1305,343,1,2
1305,344,1,2
1305,345,1,2
1305,346,1,2
1305,347,1,2
1305,348,1,2
1305,349,1,2
1305,350,1,2
1305,351,1,2
1305,352,1,2
1305,353,1,2
1305,354,1,2
1305,355,1,2
1305,356,1,2
1305,357,1,2
1305,358,1,2
1305,359,1,2
1305,360,1,2
1305,361,1,2
1305,362,1,2
1305,363,1,2
1305,364,1,2
1305,365,1,2
1305,366,1,2
1305,367,1,2
1305,368,1,2
1305,369,1,2
1305,370,1,2
1305,371,1,2
1305,372,1,2
1305,373,1,2
1305,374,1,2
1305,375,1,2
1305,376,1,2
1305,377,1,2
1305,378,1,2
1305,379,1,2
1305,380,1,2
1305,381,1,2
1305,382,1,2
1305,383,1,2
1305,384,1,2
1305,385,1,2
1305,386,1,2
1305,387,1,2
1305,388,1,2
1305,389,1,2
1305,390,1,2
1305,391,1,2
1305,392,1,2
1305,393,1,2
1305,394,1,2
1305,395,1,2
1305,396,1,2
1305,397,1,2
1305,398,1,2
1305,399,1,2
1305,400,1,2
1305,401,1,2
1305,402,1,2
1305,403,1,2
1305,404,1,2
1305,405,1,2
1305,406,1,2
1305,407,1,2
1305,408,1,2
1305,409,1,2
1305,410,1,2
1305,411,1,2
1305,412,1,2
1305,413,1,3
1305,414,1,3
1305,415,1,3
1305,416,1,3
1305,417,1,3
1305,418,1,3
1305,419,1,3
1305,420,1,3
1305,421,1,3
1305,422,1,3
1305,423,1,3
1305,424,1,3
1305,425,1,3
1305,426,1,3
1305,427,1,3
1305,428,1,3
1305,429,1,3
1305,430,1,3
1305,431,1,3
1305,432,1,3
1305,433,1,3
1305,434,1,3
1305,435,1,3
1305,436,1,3
1305,437,1,2
1305,438,1,2
1305,439,1,2
1305,440,1,2
1305,441,1,2
1305,442,1,2
1305,443,1,2
1305,444,1,2
1305,445,1,2
1305,446,1,2
1305,447,1,2
1305,448,1,2
1305,449,1,2
1305,450,1,2
1305,451,1,2
1305,452,1,2
1305,453,1,2
1305,454,1,2
1305,455,1,2
1305,456,1,2
1305,457,1,2
1305,458,1,2
1305,459,1,2
1305,460,1,2
1305,461,1,2
1305,462,1,2
1305,463,1,2
1305,464,1,2
1305,465,1,2
1305,466,1,2
1306,103,1,2
1306,104,1,2
1306,105,1,2
1306,106,1,2
1306,107,1,2
1306,108,1,2
1306,109,1,2
1306,110,1,2
1306,111,1,2
1306,112,1,2
1306,113,1,2
1306,114,1,2
1306,115,1,2
1306,116,1,2
1306,117,1,2
1306,118,1,2
1306,119,1,2
1306,120,1,2
1306,121,1,2
1306,122,1,2
1306,123,1,2
1306,124,1,2
1306,125,1,2
1306,126,1,2
1306,127,1,2
1306,128,1,2
1306,129,1,2
1306,130,1,2
1306,131,1,2
1306,132,1,2
1306,133,1,2
1306,134,1,2
1306,135,1,2
1306,136,1,2
1306,137,1,2
1306,138,1,2
1306,139,1,2
1306,140,1,2
1306,141,1,2
1306,142,1,2
1306,143,1,2
1306,144,1,2
1306,145,1,2
1306,146,1,2
1306,147,1,2
1306,148,1,2
1306,149,1,2
1306,150,1,2
1306,151,1,2
1306,152,1,2
1306,153,1,2
1306,154,1,2
1306,155,1,2
1306,156,1,2
1306,157,1,2
1306,158,1,2
1306,159,1,2
1306,160,1,2
1306,161,1,2
1306,162,1,2
1306,163,1,2
1306,164,1,2
1306,165,1,2
1306,166,1,2
1306,167,1,2
1306,168,1,2
1306,169,1,2
1306,170,1,2
1306,171,1,2
1306,172,1,2
1306,173,1,2
1306,174,1,2
1306,175,1,2
1306,176,1,2
1306,177,1,2
1306,178,1,2
1306,179,1,2
1306,180,1,2
1306,181,1,2
1306,182,1,2
1306,183,1,2
1306,184,1,2
1306,185,1,2
1306,186,1,2
1306,187,1,2
1306,188,1,2
1306,189,1,2
1306,190,1,2
1306,191,1,2
1306,192,1,2
1306,193,1,2
1306,194,1,2
1306,195,1,2
1306,196,1,2
1306,197,1,2
1306,198,1,2
1306,199,1,2
1306,200,1,2
1306,201,1,2
1306,202,1,2
1306,203,1,2
1306,204,1,2
1306,205,1,2
1306,206,1,2
1306,207,1,2
1306,208,1,2
1306,209,1,2
1306,210,1,2
1306,211,1,2
1306,212,1,2
1306,213,1,2
1306,214,1,2
1306,215,1,2
1306,216,1,2
1306,217,1,2
1306,218,1,2
1306,219,1,2
1306,220,1,2
1306,221,1,2
1306,222,1,2
1306,223,1,2
1306,224,1,2
1306,225,1,2
1306,226,1,2
1306,227,1,2
1306,228,1,2
1306,229,1,2
1306,230,1,2
1306,231,1,2
1306,232,1,2
1306,233,1,2
1306,234,1,2
1306,235,1,2
1306,236,1,2
1306,237,1,2
1306,238,1,2
1306,239,1,2
1306,240,1,2
1306,241,1,2
1306,242,1,2
1306,243,1,2
1306,244,1,2
1306,245,1,2
1306,246,1,2
1306,247,1,2
1306,248,1,2
1306,249,1,2
1306,250,1,2
1306,251,1,2
1306,252,1,2
1306,253,1,2
1306,254,1,2
1306,255,1,2
1306,256,1,2
1306,257,1,2
1306,258,1,2
1306,259,1,2
1306,260,1,2
1306,261,1,2
1306,262,1,2
1306,263,1,2
1306,264,1,2
1306,265,1,2
1306,266,1,2
1306,267,1,2
1306,268,1,2
1306,269,1,2
1306,270,1,2
1306,271,1,2
1306,272,1,2
1306,273,1,2
1306,274,1,2
1306,275,1,2
1306,276,1,2
1306,277,1,2
1306,278,1,2
1306,279,1,2
1306,280,1,2
1306,281,1,2
1306,282,1,2
1306,283,1,2
1306,284,1,2
1306,285,1,2
1306,286,1,2
1306,287,1,2
1306,288,1,2
1306,289,1,2
1306,290,1,2
1306,291,1,2
1306,292,1,2
1306,293,1,2
1306,294,1,2
1306,295,1,2
1306,296,1,2
1306,297,1,2
1306,298,1,2
1306,299,1,2
1306,300,1,2
1306,301,1,2
1306,302,1,2
1306,303,1,2
1306,304,1,2
1306,305,1,2
1306,306,1,2
1306,307,1,2
1306,308,1,2
1306,309,1,2
1306,310,1,2
1306,311,1,2
1306,312,1,2
1306,313,1,2
1306,314,1,2
1306,315,1,2
1306,316,1,2
1306,317,1,2
1306,318,1,2
1306,319,1,2
1306,320,1,2
1306,321,1,2
1306,322,1,2
1306,323,1,2
1306,324,1,2
1306,325,1,2
1306,326,1,2
1306,327,1,2
1306,328,1,2
1306,329,1,2
1306,330,1,2
1306,331,1,2
1306,332,1,2
1306,333,1,2
1306,334,1,2
1306,335,1,2
1306,336,1,2
1306,337,1,2
1306,338,1,2
1306,339,1,2
1306,340,1,2
1306,341,1,2
1306,342,1,2
1306,343,1,2
1306,344,1,2
1306,345,1,2
1306,346,1,2
1306,347,1,2
1306,348,1,2
1306,349,1,2
1306,350,1,2
1306,351,1,2
1306,352,1,2
1306,353,1,2
1306,354,1,2
1306,355,1,2
1306,356,1,2
1306,357,1,2
1306,358,1,2
1306,359,1,2
1306,360,1,2
1306,361,1,2
1306,362,1,2
1306,363,1,2
1306,364,1,2
1306,365,1,2
1306,366,1,2
1306,367,1,2
1306,368,1,2
1306,369,1,2
1306,370,1,2
1306,371,1,2
1306,372,1,2
1306,373,1,2
1306,374,1,2
1306,375,1,2
1306,376,1,2
1306,377,1,2
1306,378,1,2
1306,379,1,2
1306,380,1,2
1306,381,1,2
1306,382,1,2
1306,383,1,2
1306,384,1,2
1306,385,1,2
1306,386,1,2
1306,387,1,2
1306,388,1,2
1306,389,1,2
1306,390,1,2
1306,391,1,2
1306,392,1,2
1306,393,1,2
1306,394,1,2
1306,395,1,2
1306,396,1,2
1306,397,1,2
1306,398,1,2
1306,399,1,2
1306,400,1,2
1306,401,1,2
1306,402,1,2
1306,403,1,2
1306,404,1,2
1306,405,1,2
1306,406,1,2
1306,407,1,2
1306,408,1,2
1306,409,1,2
1306,410,1,2
1306,411,1,2
1306,412,1,3
1306,413,1,3
1306,414,1,3
1306,415,1,3
1306,416,1,3
1306,417,1,3
1306,418,1,3
1306,419,1,3
1306,420,1,3
1306,421,1,3
1306,422,1,3
1306,423,1,3
1306,424,1,3
1306,425,1,3
1306,426,1,3
1306,427,1,3
1306,428,1,3
1306,429,1,3
1306,430,1,3
1306,431,1,3
1306,432,1,3
1306,433,1,3
1306,434,1,3
1306,435,1,3
1306,436,1,3
1306,437,1,3
1306,438,1,2
1306,439,1,2
1306,440,1,2
1306,441,1,2
1306,442,1,2
1306,443,1,2
1306,444,1,2
1306,445,1,2
1306,446,1,2
1306,447,1,2
1306,448,1,2
1306,449,1,2
1306,450,1,2
1306,451,1,2
1306,452,1,2
1306,453,1,2
1306,454,1,2
1306,455,1,2
1306,456,1,2
1306,457,1,2
1306,458,1,2
1306,459,1,2
1306,460,1,2
1306,461,1,2
1306,462,1,2
1306,463,1,2
1306,464,1,2
1306,465,1,2
1306,466,1,2
1307,102,1,2
1307,103,1,2
1307,104,1,2
1307,105,1,2
1307,106,1,2
1307,107,1,2
1307,108,1,2
1307,109,1,2
1307,110,1,2
1307,111,1,2
1307,112,1,2
1307,113,1,2
1307,114,1,2
1307,115,1,2
1307,116,1,2
1307,117,1,2
1307,118,1,2
1307,119,1,2
1307,120,1,2
1307,121,1,2
1307,122,1,2
1307,123,1,2
1307,124,1,2
1307,125,1,2
1307,126,1,2
1307,127,1,2
1307,128,1,2
1307,129,1,2
1307,130,1,2
1307,131,1,2
1307,132,1,2
1307,133,1,2
1307,134,1,2
1307,135,1,2
1307,136,1,2
1307,137,1,2
1307,138,1,2
1307,139,1,2
1307,140,1,2
1307,141,1,2
1307,142,1,2
1307,143,1,2
1307,144,1,2
1307,145,1,2
1307,146,1,2
1307,147,1,2
1307,148,1,2
1307,149,1,2
1307,150,1,2
1307,151,1,2
1307,152,1,2
1307,153,1,2
1307,154,1,2
1307,155,1,2
1307,156,1,2
1307,157,1,2
1307,158,1,2
1307,159,1,2
1307,160,1,2
1307,161,1,2
1307,162,1,2
1307,163,1,2
1307,164,1,2
1307,165,1,2
1307,166,1,2
1307,167,1,2
1307,168,1,2
1307,169,1,2
1307,170,1,2
1307,171,1,2
1307,172,1,2
1307,173,1,2
1307,174,1,2
1307,175,1,2
1307,176,1,2
1307,177,1,2
1307,178,1,2
1307,179,1,2
1307,180,1,2
1307,181,1,2
1307,182,1,2
1307,183,1,2
1307,184,1,2
1307,185,1,2
1307,186,1,2
1307,187,1,2
1307,188,1,2
1307,189,1,2
1307,190,1,2
1307,191,1,2
1307,192,1,2
1307,193,1,2
1307,194,1,2
1307,195,1,2
1307,196,1,2
1307,197,1,2
1307,198,1,2
1307,199,1,2
1307,200,1,2
1307,201,1,2
1307,202,1,2
1307,203,1,2
1307,204,1,2
1307,205,1,2
1307,206,1,2
1307,207,1,2
1307,208,1,2
1307,209,1,2
1307,210,1,2
1307,211,1,2
1307,212,1,2
1307,213,1,2
1307,214,1,2
1307,215,1,2
1307,216,1,2
1307,217,1,2
1307,218,1,2
1307,219,1,2
1307,220,1,2
1307,221,1,2
1307,222,1,2
1307,223,1,2
1307,224,1,2
1307,225,1,2
1307,226,1,2
1307,227,1,2
1307,228,1,2
1307,229,1,2
1307,230,1,2
1307,231,1,2
1307,232,1,2
1307,233,1,2
1307,234,1,2
1307,235,1,2
1307,236,1,2
1307,237,1,2
1307,238,1,2
1307,239,1,2
1307,240,1,2
1307,241,1,2
1307,242,1,2
1307,243,1,2
1307,244,1,2
1307,245,1,2
1307,246,1,2
1307,247,1,2
1307,248,1,2
1307,249,1,2
1307,250,1,2
1307,251,1,2
1307,252,1,2
1307,253,1,2
1307,254,1,2
1307,255,1,2
1307,256,1,2
1307,257,1,2
1307,258,1,2
1307,259,1,2
1307,260,1,2
1307,261,1,2
1307,262,1,2
1307,263,1,2
1307,264,1,2
1307,265,1,2
1307,266,1,2
1307,267,1,2
1307,268,1,2
1307,269,1,2
1307,270,1,2
1307,271,1,2
1307,272,1,2
1307,273,1,2
1307,274,1,2
1307,275,1,2
1307,276,1,2
1307,277,1,2
1307,278,1,2
1307,279,1,2
1307,280,1,2
1307,281,1,2
1307,282,1,2
1307,283,1,2
1307,284,1,2
1307,285,1,2
1307,286,1,2
1307,287,1,2
1307,288,1,2
1307,289,1,2
1307,290,1,2
1307,291,1,2
1307,292,1,2
1307,293,1,2
1307,294,1,2
1307,295,1,2
1307,296,1,2
1307,297,1,2
1307,298,1,2
1307,299,1,2
1307,300,1,2
1307,301,1,2
1307,302,1,2
1307,303,1,2
1307,304,1,2
1307,305,1,2
1307,306,1,2
1307,307,1,2
1307,308,1,2
1307,309,1,2
1307,310,1,2
1307,311,1,2
1307,312,1,2
1307,313,1,2
1307,314,1,2
1307,315,1,2
1307,316,1,2
1307,317,1,2
1307,318,1,2
1307,319,1,2
1307,320,1,2
1307,321,1,2
1307,322,1,2
1307,323,1,2
1307,324,1,2
1307,325,1,2
1307,326,1,2
1307,327,1,2
1307,328,1,2
1307,329,1,2
1307,330,1,2
1307,331,1,2
1307,332,1,2
1307,333,1,2
1307,334,1,2
1307,335,1,2
1307,336,1,2
1307,337,1,2
1307,338,1,2
1307,339,1,2
1307,340,1,2
1307,341,1,2
1307,342,1,2
1307,343,1,2
1307,344,1,2
1307,345,1,2
1307,346,1,2
1307,347,1,2
1307,348,1,2
1307,349,1,2
1307,350,1,2
1307,351,1,2
1307,352,1,2
1307,353,1,2
1307,354,1,2
1307,355,1,2
1307,356,1,2
1307,357,1,2
1307,358,1,2
1307,359,1,2
1307,360,1,2
1307,361,1,2
1307,362,1,2
1307,363,1,2
1307,364,1,2
1307,365,1,2
1307,366,1,2
1307,367,1,2
1307,368,1,2
1307,369,1,2
1307,370,1,2
1307,371,1,2
1307,372,1,2
1307,373,1,2
1307,374,1,2
1307,375,1,2
1307,376,1,2
1307,377,1,2
1307,378,1,2
1307,379,1,2
1307,380,1,2
1307,381,1,2
1307,382,1,2
1307,383,1,2
1307,384,1,2
1307,385,1,2
1307,386,1,2
1307,387,1,2
1307,388,1,2
1307,389,1,2
1307,390,1,2
1307,391,1,2
1307,392,1,2
1307,393,1,2
1307,394,1,2
1307,395,1,2
1307,396,1,2
1307,397,1,2
1307,398,1,2
1307,399,1,2
1307,400,1,2
1307,401,1,2
1307,402,1,2
1307,403,1,2
1307,404,1,2
1307,405,1,2
1307,406,1,2
1307,407,1,2
1307,408,1,2
1307,409,1,2
1307,410,1,2
1307,411,1,3
1307,412,1,3
1307,413,1,3
1307,414,1,3
1307,415,1,3
1307,416,1,3
1307,417,1,3
1307,418,1,3
1307,419,1,3
1307,420,1,3
1307,421,1,3
1307,422,1,3
1307,423,1,3
1307,424,1,3
1307,425,1,3
1307,426,1,3
1307,427,1,3
1307,428,1,3
1307,429,1,3
1307,430,1,3
1307,431,1,3
1307,432,1,3
1307,433,1,3
1307,434,1,3
1307,435,1,3
1307,436,1,3
1307,437,1,3
1307,438,1,2
1307,439,1,2
1307,440,1,2
1307,441,1,2
1307,442,1,2
1307,443,1,2
1307,444,1,2
1307,445,1,2
1307,446,1,2
1307,447,1,2
1307,448,1,2
1307,449,1,2
1307,450,1,2
1307,451,1,2
1307,452,1,2
1307,453,1,2
1307,454,1,2
1307,455,1,2
1307,456,1,2
1307,457,1,2
1307,458,1,2
1307,459,1,2
1307,460,1,2
1307,461,1,2
1307,462,1,2
1307,463,1,2
1307,464,1,2
1307,465,1,2
1307,466,1,2
1308,102,1,2
1308,103,1,2
1308,104,1,2
1308,105,1,2
1308,106,1,2
1308,107,1,2
1308,108,1,2
1308,109,1,2
1308,110,1,2
1308,111,1,2
1308,112,1,2
1308,113,1,2
1308,114,1,2
1308,115,1,2
1308,116,1,2
1308,117,1,2
1308,118,1,2
1308,119,1,2
1308,120,1,2
1308,121,1,2
1308,122,1,2
1308,123,1,2
1308,124,1,2
1308,125,1,2
1308,126,1,2
1308,127,1,2
1308,128,1,2
1308,129,1,2
1308,130,1,2
1308,131,1,2
1308,132,1,2
1308,133,1,2
1308,134,1,2
1308,135,1,2
1308,136,1,2
1308,137,1,2
1308,138,1,2
1308,139,1,2
1308,140,1,2
1308,141,1,2
1308,142,1,2
1308,143,1,2
1308,144,1,2
1308,145,1,2
1308,146,1,2
1308,147,1,2
1308,148,1,2
1308,149,1,2
1308,150,1,2
1308,151,1,2
1308,152,1,2
1308,153,1,2
1308,154,1,2
1308,155,1,2
1308,156,1,2
1308,157,1,2
1308,158,1,2
1308,159,1,2
1308,160,1,2
1308,161,1,2
1308,162,1,2
1308,163,1,2
1308,164,1,2
1308,165,1,2
1308,166,1,2
1308,167,1,2
1308,168,1,2
1308,169,1,2
1308,170,1,2
1308,171,1,2
1308,172,1,2
1308,173,1,2
1308,174,1,2
1308,175,1,2
1308,176,1,2
1308,177,1,2
1308,178,1,2
1308,179,1,2
1308,180,1,2
1308,181,1,2
1308,182,1,2
1308,183,1,2
1308,184,1,2
1308,185,1,2
1308,186,1,2
1308,187,1,2
1308,188,1,2
1308,189,1,2
1308,190,1,2
1308,191,1,2
1308,192,1,2
1308,193,1,2
1308,194,1,2
1308,195,1,2
1308,196,1,2
1308,197,1,2
1308,198,1,2
1308,199,1,2
1308,200,1,2
1308,201,1,2
1308,202,1,2
1308,203,1,2
1308,204,1,2
1308,205,1,2
1308,206,1,2
1308,207,1,2
1308,208,1,2
1308,209,1,2
1308,210,1,2
1308,211,1,2
1308,212,1,2
1308,213,1,2
1308,214,1,2
1308,215,1,2
1308,216,1,2
1308,217,1,2
1308,218,1,2
1308,219,1,2
1308,220,1,2
1308,221,1,2
1308,222,1,2
1308,223,1,2
1308,224,1,2
1308,225,1,2
1308,226,1,2
1308,227,1,2
1308,228,1,2
1308,229,1,2
1308,230,1,2
1308,231,1,2
1308,232,1,2
1308,233,1,2
1308,234,1,2
1308,235,1,2
1308,236,1,2
1308,237,1,2
1308,238,1,2
1308,239,1,2
1308,240,1,2
1308,241,1,2
1308,242,1,2
1308,243,1,2
1308,244,1,2
1308,245,1,2
1308,246,1,2
1308,247,1,2
1308,248,1,2
1308,249,1,2
1308,250,1,2
1308,251,1,2
1308,252,1,2
1308,253,1,2
1308,254,1,2
1308,255,1,2
1308,256,1,2
1308,257,1,2
1308,258,1,2
1308,259,1,2
1308,260,1,2
1308,261,1,2
1308,262,1,2
1308,263,1,2
1308,264,1,2
1308,265,1,2
1308,266,1,2
1308,267,1,2
1308,268,1,2
1308,269,1,2
1308,270,1,2
1308,271,1,2
1308,272,1,2
1308,273,1,2
1308,274,1,2
1308,275,1,2
1308,276,1,2
1308,277,1,2
1308,278,1,2
1308,279,1,2
1308,280,1,2
1308,281,1,2
1308,282,1,2
1308,283,1,2
1308,284,1,2
1308,285,1,2
1308,286,1,2
1308,287,1,2
1308,288,1,2
1308,289,1,2
1308,290,1,2
1308,291,1,2
1308,292,1,2
1308,293,1,2
1308,294,1,2
1308,295,1,2
1308,296,1,2
1308,297,1,2
1308,298,1,2
1308,299,1,2
1308,300,1,2
1308,301,1,2
1308,302,1,2
1308,303,1,2
1308,304,1,2
1308,305,1,2
1308,306,1,2
1308,307,1,2
1308,308,1,2
1308,309,1,2
1308,310,1,2
1308,311,1,2
1308,312,1,2
1308,313,1,2
1308,314,1,2
1308,315,1,2
1308,316,1,2
1308,317,1,2
1308,318,1,2
1308,319,1,2
1308,320,1,2
1308,321,1,2
1308,322,1,2
1308,323,1,2
1308,324,1,2
1308,325,1,2
1308,326,1,2
1308,327,1,2
1308,328,1,2
1308,329,1,2
1308,330,1,2
1308,331,1,2
1308,332,1,2
1308,333,1,2
1308,334,1,2
1308,335,1,2
1308,336,1,2
1308,337,1,2
1308,338,1,2
1308,339,1,2
1308,340,1,2
1308,341,1,2
1308,342,1,2
1308,343,1,2
1308,344,1,2
1308,345,1,2
1308,346,1,2
1308,347,1,2
1308,348,1,2
1308,349,1,2
1308,350,1,2
1308,351,1,2
1308,352,1,2
1308,353,1,2
1308,354,1,2
1308,355,1,2
1308,356,1,2
1308,357,1,2
1308,358,1,2
1308,359,1,2
1308,360,1,2
1308,361,1,2
1308,362,1,2
1308,363,1,2
1308,364,1,2
1308,365,1,2
1308,366,1,2
1308,367,1,2
1308,368,1,2
1308,369,1,2
1308,370,1,2
1308,371,1,2
1308,372,1,2
1308,373,1,2
1308,374,1,2
1308,375,1,2
1308,376,1,2
1308,377,1,2
1308,378,1,2
1308,379,1,2
1308,380,1,2
1308,381,1,2
1308,382,1,2
1308,383,1,2
1308,384,1,2
1308,385,1,2
1308,386,1,2
1308,387,1,2
1308,388,1,2
1308,389,1,2
1308,390,1,2
1308,391,1,2
1308,392,1,2
1308,393,1,2
1308,394,1,2
1308,395,1,2
1308,396,1,2
1308,397,1,2
1308,398,1,2
1308,399,1,2
1308,400,1,2
1308,401,1,2
1308,402,1,2
1308,403,1,2
1308,404,1,2
1308,405,1,2
1308,406,1,2
1308,407,1,2
1308,408,1,2
1308,409,1,2
1308,410,1,2
1308,411,1,3
1308,412,1,3
1308,413,1,3
1308,414,1,3
1308,415,1,3
1308,416,1,3
1308,417,1,3
1308,418,1,3
1308,419,1,3
1308,420,1,3
1308,421,1,3
1308,422,1,3
1308,423,1,3
1308,424,1,3
1308,425,1,3
1308,426,1,3
1308,427,1,3
1308,428,1,3
1308,429,1,3
1308,430,1,3
1308,431,1,3
1308,432,1,3
1308,433,1,3
1308,434,1,3
1308,435,1,3
1308,436,1,3
1308,437,1,3
1308,438,1,3
1308,439,1,2
1308,440,1,2
1308,441,1,2
1308,442,1,2
1308,443,1,2
1308,444,1,2
1308,445,1,2
1308,446,1,2
1308,447,1,2
1308,448,1,2
1308,449,1,2
1308,450,1,2
1308,451,1,2
1308,452,1,2
1308,453,1,2
1308,454,1,2
1308,455,1,2
1308,456,1,2
1308,457,1,2
1308,458,1,2
1308,459,1,2
1308,460,1,2
1308,461,1,2
1308,462,1,2
1308,463,1,2
1308,464,1,2
1308,465,1,2
1308,466,1,2
1309,102,1,2
1309,103,1,2
1309,104,1,2
1309,105,1,2
1309,106,1,2
1309,107,1,2
1309,108,1,2
1309,109,1,2
1309,110,1,2
1309,111,1,2
1309,112,1,2
1309,113,1,2
1309,114,1,2
1309,115,1,2
1309,116,1,2
1309,117,1,2
1309,118,1,2
1309,119,1,2
1309,120,1,2
1309,121,1,2
1309,122,1,2
1309,123,1,2
1309,124,1,2
1309,125,1,2
1309,126,1,2
1309,127,1,2
1309,128,1,2
1309,129,1,2
1309,130,1,2
1309,131,1,2
1309,132,1,2
1309,133,1,2
1309,134,1,2
1309,135,1,2
1309,136,1,2
1309,137,1,2
1309,138,1,2
1309,139,1,2
1309,140,1,2
1309,141,1,2
1309,142,1,2
1309,143,1,2
1309,144,1,2
1309,145,1,2
1309,146,1,2
1309,147,1,2
1309,148,1,2
1309,149,1,2
1309,150,1,2
1309,151,1,2
1309,152,1,2
1309,153,1,2
1309,154,1,2
1309,155,1,2
1309,156,1,2
1309,157,1,2
1309,158,1,2
1309,159,1,2
1309,160,1,2
1309,161,1,2
1309,162,1,2
1309,163,1,2
1309,164,1,2
1309,165,1,2
1309,166,1,2
1309,167,1,2
1309,168,1,2
1309,169,1,2
1309,170,1,2
1309,171,1,2
1309,172,1,2
1309,173,1,2
1309,174,1,2
1309,175,1,2
1309,176,1,2
1309,177,1,2
1309,178,1,2
1309,179,1,2
1309,180,1,2
1309,181,1,2
1309,182,1,2
1309,183,1,2
1309,184,1,2
1309,185,1,2
1309,186,1,2
1309,187,1,2
1309,188,1,2
1309,189,1,2
1309,190,1,2
1309,191,1,2
1309,192,1,2
1309,193,1,2
1309,194,1,2
1309,195,1,2
1309,196,1,2
1309,197,1,2
1309,198,1,2
1309,199,1,2
1309,200,1,2
1309,201,1,2
1309,202,1,2
1309,203,1,2
1309,204,1,2
1309,205,1,2
1309,206,1,2
1309,207,1,2
1309,208,1,2
1309,209,1,2
1309,210,1,2
1309,211,1,2
1309,212,1,2
1309,213,1,2
1309,214,1,2
1309,215,1,2
1309,216,1,2
1309,217,1,2
1309,218,1,2
1309,219,1,2
1309,220,1,2
1309,221,1,2
1309,222,1,2
1309,223,1,2
1309,224,1,2
1309,225,1,2
1309,226,1,2
1309,227,1,2
1309,228,1,2
1309,229,1,2
1309,230,1,2
1309,231,1,2
1309,232,1,2
1309,233,1,2
1309,234,1,2
1309,235,1,2
1309,236,1,2
1309,237,1,2
1309,238,1,2
1309,239,1,2
1309,240,1,2
1309,241,1,2
1309,242,1,2
1309,243,1,2
1309,244,1,2
1309,245,1,2
1309,246,1,2
1309,247,1,2
1309,248,1,2
1309,249,1,2
1309,250,1,2
1309,251,1,2
1309,252,1,2
1309,253,1,2
1309,254,1,2
1309,255,1,2
1309,256,1,2
1309,257,1,2
1309,258,1,2
1309,259,1,2
1309,260,1,2
1309,261,1,2
1309,262,1,2
1309,263,1,2
1309,264,1,2
1309,265,1,2
1309,266,1,2
1309,267,1,2
1309,268,1,2
1309,269,1,2
1309,270,1,2
1309,271,1,2
1309,272,1,2
1309,273,1,2
1309,274,1,2
1309,275,1,2
1309,276,1,2
1309,277,1,2
1309,278,1,2
1309,279,1,2
1309,280,1,2
1309,281,1,2
1309,282,1,2
1309,283,1,2
1309,284,1,2
1309,285,1,2
1309,286,1,2
1309,287,1,2
1309,288,1,2
1309,289,1,2
1309,290,1,2
1309,291,1,2
1309,292,1,2
1309,293,1,2
1309,294,1,2
1309,295,1,2
1309,296,1,2
1309,297,1,2
1309,298,1,2
1309,299,1,2
1309,300,1,2
1309,301,1,2
1309,302,1,2
1309,303,1,2
1309,304,1,2
1309,305,1,2
1309,306,1,2
1309,307,1,2
1309,308,1,2
1309,309,1,2
1309,310,1,2
1309,311,1,2
1309,312,1,2
1309,313,1,2
1309,314,1,2
1309,315,1,2
1309,316,1,2
1309,317,1,2
1309,318,1,2
1309,319,1,2
1309,320,1,2
1309,321,1,2
1309,322,1,2
1309,323,1,2
1309,324,1,2
1309,325,1,2
1309,326,1,2
1309,327,1,2
1309,328,1,2
1309,329,1,2
1309,330,1,2
1309,331,1,2
1309,332,1,2
1309,333,1,2
1309,334,1,2
1309,335,1,2
1309,336,1,2
1309,337,1,2
1309,338,1,2
1309,339,1,2
1309,340,1,2
1309,341,1,2
1309,342,1,2
1309,343,1,2
1309,344,1,2
1309,345,1,2
1309,346,1,2
1309,347,1,2
1309,348,1,2
1309,349,1,2
1309,350,1,2
1309,351,1,2
1309,352,1,2
1309,353,1,2
1309,354,1,2
1309,355,1,2
1309,356,1,2
1309,357,1,2
1309,358,1,2
1309,359,1,2
1309,360,1,2
1309,361,1,2
1309,362,1,2
1309,363,1,2
1309,364,1,2
1309,365,1,2
1309,366,1,2
1309,367,1,2
1309,368,1,2
1309,369,1,2
1309,370,1,2
1309,371,1,2
1309,372,1,2
1309,373,1,2
1309,374,1,2
1309,375,1,2
1309,376,1,2
1309,377,1,2
1309,378,1,2
1309,379,1,2
1309,380,1,2
1309,381,1,2
1309,382,1,2
1309,383,1,2
1309,384,1,2
1309,385,1,2
1309,386,1,2
1309,387,1,2
1309,388,1,2
1309,389,1,2
1309,390,1,2
1309,391,1,2
1309,392,1,2
1309,393,1,2
1309,394,1,2
1309,395,1,2
1309,396,1,2
1309,397,1,2
1309,398,1,2
1309,399,1,2
1309,400,1,2
1309,401,1,2
1309,402,1,2
1309,403,1,2
1309,404,1,2
1309,405,1,2
1309,406,1,2
1309,407,1,2
1309,408,1,2
1309,409,1,2
1309,410,1,3
1309,411,1,3
1309,412,1,3
1309,413,1,3
1309,414,1,3
1309,415,1,3
1309,416,1,3
1309,417,1,3
1309,418,1,3
1309,419,1,3
1309,420,1,3
1309,421,1,3
1309,422,1,3
1309,423,1,3
1309,424,1,3
1309,425,1,3
1309,426,1,3
1309,427,1,3
1309,428,1,3
1309,429,1,3
1309,430,1,3
1309,431,1,3
1309,432,1,3
1309,433,1,3
1309,434,1,3
1309,435,1,3
1309,436,1,3
1309,437,1,3
1309,438,1,3
1309,439,1,2
1309,440,1,2
1309,441,1,2
1309,442,1,2
1309,443,1,2
1309,444,1,2
1309,445,1,2
1309,446,1,2
1309,447,1,2
1309,448,1,2
1309,449,1,2
1309,450,1,2
1309,451,1,2
1309,452,1,2
1309,453,1,2
1309,454,1,2
1309,455,1,2
1309,456,1,2
1309,457,1,2
1309,458,1,2
1309,459,1,2
1309,460,1,2
1309,461,1,2
1309,462,1,2
1309,463,1,2
1309,464,1,2
1309,465,1,2
1309,466,1,2
1309,467,1,2
1310,102,1,2
1310,103,1,2
1310,104,1,2
1310,105,1,2
1310,106,1,2
1310,107,1,2
1310,108,1,2
1310,109,1,2
1310,110,1,2
1310,111,1,2
1310,112,1,2
1310,113,1,2
1310,114,1,2
1310,115,1,2
1310,116,1,2
1310,117,1,2
1310,118,1,2
1310,119,1,2
1310,120,1,2
1310,121,1,2
1310,122,1,2
1310,123,1,2
1310,124,1,2
1310,125,1,2
1310,126,1,2
1310,127,1,2
1310,128,1,2
1310,129,1,2
1310,130,1,2
1310,131,1,2
1310,132,1,2
1310,133,1,2
1310,134,1,2
1310,135,1,2
1310,136,1,2
1310,137,1,2
1310,138,1,2
1310,139,1,2
1310,140,1,2
1310,141,1,2
1310,142,1,2
1310,143,1,2
1310,144,1,2
1310,145,1,2
1310,146,1,2
1310,147,1,2
1310,148,1,2
1310,149,1,2
1310,150,1,2
1310,151,1,2
1310,152,1,2
1310,153,1,2
1310,154,1,2
1310,155,1,2
1310,156,1,2
1310,157,1,2
1310,158,1,2
1310,159,1,2
1310,160,1,2
1310,161,1,2
1310,162,1,2
1310,163,1,2
1310,164,1,2
1310,165,1,2
1310,166,1,2
1310,167,1,2
1310,168,1,2
1310,169,1,2
1310,170,1,2
1310,171,1,2
1310,172,1,2
1310,173,1,2
1310,174,1,2
1310,175,1,2
1310,176,1,2
1310,177,1,2
1310,178,1,2
1310,179,1,2
1310,180,1,2
1310,181,1,2
1310,182,1,2
1310,183,1,2
1310,184,1,2
1310,185,1,2
1310,186,1,2
1310,187,1,2
1310,188,1,2
1310,189,1,2
1310,190,1,2
1310,191,1,2
1310,192,1,2
1310,193,1,2
1310,194,1,2
1310,195,1,2
1310,196,1,2
1310,197,1,2
1310,198,1,2
1310,199,1,2
1310,200,1,2
1310,201,1,2
1310,202,1,2
1310,203,1,2
1310,204,1,2
1310,205,1,2
1310,206,1,2
1310,207,1,2
1310,208,1,2
1310,209,1,2
1310,210,1,2
1310,211,1,2
1310,212,1,2
1310,213,1,2
1310,214,1,2
1310,215,1,2
1310,216,1,2
1310,217,1,2
1310,218,1,2
1310,219,1,2
1310,220,1,2
1310,221,1,2
1310,222,1,2
1310,223,1,2
1310,224,1,2
1310,225,1,2
1310,226,1,2
1310,227,1,2
1310,228,1,2
1310,229,1,2
1310,230,1,2
1310,231,1,2
1310,232,1,2
1310,233,1,2
1310,234,1,2
1310,235,1,2
1310,236,1,2
1310,237,1,2
1310,238,1,2
1310,239,1,2
1310,240,1,2
1310,241,1,2
1310,242,1,2
1310,243,1,2
1310,244,1,2
1310,245,1,2
1310,246,1,2
1310,247,1,2
1310,248,1,2
1310,249,1,2
1310,250,1,2
1310,251,1,2
1310,252,1,2
1310,253,1,2
1310,254,1,2
1310,255,1,2
1310,256,1,2
1310,257,1,2
1310,258,1,2
1310,259,1,2
1310,260,1,2
1310,261,1,2
1310,262,1,2
1310,263,1,2
1310,264,1,2
1310,265,1,2
1310,266,1,2
1310,267,1,2
1310,268,1,2
1310,269,1,2
1310,270,1,2
1310,271,1,2
1310,272,1,2
1310,273,1,2
1310,274,1,2
1310,275,1,2
1310,276,1,2
1310,277,1,2
1310,278,1,2
1310,279,1,2
1310,280,1,2
1310,281,1,2
1310,282,1,2
1310,283,1,2
1310,284,1,2
1310,285,1,2
1310,286,1,2
1310,287,1,2
1310,288,1,2
1310,289,1,2
1310,290,1,2
1310,291,1,2
1310,292,1,2
1310,293,1,2
1310,294,1,2
1310,295,1,2
1310,296,1,2
1310,297,1,2
1310,298,1,2
1310,299,1,2
1310,300,1,2
1310,301,1,2
1310,302,1,2
1310,303,1,2
1310,304,1,2
1310,305,1,2
1310,306,1,2
1310,307,1,2
1310,308,1,2
1310,309,1,2
1310,310,1,2
1310,311,1,2
1310,312,1,2
1310,313,1,2
1310,314,1,2
1310,315,1,2
1310,316,1,2
1310,317,1,2
1310,318,1,2
1310,319,1,2
1310,320,1,2
1310,321,1,2
1310,322,1,2
1310,323,1,2
1310,324,1,2
1310,325,1,2
1310,326,1,2
1310,327,1,2
1310,328,1,2
1310,329,1,2
1310,330,1,2
1310,331,1,2
1310,332,1,2
1310,333,1,2
1310,334,1,2
1310,335,1,2
1310,336,1,2
1310,337,1,2
1310,338,1,2
1310,339,1,2
1310,340,1,2
1310,341,1,2
1310,342,1,2
1310,343,1,2
1310,344,1,2
1310,345,1,2
1310,346,1,2
1310,347,1,2
1310,348,1,2
1310,349,1,2
1310,350,1,2
1310,351,1,2
1310,352,1,2
1310,353,1,2
1310,354,1,2
1310,355,1,2
1310,356,1,2
1310,357,1,2
1310,358,1,2
1310,359,1,2
1310,360,1,2
1310,361,1,2
1310,362,1,2
1310,363,1,2
1310,364,1,2
1310,365,1,2
1310,366,1,2
1310,367,1,2
1310,368,1,2
1310,369,1,2
1310,370,1,2
1310,371,1,2
1310,372,1,2
1310,373,1,2
1310,374,1,2
1310,375,1,2
1310,376,1,2
1310,377,1,2
1310,378,1,2
1310,379,1,2
1310,380,1,2
1310,381,1,2
1310,382,1,2
1310,383,1,2
1310,384,1,2
1310,385,1,2
1310,386,1,2
1310,387,1,2
1310,388,1,2
1310,389,1,2
1310,390,1,2
1310,391,1,2
1310,392,1,2
1310,393,1,2
1310,394,1,2
1310,395,1,2
1310,396,1,2
1310,397,1,2
1310,398,1,2
1310,399,1,2
1310,400,1,2
1310,401,1,2
1310,402,1,2
1310,403,1,2
1310,404,1,2
1310,405,1,2
1310,406,1,2
1310,407,1,2
1310,408,1,2
1310,409,1,3
1310,410,1,3
1310,411,1,3
1310,412,1,3
1310,413,1,3
1310,414,1,3
1310,415,1,3
1310,416,1,3
1310,417,1,3
1310,418,1,3
1310,419,1,3
1310,420,1,3
1310,421,1,3
1310,422,1,3
1310,423,1,3
1310,424,1,3
1310,425,1,3
1310,426,1,3
1310,427,1,3
1310,428,1,3
1310,429,1,3
1310,430,1,3
1310,431,1,3
1310,432,1,3
1310,433,1,3
1310,434,1,3
1310,435,1,3
1310,436,1,3
1310,437,1,3
1310,438,1,3
1310,439,1,3
1310,440,1,2
1310,441,1,2
1310,442,1,2
1310,443,1,2
1310,444,1,2
1310,445,1,2
1310,446,1,2
1310,447,1,2
1310,448,1,2
1310,449,1,2
1310,450,1,2
1310,451,1,2
1310,452,1,2
1310,453,1,2
1310,454,1,2
1310,455,1,2
1310,456,1,2
1310,457,1,2
1310,458,1,2
1310,459,1,2
1310,460,1,2
1310,461,1,2
1310,462,1,2
1310,463,1,2
1310,464,1,2
1310,465,1,2
1310,466,1,2
1310,467,1,2
1311,101,1,2
1311,102,1,2
1311,103,1,2
1311,104,1,2
1311,105,1,2
1311,106,1,2
1311,107,1,2
1311,108,1,2
1311,109,1,2
1311,110,1,2
1311,111,1,2
1311,112,1,2
1311,113,1,2
1311,114,1,2
1311,115,1,2
1311,116,1,2
1311,117,1,2
1311,118,1,2
1311,119,1,2
1311,120,1,2
1311,121,1,2
1311,122,1,2
1311,123,1,2
1311,124,1,2
1311,125,1,2
1311,126,1,2
1311,127,1,2
1311,128,1,2
1311,129,1,2
1311,130,1,2
1311,131,1,2
1311,132,1,2
1311,133,1,2
1311,134,1,2
1311,135,1,2
1311,136,1,2
1311,137,1,2
1311,138,1,2
1311,139,1,2
1311,140,1,2
1311,141,1,2
1311,142,1,2
1311,143,1,2
1311,144,1,2
1311,145,1,2
1311,146,1,2
1311,147,1,2
1311,148,1,2
1311,149,1,2
1311,150,1,2
1311,151,1,2
1311,152,1,2
1311,153,1,2
1311,154,1,2
1311,155,1,2
1311,156,1,2
1311,157,1,2
1311,158,1,2
1311,159,1,2
1311,160,1,2
1311,161,1,2
1311,162,1,2
1311,163,1,2
1311,164,1,2
1311,165,1,2
1311,166,1,2
1311,167,1,2
1311,168,1,2
1311,169,1,2
1311,170,1,2
1311,171,1,2
1311,172,1,2
1311,173,1,2
1311,174,1,2
1311,175,1,2
1311,176,1,2
1311,177,1,2
1311,178,1,2
1311,179,1,2
1311,180,1,2
1311,181,1,2
1311,182,1,2
1311,183,1,2
1311,184,1,2
1311,185,1,2
1311,186,1,2
1311,187,1,2
1311,188,1,2
1311,189,1,2
1311,190,1,2
1311,191,1,2
1311,192,1,2
1311,193,1,2
1311,194,1,2
1311,195,1,2
1311,196,1,2
1311,197,1,2
1311,198,1,2
1311,199,1,2
1311,200,1,2
1311,201,1,2
1311,202,1,2
1311,203,1,2
1311,204,1,2
1311,205,1,2
1311,206,1,2
1311,207,1,2
1311,208,1,2
1311,209,1,2
1311,210,1,2
1311,211,1,2
1311,212,1,2
1311,213,1,2
1311,214,1,2
1311,215,1,2
1311,216,1,2
1311,217,1,2
1311,218,1,2
1311,219,1,2
1311,220,1,2
1311,221,1,2
1311,222,1,2
1311,223,1,2
1311,224,1,2
1311,225,1,2
1311,226,1,2
1311,227,1,2
1311,228,1,2
1311,229,1,2
1311,230,1,2
1311,231,1,2
1311,232,1,2
1311,233,1,2
1311,234,1,2
1311,235,1,2
1311,236,1,2
1311,237,1,2
1311,238,1,2
1311,239,1,2
1311,240,1,2
1311,241,1,2
1311,242,1,2
1311,243,1,2
1311,244,1,2
1311,245,1,2
1311,246,1,2
1311,247,1,2
1311,248,1,2
1311,249,1,2
1311,250,1,2
1311,251,1,2
1311,252,1,2
1311,253,1,2
1311,254,1,2
1311,255,1,2
1311,256,1,2
1311,257,1,2
1311,258,1,2
1311,259,1,2
1311,260,1,2
1311,261,1,2
1311,262,1,2
1311,263,1,2
1311,264,1,2
1311,265,1,2
1311,266,1,2
1311,267,1,2
1311,268,1,2
1311,269,1,2
1311,270,1,2
1311,271,1,2
1311,272,1,2
1311,273,1,2
1311,274,1,2
1311,275,1,2
1311,276,1,2
1311,277,1,2
1311,278,1,2
1311,279,1,2
1311,280,1,2
1311,281,1,2
1311,282,1,2
1311,283,1,2
1311,284,1,2
1311,285,1,2
1311,286,1,2
1311,287,1,2
1311,288,1,2
1311,289,1,2
1311,290,1,2
1311,291,1,2
1311,292,1,2
1311,293,1,2
1311,294,1,2
1311,295,1,2
1311,296,1,2
1311,297,1,2
1311,298,1,2
1311,299,1,2
1311,300,1,2
1311,301,1,2
1311,302,1,2
1311,303,1,2
1311,304,1,2
1311,305,1,2
1311,306,1,2
1311,307,1,2
1311,308,1,2
1311,309,1,2
1311,310,1,2
1311,311,1,2
1311,312,1,2
1311,313,1,2
1311,314,1,2
1311,315,1,2
1311,316,1,2
1311,317,1,2
1311,318,1,2
1311,319,1,2
1311,320,1,2
1311,321,1,2
1311,322,1,2
1311,323,1,2
1311,324,1,2
1311,325,1,2
1311,326,1,2
1311,327,1,2
1311,328,1,2
1311,329,1,2
1311,330,1,2
1311,331,1,2
1311,332,1,2
1311,333,1,2
1311,334,1,2
1311,335,1,2
1311,336,1,2
1311,337,1,2
1311,338,1,2
1311,339,1,2
1311,340,1,2
1311,341,1,2
1311,342,1,2
1311,343,1,2
1311,344,1,2
1311,345,1,2
1311,346,1,2
1311,347,1,2
1311,348,1,2
1311,349,1,2
1311,350,1,2
1311,351,1,2
1311,352,1,2
1311,353,1,2
1311,354,1,2
1311,355,1,2
1311,356,1,2
1311,357,1,2
1311,358,1,2
1311,359,1,2
1311,360,1,2
1311,361,1,2
1311,362,1,2
1311,363,1,2
1311,364,1,2
1311,365,1,2
1311,366,1,2
1311,367,1,2
1311,368,1,2
1311,369,1,2
1311,370,1,2
1311,371,1,2
1311,372,1,2
1311,373,1,2
1311,374,1,2
1311,375,1,2
1311,376,1,2
1311,377,1,2
1311,378,1,2
1311,379,1,2
1311,380,1,2
1311,381,1,2
1311,382,1,2
1311,383,1,2
1311,384,1,2
1311,385,1,2
1311,386,1,2
1311,387,1,2
1311,388,1,2
1311,389,1,2
1311,390,1,2
1311,391,1,2
1311,392,1,2
1311,393,1,2
1311,394,1,2
1311,395,1,2
1311,396,1,2
1311,397,1,2
1311,398,1,2
1311,399,1,2
1311,400,1,2
1311,401,1,2
1311,402,1,2
1311,403,1,2
1311,404,1,2
1311,405,1,2
1311,406,1,2
1311,407,1,2
1311,408,1,2
1311,409,1,3
1311,410,1,3
1311,411,1,3
1311,412,1,3
1311,413,1,3
1311,414,1,3
1311,415,1,3
1311,416,1,3
1311,417,1,3
1311,418,1,3
1311,419,1,3
1311,420,1,3
1311,421,1,3
1311,422,1,3
1311,423,1,3
1311,424,1,3
1311,425,1,3
1311,426,1,3
1311,427,1,3
1311,428,1,3
1311,429,1,3
1311,430,1,3
1311,431,1,3
1311,432,1,3
1311,433,1,3
1311,434,1,3
1311,435,1,3
1311,436,1,3
1311,437,1,3
1311,438,1,3
1311,439,1,3
1311,440,1,3
1311,441,1,2
1311,442,1,2
1311,443,1,2
1311,444,1,2
1311,445,1,2
1311,446,1,2
1311,447,1,2
1311,448,1,2
1311,449,1,2
1311,450,1,2
1311,451,1,2
1311,452,1,2
1311,453,1,2
1311,454,1,2
1311,455,1,2
1311,456,1,2
1311,457,1,2
1311,458,1,2
1311,459,1,2
1311,460,1,2
1311,461,1,2
1311,462,1,2
1311,463,1,2
1311,464,1,2
1311,465,1,2
1311,466,1,2
1311,467,1,2
1312,101,1,2
1312,102,1,2
1312,103,1,2
1312,104,1,2
1312,105,1,2
1312,106,1,2
1312,107,1,2
1312,108,1,2
1312,109,1,2
1312,110,1,2
1312,111,1,2
1312,112,1,2
1312,113,1,2
1312,114,1,2
1312,115,1,2
1312,116,1,2
1312,117,1,2
1312,118,1,2
1312,119,1,2
1312,120,1,2
1312,121,1,2
1312,122,1,2
1312,123,1,2
1312,124,1,2
1312,125,1,2
1312,126,1,2
1312,127,1,2
1312,128,1,2
1312,129,1,2
1312,130,1,2
1312,131,1,2
1312,132,1,2
1312,133,1,2
1312,134,1,2
1312,135,1,2
1312,136,1,2
1312,137,1,2
1312,138,1,2
1312,139,1,2
1312,140,1,2
1312,141,1,2
1312,142,1,2
1312,143,1,2
1312,144,1,2
1312,145,1,2
1312,146,1,2
1312,147,1,2
1312,148,1,2
1312,149,1,2
1312,150,1,2
1312,151,1,2
1312,152,1,2
1312,153,1,2
1312,154,1,2
1312,155,1,2
1312,156,1,2
1312,157,1,2
1312,158,1,2
1312,159,1,2
1312,160,1,2
1312,161,1,2
1312,162,1,2
1312,163,1,2
1312,164,1,2
1312,165,1,2
1312,166,1,2
1312,167,1,2
1312,168,1,2
1312,169,1,2
1312,170,1,2
1312,171,1,2
1312,172,1,2
1312,173,1,2
1312,174,1,2
1312,175,1,2
1312,176,1,2
1312,177,1,2
1312,178,1,2
1312,179,1,2
1312,180,1,2
1312,181,1,2
1312,182,1,2
1312,183,1,2
1312,184,1,2
1312,185,1,2
1312,186,1,2
1312,187,1,2
1312,188,1,2
1312,189,1,2
1312,190,1,2
1312,191,1,2
1312,192,1,2
1312,193,1,2
1312,194,1,2
1312,195,1,2
1312,196,1,2
1312,197,1,2
1312,198,1,2
1312,199,1,2
1312,200,1,2
1312,201,1,2
1312,202,1,2
1312,203,1,2
1312,204,1,2
1312,205,1,2
1312,206,1,2
1312,207,1,2
1312,208,1,2
1312,209,1,2
1312,210,1,2
1312,211,1,2
1312,212,1,2
1312,213,1,2
1312,214,1,2
1312,215,1,2
1312,216,1,2
1312,217,1,2
1312,218,1,2
1312,219,1,2
1312,220,1,2
1312,221,1,2
1312,222,1,2
1312,223,1,2
1312,224,1,2
1312,225,1,2
1312,226,1,2
1312,227,1,2
1312,228,1,2
1312,229,1,2
1312,230,1,2
1312,231,1,2
1312,232,1,2
1312,233,1,2
1312,234,1,2
1312,235,1,2
1312,236,1,2
1312,237,1,2
1312,238,1,2
1312,239,1,2
1312,240,1,2
1312,241,1,2
1312,242,1,2
1312,243,1,2
1312,244,1,2
1312,245,1,2
1312,246,1,2
1312,247,1,2
1312,248,1,2
1312,249,1,2
1312,250,1,2
1312,251,1,2
1312,252,1,2
1312,253,1,2
1312,254,1,2
1312,255,1,2
1312,256,1,2
1312,257,1,2
1312,258,1,2
1312,259,1,2
1312,260,1,2
1312,261,1,2
1312,262,1,2
1312,263,1,2
1312,264,1,2
1312,265,1,2
1312,266,1,2
1312,267,1,2
1312,268,1,2
1312,269,1,2
1312,270,1,2
1312,271,1,2
1312,272,1,2
1312,273,1,2
1312,274,1,2
1312,275,1,2
1312,276,1,2
1312,277,1,2
1312,278,1,2
1312,279,1,2
1312,280,1,2
1312,281,1,2
1312,282,1,2
1312,283,1,2
1312,284,1,2
1312,285,1,2
1312,286,1,2
1312,287,1,2
1312,288,1,2
1312,289,1,2
1312,290,1,2
1312,291,1,2
1312,292,1,2
1312,293,1,2
1312,294,1,2
1312,295,1,2
1312,296,1,2
1312,297,1,2
1312,298,1,2
1312,299,1,2
1312,300,1,2
1312,301,1,2
1312,302,1,2
1312,303,1,2
1312,304,1,2
1312,305,1,2
1312,306,1,2
1312,307,1,2
1312,308,1,2
1312,309,1,2
1312,310,1,2
1312,311,1,2
1312,312,1,2
1312,313,1,2
1312,314,1,2
1312,315,1,2
1312,316,1,2
1312,317,1,2
1312,318,1,2
1312,319,1,2
1312,320,1,2
1312,321,1,2
1312,322,1,2
1312,323,1,2
1312,324,1,2
1312,325,1,2
1312,326,1,2
1312,327,1,2
1312,328,1,2
1312,329,1,2
1312,330,1,2
1312,331,1,2
1312,332,1,2
1312,333,1,2
1312,334,1,2
1312,335,1,2
1312,336,1,2
1312,337,1,2
1312,338,1,2
1312,339,1,2
1312,340,1,2
1312,341,1,2
1312,342,1,2
1312,343,1,2
1312,344,1,2
1312,345,1,2
1312,346,1,2
1312,347,1,2
1312,348,1,2
1312,349,1,2
1312,350,1,2
1312,351,1,2
1312,352,1,2
1312,353,1,2
1312,354,1,2
1312,355,1,2
1312,356,1,2
1312,357,1,2
1312,358,1,2
1312,359,1,2
1312,360,1,2
1312,361,1,2
1312,362,1,2
1312,363,1,2
1312,364,1,2
1312,365,1,2
1312,366,1,2
1312,367,1,2
1312,368,1,2
1312,369,1,2
1312,370,1,2
1312,371,1,2
1312,372,1,2
1312,373,1,2
1312,374,1,2
1312,375,1,2
1312,376,1,2
1312,377,1,2
1312,378,1,2
1312,379,1,2
1312,380,1,2
1312,381,1,2
1312,382,1,2
1312,383,1,2
1312,384,1,2
1312,385,1,2
1312,386,1,2
1312,387,1,2
1312,388,1,2
1312,389,1,2
1312,390,1,2
1312,391,1,2
1312,392,1,2
1312,393,1,2
1312,394,1,2
1312,395,1,2
1312,396,1,2
1312,397,1,2
1312,398,1,2
1312,399,1,2
1312,400,1,2
1312,401,1,2
1312,402,1,2
1312,403,1,2
1312,404,1,2
1312,405,1,2
1312,406,1,2
1312,407,1,2
1312,408,1,3
1312,409,1,3
1312,410,1,3
1312,411,1,3
1312,412,1,3
1312,413,1,3
1312,414,1,3
1312,415,1,3
1312,416,1,3
1312,417,1,3
1312,418,1,3
1312,419,1,3
1312,420,1,3
1312,421,1,3
1312,422,1,3
1312,423,1,3
1312,424,1,3
1312,425,1,3
1312,426,1,3
1312,427,1,3
1312,428,1,3
1312,429,1,3
1312,430,1,3
1312,431,1,3
1312,432,1,3
1312,433,1,3
1312,434,1,3
1312,435,1,3
1312,436,1,3
1312,437,1,3
1312,438,1,3
1312,439,1,3
1312,440,1,3
1312,441,1,2
1312,442,1,2
1312,443,1,2
1312,444,1,2
1312,445,1,2
1312,446,1,2
1312,447,1,2
1312,448,1,2
1312,449,1,2
1312,450,1,2
1312,451,1,2
1312,452,1,2
1312,453,1,2
1312,454,1,2
1312,455,1,2
1312,456,1,2
1312,457,1,2
1312,458,1,2
1312,459,1,2
1312,460,1,2
1312,461,1,2
1312,462,1,2
1312,463,1,2
1312,464,1,2
1312,465,1,2
1312,466,1,2
1312,467,1,2
1313,101,1,2
1313,102,1,2
1313,103,1,2
1313,104,1,2
1313,105,1,2
1313,106,1,2
1313,107,1,2
1313,108,1,2
1313,109,1,2
1313,110,1,2
1313,111,1,2
1313,112,1,2
1313,113,1,2
1313,114,1,2
1313,115,1,2
1313,116,1,2
1313,117,1,2
1313,118,1,2
1313,119,1,2
1313,120,1,2
1313,121,1,2
1313,122,1,2
1313,123,1,2
1313,124,1,2
1313,125,1,2
1313,126,1,2
1313,127,1,2
1313,128,1,2
1313,129,1,2
1313,130,1,2
1313,131,1,2
1313,132,1,2
1313,133,1,2
1313,134,1,2
1313,135,1,2
1313,136,1,2
1313,137,1,2
1313,138,1,2
1313,139,1,2
1313,140,1,2
1313,141,1,2
1313,142,1,2
1313,143,1,2
1313,144,1,2
1313,145,1,2
1313,146,1,2
1313,147,1,2
1313,148,1,2
1313,149,1,2
1313,150,1,2
1313,151,1,2
1313,152,1,2
1313,153,1,2
1313,154,1,2
1313,155,1,2
1313,156,1,2
1313,157,1,2
1313,158,1,2
1313,159,1,2
1313,160,1,2
1313,161,1,2
1313,162,1,2
1313,163,1,2
1313,164,1,2
1313,165,1,2
1313,166,1,2
1313,167,1,2
1313,168,1,2
1313,169,1,2
1313,170,1,2
1313,171,1,2
1313,172,1,2
1313,173,1,2
1313,174,1,2
1313,175,1,2
1313,176,1,2
1313,177,1,2
1313,178,1,2
1313,179,1,2
1313,180,1,2
1313,181,1,2
1313,182,1,2
1313,183,1,2
1313,184,1,2
1313,185,1,2
1313,186,1,2
1313,187,1,2
1313,188,1,2
1313,189,1,2
1313,190,1,2
1313,191,1,2
1313,192,1,2
1313,193,1,2
1313,194,1,2
1313,195,1,2
1313,196,1,2
1313,197,1,2
1313,198,1,2
1313,199,1,2
1313,200,1,2
1313,201,1,2
1313,202,1,2
1313,203,1,2
1313,204,1,2
1313,205,1,2
1313,206,1,2
1313,207,1,2
1313,208,1,2
1313,209,1,2
1313,210,1,2
1313,211,1,2
1313,212,1,2
1313,213,1,2
1313,214,1,2
1313,215,1,2
1313,216,1,2
1313,217,1,2
1313,218,1,2
1313,219,1,2
1313,220,1,2
1313,221,1,2
1313,222,1,2
1313,223,1,2
1313,224,1,2
1313,225,1,2
1313,226,1,2
1313,227,1,2
1313,228,1,2
1313,229,1,2
1313,230,1,2
1313,231,1,2
1313,232,1,2
1313,233,1,2
1313,234,1,2
1313,235,1,2
1313,236,1,2
1313,237,1,2
1313,238,1,2
1313,239,1,2
1313,240,1,2
1313,241,1,2
1313,242,1,2
1313,243,1,2
1313,244,1,2
1313,245,1,2
1313,246,1,2
1313,247,1,2
1313,248,1,2
1313,249,1,2
1313,250,1,2
1313,251,1,2
1313,252,1,2
1313,253,1,2
1313,254,1,2
1313,255,1,2
1313,256,1,2
1313,257,1,2
1313,258,1,2
1313,259,1,2
1313,260,1,2
1313,261,1,2
1313,262,1,2
1313,263,1,2
1313,264,1,2
1313,265,1,2
1313,266,1,2
1313,267,1,2
1313,268,1,2
1313,269,1,2
1313,270,1,2
1313,271,1,2
1313,272,1,2
1313,273,1,2
1313,274,1,2
1313,275,1,2
1313,276,1,2
1313,277,1,2
1313,278,1,2
1313,279,1,2
1313,280,1,2
1313,281,1,2
1313,282,1,2
1313,283,1,2
1313,284,1,2
1313,285,1,2
1313,286,1,2
1313,287,1,2
1313,288,1,2
1313,289,1,2
1313,290,1,2
1313,291,1,2
1313,292,1,2
1313,293,1,2
1313,294,1,2
1313,295,1,2
1313,296,1,2
1313,297,1,2
1313,298,1,2
1313,299,1,2
1313,300,1,2
1313,301,1,2
1313,302,1,2
1313,303,1,2
1313,304,1,2
1313,305,1,2
1313,306,1,2
1313,307,1,2
1313,308,1,2
1313,309,1,2
1313,310,1,2
1313,311,1,2
1313,312,1,2
1313,313,1,2
1313,314,1,2
1313,315,1,2
1313,316,1,2
1313,317,1,2
1313,318,1,2
1313,319,1,2
1313,320,1,2
1313,321,1,2
1313,322,1,2
1313,323,1,2
1313,324,1,2
1313,325,1,2
1313,326,1,2
1313,327,1,2
1313,328,1,2
1313,329,1,2
1313,330,1,2
1313,331,1,2
1313,332,1,2
1313,333,1,2
1313,334,1,2
1313,335,1,2
1313,336,1,2
1313,337,1,2
1313,338,1,2
1313,339,1,2
1313,340,1,2
1313,341,1,2
1313,342,1,2
1313,343,1,2
1313,344,1,2
1313,345,1,2
1313,346,1,2
1313,347,1,2
1313,348,1,2
1313,349,1,2
1313,350,1,2
1313,351,1,2
1313,352,1,2
1313,353,1,2
1313,354,1,2
1313,355,1,2
1313,356,1,2
1313,357,1,2
1313,358,1,2
1313,359,1,2
1313,360,1,2
1313,361,1,2
1313,362,1,2
1313,363,1,2
1313,364,1,2
1313,365,1,2
1313,366,1,2
1313,367,1,2
1313,368,1,2
1313,369,1,2
1313,370,1,2
1313,371,1,2
1313,372,1,2
1313,373,1,2
1313,374,1,2
1313,375,1,2
1313,376,1,2
1313,377,1,2
1313,378,1,2
1313,379,1,2
1313,380,1,2
1313,381,1,2
1313,382,1,2
1313,383,1,2
1313,384,1,2
1313,385,1,2
1313,386,1,2
1313,387,1,2
1313,388,1,2
1313,389,1,2
1313,390,1,2
1313,391,1,2
1313,392,1,2
1313,393,1,2
1313,394,1,2
1313,395,1,2
1313,396,1,2
1313,397,1,2
1313,398,1,2
1313,399,1,2
1313,400,1,2
1313,401,1,2
1313,402,1,2
1313,403,1,2
1313,404,1,2
1313,405,1,2
1313,406,1,2
1313,407,1,3
1313,408,1,3
1313,409,1,3
1313,410,1,3
1313,411,1,3
1313,412,1,3
1313,413,1,3
1313,414,1,3
1313,415,1,3
1313,416,1,3
1313,417,1,3
1313,418,1,3
1313,419,1,3
1313,420,1,3
1313,421,1,3
1313,422,1,3
1313,423,1,3
1313,424,1,3
1313,425,1,3
1313,426,1,3
1313,427,1,3
1313,428,1,3
1313,429,1,3
1313,430,1,3
1313,431,1,3
1313,432,1,3
1313,433,1,3
1313,434,1,3
1313,435,1,3
1313,436,1,3
1313,437,1,3
1313,438,1,3
1313,439,1,3
1313,440,1,3
1313,441,1,3
1313,442,1,2
1313,443,1,2
1313,444,1,2
1313,445,1,2
1313,446,1,2
1313,447,1,2
1313,448,1,2
1313,449,1,2
1313,450,1,2
1313,451,1,2
1313,452,1,2
1313,453,1,2
1313,454,1,2
1313,455,1,2
1313,456,1,2
1313,457,1,2
1313,458,1,2
1313,459,1,2
1313,460,1,2
1313,461,1,2
1313,462,1,2
1313,463,1,2
1313,464,1,2
1313,465,1,2
1313,466,1,2
1313,467,1,3
1314,101,1,2
1314,102,1,2
1314,103,1,2
1314,104,1,2
1314,105,1,2
1314,106,1,2
1314,107,1,2
1314,108,1,2
1314,109,1,2
1314,110,1,2
1314,111,1,2
1314,112,1,2
1314,113,1,2
1314,114,1,2
1314,115,1,2
1314,116,1,2
1314,117,1,2
1314,118,1,2
1314,119,1,2
1314,120,1,2
1314,121,1,2
1314,122,1,2
1314,123,1,2
1314,124,1,2
1314,125,1,2
1314,126,1,2
1314,127,1,2
1314,128,1,2
1314,129,1,2
1314,130,1,2
1314,131,1,2
1314,132,1,2
1314,133,1,2
1314,134,1,2
1314,135,1,2
1314,136,1,2
1314,137,1,2
1314,138,1,2
1314,139,1,2
1314,140,1,2
1314,141,1,2
1314,142,1,2
1314,143,1,2
1314,144,1,2
1314,145,1,2
1314,146,1,2
1314,147,1,2
1314,148,1,2
1314,149,1,2
1314,150,1,2
1314,151,1,2
1314,152,1,2
1314,153,1,2
1314,154,1,2
1314,155,1,2
1314,156,1,2
1314,157,1,2
1314,158,1,2
1314,159,1,2
1314,160,1,2
1314,161,1,2
1314,162,1,2
1314,163,1,2
1314,164,1,2
1314,165,1,2
1314,166,1,2
1314,167,1,2
1314,168,1,2
1314,169,1,2
1314,170,1,2
1314,171,1,2
1314,172,1,2
1314,173,1,2
1314,174,1,2
1314,175,1,2
1314,176,1,2
1314,177,1,2
1314,178,1,2
1314,179,1,2
1314,180,1,2
1314,181,1,2
1314,182,1,2
1314,183,1,2
1314,184,1,2
1314,185,1,2
1314,186,1,2
1314,187,1,2
1314,188,1,2
1314,189,1,2
1314,190,1,2
1314,191,1,2
1314,192,1,2
1314,193,1,2
1314,194,1,2
1314,195,1,2
1314,196,1,2
1314,197,1,2
1314,198,1,2
1314,199,1,2
1314,200,1,2
1314,201,1,2
1314,202,1,2
1314,203,1,2
1314,204,1,2
1314,205,1,2
1314,206,1,2
1314,207,1,2
1314,208,1,2
1314,209,1,2
1314,210,1,2
1314,211,1,2
1314,212,1,2
1314,213,1,2
1314,214,1,2
1314,215,1,2
1314,216,1,2
1314,217,1,2
1314,218,1,2
1314,219,1,2
1314,220,1,2
1314,221,1,2
1314,222,1,2
1314,223,1,2
1314,224,1,2
1314,225,1,2
1314,226,1,2
1314,227,1,2
1314,228,1,2
1314,229,1,2
1314,230,1,2
1314,231,1,2
1314,232,1,2
1314,233,1,2
1314,234,1,2
1314,235,1,2
1314,236,1,2
1314,237,1,2
1314,238,1,2
1314,239,1,2
1314,240,1,2
1314,241,1,2
1314,242,1,2
1314,243,1,2
1314,244,1,2
1314,245,1,2
1314,246,1,2
1314,247,1,2
1314,248,1,2
1314,249,1,2
1314,250,1,2
1314,251,1,2
1314,252,1,2
1314,253,1,2
1314,254,1,2
1314,255,1,2
1314,256,1,2
1314,257,1,2
1314,258,1,2
1314,259,1,2
1314,260,1,2
1314,261,1,2
1314,262,1,2
1314,263,1,2
1314,264,1,2
1314,265,1,2
1314,266,1,2
1314,267,1,2
1314,268,1,2
1314,269,1,2
1314,270,1,2
1314,271,1,2
1314,272,1,2
1314,273,1,2
1314,274,1,2
1314,275,1,2
1314,276,1,2
1314,277,1,2
1314,278,1,2
1314,279,1,2
1314,280,1,2
1314,281,1,2
1314,282,1,2
1314,283,1,2
1314,284,1,2
1314,285,1,2
1314,286,1,2
1314,287,1,2
1314,288,1,2
1314,289,1,2
1314,290,1,2
1314,291,1,2
1314,292,1,2
1314,293,1,2
1314,294,1,2
1314,295,1,2
1314,296,1,2
1314,297,1,2
1314,298,1,2
1314,299,1,2
1314,300,1,2
1314,301,1,2
1314,302,1,2
1314,303,1,2
1314,304,1,2
1314,305,1,2
1314,306,1,2
1314,307,1,2
1314,308,1,2
1314,309,1,2
1314,310,1,2
1314,311,1,2
1314,312,1,2
1314,313,1,2
1314,314,1,2
1314,315,1,2
1314,316,1,2
1314,317,1,2
1314,318,1,2
1314,319,1,2
1314,320,1,2
1314,321,1,2
1314,322,1,2
1314,323,1,2
1314,324,1,2
1314,325,1,2
1314,326,1,2
1314,327,1,2
1314,328,1,2
1314,329,1,2
1314,330,1,2
1314,331,1,2
1314,332,1,2
1314,333,1,2
1314,334,1,2
1314,335,1,2
1314,336,1,2
1314,337,1,2
1314,338,1,2
1314,339,1,2
1314,340,1,2
1314,341,1,2
1314,342,1,2
1314,343,1,2
1314,344,1,2
1314,345,1,2
1314,346,1,2
1314,347,1,2
1314,348,1,2
1314,349,1,2
1314,350,1,2
1314,351,1,2
1314,352,1,2
1314,353,1,2
1314,354,1,2
1314,355,1,2
1314,356,1,2
1314,357,1,2
1314,358,1,2
1314,359,1,2
1314,360,1,2
1314,361,1,2
1314,362,1,2
1314,363,1,2
1314,364,1,2
1314,365,1,2
1314,366,1,2
1314,367,1,2
1314,368,1,2
1314,369,1,2
1314,370,1,2
1314,371,1,2
1314,372,1,2
1314,373,1,2
1314,374,1,2
1314,375,1,2
1314,376,1,2
1314,377,1,2
1314,378,1,2
1314,379,1,2
1314,380,1,2
1314,381,1,2
1314,382,1,2
1314,383,1,2
1314,384,1,2
1314,385,1,2
1314,386,1,2
1314,387,1,2
1314,388,1,2
1314,389,1,2
1314,390,1,2
1314,391,1,2
1314,392,1,2
1314,393,1,2
1314,394,1,2
1314,395,1,2
1314,396,1,2
1314,397,1,2
1314,398,1,2
1314,399,1,2
1314,400,1,2
1314,401,1,2
1314,402,1,2
1314,403,1,2
1314,404,1,2
1314,405,1,2
1314,406,1,2
1314,407,1,3
1314,408,1,3
1314,409,1,3
1314,410,1,3
1314,411,1,3
1314,412,1,3
1314,413,1,3
1314,414,1,3
1314,415,1,3
1314,416,1,3
1314,417,1,3
1314,418,1,3
1314,419,1,3
1314,420,1,3
1314,421,1,3
1314,422,1,3
1314,423,1,3
1314,424,1,3
1314,425,1,3
1314,426,1,3
1314,427,1,3
1314,428,1,3
1314,429,1,3
1314,430,1,3
1314,431,1,3
1314,432,1,3
1314,433,1,3
1314,434,1,3
1314,435,1,3
1314,436,1,3
1314,437,1,3
1314,438,1,3
1314,439,1,3
1314,440,1,3
1314,441,1,3
1314,442,1,2
1314,443,1,2
1314,444,1,2
1314,445,1,2
1314,446,1,2
1314,447,1,2
1314,448,1,2
1314,449,1,2
1314,450,1,2
1314,451,1,2
1314,452,1,2
1314,453,1,2
1314,454,1,2
1314,455,1,2
1314,456,1,2
1314,457,1,2
1314,458,1,2
1314,459,1,2
1314,460,1,2
1314,461,1,2
1314,462,1,2
1314,463,1,2
1314,464,1,2
1314,465,1,2
1314,466,1,2
1314,467,1,3
1315,101,1,2
1315,102,1,2
1315,103,1,2
1315,104,1,2
1315,105,1,2
1315,106,1,2
1315,107,1,2
1315,108,1,2
1315,109,1,2
1315,110,1,2
1315,111,1,2
1315,112,1,2
1315,113,1,2
1315,114,1,2
1315,115,1,2
1315,116,1,2
1315,117,1,2
1315,118,1,2
1315,119,1,2
1315,120,1,2
1315,121,1,2
1315,122,1,2
1315,123,1,2
1315,124,1,2
1315,125,1,2
1315,126,1,2
1315,127,1,2
1315,128,1,2
1315,129,1,2
1315,130,1,2
1315,131,1,2
1315,132,1,2
1315,133,1,2
1315,134,1,2
1315,135,1,2
1315,136,1,2
1315,137,1,2
1315,138,1,2
1315,139,1,2
1315,140,1,2
1315,141,1,2
1315,142,1,2
1315,143,1,2
1315,144,1,2
1315,145,1,2
1315,146,1,2
1315,147,1,2
1315,148,1,2
1315,149,1,2
1315,150,1,2
1315,151,1,2
1315,152,1,2
1315,153,1,2
1315,154,1,2
1315,155,1,2
1315,156,1,2
1315,157,1,2
1315,158,1,2
1315,159,1,2
1315,160,1,2
1315,161,1,2
1315,162,1,2
1315,163,1,2
1315,164,1,2
1315,165,1,2
1315,166,1,2
1315,167,1,2
1315,168,1,2
1315,169,1,2
1315,170,1,2
1315,171,1,2
1315,172,1,2
1315,173,1,2
1315,174,1,2
1315,175,1,2
1315,176,1,2
1315,177,1,2
1315,178,1,2
1315,179,1,2
1315,180,1,2
1315,181,1,2
1315,182,1,2
1315,183,1,2
1315,184,1,2
1315,185,1,2
1315,186,1,2
1315,187,1,2
1315,188,1,2
1315,189,1,2
1315,190,1,2
1315,191,1,2
1315,192,1,2
1315,193,1,2
1315,194,1,2
1315,195,1,2
1315,196,1,2
1315,197,1,2
1315,198,1,2
1315,199,1,2
1315,200,1,2
1315,201,1,2
1315,202,1,2
1315,203,1,2
1315,204,1,2
1315,205,1,2
1315,206,1,2
1315,207,1,2
1315,208,1,2
1315,209,1,2
1315,210,1,2
1315,211,1,2
1315,212,1,2
1315,213,1,2
1315,214,1,2
1315,215,1,2
1315,216,1,2
1315,217,1,2
1315,218,1,2
1315,219,1,2
1315,220,1,2
1315,221,1,2
1315,222,1,2
1315,223,1,2
1315,224,1,2
1315,225,1,2
1315,226,1,2
1315,227,1,2
1315,228,1,2
1315,229,1,2
1315,230,1,2
1315,231,1,2
1315,232,1,2
1315,233,1,2
1315,234,1,2
1315,235,1,2
1315,236,1,2
1315,237,1,2
1315,238,1,2
1315,239,1,2
1315,240,1,2
1315,241,1,2
1315,242,1,2
1315,243,1,2
1315,244,1,2
1315,245,1,2
1315,246,1,2
1315,247,1,2
1315,248,1,2
1315,249,1,2
1315,250,1,2
1315,251,1,2
1315,252,1,2
1315,253,1,2
1315,254,1,2
1315,255,1,2
1315,256,1,2
1315,257,1,2
1315,258,1,2
1315,259,1,2
1315,260,1,2
1315,261,1,2
1315,262,1,2
1315,263,1,2
1315,264,1,2
1315,265,1,2
1315,266,1,2
1315,267,1,2
1315,268,1,2
1315,269,1,2
1315,270,1,2
1315,271,1,2
1315,272,1,2
1315,273,1,2
1315,274,1,2
1315,275,1,2
1315,276,1,2
1315,277,1,2
1315,278,1,2
1315,279,1,2
1315,280,1,2
1315,281,1,2
1315,282,1,2
1315,283,1,2
1315,284,1,2
1315,285,1,2
1315,286,1,2
1315,287,1,2
1315,288,1,2
1315,289,1,2
1315,290,1,2
1315,291,1,2
1315,292,1,2
1315,293,1,2
1315,294,1,2
1315,295,1,2
1315,296,1,2
1315,297,1,2
1315,298,1,2
1315,299,1,2
1315,300,1,2
1315,301,1,2
1315,302,1,2
1315,303,1,2
1315,304,1,2
1315,305,1,2
1315,306,1,2
1315,307,1,2
1315,308,1,2
1315,309,1,2
1315,310,1,2
1315,311,1,2
1315,312,1,2
1315,313,1,2
1315,314,1,2
1315,315,1,2
1315,316,1,2
1315,317,1,2
1315,318,1,2
1315,319,1,2
1315,320,1,2
1315,321,1,2
1315,322,1,2
1315,323,1,2
1315,324,1,2
1315,325,1,2
1315,326,1,2
1315,327,1,2
1315,328,1,2
1315,329,1,2
1315,330,1,2
1315,331,1,2
1315,332,1,2
1315,333,1,2
1315,334,1,2
1315,335,1,2
1315,336,1,2
1315,337,1,2
1315,338,1,2
1315,339,1,2
1315,340,1,2
1315,341,1,2
1315,342,1,2
1315,343,1,2
1315,344,1,2
1315,345,1,2
1315,346,1,2
1315,347,1,2
1315,348,1,2
1315,349,1,2
1315,350,1,2
1315,351,1,2
1315,352,1,2
1315,353,1,2
1315,354,1,2
1315,355,1,2
1315,356,1,2
1315,357,1,2
1315,358,1,2
1315,359,1,2
1315,360,1,2
1315,361,1,2
1315,362,1,2
1315,363,1,2
1315,364,1,2
1315,365,1,2
1315,366,1,2
1315,367,1,2
1315,368,1,2
1315,369,1,2
1315,370,1,2
1315,371,1,2
1315,372,1,2
1315,373,1,2
1315,374,1,2
1315,375,1,2
1315,376,1,2
1315,377,1,2
1315,378,1,2
1315,379,1,2
1315,380,1,2
1315,381,1,2
1315,382,1,2
1315,383,1,2
1315,384,1,2
1315,385,1,2
1315,386,1,2
1315,387,1,2
1315,388,1,2
1315,389,1,2
1315,390,1,2
1315,391,1,2
1315,392,1,2
1315,393,1,2
1315,394,1,2
1315,395,1,2
1315,396,1,2
1315,397,1,2
1315,398,1,2
1315,399,1,2
1315,400,1,2
1315,401,1,2
1315,402,1,2
1315,403,1,2
1315,404,1,2
1315,405,1,2
1315,406,1,3
1315,407,1,3
1315,408,1,3
1315,409,1,3
1315,410,1,3
1315,411,1,3
1315,412,1,3
1315,413,1,3
1315,414,1,3
1315,415,1,3
1315,416,1,3
1315,417,1,3
1315,418,1,3
1315,419,1,3
1315,420,1,3
1315,421,1,3
1315,422,1,3
1315,423,1,3
1315,424,1,3
1315,425,1,3
1315,426,1,3
1315,427,1,3
1315,428,1,3
1315,429,1,3
1315,430,1,3
1315,431,1,3
1315,432,1,3
1315,433,1,3
1315,434,1,3
1315,435,1,3
1315,436,1,3
1315,437,1,3
1315,438,1,3
1315,439,1,3
1315,440,1,3
1315,441,1,3
1315,442,1,3
1315,443,1,2
1315,444,1,2
1315,445,1,2
1315,446,1,2
1315,447,1,2
1315,448,1,2
1315,449,1,2
1315,450,1,2
1315,451,1,2
1315,452,1,2
1315,453,1,2
1315,454,1,2
1315,455,1,2
1315,456,1,2
1315,457,1,2
1315,458,1,2
1315,459,1,2
1315,460,1,2
1315,461,1,2
1315,462,1,2
1315,463,1,2
1315,464,1,2
1315,465,1,2
1315,466,1,2
1315,467,1,3
1316,101,1,2
1316,102,1,2
1316,103,1,2
1316,104,1,2
1316,105,1,2
1316,106,1,2
1316,107,1,2
1316,108,1,2
1316,109,1,2
1316,110,1,2
1316,111,1,2
1316,112,1,2
1316,113,1,2
1316,114,1,2
1316,115,1,2
1316,116,1,2
1316,117,1,2
1316,118,1,2
1316,119,1,2
1316,120,1,2
1316,121,1,2
1316,122,1,2
1316,123,1,2
1316,124,1,2
1316,125,1,2
1316,126,1,2
1316,127,1,2
1316,128,1,2
1316,129,1,2
1316,130,1,2
1316,131,1,2
1316,132,1,2
1316,133,1,2
1316,134,1,2
1316,135,1,2
1316,136,1,2
1316,137,1,2
1316,138,1,2
1316,139,1,2
1316,140,1,2
1316,141,1,2
1316,142,1,2
1316,143,1,2
1316,144,1,2
1316,145,1,2
1316,146,1,2
1316,147,1,2
1316,148,1,2
1316,149,1,2
1316,150,1,2
1316,151,1,2
1316,152,1,2
1316,153,1,2
1316,154,1,2
1316,155,1,2
1316,156,1,2
1316,157,1,2
1316,158,1,2
1316,159,1,2
1316,160,1,2
1316,161,1,2
1316,162,1,2
1316,163,1,2
1316,164,1,2
1316,165,1,2
1316,166,1,2
1316,167,1,2
1316,168,1,2
1316,169,1,2
1316,170,1,2
1316,171,1,2
1316,172,1,2
1316,173,1,2
1316,174,1,2
1316,175,1,2
1316,176,1,2
1316,177,1,2
1316,178,1,2
1316,179,1,2
1316,180,1,2
1316,181,1,2
1316,182,1,2
1316,183,1,2
1316,184,1,2
1316,185,1,2
1316,186,1,2
1316,187,1,2
1316,188,1,2
1316,189,1,2
1316,190,1,2
1316,191,1,2
1316,192,1,2
1316,193,1,2
1316,194,1,2
1316,195,1,2
1316,196,1,2
1316,197,1,2
1316,198,1,2
1316,199,1,2
1316,200,1,2
1316,201,1,2
1316,202,1,2
1316,203,1,2
1316,204,1,2
1316,205,1,2
1316,206,1,2
1316,207,1,2
1316,208,1,2
1316,209,1,2
1316,210,1,2
1316,211,1,2
1316,212,1,2
1316,213,1,2
1316,214,1,2
1316,215,1,2
1316,216,1,2
1316,217,1,2
1316,218,1,2
1316,219,1,2
1316,220,1,2
1316,221,1,2
1316,222,1,2
1316,223,1,2
1316,224,1,2
1316,225,1,2
1316,226,1,2
1316,227,1,2
1316,228,1,2
1316,229,1,2
1316,230,1,2
1316,231,1,2
1316,232,1,2
1316,233,1,2
1316,234,1,2
1316,235,1,2
1316,236,1,2
1316,237,1,2
1316,238,1,2
1316,239,1,2
1316,240,1,2
1316,241,1,2
1316,242,1,2
1316,243,1,2
1316,244,1,2
1316,245,1,2
1316,246,1,2
1316,247,1,2
1316,248,1,2
1316,249,1,2
1316,250,1,2
1316,251,1,2
1316,252,1,2
1316,253,1,2
1316,254,1,2
1316,255,1,2
1316,256,1,2
1316,257,1,2
1316,258,1,2
1316,259,1,2
1316,260,1,2
1316,261,1,2
1316,262,1,2
1316,263,1,2
1316,264,1,2
1316,265,1,2
1316,266,1,2
1316,267,1,2
1316,268,1,2
1316,269,1,2
1316,270,1,2
1316,271,1,2
1316,272,1,2
1316,273,1,2
1316,274,1,2
1316,275,1,2
1316,276,1,2
1316,277,1,2
1316,278,1,2
1316,279,1,2
1316,280,1,2
1316,281,1,2
1316,282,1,2
1316,283,1,2
1316,284,1,2
1316,285,1,2
1316,286,1,2
1316,287,1,2
1316,288,1,2
1316,289,1,2
1316,290,1,2
1316,291,1,2
1316,292,1,2
1316,293,1,2
1316,294,1,2
1316,295,1,2
1316,296,1,2
1316,297,1,2
1316,298,1,2
1316,299,1,2
1316,300,1,2
1316,301,1,2
1316,302,1,2
1316,303,1,2
1316,304,1,2
1316,305,1,2
1316,306,1,2
1316,307,1,2
1316,308,1,2
1316,309,1,2
1316,310,1,2
1316,311,1,2
1316,312,1,2
1316,313,1,2
1316,314,1,2
1316,315,1,2
1316,316,1,2
1316,317,1,2
1316,318,1,2
1316,319,1,2
1316,320,1,2
1316,321,1,2
1316,322,1,2
1316,323,1,2
1316,324,1,2
1316,325,1,2
1316,326,1,2
1316,327,1,2
1316,328,1,2
1316,329,1,2
1316,330,1,2
1316,331,1,2
1316,332,1,2
1316,333,1,2
1316,334,1,2
1316,335,1,2
1316,336,1,2
1316,337,1,2
1316,338,1,2
1316,339,1,2
1316,340,1,2
1316,341,1,2
1316,342,1,2
1316,343,1,2
1316,344,1,2
1316,345,1,2
1316,346,1,2
1316,347,1,2
1316,348,1,2
1316,349,1,2
1316,350,1,2
1316,351,1,2
1316,352,1,2
1316,353,1,2
1316,354,1,2
1316,355,1,2
1316,356,1,2
1316,357,1,2
1316,358,1,2
1316,359,1,2
1316,360,1,2
1316,361,1,2
1316,362,1,2
1316,363,1,2
1316,364,1,2
1316,365,1,2
1316,366,1,2
1316,367,1,2
1316,368,1,2
1316,369,1,2
1316,370,1,2
1316,371,1,2
1316,372,1,2
1316,373,1,2
1316,374,1,2
1316,375,1,2
1316,376,1,2
1316,377,1,2
1316,378,1,2
1316,379,1,2
1316,380,1,2
1316,381,1,2
1316,382,1,2
1316,383,1,2
1316,384,1,2
1316,385,1,2
1316,386,1,2
1316,387,1,2
1316,388,1,2
1316,389,1,2
1316,390,1,2
1316,391,1,2
1316,392,1,2
1316,393,1,2
1316,394,1,2
1316,395,1,2
1316,396,1,2
1316,397,1,2
1316,398,1,2
1316,399,1,2
1316,400,1,2
1316,401,1,2
1316,402,1,2
1316,403,1,2
1316,404,1,2
1316,405,1,2
1316,406,1,3
1316,407,1,3
1316,408,1,3
1316,409,1,3
1316,410,1,3
1316,411,1,3
1316,412,1,3
1316,413,1,3
1316,414,1,3
1316,415,1,3
1316,416,1,3
1316,417,1,3
1316,418,1,3
1316,419,1,3
1316,420,1,3
1316,421,1,3
1316,422,1,3
1316,423,1,3
1316,424,1,3
1316,425,1,3
1316,426,1,3
1316,427,1,3
1316,428,1,3
1316,429,1,3
1316,430,1,3
1316,431,1,3
1316,432,1,3
1316,433,1,3
1316,434,1,3
1316,435,1,3
1316,436,1,3
1316,437,1,3
1316,438,1,3
1316,439,1,3
1316,440,1,3
1316,441,1,3
1316,442,1,3
1316,443,1,2
1316,444,1,2
1316,445,1,2
1316,446,1,2
1316,447,1,2
1316,448,1,2
1316,449,1,2
1316,450,1,2
1316,451,1,2
1316,452,1,2
1316,453,1,2
1316,454,1,2
1316,455,1,2
1316,456,1,2
1316,457,1,2
1316,458,1,2
1316,459,1,2
1316,460,1,2
1316,461,1,2
1316,462,1,2
1316,463,1,2
1316,464,1,2
1316,465,1,2
1316,466,1,2
1316,467,1,3
1317,101,1,2
1317,102,1,2
1317,103,1,2
1317,104,1,2
1317,105,1,2
1317,106,1,2
1317,107,1,2
1317,108,1,2
1317,109,1,2
1317,110,1,2
1317,111,1,2
1317,112,1,2
1317,113,1,2
1317,114,1,2
1317,115,1,2
1317,116,1,2
1317,117,1,2
1317,118,1,2
1317,119,1,2
1317,120,1,2
1317,121,1,2
1317,122,1,2
1317,123,1,2
1317,124,1,2
1317,125,1,2
1317,126,1,2
1317,127,1,2
1317,128,1,2
1317,129,1,2
1317,130,1,2
1317,131,1,2
1317,132,1,2
1317,133,1,2
1317,134,1,2
1317,135,1,2
1317,136,1,2
1317,137,1,2
1317,138,1,2
1317,139,1,2
1317,140,1,2
1317,141,1,2
1317,142,1,2
1317,143,1,2
1317,144,1,2
1317,145,1,2
1317,146,1,2
1317,147,1,2
1317,148,1,2
1317,149,1,2
1317,150,1,2
1317,151,1,2
1317,152,1,2
1317,153,1,2
1317,154,1,2
1317,155,1,2
1317,156,1,2
1317,157,1,2
1317,158,1,2
1317,159,1,2
1317,160,1,2
1317,161,1,2
1317,162,1,2
1317,163,1,2
1317,164,1,2
1317,165,1,2
1317,166,1,2
1317,167,1,2
1317,168,1,2
1317,169,1,2
1317,170,1,2
1317,171,1,2
1317,172,1,2
1317,173,1,2
1317,174,1,2
1317,175,1,2
1317,176,1,2
1317,177,1,2
1317,178,1,2
1317,179,1,2
1317,180,1,2
1317,181,1,2
1317,182,1,2
1317,183,1,2
1317,184,1,2
1317,185,1,2
1317,186,1,2
1317,187,1,2
1317,188,1,2
1317,189,1,2
1317,190,1,2
1317,191,1,2
1317,192,1,2
1317,193,1,2
1317,194,1,2
1317,195,1,2
1317,196,1,2
1317,197,1,2
1317,198,1,2
1317,199,1,2
1317,200,1,2
1317,201,1,2
1317,202,1,2
1317,203,1,2
1317,204,1,2
1317,205,1,2
1317,206,1,2
1317,207,1,2
1317,208,1,2
1317,209,1,2
1317,210,1,2
1317,211,1,2
1317,212,1,2
1317,213,1,2
1317,214,1,2
1317,215,1,2
1317,216,1,2
1317,217,1,2
1317,218,1,2
1317,219,1,2
1317,220,1,2
1317,221,1,2
1317,222,1,2
1317,223,1,2
1317,224,1,2
1317,225,1,2
1317,226,1,2
1317,227,1,2
1317,228,1,2
1317,229,1,2
1317,230,1,2
1317,231,1,2
1317,232,1,2
1317,233,1,2
1317,234,1,2
1317,235,1,2
1317,236,1,2
1317,237,1,2
1317,238,1,2
1317,239,1,2
1317,240,1,2
1317,241,1,2
1317,242,1,2
1317,243,1,2
1317,244,1,2
1317,245,1,2
1317,246,1,2
1317,247,1,2
1317,248,1,2
1317,249,1,2
1317,250,1,2
1317,251,1,2
1317,252,1,2
1317,253,1,2
1317,254,1,2
1317,255,1,2
1317,256,1,2
1317,257,1,2
1317,258,1,2
1317,259,1,2
1317,260,1,2
1317,261,1,2
1317,262,1,2
1317,263,1,2
1317,264,1,2
1317,265,1,2
1317,266,1,2
1317,267,1,2
1317,268,1,2
1317,269,1,2
1317,270,1,2
1317,271,1,2
1317,272,1,2
1317,273,1,2
1317,274,1,2
1317,275,1,2
1317,276,1,2
1317,277,1,2
1317,278,1,2
1317,279,1,2
1317,280,1,2
1317,281,1,2
1317,282,1,2
1317,283,1,2
1317,284,1,2
1317,285,1,2
1317,286,1,2
1317,287,1,2
1317,288,1,2
1317,289,1,2
1317,290,1,2
1317,291,1,2
1317,292,1,2
1317,293,1,2
1317,294,1,2
1317,295,1,2
1317,296,1,2
1317,297,1,2
1317,298,1,2
1317,299,1,2
1317,300,1,2
1317,301,1,2
1317,302,1,2
1317,303,1,2
1317,304,1,2
1317,305,1,2
1317,306,1,2
1317,307,1,2
1317,308,1,2
1317,309,1,2
1317,310,1,2
1317,311,1,2
1317,312,1,2
1317,313,1,2
1317,314,1,2
1317,315,1,2
1317,316,1,2
1317,317,1,2
1317,318,1,2
1317,319,1,2
1317,320,1,2
1317,321,1,2
1317,322,1,2
1317,323,1,2
1317,324,1,2
1317,325,1,2
1317,326,1,2
1317,327,1,2
1317,328,1,2
1317,329,1,2
1317,330,1,2
1317,331,1,2
1317,332,1,2
1317,333,1,2
1317,334,1,2
1317,335,1,2
1317,336,1,2
1317,337,1,2
1317,338,1,2
1317,339,1,2
1317,340,1,2
1317,341,1,2
1317,342,1,2
1317,343,1,2
1317,344,1,2
1317,345,1,2
1317,346,1,2
1317,347,1,2
1317,348,1,2
1317,349,1,2
1317,350,1,2
1317,351,1,2
1317,352,1,2
1317,353,1,2
1317,354,1,2
1317,355,1,2
1317,356,1,2
1317,357,1,2
1317,358,1,2
1317,359,1,2
1317,360,1,2
1317,361,1,2
1317,362,1,2
1317,363,1,2
1317,364,1,2
1317,365,1,2
1317,366,1,2
1317,367,1,2
1317,368,1,2
1317,369,1,2
1317,370,1,2
1317,371,1,2
1317,372,1,2
1317,373,1,2
1317,374,1,2
1317,375,1,2
1317,376,1,2
1317,377,1,2
1317,378,1,2
1317,379,1,2
1317,380,1,2
1317,381,1,2
1317,382,1,2
1317,383,1,2
1317,384,1,2
1317,385,1,2
1317,386,1,2
1317,387,1,2
1317,388,1,2
1317,389,1,2
1317,390,1,2
1317,391,1,2
1317,392,1,2
1317,393,1,2
1317,394,1,2
1317,395,1,2
1317,396,1,2
1317,397,1,2
1317,398,1,2
1317,399,1,2
1317,400,1,2
1317,401,1,2
1317,402,1,2
1317,403,1,2
1317,404,1,2
1317,405,1,2
1317,406,1,3
1317,407,1,3
1317,408,1,3
1317,409,1,3
1317,410,1,3
1317,411,1,3
1317,412,1,3
1317,413,1,3
1317,414,1,3
1317,415,1,3
1317,416,1,3
1317,417,1,3
1317,418,1,3
1317,419,1,3
1317,420,1,3
1317,421,1,3
1317,422,1,3
1317,423,1,3
1317,424,1,3
1317,425,1,3
1317,426,1,3
1317,427,1,3
1317,428,1,3
1317,429,1,3
1317,430,1,3
1317,431,1,3
1317,432,1,3
1317,433,1,3
1317,434,1,3
1317,435,1,3
1317,436,1,3
1317,437,1,3
1317,438,1,3
1317,439,1,3
1317,440,1,3
1317,441,1,3
1317,442,1,3
1317,443,1,3
1317,444,1,2
1317,445,1,2
1317,446,1,2
1317,447,1,2
1317,448,1,2
1317,449,1,2
1317,450,1,2
1317,451,1,2
1317,452,1,2
1317,453,1,2
1317,454,1,2
1317,455,1,2
1317,456,1,2
1317,457,1,2
1317,458,1,2
1317,459,1,2
1317,460,1,2
1317,461,1,2
1317,462,1,2
1317,463,1,2
1317,464,1,2
1317,465,1,2
1317,466,1,2
1317,467,1,3
1318,101,1,2
1318,102,1,2
1318,103,1,2
1318,104,1,2
1318,105,1,2
1318,106,1,2
1318,107,1,2
1318,108,1,2
1318,109,1,2
1318,110,1,2
1318,111,1,2
1318,112,1,2
1318,113,1,2
1318,114,1,2
1318,115,1,2
1318,116,1,2
1318,117,1,2
1318,118,1,2
1318,119,1,2
1318,120,1,2
1318,121,1,2
1318,122,1,2
1318,123,1,2
1318,124,1,2
1318,125,1,2
1318,126,1,2
1318,127,1,2
1318,128,1,2
1318,129,1,2
1318,130,1,2
1318,131,1,2
1318,132,1,2
1318,133,1,2
1318,134,1,2
1318,135,1,2
1318,136,1,2
1318,137,1,2
1318,138,1,2
1318,139,1,2
1318,140,1,2
1318,141,1,2
1318,142,1,2
1318,143,1,2
1318,144,1,2
1318,145,1,2
1318,146,1,2
1318,147,1,2
1318,148,1,2
1318,149,1,2
1318,150,1,2
1318,151,1,2
1318,152,1,2
1318,153,1,2
1318,154,1,2
1318,155,1,2
1318,156,1,2
1318,157,1,2
1318,158,1,2
1318,159,1,2
1318,160,1,2
1318,161,1,2
1318,162,1,2
1318,163,1,2
1318,164,1,2
1318,165,1,2
1318,166,1,2
1318,167,1,2
1318,168,1,2
1318,169,1,2
1318,170,1,2
1318,171,1,2
1318,172,1,2
1318,173,1,2
1318,174,1,2
1318,175,1,2
1318,176,1,2
1318,177,1,2
1318,178,1,2
1318,179,1,2
1318,180,1,2
1318,181,1,2
1318,182,1,2
1318,183,1,2
1318,184,1,2
1318,185,1,2
1318,186,1,2
1318,187,1,2
1318,188,1,2
1318,189,1,2
1318,190,1,2
1318,191,1,2
1318,192,1,2
1318,193,1,2
1318,194,1,2
1318,195,1,2
1318,196,1,2
1318,197,1,2
1318,198,1,2
1318,199,1,2
1318,200,1,2
1318,201,1,2
1318,202,1,2
1318,203,1,2
1318,204,1,2
1318,205,1,2
1318,206,1,2
1318,207,1,2
1318,208,1,2
1318,209,1,2
1318,210,1,2
1318,211,1,2
1318,212,1,2
1318,213,1,2
1318,214,1,2
1318,215,1,2
1318,216,1,2
1318,217,1,2
1318,218,1,2
1318,219,1,2
1318,220,1,2
1318,221,1,2
1318,222,1,2
1318,223,1,2
1318,224,1,2
1318,225,1,2
1318,226,1,2
1318,227,1,2
1318,228,1,2
1318,229,1,2
1318,230,1,2
1318,231,1,2
1318,232,1,2
1318,233,1,2
1318,234,1,2
1318,235,1,2
1318,236,1,2
1318,237,1,2
1318,238,1,2
1318,239,1,2
1318,240,1,2
1318,241,1,2
1318,242,1,2
1318,243,1,2
1318,244,1,2
1318,245,1,2
1318,246,1,2
1318,247,1,2
1318,248,1,2
1318,249,1,2
1318,250,1,2
1318,251,1,2
1318,252,1,2
1318,253,1,2
1318,254,1,2
1318,255,1,2
1318,256,1,2
1318,257,1,2
1318,258,1,2
1318,259,1,2
1318,260,1,2
1318,261,1,2
1318,262,1,2
1318,263,1,2
1318,264,1,2
1318,265,1,2
1318,266,1,2
1318,267,1,2
1318,268,1,2
1318,269,1,2
1318,270,1,2
1318,271,1,2
1318,272,1,2
1318,273,1,2
1318,274,1,2
1318,275,1,2
1318,276,1,2
1318,277,1,2
1318,278,1,2
1318,279,1,2
1318,280,1,2
1318,281,1,2
1318,282,1,2
1318,283,1,2
1318,284,1,2
1318,285,1,2
1318,286,1,2
1318,287,1,2
1318,288,1,2
1318,289,1,2
1318,290,1,2
1318,291,1,2
1318,292,1,2
1318,293,1,2
1318,294,1,2
1318,295,1,2
1318,296,1,2
1318,297,1,2
1318,298,1,2
1318,299,1,2
1318,300,1,2
1318,301,1,2
1318,302,1,2
1318,303,1,2
1318,304,1,2
1318,305,1,2
1318,306,1,2
1318,307,1,2
1318,308,1,2
1318,309,1,2
1318,310,1,2
1318,311,1,2
1318,312,1,2
1318,313,1,2
1318,314,1,2
1318,315,1,2
1318,316,1,2
1318,317,1,2
1318,318,1,2
1318,319,1,2
1318,320,1,2
1318,321,1,2
1318,322,1,2
1318,323,1,2
1318,324,1,2
1318,325,1,2
1318,326,1,2
1318,327,1,2
1318,328,1,2
1318,329,1,2
1318,330,1,2
1318,331,1,2
1318,332,1,2
1318,333,1,2
1318,334,1,2
1318,335,1,2
1318,336,1,2
1318,337,1,2
1318,338,1,2
1318,339,1,2
1318,340,1,2
1318,341,1,2
1318,342,1,2
1318,343,1,2
1318,344,1,2
1318,345,1,2
1318,346,1,2
1318,347,1,2
1318,348,1,2
1318,349,1,2
1318,350,1,2
1318,351,1,2
1318,352,1,2
1318,353,1,2
1318,354,1,2
1318,355,1,2
1318,356,1,2
1318,357,1,2
1318,358,1,2
1318,359,1,2
1318,360,1,2
1318,361,1,2
1318,362,1,2
1318,363,1,2
1318,364,1,2
1318,365,1,2
1318,366,1,2
1318,367,1,2
1318,368,1,2
1318,369,1,2
1318,370,1,2
1318,371,1,2
1318,372,1,2
1318,373,1,2
1318,374,1,2
1318,375,1,2
1318,376,1,2
1318,377,1,2
1318,378,1,2
1318,379,1,2
1318,380,1,2
1318,381,1,2
1318,382,1,2
1318,383,1,2
1318,384,1,2
1318,385,1,2
1318,386,1,2
1318,387,1,2
1318,388,1,2
1318,389,1,2
1318,390,1,2
1318,391,1,2
1318,392,1,2
1318,393,1,2
1318,394,1,2
1318,395,1,2
1318,396,1,2
1318,397,1,2
1318,398,1,2
1318,399,1,2
1318,400,1,2
1318,401,1,2
1318,402,1,2
1318,403,1,2
1318,404,1,2
1318,405,1,2
1318,406,1,3
1318,407,1,3
1318,408,1,3
1318,409,1,3
1318,410,1,3
1318,411,1,3
1318,412,1,3
1318,413,1,3
1318,414,1,3
1318,415,1,3
1318,416,1,3
1318,417,1,3
1318,418,1,3
1318,419,1,3
1318,420,1,3
1318,421,1,3
1318,422,1,3
1318,423,1,3
1318,424,1,3
1318,425,1,3
1318,426,1,3
1318,427,1,3
1318,428,1,3
1318,429,1,3
1318,430,1,3
1318,431,1,3
1318,432,1,3
1318,433,1,3
1318,434,1,3
1318,435,1,3
1318,436,1,3
1318,437,1,3
1318,438,1,3
1318,439,1,3
1318,440,1,3
1318,441,1,3
1318,442,1,3
1318,443,1,3
1318,444,1,2
1318,445,1,2
1318,446,1,2
1318,447,1,2
1318,448,1,2
1318,449,1,2
1318,450,1,2
1318,451,1,2
1318,452,1,2
1318,453,1,2
1318,454,1,2
1318,455,1,2
1318,456,1,2
1318,457,1,2
1318,458,1,2
1318,459,1,2
1318,460,1,2
1318,461,1,2
1318,462,1,2
1318,463,1,2
1318,464,1,2
1318,465,1,2
1318,466,1,2
1318,467,1,3
1319,101,1,2
1319,102,1,2
1319,103,1,2
1319,104,1,2
1319,105,1,2
1319,106,1,2
1319,107,1,2
1319,108,1,2
1319,109,1,2
1319,110,1,2
1319,111,1,2
1319,112,1,2
1319,113,1,2
1319,114,1,2
1319,115,1,2
1319,116,1,2
1319,117,1,2
1319,118,1,2
1319,119,1,2
1319,120,1,2
1319,121,1,2
1319,122,1,2
1319,123,1,2
1319,124,1,2
1319,125,1,2
1319,126,1,2
1319,127,1,2
1319,128,1,2
1319,129,1,2
1319,130,1,2
1319,131,1,2
1319,132,1,2
1319,133,1,2
1319,134,1,2
1319,135,1,2
1319,136,1,2
1319,137,1,2
1319,138,1,2
1319,139,1,2
1319,140,1,2
1319,141,1,2
1319,142,1,2
1319,143,1,2
1319,144,1,2
1319,145,1,2
1319,146,1,2
1319,147,1,2
1319,148,1,2
1319,149,1,2
1319,150,1,2
1319,151,1,2
1319,152,1,2
1319,153,1,2
1319,154,1,2
1319,155,1,2
1319,156,1,2
1319,157,1,2
1319,158,1,2
1319,159,1,2
1319,160,1,2
1319,161,1,2
1319,162,1,2
1319,163,1,2
1319,164,1,2
1319,165,1,2
1319,166,1,2
1319,167,1,2
1319,168,1,2
1319,169,1,2
1319,170,1,2
1319,171,1,2
1319,172,1,2
1319,173,1,2
1319,174,1,2
1319,175,1,2
1319,176,1,2
1319,177,1,2
1319,178,1,2
1319,179,1,2
1319,180,1,2
1319,181,1,2
1319,182,1,2
1319,183,1,2
1319,184,1,2
1319,185,1,2
1319,186,1,2
1319,187,1,2
1319,188,1,2
1319,189,1,2
1319,190,1,2
1319,191,1,2
1319,192,1,2
1319,193,1,2
1319,194,1,2
1319,195,1,2
1319,196,1,2
1319,197,1,2
1319,198,1,2
1319,199,1,2
1319,200,1,2
1319,201,1,2
1319,202,1,2
1319,203,1,2
1319,204,1,2
1319,205,1,2
1319,206,1,2
1319,207,1,2
1319,208,1,2
1319,209,1,2
1319,210,1,2
1319,211,1,2
1319,212,1,2
1319,213,1,2
1319,214,1,2
1319,215,1,2
1319,216,1,2
1319,217,1,2
1319,218,1,2
1319,219,1,2
1319,220,1,2
1319,221,1,2
1319,222,1,2
1319,223,1,2
1319,224,1,2
1319,225,1,2
1319,226,1,2
1319,227,1,2
1319,228,1,2
1319,229,1,2
1319,230,1,2
1319,231,1,2
1319,232,1,2
1319,233,1,2
1319,234,1,2
1319,235,1,2
1319,236,1,2
1319,237,1,2
1319,238,1,2
1319,239,1,2
1319,240,1,2
1319,241,1,2
1319,242,1,2
1319,243,1,2
1319,244,1,2
1319,245,1,2
1319,246,1,2
1319,247,1,2
1319,248,1,2
1319,249,1,2
1319,250,1,2
1319,251,1,2
1319,252,1,2
1319,253,1,2
1319,254,1,2
1319,255,1,2
1319,256,1,2
1319,257,1,2
1319,258,1,2
1319,259,1,2
1319,260,1,2
1319,261,1,2
1319,262,1,2
1319,263,1,2
1319,264,1,2
1319,265,1,2
1319,266,1,2
1319,267,1,2
1319,268,1,2
1319,269,1,2
1319,270,1,2
1319,271,1,2
1319,272,1,2
1319,273,1,2
1319,274,1,2
1319,275,1,2
1319,276,1,2
1319,277,1,2
1319,278,1,2
1319,279,1,2
1319,280,1,2
1319,281,1,2
1319,282,1,2
1319,283,1,2
1319,284,1,2
1319,285,1,2
1319,286,1,2
1319,287,1,2
1319,288,1,2
1319,289,1,2
1319,290,1,2
1319,291,1,2
1319,292,1,2
1319,293,1,2
1319,294,1,2
1319,295,1,2
1319,296,1,2
1319,297,1,2
1319,298,1,2
1319,299,1,2
1319,300,1,2
1319,301,1,2
1319,302,1,2
1319,303,1,2
1319,304,1,2
1319,305,1,2
1319,306,1,2
1319,307,1,2
1319,308,1,2
1319,309,1,2
1319,310,1,2
1319,311,1,2
1319,312,1,2
1319,313,1,2
1319,314,1,2
1319,315,1,2
1319,316,1,2
1319,317,1,2
1319,318,1,2
1319,319,1,2
1319,320,1,2
1319,321,1,2
1319,322,1,2
1319,323,1,2
1319,324,1,2
1319,325,1,2
1319,326,1,2
1319,327,1,2
1319,328,1,2
1319,329,1,2
1319,330,1,2
1319,331,1,2
1319,332,1,2
1319,333,1,2
1319,334,1,2
1319,335,1,2
1319,336,1,2
1319,337,1,2
1319,338,1,2
1319,339,1,2
1319,340,1,2
1319,341,1,2
1319,342,1,2
1319,343,1,2
1319,344,1,2
1319,345,1,2
1319,346,1,2
1319,347,1,2
1319,348,1,2
1319,349,1,2
1319,350,1,2
1319,351,1,2
1319,352,1,2
1319,353,1,2
1319,354,1,2
1319,355,1,2
1319,356,1,2
1319,357,1,2
1319,358,1,2
1319,359,1,2
1319,360,1,2
1319,361,1,2
1319,362,1,2
1319,363,1,2
1319,364,1,2
1319,365,1,2
1319,366,1,2
1319,367,1,2
1319,368,1,2
1319,369,1,2
1319,370,1,2
1319,371,1,2
1319,372,1,2
1319,373,1,2
1319,374,1,2
1319,375,1,2
1319,376,1,2
1319,377,1,2
1319,378,1,2
1319,379,1,2
1319,380,1,2
1319,381,1,2
1319,382,1,2
1319,383,1,2
1319,384,1,2
1319,385,1,2
1319,386,1,2
1319,387,1,2
1319,388,1,2
1319,389,1,2
1319,390,1,2
1319,391,1,2
1319,392,1,2
1319,393,1,2
1319,394,1,2
1319,395,1,2
1319,396,1,2
1319,397,1,2
1319,398,1,2
1319,399,1,2
1319,400,1,2
1319,401,1,2
1319,402,1,2
1319,403,1,2
1319,404,1,2
1319,405,1,2
1319,406,1,3
1319,407,1,3
1319,408,1,3
1319,409,1,3
1319,410,1,3
1319,411,1,3
1319,412,1,3
1319,413,1,3
1319,414,1,3
1319,415,1,3
1319,416,1,3
1319,417,1,3
1319,418,1,3
1319,419,1,3
1319,420,1,3
1319,421,1,3
1319,422,1,3
1319,423,1,3
1319,424,1,3
1319,425,1,3
1319,426,1,3
1319,427,1,3
1319,428,1,3
1319,429,1,3
1319,430,1,3
1319,431,1,3
1319,432,1,3
1319,433,1,3
1319,434,1,3
1319,435,1,3
1319,436,1,3
1319,437,1,3
1319,438,1,3
1319,439,1,3
1319,440,1,3
1319,441,1,3
1319,442,1,3
1319,443,1,3
1319,444,1,2
1319,445,1,2
1319,446,1,2
1319,447,1,2
1319,448,1,2
1319,449,1,2
1319,450,1,2
1319,451,1,2
1319,452,1,2
1319,453,1,2
1319,454,1,2
1319,455,1,2
1319,456,1,2
1319,457,1,2
1319,458,1,2
1319,459,1,2
1319,460,1,2
1319,461,1,2
1319,462,1,2
1319,463,1,2
1319,464,1,2
1319,465,1,2
1319,466,1,2
1319,467,1,3
1320,102,1,2
1320,103,1,2
1320,104,1,2
1320,105,1,2
1320,106,1,2
1320,107,1,2
1320,108,1,2
1320,109,1,2
1320,110,1,2
1320,111,1,2
1320,112,1,2
1320,113,1,2
1320,114,1,2
1320,115,1,2
1320,116,1,2
1320,117,1,2
1320,118,1,2
1320,119,1,2
1320,120,1,2
1320,121,1,2
1320,122,1,2
1320,123,1,2
1320,124,1,2
1320,125,1,2
1320,126,1,2
1320,127,1,2
1320,128,1,2
1320,129,1,2
1320,130,1,2
1320,131,1,2
1320,132,1,2
1320,133,1,2
1320,134,1,2
1320,135,1,2
1320,136,1,2
1320,137,1,2
1320,138,1,2
1320,139,1,2
1320,140,1,2
1320,141,1,2
1320,142,1,2
1320,143,1,2
1320,144,1,2
1320,145,1,2
1320,146,1,2
1320,147,1,2
1320,148,1,2
1320,149,1,2
1320,150,1,2
1320,151,1,2
1320,152,1,2
1320,153,1,2
1320,154,1,2
1320,155,1,2
1320,156,1,2
1320,157,1,2
1320,158,1,2
1320,159,1,2
1320,160,1,2
1320,161,1,2
1320,162,1,2
1320,163,1,2
1320,164,1,2
1320,165,1,2
1320,166,1,2
1320,167,1,2
1320,168,1,2
1320,169,1,2
1320,170,1,2
1320,171,1,2
1320,172,1,2
1320,173,1,2
1320,174,1,2
1320,175,1,2
1320,176,1,2
1320,177,1,2
1320,178,1,2
1320,179,1,2
1320,180,1,2
1320,181,1,2
1320,182,1,2
1320,183,1,2
1320,184,1,2
1320,185,1,2
1320,186,1,2
1320,187,1,2
1320,188,1,2
1320,189,1,2
1320,190,1,2
1320,191,1,2
1320,192,1,2
1320,193,1,2
1320,194,1,2
1320,195,1,2
1320,196,1,2
1320,197,1,2
1320,198,1,2
1320,199,1,2
1320,200,1,2
1320,201,1,2
1320,202,1,2
1320,203,1,2
1320,204,1,2
1320,205,1,2
1320,206,1,2
1320,207,1,2
1320,208,1,2
1320,209,1,2
1320,210,1,2
1320,211,1,2
1320,212,1,2
1320,213,1,2
1320,214,1,2
1320,215,1,2
1320,216,1,2
1320,217,1,2
1320,218,1,2
1320,219,1,2
1320,220,1,2
1320,221,1,2
1320,222,1,2
1320,223,1,2
1320,224,1,2
1320,225,1,2
1320,226,1,2
1320,227,1,2
1320,228,1,2
1320,229,1,2
1320,230,1,2
1320,231,1,2
1320,232,1,2
1320,233,1,2
1320,234,1,2
1320,235,1,2
1320,236,1,2
1320,237,1,2
1320,238,1,2
1320,239,1,2
1320,240,1,2
1320,241,1,2
1320,242,1,2
1320,243,1,2
1320,244,1,2
1320,245,1,2
1320,246,1,2
1320,247,1,2
1320,248,1,2
1320,249,1,2
1320,250,1,2
1320,251,1,2
1320,252,1,2
1320,253,1,2
1320,254,1,2
1320,255,1,2
1320,256,1,2
1320,257,1,2
1320,258,1,2
1320,259,1,2
1320,260,1,2
1320,261,1,2
1320,262,1,2
1320,263,1,2
1320,264,1,2
1320,265,1,2
1320,266,1,2
1320,267,1,2
1320,268,1,2
1320,269,1,2
1320,270,1,2
1320,271,1,2
1320,272,1,2
1320,273,1,2
1320,274,1,2
1320,275,1,2
1320,276,1,2
1320,277,1,2
1320,278,1,2
1320,279,1,2
1320,280,1,2
1320,281,1,2
1320,282,1,2
1320,283,1,2
1320,284,1,2
1320,285,1,2
1320,286,1,2
1320,287,1,2
1320,288,1,2
1320,289,1,2
1320,290,1,2
1320,291,1,2
1320,292,1,2
1320,293,1,2
1320,294,1,2
1320,295,1,2
1320,296,1,2
1320,297,1,2
1320,298,1,2
1320,299,1,2
1320,300,1,2
1320,301,1,2
1320,302,1,2
1320,303,1,2
1320,304,1,2
1320,305,1,2
1320,306,1,2
1320,307,1,2
1320,308,1,2
1320,309,1,2
1320,310,1,2
1320,311,1,2
1320,312,1,2
1320,313,1,2
1320,314,1,2
1320,315,1,2
1320,316,1,2
1320,317,1,2
1320,318,1,2
1320,319,1,2
1320,320,1,2
1320,321,1,2
1320,322,1,2
1320,323,1,2
1320,324,1,2
1320,325,1,2
1320,326,1,2
1320,327,1,2
1320,328,1,2
1320,329,1,2
1320,330,1,2
1320,331,1,2
1320,332,1,2
1320,333,1,2
1320,334,1,2
1320,335,1,2
1320,336,1,2
1320,337,1,2
1320,338,1,2
1320,339,1,2
1320,340,1,2
1320,341,1,2
1320,342,1,2
1320,343,1,2
1320,344,1,2
1320,345,1,2
1320,346,1,2
1320,347,1,2
1320,348,1,2
1320,349,1,2
1320,350,1,2
1320,351,1,2
1320,352,1,2
1320,353,1,2
1320,354,1,2
1320,355,1,2
1320,356,1,2
1320,357,1,2
1320,358,1,2
1320,359,1,2
1320,360,1,2
1320,361,1,2
1320,362,1,2
1320,363,1,2
1320,364,1,2
1320,365,1,2
1320,366,1,2
1320,367,1,2
1320,368,1,2
1320,369,1,2
1320,370,1,2
1320,371,1,2
1320,372,1,2
1320,373,1,2
1320,374,1,2
1320,375,1,2
1320,376,1,2
1320,377,1,2
1320,378,1,2
1320,379,1,2
1320,380,1,2
1320,381,1,2
1320,382,1,2
1320,383,1,2
1320,384,1,2
1320,385,1,2
1320,386,1,2
1320,387,1,2
1320,388,1,2
1320,389,1,2
1320,390,1,2
1320,391,1,2
1320,392,1,2
1320,393,1,2
1320,394,1,2
1320,395,1,2
1320,396,1,2
1320,397,1,2
1320,398,1,2
1320,399,1,2
1320,400,1,2
1320,401,1,2
1320,402,1,2
1320,403,1,2
1320,404,1,2
1320,405,1,2
1320,406,1,3
1320,407,1,3
1320,408,1,3
1320,409,1,3
1320,410,1,3
1320,411,1,3
1320,412,1,3
1320,413,1,3
1320,414,1,3
1320,415,1,3
1320,416,1,3
1320,417,1,3
1320,418,1,3
1320,419,1,3
1320,420,1,3
1320,421,1,3
1320,422,1,3
1320,423,1,3
1320,424,1,3
1320,425,1,3
1320,426,1,3
1320,427,1,3
1320,428,1,3
1320,429,1,3
1320,430,1,3
1320,431,1,3
1320,432,1,3
1320,433,1,3
1320,434,1,3
1320,435,1,3
1320,436,1,3
1320,437,1,3
1320,438,1,3
1320,439,1,3
1320,440,1,3
1320,441,1,3
1320,442,1,3
1320,443,1,3
1320,444,1,2
1320,445,1,2
1320,446,1,2
1320,447,1,2
1320,448,1,2
1320,449,1,2
1320,450,1,2
1320,451,1,2
1320,452,1,2
1320,453,1,2
1320,454,1,2
1320,455,1,2
1320,456,1,2
1320,457,1,2
1320,458,1,2
1320,459,1,2
1320,460,1,2
1320,461,1,2
1320,462,1,2
1320,463,1,2
1320,464,1,2
1320,465,1,2
1320,466,1,2
1320,467,1,3
1321,102,1,2
1321,103,1,2
1321,104,1,2
1321,105,1,2
1321,106,1,2
1321,107,1,2
1321,108,1,2
1321,109,1,2
1321,110,1,2
1321,111,1,2
1321,112,1,2
1321,113,1,2
1321,114,1,2
1321,115,1,2
1321,116,1,2
1321,117,1,2
1321,118,1,2
1321,119,1,2
1321,120,1,2
1321,121,1,2
1321,122,1,2
1321,123,1,2
1321,124,1,2
1321,125,1,2
1321,126,1,2
1321,127,1,2
1321,128,1,2
1321,129,1,2
1321,130,1,2
1321,131,1,2
1321,132,1,2
1321,133,1,2
1321,134,1,2
1321,135,1,2
1321,136,1,2
1321,137,1,2
1321,138,1,2
1321,139,1,2
1321,140,1,2
1321,141,1,2
1321,142,1,2
1321,143,1,2
1321,144,1,2
1321,145,1,2
1321,146,1,2
1321,147,1,2
1321,148,1,2
1321,149,1,2
1321,150,1,2
1321,151,1,2
1321,152,1,2
1321,153,1,2
1321,154,1,2
1321,155,1,2
1321,156,1,2
1321,157,1,2
1321,158,1,2
1321,159,1,2
1321,160,1,2
1321,161,1,2
1321,162,1,2
1321,163,1,2
1321,164,1,2
1321,165,1,2
1321,166,1,2
1321,167,1,2
1321,168,1,2
1321,169,1,2
1321,170,1,2
1321,171,1,2
1321,172,1,2
1321,173,1,2
1321,174,1,2
1321,175,1,2
1321,176,1,2
1321,177,1,2
1321,178,1,2
1321,179,1,2
1321,180,1,2
1321,181,1,2
1321,182,1,2
1321,183,1,2
1321,184,1,2
1321,185,1,2
1321,186,1,2
1321,187,1,2
1321,188,1,2
1321,189,1,2
1321,190,1,2
1321,191,1,2
1321,192,1,2
1321,193,1,2
1321,194,1,2
1321,195,1,2
1321,196,1,2
1321,197,1,2
1321,198,1,2
1321,199,1,2
1321,200,1,2
1321,201,1,2
1321,202,1,2
1321,203,1,2
1321,204,1,2
1321,205,1,2
1321,206,1,2
1321,207,1,2
1321,208,1,2
1321,209,1,2
1321,210,1,2
1321,211,1,2
1321,212,1,2
1321,213,1,2
1321,214,1,2
1321,215,1,2
1321,216,1,2
1321,217,1,2
1321,218,1,2
1321,219,1,2
1321,220,1,2
1321,221,1,2
1321,222,1,2
1321,223,1,2
1321,224,1,2
1321,225,1,2
1321,226,1,2
1321,227,1,2
1321,228,1,2
1321,229,1,2
1321,230,1,2
1321,231,1,2
1321,232,1,2
1321,233,1,2
1321,234,1,2
1321,235,1,2
1321,236,1,2
1321,237,1,2
1321,238,1,2
1321,239,1,2
1321,240,1,2
1321,241,1,2
1321,242,1,2
1321,243,1,2
1321,244,1,2
1321,245,1,2
1321,246,1,2
1321,247,1,2
1321,248,1,2
1321,249,1,2
1321,250,1,2
1321,251,1,2
1321,252,1,2
1321,253,1,2
1321,254,1,2
1321,255,1,2
1321,256,1,2
1321,257,1,2
1321,258,1,2
1321,259,1,2
1321,260,1,2
1321,261,1,2
1321,262,1,2
1321,263,1,2
1321,264,1,2
1321,265,1,2
1321,266,1,2
1321,267,1,2
1321,268,1,2
1321,269,1,2
1321,270,1,2
1321,271,1,2
1321,272,1,2
1321,273,1,2
1321,274,1,2
1321,275,1,2
1321,276,1,2
1321,277,1,2
1321,278,1,2
1321,279,1,2
1321,280,1,2
1321,281,1,2
1321,282,1,2
1321,283,1,2
1321,284,1,2
1321,285,1,2
1321,286,1,2
1321,287,1,2
1321,288,1,2
1321,289,1,2
1321,290,1,2
1321,291,1,2
1321,292,1,2
1321,293,1,2
1321,294,1,2
1321,295,1,2
1321,296,1,2
1321,297,1,2
1321,298,1,2
1321,299,1,2
1321,300,1,2
1321,301,1,2
1321,302,1,2
1321,303,1,2
1321,304,1,2
1321,305,1,2
1321,306,1,2
1321,307,1,2
1321,308,1,2
1321,309,1,2
1321,310,1,2
1321,311,1,2
1321,312,1,2
1321,313,1,2
1321,314,1,2
1321,315,1,2
1321,316,1,2
1321,317,1,2
1321,318,1,2
1321,319,1,2
1321,320,1,2
1321,321,1,2
1321,322,1,2
1321,323,1,2
1321,324,1,2
1321,325,1,2
1321,326,1,2
1321,327,1,2
1321,328,1,2
1321,329,1,2
1321,330,1,2
1321,331,1,2
1321,332,1,2
1321,333,1,2
1321,334,1,2
1321,335,1,2
1321,336,1,2
1321,337,1,2
1321,338,1,2
1321,339,1,2
1321,340,1,2
1321,341,1,2
1321,342,1,2
1321,343,1,2
1321,344,1,2
1321,345,1,2
1321,346,1,2
1321,347,1,2
1321,348,1,2
1321,349,1,2
1321,350,1,2
1321,351,1,2
1321,352,1,2
1321,353,1,2
1321,354,1,2
1321,355,1,2
1321,356,1,2
1321,357,1,2
1321,358,1,2
1321,359,1,2
1321,360,1,2
1321,361,1,2
1321,362,1,2
1321,363,1,2
1321,364,1,2
1321,365,1,2
1321,366,1,2
1321,367,1,2
1321,368,1,2
1321,369,1,2
1321,370,1,2
1321,371,1,2
1321,372,1,2
1321,373,1,2
1321,374,1,2
1321,375,1,2
1321,376,1,2
1321,377,1,2
1321,378,1,2
1321,379,1,2
1321,380,1,2
1321,381,1,2
1321,382,1,2
1321,383,1,2
1321,384,1,2
1321,385,1,2
1321,386,1,2
1321,387,1,2
1321,388,1,2
1321,389,1,2
1321,390,1,2
1321,391,1,2
1321,392,1,2
1321,393,1,2
1321,394,1,2
1321,395,1,2
1321,396,1,2
1321,397,1,2
1321,398,1,2
1321,399,1,2
1321,400,1,2
1321,401,1,2
1321,402,1,2
1321,403,1,2
1321,404,1,2
1321,405,1,2
1321,406,1,3
1321,407,1,3
1321,408,1,3
1321,409,1,3
1321,410,1,3
1321,411,1,3
1321,412,1,3
1321,413,1,3
1321,414,1,3
1321,415,1,3
1321,416,1,3
1321,417,1,3
1321,418,1,3
1321,419,1,3
1321,420,1,3
1321,421,1,3
1321,422,1,3
1321,423,1,3
1321,424,1,3
1321,425,1,3
1321,426,1,3
1321,427,1,3
1321,428,1,3
1321,429,1,3
1321,430,1,3
1321,431,1,3
1321,432,1,3
1321,433,1,3
1321,434,1,3
1321,435,1,3
1321,436,1,3
1321,437,1,3
1321,438,1,3
1321,439,1,3
1321,440,1,3
1321,441,1,3
1321,442,1,3
1321,443,1,3
1321,444,1,2
1321,445,1,2
1321,446,1,2
1321,447,1,2
1321,448,1,2
1321,449,1,2
1321,450,1,2
1321,451,1,2
1321,452,1,2
1321,453,1,2
1321,454,1,2
1321,455,1,2
1321,456,1,2
1321,457,1,2
1321,458,1,2
1321,459,1,2
1321,460,1,2
1321,461,1,2
1321,462,1,2
1321,463,1,2
1321,464,1,2
1321,465,1,2
1321,466,1,2
1322,102,1,2
1322,103,1,2
1322,104,1,2
1322,105,1,2
1322,106,1,2
1322,107,1,2
1322,108,1,2
1322,109,1,2
1322,110,1,2
1322,111,1,2
1322,112,1,2
1322,113,1,2
1322,114,1,2
1322,115,1,2
1322,116,1,2
1322,117,1,2
1322,118,1,2
1322,119,1,2
1322,120,1,2
1322,121,1,2
1322,122,1,2
1322,123,1,2
1322,124,1,2
1322,125,1,2
1322,126,1,2
1322,127,1,2
1322,128,1,2
1322,129,1,2
1322,130,1,2
1322,131,1,2
1322,132,1,2
1322,133,1,2
1322,134,1,2
1322,135,1,2
1322,136,1,2
1322,137,1,2
1322,138,1,2
1322,139,1,2
1322,140,1,2
1322,141,1,2
1322,142,1,2
1322,143,1,2
1322,144,1,2
1322,145,1,2
1322,146,1,2
1322,147,1,2
1322,148,1,2
1322,149,1,2
1322,150,1,2
1322,151,1,2
1322,152,1,2
1322,153,1,2
1322,154,1,2
1322,155,1,2
1322,156,1,2
1322,157,1,2
1322,158,1,2
1322,159,1,2
1322,160,1,2
1322,161,1,2
1322,162,1,2
1322,163,1,2
1322,164,1,2
1322,165,1,2
1322,166,1,2
1322,167,1,2
1322,168,1,2
1322,169,1,2
1322,170,1,2
1322,171,1,2
1322,172,1,2
1322,173,1,2
1322,174,1,2
1322,175,1,2
1322,176,1,2
1322,177,1,2
1322,178,1,2
1322,179,1,2
1322,180,1,2
1322,181,1,2
1322,182,1,2
1322,183,1,2
1322,184,1,2
1322,185,1,2
1322,186,1,2
1322,187,1,2
1322,188,1,2
1322,189,1,2
1322,190,1,2
1322,191,1,2
1322,192,1,2
1322,193,1,2
1322,194,1,2
1322,195,1,2
1322,196,1,2
1322,197,1,2
1322,198,1,2
1322,199,1,2
1322,200,1,2
1322,201,1,2
1322,202,1,2
1322,203,1,2
1322,204,1,2
1322,205,1,2
1322,206,1,2
1322,207,1,2
1322,208,1,2
1322,209,1,2
1322,210,1,2
1322,211,1,2
1322,212,1,2
1322,213,1,2
1322,214,1,2
1322,215,1,2
1322,216,1,2
1322,217,1,2
1322,218,1,2
1322,219,1,2
1322,220,1,2
1322,221,1,2
1322,222,1,2
1322,223,1,2
1322,224,1,2
1322,225,1,2
1322,226,1,2
1322,227,1,2
1322,228,1,2
1322,229,1,2
1322,230,1,2
1322,231,1,2
1322,232,1,2
1322,233,1,2
1322,234,1,2
1322,235,1,2
1322,236,1,2
1322,237,1,2
1322,238,1,2
1322,239,1,2
1322,240,1,2
1322,241,1,2
1322,242,1,2
1322,243,1,2
1322,244,1,2
1322,245,1,2
1322,246,1,2
1322,247,1,2
1322,248,1,2
1322,249,1,2
1322,250,1,2
1322,251,1,2
1322,252,1,2
1322,253,1,2
1322,254,1,2
1322,255,1,2
1322,256,1,2
1322,257,1,2
1322,258,1,2
1322,259,1,2
1322,260,1,2
1322,261,1,2
1322,262,1,2
1322,263,1,2
1322,264,1,2
1322,265,1,2
1322,266,1,2
1322,267,1,2
1322,268,1,2
1322,269,1,2
1322,270,1,2
1322,271,1,2
1322,272,1,2
1322,273,1,2
1322,274,1,2
1322,275,1,2
1322,276,1,2
1322,277,1,2
1322,278,1,2
1322,279,1,2
1322,280,1,2
1322,281,1,2
1322,282,1,2
1322,283,1,2
1322,284,1,2
1322,285,1,2
1322,286,1,2
1322,287,1,2
1322,288,1,2
1322,289,1,2
1322,290,1,2
1322,291,1,2
1322,292,1,2
1322,293,1,2
1322,294,1,2
1322,295,1,2
1322,296,1,2
1322,297,1,2
1322,298,1,2
1322,299,1,2
1322,300,1,2
1322,301,1,2
1322,302,1,2
1322,303,1,2
1322,304,1,2
1322,305,1,2
1322,306,1,2
1322,307,1,2
1322,308,1,2
1322,309,1,2
1322,310,1,2
1322,311,1,2
1322,312,1,2
1322,313,1,2
1322,314,1,2
1322,315,1,2
1322,316,1,2
1322,317,1,2
1322,318,1,2
1322,319,1,2
1322,320,1,2
1322,321,1,2
1322,322,1,2
1322,323,1,2
1322,324,1,2
1322,325,1,2
1322,326,1,2
1322,327,1,2
1322,328,1,2
1322,329,1,2
1322,330,1,2
1322,331,1,2
1322,332,1,2
1322,333,1,2
1322,334,1,2
1322,335,1,2
1322,336,1,2
1322,337,1,2
1322,338,1,2
1322,339,1,2
1322,340,1,2
1322,341,1,2
1322,342,1,2
1322,343,1,2
1322,344,1,2
1322,345,1,2
1322,346,1,2
1322,347,1,2
1322,348,1,2
1322,349,1,2
1322,350,1,2
1322,351,1,2
1322,352,1,2
1322,353,1,2
1322,354,1,2
1322,355,1,2
1322,356,1,2
1322,357,1,2
1322,358,1,2
1322,359,1,2
1322,360,1,2
1322,361,1,2
1322,362,1,2
1322,363,1,2
1322,364,1,2
1322,365,1,2
1322,366,1,2
1322,367,1,2
1322,368,1,2
1322,369,1,2
1322,370,1,2
1322,371,1,2
1322,372,1,2
1322,373,1,2
1322,374,1,2
1322,375,1,2
1322,376,1,2
1322,377,1,2
1322,378,1,2
1322,379,1,2
1322,380,1,2
1322,381,1,2
1322,382,1,2
1322,383,1,2
1322,384,1,2
1322,385,1,2
1322,386,1,2
1322,387,1,2
1322,388,1,2
1322,389,1,2
1322,390,1,2
1322,391,1,2
1322,392,1,2
1322,393,1,2
1322,394,1,2
1322,395,1,2
1322,396,1,2
1322,397,1,2
1322,398,1,2
1322,399,1,2
1322,400,1,2
1322,401,1,2
1322,402,1,2
1322,403,1,2
1322,404,1,2
1322,405,1,2
1322,406,1,3
1322,407,1,3
1322,408,1,3
1322,409,1,3
1322,410,1,3
1322,411,1,3
1322,412,1,3
1322,413,1,3
1322,414,1,3
1322,415,1,3
1322,416,1,3
1322,417,1,3
1322,418,1,3
1322,419,1,3
1322,420,1,3
1322,421,1,3
1322,422,1,3
1322,423,1,3
1322,424,1,3
1322,425,1,3
1322,426,1,3
1322,427,1,3
1322,428,1,3
1322,429,1,3
1322,430,1,3
1322,431,1,3
1322,432,1,3
1322,433,1,3
1322,434,1,3
1322,435,1,3
1322,436,1,3
1322,437,1,3
1322,438,1,3
1322,439,1,3
1322,440,1,3
1322,441,1,3
1322,442,1,3
1322,443,1,3
1322,444,1,2
1322,445,1,2
1322,446,1,2
1322,447,1,2
1322,448,1,2
1322,449,1,2
1322,450,1,2
1322,451,1,2
1322,452,1,2
1322,453,1,2
1322,454,1,2
1322,455,1,2
1322,456,1,2
1322,457,1,2
1322,458,1,2
1322,459,1,2
1322,460,1,2
1322,461,1,2
1322,462,1,2
1322,463,1,2
1322,464,1,2
1322,465,1,2
1322,466,1,2
1323,102,1,2
1323,103,1,2
1323,104,1,2
1323,105,1,2
1323,106,1,2
1323,107,1,2
1323,108,1,2
1323,109,1,2
1323,110,1,2
1323,111,1,2
1323,112,1,2
1323,113,1,2
1323,114,1,2
1323,115,1,2
1323,116,1,2
1323,117,1,2
1323,118,1,2
1323,119,1,2
1323,120,1,2
1323,121,1,2
1323,122,1,2
1323,123,1,2
1323,124,1,2
1323,125,1,2
1323,126,1,2
1323,127,1,2
1323,128,1,2
1323,129,1,2
1323,130,1,2
1323,131,1,2
1323,132,1,2
1323,133,1,2
1323,134,1,2
1323,135,1,2
1323,136,1,2
1323,137,1,2
1323,138,1,2
1323,139,1,2
1323,140,1,2
1323,141,1,2
1323,142,1,2
1323,143,1,2
1323,144,1,2
1323,145,1,2
1323,146,1,2
1323,147,1,2
1323,148,1,2
1323,149,1,2
1323,150,1,2
1323,151,1,2
1323,152,1,2
1323,153,1,2
1323,154,1,2
1323,155,1,2
1323,156,1,2
1323,157,1,2
1323,158,1,2
1323,159,1,2
1323,160,1,2
1323,161,1,2
1323,162,1,2
1323,163,1,2
1323,164,1,2
1323,165,1,2
1323,166,1,2
1323,167,1,2
1323,168,1,2
1323,169,1,2
1323,170,1,2
1323,171,1,2
1323,172,1,2
1323,173,1,2
1323,174,1,2
1323,175,1,2
1323,176,1,2
1323,177,1,2
1323,178,1,2
1323,179,1,2
1323,180,1,2
1323,181,1,2
1323,182,1,2
1323,183,1,2
1323,184,1,2
1323,185,1,2
1323,186,1,2
1323,187,1,2
1323,188,1,2
1323,189,1,2
1323,190,1,2
1323,191,1,2
1323,192,1,2
1323,193,1,2
1323,194,1,2
1323,195,1,2
1323,196,1,2
1323,197,1,2
1323,198,1,2
1323,199,1,2
1323,200,1,2
1323,201,1,2
1323,202,1,2
1323,203,1,2
1323,204,1,2
1323,205,1,2
1323,206,1,2
1323,207,1,2
1323,208,1,2
1323,209,1,2
1323,210,1,2
1323,211,1,2
1323,212,1,2
1323,213,1,2
1323,214,1,2
1323,215,1,2
1323,216,1,2
1323,217,1,2
1323,218,1,2
1323,219,1,2
1323,220,1,2
1323,221,1,2
1323,222,1,2
1323,223,1,2
1323,224,1,2
1323,225,1,2
1323,226,1,2
1323,227,1,2
1323,228,1,2
1323,229,1,2
1323,230,1,2
1323,231,1,2
1323,232,1,2
1323,233,1,2
1323,234,1,2
1323,235,1,2
1323,236,1,2
1323,237,1,2
1323,238,1,2
1323,239,1,2
1323,240,1,2
1323,241,1,2
1323,242,1,2
1323,243,1,2
1323,244,1,2
1323,245,1,2
1323,246,1,2
1323,247,1,2
1323,248,1,2
1323,249,1,2
1323,250,1,2
1323,251,1,2
1323,252,1,2
1323,253,1,2
1323,254,1,2
1323,255,1,2
1323,256,1,2
1323,257,1,2
1323,258,1,2
1323,259,1,2
1323,260,1,2
1323,261,1,2
1323,262,1,2
1323,263,1,2
1323,264,1,2
1323,265,1,2
1323,266,1,2
1323,267,1,2
1323,268,1,2
1323,269,1,2
1323,270,1,2
1323,271,1,2
1323,272,1,2
1323,273,1,2
1323,274,1,2
1323,275,1,2
1323,276,1,2
1323,277,1,2
1323,278,1,2
1323,279,1,2
1323,280,1,2
1323,281,1,2
1323,282,1,2
1323,283,1,2
1323,284,1,2
1323,285,1,2
1323,286,1,2
1323,287,1,2
1323,288,1,2
1323,289,1,2
1323,290,1,2
1323,291,1,2
1323,292,1,2
1323,293,1,2
1323,294,1,2
1323,295,1,2
1323,296,1,2
1323,297,1,2
1323,298,1,2
1323,299,1,2
1323,300,1,2
1323,301,1,2
1323,302,1,2
1323,303,1,2
1323,304,1,2
1323,305,1,2
1323,306,1,2
1323,307,1,2
1323,308,1,2
1323,309,1,2
1323,310,1,2
1323,311,1,2
1323,312,1,2
1323,313,1,2
1323,314,1,2
1323,315,1,2
1323,316,1,2
1323,317,1,2
1323,318,1,2
1323,319,1,2
1323,320,1,2
1323,321,1,2
1323,322,1,2
1323,323,1,2
1323,324,1,2
1323,325,1,2
1323,326,1,2
1323,327,1,2
1323,328,1,2
1323,329,1,2
1323,330,1,2
1323,331,1,2
1323,332,1,2
1323,333,1,2
1323,334,1,2
1323,335,1,2
1323,336,1,2
1323,337,1,2
1323,338,1,2
1323,339,1,2
1323,340,1,2
1323,341,1,2
1323,342,1,2
1323,343,1,2
1323,344,1,2
1323,345,1,2
1323,346,1,2
1323,347,1,2
1323,348,1,2
1323,349,1,2
1323,350,1,2
1323,351,1,2
1323,352,1,2
1323,353,1,2
1323,354,1,2
1323,355,1,2
1323,356,1,2
1323,357,1,2
1323,358,1,2
1323,359,1,2
1323,360,1,2
1323,361,1,2
1323,362,1,2
1323,363,1,2
1323,364,1,2
1323,365,1,2
1323,366,1,2
1323,367,1,2
1323,368,1,2
1323,369,1,2
1323,370,1,2
1323,371,1,2
1323,372,1,2
1323,373,1,2
1323,374,1,2
1323,375,1,2
1323,376,1,2
1323,377,1,2
1323,378,1,2
1323,379,1,2
1323,380,1,2
1323,381,1,2
1323,382,1,2
1323,383,1,2
1323,384,1,2
1323,385,1,2
1323,386,1,2
1323,387,1,2
1323,388,1,2
1323,389,1,2
1323,390,1,2
1323,391,1,2
1323,392,1,2
1323,393,1,2
1323,394,1,2
1323,395,1,2
1323,396,1,2
1323,397,1,2
1323,398,1,2
1323,399,1,2
1323,400,1,2
1323,401,1,2
1323,402,1,2
1323,403,1,2
1323,404,1,2
1323,405,1,2
1323,406,1,3
1323,407,1,3
1323,408,1,3
1323,409,1,3
1323,410,1,3
1323,411,1,3
1323,412,1,3
1323,413,1,3
1323,414,1,3
1323,415,1,3
1323,416,1,3
1323,417,1,3
1323,418,1,3
1323,419,1,3
1323,420,1,3
1323,421,1,3
1323,422,1,3
1323,423,1,3
1323,424,1,3
1323,425,1,3
1323,426,1,3
1323,427,1,3
1323,428,1,3
1323,429,1,3
1323,430,1,3
1323,431,1,3
1323,432,1,3
1323,433,1,3
1323,434,1,3
1323,435,1,3
1323,436,1,3
1323,437,1,3
1323,438,1,3
1323,439,1,3
1323,440,1,3
1323,441,1,3
1323,442,1,3
1323,443,1,2
1323,444,1,2
1323,445,1,2
1323,446,1,2
1323,447,1,2
1323,448,1,2
1323,449,1,2
1323,450,1,2
1323,451,1,2
1323,452,1,2
1323,453,1,2
1323,454,1,2
1323,455,1,2
1323,456,1,2
1323,457,1,2
1323,458,1,2
1323,459,1,2
1323,460,1,2
1323,461,1,2
1323,462,1,2
1323,463,1,2
1323,464,1,2
1323,465,1,2
1323,466,1,2
1324,102,1,2
1324,103,1,2
1324,104,1,2
1324,105,1,2
1324,106,1,2
1324,107,1,2
1324,108,1,2
1324,109,1,2
1324,110,1,2
1324,111,1,2
1324,112,1,2
1324,113,1,2
1324,114,1,2
1324,115,1,2
1324,116,1,2
1324,117,1,2
1324,118,1,2
1324,119,1,2
1324,120,1,2
1324,121,1,2
1324,122,1,2
1324,123,1,2
1324,124,1,2
1324,125,1,2
1324,126,1,2
1324,127,1,2
1324,128,1,2
1324,129,1,2
1324,130,1,2
1324,131,1,2
1324,132,1,2
1324,133,1,2
1324,134,1,2
1324,135,1,2
1324,136,1,2
1324,137,1,2
1324,138,1,2
1324,139,1,2
1324,140,1,2
1324,141,1,2
1324,142,1,2
1324,143,1,2
1324,144,1,2
1324,145,1,2
1324,146,1,2
1324,147,1,2
1324,148,1,2
1324,149,1,2
1324,150,1,2
1324,151,1,2
1324,152,1,2
1324,153,1,2
1324,154,1,2
1324,155,1,2
1324,156,1,2
1324,157,1,2
1324,158,1,2
1324,159,1,2
1324,160,1,2
1324,161,1,2
1324,162,1,2
1324,163,1,2
1324,164,1,2
1324,165,1,2
1324,166,1,2
1324,167,1,2
1324,168,1,2
1324,169,1,2
1324,170,1,2
1324,171,1,2
1324,172,1,2
1324,173,1,2
1324,174,1,2
1324,175,1,2
1324,176,1,2
1324,177,1,2
1324,178,1,2
1324,179,1,2
1324,180,1,2
1324,181,1,2
1324,182,1,2
1324,183,1,2
1324,184,1,2
1324,185,1,2
1324,186,1,2
1324,187,1,2
1324,188,1,2
1324,189,1,2
1324,190,1,2
1324,191,1,2
1324,192,1,2
1324,193,1,2
1324,194,1,2
1324,195,1,2
1324,196,1,2
1324,197,1,2
1324,198,1,2
1324,199,1,2
1324,200,1,2
1324,201,1,2
1324,202,1,2
1324,203,1,2
1324,204,1,2
1324,205,1,2
1324,206,1,2
1324,207,1,2
1324,208,1,2
1324,209,1,2
1324,210,1,2
1324,211,1,2
1324,212,1,2
1324,213,1,2
1324,214,1,2
1324,215,1,2
1324,216,1,2
1324,217,1,2
1324,218,1,2
1324,219,1,2
1324,220,1,2
1324,221,1,2
1324,222,1,2
1324,223,1,2
1324,224,1,2
1324,225,1,2
1324,226,1,2
1324,227,1,2
1324,228,1,2
1324,229,1,2
1324,230,1,2
1324,231,1,2
1324,232,1,2
1324,233,1,2
1324,234,1,2
1324,235,1,2
1324,236,1,2
1324,237,1,2
1324,238,1,2
1324,239,1,2
1324,240,1,2
1324,241,1,2
1324,242,1,2
1324,243,1,2
1324,244,1,2
1324,245,1,2
1324,246,1,2
1324,247,1,2
1324,248,1,2
1324,249,1,2
1324,250,1,2
1324,251,1,2
1324,252,1,2
1324,253,1,2
1324,254,1,2
1324,255,1,2
1324,256,1,2
1324,257,1,2
1324,258,1,2
1324,259,1,2
1324,260,1,2
1324,261,1,2
1324,262,1,2
1324,263,1,2
1324,264,1,2
1324,265,1,2
1324,266,1,2
1324,267,1,2
1324,268,1,2
1324,269,1,2
1324,270,1,2
1324,271,1,2
1324,272,1,2
1324,273,1,2
1324,274,1,2
1324,275,1,2
1324,276,1,2
1324,277,1,2
1324,278,1,2
1324,279,1,2
1324,280,1,2
1324,281,1,2
1324,282,1,2
1324,283,1,2
1324,284,1,2
1324,285,1,2
1324,286,1,2
1324,287,1,2
1324,288,1,2
1324,289,1,2
1324,290,1,2
1324,291,1,2
1324,292,1,2
1324,293,1,2
1324,294,1,2
1324,295,1,2
1324,296,1,2
1324,297,1,2
1324,298,1,2
1324,299,1,2
1324,300,1,2
1324,301,1,2
1324,302,1,2
1324,303,1,2
1324,304,1,2
1324,305,1,2
1324,306,1,2
1324,307,1,2
1324,308,1,2
1324,309,1,2
1324,310,1,2
1324,311,1,2
1324,312,1,2
1324,313,1,2
1324,314,1,2
1324,315,1,2
1324,316,1,2
1324,317,1,2
1324,318,1,2
1324,319,1,2
1324,320,1,2
1324,321,1,2
1324,322,1,2
1324,323,1,2
1324,324,1,2
1324,325,1,2
1324,326,1,2
1324,327,1,2
1324,328,1,2
1324,329,1,2
1324,330,1,2
1324,331,1,2
1324,332,1,2
1324,333,1,2
1324,334,1,2
1324,335,1,2
1324,336,1,2
1324,337,1,2
1324,338,1,2
1324,339,1,2
1324,340,1,2
1324,341,1,2
1324,342,1,2
1324,343,1,2
1324,344,1,2
1324,345,1,2
1324,346,1,2
1324,347,1,2
1324,348,1,2
1324,349,1,2
1324,350,1,2
1324,351,1,2
1324,352,1,2
1324,353,1,2
1324,354,1,2
1324,355,1,2
1324,356,1,2
1324,357,1,2
1324,358,1,2
1324,359,1,2
1324,360,1,2
1324,361,1,2
1324,362,1,2
1324,363,1,2
1324,364,1,2
1324,365,1,2
1324,366,1,2
1324,367,1,2
1324,368,1,2
1324,369,1,2
1324,370,1,2
1324,371,1,2
1324,372,1,2
1324,373,1,2
1324,374,1,2
1324,375,1,2
1324,376,1,2
1324,377,1,2
1324,378,1,2
1324,379,1,2
1324,380,1,2
1324,381,1,2
1324,382,1,2
1324,383,1,2
1324,384,1,2
1324,385,1,2
1324,386,1,2
1324,387,1,2
1324,388,1,2
1324,389,1,2
1324,390,1,2
1324,391,1,2
1324,392,1,2
1324,393,1,2
1324,394,1,2
1324,395,1,2
1324,396,1,2
1324,397,1,2
1324,398,1,2
1324,399,1,2
1324,400,1,2
1324,401,1,2
1324,402,1,2
1324,403,1,2
1324,404,1,2
1324,405,1,2
1324,406,1,3
1324,407,1,3
1324,408,1,3
1324,409,1,3
1324,410,1,3
1324,411,1,3
1324,412,1,3
1324,413,1,3
1324,414,1,3
1324,415,1,3
1324,416,1,3
1324,417,1,3
1324,418,1,3
1324,419,1,3
1324,420,1,3
1324,421,1,3
1324,422,1,3
1324,423,1,3
1324,424,1,3
1324,425,1,3
1324,426,1,3
1324,427,1,3
1324,428,1,3
1324,429,1,3
1324,430,1,3
1324,431,1,3
1324,432,1,3
1324,433,1,3
1324,434,1,3
1324,435,1,3
1324,436,1,3
1324,437,1,3
1324,438,1,3
1324,439,1,3
1324,440,1,3
1324,441,1,3
1324,442,1,3
1324,443,1,2
1324,444,1,2
1324,445,1,2
1324,446,1,2
1324,447,1,2
1324,448,1,2
1324,449,1,2
1324,450,1,2
1324,451,1,2
1324,452,1,2
1324,453,1,2
1324,454,1,2
1324,455,1,2
1324,456,1,2
1324,457,1,2
1324,458,1,2
1324,459,1,2
1324,460,1,2
1324,461,1,2
1324,462,1,2
1324,463,1,2
1324,464,1,2
1324,465,1,2
1324,466,1,3
1325,102,1,2
1325,103,1,2
1325,104,1,2
1325,105,1,2
1325,106,1,2
1325,107,1,2
1325,108,1,2
1325,109,1,2
1325,110,1,2
1325,111,1,2
1325,112,1,2
1325,113,1,2
1325,114,1,2
1325,115,1,2
1325,116,1,2
1325,117,1,2
1325,118,1,2
1325,119,1,2
1325,120,1,2
1325,121,1,2
1325,122,1,2
1325,123,1,2
1325,124,1,2
1325,125,1,2
1325,126,1,2
1325,127,1,2
1325,128,1,2
1325,129,1,2
1325,130,1,2
1325,131,1,2
1325,132,1,2
1325,133,1,2
1325,134,1,2
1325,135,1,2
1325,136,1,2
1325,137,1,2
1325,138,1,2
1325,139,1,2
1325,140,1,2
1325,141,1,2
1325,142,1,2
1325,143,1,2
1325,144,1,2
1325,145,1,2
1325,146,1,2
1325,147,1,2
1325,148,1,2
1325,149,1,2
1325,150,1,2
1325,151,1,2
1325,152,1,2
1325,153,1,2
1325,154,1,2
1325,155,1,2
1325,156,1,2
1325,157,1,2
1325,158,1,2
1325,159,1,2
1325,160,1,2
1325,161,1,2
1325,162,1,2
1325,163,1,2
1325,164,1,2
1325,165,1,2
1325,166,1,2
1325,167,1,2
1325,168,1,2
1325,169,1,2
1325,170,1,2
1325,171,1,2
1325,172,1,2
1325,173,1,2
1325,174,1,2
1325,175,1,2
1325,176,1,2
1325,177,1,2
1325,178,1,2
1325,179,1,2
1325,180,1,2
1325,181,1,2
1325,182,1,2
1325,183,1,2
1325,184,1,2
1325,185,1,2
1325,186,1,2
1325,187,1,2
1325,188,1,2
1325,189,1,2
1325,190,1,2
1325,191,1,2
1325,192,1,2
1325,193,1,2
1325,194,1,2
1325,195,1,2
1325,196,1,2
1325,197,1,2
1325,198,1,2
1325,199,1,2
1325,200,1,2
1325,201,1,2
1325,202,1,2
1325,203,1,2
1325,204,1,2
1325,205,1,2
1325,206,1,2
1325,207,1,2
1325,208,1,2
1325,209,1,2
1325,210,1,2
1325,211,1,2
1325,212,1,2
1325,213,1,2
1325,214,1,2
1325,215,1,2
1325,216,1,2
1325,217,1,2
1325,218,1,2
1325,219,1,2
1325,220,1,2
1325,221,1,2
1325,222,1,2
1325,223,1,2
1325,224,1,2
1325,225,1,2
1325,226,1,2
1325,227,1,2
1325,228,1,2
1325,229,1,2
1325,230,1,2
1325,231,1,2
1325,232,1,2
1325,233,1,2
1325,234,1,2
1325,235,1,2
1325,236,1,2
1325,237,1,2
1325,238,1,2
1325,239,1,2
1325,240,1,2
1325,241,1,2
1325,242,1,2
1325,243,1,2
1325,244,1,2
1325,245,1,2
1325,246,1,2
1325,247,1,2
1325,248,1,2
1325,249,1,2
1325,250,1,2
1325,251,1,2
1325,252,1,2
1325,253,1,2
1325,254,1,2
1325,255,1,2
1325,256,1,2
1325,257,1,2
1325,258,1,2
1325,259,1,2
1325,260,1,2
1325,261,1,2
1325,262,1,2
1325,263,1,2
1325,264,1,2
1325,265,1,2
1325,266,1,2
1325,267,1,2
1325,268,1,2
1325,269,1,2
1325,270,1,2
1325,271,1,2
1325,272,1,2
1325,273,1,2
1325,274,1,2
1325,275,1,2
1325,276,1,2
1325,277,1,2
1325,278,1,2
1325,279,1,2
1325,280,1,2
1325,281,1,2
1325,282,1,2
1325,283,1,2
1325,284,1,2
1325,285,1,2
1325,286,1,2
1325,287,1,2
1325,288,1,2
1325,289,1,2
1325,290,1,2
1325,291,1,2
1325,292,1,2
1325,293,1,2
1325,294,1,2
1325,295,1,2
1325,296,1,2
1325,297,1,2
1325,298,1,2
1325,299,1,2
1325,300,1,2
1325,301,1,2
1325,302,1,2
1325,303,1,2
1325,304,1,2
1325,305,1,2
1325,306,1,2
1325,307,1,2
1325,308,1,2
1325,309,1,2
1325,310,1,2
1325,311,1,2
1325,312,1,2
1325,313,1,2
1325,314,1,2
1325,315,1,2
1325,316,1,2
1325,317,1,2
1325,318,1,2
1325,319,1,2
1325,320,1,2
1325,321,1,2
1325,322,1,2
1325,323,1,2
1325,324,1,2
1325,325,1,2
1325,326,1,2
1325,327,1,2
1325,328,1,2
1325,329,1,2
1325,330,1,2
1325,331,1,2
1325,332,1,2
1325,333,1,2
1325,334,1,2
1325,335,1,2
1325,336,1,2
1325,337,1,2
1325,338,1,2
1325,339,1,2
1325,340,1,2
1325,341,1,2
1325,342,1,2
1325,343,1,2
1325,344,1,2
1325,345,1,2
1325,346,1,2
1325,347,1,2
1325,348,1,2
1325,349,1,2
1325,350,1,2
1325,351,1,2
1325,352,1,2
1325,353,1,2
1325,354,1,2
1325,355,1,2
1325,356,1,2
1325,357,1,2
1325,358,1,2
1325,359,1,2
1325,360,1,2
1325,361,1,2
1325,362,1,2
1325,363,1,2
1325,364,1,2
1325,365,1,2
1325,366,1,2
1325,367,1,2
1325,368,1,2
1325,369,1,2
1325,370,1,2
1325,371,1,2
1325,372,1,2
1325,373,1,2
1325,374,1,2
1325,375,1,2
1325,376,1,2
1325,377,1,2
1325,378,1,2
1325,379,1,2
1325,380,1,2
1325,381,1,2
1325,382,1,2
1325,383,1,2
1325,384,1,2
1325,385,1,2
1325,386,1,2
1325,387,1,2
1325,388,1,2
1325,389,1,2
1325,390,1,2
1325,391,1,2
1325,392,1,2
1325,393,1,2
1325,394,1,2
1325,395,1,2
1325,396,1,2
1325,397,1,2
1325,398,1,2
1325,399,1,2
1325,400,1,2
1325,401,1,2
1325,402,1,2
1325,403,1,2
1325,404,1,2
1325,405,1,2
1325,406,1,3
1325,407,1,3
1325,408,1,3
1325,409,1,3
1325,410,1,3
1325,411,1,3
1325,412,1,3
1325,413,1,3
1325,414,1,3
1325,415,1,3
1325,416,1,3
1325,417,1,3
1325,418,1,3
1325,419,1,3
1325,420,1,3
1325,421,1,3
1325,422,1,3
1325,423,1,3
1325,424,1,3
1325,425,1,3
1325,426,1,3
1325,427,1,3
1325,428,1,3
1325,429,1,3
1325,430,1,3
1325,431,1,3
1325,432,1,3
1325,433,1,3
1325,434,1,3
1325,435,1,3
1325,436,1,3
1325,437,1,3
1325,438,1,3
1325,439,1,3
1325,440,1,3
1325,441,1,3
1325,442,1,2
1325,443,1,2
1325,444,1,2
1325,445,1,2
1325,446,1,2
1325,447,1,2
1325,448,1,2
1325,449,1,2
1325,450,1,2
1325,451,1,2
1325,452,1,2
1325,453,1,2
1325,454,1,2
1325,455,1,2
1325,456,1,2
1325,457,1,2
1325,458,1,2
1325,459,1,2
1325,460,1,2
1325,461,1,2
1325,462,1,2
1325,463,1,2
1325,464,1,2
1325,465,1,2
1325,466,1,3
1326,103,1,2
1326,104,1,2
1326,105,1,2
1326,106,1,2
1326,107,1,2
1326,108,1,2
1326,109,1,2
1326,110,1,2
1326,111,1,2
1326,112,1,2
1326,113,1,2
1326,114,1,2
1326,115,1,2
1326,116,1,2
1326,117,1,2
1326,118,1,2
1326,119,1,2
1326,120,1,2
1326,121,1,2
1326,122,1,2
1326,123,1,2
1326,124,1,2
1326,125,1,2
1326,126,1,2
1326,127,1,2
1326,128,1,2
1326,129,1,2
1326,130,1,2
1326,131,1,2
1326,132,1,2
1326,133,1,2
1326,134,1,2
1326,135,1,2
1326,136,1,2
1326,137,1,2
1326,138,1,2
1326,139,1,2
1326,140,1,2
1326,141,1,2
1326,142,1,2
1326,143,1,2
1326,144,1,2
1326,145,1,2
1326,146,1,2
1326,147,1,2
1326,148,1,2
1326,149,1,2
1326,150,1,2
1326,151,1,2
1326,152,1,2
1326,153,1,2
1326,154,1,2
1326,155,1,2
1326,156,1,2
1326,157,1,2
1326,158,1,2
1326,159,1,2
1326,160,1,2
1326,161,1,2
1326,162,1,2
1326,163,1,2
1326,164,1,2
1326,165,1,2
1326,166,1,2
1326,167,1,2
1326,168,1,2
1326,169,1,2
1326,170,1,2
1326,171,1,2
1326,172,1,2
1326,173,1,2
1326,174,1,2
1326,175,1,2
1326,176,1,2
1326,177,1,2
1326,178,1,2
1326,179,1,2
1326,180,1,2
1326,181,1,2
1326,182,1,2
1326,183,1,2
1326,184,1,2
1326,185,1,2
1326,186,1,2
1326,187,1,2
1326,188,1,2
1326,189,1,2
1326,190,1,2
1326,191,1,2
1326,192,1,2
1326,193,1,2
1326,194,1,2
1326,195,1,2
1326,196,1,2
1326,197,1,2
1326,198,1,2
1326,199,1,2
1326,200,1,2
1326,201,1,2
1326,202,1,2
1326,203,1,2
1326,204,1,2
1326,205,1,2
1326,206,1,2
1326,207,1,2
1326,208,1,2
1326,209,1,2
1326,210,1,2
1326,211,1,2
1326,212,1,2
1326,213,1,2
1326,214,1,2
1326,215,1,2
1326,216,1,2
1326,217,1,2
1326,218,1,2
1326,219,1,2
1326,220,1,2
1326,221,1,2
1326,222,1,2
1326,223,1,2
1326,224,1,2
1326,225,1,2
1326,226,1,2
1326,227,1,2
1326,228,1,2
1326,229,1,2
1326,230,1,2
1326,231,1,2
1326,232,1,2
1326,233,1,2
1326,234,1,2
1326,235,1,2
1326,236,1,2
1326,237,1,2
1326,238,1,2
1326,239,1,2
1326,240,1,2
1326,241,1,2
1326,242,1,2
1326,243,1,2
1326,244,1,2
1326,245,1,2
1326,246,1,2
1326,247,1,2
1326,248,1,2
1326,249,1,2
1326,250,1,2
1326,251,1,2
1326,252,1,2
1326,253,1,2
1326,254,1,2
1326,255,1,2
1326,256,1,2
1326,257,1,2
1326,258,1,2
1326,259,1,2
1326,260,1,2
1326,261,1,2
1326,262,1,2
1326,263,1,2
1326,264,1,2
1326,265,1,2
1326,266,1,2
1326,267,1,2
1326,268,1,2
1326,269,1,2
1326,270,1,2
1326,271,1,2
1326,272,1,2
1326,273,1,2
1326,274,1,2
1326,275,1,2
1326,276,1,2
1326,277,1,2
1326,278,1,2
1326,279,1,2
1326,280,1,2
1326,281,1,2
1326,282,1,2
1326,283,1,2
1326,284,1,2
1326,285,1,2
1326,286,1,2
1326,287,1,2
1326,288,1,2
1326,289,1,2
1326,290,1,2
1326,291,1,2
1326,292,1,2
1326,293,1,2
1326,294,1,2
1326,295,1,2
1326,296,1,2
1326,297,1,2
1326,298,1,2
1326,299,1,2
1326,300,1,2
1326,301,1,2
1326,302,1,2
1326,303,1,2
1326,304,1,2
1326,305,1,2
1326,306,1,2
1326,307,1,2
1326,308,1,2
1326,309,1,2
1326,310,1,2
1326,311,1,2
1326,312,1,2
1326,313,1,2
1326,314,1,2
1326,315,1,2
1326,316,1,2
1326,317,1,2
1326,318,1,2
1326,319,1,2
1326,320,1,2
1326,321,1,2
1326,322,1,2
1326,323,1,2
1326,324,1,2
1326,325,1,2
1326,326,1,2
1326,327,1,2
1326,328,1,2
1326,329,1,2
1326,330,1,2
1326,331,1,2
1326,332,1,2
1326,333,1,2
1326,334,1,2
1326,335,1,2
1326,336,1,2
1326,337,1,2
1326,338,1,2
1326,339,1,2
1326,340,1,2
1326,341,1,2
1326,342,1,2
1326,343,1,2
1326,344,1,2
1326,345,1,2
1326,346,1,2
1326,347,1,2
1326,348,1,2
1326,349,1,2
1326,350,1,2
1326,351,1,2
1326,352,1,2
1326,353,1,2
1326,354,1,2
1326,355,1,2
1326,356,1,2
1326,357,1,2
1326,358,1,2
1326,359,1,2
1326,360,1,2
1326,361,1,2
1326,362,1,2
1326,363,1,2
1326,364,1,2
1326,365,1,2
1326,366,1,2
1326,367,1,2
1326,368,1,2
1326,369,1,2
1326,370,1,2
1326,371,1,2
1326,372,1,2
1326,373,1,2
1326,374,1,2
1326,375,1,2
1326,376,1,2
1326,377,1,2
1326,378,1,2
1326,379,1,2
1326,380,1,2
1326,381,1,2
1326,382,1,2
1326,383,1,2
1326,384,1,2
1326,385,1,2
1326,386,1,2
1326,387,1,2
1326,388,1,2
1326,389,1,2
1326,390,1,2
1326,391,1,2
1326,392,1,2
1326,393,1,2
1326,394,1,2
1326,395,1,2
1326,396,1,2
1326,397,1,2
1326,398,1,2
1326,399,1,2
1326,400,1,2
1326,401,1,2
1326,402,1,2
1326,403,1,2
1326,404,1,2
1326,405,1,2
1326,406,1,3
1326,407,1,3
1326,408,1,3
1326,409,1,3
1326,410,1,3
1326,411,1,3
1326,412,1,3
1326,413,1,3
1326,414,1,3
1326,415,1,3
1326,416,1,3
1326,417,1,3
1326,418,1,3
1326,419,1,3
1326,420,1,3
1326,421,1,3
1326,422,1,3
1326,423,1,3
1326,424,1,3
1326,425,1,3
1326,426,1,3
1326,427,1,3
1326,428,1,3
1326,429,1,3
1326,430,1,3
1326,431,1,3
1326,432,1,3
1326,433,1,3
1326,434,1,3
1326,435,1,3
1326,436,1,3
1326,437,1,3
1326,438,1,3
1326,439,1,3
1326,440,1,3
1326,441,1,2
1326,442,1,2
1326,443,1,2
1326,444,1,2
1326,445,1,2
1326,446,1,2
1326,447,1,2
1326,448,1,2
1326,449,1,2
1326,450,1,2
1326,451,1,2
1326,452,1,2
1326,453,1,2
1326,454,1,2
1326,455,1,2
1326,456,1,2
1326,457,1,2
1326,458,1,2
1326,459,1,2
1326,460,1,2
1326,461,1,2
1326,462,1,2
1326,463,1,2
1326,464,1,2
1326,465,1,2
1326,466,1,3
1327,103,1,2
1327,104,1,2
1327,105,1,2
1327,106,1,2
1327,107,1,2
1327,108,1,2
1327,109,1,2
1327,110,1,2
1327,111,1,2
1327,112,1,2
1327,113,1,2
1327,114,1,2
1327,115,1,2
1327,116,1,2
1327,117,1,2
1327,118,1,2
1327,119,1,2
1327,120,1,2
1327,121,1,2
1327,122,1,2
1327,123,1,2
1327,124,1,2
1327,125,1,2
1327,126,1,2
1327,127,1,2
1327,128,1,2
1327,129,1,2
1327,130,1,2
1327,131,1,2
1327,132,1,2
1327,133,1,2
1327,134,1,2
1327,135,1,2
1327,136,1,2
1327,137,1,2
1327,138,1,2
1327,139,1,2
1327,140,1,2
1327,141,1,2
1327,142,1,2
1327,143,1,2
1327,144,1,2
1327,145,1,2
1327,146,1,2
1327,147,1,2
1327,148,1,2
1327,149,1,2
1327,150,1,2
1327,151,1,2
1327,152,1,2
1327,153,1,2
1327,154,1,2
1327,155,1,2
1327,156,1,2
1327,157,1,2
1327,158,1,2
1327,159,1,2
1327,160,1,2
1327,161,1,2
1327,162,1,2
1327,163,1,2
1327,164,1,2
1327,165,1,2
1327,166,1,2
1327,167,1,2
1327,168,1,2
1327,169,1,2
1327,170,1,2
1327,171,1,2
1327,172,1,2
1327,173,1,2
1327,174,1,2
1327,175,1,2
1327,176,1,2
1327,177,1,2
1327,178,1,2
1327,179,1,2
1327,180,1,2
1327,181,1,2
1327,182,1,2
1327,183,1,2
1327,184,1,2
1327,185,1,2
1327,186,1,2
1327,187,1,2
1327,188,1,2
1327,189,1,2
1327,190,1,2
1327,191,1,2
1327,192,1,2
1327,193,1,2
1327,194,1,2
1327,195,1,2
1327,196,1,2
1327,197,1,2
1327,198,1,2
1327,199,1,2
1327,200,1,2
1327,201,1,2
1327,202,1,2
1327,203,1,2
1327,204,1,2
1327,205,1,2
1327,206,1,2
1327,207,1,2
1327,208,1,2
1327,209,1,2
1327,210,1,2
1327,211,1,2
1327,212,1,2
1327,213,1,2
1327,214,1,2
1327,215,1,2
1327,216,1,2
1327,217,1,2
1327,218,1,2
1327,219,1,2
1327,220,1,2
1327,221,1,2
1327,222,1,2
1327,223,1,2
1327,224,1,2
1327,225,1,2
1327,226,1,2
1327,227,1,2
1327,228,1,2
1327,229,1,2
1327,230,1,2
1327,231,1,2
1327,232,1,2
1327,233,1,2
1327,234,1,2
1327,235,1,2
1327,236,1,2
1327,237,1,2
1327,238,1,2
1327,239,1,2
1327,240,1,2
1327,241,1,2
1327,242,1,2
1327,243,1,2
1327,244,1,2
1327,245,1,2
1327,246,1,2
1327,247,1,2
1327,248,1,2
1327,249,1,2
1327,250,1,2
1327,251,1,2
1327,252,1,2
1327,253,1,2
1327,254,1,2
1327,255,1,2
1327,256,1,2
1327,257,1,2
1327,258,1,2
1327,259,1,2
1327,260,1,2
1327,261,1,2
1327,262,1,2
1327,263,1,2
1327,264,1,2
1327,265,1,2
1327,266,1,2
1327,267,1,2
1327,268,1,2
1327,269,1,2
1327,270,1,2
1327,271,1,2
1327,272,1,2
1327,273,1,2
1327,274,1,2
1327,275,1,2
1327,276,1,2
1327,277,1,2
1327,278,1,2
1327,279,1,2
1327,280,1,2
1327,281,1,2
1327,282,1,2
1327,283,1,2
1327,284,1,2
1327,285,1,2
1327,286,1,2
1327,287,1,2
1327,288,1,2
1327,289,1,2
1327,290,1,2
1327,291,1,2
1327,292,1,2
1327,293,1,2
1327,294,1,2
1327,295,1,2
1327,296,1,2
1327,297,1,2
1327,298,1,2
1327,299,1,2
1327,300,1,2
1327,301,1,2
1327,302,1,2
1327,303,1,2
1327,304,1,2
1327,305,1,2
1327,306,1,2
1327,307,1,2
1327,308,1,2
1327,309,1,2
1327,310,1,2
1327,311,1,2
1327,312,1,2
1327,313,1,2
1327,314,1,2
1327,315,1,2
1327,316,1,2
1327,317,1,2
1327,318,1,2
1327,319,1,2
1327,320,1,2
1327,321,1,2
1327,322,1,2
1327,323,1,2
1327,324,1,2
1327,325,1,2
1327,326,1,2
1327,327,1,2
1327,328,1,2
1327,329,1,2
1327,330,1,2
1327,331,1,2
1327,332,1,2
1327,333,1,2
1327,334,1,2
1327,335,1,2
1327,336,1,2
1327,337,1,2
1327,338,1,2
1327,339,1,2
1327,340,1,2
1327,341,1,2
1327,342,1,2
1327,343,1,2
1327,344,1,2
1327,345,1,2
1327,346,1,2
1327,347,1,2
1327,348,1,2
1327,349,1,2
1327,350,1,2
1327,351,1,2
1327,352,1,2
1327,353,1,2
1327,354,1,2
1327,355,1,2
1327,356,1,2
1327,357,1,2
1327,358,1,2
1327,359,1,2
1327,360,1,2
1327,361,1,2
1327,362,1,2
1327,363,1,2
1327,364,1,2
1327,365,1,2
1327,366,1,2
1327,367,1,2
1327,368,1,2
1327,369,1,2
1327,370,1,2
1327,371,1,2
1327,372,1,2
1327,373,1,2
1327,374,1,2
1327,375,1,2
1327,376,1,2
1327,377,1,2
1327,378,1,2
1327,379,1,2
1327,380,1,2
1327,381,1,2
1327,382,1,2
1327,383,1,2
1327,384,1,2
1327,385,1,2
1327,386,1,2
1327,387,1,2
1327,388,1,2
1327,389,1,2
1327,390,1,2
1327,391,1,2
1327,392,1,2
1327,393,1,2
1327,394,1,2
1327,395,1,2
1327,396,1,2
1327,397,1,2
1327,398,1,2
1327,399,1,2
1327,400,1,2
1327,401,1,2
1327,402,1,2
1327,403,1,2
1327,404,1,2
1327,405,1,2
1327,406,1,3
1327,407,1,3
1327,408,1,3
1327,409,1,3
1327,410,1,3
1327,411,1,3
1327,412,1,3
1327,413,1,3
1327,414,1,3
1327,415,1,3
1327,416,1,3
1327,417,1,3
1327,418,1,3
1327,419,1,3
1327,420,1,3
1327,421,1,3
1327,422,1,3
1327,423,1,3
1327,424,1,3
1327,425,1,3
1327,426,1,3
1327,427,1,3
1327,428,1,3
1327,429,1,3
1327,430,1,3
1327,431,1,3
1327,432,1,3
1327,433,1,3
1327,434,1,3
1327,435,1,3
1327,436,1,3
1327,437,1,3
1327,438,1,2
1327,439,1,2
1327,440,1,2
1327,441,1,2
1327,442,1,2
1327,443,1,2
1327,444,1,2
1327,445,1,2
1327,446,1,2
1327,447,1,2
1327,448,1,2
1327,449,1,2
1327,450,1,2
1327,451,1,2
1327,452,1,2
1327,453,1,2
1327,454,1,2
1327,455,1,2
1327,456,1,2
1327,457,1,2
1327,458,1,2
1327,459,1,2
1327,460,1,2
1327,461,1,2
1327,462,1,2
1327,463,1,2
1327,464,1,2
1327,465,1,2
1327,466,1,3
1328,103,1,2
1328,104,1,2
1328,105,1,2
1328,106,1,2
1328,107,1,2
1328,108,1,2
1328,109,1,2
1328,110,1,2
1328,111,1,2
1328,112,1,2
1328,113,1,2
1328,114,1,2
1328,115,1,2
1328,116,1,2
1328,117,1,2
1328,118,1,2
1328,119,1,2
1328,120,1,2
1328,121,1,2
1328,122,1,2
1328,123,1,2
1328,124,1,2
1328,125,1,2
1328,126,1,2
1328,127,1,2
1328,128,1,2
1328,129,1,2
1328,130,1,2
1328,131,1,2
1328,132,1,2
1328,133,1,2
1328,134,1,2
1328,135,1,2
1328,136,1,2
1328,137,1,2
1328,138,1,2
1328,139,1,2
1328,140,1,2
1328,141,1,2
1328,142,1,2
1328,143,1,2
1328,144,1,2
1328,145,1,2
1328,146,1,2
1328,147,1,2
1328,148,1,2
1328,149,1,2
1328,150,1,2
1328,151,1,2
1328,152,1,2
1328,153,1,2
1328,154,1,2
1328,155,1,2
1328,156,1,2
1328,157,1,2
1328,158,1,2
1328,159,1,2
1328,160,1,2
1328,161,1,2
1328,162,1,2
1328,163,1,2
1328,164,1,2
1328,165,1,2
1328,166,1,2
1328,167,1,2
1328,168,1,2
1328,169,1,2
1328,170,1,2
1328,171,1,2
1328,172,1,2
1328,173,1,2
1328,174,1,2
1328,175,1,2
1328,176,1,2
1328,177,1,2
1328,178,1,2
1328,179,1,2
1328,180,1,2
1328,181,1,2
1328,182,1,2
1328,183,1,2
1328,184,1,2
1328,185,1,2
1328,186,1,2
1328,187,1,2
1328,188,1,2
1328,189,1,2
1328,190,1,2
1328,191,1,2
1328,192,1,2
1328,193,1,2
1328,194,1,2
1328,195,1,2
1328,196,1,2
1328,197,1,2
1328,198,1,2
1328,199,1,2
1328,200,1,2
1328,201,1,2
1328,202,1,2
1328,203,1,2
1328,204,1,2
1328,205,1,2
1328,206,1,2
1328,207,1,2
1328,208,1,2
1328,209,1,2
1328,210,1,2
1328,211,1,2
1328,212,1,2
1328,213,1,2
1328,214,1,2
1328,215,1,2
1328,216,1,2
1328,217,1,2
1328,218,1,2
1328,219,1,2
1328,220,1,2
1328,221,1,2
1328,222,1,2
1328,223,1,2
1328,224,1,2
1328,225,1,2
1328,226,1,2
1328,227,1,2
1328,228,1,2
1328,229,1,2
1328,230,1,2
1328,231,1,2
1328,232,1,2
1328,233,1,2
1328,234,1,2
1328,235,1,2
1328,236,1,2
1328,237,1,2
1328,238,1,2
1328,239,1,2
1328,240,1,2
1328,241,1,2
1328,242,1,2
1328,243,1,2
1328,244,1,2
1328,245,1,2
1328,246,1,2
1328,247,1,2
1328,248,1,2
1328,249,1,2
1328,250,1,2
1328,251,1,2
1328,252,1,2
1328,253,1,2
1328,254,1,2
1328,255,1,2
1328,256,1,2
1328,257,1,2
1328,258,1,2
1328,259,1,2
1328,260,1,2
1328,261,1,2
1328,262,1,2
1328,263,1,2
1328,264,1,2
1328,265,1,2
1328,266,1,2
1328,267,1,2
1328,268,1,2
1328,269,1,2
1328,270,1,2
1328,271,1,2
1328,272,1,2
1328,273,1,2
1328,274,1,2
1328,275,1,2
1328,276,1,2
1328,277,1,2
1328,278,1,2
1328,279,1,2
1328,280,1,2
1328,281,1,2
1328,282,1,2
1328,283,1,2
1328,284,1,2
1328,285,1,2
1328,286,1,2
1328,287,1,2
1328,288,1,2
1328,289,1,2
1328,290,1,2
1328,291,1,2
1328,292,1,2
1328,293,1,2
1328,294,1,2
1328,295,1,2
1328,296,1,2
1328,297,1,2
1328,298,1,2
1328,299,1,2
1328,300,1,2
1328,301,1,2
1328,302,1,2
1328,303,1,2
1328,304,1,2
1328,305,1,2
1328,306,1,2
1328,307,1,2
1328,308,1,2
1328,309,1,2
1328,310,1,2
1328,311,1,2
1328,312,1,2
1328,313,1,2
1328,314,1,2
1328,315,1,2
1328,316,1,2
1328,317,1,2
1328,318,1,2
1328,319,1,2
1328,320,1,2
1328,321,1,2
1328,322,1,2
1328,323,1,2
1328,324,1,2
1328,325,1,2
1328,326,1,2
1328,327,1,2
1328,328,1,2
1328,329,1,2
1328,330,1,2
1328,331,1,2
1328,332,1,2
1328,333,1,2
1328,334,1,2
1328,335,1,2
1328,336,1,2
1328,337,1,2
1328,338,1,2
1328,339,1,2
1328,340,1,2
1328,341,1,2
1328,342,1,2
1328,343,1,2
1328,344,1,2
1328,345,1,2
1328,346,1,2
1328,347,1,2
1328,348,1,2
1328,349,1,2
1328,350,1,2
1328,351,1,2
1328,352,1,2
1328,353,1,2
1328,354,1,2
1328,355,1,2
1328,356,1,2
1328,357,1,2
1328,358,1,2
1328,359,1,2
1328,360,1,2
1328,361,1,2
1328,362,1,2
1328,363,1,2
1328,364,1,2
1328,365,1,2
1328,366,1,2
1328,367,1,2
1328,368,1,2
1328,369,1,2
1328,370,1,2
1328,371,1,2
1328,372,1,2
1328,373,1,2
1328,374,1,2
1328,375,1,2
1328,376,1,2
1328,377,1,2
1328,378,1,2
1328,379,1,2
1328,380,1,2
1328,381,1,2
1328,382,1,2
1328,383,1,2
1328,384,1,2
1328,385,1,2
1328,386,1,2
1328,387,1,2
1328,388,1,2
1328,389,1,2
1328,390,1,2
1328,391,1,2
1328,392,1,2
1328,393,1,2
1328,394,1,2
1328,395,1,2
1328,396,1,2
1328,397,1,2
1328,398,1,2
1328,399,1,2
1328,400,1,2
1328,401,1,2
1328,402,1,2
1328,403,1,2
1328,404,1,2
1328,405,1,2
1328,406,1,3
1328,407,1,3
1328,408,1,3
1328,409,1,3
1328,410,1,3
1328,411,1,3
1328,412,1,3
1328,413,1,3
1328,414,1,3
1328,415,1,3
1328,416,1,3
1328,417,1,3
1328,418,1,3
1328,419,1,3
1328,420,1,3
1328,421,1,3
1328,422,1,3
1328,423,1,3
1328,424,1,3
1328,425,1,3
1328,426,1,3
1328,427,1,3
1328,428,1,3
1328,429,1,3
1328,430,1,3
1328,431,1,3
1328,432,1,3
1328,433,1,3
1328,434,1,3
1328,435,1,3
1328,436,1,3
1328,437,1,2
1328,438,1,2
1328,439,1,2
1328,440,1,2
1328,441,1,2
1328,442,1,2
1328,443,1,2
1328,444,1,2
1328,445,1,2
1328,446,1,2
1328,447,1,2
1328,448,1,2
1328,449,1,2
1328,450,1,2
1328,451,1,2
1328,452,1,2
1328,453,1,2
1328,454,1,2
1328,455,1,2
1328,456,1,2
1328,457,1,2
1328,458,1,2
1328,459,1,2
1328,460,1,2
1328,461,1,2
1328,462,1,2
1328,463,1,2
1328,464,1,2
1328,465,1,2
1328,466,1,3
1329,103,1,2
1329,104,1,2
1329,105,1,2
1329,106,1,2
1329,107,1,2
1329,108,1,2
1329,109,1,2
1329,110,1,2
1329,111,1,2
1329,112,1,2
1329,113,1,2
1329,114,1,2
1329,115,1,2
1329,116,1,2
1329,117,1,2
1329,118,1,2
1329,119,1,2
1329,120,1,2
1329,121,1,2
1329,122,1,2
1329,123,1,2
1329,124,1,2
1329,125,1,2
1329,126,1,2
1329,127,1,2
1329,128,1,2
1329,129,1,2
1329,130,1,2
1329,131,1,2
1329,132,1,2
1329,133,1,2
1329,134,1,2
1329,135,1,2
1329,136,1,2
1329,137,1,2
1329,138,1,2
1329,139,1,2
1329,140,1,2
1329,141,1,2
1329,142,1,2
1329,143,1,2
1329,144,1,2
1329,145,1,2
1329,146,1,2
1329,147,1,2
1329,148,1,2
1329,149,1,2
1329,150,1,2
1329,151,1,2
1329,152,1,2
1329,153,1,2
1329,154,1,2
1329,155,1,2
1329,156,1,2
1329,157,1,2
1329,158,1,2
1329,159,1,2
1329,160,1,2
1329,161,1,2
1329,162,1,2
1329,163,1,2
1329,164,1,2
1329,165,1,2
1329,166,1,2
1329,167,1,2
1329,168,1,2
1329,169,1,2
1329,170,1,2
1329,171,1,2
1329,172,1,2
1329,173,1,2
1329,174,1,2
1329,175,1,2
1329,176,1,2
1329,177,1,2
1329,178,1,2
1329,179,1,2
1329,180,1,2
1329,181,1,2
1329,182,1,2
1329,183,1,2
1329,184,1,2
1329,185,1,2
1329,186,1,2
1329,187,1,2
1329,188,1,2
1329,189,1,2
1329,190,1,2
1329,191,1,2
1329,192,1,2
1329,193,1,2
1329,194,1,2
1329,195,1,2
1329,196,1,2
1329,197,1,2
1329,198,1,2
1329,199,1,2
1329,200,1,2
1329,201,1,2
1329,202,1,2
1329,203,1,2
1329,204,1,2
1329,205,1,2
1329,206,1,2
1329,207,1,2
1329,208,1,2
1329,209,1,2
1329,210,1,2
1329,211,1,2
1329,212,1,2
1329,213,1,2
1329,214,1,2
1329,215,1,2
1329,216,1,2
1329,217,1,2
1329,218,1,2
1329,219,1,2
1329,220,1,2
1329,221,1,2
1329,222,1,2
1329,223,1,2
1329,224,1,2
1329,225,1,2
1329,226,1,2
1329,227,1,2
1329,228,1,2
1329,229,1,2
1329,230,1,2
1329,231,1,2
1329,232,1,2
1329,233,1,2
1329,234,1,2
1329,235,1,2
1329,236,1,2
1329,237,1,2
1329,238,1,2
1329,239,1,2
1329,240,1,2
1329,241,1,2
1329,242,1,2
1329,243,1,2
1329,244,1,2
1329,245,1,2
1329,246,1,2
1329,247,1,2
1329,248,1,2
1329,249,1,2
1329,250,1,2
1329,251,1,2
1329,252,1,2
1329,253,1,2
1329,254,1,2
1329,255,1,2
1329,256,1,2
1329,257,1,2
1329,258,1,2
1329,259,1,2
1329,260,1,2
1329,261,1,2
1329,262,1,2
1329,263,1,2
1329,264,1,2
1329,265,1,2
1329,266,1,2
1329,267,1,2
1329,268,1,2
1329,269,1,2
1329,270,1,2
1329,271,1,2
1329,272,1,2
1329,273,1,2
1329,274,1,2
1329,275,1,2
1329,276,1,2
1329,277,1,2
1329,278,1,2
1329,279,1,2
1329,280,1,2
1329,281,1,2
1329,282,1,2
1329,283,1,2
1329,284,1,2
1329,285,1,2
1329,286,1,2
1329,287,1,2
1329,288,1,2
1329,289,1,2
1329,290,1,2
1329,291,1,2
1329,292,1,2
1329,293,1,2
1329,294,1,2
1329,295,1,2
1329,296,1,2
1329,297,1,2
1329,298,1,2
1329,299,1,2
1329,300,1,2
1329,301,1,2
1329,302,1,2
1329,303,1,2
1329,304,1,2
1329,305,1,2
1329,306,1,2
1329,307,1,2
1329,308,1,2
1329,309,1,2
1329,310,1,2
1329,311,1,2
1329,312,1,2
1329,313,1,2
1329,314,1,2
1329,315,1,2
1329,316,1,2
1329,317,1,2
1329,318,1,2
1329,319,1,2
1329,320,1,2
1329,321,1,2
1329,322,1,2
1329,323,1,2
1329,324,1,2
1329,325,1,2
1329,326,1,2
1329,327,1,2
1329,328,1,2
1329,329,1,2
1329,330,1,2
1329,331,1,2
1329,332,1,2
1329,333,1,2
1329,334,1,2
1329,335,1,2
1329,336,1,2
1329,337,1,2
1329,338,1,2
1329,339,1,2
1329,340,1,2
1329,341,1,2
1329,342,1,2
1329,343,1,2
1329,344,1,2
1329,345,1,2
1329,346,1,2
1329,347,1,2
1329,348,1,2
1329,349,1,2
1329,350,1,2
1329,351,1,2
1329,352,1,2
1329,353,1,2
1329,354,1,2
1329,355,1,2
1329,356,1,2
1329,357,1,2
1329,358,1,2
1329,359,1,2
1329,360,1,2
1329,361,1,2
1329,362,1,2
1329,363,1,2
1329,364,1,2
1329,365,1,2
1329,366,1,2
1329,367,1,2
1329,368,1,2
1329,369,1,2
1329,370,1,2
1329,371,1,2
1329,372,1,2
1329,373,1,2
1329,374,1,2
1329,375,1,2
1329,376,1,2
1329,377,1,2
1329,378,1,2
1329,379,1,2
1329,380,1,2
1329,381,1,2
1329,382,1,2
1329,383,1,2
1329,384,1,2
1329,385,1,2
1329,386,1,2
1329,387,1,2
1329,388,1,2
1329,389,1,2
1329,390,1,2
1329,391,1,2
1329,392,1,2
1329,393,1,2
1329,394,1,2
1329,395,1,2
1329,396,1,2
1329,397,1,2
1329,398,1,2
1329,399,1,2
1329,400,1,2
1329,401,1,2
1329,402,1,2
1329,403,1,2
1329,404,1,2
1329,405,1,2
1329,406,1,2
1329,407,1,3
1329,408,1,3
1329,409,1,3
1329,410,1,3
1329,411,1,3
1329,412,1,3
1329,413,1,3
1329,414,1,3
1329,415,1,3
1329,416,1,3
1329,417,1,3
1329,418,1,3
1329,419,1,3
1329,420,1,3
1329,421,1,3
1329,422,1,3
1329,423,1,3
1329,424,1,3
1329,425,1,3
1329,426,1,3
1329,427,1,3
1329,428,1,3
1329,429,1,3
1329,430,1,3
1329,431,1,3
1329,432,1,3
1329,433,1,3
1329,434,1,2
1329,435,1,2
1329,436,1,2
1329,437,1,2
1329,438,1,2
1329,439,1,2
1329,440,1,2
1329,441,1,2
1329,442,1,2
1329,443,1,2
1329,444,1,2
1329,445,1,2
1329,446,1,2
1329,447,1,2
1329,448,1,2
1329,449,1,2
1329,450,1,2
1329,451,1,2
1329,452,1,2
1329,453,1,2
1329,454,1,2
1329,455,1,2
1329,456,1,2
1329,457,1,2
1329,458,1,2
1329,459,1,2
1329,460,1,2
1329,461,1,2
1329,462,1,2
1329,463,1,2
1329,464,1,2
1329,465,1,2
1329,466,1,3
1330,103,1,2
1330,104,1,2
1330,105,1,2
1330,106,1,2
1330,107,1,2
1330,108,1,2
1330,109,1,2
1330,110,1,2
1330,111,1,2
1330,112,1,2
1330,113,1,2
1330,114,1,2
1330,115,1,2
1330,116,1,2
1330,117,1,2
1330,118,1,2
1330,119,1,2
1330,120,1,2
1330,121,1,2
1330,122,1,2
1330,123,1,2
1330,124,1,2
1330,125,1,2
1330,126,1,2
1330,127,1,2
1330,128,1,2
1330,129,1,2
1330,130,1,2
1330,131,1,2
1330,132,1,2
1330,133,1,2
1330,134,1,2
1330,135,1,2
1330,136,1,2
1330,137,1,2
1330,138,1,2
1330,139,1,2
1330,140,1,2
1330,141,1,2
1330,142,1,2
1330,143,1,2
1330,144,1,2
1330,145,1,2
1330,146,1,2
1330,147,1,2
1330,148,1,2
1330,149,1,2
1330,150,1,2
1330,151,1,2
1330,152,1,2
1330,153,1,2
1330,154,1,2
1330,155,1,2
1330,156,1,2
1330,157,1,2
1330,158,1,2
1330,159,1,2
1330,160,1,2
1330,161,1,2
1330,162,1,2
1330,163,1,2
1330,164,1,2
1330,165,1,2
1330,166,1,2
1330,167,1,2
1330,168,1,2
1330,169,1,2
1330,170,1,2
1330,171,1,2
1330,172,1,2
1330,173,1,2
1330,174,1,2
1330,175,1,2
1330,176,1,2
1330,177,1,2
1330,178,1,2
1330,179,1,2
1330,180,1,2
1330,181,1,2
1330,182,1,2
1330,183,1,2
1330,184,1,2
1330,185,1,2
1330,186,1,2
1330,187,1,2
1330,188,1,2
1330,189,1,2
1330,190,1,2
1330,191,1,2
1330,192,1,2
1330,193,1,2
1330,194,1,2
1330,195,1,2
1330,196,1,2
1330,197,1,2
1330,198,1,2
1330,199,1,2
1330,200,1,2
1330,201,1,2
1330,202,1,2
1330,203,1,2
1330,204,1,2
1330,205,1,2
1330,206,1,2
1330,207,1,2
1330,208,1,2
1330,209,1,2
1330,210,1,2
1330,211,1,2
1330,212,1,2
1330,213,1,2
1330,214,1,2
1330,215,1,2
1330,216,1,2
1330,217,1,2
1330,218,1,2
1330,219,1,2
1330,220,1,2
1330,221,1,2
1330,222,1,2
1330,223,1,2
1330,224,1,2
1330,225,1,2
1330,226,1,2
1330,227,1,2
1330,228,1,2
1330,229,1,2
1330,230,1,2
1330,231,1,2
1330,232,1,2
1330,233,1,2
1330,234,1,2
1330,235,1,2
1330,236,1,2
1330,237,1,2
1330,238,1,2
1330,239,1,2
1330,240,1,2
1330,241,1,2
1330,242,1,2
1330,243,1,2
1330,244,1,2
1330,245,1,2
1330,246,1,2
1330,247,1,2
1330,248,1,2
1330,249,1,2
1330,250,1,2
1330,251,1,2
1330,252,1,2
1330,253,1,2
1330,254,1,2
1330,255,1,2
1330,256,1,2
1330,257,1,2
1330,258,1,2
1330,259,1,2
1330,260,1,2
1330,261,1,2
1330,262,1,2
1330,263,1,2
1330,264,1,2
1330,265,1,2
1330,266,1,2
1330,267,1,2
1330,268,1,2
1330,269,1,2
1330,270,1,2
1330,271,1,2
1330,272,1,2
1330,273,1,2
1330,274,1,2
1330,275,1,2
1330,276,1,2
1330,277,1,2
1330,278,1,2
1330,279,1,2
1330,280,1,2
1330,281,1,2
1330,282,1,2
1330,283,1,2
1330,284,1,2
1330,285,1,2
1330,286,1,2
1330,287,1,2
1330,288,1,2
1330,289,1,2
1330,290,1,2
1330,291,1,2
1330,292,1,2
1330,293,1,2
1330,294,1,2
1330,295,1,2
1330,296,1,2
1330,297,1,2
1330,298,1,2
1330,299,1,2
1330,300,1,2
1330,301,1,2
1330,302,1,2
1330,303,1,2
1330,304,1,2
1330,305,1,2
1330,306,1,2
1330,307,1,2
1330,308,1,2
1330,309,1,2
1330,310,1,2
1330,311,1,2
1330,312,1,2
1330,313,1,2
1330,314,1,2
1330,315,1,2
1330,316,1,2
1330,317,1,2
1330,318,1,2
1330,319,1,2
1330,320,1,2
1330,321,1,2
1330,322,1,2
1330,323,1,2
1330,324,1,2
1330,325,1,2
1330,326,1,2
1330,327,1,2
1330,328,1,2
1330,329,1,2
1330,330,1,2
1330,331,1,2
1330,332,1,2
1330,333,1,2
1330,334,1,2
1330,335,1,2
1330,336,1,2
1330,337,1,2
1330,338,1,2
1330,339,1,2
1330,340,1,2
1330,341,1,2
1330,342,1,2
1330,343,1,2
1330,344,1,2
1330,345,1,2
1330,346,1,2
1330,347,1,2
1330,348,1,2
1330,349,1,2
1330,350,1,2
1330,351,1,2
1330,352,1,2
1330,353,1,2
1330,354,1,2
1330,355,1,2
1330,356,1,2
1330,357,1,2
1330,358,1,2
1330,359,1,2
1330,360,1,2
1330,361,1,2
1330,362,1,2
1330,363,1,2
1330,364,1,2
1330,365,1,2
1330,366,1,2
1330,367,1,2
1330,368,1,2
1330,369,1,2
1330,370,1,2
1330,371,1,2
1330,372,1,2
1330,373,1,2
1330,374,1,2
1330,375,1,2
1330,376,1,2
1330,377,1,2
1330,378,1,2
1330,379,1,2
1330,380,1,2
1330,381,1,2
1330,382,1,2
1330,383,1,2
1330,384,1,2
1330,385,1,2
1330,386,1,2
1330,387,1,2
1330,388,1,2
1330,389,1,2
1330,390,1,2
1330,391,1,2
1330,392,1,2
1330,393,1,2
1330,394,1,2
1330,395,1,2
1330,396,1,2
1330,397,1,2
1330,398,1,2
1330,399,1,2
1330,400,1,2
1330,401,1,2
1330,402,1,2
1330,403,1,2
1330,404,1,2
1330,405,1,2
1330,406,1,2
1330,407,1,3
1330,408,1,3
1330,409,1,3
1330,410,1,3
1330,411,1,3
1330,412,1,3
1330,413,1,3
1330,414,1,3
1330,415,1,3
1330,416,1,3
1330,417,1,3
1330,418,1,3
1330,419,1,3
1330,420,1,3
1330,421,1,3
1330,422,1,3
1330,423,1,3
1330,424,1,3
1330,425,1,3
1330,426,1,3
1330,427,1,3
1330,428,1,3
1330,429,1,3
1330,430,1,3
1330,431,1,3
1330,432,1,3
1330,433,1,2
1330,434,1,2
1330,435,1,2
1330,436,1,2
1330,437,1,2
1330,438,1,2
1330,439,1,2
1330,440,1,2
1330,441,1,2
1330,442,1,2
1330,443,1,2
1330,444,1,2
1330,445,1,2
1330,446,1,2
1330,447,1,2
1330,448,1,2
1330,449,1,2
1330,450,1,2
1330,451,1,2
1330,452,1,2
1330,453,1,2
1330,454,1,2
1330,455,1,2
1330,456,1,2
1330,457,1,2
1330,458,1,2
1330,459,1,2
1330,460,1,2
1330,461,1,2
1330,462,1,2
1330,463,1,2
1330,464,1,2
1330,465,1,2
1330,466,1,3
1331,103,1,2
1331,104,1,2
1331,105,1,2
1331,106,1,2
1331,107,1,2
1331,108,1,2
1331,109,1,2
1331,110,1,2
1331,111,1,2
1331,112,1,2
1331,113,1,2
1331,114,1,2
1331,115,1,2
1331,116,1,2
1331,117,1,2
1331,118,1,2
1331,119,1,2
1331,120,1,2
1331,121,1,2
1331,122,1,2
1331,123,1,2
1331,124,1,2
1331,125,1,2
1331,126,1,2
1331,127,1,2
1331,128,1,2
1331,129,1,2
1331,130,1,2
1331,131,1,2
1331,132,1,2
1331,133,1,2
1331,134,1,2
1331,135,1,2
1331,136,1,2
1331,137,1,2
1331,138,1,2
1331,139,1,2
1331,140,1,2
1331,141,1,2
1331,142,1,2
1331,143,1,2
1331,144,1,2
1331,145,1,2
1331,146,1,2
1331,147,1,2
1331,148,1,2
1331,149,1,2
1331,150,1,2
1331,151,1,2
1331,152,1,2
1331,153,1,2
1331,154,1,2
1331,155,1,2
1331,156,1,2
1331,157,1,2
1331,158,1,2
1331,159,1,2
1331,160,1,2
1331,161,1,2
1331,162,1,2
1331,163,1,2
1331,164,1,2
1331,165,1,2
1331,166,1,2
1331,167,1,2
1331,168,1,2
1331,169,1,2
1331,170,1,2
1331,171,1,2
1331,172,1,2
1331,173,1,2
1331,174,1,2
1331,175,1,2
1331,176,1,2
1331,177,1,2
1331,178,1,2
1331,179,1,2
1331,180,1,2
1331,181,1,2
1331,182,1,2
1331,183,1,2
1331,184,1,2
1331,185,1,2
1331,186,1,2
1331,187,1,2
1331,188,1,2
1331,189,1,2
1331,190,1,2
1331,191,1,2
1331,192,1,2
1331,193,1,2
1331,194,1,2
1331,195,1,2
1331,196,1,2
1331,197,1,2
1331,198,1,2
1331,199,1,2
1331,200,1,2
1331,201,1,2
1331,202,1,2
1331,203,1,2
1331,204,1,2
1331,205,1,2
1331,206,1,2
1331,207,1,2
1331,208,1,2
1331,209,1,2
1331,210,1,2
1331,211,1,2
1331,212,1,2
1331,213,1,2
1331,214,1,2
1331,215,1,2
1331,216,1,2
1331,217,1,2
1331,218,1,2
1331,219,1,2
1331,220,1,2
1331,221,1,2
1331,222,1,2
1331,223,1,2
1331,224,1,2
1331,225,1,2
1331,226,1,2
1331,227,1,2
1331,228,1,2
1331,229,1,2
1331,230,1,2
1331,231,1,2
1331,232,1,2
1331,233,1,2
1331,234,1,2
1331,235,1,2
1331,236,1,2
1331,237,1,2
1331,238,1,2
1331,239,1,2
1331,240,1,2
1331,241,1,2
1331,242,1,2
1331,243,1,2
1331,244,1,2
1331,245,1,2
1331,246,1,2
1331,247,1,2
1331,248,1,2
1331,249,1,2
1331,250,1,2
1331,251,1,2
1331,252,1,2
1331,253,1,2
1331,254,1,2
1331,255,1,2
1331,256,1,2
1331,257,1,2
1331,258,1,2
1331,259,1,2
1331,260,1,2
1331,261,1,2
1331,262,1,2
1331,263,1,2
1331,264,1,2
1331,265,1,2
1331,266,1,2
1331,267,1,2
1331,268,1,2
1331,269,1,2
1331,270,1,2
1331,271,1,2
1331,272,1,2
1331,273,1,2
1331,274,1,2
1331,275,1,2
1331,276,1,2
1331,277,1,2
1331,278,1,2
1331,279,1,2
1331,280,1,2
1331,281,1,2
1331,282,1,2
1331,283,1,2
1331,284,1,2
1331,285,1,2
1331,286,1,2
1331,287,1,2
1331,288,1,2
1331,289,1,2
1331,290,1,2
1331,291,1,2
1331,292,1,2
1331,293,1,2
1331,294,1,2
1331,295,1,2
1331,296,1,2
1331,297,1,2
1331,298,1,2
1331,299,1,2
1331,300,1,2
1331,301,1,2
1331,302,1,2
1331,303,1,2
1331,304,1,2
1331,305,1,2
1331,306,1,2
1331,307,1,2
1331,308,1,2
1331,309,1,2
1331,310,1,2
1331,311,1,2
1331,312,1,2
1331,313,1,2
1331,314,1,2
1331,315,1,2
1331,316,1,2
1331,317,1,2
1331,318,1,2
1331,319,1,2
1331,320,1,2
1331,321,1,2
1331,322,1,2
1331,323,1,2
1331,324,1,2
1331,325,1,2
1331,326,1,2
1331,327,1,2
1331,328,1,2
1331,329,1,2
1331,330,1,2
1331,331,1,2
1331,332,1,2
1331,333,1,2
1331,334,1,2
1331,335,1,2
1331,336,1,2
1331,337,1,2
1331,338,1,2
1331,339,1,2
1331,340,1,2
1331,341,1,2
1331,342,1,2
1331,343,1,2
1331,344,1,2
1331,345,1,2
1331,346,1,2
1331,347,1,2
1331,348,1,2
1331,349,1,2
1331,350,1,2
1331,351,1,2
1331,352,1,2
1331,353,1,2
1331,354,1,2
1331,355,1,2
1331,356,1,2
1331,357,1,2
1331,358,1,2
1331,359,1,2
1331,360,1,2
1331,361,1,2
1331,362,1,2
1331,363,1,2
1331,364,1,2
1331,365,1,2
1331,366,1,2
1331,367,1,2
1331,368,1,2
1331,369,1,2
1331,370,1,2
1331,371,1,2
1331,372,1,2
1331,373,1,2
1331,374,1,2
1331,375,1,2
1331,376,1,2
1331,377,1,2
1331,378,1,2
1331,379,1,2
1331,380,1,2
1331,381,1,2
1331,382,1,2
1331,383,1,2
1331,384,1,2
1331,385,1,2
1331,386,1,2
1331,387,1,2
1331,388,1,2
1331,389,1,2
1331,390,1,2
1331,391,1,2
1331,392,1,2
1331,393,1,2
1331,394,1,2
1331,395,1,2
1331,396,1,2
1331,397,1,2
1331,398,1,2
1331,399,1,2
1331,400,1,2
1331,401,1,2
1331,402,1,2
1331,403,1,2
1331,404,1,2
1331,405,1,2
1331,406,1,2
1331,407,1,2
1331,408,1,3
1331,409,1,3
1331,410,1,3
1331,411,1,3
1331,412,1,3
1331,413,1,3
1331,414,1,3
1331,415,1,3
1331,416,1,3
1331,417,1,3
1331,418,1,3
1331,419,1,3
1331,420,1,3
1331,421,1,3
1331,422,1,3
1331,423,1,3
1331,424,1,3
1331,425,1,3
1331,426,1,3
1331,427,1,3
1331,428,1,3
1331,429,1,3
1331,430,1,3
1331,431,1,2
1331,432,1,2
1331,433,1,2
1331,434,1,2
1331,435,1,2
1331,436,1,2
1331,437,1,2
1331,438,1,2
1331,439,1,2
1331,440,1,2
1331,441,1,2
1331,442,1,2
1331,443,1,2
1331,444,1,2
1331,445,1,2
1331,446,1,2
1331,447,1,2
1331,448,1,2
1331,449,1,2
1331,450,1,2
1331,451,1,2
1331,452,1,2
1331,453,1,2
1331,454,1,2
1331,455,1,2
1331,456,1,2
1331,457,1,2
1331,458,1,2
1331,459,1,2
1331,460,1,2
1331,461,1,2
1331,462,1,2
1331,463,1,2
1331,464,1,2
1331,465,1,2
1331,466,1,3
1332,103,1,2
1332,104,1,2
1332,105,1,2
1332,106,1,2
1332,107,1,2
1332,108,1,2
1332,109,1,2
1332,110,1,2
1332,111,1,2
1332,112,1,2
1332,113,1,2
1332,114,1,2
1332,115,1,2
1332,116,1,2
1332,117,1,2
1332,118,1,2
1332,119,1,2
1332,120,1,2
1332,121,1,2
1332,122,1,2
1332,123,1,2
1332,124,1,2
1332,125,1,2
1332,126,1,2
1332,127,1,2
1332,128,1,2
1332,129,1,2
1332,130,1,2
1332,131,1,2
1332,132,1,2
1332,133,1,2
1332,134,1,2
1332,135,1,2
1332,136,1,2
1332,137,1,2
1332,138,1,2
1332,139,1,2
1332,140,1,2
1332,141,1,2
1332,142,1,2
1332,143,1,2
1332,144,1,2
1332,145,1,2
1332,146,1,2
1332,147,1,2
1332,148,1,2
1332,149,1,2
1332,150,1,2
1332,151,1,2
1332,152,1,2
1332,153,1,2
1332,154,1,2
1332,155,1,2
1332,156,1,2
1332,157,1,2
1332,158,1,2
1332,159,1,2
1332,160,1,2
1332,161,1,2
1332,162,1,2
1332,163,1,2
1332,164,1,2
1332,165,1,2
1332,166,1,2
1332,167,1,2
1332,168,1,2
1332,169,1,2
1332,170,1,2
1332,171,1,2
1332,172,1,2
1332,173,1,2
1332,174,1,2
1332,175,1,2
1332,176,1,2
1332,177,1,2
1332,178,1,2
1332,179,1,2
1332,180,1,2
1332,181,1,2
1332,182,1,2
1332,183,1,2
1332,184,1,2
1332,185,1,2
1332,186,1,2
1332,187,1,2
1332,188,1,2
1332,189,1,2
1332,190,1,2
1332,191,1,2
1332,192,1,2
1332,193,1,2
1332,194,1,2
1332,195,1,2
1332,196,1,2
1332,197,1,2
1332,198,1,2
1332,199,1,2
1332,200,1,2
1332,201,1,2
1332,202,1,2
1332,203,1,2
1332,204,1,2
1332,205,1,2
1332,206,1,2
1332,207,1,2
1332,208,1,2
1332,209,1,2
1332,210,1,2
1332,211,1,2
1332,212,1,2
1332,213,1,2
1332,214,1,2
1332,215,1,2
1332,216,1,2
1332,217,1,2
1332,218,1,2
1332,219,1,2
1332,220,1,2
1332,221,1,2
1332,222,1,2
1332,223,1,2
1332,224,1,2
1332,225,1,2
1332,226,1,2
1332,227,1,2
1332,228,1,2
1332,229,1,2
1332,230,1,2
1332,231,1,2
1332,232,1,2
1332,233,1,2
1332,234,1,2
1332,235,1,2
1332,236,1,2
1332,237,1,2
1332,238,1,2
1332,239,1,2
1332,240,1,2
1332,241,1,2
1332,242,1,2
1332,243,1,2
1332,244,1,2
1332,245,1,2
1332,246,1,2
1332,247,1,2
1332,248,1,2
1332,249,1,2
1332,250,1,2
1332,251,1,2
1332,252,1,2
1332,253,1,2
1332,254,1,2
1332,255,1,2
1332,256,1,2
1332,257,1,2
1332,258,1,2
1332,259,1,2
1332,260,1,2
1332,261,1,2
1332,262,1,2
1332,263,1,2
1332,264,1,2
1332,265,1,2
1332,266,1,2
1332,267,1,2
1332,268,1,2
1332,269,1,2
1332,270,1,2
1332,271,1,2
1332,272,1,2
1332,273,1,2
1332,274,1,2
1332,275,1,2
1332,276,1,2
1332,277,1,2
1332,278,1,2
1332,279,1,2
1332,280,1,2
1332,281,1,2
1332,282,1,2
1332,283,1,2
1332,284,1,2
1332,285,1,2
1332,286,1,2
1332,287,1,2
1332,288,1,2
1332,289,1,2
1332,290,1,2
1332,291,1,2
1332,292,1,2
1332,293,1,2
1332,294,1,2
1332,295,1,2
1332,296,1,2
1332,297,1,2
1332,298,1,2
1332,299,1,2
1332,300,1,2
1332,301,1,2
1332,302,1,2
1332,303,1,2
1332,304,1,2
1332,305,1,2
1332,306,1,2
1332,307,1,2
1332,308,1,2
1332,309,1,2
1332,310,1,2
1332,311,1,2
1332,312,1,2
1332,313,1,2
1332,314,1,2
1332,315,1,2
1332,316,1,2
1332,317,1,2
1332,318,1,2
1332,319,1,2
1332,320,1,2
1332,321,1,2
1332,322,1,2
1332,323,1,2
1332,324,1,2
1332,325,1,2
1332,326,1,2
1332,327,1,2
1332,328,1,2
1332,329,1,2
1332,330,1,2
1332,331,1,2
1332,332,1,2
1332,333,1,2
1332,334,1,2
1332,335,1,2
1332,336,1,2
1332,337,1,2
1332,338,1,2
1332,339,1,2
1332,340,1,2
1332,341,1,2
1332,342,1,2
1332,343,1,2
1332,344,1,2
1332,345,1,2
1332,346,1,2
1332,347,1,2
1332,348,1,2
1332,349,1,2
1332,350,1,2
1332,351,1,2
1332,352,1,2
1332,353,1,2
1332,354,1,2
1332,355,1,2
1332,356,1,2
1332,357,1,2
1332,358,1,2
1332,359,1,2
1332,360,1,2
1332,361,1,2
1332,362,1,2
1332,363,1,2
1332,364,1,2
1332,365,1,2
1332,366,1,2
1332,367,1,2
1332,368,1,2
1332,369,1,2
1332,370,1,2
1332,371,1,2
1332,372,1,2
1332,373,1,2
1332,374,1,2
1332,375,1,2
1332,376,1,2
1332,377,1,2
1332,378,1,2
1332,379,1,2
1332,380,1,2
1332,381,1,2
1332,382,1,2
1332,383,1,2
1332,384,1,2
1332,385,1,2
1332,386,1,2
1332,387,1,2
1332,388,1,2
1332,389,1,2
1332,390,1,2
1332,391,1,2
1332,392,1,2
1332,393,1,2
1332,394,1,2
1332,395,1,2
1332,396,1,2
1332,397,1,2
1332,398,1,2
1332,399,1,2
1332,400,1,2
1332,401,1,2
1332,402,1,2
1332,403,1,2
1332,404,1,2
1332,405,1,2
1332,406,1,2
1332,407,1,2
1332,408,1,2
1332,409,1,3
1332,410,1,3
1332,411,1,3
1332,412,1,3
1332,413,1,3
1332,414,1,3
1332,415,1,3
1332,416,1,3
1332,417,1,3
1332,418,1,3
1332,419,1,3
1332,420,1,3
1332,421,1,3
1332,422,1,3
1332,423,1,3
1332,424,1,3
1332,425,1,3
1332,426,1,3
1332,427,1,3
1332,428,1,3
1332,429,1,2
1332,430,1,2
1332,431,1,2
1332,432,1,2
1332,433,1,2
1332,434,1,2
1332,435,1,2
1332,436,1,2
1332,437,1,2
1332,438,1,2
1332,439,1,2
1332,440,1,2
1332,441,1,2
1332,442,1,2
1332,443,1,2
1332,444,1,2
1332,445,1,2
1332,446,1,2
1332,447,1,2
1332,448,1,2
1332,449,1,2
1332,450,1,2
1332,451,1,2
1332,452,1,2
1332,453,1,2
1332,454,1,2
1332,455,1,2
1332,456,1,2
1332,457,1,2
1332,458,1,2
1332,459,1,2
1332,460,1,2
1332,461,1,2
1332,462,1,2
1332,463,1,2
1332,464,1,2
1332,465,1,2
1332,466,1,3
1333,103,1,2
1333,104,1,2
1333,105,1,2
1333,106,1,2
1333,107,1,2
1333,108,1,2
1333,109,1,2
1333,110,1,2
1333,111,1,2
1333,112,1,2
1333,113,1,2
1333,114,1,2
1333,115,1,2
1333,116,1,2
1333,117,1,2
1333,118,1,2
1333,119,1,2
1333,120,1,2
1333,121,1,2
1333,122,1,2
1333,123,1,2
1333,124,1,2
1333,125,1,2
1333,126,1,2
1333,127,1,2
1333,128,1,2
1333,129,1,2
1333,130,1,2
1333,131,1,2
1333,132,1,2
1333,133,1,2
1333,134,1,2
1333,135,1,2
1333,136,1,2
1333,137,1,2
1333,138,1,2
1333,139,1,2
1333,140,1,2
1333,141,1,2
1333,142,1,2
1333,143,1,2
1333,144,1,2
1333,145,1,2
1333,146,1,2
1333,147,1,2
1333,148,1,2
1333,149,1,2
1333,150,1,2
1333,151,1,2
1333,152,1,2
1333,153,1,2
1333,154,1,2
1333,155,1,2
1333,156,1,2
1333,157,1,2
1333,158,1,2
1333,159,1,2
1333,160,1,2
1333,161,1,2
1333,162,1,2
1333,163,1,2
1333,164,1,2
1333,165,1,2
1333,166,1,2
1333,167,1,2
1333,168,1,2
1333,169,1,2
1333,170,1,2
1333,171,1,2
1333,172,1,2
1333,173,1,2
1333,174,1,2
1333,175,1,2
1333,176,1,2
1333,177,1,2
1333,178,1,2
1333,179,1,2
1333,180,1,2
1333,181,1,2
1333,182,1,2
1333,183,1,2
1333,184,1,2
1333,185,1,2
1333,186,1,2
1333,187,1,2
1333,188,1,2
1333,189,1,2
1333,190,1,2
1333,191,1,2
1333,192,1,2
1333,193,1,2
1333,194,1,2
1333,195,1,2
1333,196,1,2
1333,197,1,2
1333,198,1,2
1333,199,1,2
1333,200,1,2
1333,201,1,2
1333,202,1,2
1333,203,1,2
1333,204,1,2
1333,205,1,2
1333,206,1,2
1333,207,1,2
1333,208,1,2
1333,209,1,2
1333,210,1,2
1333,211,1,2
1333,212,1,2
1333,213,1,2
1333,214,1,2
1333,215,1,2
1333,216,1,2
1333,217,1,2
1333,218,1,2
1333,219,1,2
1333,220,1,2
1333,221,1,2
1333,222,1,2
1333,223,1,2
1333,224,1,2
1333,225,1,2
1333,226,1,2
1333,227,1,2
1333,228,1,2
1333,229,1,2
1333,230,1,2
1333,231,1,2
1333,232,1,2
1333,233,1,2
1333,234,1,2
1333,235,1,2
1333,236,1,2
1333,237,1,2
1333,238,1,2
1333,239,1,2
1333,240,1,2
1333,241,1,2
1333,242,1,2
1333,243,1,2
1333,244,1,2
1333,245,1,2
1333,246,1,2
1333,247,1,2
1333,248,1,2
1333,249,1,2
1333,250,1,2
1333,251,1,2
1333,252,1,2
1333,253,1,2
1333,254,1,2
1333,255,1,2
1333,256,1,2
1333,257,1,2
1333,258,1,2
1333,259,1,2
1333,260,1,2
1333,261,1,2
1333,262,1,2
1333,263,1,2
1333,264,1,2
1333,265,1,2
1333,266,1,2
1333,267,1,2
1333,268,1,2
1333,269,1,2
1333,270,1,2
1333,271,1,2
1333,272,1,2
1333,273,1,2
1333,274,1,2
1333,275,1,2
1333,276,1,2
1333,277,1,2
1333,278,1,2
1333,279,1,2
1333,280,1,2
1333,281,1,2
1333,282,1,2
1333,283,1,2
1333,284,1,2
1333,285,1,2
1333,286,1,2
1333,287,1,2
1333,288,1,2
1333,289,1,2
1333,290,1,2
1333,291,1,2
1333,292,1,2
1333,293,1,2
1333,294,1,2
1333,295,1,2
1333,296,1,2
1333,297,1,2
1333,298,1,2
1333,299,1,2
1333,300,1,2
1333,301,1,2
1333,302,1,2
1333,303,1,2
1333,304,1,2
1333,305,1,2
1333,306,1,2
1333,307,1,2
1333,308,1,2
1333,309,1,2
1333,310,1,2
1333,311,1,2
1333,312,1,2
1333,313,1,2
1333,314,1,2
1333,315,1,2
1333,316,1,2
1333,317,1,2
1333,318,1,2
1333,319,1,2
1333,320,1,2
1333,321,1,2
1333,322,1,2
1333,323,1,2
1333,324,1,2
1333,325,1,2
1333,326,1,2
1333,327,1,2
1333,328,1,2
1333,329,1,2
1333,330,1,2
1333,331,1,2
1333,332,1,2
1333,333,1,2
1333,334,1,2
1333,335,1,2
1333,336,1,2
1333,337,1,2
1333,338,1,2
1333,339,1,2
1333,340,1,2
1333,341,1,2
1333,342,1,2
1333,343,1,2
1333,344,1,2
1333,345,1,2
1333,346,1,2
1333,347,1,2
1333,348,1,2
1333,349,1,2
1333,350,1,2
1333,351,1,2
1333,352,1,2
1333,353,1,2
1333,354,1,2
1333,355,1,2
1333,356,1,2
1333,357,1,2
1333,358,1,2
1333,359,1,2
1333,360,1,2
1333,361,1,2
1333,362,1,2
1333,363,1,2
1333,364,1,2
1333,365,1,2
1333,366,1,2
1333,367,1,2
1333,368,1,2
1333,369,1,2
1333,370,1,2
1333,371,1,2
1333,372,1,2
1333,373,1,2
1333,374,1,2
1333,375,1,2
1333,376,1,2
1333,377,1,2
1333,378,1,2
1333,379,1,2
1333,380,1,2
1333,381,1,2
1333,382,1,2
1333,383,1,2
1333,384,1,2
1333,385,1,2
1333,386,1,2
1333,387,1,2
1333,388,1,2
1333,389,1,2
1333,390,1,2
1333,391,1,2
1333,392,1,2
1333,393,1,2
1333,394,1,2
1333,395,1,2
1333,396,1,2
1333,397,1,2
1333,398,1,2
1333,399,1,2
1333,400,1,2
1333,401,1,2
1333,402,1,2
1333,403,1,2
1333,404,1,2
1333,405,1,2
1333,406,1,2
1333,407,1,2
1333,408,1,2
1333,409,1,2
1333,410,1,2
1333,411,1,3
1333,412,1,3
1333,413,1,3
1333,414,1,3
1333,415,1,3
1333,416,1,3
1333,417,1,3
1333,418,1,3
1333,419,1,3
1333,420,1,3
1333,421,1,3
1333,422,1,3
1333,423,1,3
1333,424,1,3
1333,425,1,3
1333,426,1,2
1333,427,1,2
1333,428,1,2
1333,429,1,2
1333,430,1,2
1333,431,1,2
1333,432,1,2
1333,433,1,2
1333,434,1,2
1333,435,1,2
1333,436,1,2
1333,437,1,2
1333,438,1,2
1333,439,1,2
1333,440,1,2
1333,441,1,2
1333,442,1,2
1333,443,1,2
1333,444,1,2
1333,445,1,2
1333,446,1,2
1333,447,1,2
1333,448,1,2
1333,449,1,2
1333,450,1,2
1333,451,1,2
1333,452,1,2
1333,453,1,2
1333,454,1,2
1333,455,1,2
1333,456,1,2
1333,457,1,2
1333,458,1,2
1333,459,1,2
1333,460,1,2
1333,461,1,2
1333,462,1,2
1333,463,1,2
1333,464,1,2
1333,465,1,2
1333,466,1,3
1334,103,1,2
1334,104,1,2
1334,105,1,2
1334,106,1,2
1334,107,1,2
1334,108,1,2
1334,109,1,2
1334,110,1,2
1334,111,1,2
1334,112,1,2
1334,113,1,2
1334,114,1,2
1334,115,1,2
1334,116,1,2
1334,117,1,2
1334,118,1,2
1334,119,1,2
1334,120,1,2
1334,121,1,2
1334,122,1,2
1334,123,1,2
1334,124,1,2
1334,125,1,2
1334,126,1,2
1334,127,1,2
1334,128,1,2
1334,129,1,2
1334,130,1,2
1334,131,1,2
1334,132,1,2
1334,133,1,2
1334,134,1,2
1334,135,1,2
1334,136,1,2
1334,137,1,2
1334,138,1,2
1334,139,1,2
1334,140,1,2
1334,141,1,2
1334,142,1,2
1334,143,1,2
1334,144,1,2
1334,145,1,2
1334,146,1,2
1334,147,1,2
1334,148,1,2
1334,149,1,2
1334,150,1,2
1334,151,1,2
1334,152,1,2
1334,153,1,2
1334,154,1,2
1334,155,1,2
1334,156,1,2
1334,157,1,2
1334,158,1,2
1334,159,1,2
1334,160,1,2
1334,161,1,2
1334,162,1,2
1334,163,1,2
1334,164,1,2
1334,165,1,2
1334,166,1,2
1334,167,1,2
1334,168,1,2
1334,169,1,2
1334,170,1,2
1334,171,1,2
1334,172,1,2
1334,173,1,2
1334,174,1,2
1334,175,1,2
1334,176,1,2
1334,177,1,2
1334,178,1,2
1334,179,1,2
1334,180,1,2
1334,181,1,2
1334,182,1,2
1334,183,1,2
1334,184,1,2
1334,185,1,2
1334,186,1,2
1334,187,1,2
1334,188,1,2
1334,189,1,2
1334,190,1,2
1334,191,1,2
1334,192,1,2
1334,193,1,2
1334,194,1,2
1334,195,1,2
1334,196,1,2
1334,197,1,2
1334,198,1,2
1334,199,1,2
1334,200,1,2
1334,201,1,2
1334,202,1,2
1334,203,1,2
1334,204,1,2
1334,205,1,2
1334,206,1,2
1334,207,1,2
1334,208,1,2
1334,209,1,2
1334,210,1,2
1334,211,1,2
1334,212,1,2
1334,213,1,2
1334,214,1,2
1334,215,1,2
1334,216,1,2
1334,217,1,2
1334,218,1,2
1334,219,1,2
1334,220,1,2
1334,221,1,2
1334,222,1,2
1334,223,1,2
1334,224,1,2
1334,225,1,2
1334,226,1,2
1334,227,1,2
1334,228,1,2
1334,229,1,2
1334,230,1,2
1334,231,1,2
1334,232,1,2
1334,233,1,2
1334,234,1,2
1334,235,1,2
1334,236,1,2
1334,237,1,2
1334,238,1,2
1334,239,1,2
1334,240,1,2
1334,241,1,2
1334,242,1,2
1334,243,1,2
1334,244,1,2
1334,245,1,2
1334,246,1,2
1334,247,1,2
1334,248,1,2
1334,249,1,2
1334,250,1,2
1334,251,1,2
1334,252,1,2
1334,253,1,2
1334,254,1,2
1334,255,1,2
1334,256,1,2
1334,257,1,2
1334,258,1,2
1334,259,1,2
1334,260,1,2
1334,261,1,2
1334,262,1,2
1334,263,1,2
1334,264,1,2
1334,265,1,2
1334,266,1,2
1334,267,1,2
1334,268,1,2
1334,269,1,2
1334,270,1,2
1334,271,1,2
1334,272,1,2
1334,273,1,2
1334,274,1,2
1334,275,1,2
1334,276,1,2
1334,277,1,2
1334,278,1,2
1334,279,1,2
1334,280,1,2
1334,281,1,2
1334,282,1,2
1334,283,1,2
1334,284,1,2
1334,285,1,2
1334,286,1,2
1334,287,1,2
1334,288,1,2
1334,289,1,2
1334,290,1,2
1334,291,1,2
1334,292,1,2
1334,293,1,2
1334,294,1,2
1334,295,1,2
1334,296,1,2
1334,297,1,2
1334,298,1,2
1334,299,1,2
1334,300,1,2
1334,301,1,2
1334,302,1,2
1334,303,1,2
1334,304,1,2
1334,305,1,2
1334,306,1,2
1334,307,1,2
1334,308,1,2
1334,309,1,2
1334,310,1,2
1334,311,1,2
1334,312,1,2
1334,313,1,2
1334,314,1,2
1334,315,1,2
1334,316,1,2
1334,317,1,2
1334,318,1,2
1334,319,1,2
1334,320,1,2
1334,321,1,2
1334,322,1,2
1334,323,1,2
1334,324,1,2
1334,325,1,2
1334,326,1,2
1334,327,1,2
1334,328,1,2
1334,329,1,2
1334,330,1,2
1334,331,1,2
1334,332,1,2
1334,333,1,2
1334,334,1,2
1334,335,1,2
1334,336,1,2
1334,337,1,2
1334,338,1,2
1334,339,1,2
1334,340,1,2
1334,341,1,2
1334,342,1,2
1334,343,1,2
1334,344,1,2
1334,345,1,2
1334,346,1,2
1334,347,1,2
1334,348,1,2
1334,349,1,2
1334,350,1,2
1334,351,1,2
1334,352,1,2
1334,353,1,2
1334,354,1,2
1334,355,1,2
1334,356,1,2
1334,357,1,2
1334,358,1,2
1334,359,1,2
1334,360,1,2
1334,361,1,2
1334,362,1,2
1334,363,1,2
1334,364,1,2
1334,365,1,2
1334,366,1,2
1334,367,1,2
1334,368,1,2
1334,369,1,2
1334,370,1,2
1334,371,1,2
1334,372,1,2
1334,373,1,2
1334,374,1,2
1334,375,1,2
1334,376,1,2
1334,377,1,2
1334,378,1,2
1334,379,1,2
1334,380,1,2
1334,381,1,2
1334,382,1,2
1334,383,1,2
1334,384,1,2
1334,385,1,2
1334,386,1,2
1334,387,1,2
1334,388,1,2
1334,389,1,2
1334,390,1,2
1334,391,1,2
1334,392,1,2
1334,393,1,2
1334,394,1,2
1334,395,1,2
1334,396,1,2
1334,397,1,2
1334,398,1,2
1334,399,1,2
1334,400,1,2
1334,401,1,2
1334,402,1,2
1334,403,1,2
1334,404,1,2
1334,405,1,2
1334,406,1,2
1334,407,1,2
1334,408,1,2
1334,409,1,2
1334,410,1,2
1334,411,1,2
1334,412,1,3
1334,413,1,3
1334,414,1,3
1334,415,1,3
1334,416,1,3
1334,417,1,3
1334,418,1,3
1334,419,1,3
1334,420,1,3
1334,421,1,3
1334,422,1,3
1334,423,1,2
1334,424,1,2
1334,425,1,2
1334,426,1,2
1334,427,1,2
1334,428,1,2
1334,429,1,2
1334,430,1,2
1334,431,1,2
1334,432,1,2
1334,433,1,2
1334,434,1,2
1334,435,1,2
1334,436,1,2
1334,437,1,2
1334,438,1,2
1334,439,1,2
1334,440,1,2
1334,441,1,2
1334,442,1,2
1334,443,1,2
1334,444,1,2
1334,445,1,2
1334,446,1,2
1334,447,1,2
1334,448,1,2
1334,449,1,2
1334,450,1,2
1334,451,1,2
1334,452,1,2
1334,453,1,2
1334,454,1,2
1334,455,1,2
1334,456,1,2
1334,457,1,2
1334,458,1,2
1334,459,1,2
1334,460,1,2
1334,461,1,2
1334,462,1,2
1334,463,1,2
1334,464,1,2
1334,465,1,2
1334,466,1,3
1335,104,1,2
1335,105,1,2
1335,106,1,2
1335,107,1,2
1335,108,1,2
1335,109,1,2
1335,110,1,2
1335,111,1,2
1335,112,1,2
1335,113,1,2
1335,114,1,2
1335,115,1,2
1335,116,1,2
1335,117,1,2
1335,118,1,2
1335,119,1,2
1335,120,1,2
1335,121,1,2
1335,122,1,2
1335,123,1,2
1335,124,1,2
1335,125,1,2
1335,126,1,2
1335,127,1,2
1335,128,1,2
1335,129,1,2
1335,130,1,2
1335,131,1,2
1335,132,1,2
1335,133,1,2
1335,134,1,2
1335,135,1,2
1335,136,1,2
1335,137,1,2
1335,138,1,2
1335,139,1,2
1335,140,1,2
1335,141,1,2
1335,142,1,2
1335,143,1,2
1335,144,1,2
1335,145,1,2
1335,146,1,2
1335,147,1,2
1335,148,1,2
1335,149,1,2
1335,150,1,2
1335,151,1,2
1335,152,1,2
1335,153,1,2
1335,154,1,2
1335,155,1,2
1335,156,1,2
1335,157,1,2
1335,158,1,2
1335,159,1,2
1335,160,1,2
1335,161,1,2
1335,162,1,2
1335,163,1,2
1335,164,1,2
1335,165,1,2
1335,166,1,2
1335,167,1,2
1335,168,1,2
1335,169,1,2
1335,170,1,2
1335,171,1,2
1335,172,1,2
1335,173,1,2
1335,174,1,2
1335,175,1,2
1335,176,1,2
1335,177,1,2
1335,178,1,2
1335,179,1,2
1335,180,1,2
1335,181,1,2
1335,182,1,2
1335,183,1,2
1335,184,1,2
1335,185,1,2
1335,186,1,2
1335,187,1,2
1335,188,1,2
1335,189,1,2
1335,190,1,2
1335,191,1,2
1335,192,1,2
1335,193,1,2
1335,194,1,2
1335,195,1,2
1335,196,1,2
1335,197,1,2
1335,198,1,2
1335,199,1,2
1335,200,1,2
1335,201,1,2
1335,202,1,2
1335,203,1,2
1335,204,1,2
1335,205,1,2
1335,206,1,2
1335,207,1,2
1335,208,1,2
1335,209,1,2
1335,210,1,2
1335,211,1,2
1335,212,1,2
1335,213,1,2
1335,214,1,2
1335,215,1,2
1335,216,1,2
1335,217,1,2
1335,218,1,2
1335,219,1,2
1335,220,1,2
1335,221,1,2
1335,222,1,2
1335,223,1,2
1335,224,1,2
1335,225,1,2
1335,226,1,2
1335,227,1,2
1335,228,1,2
1335,229,1,2
1335,230,1,2
1335,231,1,2
1335,232,1,2
1335,233,1,2
1335,234,1,2
1335,235,1,2
1335,236,1,2
1335,237,1,2
1335,238,1,2
1335,239,1,2
1335,240,1,2
1335,241,1,2
1335,242,1,2
1335,243,1,2
1335,244,1,2
1335,245,1,2
1335,246,1,2
1335,247,1,2
1335,248,1,2
1335,249,1,2
1335,250,1,2
1335,251,1,2
1335,252,1,2
1335,253,1,2
1335,254,1,2
1335,255,1,2
1335,256,1,2
1335,257,1,2
1335,258,1,2
1335,259,1,2
1335,260,1,2
1335,261,1,2
1335,262,1,2
1335,263,1,2
1335,264,1,2
1335,265,1,2
1335,266,1,2
1335,267,1,2
1335,268,1,2
1335,269,1,2
1335,270,1,2
1335,271,1,2
1335,272,1,2
1335,273,1,2
1335,274,1,2
1335,275,1,2
1335,276,1,2
1335,277,1,2
1335,278,1,2
1335,279,1,2
1335,280,1,2
1335,281,1,2
1335,282,1,2
1335,283,1,2
1335,284,1,2
1335,285,1,2
1335,286,1,2
1335,287,1,2
1335,288,1,2
1335,289,1,2
1335,290,1,2
1335,291,1,2
1335,292,1,2
1335,293,1,2
1335,294,1,2
1335,295,1,2
1335,296,1,2
1335,297,1,2
1335,298,1,2
1335,299,1,2
1335,300,1,2
1335,301,1,2
1335,302,1,2
1335,303,1,2
1335,304,1,2
1335,305,1,2
1335,306,1,2
1335,307,1,2
1335,308,1,2
1335,309,1,2
1335,310,1,2
1335,311,1,2
1335,312,1,2
1335,313,1,2
1335,314,1,2
1335,315,1,2
1335,316,1,2
1335,317,1,2
1335,318,1,2
1335,319,1,2
1335,320,1,2
1335,321,1,2
1335,322,1,2
1335,323,1,2
1335,324,1,2
1335,325,1,2
1335,326,1,2
1335,327,1,2
1335,328,1,2
1335,329,1,2
1335,330,1,2
1335,331,1,2
1335,332,1,2
1335,333,1,2
1335,334,1,2
1335,335,1,2
1335,336,1,2
1335,337,1,2
1335,338,1,2
1335,339,1,2
1335,340,1,2
1335,341,1,2
1335,342,1,2
1335,343,1,2
1335,344,1,2
1335,345,1,2
1335,346,1,2
1335,347,1,2
1335,348,1,2
1335,349,1,2
1335,350,1,2
1335,351,1,2
1335,352,1,2
1335,353,1,2
1335,354,1,2
1335,355,1,2
1335,356,1,2
1335,357,1,2
1335,358,1,2
1335,359,1,2
1335,360,1,2
1335,361,1,2
1335,362,1,2
1335,363,1,2
1335,364,1,2
1335,365,1,2
1335,366,1,2
1335,367,1,2
1335,368,1,2
1335,369,1,2
1335,370,1,2
1335,371,1,2
1335,372,1,2
1335,373,1,2
1335,374,1,2
1335,375,1,2
1335,376,1,2
1335,377,1,2
1335,378,1,2
1335,379,1,2
1335,380,1,2
1335,381,1,2
1335,382,1,2
1335,383,1,2
1335,384,1,2
1335,385,1,2
1335,386,1,2
1335,387,1,2
1335,388,1,2
1335,389,1,2
1335,390,1,2
1335,391,1,2
1335,392,1,2
1335,393,1,2
1335,394,1,2
1335,395,1,2
1335,396,1,2
1335,397,1,2
1335,398,1,2
1335,399,1,2
1335,400,1,2
1335,401,1,2
1335,402,1,2
1335,403,1,2
1335,404,1,2
1335,405,1,2
1335,406,1,2
1335,407,1,2
1335,408,1,2
1335,409,1,2
1335,410,1,2
1335,411,1,2
1335,412,1,2
1335,413,1,2
1335,414,1,3
1335,415,1,3
1335,416,1,3
1335,417,1,3
1335,418,1,3
1335,419,1,2
1335,420,1,2
1335,421,1,2
1335,422,1,2
1335,423,1,2
1335,424,1,2
1335,425,1,2
1335,426,1,2
1335,427,1,2
1335,428,1,2
1335,429,1,2
1335,430,1,2
1335,431,1,2
1335,432,1,2
1335,433,1,2
1335,434,1,2
1335,435,1,2
1335,436,1,2
1335,437,1,2
1335,438,1,2
1335,439,1,2
1335,440,1,2
1335,441,1,2
1335,442,1,2
1335,443,1,2
1335,444,1,2
1335,445,1,2
1335,446,1,2
1335,447,1,2
1335,448,1,2
1335,449,1,2
1335,450,1,2
1335,451,1,2
1335,452,1,2
1335,453,1,2
1335,454,1,2
1335,455,1,2
1335,456,1,2
1335,457,1,2
1335,458,1,2
1335,459,1,2
1335,460,1,2
1335,461,1,2
1335,462,1,2
1335,463,1,2
1335,464,1,2
1335,465,1,2
1335,466,1,3
1336,104,1,2
1336,105,1,2
1336,106,1,2
1336,107,1,2
1336,108,1,2
1336,109,1,2
1336,110,1,2
1336,111,1,2
1336,112,1,2
1336,113,1,2
1336,114,1,2
1336,115,1,2
1336,116,1,2
1336,117,1,2
1336,118,1,2
1336,119,1,2
1336,120,1,2
1336,121,1,2
1336,122,1,2
1336,123,1,2
1336,124,1,2
1336,125,1,2
1336,126,1,2
1336,127,1,2
1336,128,1,2
1336,129,1,2
1336,130,1,2
1336,131,1,2
1336,132,1,2
1336,133,1,2
1336,134,1,2
1336,135,1,2
1336,136,1,2
1336,137,1,2
1336,138,1,2
1336,139,1,2
1336,140,1,2
1336,141,1,2
1336,142,1,2
1336,143,1,2
1336,144,1,2
1336,145,1,2
1336,146,1,2
1336,147,1,2
1336,148,1,2
1336,149,1,2
1336,150,1,2
1336,151,1,2
1336,152,1,2
1336,153,1,2
1336,154,1,2
1336,155,1,2
1336,156,1,2
1336,157,1,2
1336,158,1,2
1336,159,1,2
1336,160,1,2
1336,161,1,2
1336,162,1,2
1336,163,1,2
1336,164,1,2
1336,165,1,2
1336,166,1,2
1336,167,1,2
1336,168,1,2
1336,169,1,2
1336,170,1,2
1336,171,1,2
1336,172,1,2
1336,173,1,2
1336,174,1,2
1336,175,1,2
1336,176,1,2
1336,177,1,2
1336,178,1,2
1336,179,1,2
1336,180,1,2
1336,181,1,2
1336,182,1,2
1336,183,1,2
1336,184,1,2
1336,185,1,2
1336,186,1,2
1336,187,1,2
1336,188,1,2
1336,189,1,2
1336,190,1,2
1336,191,1,2
1336,192,1,2
1336,193,1,2
1336,194,1,2
1336,195,1,2
1336,196,1,2
1336,197,1,2
1336,198,1,2
1336,199,1,2
1336,200,1,2
1336,201,1,2
1336,202,1,2
1336,203,1,2
1336,204,1,2
1336,205,1,2
1336,206,1,2
1336,207,1,2
1336,208,1,2
1336,209,1,2
1336,210,1,2
1336,211,1,2
1336,212,1,2
1336,213,1,2
1336,214,1,2
1336,215,1,2
1336,216,1,2
1336,217,1,2
1336,218,1,2
1336,219,1,2
1336,220,1,2
1336,221,1,2
1336,222,1,2
1336,223,1,2
1336,224,1,2
1336,225,1,2
1336,226,1,2
1336,227,1,2
1336,228,1,2
1336,229,1,2
1336,230,1,2
1336,231,1,2
1336,232,1,2
1336,233,1,2
1336,234,1,2
1336,235,1,2
1336,236,1,2
1336,237,1,2
1336,238,1,2
1336,239,1,2
1336,240,1,2
1336,241,1,2
1336,242,1,2
1336,243,1,2
1336,244,1,2
1336,245,1,2
1336,246,1,2
1336,247,1,2
1336,248,1,2
1336,249,1,2
1336,250,1,2
1336,251,1,2
1336,252,1,2
1336,253,1,2
1336,254,1,2
1336,255,1,2
1336,256,1,2
1336,257,1,2
1336,258,1,2
1336,259,1,2
1336,260,1,2
1336,261,1,2
1336,262,1,2
1336,263,1,2
1336,264,1,2
1336,265,1,2
1336,266,1,2
1336,267,1,2
1336,268,1,2
1336,269,1,2
1336,270,1,2
1336,271,1,2
1336,272,1,2
1336,273,1,2
1336,274,1,2
1336,275,1,2
1336,276,1,2
1336,277,1,2
1336,278,1,2
1336,279,1,2
1336,280,1,2
1336,281,1,2
1336,282,1,2
1336,283,1,2
1336,284,1,2
1336,285,1,2
1336,286,1,2
1336,287,1,2
1336,288,1,2
1336,289,1,2
1336,290,1,2
1336,291,1,2
1336,292,1,2
1336,293,1,2
1336,294,1,2
1336,295,1,2
1336,296,1,2
1336,297,1,2
1336,298,1,2
1336,299,1,2
1336,300,1,2
1336,301,1,2
1336,302,1,2
1336,303,1,2
1336,304,1,2
1336,305,1,2
1336,306,1,2
1336,307,1,2
1336,308,1,2
1336,309,1,2
1336,310,1,2
1336,311,1,2
1336,312,1,2
1336,313,1,2
1336,314,1,2
1336,315,1,2
1336,316,1,2
1336,317,1,2
1336,318,1,2
1336,319,1,2
1336,320,1,2
1336,321,1,2
1336,322,1,2
1336,323,1,2
1336,324,1,2
1336,325,1,2
1336,326,1,2
1336,327,1,2
1336,328,1,2
1336,329,1,2
1336,330,1,2
1336,331,1,2
1336,332,1,2
1336,333,1,2
1336,334,1,2
1336,335,1,2
1336,336,1,2
1336,337,1,2
1336,338,1,2
1336,339,1,2
1336,340,1,2
1336,341,1,2
1336,342,1,2
1336,343,1,2
1336,344,1,2
1336,345,1,2
1336,346,1,2
1336,347,1,2
1336,348,1,2
1336,349,1,2
1336,350,1,2
1336,351,1,2
1336,352,1,2
1336,353,1,2
1336,354,1,2
1336,355,1,2
1336,356,1,2
1336,357,1,2
1336,358,1,2
1336,359,1,2
1336,360,1,2
1336,361,1,2
1336,362,1,2
1336,363,1,2
1336,364,1,2
1336,365,1,2
1336,366,1,2
1336,367,1,2
1336,368,1,2
1336,369,1,2
1336,370,1,2
1336,371,1,2
1336,372,1,2
1336,373,1,2
1336,374,1,2
1336,375,1,2
1336,376,1,2
1336,377,1,2
1336,378,1,2
1336,379,1,2
1336,380,1,2
1336,381,1,2
1336,382,1,2
1336,383,1,2
1336,384,1,2
1336,385,1,2
1336,386,1,2
1336,387,1,2
1336,388,1,2
1336,389,1,2
1336,390,1,2
1336,391,1,2
1336,392,1,2
1336,393,1,2
1336,394,1,2
1336,395,1,2
1336,396,1,2
1336,397,1,2
1336,398,1,2
1336,399,1,2
1336,400,1,2
1336,401,1,2
1336,402,1,2
1336,403,1,2
1336,404,1,2
1336,405,1,2
1336,406,1,2
1336,407,1,2
1336,408,1,2
1336,409,1,2
1336,410,1,2
1336,411,1,2
1336,412,1,2
1336,413,1,2
1336,414,1,2
1336,415,1,2
1336,416,1,2
1336,417,1,2
1336,418,1,2
1336,419,1,2
1336,420,1,2
1336,421,1,2
1336,422,1,2
1336,423,1,2
1336,424,1,2
1336,425,1,2
1336,426,1,2
1336,427,1,2
1336,428,1,2
1336,429,1,2
1336,430,1,2
1336,431,1,2
1336,432,1,2
1336,433,1,2
1336,434,1,2
1336,435,1,2
1336,436,1,2
1336,437,1,2
1336,438,1,2
1336,439,1,2
1336,440,1,2
1336,441,1,2
1336,442,1,2
1336,443,1,2
1336,444,1,2
1336,445,1,2
1336,446,1,2
1336,447,1,2
1336,448,1,2
1336,449,1,2
1336,450,1,2
1336,451,1,2
1336,452,1,2
1336,453,1,2
1336,454,1,2
1336,455,1,2
1336,456,1,2
1336,457,1,2
1336,458,1,2
1336,459,1,2
1336,460,1,2
1336,461,1,2
1336,462,1,2
1336,463,1,2
1336,464,1,2
1336,465,1,2
1336,466,1,3
1337,104,1,2
1337,105,1,2
1337,106,1,2
1337,107,1,2
1337,108,1,2
1337,109,1,2
1337,110,1,2
1337,111,1,2
1337,112,1,2
1337,113,1,2
1337,114,1,2
1337,115,1,2
1337,116,1,2
1337,117,1,2
1337,118,1,2
1337,119,1,2
1337,120,1,2
1337,121,1,2
1337,122,1,2
1337,123,1,2
1337,124,1,2
1337,125,1,2
1337,126,1,2
1337,127,1,2
1337,128,1,2
1337,129,1,2
1337,130,1,2
1337,131,1,2
1337,132,1,2
1337,133,1,2
1337,134,1,2
1337,135,1,2
1337,136,1,2
1337,137,1,2
1337,138,1,2
1337,139,1,2
1337,140,1,2
1337,141,1,2
1337,142,1,2
1337,143,1,2
1337,144,1,2
1337,145,1,2
1337,146,1,2
1337,147,1,2
1337,148,1,2
1337,149,1,2
1337,150,1,2
1337,151,1,2
1337,152,1,2
1337,153,1,2
1337,154,1,2
1337,155,1,2
1337,156,1,2
1337,157,1,2
1337,158,1,2
1337,159,1,2
1337,160,1,2
1337,161,1,2
1337,162,1,2
1337,163,1,2
1337,164,1,2
1337,165,1,2
1337,166,1,2
1337,167,1,2
1337,168,1,2
1337,169,1,2
1337,170,1,2
1337,171,1,2
1337,172,1,2
1337,173,1,2
1337,174,1,2
1337,175,1,2
1337,176,1,2
1337,177,1,2
1337,178,1,2
1337,179,1,2
1337,180,1,2
1337,181,1,2
1337,182,1,2
1337,183,1,2
1337,184,1,2
1337,185,1,2
1337,186,1,2
1337,187,1,2
1337,188,1,2
1337,189,1,2
1337,190,1,2
1337,191,1,2
1337,192,1,2
1337,193,1,2
1337,194,1,2
1337,195,1,2
1337,196,1,2
1337,197,1,2
1337,198,1,2
1337,199,1,2
1337,200,1,2
1337,201,1,2
1337,202,1,2
1337,203,1,2
1337,204,1,2
1337,205,1,2
1337,206,1,2
1337,207,1,2
1337,208,1,2
1337,209,1,2
1337,210,1,2
1337,211,1,2
1337,212,1,2
1337,213,1,2
1337,214,1,2
1337,215,1,2
1337,216,1,2
1337,217,1,2
1337,218,1,2
1337,219,1,2
1337,220,1,2
1337,221,1,2
1337,222,1,2
1337,223,1,2
1337,224,1,2
1337,225,1,2
1337,226,1,2
1337,227,1,2
1337,228,1,2
1337,229,1,2
1337,230,1,2
1337,231,1,2
1337,232,1,2
1337,233,1,2
1337,234,1,2
1337,235,1,2
1337,236,1,2
1337,237,1,2
1337,238,1,2
1337,239,1,2
1337,240,1,2
1337,241,1,2
1337,242,1,2
1337,243,1,2
1337,244,1,2
1337,245,1,2
1337,246,1,2
1337,247,1,2
1337,248,1,2
1337,249,1,2
1337,250,1,2
1337,251,1,2
1337,252,1,2
1337,253,1,2
1337,254,1,2
1337,255,1,2
1337,256,1,2
1337,257,1,2
1337,258,1,2
1337,259,1,2
1337,260,1,2
1337,261,1,2
1337,262,1,2
1337,263,1,2
1337,264,1,2
1337,265,1,2
1337,266,1,2
1337,267,1,2
1337,268,1,2
1337,269,1,2
1337,270,1,2
1337,271,1,2
1337,272,1,2
1337,273,1,2
1337,274,1,2
1337,275,1,2
1337,276,1,2
1337,277,1,2
1337,278,1,2
1337,279,1,2
1337,280,1,2
1337,281,1,2
1337,282,1,2
1337,283,1,2
1337,284,1,2
1337,285,1,2
1337,286,1,2
1337,287,1,2
1337,288,1,2
1337,289,1,2
1337,290,1,2
1337,291,1,2
1337,292,1,2
1337,293,1,2
1337,294,1,2
1337,295,1,2
1337,296,1,2
1337,297,1,2
1337,298,1,2
1337,299,1,2
1337,300,1,2
1337,301,1,2
1337,302,1,2
1337,303,1,2
1337,304,1,2
1337,305,1,2
1337,306,1,2
1337,307,1,2
1337,308,1,2
1337,309,1,2
1337,310,1,2
1337,311,1,2
1337,312,1,2
1337,313,1,2
1337,314,1,2
1337,315,1,2
1337,316,1,2
1337,317,1,2
1337,318,1,2
1337,319,1,2
1337,320,1,2
1337,321,1,2
1337,322,1,2
1337,323,1,2
1337,324,1,2
1337,325,1,2
1337,326,1,2
1337,327,1,2
1337,328,1,2
1337,329,1,2
1337,330,1,2
1337,331,1,2
1337,332,1,2
1337,333,1,2
1337,334,1,2
1337,335,1,2
1337,336,1,2
1337,337,1,2
1337,338,1,2
1337,339,1,2
1337,340,1,2
1337,341,1,2
1337,342,1,2
1337,343,1,2
1337,344,1,2
1337,345,1,2
1337,346,1,2
1337,347,1,2
1337,348,1,2
1337,349,1,2
1337,350,1,2
1337,351,1,2
1337,352,1,2
1337,353,1,2
1337,354,1,2
1337,355,1,2
1337,356,1,2
1337,357,1,2
1337,358,1,2
1337,359,1,2
1337,360,1,2
1337,361,1,2
1337,362,1,2
1337,363,1,2
1337,364,1,2
1337,365,1,2
1337,366,1,2
1337,367,1,2
1337,368,1,2
1337,369,1,2
1337,370,1,2
1337,371,1,2
1337,372,1,2
1337,373,1,2
1337,374,1,2
1337,375,1,2
1337,376,1,2
1337,377,1,2
1337,378,1,2
1337,379,1,2
1337,380,1,2
1337,381,1,2
1337,382,1,2
1337,383,1,2
1337,384,1,2
1337,385,1,2
1337,386,1,2
1337,387,1,2
1337,388,1,2
1337,389,1,2
1337,390,1,2
1337,391,1,2
1337,392,1,2
1337,393,1,2
1337,394,1,2
1337,395,1,2
1337,396,1,2
1337,397,1,2
1337,398,1,2
1337,399,1,2
1337,400,1,2
1337,401,1,2
1337,402,1,2
1337,403,1,2
1337,404,1,2
1337,405,1,2
1337,406,1,2
1337,407,1,2
1337,408,1,2
1337,409,1,2
1337,410,1,2
1337,411,1,2
1337,412,1,2
1337,413,1,2
1337,414,1,2
1337,415,1,2
1337,416,1,2
1337,417,1,2
1337,418,1,2
1337,419,1,2
1337,420,1,2
1337,421,1,2
1337,422,1,2
1337,423,1,2
1337,424,1,2
1337,425,1,2
1337,426,1,2
1337,427,1,2
1337,428,1,2
1337,429,1,2
1337,430,1,2
1337,431,1,2
1337,432,1,2
1337,433,1,2
1337,434,1,2
1337,435,1,2
1337,436,1,2
1337,437,1,2
1337,438,1,2
1337,439,1,2
1337,440,1,2
1337,441,1,2
1337,442,1,2
1337,443,1,2
1337,444,1,2
1337,445,1,2
1337,446,1,2
1337,447,1,2
1337,448,1,2
1337,449,1,2
1337,450,1,2
1337,451,1,2
1337,452,1,2
1337,453,1,2
1337,454,1,2
1337,455,1,2
1337,456,1,2
1337,457,1,2
1337,458,1,2
1337,459,1,2
1337,460,1,2
1337,461,1,2
1337,462,1,2
1337,463,1,2
1337,464,1,2
1337,465,1,2
1337,466,1,3
1338,104,1,2
1338,105,1,2
1338,106,1,2
1338,107,1,2
1338,108,1,2
1338,109,1,2
1338,110,1,2
1338,111,1,2
1338,112,1,2
1338,113,1,2
1338,114,1,2
1338,115,1,2
1338,116,1,2
1338,117,1,2
1338,118,1,2
1338,119,1,2
1338,120,1,2
1338,121,1,2
1338,122,1,2
1338,123,1,2
1338,124,1,2
1338,125,1,2
1338,126,1,2
1338,127,1,2
1338,128,1,2
1338,129,1,2
1338,130,1,2
1338,131,1,2
1338,132,1,2
1338,133,1,2
1338,134,1,2
1338,135,1,2
1338,136,1,2
1338,137,1,2
1338,138,1,2
1338,139,1,2
1338,140,1,2
1338,141,1,2
1338,142,1,2
1338,143,1,2
1338,144,1,2
1338,145,1,2
1338,146,1,2
1338,147,1,2
1338,148,1,2
1338,149,1,2
1338,150,1,2
1338,151,1,2
1338,152,1,2
1338,153,1,2
1338,154,1,2
1338,155,1,2
1338,156,1,2
1338,157,1,2
1338,158,1,2
1338,159,1,2
1338,160,1,2
1338,161,1,2
1338,162,1,2
1338,163,1,2
1338,164,1,2
1338,165,1,2
1338,166,1,2
1338,167,1,2
1338,168,1,2
1338,169,1,2
1338,170,1,2
1338,171,1,2
1338,172,1,2
1338,173,1,2
1338,174,1,2
1338,175,1,2
1338,176,1,2
1338,177,1,2
1338,178,1,2
1338,179,1,2
1338,180,1,2
1338,181,1,2
1338,182,1,2
1338,183,1,2
1338,184,1,2
1338,185,1,2
1338,186,1,2
1338,187,1,2
1338,188,1,2
1338,189,1,2
1338,190,1,2
1338,191,1,2
1338,192,1,2
1338,193,1,2
1338,194,1,2
1338,195,1,2
1338,196,1,2
1338,197,1,2
1338,198,1,2
1338,199,1,2
1338,200,1,2
1338,201,1,2
1338,202,1,2
1338,203,1,2
1338,204,1,2
1338,205,1,2
1338,206,1,2
1338,207,1,2
1338,208,1,2
1338,209,1,2
1338,210,1,2
1338,211,1,2
1338,212,1,2
1338,213,1,2
1338,214,1,2
1338,215,1,2
1338,216,1,2
1338,217,1,2
1338,218,1,2
1338,219,1,2
1338,220,1,2
1338,221,1,2
1338,222,1,2
1338,223,1,2
1338,224,1,2
1338,225,1,2
1338,226,1,2
1338,227,1,2
1338,228,1,2
1338,229,1,2
1338,230,1,2
1338,231,1,2
1338,232,1,2
1338,233,1,2
1338,234,1,2
1338,235,1,2
1338,236,1,2
1338,237,1,2
1338,238,1,2
1338,239,1,2
1338,240,1,2
1338,241,1,2
1338,242,1,2
1338,243,1,2
1338,244,1,2
1338,245,1,2
1338,246,1,2
1338,247,1,2
1338,248,1,2
1338,249,1,2
1338,250,1,2
1338,251,1,2
1338,252,1,2
1338,253,1,2
1338,254,1,2
1338,255,1,2
1338,256,1,2
1338,257,1,2
1338,258,1,2
1338,259,1,2
1338,260,1,2
1338,261,1,2
1338,262,1,2
1338,263,1,2
1338,264,1,2
1338,265,1,2
1338,266,1,2
1338,267,1,2
1338,268,1,2
1338,269,1,2
1338,270,1,2
1338,271,1,2
1338,272,1,2
1338,273,1,2
1338,274,1,2
1338,275,1,2
1338,276,1,2
1338,277,1,2
1338,278,1,2
1338,279,1,2
1338,280,1,2
1338,281,1,2
1338,282,1,2
1338,283,1,2
1338,284,1,2
1338,285,1,2
1338,286,1,2
1338,287,1,2
1338,288,1,2
1338,289,1,2
1338,290,1,2
1338,291,1,2
1338,292,1,2
1338,293,1,2
1338,294,1,2
1338,295,1,2
1338,296,1,2
1338,297,1,2
1338,298,1,2
1338,299,1,2
1338,300,1,2
1338,301,1,2
1338,302,1,2
1338,303,1,2
1338,304,1,2
1338,305,1,2
1338,306,1,2
1338,307,1,2
1338,308,1,2
1338,309,1,2
1338,310,1,2
1338,311,1,2
1338,312,1,2
1338,313,1,2
1338,314,1,2
1338,315,1,2
1338,316,1,2
1338,317,1,2
1338,318,1,2
1338,319,1,2
1338,320,1,2
1338,321,1,2
1338,322,1,2
1338,323,1,2
1338,324,1,2
1338,325,1,2
1338,326,1,2
1338,327,1,2
1338,328,1,2
1338,329,1,2
1338,330,1,2
1338,331,1,2
1338,332,1,2
1338,333,1,2
1338,334,1,2
1338,335,1,2
1338,336,1,2
1338,337,1,2
1338,338,1,2
1338,339,1,2
1338,340,1,2
1338,341,1,2
1338,342,1,2
1338,343,1,2
1338,344,1,2
1338,345,1,2
1338,346,1,2
1338,347,1,2
1338,348,1,2
1338,349,1,2
1338,350,1,2
1338,351,1,2
1338,352,1,2
1338,353,1,2
1338,354,1,2
1338,355,1,2
1338,356,1,2
1338,357,1,2
1338,358,1,2
1338,359,1,2
1338,360,1,2
1338,361,1,2
1338,362,1,2
1338,363,1,2
1338,364,1,2
1338,365,1,2
1338,366,1,2
1338,367,1,2
1338,368,1,2
1338,369,1,2
1338,370,1,2
1338,371,1,2
1338,372,1,2
1338,373,1,2
1338,374,1,2
1338,375,1,2
1338,376,1,2
1338,377,1,2
1338,378,1,2
1338,379,1,2
1338,380,1,2
1338,381,1,2
1338,382,1,2
1338,383,1,2
1338,384,1,2
1338,385,1,2
1338,386,1,2
1338,387,1,2
1338,388,1,2
1338,389,1,2
1338,390,1,2
1338,391,1,2
1338,392,1,2
1338,393,1,2
1338,394,1,2
1338,395,1,2
1338,396,1,2
1338,397,1,2
1338,398,1,2
1338,399,1,2
1338,400,1,2
1338,401,1,2
1338,402,1,2
1338,403,1,2
1338,404,1,2
1338,405,1,2
1338,406,1,2
1338,407,1,2
1338,408,1,2
1338,409,1,2
1338,410,1,2
1338,411,1,2
1338,412,1,2
1338,413,1,2
1338,414,1,2
1338,415,1,2
1338,416,1,2
1338,417,1,2
1338,418,1,2
1338,419,1,2
1338,420,1,2
1338,421,1,2
1338,422,1,2
1338,423,1,2
1338,424,1,2
1338,425,1,2
1338,426,1,2
1338,427,1,2
1338,428,1,2
1338,429,1,2
1338,430,1,2
1338,431,1,2
1338,432,1,2
1338,433,1,2
1338,434,1,2
1338,435,1,2
1338,436,1,2
1338,437,1,2
1338,438,1,2
1338,439,1,2
1338,440,1,2
1338,441,1,2
1338,442,1,2
1338,443,1,2
1338,444,1,2
1338,445,1,2
1338,446,1,2
1338,447,1,2
1338,448,1,2
1338,449,1,2
1338,450,1,2
1338,451,1,2
1338,452,1,2
1338,453,1,2
1338,454,1,2
1338,455,1,2
1338,456,1,2
1338,457,1,2
1338,458,1,2
1338,459,1,2
1338,460,1,2
1338,461,1,2
1338,462,1,2
1338,463,1,2
1338,464,1,2
1338,465,1,2
1338,466,1,3
1339,105,1,2
1339,106,1,2
1339,107,1,2
1339,108,1,2
1339,109,1,2
1339,110,1,2
1339,111,1,2
1339,112,1,2
1339,113,1,2
1339,114,1,2
1339,115,1,2
1339,116,1,2
1339,117,1,2
1339,118,1,2
1339,119,1,2
1339,120,1,2
1339,121,1,2
1339,122,1,2
1339,123,1,2
1339,124,1,2
1339,125,1,2
1339,126,1,2
1339,127,1,2
1339,128,1,2
1339,129,1,2
1339,130,1,2
1339,131,1,2
1339,132,1,2
1339,133,1,2
1339,134,1,2
1339,135,1,2
1339,136,1,2
1339,137,1,2
1339,138,1,2
1339,139,1,2
1339,140,1,2
1339,141,1,2
1339,142,1,2
1339,143,1,2
1339,144,1,2
1339,145,1,2
1339,146,1,2
1339,147,1,2
1339,148,1,2
1339,149,1,2
1339,150,1,2
1339,151,1,2
1339,152,1,2
1339,153,1,2
1339,154,1,2
1339,155,1,2
1339,156,1,2
1339,157,1,2
1339,158,1,2
1339,159,1,2
1339,160,1,2
1339,161,1,2
1339,162,1,2
1339,163,1,2
1339,164,1,2
1339,165,1,2
1339,166,1,2
1339,167,1,2
1339,168,1,2
1339,169,1,2
1339,170,1,2
1339,171,1,2
1339,172,1,2
1339,173,1,2
1339,174,1,2
1339,175,1,2
1339,176,1,2
1339,177,1,2
1339,178,1,2
1339,179,1,2
1339,180,1,2
1339,181,1,2
1339,182,1,2
1339,183,1,2
1339,184,1,2
1339,185,1,2
1339,186,1,2
1339,187,1,2
1339,188,1,2
1339,189,1,2
1339,190,1,2
1339,191,1,2
1339,192,1,2
1339,193,1,2
1339,194,1,2
1339,195,1,2
1339,196,1,2
1339,197,1,2
1339,198,1,2
1339,199,1,2
1339,200,1,2
1339,201,1,2
1339,202,1,2
1339,203,1,2
1339,204,1,2
1339,205,1,2
1339,206,1,2
1339,207,1,2
1339,208,1,2
1339,209,1,2
1339,210,1,2
1339,211,1,2
1339,212,1,2
1339,213,1,2
1339,214,1,2
1339,215,1,2
1339,216,1,2
1339,217,1,2
1339,218,1,2
1339,219,1,2
1339,220,1,2
1339,221,1,2
1339,222,1,2
1339,223,1,2
1339,224,1,2
1339,225,1,2
1339,226,1,2
1339,227,1,2
1339,228,1,2
1339,229,1,2
1339,230,1,2
1339,231,1,2
1339,232,1,2
1339,233,1,2
1339,234,1,2
1339,235,1,2
1339,236,1,2
1339,237,1,2
1339,238,1,2
1339,239,1,2
1339,240,1,2
1339,241,1,2
1339,242,1,2
1339,243,1,2
1339,244,1,2
1339,245,1,2
1339,246,1,2
1339,247,1,2
1339,248,1,2
1339,249,1,2
1339,250,1,2
1339,251,1,2
1339,252,1,2
1339,253,1,2
1339,254,1,2
1339,255,1,2
1339,256,1,2
1339,257,1,2
1339,258,1,2
1339,259,1,2
1339,260,1,2
1339,261,1,2
1339,262,1,2
1339,263,1,2
1339,264,1,2
1339,265,1,2
1339,266,1,2
1339,267,1,2
1339,268,1,2
1339,269,1,2
1339,270,1,2
1339,271,1,2
1339,272,1,2
1339,273,1,2
1339,274,1,2
1339,275,1,2
1339,276,1,2
1339,277,1,2
1339,278,1,2
1339,279,1,2
1339,280,1,2
1339,281,1,2
1339,282,1,2
1339,283,1,2
1339,284,1,2
1339,285,1,2
1339,286,1,2
1339,287,1,2
1339,288,1,2
1339,289,1,2
1339,290,1,2
1339,291,1,2
1339,292,1,2
1339,293,1,2
1339,294,1,2
1339,295,1,2
1339,296,1,2
1339,297,1,2
1339,298,1,2
1339,299,1,2
1339,300,1,2
1339,301,1,2
1339,302,1,2
1339,303,1,2
1339,304,1,2
1339,305,1,2
1339,306,1,2
1339,307,1,2
1339,308,1,2
1339,309,1,2
1339,310,1,2
1339,311,1,2
1339,312,1,2
1339,313,1,2
1339,314,1,2
1339,315,1,2
1339,316,1,2
1339,317,1,2
1339,318,1,2
1339,319,1,2
1339,320,1,2
1339,321,1,2
1339,322,1,2
1339,323,1,2
1339,324,1,2
1339,325,1,2
1339,326,1,2
1339,327,1,2
1339,328,1,2
1339,329,1,2
1339,330,1,2
1339,331,1,2
1339,332,1,2
1339,333,1,2
1339,334,1,2
1339,335,1,2
1339,336,1,2
1339,337,1,2
1339,338,1,2
1339,339,1,2
1339,340,1,2
1339,341,1,2
1339,342,1,2
1339,343,1,2
1339,344,1,2
1339,345,1,2
1339,346,1,2
1339,347,1,2
1339,348,1,2
1339,349,1,2
1339,350,1,2
1339,351,1,2
1339,352,1,2
1339,353,1,2
1339,354,1,2
1339,355,1,2
1339,356,1,2
1339,357,1,2
1339,358,1,2
1339,359,1,2
1339,360,1,2
1339,361,1,2
1339,362,1,2
1339,363,1,2
1339,364,1,2
1339,365,1,2
1339,366,1,2
1339,367,1,2
1339,368,1,2
1339,369,1,2
1339,370,1,2
1339,371,1,2
1339,372,1,2
1339,373,1,2
1339,374,1,2
1339,375,1,2
1339,376,1,2
1339,377,1,2
1339,378,1,2
1339,379,1,2
1339,380,1,2
1339,381,1,2
1339,382,1,2
1339,383,1,2
1339,384,1,2
1339,385,1,2
1339,386,1,2
1339,387,1,2
1339,388,1,2
1339,389,1,2
1339,390,1,2
1339,391,1,2
1339,392,1,2
1339,393,1,2
1339,394,1,2
1339,395,1,2
1339,396,1,2
1339,397,1,2
1339,398,1,2
1339,399,1,2
1339,400,1,2
1339,401,1,2
1339,402,1,2
1339,403,1,2
1339,404,1,2
1339,405,1,2
1339,406,1,2
1339,407,1,2
1339,408,1,2
1339,409,1,2
1339,410,1,2
1339,411,1,2
1339,412,1,2
1339,413,1,2
1339,414,1,2
1339,415,1,2
1339,416,1,2
1339,417,1,2
1339,418,1,2
1339,419,1,2
1339,420,1,2
1339,421,1,2
1339,422,1,2
1339,423,1,2
1339,424,1,2
1339,425,1,2
1339,426,1,2
1339,427,1,2
1339,428,1,2
1339,429,1,2
1339,430,1,2
1339,431,1,2
1339,432,1,2
1339,433,1,2
1339,434,1,2
1339,435,1,2
1339,436,1,2
1339,437,1,2
1339,438,1,2
1339,439,1,2
1339,440,1,2
1339,441,1,2
1339,442,1,2
1339,443,1,2
1339,444,1,2
1339,445,1,2
1339,446,1,2
1339,447,1,2
1339,448,1,2
1339,449,1,2
1339,450,1,2
1339,451,1,2
1339,452,1,2
1339,453,1,2
1339,454,1,2
1339,455,1,2
1339,456,1,2
1339,457,1,2
1339,458,1,2
1339,459,1,2
1339,460,1,2
1339,461,1,2
1339,462,1,2
1339,463,1,2
1339,464,1,2
1339,465,1,2
1339,466,1,3
1340,105,1,2
1340,106,1,2
1340,107,1,2
1340,108,1,2
1340,109,1,2
1340,110,1,2
1340,111,1,2
1340,112,1,2
1340,113,1,2
1340,114,1,2
1340,115,1,2
1340,116,1,2
1340,117,1,2
1340,118,1,2
1340,119,1,2
1340,120,1,2
1340,121,1,2
1340,122,1,2
1340,123,1,2
1340,124,1,2
1340,125,1,2
1340,126,1,2
1340,127,1,2
1340,128,1,2
1340,129,1,2
1340,130,1,2
1340,131,1,2
1340,132,1,2
1340,133,1,2
1340,134,1,2
1340,135,1,2
1340,136,1,2
1340,137,1,2
1340,138,1,2
1340,139,1,2
1340,140,1,2
1340,141,1,2
1340,142,1,2
1340,143,1,2
1340,144,1,2
1340,145,1,2
1340,146,1,2
1340,147,1,2
1340,148,1,2
1340,149,1,2
1340,150,1,2
1340,151,1,2
1340,152,1,2
1340,153,1,2
1340,154,1,2
1340,155,1,2
1340,156,1,2
1340,157,1,2
1340,158,1,2
1340,159,1,2
1340,160,1,2
1340,161,1,2
1340,162,1,2
1340,163,1,2
1340,164,1,2
1340,165,1,2
1340,166,1,2
1340,167,1,2
1340,168,1,2
1340,169,1,2
1340,170,1,2
1340,171,1,2
1340,172,1,2
1340,173,1,2
1340,174,1,2
1340,175,1,2
1340,176,1,2
1340,177,1,2
1340,178,1,2
1340,179,1,2
1340,180,1,2
1340,181,1,2
1340,182,1,2
1340,183,1,2
1340,184,1,2
1340,185,1,2
1340,186,1,2
1340,187,1,2
1340,188,1,2
1340,189,1,2
1340,190,1,2
1340,191,1,2
1340,192,1,2
1340,193,1,2
1340,194,1,2
1340,195,1,2
1340,196,1,2
1340,197,1,2
1340,198,1,2
1340,199,1,2
1340,200,1,2
1340,201,1,2
1340,202,1,2
1340,203,1,2
1340,204,1,2
1340,205,1,2
1340,206,1,2
1340,207,1,2
1340,208,1,2
1340,209,1,2
1340,210,1,2
1340,211,1,2
1340,212,1,2
1340,213,1,2
1340,214,1,2
1340,215,1,2
1340,216,1,2
1340,217,1,2
1340,218,1,2
1340,219,1,2
1340,220,1,2
1340,221,1,2
1340,222,1,2
1340,223,1,2
1340,224,1,2
1340,225,1,2
1340,226,1,2
1340,227,1,2
1340,228,1,2
1340,229,1,2
1340,230,1,2
1340,231,1,2
1340,232,1,2
1340,233,1,2
1340,234,1,2
1340,235,1,2
1340,236,1,2
1340,237,1,2
1340,238,1,2
1340,239,1,2
1340,240,1,2
1340,241,1,2
1340,242,1,2
1340,243,1,2
1340,244,1,2
1340,245,1,2
1340,246,1,2
1340,247,1,2
1340,248,1,2
1340,249,1,2
1340,250,1,2
1340,251,1,2
1340,252,1,2
1340,253,1,2
1340,254,1,2
1340,255,1,2
1340,256,1,2
1340,257,1,2
1340,258,1,2
1340,259,1,2
1340,260,1,2
1340,261,1,2
1340,262,1,2
1340,263,1,2
1340,264,1,2
1340,265,1,2
1340,266,1,2
1340,267,1,2
1340,268,1,2
1340,269,1,2
1340,270,1,2
1340,271,1,2
1340,272,1,2
1340,273,1,2
1340,274,1,2
1340,275,1,2
1340,276,1,2
1340,277,1,2
1340,278,1,2
1340,279,1,2
1340,280,1,2
1340,281,1,2
1340,282,1,2
1340,283,1,2
1340,284,1,2
1340,285,1,2
1340,286,1,2
1340,287,1,2
1340,288,1,2
1340,289,1,2
1340,290,1,2
1340,291,1,2
1340,292,1,2
1340,293,1,2
1340,294,1,2
1340,295,1,2
1340,296,1,2
1340,297,1,2
1340,298,1,2
1340,299,1,2
1340,300,1,2
1340,301,1,2
1340,302,1,2
1340,303,1,2
1340,304,1,2
1340,305,1,2
1340,306,1,2
1340,307,1,2
1340,308,1,2
1340,309,1,2
1340,310,1,2
1340,311,1,2
1340,312,1,2
1340,313,1,2
1340,314,1,2
1340,315,1,2
1340,316,1,2
1340,317,1,2
1340,318,1,2
1340,319,1,2
1340,320,1,2
1340,321,1,2
1340,322,1,2
1340,323,1,2
1340,324,1,2
1340,325,1,2
1340,326,1,2
1340,327,1,2
1340,328,1,2
1340,329,1,2
1340,330,1,2
1340,331,1,2
1340,332,1,2
1340,333,1,2
1340,334,1,2
1340,335,1,2
1340,336,1,2
1340,337,1,2
1340,338,1,2
1340,339,1,2
1340,340,1,2
1340,341,1,2
1340,342,1,2
1340,343,1,2
1340,344,1,2
1340,345,1,2
1340,346,1,2
1340,347,1,2
1340,348,1,2
1340,349,1,2
1340,350,1,2
1340,351,1,2
1340,352,1,2
1340,353,1,2
1340,354,1,2
1340,355,1,2
1340,356,1,2
1340,357,1,2
1340,358,1,2
1340,359,1,2
1340,360,1,2
1340,361,1,2
1340,362,1,2
1340,363,1,2
1340,364,1,2
1340,365,1,2
1340,366,1,2
1340,367,1,2
1340,368,1,2
1340,369,1,2
1340,370,1,2
1340,371,1,2
1340,372,1,2
1340,373,1,2
1340,374,1,2
1340,375,1,2
1340,376,1,2
1340,377,1,2
1340,378,1,2
1340,379,1,2
1340,380,1,2
1340,381,1,2
1340,382,1,2
1340,383,1,2
1340,384,1,2
1340,385,1,2
1340,386,1,2
1340,387,1,2
1340,388,1,2
1340,389,1,2
1340,390,1,2
1340,391,1,2
1340,392,1,2
1340,393,1,2
1340,394,1,2
1340,395,1,2
1340,396,1,2
1340,397,1,2
1340,398,1,2
1340,399,1,2
1340,400,1,2
1340,401,1,2
1340,402,1,2
1340,403,1,2
1340,404,1,2
1340,405,1,2
1340,406,1,2
1340,407,1,2
1340,408,1,2
1340,409,1,2
1340,410,1,2
1340,411,1,2
1340,412,1,2
1340,413,1,2
1340,414,1,2
1340,415,1,2
1340,416,1,2
1340,417,1,2
1340,418,1,2
1340,419,1,2
1340,420,1,2
1340,421,1,2
1340,422,1,2
1340,423,1,2
1340,424,1,2
1340,425,1,2
1340,426,1,2
1340,427,1,2
1340,428,1,2
1340,429,1,2
1340,430,1,2
1340,431,1,2
1340,432,1,2
1340,433,1,2
1340,434,1,2
1340,435,1,2
1340,436,1,2
1340,437,1,2
1340,438,1,2
1340,439,1,2
1340,440,1,2
1340,441,1,2
1340,442,1,2
1340,443,1,2
1340,444,1,2
1340,445,1,2
1340,446,1,2
1340,447,1,2
1340,448,1,2
1340,449,1,2
1340,450,1,2
1340,451,1,2
1340,452,1,2
1340,453,1,2
1340,454,1,2
1340,455,1,2
1340,456,1,2
1340,457,1,2
1340,458,1,2
1340,459,1,2
1340,460,1,2
1340,461,1,2
1340,462,1,2
1340,463,1,2
1340,464,1,2
1340,465,1,2
1340,466,1,3
1341,105,1,2
1341,106,1,2
1341,107,1,2
1341,108,1,2
1341,109,1,2
1341,110,1,2
1341,111,1,2
1341,112,1,2
1341,113,1,2
1341,114,1,2
1341,115,1,2
1341,116,1,2
1341,117,1,2
1341,118,1,2
1341,119,1,2
1341,120,1,2
1341,121,1,2
1341,122,1,2
1341,123,1,2
1341,124,1,2
1341,125,1,2
1341,126,1,2
1341,127,1,2
1341,128,1,2
1341,129,1,2
1341,130,1,2
1341,131,1,2
1341,132,1,2
1341,133,1,2
1341,134,1,2
1341,135,1,2
1341,136,1,2
1341,137,1,2
1341,138,1,2
1341,139,1,2
1341,140,1,2
1341,141,1,2
1341,142,1,2
1341,143,1,2
1341,144,1,2
1341,145,1,2
1341,146,1,2
1341,147,1,2
1341,148,1,2
1341,149,1,2
1341,150,1,2
1341,151,1,2
1341,152,1,2
1341,153,1,2
1341,154,1,2
1341,155,1,2
1341,156,1,2
1341,157,1,2
1341,158,1,2
1341,159,1,2
1341,160,1,2
1341,161,1,2
1341,162,1,2
1341,163,1,2
1341,164,1,2
1341,165,1,2
1341,166,1,2
1341,167,1,2
1341,168,1,2
1341,169,1,2
1341,170,1,2
1341,171,1,2
1341,172,1,2
1341,173,1,2
1341,174,1,2
1341,175,1,2
1341,176,1,2
1341,177,1,2
1341,178,1,2
1341,179,1,2
1341,180,1,2
1341,181,1,2
1341,182,1,2
1341,183,1,2
1341,184,1,2
1341,185,1,2
1341,186,1,2
1341,187,1,2
1341,188,1,2
1341,189,1,2
1341,190,1,2
1341,191,1,2
1341,192,1,2
1341,193,1,2
1341,194,1,2
1341,195,1,2
1341,196,1,2
1341,197,1,2
1341,198,1,2
1341,199,1,2
1341,200,1,2
1341,201,1,2
1341,202,1,2
1341,203,1,2
1341,204,1,2
1341,205,1,2
1341,206,1,2
1341,207,1,2
1341,208,1,2
1341,209,1,2
1341,210,1,2
1341,211,1,2
1341,212,1,2
1341,213,1,2
1341,214,1,2
1341,215,1,2
1341,216,1,2
1341,217,1,2
1341,218,1,2
1341,219,1,2
1341,220,1,2
1341,221,1,2
1341,222,1,2
1341,223,1,2
1341,224,1,2
1341,225,1,2
1341,226,1,2
1341,227,1,2
1341,228,1,2
1341,229,1,2
1341,230,1,2
1341,231,1,2
1341,232,1,2
1341,233,1,2
1341,234,1,2
1341,235,1,2
1341,236,1,2
1341,237,1,2
1341,238,1,2
1341,239,1,2
1341,240,1,2
1341,241,1,2
1341,242,1,2
1341,243,1,2
1341,244,1,2
1341,245,1,2
1341,246,1,2
1341,247,1,2
1341,248,1,2
1341,249,1,2
1341,250,1,2
1341,251,1,2
1341,252,1,2
1341,253,1,2
1341,254,1,2
1341,255,1,2
1341,256,1,2
1341,257,1,2
1341,258,1,2
1341,259,1,2
1341,260,1,2
1341,261,1,2
1341,262,1,2
1341,263,1,2
1341,264,1,2
1341,265,1,2
1341,266,1,2
1341,267,1,2
1341,268,1,2
1341,269,1,2
1341,270,1,2
1341,271,1,2
1341,272,1,2
1341,273,1,2
1341,274,1,2
1341,275,1,2
1341,276,1,2
1341,277,1,2
1341,278,1,2
1341,279,1,2
1341,280,1,2
1341,281,1,2
1341,282,1,2
1341,283,1,2
1341,284,1,2
1341,285,1,2
1341,286,1,2
1341,287,1,2
1341,288,1,2
1341,289,1,2
1341,290,1,2
1341,291,1,2
1341,292,1,2
1341,293,1,2
1341,294,1,2
1341,295,1,2
1341,296,1,2
1341,297,1,2
1341,298,1,2
1341,299,1,2
1341,300,1,2
1341,301,1,2
1341,302,1,2
1341,303,1,2
1341,304,1,2
1341,305,1,2
1341,306,1,2
1341,307,1,2
1341,308,1,2
1341,309,1,2
1341,310,1,2
1341,311,1,2
1341,312,1,2
1341,313,1,2
1341,314,1,2
1341,315,1,2
1341,316,1,2
1341,317,1,2
1341,318,1,2
1341,319,1,2
1341,320,1,2
1341,321,1,2
1341,322,1,2
1341,323,1,2
1341,324,1,2
1341,325,1,2
1341,326,1,2
1341,327,1,2
1341,328,1,2
1341,329,1,2
1341,330,1,2
1341,331,1,2
1341,332,1,2
1341,333,1,2
1341,334,1,2
1341,335,1,2
1341,336,1,2
1341,337,1,2
1341,338,1,2
1341,339,1,2
1341,340,1,2
1341,341,1,2
1341,342,1,2
1341,343,1,2
1341,344,1,2
1341,345,1,2
1341,346,1,2
1341,347,1,2
1341,348,1,2
1341,349,1,2
1341,350,1,2
1341,351,1,2
1341,352,1,2
1341,353,1,2
1341,354,1,2
1341,355,1,2
1341,356,1,2
1341,357,1,2
1341,358,1,2
1341,359,1,2
1341,360,1,2
1341,361,1,2
1341,362,1,2
1341,363,1,2
1341,364,1,2
1341,365,1,2
1341,366,1,2
1341,367,1,2
1341,368,1,2
1341,369,1,2
1341,370,1,2
1341,371,1,2
1341,372,1,2
1341,373,1,2
1341,374,1,2
1341,375,1,2
1341,376,1,2
1341,377,1,2
1341,378,1,2
1341,379,1,2
1341,380,1,2
1341,381,1,2
1341,382,1,2
1341,383,1,2
1341,384,1,2
1341,385,1,2
1341,386,1,2
1341,387,1,2
1341,388,1,2
1341,389,1,2
1341,390,1,2
1341,391,1,2
1341,392,1,2
1341,393,1,2
1341,394,1,2
1341,395,1,2
1341,396,1,2
1341,397,1,2
1341,398,1,2
1341,399,1,2
1341,400,1,2
1341,401,1,2
1341,402,1,2
1341,403,1,2
1341,404,1,2
1341,405,1,2
1341,406,1,2
1341,407,1,2
1341,408,1,2
1341,409,1,2
1341,410,1,2
1341,411,1,2
1341,412,1,2
1341,413,1,2
1341,414,1,2
1341,415,1,2
1341,416,1,2
1341,417,1,2
1341,418,1,2
1341,419,1,2
1341,420,1,2
1341,421,1,2
1341,422,1,2
1341,423,1,2
1341,424,1,2
1341,425,1,2
1341,426,1,2
1341,427,1,2
1341,428,1,2
1341,429,1,2
1341,430,1,2
1341,431,1,2
1341,432,1,2
1341,433,1,2
1341,434,1,2
1341,435,1,2
1341,436,1,2
1341,437,1,2
1341,438,1,2
1341,439,1,2
1341,440,1,2
1341,441,1,2
1341,442,1,2
1341,443,1,2
1341,444,1,2
1341,445,1,2
1341,446,1,2
1341,447,1,2
1341,448,1,2
1341,449,1,2
1341,450,1,2
1341,451,1,2
1341,452,1,2
1341,453,1,2
1341,454,1,2
1341,455,1,2
1341,456,1,2
1341,457,1,2
1341,458,1,2
1341,459,1,2
1341,460,1,2
1341,461,1,2
1341,462,1,2
1341,463,1,2
1341,464,1,2
1341,465,1,2
1341,466,1,3
1342,106,1,2
1342,107,1,2
1342,108,1,2
1342,109,1,2
1342,110,1,2
1342,111,1,2
1342,112,1,2
1342,113,1,2
1342,114,1,2
1342,115,1,2
1342,116,1,2
1342,117,1,2
1342,118,1,2
1342,119,1,2
1342,120,1,2
1342,121,1,2
1342,122,1,2
1342,123,1,2
1342,124,1,2
1342,125,1,2
1342,126,1,2
1342,127,1,2
1342,128,1,2
1342,129,1,2
1342,130,1,2
1342,131,1,2
1342,132,1,2
1342,133,1,2
1342,134,1,2
1342,135,1,2
1342,136,1,2
1342,137,1,2
1342,138,1,2
1342,139,1,2
1342,140,1,2
1342,141,1,2
1342,142,1,2
1342,143,1,2
1342,144,1,2
1342,145,1,2
1342,146,1,2
1342,147,1,2
1342,148,1,2
1342,149,1,2
1342,150,1,2
1342,151,1,2
1342,152,1,2
1342,153,1,2
1342,154,1,2
1342,155,1,2
1342,156,1,2
1342,157,1,2
1342,158,1,2
1342,159,1,2
1342,160,1,2
1342,161,1,2
1342,162,1,2
1342,163,1,2
1342,164,1,2
1342,165,1,2
1342,166,1,2
1342,167,1,2
1342,168,1,2
1342,169,1,2
1342,170,1,2
1342,171,1,2
1342,172,1,2
1342,173,1,2
1342,174,1,2
1342,175,1,2
1342,176,1,2
1342,177,1,2
1342,178,1,2
1342,179,1,2
1342,180,1,2
1342,181,1,2
1342,182,1,2
1342,183,1,2
1342,184,1,2
1342,185,1,2
1342,186,1,2
1342,187,1,2
1342,188,1,2
1342,189,1,2
1342,190,1,2
1342,191,1,2
1342,192,1,2
1342,193,1,2
1342,194,1,2
1342,195,1,2
1342,196,1,2
1342,197,1,2
1342,198,1,2
1342,199,1,2
1342,200,1,2
1342,201,1,2
1342,202,1,2
1342,203,1,2
1342,204,1,2
1342,205,1,2
1342,206,1,2
1342,207,1,2
1342,208,1,2
1342,209,1,2
1342,210,1,2
1342,211,1,2
1342,212,1,2
1342,213,1,2
1342,214,1,2
1342,215,1,2
1342,216,1,2
1342,217,1,2
1342,218,1,2
1342,219,1,2
1342,220,1,2
1342,221,1,2
1342,222,1,2
1342,223,1,2
1342,224,1,2
1342,225,1,2
1342,226,1,2
1342,227,1,2
1342,228,1,2
1342,229,1,2
1342,230,1,2
1342,231,1,2
1342,232,1,2
1342,233,1,2
1342,234,1,2
1342,235,1,2
1342,236,1,2
1342,237,1,2
1342,238,1,2
1342,239,1,2
1342,240,1,2
1342,241,1,2
1342,242,1,2
1342,243,1,2
1342,244,1,2
1342,245,1,2
1342,246,1,2
1342,247,1,2
1342,248,1,2
1342,249,1,2
1342,250,1,2
1342,251,1,2
1342,252,1,2
1342,253,1,2
1342,254,1,2
1342,255,1,2
1342,256,1,2
1342,257,1,2
1342,258,1,2
1342,259,1,2
1342,260,1,2
1342,261,1,2
1342,262,1,2
1342,263,1,2
1342,264,1,2
1342,265,1,2
1342,266,1,2
1342,267,1,2
1342,268,1,2
1342,269,1,2
1342,270,1,2
1342,271,1,2
1342,272,1,2
1342,273,1,2
1342,274,1,2
1342,275,1,2
1342,276,1,2
1342,277,1,2
1342,278,1,2
1342,279,1,2
1342,280,1,2
1342,281,1,2
1342,282,1,2
1342,283,1,2
1342,284,1,2
1342,285,1,2
1342,286,1,2
1342,287,1,2
1342,288,1,2
1342,289,1,2
1342,290,1,2
1342,291,1,2
1342,292,1,2
1342,293,1,2
1342,294,1,2
1342,295,1,2
1342,296,1,2
1342,297,1,2
1342,298,1,2
1342,299,1,2
1342,300,1,2
1342,301,1,2
1342,302,1,2
1342,303,1,2
1342,304,1,2
1342,305,1,2
1342,306,1,2
1342,307,1,2
1342,308,1,2
1342,309,1,2
1342,310,1,2
1342,311,1,2
1342,312,1,2
1342,313,1,2
1342,314,1,2
1342,315,1,2
1342,316,1,2
1342,317,1,2
1342,318,1,2
1342,319,1,2
1342,320,1,2
1342,321,1,2
1342,322,1,2
1342,323,1,2
1342,324,1,2
1342,325,1,2
1342,326,1,2
1342,327,1,2
1342,328,1,2
1342,329,1,2
1342,330,1,2
1342,331,1,2
1342,332,1,2
1342,333,1,2
1342,334,1,2
1342,335,1,2
1342,336,1,2
1342,337,1,2
1342,338,1,2
1342,339,1,2
1342,340,1,2
1342,341,1,2
1342,342,1,2
1342,343,1,2
1342,344,1,2
1342,345,1,2
1342,346,1,2
1342,347,1,2
1342,348,1,2
1342,349,1,2
1342,350,1,2
1342,351,1,2
1342,352,1,2
1342,353,1,2
1342,354,1,2
1342,355,1,2
1342,356,1,2
1342,357,1,2
1342,358,1,2
1342,359,1,2
1342,360,1,2
1342,361,1,2
1342,362,1,2
1342,363,1,2
1342,364,1,2
1342,365,1,2
1342,366,1,2
1342,367,1,2
1342,368,1,2
1342,369,1,2
1342,370,1,2
1342,371,1,2
1342,372,1,2
1342,373,1,2
1342,374,1,2
1342,375,1,2
1342,376,1,2
1342,377,1,2
1342,378,1,2
1342,379,1,2
1342,380,1,2
1342,381,1,2
1342,382,1,2
1342,383,1,2
1342,384,1,2
1342,385,1,2
1342,386,1,2
1342,387,1,2
1342,388,1,2
1342,389,1,2
1342,390,1,2
1342,391,1,2
1342,392,1,2
1342,393,1,2
1342,394,1,2
1342,395,1,2
1342,396,1,2
1342,397,1,2
1342,398,1,2
1342,399,1,2
1342,400,1,2
1342,401,1,2
1342,402,1,2
1342,403,1,2
1342,404,1,2
1342,405,1,2
1342,406,1,2
1342,407,1,2
1342,408,1,2
1342,409,1,2
1342,410,1,2
1342,411,1,2
1342,412,1,2
1342,413,1,2
1342,414,1,2
1342,415,1,2
1342,416,1,2
1342,417,1,2
1342,418,1,2
1342,419,1,2
1342,420,1,2
1342,421,1,2
1342,422,1,2
1342,423,1,2
1342,424,1,2
1342,425,1,2
1342,426,1,2
1342,427,1,2
1342,428,1,2
1342,429,1,2
1342,430,1,2
1342,431,1,2
1342,432,1,2
1342,433,1,2
1342,434,1,2
1342,435,1,2
1342,436,1,2
1342,437,1,2
1342,438,1,2
1342,439,1,2
1342,440,1,2
1342,441,1,2
1342,442,1,2
1342,443,1,2
1342,444,1,2
1342,445,1,2
1342,446,1,2
1342,447,1,2
1342,448,1,2
1342,449,1,2
1342,450,1,2
1342,451,1,2
1342,452,1,2
1342,453,1,2
1342,454,1,2
1342,455,1,2
1342,456,1,2
1342,457,1,2
1342,458,1,2
1342,459,1,2
1342,460,1,2
1342,461,1,2
1342,462,1,2
1342,463,1,2
1342,464,1,2
1342,465,1,2
1342,466,1,3
1343,106,1,2
1343,107,1,2
1343,108,1,2
1343,109,1,2
1343,110,1,2
1343,111,1,2
1343,112,1,2
1343,113,1,2
1343,114,1,2
1343,115,1,2
1343,116,1,2
1343,117,1,2
1343,118,1,2
1343,119,1,2
1343,120,1,2
1343,121,1,2
1343,122,1,2
1343,123,1,2
1343,124,1,2
1343,125,1,2
1343,126,1,2
1343,127,1,2
1343,128,1,2
1343,129,1,2
1343,130,1,2
1343,131,1,2
1343,132,1,2
1343,133,1,2
1343,134,1,2
1343,135,1,2
1343,136,1,2
1343,137,1,2
1343,138,1,2
1343,139,1,2
1343,140,1,2
1343,141,1,2
1343,142,1,2
1343,143,1,2
1343,144,1,2
1343,145,1,2
1343,146,1,2
1343,147,1,2
1343,148,1,2
1343,149,1,2
1343,150,1,2
1343,151,1,2
1343,152,1,2
1343,153,1,2
1343,154,1,2
1343,155,1,2
1343,156,1,2
1343,157,1,2
1343,158,1,2
1343,159,1,2
1343,160,1,2
1343,161,1,2
1343,162,1,2
1343,163,1,2
1343,164,1,2
1343,165,1,2
1343,166,1,2
1343,167,1,2
1343,168,1,2
1343,169,1,2
1343,170,1,2
1343,171,1,2
1343,172,1,2
1343,173,1,2
1343,174,1,2
1343,175,1,2
1343,176,1,2
1343,177,1,2
1343,178,1,2
1343,179,1,2
1343,180,1,2
1343,181,1,2
1343,182,1,2
1343,183,1,2
1343,184,1,2
1343,185,1,2
1343,186,1,2
1343,187,1,2
1343,188,1,2
1343,189,1,2
1343,190,1,2
1343,191,1,2
1343,192,1,2
1343,193,1,2
1343,194,1,2
1343,195,1,2
1343,196,1,2
1343,197,1,2
1343,198,1,2
1343,199,1,2
1343,200,1,2
1343,201,1,2
1343,202,1,2
1343,203,1,2
1343,204,1,2
1343,205,1,2
1343,206,1,2
1343,207,1,2
1343,208,1,2
1343,209,1,2
1343,210,1,2
1343,211,1,2
1343,212,1,2
1343,213,1,2
1343,214,1,2
1343,215,1,2
1343,216,1,2
1343,217,1,2
1343,218,1,2
1343,219,1,2
1343,220,1,2
1343,221,1,2
1343,222,1,2
1343,223,1,2
1343,224,1,2
1343,225,1,2
1343,226,1,2
1343,227,1,2
1343,228,1,2
1343,229,1,2
1343,230,1,2
1343,231,1,2
1343,232,1,2
1343,233,1,2
1343,234,1,2
1343,235,1,2
1343,236,1,2
1343,237,1,2
1343,238,1,2
1343,239,1,2
1343,240,1,2
1343,241,1,2
1343,242,1,2
1343,243,1,2
1343,244,1,2
1343,245,1,2
1343,246,1,2
1343,247,1,2
1343,248,1,2
1343,249,1,2
1343,250,1,2
1343,251,1,2
1343,252,1,2
1343,253,1,2
1343,254,1,2
1343,255,1,2
1343,256,1,2
1343,257,1,2
1343,258,1,2
1343,259,1,2
1343,260,1,2
1343,261,1,2
1343,262,1,2
1343,263,1,2
1343,264,1,2
1343,265,1,2
1343,266,1,2
1343,267,1,2
1343,268,1,2
1343,269,1,2
1343,270,1,2
1343,271,1,2
1343,272,1,2
1343,273,1,2
1343,274,1,2
1343,275,1,2
1343,276,1,2
1343,277,1,2
1343,278,1,2
1343,279,1,2
1343,280,1,2
1343,281,1,2
1343,282,1,2
1343,283,1,2
1343,284,1,2
1343,285,1,2
1343,286,1,2
1343,287,1,2
1343,288,1,2
1343,289,1,2
1343,290,1,2
1343,291,1,2
1343,292,1,2
1343,293,1,2
1343,294,1,2
1343,295,1,2
1343,296,1,2
1343,297,1,2
1343,298,1,2
1343,299,1,2
1343,300,1,2
1343,301,1,2
1343,302,1,2
1343,303,1,2
1343,304,1,2
1343,305,1,2
1343,306,1,2
1343,307,1,2
1343,308,1,2
1343,309,1,2
1343,310,1,2
1343,311,1,2
1343,312,1,2
1343,313,1,2
1343,314,1,2
1343,315,1,2
1343,316,1,2
1343,317,1,2
1343,318,1,2
1343,319,1,2
1343,320,1,2
1343,321,1,2
1343,322,1,2
1343,323,1,2
1343,324,1,2
1343,325,1,2
1343,326,1,2
1343,327,1,2
1343,328,1,2
1343,329,1,2
1343,330,1,2
1343,331,1,2
1343,332,1,2
1343,333,1,2
1343,334,1,2
1343,335,1,2
1343,336,1,2
1343,337,1,2
1343,338,1,2
1343,339,1,2
1343,340,1,2
1343,341,1,2
1343,342,1,2
1343,343,1,2
1343,344,1,2
1343,345,1,2
1343,346,1,2
1343,347,1,2
1343,348,1,2
1343,349,1,2
1343,350,1,2
1343,351,1,2
1343,352,1,2
1343,353,1,2
1343,354,1,2
1343,355,1,2
1343,356,1,2
1343,357,1,2
1343,358,1,2
1343,359,1,2
1343,360,1,2
1343,361,1,2
1343,362,1,2
1343,363,1,2
1343,364,1,2
1343,365,1,2
1343,366,1,2
1343,367,1,2
1343,368,1,2
1343,369,1,2
1343,370,1,2
1343,371,1,2
1343,372,1,2
1343,373,1,2
1343,374,1,2
1343,375,1,2
1343,376,1,2
1343,377,1,2
1343,378,1,2
1343,379,1,2
1343,380,1,2
1343,381,1,2
1343,382,1,2
1343,383,1,2
1343,384,1,2
1343,385,1,2
1343,386,1,2
1343,387,1,2
1343,388,1,2
1343,389,1,2
1343,390,1,2
1343,391,1,2
1343,392,1,2
1343,393,1,2
1343,394,1,2
1343,395,1,2
1343,396,1,2
1343,397,1,2
1343,398,1,2
1343,399,1,2
1343,400,1,2
1343,401,1,2
1343,402,1,2
1343,403,1,2
1343,404,1,2
1343,405,1,2
1343,406,1,2
1343,407,1,2
1343,408,1,2
1343,409,1,2
1343,410,1,2
1343,411,1,2
1343,412,1,2
1343,413,1,2
1343,414,1,2
1343,415,1,2
1343,416,1,2
1343,417,1,2
1343,418,1,2
1343,419,1,2
1343,420,1,2
1343,421,1,2
1343,422,1,2
1343,423,1,2
1343,424,1,2
1343,425,1,2
1343,426,1,2
1343,427,1,2
1343,428,1,2
1343,429,1,2
1343,430,1,2
1343,431,1,2
1343,432,1,2
1343,433,1,2
1343,434,1,2
1343,435,1,2
1343,436,1,2
1343,437,1,2
1343,438,1,2
1343,439,1,2
1343,440,1,2
1343,441,1,2
1343,442,1,2
1343,443,1,2
1343,444,1,2
1343,445,1,2
1343,446,1,2
1343,447,1,2
1343,448,1,2
1343,449,1,2
1343,450,1,2
1343,451,1,2
1343,452,1,2
1343,453,1,2
1343,454,1,2
1343,455,1,2
1343,456,1,2
1343,457,1,2
1343,458,1,2
1343,459,1,2
1343,460,1,2
1343,461,1,2
1343,462,1,2
1343,463,1,2
1343,464,1,2
1343,465,1,2
1343,466,1,3
1344,106,1,2
1344,107,1,2
1344,108,1,2
1344,109,1,2
1344,110,1,2
1344,111,1,2
1344,112,1,2
1344,113,1,2
1344,114,1,2
1344,115,1,2
1344,116,1,2
1344,117,1,2
1344,118,1,2
1344,119,1,2
1344,120,1,2
1344,121,1,2
1344,122,1,2
1344,123,1,2
1344,124,1,2
1344,125,1,2
1344,126,1,2
1344,127,1,2
1344,128,1,2
1344,129,1,2
1344,130,1,2
1344,131,1,2
1344,132,1,2
1344,133,1,2
1344,134,1,2
1344,135,1,2
1344,136,1,2
1344,137,1,2
1344,138,1,2
1344,139,1,2
1344,140,1,2
1344,141,1,2
1344,142,1,2
1344,143,1,2
1344,144,1,2
1344,145,1,2
1344,146,1,2
1344,147,1,2
1344,148,1,2
1344,149,1,2
1344,150,1,2
1344,151,1,2
1344,152,1,2
1344,153,1,2
1344,154,1,2
1344,155,1,2
1344,156,1,2
1344,157,1,2
1344,158,1,2
1344,159,1,2
1344,160,1,2
1344,161,1,2
1344,162,1,2
1344,163,1,2
1344,164,1,2
1344,165,1,2
1344,166,1,2
1344,167,1,2
1344,168,1,2
1344,169,1,2
1344,170,1,2
1344,171,1,2
1344,172,1,2
1344,173,1,2
1344,174,1,2
1344,175,1,2
1344,176,1,2
1344,177,1,2
1344,178,1,2
1344,179,1,2
1344,180,1,2
1344,181,1,2
1344,182,1,2
1344,183,1,2
1344,184,1,2
1344,185,1,2
1344,186,1,2
1344,187,1,2
1344,188,1,2
1344,189,1,2
1344,190,1,2
1344,191,1,2
1344,192,1,2
1344,193,1,2
1344,194,1,2
1344,195,1,2
1344,196,1,2
1344,197,1,2
1344,198,1,2
1344,199,1,2
1344,200,1,2
1344,201,1,2
1344,202,1,2
1344,203,1,2
1344,204,1,2
1344,205,1,2
1344,206,1,2
1344,207,1,2
1344,208,1,2
1344,209,1,2
1344,210,1,2
1344,211,1,2
1344,212,1,2
1344,213,1,2
1344,214,1,2
1344,215,1,2
1344,216,1,2
1344,217,1,2
1344,218,1,2
1344,219,1,2
1344,220,1,2
1344,221,1,2
1344,222,1,2
1344,223,1,2
1344,224,1,2
1344,225,1,2
1344,226,1,2
1344,227,1,2
1344,228,1,2
1344,229,1,2
1344,230,1,2
1344,231,1,2
1344,232,1,2
1344,233,1,2
1344,234,1,2
1344,235,1,2
1344,236,1,2
1344,237,1,2
1344,238,1,2
1344,239,1,2
1344,240,1,2
1344,241,1,2
1344,242,1,2
1344,243,1,2
1344,244,1,2
1344,245,1,2
1344,246,1,2
1344,247,1,2
1344,248,1,2
1344,249,1,2
1344,250,1,2
1344,251,1,2
1344,252,1,2
1344,253,1,2
1344,254,1,2
1344,255,1,2
1344,256,1,2
1344,257,1,2
1344,258,1,2
1344,259,1,2
1344,260,1,2
1344,261,1,2
1344,262,1,2
1344,263,1,2
1344,264,1,2
1344,265,1,2
1344,266,1,2
1344,267,1,2
1344,268,1,2
1344,269,1,2
1344,270,1,2
1344,271,1,2
1344,272,1,2
1344,273,1,2
1344,274,1,2
1344,275,1,2
1344,276,1,2
1344,277,1,2
1344,278,1,2
1344,279,1,2
1344,280,1,2
1344,281,1,2
1344,282,1,2
1344,283,1,2
1344,284,1,2
1344,285,1,2
1344,286,1,2
1344,287,1,2
1344,288,1,2
1344,289,1,2
1344,290,1,2
1344,291,1,2
1344,292,1,2
1344,293,1,2
1344,294,1,2
1344,295,1,2
1344,296,1,2
1344,297,1,2
1344,298,1,2
1344,299,1,2
1344,300,1,2
1344,301,1,2
1344,302,1,2
1344,303,1,2
1344,304,1,2
1344,305,1,2
1344,306,1,2
1344,307,1,2
1344,308,1,2
1344,309,1,2
1344,310,1,2
1344,311,1,2
1344,312,1,2
1344,313,1,2
1344,314,1,2
1344,315,1,2
1344,316,1,2
1344,317,1,2
1344,318,1,2
1344,319,1,2
1344,320,1,2
1344,321,1,2
1344,322,1,2
1344,323,1,2
1344,324,1,2
1344,325,1,2
1344,326,1,2
1344,327,1,2
1344,328,1,2
1344,329,1,2
1344,330,1,2
1344,331,1,2
1344,332,1,2
1344,333,1,2
1344,334,1,2
1344,335,1,2
1344,336,1,2
1344,337,1,2
1344,338,1,2
1344,339,1,2
1344,340,1,2
1344,341,1,2
1344,342,1,2
1344,343,1,2
1344,344,1,2
1344,345,1,2
1344,346,1,2
1344,347,1,2
1344,348,1,2
1344,349,1,2
1344,350,1,2
1344,351,1,2
1344,352,1,2
1344,353,1,2
1344,354,1,2
1344,355,1,2
1344,356,1,2
1344,357,1,2
1344,358,1,2
1344,359,1,2
1344,360,1,2
1344,361,1,2
1344,362,1,2
1344,363,1,2
1344,364,1,2
1344,365,1,2
1344,366,1,2
1344,367,1,2
1344,368,1,2
1344,369,1,2
1344,370,1,2
1344,371,1,2
1344,372,1,2
1344,373,1,2
1344,374,1,2
1344,375,1,2
1344,376,1,2
1344,377,1,2
1344,378,1,2
1344,379,1,2
1344,380,1,2
1344,381,1,2
1344,382,1,2
1344,383,1,2
1344,384,1,2
1344,385,1,2
1344,386,1,2
1344,387,1,2
1344,388,1,2
1344,389,1,2
1344,390,1,2
1344,391,1,2
1344,392,1,2
1344,393,1,2
1344,394,1,2
1344,395,1,2
1344,396,1,2
1344,397,1,2
1344,398,1,2
1344,399,1,2
1344,400,1,2
1344,401,1,2
1344,402,1,2
1344,403,1,2
1344,404,1,2
1344,405,1,2
1344,406,1,2
1344,407,1,2
1344,408,1,2
1344,409,1,2
1344,410,1,2
1344,411,1,2
1344,412,1,2
1344,413,1,2
1344,414,1,2
1344,415,1,2
1344,416,1,2
1344,417,1,2
1344,418,1,2
1344,419,1,2
1344,420,1,2
1344,421,1,2
1344,422,1,2
1344,423,1,2
1344,424,1,2
1344,425,1,2
1344,426,1,2
1344,427,1,2
1344,428,1,2
1344,429,1,2
1344,430,1,2
1344,431,1,2
1344,432,1,2
1344,433,1,2
1344,434,1,2
1344,435,1,2
1344,436,1,2
1344,437,1,2
1344,438,1,2
1344,439,1,2
1344,440,1,2
1344,441,1,2
1344,442,1,2
1344,443,1,2
1344,444,1,2
1344,445,1,2
1344,446,1,2
1344,447,1,2
1344,448,1,2
1344,449,1,2
1344,450,1,2
1344,451,1,2
1344,452,1,2
1344,453,1,2
1344,454,1,2
1344,455,1,2
1344,456,1,2
1344,457,1,2
1344,458,1,2
1344,459,1,2
1344,460,1,2
1344,461,1,2
1344,462,1,2
1344,463,1,2
1344,464,1,2
1344,465,1,2
1344,466,1,3
1345,106,1,2
1345,107,1,2
1345,108,1,2
1345,109,1,2
1345,110,1,2
1345,111,1,2
1345,112,1,2
1345,113,1,2
1345,114,1,2
1345,115,1,2
1345,116,1,2
1345,117,1,2
1345,118,1,2
1345,119,1,2
1345,120,1,2
1345,121,1,2
1345,122,1,2
1345,123,1,2
1345,124,1,2
1345,125,1,2
1345,126,1,2
1345,127,1,2
1345,128,1,2
1345,129,1,2
1345,130,1,2
1345,131,1,2
1345,132,1,2
1345,133,1,2
1345,134,1,2
1345,135,1,2
1345,136,1,2
1345,137,1,2
1345,138,1,2
1345,139,1,2
1345,140,1,2
1345,141,1,2
1345,142,1,2
1345,143,1,2
1345,144,1,2
1345,145,1,2
1345,146,1,2
1345,147,1,2
1345,148,1,2
1345,149,1,2
1345,150,1,2
1345,151,1,2
1345,152,1,2
1345,153,1,2
1345,154,1,2
1345,155,1,2
1345,156,1,2
1345,157,1,2
1345,158,1,2
1345,159,1,2
1345,160,1,2
1345,161,1,2
1345,162,1,2
1345,163,1,2
1345,164,1,2
1345,165,1,2
1345,166,1,2
1345,167,1,2
1345,168,1,2
1345,169,1,2
1345,170,1,2
1345,171,1,2
1345,172,1,2
1345,173,1,2
1345,174,1,2
1345,175,1,2
1345,176,1,2
1345,177,1,2
1345,178,1,2
1345,179,1,2
1345,180,1,2
1345,181,1,2
1345,182,1,2
1345,183,1,2
1345,184,1,2
1345,185,1,2
1345,186,1,2
1345,187,1,2
1345,188,1,2
1345,189,1,2
1345,190,1,2
1345,191,1,2
1345,192,1,2
1345,193,1,2
1345,194,1,2
1345,195,1,2
1345,196,1,2
1345,197,1,2
1345,198,1,2
1345,199,1,2
1345,200,1,2
1345,201,1,2
1345,202,1,2
1345,203,1,2
1345,204,1,2
1345,205,1,2
1345,206,1,2
1345,207,1,2
1345,208,1,2
1345,209,1,2
1345,210,1,2
1345,211,1,2
1345,212,1,2
1345,213,1,2
1345,214,1,2
1345,215,1,2
1345,216,1,2
1345,217,1,2
1345,218,1,2
1345,219,1,2
1345,220,1,2
1345,221,1,2
1345,222,1,2
1345,223,1,2
1345,224,1,2
1345,225,1,2
1345,226,1,2
1345,227,1,2
1345,228,1,2
1345,229,1,2
1345,230,1,2
1345,231,1,2
1345,232,1,2
1345,233,1,2
1345,234,1,2
1345,235,1,2
1345,236,1,2
1345,237,1,2
1345,238,1,2
1345,239,1,2
1345,240,1,2
1345,241,1,2
1345,242,1,2
1345,243,1,2
1345,244,1,2
1345,245,1,2
1345,246,1,2
1345,247,1,2
1345,248,1,2
1345,249,1,2
1345,250,1,2
1345,251,1,2
1345,252,1,2
1345,253,1,2
1345,254,1,2
1345,255,1,2
1345,256,1,2
1345,257,1,2
1345,258,1,2
1345,259,1,2
1345,260,1,2
1345,261,1,2
1345,262,1,2
1345,263,1,2
1345,264,1,2
1345,265,1,2
1345,266,1,2
1345,267,1,2
1345,268,1,2
1345,269,1,2
1345,270,1,2
1345,271,1,2
1345,272,1,2
1345,273,1,2
1345,274,1,2
1345,275,1,2
1345,276,1,2
1345,277,1,2
1345,278,1,2
1345,279,1,2
1345,280,1,2
1345,281,1,2
1345,282,1,2
1345,283,1,2
1345,284,1,2
1345,285,1,2
1345,286,1,2
1345,287,1,2
1345,288,1,2
1345,289,1,2
1345,290,1,2
1345,291,1,2
1345,292,1,2
1345,293,1,2
1345,294,1,2
1345,295,1,2
1345,296,1,2
1345,297,1,2
1345,298,1,2
1345,299,1,2
1345,300,1,2
1345,301,1,2
1345,302,1,2
1345,303,1,2
1345,304,1,2
1345,305,1,2
1345,306,1,2
1345,307,1,2
1345,308,1,2
1345,309,1,2
1345,310,1,2
1345,311,1,2
1345,312,1,2
1345,313,1,2
1345,314,1,2
1345,315,1,2
1345,316,1,2
1345,317,1,2
1345,318,1,2
1345,319,1,2
1345,320,1,2
1345,321,1,2
1345,322,1,2
1345,323,1,2
1345,324,1,2
1345,325,1,2
1345,326,1,2
1345,327,1,2
1345,328,1,2
1345,329,1,2
1345,330,1,2
1345,331,1,2
1345,332,1,2
1345,333,1,2
1345,334,1,2
1345,335,1,2
1345,336,1,2
1345,337,1,2
1345,338,1,2
1345,339,1,2
1345,340,1,2
1345,341,1,2
1345,342,1,2
1345,343,1,2
1345,344,1,2
1345,345,1,2
1345,346,1,2
1345,347,1,2
1345,348,1,2
1345,349,1,2
1345,350,1,2
1345,351,1,2
1345,352,1,2
1345,353,1,2
1345,354,1,2
1345,355,1,2
1345,356,1,2
1345,357,1,2
1345,358,1,2
1345,359,1,2
1345,360,1,2
1345,361,1,2
1345,362,1,2
1345,363,1,2
1345,364,1,2
1345,365,1,2
1345,366,1,2
1345,367,1,2
1345,368,1,2
1345,369,1,2
1345,370,1,2
1345,371,1,2
1345,372,1,2
1345,373,1,2
1345,374,1,2
1345,375,1,2
1345,376,1,2
1345,377,1,2
1345,378,1,2
1345,379,1,2
1345,380,1,2
1345,381,1,2
1345,382,1,2
1345,383,1,2
1345,384,1,2
1345,385,1,2
1345,386,1,2
1345,387,1,2
1345,388,1,2
1345,389,1,2
1345,390,1,2
1345,391,1,2
1345,392,1,2
1345,393,1,2
1345,394,1,2
1345,395,1,2
1345,396,1,2
1345,397,1,2
1345,398,1,2
1345,399,1,2
1345,400,1,2
1345,401,1,2
1345,402,1,2
1345,403,1,2
1345,404,1,2
1345,405,1,2
1345,406,1,2
1345,407,1,2
1345,408,1,2
1345,409,1,2
1345,410,1,2
1345,411,1,2
1345,412,1,2
1345,413,1,2
1345,414,1,2
1345,415,1,2
1345,416,1,2
1345,417,1,2
1345,418,1,2
1345,419,1,2
1345,420,1,2
1345,421,1,2
1345,422,1,2
1345,423,1,2
1345,424,1,2
1345,425,1,2
1345,426,1,2
1345,427,1,2
1345,428,1,2
1345,429,1,2
1345,430,1,2
1345,431,1,2
1345,432,1,2
1345,433,1,2
1345,434,1,2
1345,435,1,2
1345,436,1,2
1345,437,1,2
1345,438,1,2
1345,439,1,2
1345,440,1,2
1345,441,1,2
1345,442,1,2
1345,443,1,2
1345,444,1,2
1345,445,1,2
1345,446,1,2
1345,447,1,2
1345,448,1,2
1345,449,1,2
1345,450,1,2
1345,451,1,2
1345,452,1,2
1345,453,1,2
1345,454,1,2
1345,455,1,2
1345,456,1,2
1345,457,1,2
1345,458,1,2
1345,459,1,2
1345,460,1,2
1345,461,1,2
1345,462,1,2
1345,463,1,2
1345,464,1,2
1345,465,1,2
1345,466,1,3
1346,106,1,2
1346,107,1,2
1346,108,1,2
1346,109,1,2
1346,110,1,2
1346,111,1,2
1346,112,1,2
1346,113,1,2
1346,114,1,2
1346,115,1,2
1346,116,1,2
1346,117,1,2
1346,118,1,2
1346,119,1,2
1346,120,1,2
1346,121,1,2
1346,122,1,2
1346,123,1,2
1346,124,1,2
1346,125,1,2
1346,126,1,2
1346,127,1,2
1346,128,1,2
1346,129,1,2
1346,130,1,2
1346,131,1,2
1346,132,1,2
1346,133,1,2
1346,134,1,2
1346,135,1,2
1346,136,1,2
1346,137,1,2
1346,138,1,2
1346,139,1,2
1346,140,1,2
1346,141,1,2
1346,142,1,2
1346,143,1,2
1346,144,1,2
1346,145,1,2
1346,146,1,2
1346,147,1,2
1346,148,1,2
1346,149,1,2
1346,150,1,2
1346,151,1,2
1346,152,1,2
1346,153,1,2
1346,154,1,2
1346,155,1,2
1346,156,1,2
1346,157,1,2
1346,158,1,2
1346,159,1,2
1346,160,1,2
1346,161,1,2
1346,162,1,2
1346,163,1,2
1346,164,1,2
1346,165,1,2
1346,166,1,2
1346,167,1,2
1346,168,1,2
1346,169,1,2
1346,170,1,2
1346,171,1,2
1346,172,1,2
1346,173,1,2
1346,174,1,2
1346,175,1,2
1346,176,1,2
1346,177,1,2
1346,178,1,2
1346,179,1,2
1346,180,1,2
1346,181,1,2
1346,182,1,2
1346,183,1,2
1346,184,1,2
1346,185,1,2
1346,186,1,2
1346,187,1,2
1346,188,1,2
1346,189,1,2
1346,190,1,2
1346,191,1,2
1346,192,1,2
1346,193,1,2
1346,194,1,2
1346,195,1,2
1346,196,1,2
1346,197,1,2
1346,198,1,2
1346,199,1,2
1346,200,1,2
1346,201,1,2
1346,202,1,2
1346,203,1,2
1346,204,1,2
1346,205,1,2
1346,206,1,2
1346,207,1,2
1346,208,1,2
1346,209,1,2
1346,210,1,2
1346,211,1,2
1346,212,1,2
1346,213,1,2
1346,214,1,2
1346,215,1,2
1346,216,1,2
1346,217,1,2
1346,218,1,2
1346,219,1,2
1346,220,1,2
1346,221,1,2
1346,222,1,2
1346,223,1,2
1346,224,1,2
1346,225,1,2
1346,226,1,2
1346,227,1,2
1346,228,1,2
1346,229,1,2
1346,230,1,2
1346,231,1,2
1346,232,1,2
1346,233,1,2
1346,234,1,2
1346,235,1,2
1346,236,1,2
1346,237,1,2
1346,238,1,2
1346,239,1,2
1346,240,1,2
1346,241,1,2
1346,242,1,2
1346,243,1,2
1346,244,1,2
1346,245,1,2
1346,246,1,2
1346,247,1,2
1346,248,1,2
1346,249,1,2
1346,250,1,2
1346,251,1,2
1346,252,1,2
1346,253,1,2
1346,254,1,2
1346,255,1,2
1346,256,1,2
1346,257,1,2
1346,258,1,2
1346,259,1,2
1346,260,1,2
1346,261,1,2
1346,262,1,2
1346,263,1,2
1346,264,1,2
1346,265,1,2
1346,266,1,2
1346,267,1,2
1346,268,1,2
1346,269,1,2
1346,270,1,2
1346,271,1,2
1346,272,1,2
1346,273,1,2
1346,274,1,2
1346,275,1,2
1346,276,1,2
1346,277,1,2
1346,278,1,2
1346,279,1,2
1346,280,1,2
1346,281,1,2
1346,282,1,2
1346,283,1,2
1346,284,1,2
1346,285,1,2
1346,286,1,2
1346,287,1,2
1346,288,1,2
1346,289,1,2
1346,290,1,2
1346,291,1,2
1346,292,1,2
1346,293,1,2
1346,294,1,2
1346,295,1,2
1346,296,1,2
1346,297,1,2
1346,298,1,2
1346,299,1,2
1346,300,1,2
1346,301,1,2
1346,302,1,2
1346,303,1,2
1346,304,1,2
1346,305,1,2
1346,306,1,2
1346,307,1,2
1346,308,1,2
1346,309,1,2
1346,310,1,2
1346,311,1,2
1346,312,1,2
1346,313,1,2
1346,314,1,2
1346,315,1,2
1346,316,1,2
1346,317,1,2
1346,318,1,2
1346,319,1,2
1346,320,1,2
1346,321,1,2
1346,322,1,2
1346,323,1,2
1346,324,1,2
1346,325,1,2
1346,326,1,2
1346,327,1,2
1346,328,1,2
1346,329,1,2
1346,330,1,2
1346,331,1,2
1346,332,1,2
1346,333,1,2
1346,334,1,2
1346,335,1,2
1346,336,1,2
1346,337,1,2
1346,338,1,2
1346,339,1,2
1346,340,1,2
1346,341,1,2
1346,342,1,2
1346,343,1,2
1346,344,1,2
1346,345,1,2
1346,346,1,2
1346,347,1,2
1346,348,1,2
1346,349,1,2
1346,350,1,2
1346,351,1,2
1346,352,1,2
1346,353,1,2
1346,354,1,2
1346,355,1,2
1346,356,1,2
1346,357,1,2
1346,358,1,2
1346,359,1,2
1346,360,1,2
1346,361,1,2
1346,362,1,2
1346,363,1,2
1346,364,1,2
1346,365,1,2
1346,366,1,2
1346,367,1,2
1346,368,1,2
1346,369,1,2
1346,370,1,2
1346,371,1,2
1346,372,1,2
1346,373,1,2
1346,374,1,2
1346,375,1,2
1346,376,1,2
1346,377,1,2
1346,378,1,2
1346,379,1,2
1346,380,1,2
1346,381,1,2
1346,382,1,2
1346,383,1,2
1346,384,1,2
1346,385,1,2
1346,386,1,2
1346,387,1,2
1346,388,1,2
1346,389,1,2
1346,390,1,2
1346,391,1,2
1346,392,1,2
1346,393,1,2
1346,394,1,2
1346,395,1,2
1346,396,1,2
1346,397,1,2
1346,398,1,2
1346,399,1,2
1346,400,1,2
1346,401,1,2
1346,402,1,2
1346,403,1,2
1346,404,1,2
1346,405,1,2
1346,406,1,2
1346,407,1,2
1346,408,1,2
1346,409,1,2
1346,410,1,2
1346,411,1,2
1346,412,1,2
1346,413,1,2
1346,414,1,2
1346,415,1,2
1346,416,1,2
1346,417,1,2
1346,418,1,2
1346,419,1,2
1346,420,1,2
1346,421,1,2
1346,422,1,2
1346,423,1,2
1346,424,1,2
1346,425,1,2
1346,426,1,2
1346,427,1,2
1346,428,1,2
1346,429,1,2
1346,430,1,2
1346,431,1,2
1346,432,1,2
1346,433,1,2
1346,434,1,2
1346,435,1,2
1346,436,1,2
1346,437,1,2
1346,438,1,2
1346,439,1,2
1346,440,1,2
1346,441,1,2
1346,442,1,2
1346,443,1,2
1346,444,1,2
1346,445,1,2
1346,446,1,2
1346,447,1,2
1346,448,1,2
1346,449,1,2
1346,450,1,2
1346,451,1,2
1346,452,1,2
1346,453,1,2
1346,454,1,2
1346,455,1,2
1346,456,1,2
1346,457,1,2
1346,458,1,2
1346,459,1,2
1346,460,1,2
1346,461,1,2
1346,462,1,2
1346,463,1,2
1346,464,1,2
1346,465,1,2
1346,466,1,3
1347,106,1,2
1347,107,1,2
1347,108,1,2
1347,109,1,2
1347,110,1,2
1347,111,1,2
1347,112,1,2
1347,113,1,2
1347,114,1,2
1347,115,1,2
1347,116,1,2
1347,117,1,2
1347,118,1,2
1347,119,1,2
1347,120,1,2
1347,121,1,2
1347,122,1,2
1347,123,1,2
1347,124,1,2
1347,125,1,2
1347,126,1,2
1347,127,1,2
1347,128,1,2
1347,129,1,2
1347,130,1,2
1347,131,1,2
1347,132,1,2
1347,133,1,2
1347,134,1,2
1347,135,1,2
1347,136,1,2
1347,137,1,2
1347,138,1,2
1347,139,1,2
1347,140,1,2
1347,141,1,2
1347,142,1,2
1347,143,1,2
1347,144,1,2
1347,145,1,2
1347,146,1,2
1347,147,1,2
1347,148,1,2
1347,149,1,2
1347,150,1,2
1347,151,1,2
1347,152,1,2
1347,153,1,2
1347,154,1,2
1347,155,1,2
1347,156,1,2
1347,157,1,2
1347,158,1,2
1347,159,1,2
1347,160,1,2
1347,161,1,2
1347,162,1,2
1347,163,1,2
1347,164,1,2
1347,165,1,2
1347,166,1,2
1347,167,1,2
1347,168,1,2
1347,169,1,2
1347,170,1,2
1347,171,1,2
1347,172,1,2
1347,173,1,2
1347,174,1,2
1347,175,1,2
1347,176,1,2
1347,177,1,2
1347,178,1,2
1347,179,1,2
1347,180,1,2
1347,181,1,2
1347,182,1,2
1347,183,1,2
1347,184,1,2
1347,185,1,2
1347,186,1,2
1347,187,1,2
1347,188,1,2
1347,189,1,2
1347,190,1,2
1347,191,1,2
1347,192,1,2
1347,193,1,2
1347,194,1,2
1347,195,1,2
1347,196,1,2
1347,197,1,2
1347,198,1,2
1347,199,1,2
1347,200,1,2
1347,201,1,2
1347,202,1,2
1347,203,1,2
1347,204,1,2
1347,205,1,2
1347,206,1,2
1347,207,1,2
1347,208,1,2
1347,209,1,2
1347,210,1,2
1347,211,1,2
1347,212,1,2
1347,213,1,2
1347,214,1,2
1347,215,1,2
1347,216,1,2
1347,217,1,2
1347,218,1,2
1347,219,1,2
1347,220,1,2
1347,221,1,2
1347,222,1,2
1347,223,1,2
1347,224,1,2
1347,225,1,2
1347,226,1,2
1347,227,1,2
1347,228,1,2
1347,229,1,2
1347,230,1,2
1347,231,1,2
1347,232,1,2
1347,233,1,2
1347,234,1,2
1347,235,1,2
1347,236,1,2
1347,237,1,2
1347,238,1,2
1347,239,1,2
1347,240,1,2
1347,241,1,2
1347,242,1,2
1347,243,1,2
1347,244,1,2
1347,245,1,2
1347,246,1,2
1347,247,1,2
1347,248,1,2
1347,249,1,2
1347,250,1,2
1347,251,1,2
1347,252,1,2
1347,253,1,2
1347,254,1,2
1347,255,1,2
1347,256,1,2
1347,257,1,2
1347,258,1,2
1347,259,1,2
1347,260,1,2
1347,261,1,2
1347,262,1,2
1347,263,1,2
1347,264,1,2
1347,265,1,2
1347,266,1,2
1347,267,1,2
1347,268,1,2
1347,269,1,2
1347,270,1,2
1347,271,1,2
1347,272,1,2
1347,273,1,2
1347,274,1,2
1347,275,1,2
1347,276,1,2
1347,277,1,2
1347,278,1,2
1347,279,1,2
1347,280,1,2
1347,281,1,2
1347,282,1,2
1347,283,1,2
1347,284,1,2
1347,285,1,2
1347,286,1,2
1347,287,1,2
1347,288,1,2
1347,289,1,2
1347,290,1,2
1347,291,1,2
1347,292,1,2
1347,293,1,2
1347,294,1,2
1347,295,1,2
1347,296,1,2
1347,297,1,2
1347,298,1,2
1347,299,1,2
1347,300,1,2
1347,301,1,2
1347,302,1,2
1347,303,1,2
1347,304,1,2
1347,305,1,2
1347,306,1,2
1347,307,1,2
1347,308,1,2
1347,309,1,2
1347,310,1,2
1347,311,1,2
1347,312,1,2
1347,313,1,2
1347,314,1,2
1347,315,1,2
1347,316,1,2
1347,317,1,2
1347,318,1,2
1347,319,1,2
1347,320,1,2
1347,321,1,2
1347,322,1,2
1347,323,1,2
1347,324,1,2
1347,325,1,2
1347,326,1,2
1347,327,1,2
1347,328,1,2
1347,329,1,2
1347,330,1,2
1347,331,1,2
1347,332,1,2
1347,333,1,2
1347,334,1,2
1347,335,1,2
1347,336,1,2
1347,337,1,2
1347,338,1,2
1347,339,1,2
1347,340,1,2
1347,341,1,2
1347,342,1,2
1347,343,1,2
1347,344,1,2
1347,345,1,2
1347,346,1,2
1347,347,1,2
1347,348,1,2
1347,349,1,2
1347,350,1,2
1347,351,1,2
1347,352,1,2
1347,353,1,2
1347,354,1,2
1347,355,1,2
1347,356,1,2
1347,357,1,2
1347,358,1,2
1347,359,1,2
1347,360,1,2
1347,361,1,2
1347,362,1,2
1347,363,1,2
1347,364,1,2
1347,365,1,2
1347,366,1,2
1347,367,1,2
1347,368,1,2
1347,369,1,2
1347,370,1,2
1347,371,1,2
1347,372,1,2
1347,373,1,2
1347,374,1,2
1347,375,1,2
1347,376,1,2
1347,377,1,2
1347,378,1,2
1347,379,1,2
1347,380,1,2
1347,381,1,2
1347,382,1,2
1347,383,1,2
1347,384,1,2
1347,385,1,2
1347,386,1,2
1347,387,1,2
1347,388,1,2
1347,389,1,2
1347,390,1,2
1347,391,1,2
1347,392,1,2
1347,393,1,2
1347,394,1,2
1347,395,1,2
1347,396,1,2
1347,397,1,2
1347,398,1,2
1347,399,1,2
1347,400,1,2
1347,401,1,2
1347,402,1,2
1347,403,1,2
1347,404,1,2
1347,405,1,2
1347,406,1,2
1347,407,1,2
1347,408,1,2
1347,409,1,2
1347,410,1,2
1347,411,1,2
1347,412,1,2
1347,413,1,2
1347,414,1,2
1347,415,1,2
1347,416,1,2
1347,417,1,2
1347,418,1,2
1347,419,1,2
1347,420,1,2
1347,421,1,2
1347,422,1,2
1347,423,1,2
1347,424,1,2
1347,425,1,2
1347,426,1,2
1347,427,1,2
1347,428,1,2
1347,429,1,2
1347,430,1,2
1347,431,1,2
1347,432,1,2
1347,433,1,2
1347,434,1,2
1347,435,1,2
1347,436,1,2
1347,437,1,2
1347,438,1,2
1347,439,1,2
1347,440,1,2
1347,441,1,2
1347,442,1,2
1347,443,1,2
1347,444,1,2
1347,445,1,2
1347,446,1,2
1347,447,1,2
1347,448,1,2
1347,449,1,2
1347,450,1,2
1347,451,1,2
1347,452,1,2
1347,453,1,2
1347,454,1,2
1347,455,1,2
1347,456,1,2
1347,457,1,2
1347,458,1,2
1347,459,1,2
1347,460,1,2
1347,461,1,2
1347,462,1,2
1347,463,1,2
1347,464,1,2
1347,465,1,2
1347,466,1,3
1348,106,1,2
1348,107,1,2
1348,108,1,2
1348,109,1,2
1348,110,1,2
1348,111,1,2
1348,112,1,2
1348,113,1,2
1348,114,1,2
1348,115,1,2
1348,116,1,2
1348,117,1,2
1348,118,1,2
1348,119,1,2
1348,120,1,2
1348,121,1,2
1348,122,1,2
1348,123,1,2
1348,124,1,2
1348,125,1,2
1348,126,1,2
1348,127,1,2
1348,128,1,2
1348,129,1,2
1348,130,1,2
1348,131,1,2
1348,132,1,2
1348,133,1,2
1348,134,1,2
1348,135,1,2
1348,136,1,2
1348,137,1,2
1348,138,1,2
1348,139,1,2
1348,140,1,2
1348,141,1,2
1348,142,1,2
1348,143,1,2
1348,144,1,2
1348,145,1,2
1348,146,1,2
1348,147,1,2
1348,148,1,2
1348,149,1,2
1348,150,1,2
1348,151,1,2
1348,152,1,2
1348,153,1,2
1348,154,1,2
1348,155,1,2
1348,156,1,2
1348,157,1,2
1348,158,1,2
1348,159,1,2
1348,160,1,2
1348,161,1,2
1348,162,1,2
1348,163,1,2
1348,164,1,2
1348,165,1,2
1348,166,1,2
1348,167,1,2
1348,168,1,2
1348,169,1,2
1348,170,1,2
1348,171,1,2
1348,172,1,2
1348,173,1,2
1348,174,1,2
1348,175,1,2
1348,176,1,2
1348,177,1,2
1348,178,1,2
1348,179,1,2
1348,180,1,2
1348,181,1,2
1348,182,1,2
1348,183,1,2
1348,184,1,2
1348,185,1,2
1348,186,1,2
1348,187,1,2
1348,188,1,2
1348,189,1,2
1348,190,1,2
1348,191,1,2
1348,192,1,2
1348,193,1,2
1348,194,1,2
1348,195,1,2
1348,196,1,2
1348,197,1,2
1348,198,1,2
1348,199,1,2
1348,200,1,2
1348,201,1,2
1348,202,1,2
1348,203,1,2
1348,204,1,2
1348,205,1,2
1348,206,1,2
1348,207,1,2
1348,208,1,2
1348,209,1,2
1348,210,1,2
1348,211,1,2
1348,212,1,2
1348,213,1,2
1348,214,1,2
1348,215,1,2
1348,216,1,2
1348,217,1,2
1348,218,1,2
1348,219,1,2
1348,220,1,2
1348,221,1,2
1348,222,1,2
1348,223,1,2
1348,224,1,2
1348,225,1,2
1348,226,1,2
1348,227,1,2
1348,228,1,2
1348,229,1,2
1348,230,1,2
1348,231,1,2
1348,232,1,2
1348,233,1,2
1348,234,1,2
1348,235,1,2
1348,236,1,2
1348,237,1,2
1348,238,1,2
1348,239,1,2
1348,240,1,2
1348,241,1,2
1348,242,1,2
1348,243,1,2
1348,244,1,2
1348,245,1,2
1348,246,1,2
1348,247,1,2
1348,248,1,2
1348,249,1,2
1348,250,1,2
1348,251,1,2
1348,252,1,2
1348,253,1,2
1348,254,1,2
1348,255,1,2
1348,256,1,2
1348,257,1,2
1348,258,1,2
1348,259,1,2
1348,260,1,2
1348,261,1,2
1348,262,1,2
1348,263,1,2
1348,264,1,2
1348,265,1,2
1348,266,1,2
1348,267,1,2
1348,268,1,2
1348,269,1,2
1348,270,1,2
1348,271,1,2
1348,272,1,2
1348,273,1,2
1348,274,1,2
1348,275,1,2
1348,276,1,2
1348,277,1,2
1348,278,1,2
1348,279,1,2
1348,280,1,2
1348,281,1,2
1348,282,1,2
1348,283,1,2
1348,284,1,2
1348,285,1,2
1348,286,1,2
1348,287,1,2
1348,288,1,2
1348,289,1,2
1348,290,1,2
1348,291,1,2
1348,292,1,2
1348,293,1,2
1348,294,1,2
1348,295,1,2
1348,296,1,2
1348,297,1,2
1348,298,1,2
1348,299,1,2
1348,300,1,2
1348,301,1,2
1348,302,1,2
1348,303,1,2
1348,304,1,2
1348,305,1,2
1348,306,1,2
1348,307,1,2
1348,308,1,2
1348,309,1,2
1348,310,1,2
1348,311,1,2
1348,312,1,2
1348,313,1,2
1348,314,1,2
1348,315,1,2
1348,316,1,2
1348,317,1,2
1348,318,1,2
1348,319,1,2
1348,320,1,2
1348,321,1,2
1348,322,1,2
1348,323,1,2
1348,324,1,2
1348,325,1,2
1348,326,1,2
1348,327,1,2
1348,328,1,2
1348,329,1,2
1348,330,1,2
1348,331,1,2
1348,332,1,2
1348,333,1,2
1348,334,1,2
1348,335,1,2
1348,336,1,2
1348,337,1,2
1348,338,1,2
1348,339,1,2
1348,340,1,2
1348,341,1,2
1348,342,1,2
1348,343,1,2
1348,344,1,2
1348,345,1,2
1348,346,1,2
1348,347,1,2
1348,348,1,2
1348,349,1,2
1348,350,1,2
1348,351,1,2
1348,352,1,2
1348,353,1,2
1348,354,1,2
1348,355,1,2
1348,356,1,2
1348,357,1,2
1348,358,1,2
1348,359,1,2
1348,360,1,2
1348,361,1,2
1348,362,1,2
1348,363,1,2
1348,364,1,2
1348,365,1,2
1348,366,1,2
1348,367,1,2
1348,368,1,2
1348,369,1,2
1348,370,1,2
1348,371,1,2
1348,372,1,2
1348,373,1,2
1348,374,1,2
1348,375,1,2
1348,376,1,2
1348,377,1,2
1348,378,1,2
1348,379,1,2
1348,380,1,2
1348,381,1,2
1348,382,1,2
1348,383,1,2
1348,384,1,2
1348,385,1,2
1348,386,1,2
1348,387,1,2
1348,388,1,2
1348,389,1,2
1348,390,1,2
1348,391,1,2
1348,392,1,2
1348,393,1,2
1348,394,1,2
1348,395,1,2
1348,396,1,2
1348,397,1,2
1348,398,1,2
1348,399,1,2
1348,400,1,2
1348,401,1,2
1348,402,1,2
1348,403,1,2
1348,404,1,2
1348,405,1,2
1348,406,1,2
1348,407,1,2
1348,408,1,2
1348,409,1,2
1348,410,1,2
1348,411,1,2
1348,412,1,2
1348,413,1,2
1348,414,1,2
1348,415,1,2
1348,416,1,2
1348,417,1,2
1348,418,1,2
1348,419,1,2
1348,420,1,2
1348,421,1,2
1348,422,1,2
1348,423,1,2
1348,424,1,2
1348,425,1,2
1348,426,1,2
1348,427,1,2
1348,428,1,2
1348,429,1,2
1348,430,1,2
1348,431,1,2
1348,432,1,2
1348,433,1,2
1348,434,1,2
1348,435,1,2
1348,436,1,2
1348,437,1,2
1348,438,1,2
1348,439,1,2
1348,440,1,2
1348,441,1,2
1348,442,1,2
1348,443,1,2
1348,444,1,2
1348,445,1,2
1348,446,1,2
1348,447,1,2
1348,448,1,2
1348,449,1,2
1348,450,1,2
1348,451,1,2
1348,452,1,2
1348,453,1,2
1348,454,1,2
1348,455,1,2
1348,456,1,2
1348,457,1,2
1348,458,1,2
1348,459,1,2
1348,460,1,2
1348,461,1,2
1348,462,1,2
1348,463,1,2
1348,464,1,2
1348,465,1,2
1348,466,1,3
1349,107,1,2
1349,108,1,2
1349,109,1,2
1349,110,1,2
1349,111,1,3
1349,112,1,3
1349,113,1,3
1349,114,1,3
1349,115,1,3
1349,116,1,3
1349,117,1,3
1349,118,1,3
1349,119,1,3
1349,120,1,3
1349,121,1,2
1349,122,1,3
1349,123,1,2
1349,124,1,2
1349,125,1,2
1349,126,1,2
1349,127,1,2
1349,128,1,2
1349,129,1,2
1349,130,1,2
1349,131,1,2
1349,132,1,2
1349,133,1,2
1349,134,1,2
1349,135,1,2
1349,136,1,2
1349,137,1,2
1349,138,1,2
1349,139,1,2
1349,140,1,2
1349,141,1,2
1349,142,1,2
1349,143,1,2
1349,144,1,2
1349,145,1,2
1349,146,1,2
1349,147,1,2
1349,148,1,2
1349,149,1,2
1349,150,1,2
1349,151,1,2
1349,152,1,2
1349,153,1,2
1349,154,1,2
1349,155,1,2
1349,156,1,2
1349,157,1,2
1349,158,1,2
1349,159,1,2
1349,160,1,2
1349,161,1,2
1349,162,1,2
1349,163,1,2
1349,164,1,2
1349,165,1,2
1349,166,1,2
1349,167,1,2
1349,168,1,2
1349,169,1,2
1349,170,1,2
1349,171,1,2
1349,172,1,2
1349,173,1,2
1349,174,1,2
1349,175,1,2
1349,176,1,2
1349,177,1,2
1349,178,1,2
1349,179,1,2
1349,180,1,2
1349,181,1,2
1349,182,1,2
1349,183,1,2
1349,184,1,2
1349,185,1,2
1349,186,1,2
1349,187,1,2
1349,188,1,2
1349,189,1,2
1349,190,1,2
1349,191,1,2
1349,192,1,2
1349,193,1,2
1349,194,1,2
1349,195,1,2
1349,196,1,2
1349,197,1,2
1349,198,1,2
1349,199,1,2
1349,200,1,2
1349,201,1,2
1349,202,1,2
1349,203,1,2
1349,204,1,2
1349,205,1,2
1349,206,1,2
1349,207,1,2
1349,208,1,2
1349,209,1,2
1349,210,1,2
1349,211,1,2
1349,212,1,2
1349,213,1,2
1349,214,1,2
1349,215,1,2
1349,216,1,2
1349,217,1,2
1349,218,1,2
1349,219,1,2
1349,220,1,2
1349,221,1,2
1349,222,1,2
1349,223,1,2
1349,224,1,2
1349,225,1,2
1349,226,1,2
1349,227,1,2
1349,228,1,2
1349,229,1,2
1349,230,1,2
1349,231,1,2
1349,232,1,2
1349,233,1,2
1349,234,1,2
1349,235,1,2
1349,236,1,2
1349,237,1,2
1349,238,1,2
1349,239,1,2
1349,240,1,2
1349,241,1,2
1349,242,1,2
1349,243,1,2
1349,244,1,2
1349,245,1,2
1349,246,1,2
1349,247,1,2
1349,248,1,2
1349,249,1,2
1349,250,1,2
1349,251,1,2
1349,252,1,2
1349,253,1,2
1349,254,1,2
1349,255,1,2
1349,256,1,2
1349,257,1,2
1349,258,1,2
1349,259,1,2
1349,260,1,2
1349,261,1,2
1349,262,1,2
1349,263,1,2
1349,264,1,2
1349,265,1,2
1349,266,1,2
1349,267,1,2
1349,268,1,2
1349,269,1,2
1349,270,1,2
1349,271,1,2
1349,272,1,2
1349,273,1,2
1349,274,1,2
1349,275,1,2
1349,276,1,2
1349,277,1,2
1349,278,1,2
1349,279,1,2
1349,280,1,2
1349,281,1,2
1349,282,1,2
1349,283,1,2
1349,284,1,2
1349,285,1,2
1349,286,1,2
1349,287,1,2
1349,288,1,2
1349,289,1,2
1349,290,1,2
1349,291,1,2
1349,292,1,2
1349,293,1,2
1349,294,1,2
1349,295,1,2
1349,296,1,2
1349,297,1,2
1349,298,1,2
1349,299,1,2
1349,300,1,2
1349,301,1,2
1349,302,1,2
1349,303,1,2
1349,304,1,2
1349,305,1,2
1349,306,1,2
1349,307,1,2
1349,308,1,2
1349,309,1,2
1349,310,1,2
1349,311,1,2
1349,312,1,2
1349,313,1,2
1349,314,1,2
1349,315,1,2
1349,316,1,2
1349,317,1,2
1349,318,1,2
1349,319,1,2
1349,320,1,2
1349,321,1,2
1349,322,1,2
1349,323,1,2
1349,324,1,2
1349,325,1,2
1349,326,1,2
1349,327,1,2
1349,328,1,2
1349,329,1,2
1349,330,1,2
1349,331,1,2
1349,332,1,2
1349,333,1,2
1349,334,1,2
1349,335,1,2
1349,336,1,2
1349,337,1,2
1349,338,1,2
1349,339,1,2
1349,340,1,2
1349,341,1,2
1349,342,1,2
1349,343,1,2
1349,344,1,2
1349,345,1,2
1349,346,1,2
1349,347,1,2
1349,348,1,2
1349,349,1,2
1349,350,1,2
1349,351,1,2
1349,352,1,2
1349,353,1,2
1349,354,1,2
1349,355,1,2
1349,356,1,2
1349,357,1,2
1349,358,1,2
1349,359,1,2
1349,360,1,2
1349,361,1,2
1349,362,1,2
1349,363,1,2
1349,364,1,2
1349,365,1,2
1349,366,1,2
1349,367,1,2
1349,368,1,2
1349,369,1,2
1349,370,1,2
1349,371,1,2
1349,372,1,2
1349,373,1,2
1349,374,1,2
1349,375,1,2
1349,376,1,2
1349,377,1,2
1349,378,1,2
1349,379,1,2
1349,380,1,2
1349,381,1,2
1349,382,1,2
1349,383,1,2
1349,384,1,2
1349,385,1,2
1349,386,1,2
1349,387,1,2
1349,388,1,2
1349,389,1,2
1349,390,1,2
1349,391,1,2
1349,392,1,2
1349,393,1,2
1349,394,1,2
1349,395,1,2
1349,396,1,2
1349,397,1,2
1349,398,1,2
1349,399,1,2
1349,400,1,2
1349,401,1,2
1349,402,1,2
1349,403,1,2
1349,404,1,2
1349,405,1,2
1349,406,1,2
1349,407,1,2
1349,408,1,2
1349,409,1,2
1349,410,1,2
1349,411,1,2
1349,412,1,2
1349,413,1,2
1349,414,1,2
1349,415,1,2
1349,416,1,2
1349,417,1,2
1349,418,1,2
1349,419,1,2
1349,420,1,2
1349,421,1,2
1349,422,1,2
1349,423,1,2
1349,424,1,2
1349,425,1,2
1349,426,1,2
1349,427,1,2
1349,428,1,2
1349,429,1,2
1349,430,1,2
1349,431,1,2
1349,432,1,2
1349,433,1,2
1349,434,1,2
1349,435,1,2
1349,436,1,2
1349,437,1,2
1349,438,1,2
1349,439,1,2
1349,440,1,2
1349,441,1,2
1349,442,1,2
1349,443,1,2
1349,444,1,2
1349,445,1,2
1349,446,1,2
1349,447,1,2
1349,448,1,2
1349,449,1,2
1349,450,1,2
1349,451,1,2
1349,452,1,2
1349,453,1,2
1349,454,1,2
1349,455,1,2
1349,456,1,2
1349,457,1,2
1349,458,1,2
1349,459,1,2
1349,460,1,2
1349,461,1,2
1349,462,1,2
1349,463,1,2
1349,464,1,2
1349,465,1,2
1349,466,1,3
1350,107,1,2
1350,108,1,2
1350,109,1,2
1350,110,1,2
1350,111,1,3
1350,112,1,3
1350,113,1,3
1350,114,1,3
1350,115,1,3
1350,116,1,3
1350,117,1,3
1350,118,1,3
1350,119,1,3
1350,120,1,3
1350,121,1,3
1350,122,1,3
1350,123,1,3
1350,124,1,2
1350,125,1,2
1350,126,1,2
1350,127,1,2
1350,128,1,2
1350,129,1,2
1350,130,1,2
1350,131,1,2
1350,132,1,2
1350,133,1,2
1350,134,1,2
1350,135,1,2
1350,136,1,2
1350,137,1,2
1350,138,1,2
1350,139,1,2
1350,140,1,2
1350,141,1,2
1350,142,1,2
1350,143,1,2
1350,144,1,2
1350,145,1,2
1350,146,1,2
1350,147,1,2
1350,148,1,2
1350,149,1,2
1350,150,1,2
1350,151,1,2
1350,152,1,2
1350,153,1,2
1350,154,1,2
1350,155,1,2
1350,156,1,2
1350,157,1,2
1350,158,1,2
1350,159,1,2
1350,160,1,2
1350,161,1,2
1350,162,1,2
1350,163,1,2
1350,164,1,2
1350,165,1,2
1350,166,1,2
1350,167,1,2
1350,168,1,2
1350,169,1,2
1350,170,1,2
1350,171,1,2
1350,172,1,2
1350,173,1,2
1350,174,1,2
1350,175,1,2
1350,176,1,2
1350,177,1,2
1350,178,1,2
1350,179,1,2
1350,180,1,2
1350,181,1,2
1350,182,1,2
1350,183,1,2
1350,184,1,2
1350,185,1,2
1350,186,1,2
1350,187,1,2
1350,188,1,2
1350,189,1,2
1350,190,1,2
1350,191,1,2
1350,192,1,2
1350,193,1,2
1350,194,1,2
1350,195,1,2
1350,196,1,2
1350,197,1,2
1350,198,1,2
1350,199,1,2
1350,200,1,2
1350,201,1,2
1350,202,1,2
1350,203,1,2
1350,204,1,2
1350,205,1,2
1350,206,1,2
1350,207,1,2
1350,208,1,2
1350,209,1,2
1350,210,1,2
1350,211,1,2
1350,212,1,2
1350,213,1,2
1350,214,1,2
1350,215,1,2
1350,216,1,2
1350,217,1,2
1350,218,1,2
1350,219,1,2
1350,220,1,2
1350,221,1,2
1350,222,1,2
1350,223,1,2
1350,224,1,2
1350,225,1,2
1350,226,1,2
1350,227,1,2
1350,228,1,2
1350,229,1,2
1350,230,1,2
1350,231,1,2
1350,232,1,2
1350,233,1,2
1350,234,1,2
1350,235,1,2
1350,236,1,2
1350,237,1,2
1350,238,1,2
1350,239,1,2
1350,240,1,2
1350,241,1,2
1350,242,1,2
1350,243,1,2
1350,244,1,2
1350,245,1,2
1350,246,1,2
1350,247,1,2
1350,248,1,2
1350,249,1,2
1350,250,1,2
1350,251,1,2
1350,252,1,2
1350,253,1,2
1350,254,1,2
1350,255,1,2
1350,256,1,2
1350,257,1,2
1350,258,1,2
1350,259,1,2
1350,260,1,2
1350,261,1,2
1350,262,1,2
1350,263,1,2
1350,264,1,2
1350,265,1,2
1350,266,1,2
1350,267,1,2
1350,268,1,2
1350,269,1,2
1350,270,1,2
1350,271,1,2
1350,272,1,2
1350,273,1,2
1350,274,1,2
1350,275,1,2
1350,276,1,2
1350,277,1,2
1350,278,1,2
1350,279,1,2
1350,280,1,2
1350,281,1,2
1350,282,1,2
1350,283,1,2
1350,284,1,2
1350,285,1,2
1350,286,1,2
1350,287,1,2
1350,288,1,2
1350,289,1,2
1350,290,1,2
1350,291,1,2
1350,292,1,2
1350,293,1,2
1350,294,1,2
1350,295,1,2
1350,296,1,2
1350,297,1,2
1350,298,1,2
1350,299,1,2
1350,300,1,2
1350,301,1,2
1350,302,1,2
1350,303,1,2
1350,304,1,2
1350,305,1,2
1350,306,1,2
1350,307,1,2
1350,308,1,2
1350,309,1,2
1350,310,1,2
1350,311,1,2
1350,312,1,2
1350,313,1,2
1350,314,1,2
1350,315,1,2
1350,316,1,2
1350,317,1,2
1350,318,1,2
1350,319,1,2
1350,320,1,2
1350,321,1,2
1350,322,1,2
1350,323,1,2
1350,324,1,2
1350,325,1,2
1350,326,1,2
1350,327,1,2
1350,328,1,2
1350,329,1,2
1350,330,1,2
1350,331,1,2
1350,332,1,2
1350,333,1,2
1350,334,1,2
1350,335,1,2
1350,336,1,2
1350,337,1,2
1350,338,1,2
1350,339,1,2
1350,340,1,2
1350,341,1,2
1350,342,1,2
1350,343,1,2
1350,344,1,2
1350,345,1,2
1350,346,1,2
1350,347,1,2
1350,348,1,2
1350,349,1,2
1350,350,1,2
1350,351,1,2
1350,352,1,2
1350,353,1,2
1350,354,1,2
1350,355,1,2
1350,356,1,2
1350,357,1,2
1350,358,1,2
1350,359,1,2
1350,360,1,2
1350,361,1,2
1350,362,1,2
1350,363,1,2
1350,364,1,2
1350,365,1,2
1350,366,1,2
1350,367,1,2
1350,368,1,2
1350,369,1,2
1350,370,1,2
1350,371,1,2
1350,372,1,2
1350,373,1,2
1350,374,1,2
1350,375,1,2
1350,376,1,2
1350,377,1,2
1350,378,1,2
1350,379,1,2
1350,380,1,2
1350,381,1,2
1350,382,1,2
1350,383,1,2
1350,384,1,2
1350,385,1,2
1350,386,1,2
1350,387,1,2
1350,388,1,2
1350,389,1,2
1350,390,1,2
1350,391,1,2
1350,392,1,2
1350,393,1,2
1350,394,1,2
1350,395,1,2
1350,396,1,2
1350,397,1,2
1350,398,1,2
1350,399,1,2
1350,400,1,2
1350,401,1,2
1350,402,1,2
1350,403,1,2
1350,404,1,2
1350,405,1,2
1350,406,1,2
1350,407,1,2
1350,408,1,2
1350,409,1,2
1350,410,1,2
1350,411,1,2
1350,412,1,2
1350,413,1,2
1350,414,1,2
1350,415,1,2
1350,416,1,2
1350,417,1,2
1350,418,1,2
1350,419,1,2
1350,420,1,2
1350,421,1,2
1350,422,1,2
1350,423,1,2
1350,424,1,2
1350,425,1,2
1350,426,1,2
1350,427,1,2
1350,428,1,2
1350,429,1,2
1350,430,1,2
1350,431,1,2
1350,432,1,2
1350,433,1,2
1350,434,1,2
1350,435,1,2
1350,436,1,2
1350,437,1,2
1350,438,1,2
1350,439,1,2
1350,440,1,2
1350,441,1,2
1350,442,1,2
1350,443,1,2
1350,444,1,2
1350,445,1,2
1350,446,1,2
1350,447,1,2
1350,448,1,2
1350,449,1,2
1350,450,1,2
1350,451,1,2
1350,452,1,2
1350,453,1,2
1350,454,1,2
1350,455,1,2
1350,456,1,2
1350,457,1,2
1350,458,1,2
1350,459,1,2
1350,460,1,2
1350,461,1,2
1350,462,1,2
1350,463,1,2
1350,464,1,2
1350,465,1,2
1350,466,1,3
1351,107,1,2
1351,108,1,2
1351,109,1,2
1351,110,1,3
1351,111,1,3
1351,112,1,3
1351,113,1,3
1351,114,1,3
1351,115,1,3
1351,116,1,3
1351,117,1,3
1351,118,1,3
1351,119,1,3
1351,120,1,3
1351,121,1,3
1351,122,1,3
1351,123,1,3
1351,124,1,3
1351,125,1,2
1351,126,1,2
1351,127,1,2
1351,128,1,2
1351,129,1,2
1351,130,1,2
1351,131,1,2
1351,132,1,2
1351,133,1,2
1351,134,1,2
1351,135,1,2
1351,136,1,2
1351,137,1,2
1351,138,1,2
1351,139,1,2
1351,140,1,2
1351,141,1,2
1351,142,1,2
1351,143,1,2
1351,144,1,2
1351,145,1,2
1351,146,1,2
1351,147,1,2
1351,148,1,2
1351,149,1,2
1351,150,1,2
1351,151,1,2
1351,152,1,2
1351,153,1,2
1351,154,1,2
1351,155,1,2
1351,156,1,2
1351,157,1,2
1351,158,1,2
1351,159,1,2
1351,160,1,2
1351,161,1,2
1351,162,1,2
1351,163,1,2
1351,164,1,2
1351,165,1,2
1351,166,1,2
1351,167,1,2
1351,168,1,2
1351,169,1,2
1351,170,1,2
1351,171,1,2
1351,172,1,2
1351,173,1,2
1351,174,1,2
1351,175,1,2
1351,176,1,2
1351,177,1,2
1351,178,1,2
1351,179,1,2
1351,180,1,2
1351,181,1,2
1351,182,1,2
1351,183,1,2
1351,184,1,2
1351,185,1,2
1351,186,1,2
1351,187,1,2
1351,188,1,2
1351,189,1,2
1351,190,1,2
1351,191,1,2
1351,192,1,2
1351,193,1,2
1351,194,1,2
1351,195,1,2
1351,196,1,2
1351,197,1,2
1351,198,1,2
1351,199,1,2
1351,200,1,2
1351,201,1,2
1351,202,1,2
1351,203,1,2
1351,204,1,2
1351,205,1,2
1351,206,1,2
1351,207,1,2
1351,208,1,2
1351,209,1,2
1351,210,1,2
1351,211,1,2
1351,212,1,2
1351,213,1,2
1351,214,1,2
1351,215,1,2
1351,216,1,2
1351,217,1,2
1351,218,1,2
1351,219,1,2
1351,220,1,2
1351,221,1,2
1351,222,1,2
1351,223,1,2
1351,224,1,2
1351,225,1,2
1351,226,1,2
1351,227,1,2
1351,228,1,2
1351,229,1,2
1351,230,1,2
1351,231,1,2
1351,232,1,2
1351,233,1,2
1351,234,1,2
1351,235,1,2
1351,236,1,2
1351,237,1,2
1351,238,1,2
1351,239,1,2
1351,240,1,2
1351,241,1,2
1351,242,1,2
1351,243,1,2
1351,244,1,2
1351,245,1,2
1351,246,1,2
1351,247,1,2
1351,248,1,2
1351,249,1,2
1351,250,1,2
1351,251,1,2
1351,252,1,2
1351,253,1,2
1351,254,1,2
1351,255,1,2
1351,256,1,2
1351,257,1,2
1351,258,1,2
1351,259,1,2
1351,260,1,2
1351,261,1,2
1351,262,1,2
1351,263,1,2
1351,264,1,2
1351,265,1,2
1351,266,1,2
1351,267,1,2
1351,268,1,2
1351,269,1,2
1351,270,1,2
1351,271,1,2
1351,272,1,2
1351,273,1,2
1351,274,1,2
1351,275,1,2
1351,276,1,2
1351,277,1,2
1351,278,1,2
1351,279,1,2
1351,280,1,2
1351,281,1,2
1351,282,1,2
1351,283,1,2
1351,284,1,2
1351,285,1,2
1351,286,1,2
1351,287,1,2
1351,288,1,2
1351,289,1,2
1351,290,1,2
1351,291,1,2
1351,292,1,2
1351,293,1,2
1351,294,1,2
1351,295,1,2
1351,296,1,2
1351,297,1,2
1351,298,1,2
1351,299,1,2
1351,300,1,2
1351,301,1,2
1351,302,1,2
1351,303,1,2
1351,304,1,2
1351,305,1,2
1351,306,1,2
1351,307,1,2
1351,308,1,2
1351,309,1,2
1351,310,1,2
1351,311,1,2
1351,312,1,2
1351,313,1,2
1351,314,1,2
1351,315,1,2
1351,316,1,2
1351,317,1,2
1351,318,1,2
1351,319,1,2
1351,320,1,2
1351,321,1,2
1351,322,1,2
1351,323,1,2
1351,324,1,2
1351,325,1,2
1351,326,1,2
1351,327,1,2
1351,328,1,2
1351,329,1,2
1351,330,1,2
1351,331,1,2
1351,332,1,2
1351,333,1,2
1351,334,1,2
1351,335,1,2
1351,336,1,2
1351,337,1,2
1351,338,1,2
1351,339,1,2
1351,340,1,2
1351,341,1,2
1351,342,1,2
1351,343,1,2
1351,344,1,2
1351,345,1,2
1351,346,1,2
1351,347,1,2
1351,348,1,2
1351,349,1,2
1351,350,1,2
1351,351,1,2
1351,352,1,2
1351,353,1,2
1351,354,1,2
1351,355,1,2
1351,356,1,2
1351,357,1,2
1351,358,1,2
1351,359,1,2
1351,360,1,2
1351,361,1,2
1351,362,1,2
1351,363,1,2
1351,364,1,2
1351,365,1,2
1351,366,1,2
1351,367,1,2
1351,368,1,2
1351,369,1,2
1351,370,1,2
1351,371,1,2
1351,372,1,2
1351,373,1,2
1351,374,1,2
1351,375,1,2
1351,376,1,2
1351,377,1,2
1351,378,1,2
1351,379,1,2
1351,380,1,2
1351,381,1,2
1351,382,1,2
1351,383,1,2
1351,384,1,2
1351,385,1,2
1351,386,1,2
1351,387,1,2
1351,388,1,2
1351,389,1,2
1351,390,1,2
1351,391,1,2
1351,392,1,2
1351,393,1,2
1351,394,1,2
1351,395,1,2
1351,396,1,2
1351,397,1,2
1351,398,1,2
1351,399,1,2
1351,400,1,2
1351,401,1,2
1351,402,1,2
1351,403,1,2
1351,404,1,2
1351,405,1,2
1351,406,1,2
1351,407,1,2
1351,408,1,2
1351,409,1,2
1351,410,1,2
1351,411,1,2
1351,412,1,2
1351,413,1,2
1351,414,1,2
1351,415,1,2
1351,416,1,2
1351,417,1,2
1351,418,1,2
1351,419,1,2
1351,420,1,2
1351,421,1,2
1351,422,1,2
1351,423,1,2
1351,424,1,2
1351,425,1,2
1351,426,1,2
1351,427,1,2
1351,428,1,2
1351,429,1,2
1351,430,1,2
1351,431,1,2
1351,432,1,2
1351,433,1,2
1351,434,1,2
1351,435,1,2
1351,436,1,2
1351,437,1,2
1351,438,1,2
1351,439,1,2
1351,440,1,2
1351,441,1,2
1351,442,1,2
1351,443,1,2
1351,444,1,2
1351,445,1,2
1351,446,1,2
1351,447,1,2
1351,448,1,2
1351,449,1,2
1351,450,1,2
1351,451,1,2
1351,452,1,2
1351,453,1,2
1351,454,1,2
1351,455,1,2
1351,456,1,2
1351,457,1,2
1351,458,1,2
1351,459,1,2
1351,460,1,2
1351,461,1,2
1351,462,1,2
1351,463,1,2
1351,464,1,2
1351,465,1,2
1352,108,1,2
1352,109,1,3
1352,110,1,3
1352,111,1,3
1352,112,1,3
1352,113,1,3
1352,114,1,3
1352,115,1,3
1352,116,1,3
1352,117,1,3
1352,118,1,3
1352,119,1,3
1352,120,1,3
1352,121,1,3
1352,122,1,3
1352,123,1,3
1352,124,1,3
1352,125,1,3
1352,126,1,3
1352,127,1,2
1352,128,1,2
1352,129,1,2
1352,130,1,2
1352,131,1,2
1352,132,1,2
1352,133,1,2
1352,134,1,2
1352,135,1,2
1352,136,1,2
1352,137,1,2
1352,138,1,2
1352,139,1,2
1352,140,1,2
1352,141,1,2
1352,142,1,2
1352,143,1,2
1352,144,1,2
1352,145,1,2
1352,146,1,2
1352,147,1,2
1352,148,1,2
1352,149,1,2
1352,150,1,2
1352,151,1,2
1352,152,1,2
1352,153,1,2
1352,154,1,2
1352,155,1,2
1352,156,1,2
1352,157,1,2
1352,158,1,2
1352,159,1,2
1352,160,1,2
1352,161,1,2
1352,162,1,2
1352,163,1,2
1352,164,1,2
1352,165,1,2
1352,166,1,2
1352,167,1,2
1352,168,1,2
1352,169,1,2
1352,170,1,2
1352,171,1,2
1352,172,1,2
1352,173,1,2
1352,174,1,2
1352,175,1,2
1352,176,1,2
1352,177,1,2
1352,178,1,2
1352,179,1,2
1352,180,1,2
1352,181,1,2
1352,182,1,2
1352,183,1,2
1352,184,1,2
1352,185,1,2
1352,186,1,2
1352,187,1,2
1352,188,1,2
1352,189,1,2
1352,190,1,2
1352,191,1,2
1352,192,1,2
1352,193,1,2
1352,194,1,2
1352,195,1,2
1352,196,1,2
1352,197,1,2
1352,198,1,2
1352,199,1,2
1352,200,1,2
1352,201,1,2
1352,202,1,2
1352,203,1,2
1352,204,1,2
1352,205,1,2
1352,206,1,2
1352,207,1,2
1352,208,1,2
1352,209,1,2
1352,210,1,2
1352,211,1,2
1352,212,1,2
1352,213,1,2
1352,214,1,2
1352,215,1,2
1352,216,1,2
1352,217,1,2
1352,218,1,2
1352,219,1,2
1352,220,1,2
1352,221,1,2
1352,222,1,2
1352,223,1,2
1352,224,1,2
1352,225,1,2
1352,226,1,2
1352,227,1,2
1352,228,1,2
1352,229,1,2
1352,230,1,2
1352,231,1,2
1352,232,1,2
1352,233,1,2
1352,234,1,2
1352,235,1,2
1352,236,1,2
1352,237,1,2
1352,238,1,2
1352,239,1,2
1352,240,1,2
1352,241,1,2
1352,242,1,2
1352,243,1,2
1352,244,1,2
1352,245,1,2
1352,246,1,2
1352,247,1,2
1352,248,1,2
1352,249,1,2
1352,250,1,2
1352,251,1,2
1352,252,1,2
1352,253,1,2
1352,254,1,2
1352,255,1,2
1352,256,1,2
1352,257,1,2
1352,258,1,2
1352,259,1,2
1352,260,1,2
1352,261,1,2
1352,262,1,2
1352,263,1,2
1352,264,1,2
1352,265,1,2
1352,266,1,2
1352,267,1,2
1352,268,1,2
1352,269,1,2
1352,270,1,2
1352,271,1,2
1352,272,1,2
1352,273,1,2
1352,274,1,2
1352,275,1,2
1352,276,1,2
1352,277,1,2
1352,278,1,2
1352,279,1,2
1352,280,1,2
1352,281,1,2
1352,282,1,2
1352,283,1,2
1352,284,1,2
1352,285,1,2
1352,286,1,2
1352,287,1,2
1352,288,1,2
1352,289,1,2
1352,290,1,2
1352,291,1,2
1352,292,1,2
1352,293,1,2
1352,294,1,2
1352,295,1,2
1352,296,1,2
1352,297,1,2
1352,298,1,2
1352,299,1,2
1352,300,1,2
1352,301,1,2
1352,302,1,2
1352,303,1,2
1352,304,1,2
1352,305,1,2
1352,306,1,2
1352,307,1,2
1352,308,1,2
1352,309,1,2
1352,310,1,2
1352,311,1,2
1352,312,1,2
1352,313,1,2
1352,314,1,2
1352,315,1,2
1352,316,1,2
1352,317,1,2
1352,318,1,2
1352,319,1,2
1352,320,1,2
1352,321,1,2
1352,322,1,2
1352,323,1,2
1352,324,1,2
1352,325,1,2
1352,326,1,2
1352,327,1,2
1352,328,1,2
1352,329,1,2
1352,330,1,2
1352,331,1,2
1352,332,1,2
1352,333,1,2
1352,334,1,2
1352,335,1,2
1352,336,1,2
1352,337,1,2
1352,338,1,2
1352,339,1,2
1352,340,1,2
1352,341,1,2
1352,342,1,2
1352,343,1,2
1352,344,1,2
1352,345,1,2
1352,346,1,2
1352,347,1,2
1352,348,1,2
1352,349,1,2
1352,350,1,2
1352,351,1,2
1352,352,1,2
1352,353,1,2
1352,354,1,2
1352,355,1,2
1352,356,1,2
1352,357,1,2
1352,358,1,2
1352,359,1,2
1352,360,1,2
1352,361,1,2
1352,362,1,2
1352,363,1,2
1352,364,1,2
1352,365,1,2
1352,366,1,2
1352,367,1,2
1352,368,1,2
1352,369,1,2
1352,370,1,2
1352,371,1,2
1352,372,1,2
1352,373,1,2
1352,374,1,2
1352,375,1,2
1352,376,1,2
1352,377,1,2
1352,378,1,2
1352,379,1,2
1352,380,1,2
1352,381,1,2
1352,382,1,2
1352,383,1,2
1352,384,1,2
1352,385,1,2
1352,386,1,2
1352,387,1,2
1352,388,1,2
1352,389,1,2
1352,390,1,2
1352,391,1,2
1352,392,1,2
1352,393,1,2
1352,394,1,2
1352,395,1,2
1352,396,1,2
1352,397,1,2
1352,398,1,2
1352,399,1,2
1352,400,1,2
1352,401,1,2
1352,402,1,2
1352,403,1,2
1352,404,1,2
1352,405,1,2
1352,406,1,2
1352,407,1,2
1352,408,1,2
1352,409,1,2
1352,410,1,2
1352,411,1,2
1352,412,1,2
1352,413,1,2
1352,414,1,2
1352,415,1,2
1352,416,1,2
1352,417,1,2
1352,418,1,2
1352,419,1,2
1352,420,1,2
1352,421,1,2
1352,422,1,2
1352,423,1,2
1352,424,1,2
1352,425,1,2
1352,426,1,2
1352,427,1,2
1352,428,1,2
1352,429,1,2
1352,430,1,2
1352,431,1,2
1352,432,1,2
1352,433,1,2
1352,434,1,2
1352,435,1,2
1352,436,1,2
1352,437,1,2
1352,438,1,2
1352,439,1,2
1352,440,1,2
1352,441,1,2
1352,442,1,2
1352,443,1,2
1352,444,1,2
1352,445,1,2
1352,446,1,2
1352,447,1,2
1352,448,1,2
1352,449,1,2
1352,450,1,2
1352,451,1,2
1352,452,1,2
1352,453,1,2
1352,454,1,2
1352,455,1,2
1352,456,1,2
1352,457,1,2
1352,458,1,2
1352,459,1,2
1352,460,1,2
1352,461,1,2
1352,462,1,2
1352,463,1,2
1352,464,1,2
1352,465,1,2
1353,108,1,3
1353,109,1,3
1353,110,1,3
1353,111,1,3
1353,112,1,3
1353,113,1,3
1353,114,1,3
1353,115,1,3
1353,116,1,3
1353,117,1,3
1353,118,1,3
1353,119,1,3
1353,120,1,3
1353,121,1,3
1353,122,1,3
1353,123,1,3
1353,124,1,3
1353,125,1,3
1353,126,1,3
1353,127,1,3
1353,128,1,2
1353,129,1,2
1353,130,1,2
1353,131,1,2
1353,132,1,2
1353,133,1,2
1353,134,1,2
1353,135,1,2
1353,136,1,2
1353,137,1,2
1353,138,1,2
1353,139,1,2
1353,140,1,2
1353,141,1,2
1353,142,1,2
1353,143,1,2
1353,144,1,2
1353,145,1,2
1353,146,1,2
1353,147,1,2
1353,148,1,2
1353,149,1,2
1353,150,1,2
1353,151,1,2
1353,152,1,2
1353,153,1,2
1353,154,1,2
1353,155,1,2
1353,156,1,2
1353,157,1,2
1353,158,1,2
1353,159,1,2
1353,160,1,2
1353,161,1,2
1353,162,1,2
1353,163,1,2
1353,164,1,2
1353,165,1,2
1353,166,1,2
1353,167,1,2
1353,168,1,2
1353,169,1,2
1353,170,1,2
1353,171,1,2
1353,172,1,2
1353,173,1,2
1353,174,1,2
1353,175,1,2
1353,176,1,2
1353,177,1,2
1353,178,1,2
1353,179,1,2
1353,180,1,2
1353,181,1,2
1353,182,1,2
1353,183,1,2
1353,184,1,2
1353,185,1,2
1353,186,1,2
1353,187,1,2
1353,188,1,2
1353,189,1,2
1353,190,1,2
1353,191,1,2
1353,192,1,2
1353,193,1,2
1353,194,1,2
1353,195,1,2
1353,196,1,2
1353,197,1,2
1353,198,1,2
1353,199,1,2
1353,200,1,2
1353,201,1,2
1353,202,1,2
1353,203,1,2
1353,204,1,2
1353,205,1,2
1353,206,1,2
1353,207,1,2
1353,208,1,2
1353,209,1,2
1353,210,1,2
1353,211,1,2
1353,212,1,2
1353,213,1,2
1353,214,1,2
1353,215,1,2
1353,216,1,2
1353,217,1,2
1353,218,1,2
1353,219,1,2
1353,220,1,2
1353,221,1,2
1353,222,1,2
1353,223,1,2
1353,224,1,2
1353,225,1,2
1353,226,1,2
1353,227,1,2
1353,228,1,2
1353,229,1,2
1353,230,1,2
1353,231,1,2
1353,232,1,2
1353,233,1,2
1353,234,1,2
1353,235,1,2
1353,236,1,2
1353,237,1,2
1353,238,1,2
1353,239,1,2
1353,240,1,2
1353,241,1,2
1353,242,1,2
1353,243,1,2
1353,244,1,2
1353,245,1,2
1353,246,1,2
1353,247,1,2
1353,248,1,2
1353,249,1,2
1353,250,1,2
1353,251,1,2
1353,252,1,2
1353,253,1,2
1353,254,1,2
1353,255,1,2
1353,256,1,2
1353,257,1,2
1353,258,1,2
1353,259,1,2
1353,260,1,2
1353,261,1,2
1353,262,1,2
1353,263,1,2
1353,264,1,2
1353,265,1,2
1353,266,1,2
1353,267,1,2
1353,268,1,2
1353,269,1,2
1353,270,1,2
1353,271,1,2
1353,272,1,2
1353,273,1,2
1353,274,1,2
1353,275,1,2
1353,276,1,2
1353,277,1,2
1353,278,1,2
1353,279,1,2
1353,280,1,2
1353,281,1,2
1353,282,1,2
1353,283,1,2
1353,284,1,2
1353,285,1,2
1353,286,1,2
1353,287,1,2
1353,288,1,2
1353,289,1,2
1353,290,1,2
1353,291,1,2
1353,292,1,2
1353,293,1,2
1353,294,1,2
1353,295,1,2
1353,296,1,2
1353,297,1,2
1353,298,1,2
1353,299,1,2
1353,300,1,2
1353,301,1,2
1353,302,1,2
1353,303,1,2
1353,304,1,2
1353,305,1,2
1353,306,1,2
1353,307,1,2
1353,308,1,2
1353,309,1,2
1353,310,1,2
1353,311,1,2
1353,312,1,2
1353,313,1,2
1353,314,1,2
1353,315,1,2
1353,316,1,2
1353,317,1,2
1353,318,1,2
1353,319,1,2
1353,320,1,2
1353,321,1,2
1353,322,1,2
1353,323,1,2
1353,324,1,2
1353,325,1,2
1353,326,1,2
1353,327,1,2
1353,328,1,2
1353,329,1,2
1353,330,1,2
1353,331,1,2
1353,332,1,2
1353,333,1,2
1353,334,1,2
1353,335,1,2
1353,336,1,2
1353,337,1,2
1353,338,1,2
1353,339,1,2
1353,340,1,2
1353,341,1,2
1353,342,1,2
1353,343,1,2
1353,344,1,2
1353,345,1,2
1353,346,1,2
1353,347,1,2
1353,348,1,2
1353,349,1,2
1353,350,1,2
1353,351,1,2
1353,352,1,2
1353,353,1,2
1353,354,1,2
1353,355,1,2
1353,356,1,2
1353,357,1,2
1353,358,1,2
1353,359,1,2
1353,360,1,2
1353,361,1,2
1353,362,1,2
1353,363,1,2
1353,364,1,2
1353,365,1,2
1353,366,1,2
1353,367,1,2
1353,368,1,2
1353,369,1,2
1353,370,1,2
1353,371,1,2
1353,372,1,2
1353,373,1,2
1353,374,1,2
1353,375,1,2
1353,376,1,2
1353,377,1,2
1353,378,1,2
1353,379,1,2
1353,380,1,2
1353,381,1,2
1353,382,1,2
1353,383,1,2
1353,384,1,2
1353,385,1,2
1353,386,1,2
1353,387,1,2
1353,388,1,2
1353,389,1,2
1353,390,1,2
1353,391,1,2
1353,392,1,2
1353,393,1,2
1353,394,1,2
1353,395,1,2
1353,396,1,2
1353,397,1,2
1353,398,1,2
1353,399,1,2
1353,400,1,2
1353,401,1,2
1353,402,1,2
1353,403,1,2
1353,404,1,2
1353,405,1,2
1353,406,1,2
1353,407,1,2
1353,408,1,2
1353,409,1,2
1353,410,1,2
1353,411,1,2
1353,412,1,2
1353,413,1,2
1353,414,1,2
1353,415,1,2
1353,416,1,2
1353,417,1,2
1353,418,1,2
1353,419,1,2
1353,420,1,2
1353,421,1,2
1353,422,1,2
1353,423,1,2
1353,424,1,2
1353,425,1,2
1353,426,1,2
1353,427,1,2
1353,428,1,2
1353,429,1,2
1353,430,1,2
1353,431,1,2
1353,432,1,2
1353,433,1,2
1353,434,1,2
1353,435,1,2
1353,436,1,2
1353,437,1,2
1353,438,1,2
1353,439,1,2
1353,440,1,2
1353,441,1,2
1353,442,1,2
1353,443,1,2
1353,444,1,2
1353,445,1,2
1353,446,1,2
1353,447,1,2
1353,448,1,2
1353,449,1,2
1353,450,1,2
1353,451,1,2
1353,452,1,2
1353,453,1,2
1353,454,1,2
1353,455,1,2
1353,456,1,2
1353,457,1,2
1353,458,1,2
1353,459,1,2
1353,460,1,2
1353,461,1,2
1353,462,1,2
1353,463,1,2
1353,464,1,2
1353,465,1,2
1354,108,1,3
1354,109,1,3
1354,110,1,3
1354,111,1,3
1354,112,1,3
1354,113,1,3
1354,114,1,3
1354,115,1,3
1354,116,1,3
1354,117,1,3
1354,118,1,3
1354,119,1,3
1354,120,1,3
1354,121,1,3
1354,122,1,3
1354,123,1,3
1354,124,1,3
1354,125,1,3
1354,126,1,3
1354,127,1,3
1354,128,1,3
1354,129,1,3
1354,130,1,2
1354,131,1,2
1354,132,1,2
1354,133,1,2
1354,134,1,2
1354,135,1,2
1354,136,1,2
1354,137,1,2
1354,138,1,2
1354,139,1,2
1354,140,1,2
1354,141,1,2
1354,142,1,2
1354,143,1,2
1354,144,1,2
1354,145,1,2
1354,146,1,2
1354,147,1,2
1354,148,1,2
1354,149,1,2
1354,150,1,2
1354,151,1,2
1354,152,1,2
1354,153,1,2
1354,154,1,2
1354,155,1,2
1354,156,1,2
1354,157,1,2
1354,158,1,2
1354,159,1,2
1354,160,1,2
1354,161,1,2
1354,162,1,2
1354,163,1,2
1354,164,1,2
1354,165,1,2
1354,166,1,2
1354,167,1,2
1354,168,1,2
1354,169,1,2
1354,170,1,2
1354,171,1,2
1354,172,1,2
1354,173,1,2
1354,174,1,2
1354,175,1,2
1354,176,1,2
1354,177,1,2
1354,178,1,2
1354,179,1,2
1354,180,1,2
1354,181,1,2
1354,182,1,2
1354,183,1,2
1354,184,1,2
1354,185,1,2
1354,186,1,2
1354,187,1,2
1354,188,1,2
1354,189,1,2
1354,190,1,2
1354,191,1,2
1354,192,1,2
1354,193,1,2
1354,194,1,2
1354,195,1,2
1354,196,1,2
1354,197,1,2
1354,198,1,2
1354,199,1,2
1354,200,1,2
1354,201,1,2
1354,202,1,2
1354,203,1,2
1354,204,1,2
1354,205,1,2
1354,206,1,2
1354,207,1,2
1354,208,1,2
1354,209,1,2
1354,210,1,2
1354,211,1,2
1354,212,1,2
1354,213,1,2
1354,214,1,2
1354,215,1,2
1354,216,1,2
1354,217,1,2
1354,218,1,2
1354,219,1,2
1354,220,1,2
1354,221,1,2
1354,222,1,2
1354,223,1,2
1354,224,1,2
1354,225,1,2
1354,226,1,2
1354,227,1,2
1354,228,1,2
1354,229,1,2
1354,230,1,2
1354,231,1,2
1354,232,1,2
1354,233,1,2
1354,234,1,2
1354,235,1,2
1354,236,1,2
1354,237,1,2
1354,238,1,2
1354,239,1,2
1354,240,1,2
1354,241,1,2
1354,242,1,2
1354,243,1,2
1354,244,1,2
1354,245,1,2
1354,246,1,2
1354,247,1,2
1354,248,1,2
1354,249,1,2
1354,250,1,2
1354,251,1,2
1354,252,1,2
1354,253,1,2
1354,254,1,2
1354,255,1,2
1354,256,1,2
1354,257,1,2
1354,258,1,2
1354,259,1,2
1354,260,1,2
1354,261,1,2
1354,262,1,2
1354,263,1,2
1354,264,1,2
1354,265,1,2
1354,266,1,2
1354,267,1,2
1354,268,1,2
1354,269,1,2
1354,270,1,2
1354,271,1,2
1354,272,1,2
1354,273,1,2
1354,274,1,2
1354,275,1,2
1354,276,1,2
1354,277,1,2
1354,278,1,2
1354,279,1,2
1354,280,1,2
1354,281,1,2
1354,282,1,2
1354,283,1,2
1354,284,1,2
1354,285,1,2
1354,286,1,2
1354,287,1,2
1354,288,1,2
1354,289,1,2
1354,290,1,2
1354,291,1,2
1354,292,1,2
1354,293,1,2
1354,294,1,2
1354,295,1,2
1354,296,1,2
1354,297,1,2
1354,298,1,2
1354,299,1,2
1354,300,1,2
1354,301,1,2
1354,302,1,2
1354,303,1,2
1354,304,1,2
1354,305,1,2
1354,306,1,2
1354,307,1,2
1354,308,1,2
1354,309,1,2
1354,310,1,2
1354,311,1,2
1354,312,1,2
1354,313,1,2
1354,314,1,2
1354,315,1,2
1354,316,1,2
1354,317,1,2
1354,318,1,2
1354,319,1,2
1354,320,1,2
1354,321,1,2
1354,322,1,2
1354,323,1,2
1354,324,1,2
1354,325,1,2
1354,326,1,2
1354,327,1,2
1354,328,1,2
1354,329,1,2
1354,330,1,2
1354,331,1,2
1354,332,1,2
1354,333,1,2
1354,334,1,2
1354,335,1,2
1354,336,1,2
1354,337,1,2
1354,338,1,2
1354,339,1,2
1354,340,1,2
1354,341,1,2
1354,342,1,2
1354,343,1,2
1354,344,1,2
1354,345,1,2
1354,346,1,2
1354,347,1,2
1354,348,1,2
1354,349,1,2
1354,350,1,2
1354,351,1,2
1354,352,1,2
1354,353,1,2
1354,354,1,2
1354,355,1,2
1354,356,1,2
1354,357,1,2
1354,358,1,2
1354,359,1,2
1354,360,1,2
1354,361,1,2
1354,362,1,2
1354,363,1,2
1354,364,1,2
1354,365,1,2
1354,366,1,2
1354,367,1,2
1354,368,1,2
1354,369,1,2
1354,370,1,2
1354,371,1,2
1354,372,1,2
1354,373,1,2
1354,374,1,2
1354,375,1,2
1354,376,1,2
1354,377,1,2
1354,378,1,2
1354,379,1,2
1354,380,1,2
1354,381,1,2
1354,382,1,2
1354,383,1,2
1354,384,1,2
1354,385,1,2
1354,386,1,2
1354,387,1,2
1354,388,1,2
1354,389,1,2
1354,390,1,2
1354,391,1,2
1354,392,1,2
1354,393,1,2
1354,394,1,2
1354,395,1,2
1354,396,1,2
1354,397,1,2
1354,398,1,2
1354,399,1,2
1354,400,1,2
1354,401,1,2
1354,402,1,2
1354,403,1,2
1354,404,1,2
1354,405,1,2
1354,406,1,2
1354,407,1,2
1354,408,1,2
1354,409,1,2
1354,410,1,2
1354,411,1,2
1354,412,1,2
1354,413,1,2
1354,414,1,2
1354,415,1,2
1354,416,1,2
1354,417,1,2
1354,418,1,2
1354,419,1,2
1354,420,1,2
1354,421,1,2
1354,422,1,2
1354,423,1,2
1354,424,1,2
1354,425,1,2
1354,426,1,2
1354,427,1,2
1354,428,1,2
1354,429,1,2
1354,430,1,2
1354,431,1,2
1354,432,1,2
1354,433,1,2
1354,434,1,2
1354,435,1,2
1354,436,1,2
1354,437,1,2
1354,438,1,2
1354,439,1,2
1354,440,1,2
1354,441,1,2
1354,442,1,2
1354,443,1,2
1354,444,1,2
1354,445,1,2
1354,446,1,2
1354,447,1,2
1354,448,1,2
1354,449,1,2
1354,450,1,2
1354,451,1,2
1354,452,1,2
1354,453,1,2
1354,454,1,2
1354,455,1,2
1354,456,1,2
1354,457,1,2
1354,458,1,2
1354,459,1,2
1354,460,1,2
1354,461,1,2
1354,462,1,2
1354,463,1,2
1354,464,1,2
1354,465,1,2
1355,108,1,3
1355,109,1,3
1355,110,1,3
1355,111,1,3
1355,112,1,3
1355,113,1,3
1355,114,1,3
1355,115,1,3
1355,116,1,3
1355,117,1,3
1355,118,1,3
1355,119,1,3
1355,120,1,3
1355,121,1,3
1355,122,1,3
1355,123,1,3
1355,124,1,3
1355,125,1,3
1355,126,1,3
1355,127,1,3
1355,128,1,3
1355,129,1,3
1355,130,1,3
1355,131,1,3
1355,132,1,2
1355,133,1,2
1355,134,1,2
1355,135,1,2
1355,136,1,2
1355,137,1,2
1355,138,1,2
1355,139,1,2
1355,140,1,2
1355,141,1,2
1355,142,1,2
1355,143,1,2
1355,144,1,2
1355,145,1,2
1355,146,1,2
1355,147,1,2
1355,148,1,2
1355,149,1,2
1355,150,1,2
1355,151,1,2
1355,152,1,2
1355,153,1,2
1355,154,1,2
1355,155,1,2
1355,156,1,2
1355,157,1,2
1355,158,1,2
1355,159,1,2
1355,160,1,2
1355,161,1,2
1355,162,1,2
1355,163,1,2
1355,164,1,2
1355,165,1,2
1355,166,1,2
1355,167,1,2
1355,168,1,2
1355,169,1,2
1355,170,1,2
1355,171,1,2
1355,172,1,2
1355,173,1,2
1355,174,1,2
1355,175,1,2
1355,176,1,2
1355,177,1,2
1355,178,1,2
1355,179,1,2
1355,180,1,2
1355,181,1,2
1355,182,1,2
1355,183,1,2
1355,184,1,2
1355,185,1,2
1355,186,1,2
1355,187,1,2
1355,188,1,2
1355,189,1,2
1355,190,1,2
1355,191,1,2
1355,192,1,2
1355,193,1,2
1355,194,1,2
1355,195,1,2
1355,196,1,2
1355,197,1,2
1355,198,1,2
1355,199,1,2
1355,200,1,2
1355,201,1,2
1355,202,1,2
1355,203,1,2
1355,204,1,2
1355,205,1,2
1355,206,1,2
1355,207,1,2
1355,208,1,2
1355,209,1,2
1355,210,1,2
1355,211,1,2
1355,212,1,2
1355,213,1,2
1355,214,1,2
1355,215,1,2
1355,216,1,2
1355,217,1,2
1355,218,1,2
1355,219,1,2
1355,220,1,2
1355,221,1,2
1355,222,1,2
1355,223,1,2
1355,224,1,2
1355,225,1,2
1355,226,1,2
1355,227,1,2
1355,228,1,2
1355,229,1,2
1355,230,1,2
1355,231,1,2
1355,232,1,2
1355,233,1,2
1355,234,1,2
1355,235,1,2
1355,236,1,2
1355,237,1,2
1355,238,1,2
1355,239,1,2
1355,240,1,2
1355,241,1,2
1355,242,1,2
1355,243,1,2
1355,244,1,2
1355,245,1,2
1355,246,1,2
1355,247,1,2
1355,248,1,2
1355,249,1,2
1355,250,1,2
1355,251,1,2
1355,252,1,2
1355,253,1,2
1355,254,1,2
1355,255,1,2
1355,256,1,2
1355,257,1,2
1355,258,1,2
1355,259,1,2
1355,260,1,2
1355,261,1,2
1355,262,1,2
1355,263,1,2
1355,264,1,2
1355,265,1,2
1355,266,1,2
1355,267,1,2
1355,268,1,2
1355,269,1,2
1355,270,1,2
1355,271,1,2
1355,272,1,2
1355,273,1,2
1355,274,1,2
1355,275,1,2
1355,276,1,2
1355,277,1,2
1355,278,1,2
1355,279,1,2
1355,280,1,2
1355,281,1,2
1355,282,1,2
1355,283,1,2
1355,284,1,2
1355,285,1,2
1355,286,1,2
1355,287,1,2
1355,288,1,2
1355,289,1,2
1355,290,1,2
1355,291,1,2
1355,292,1,2
1355,293,1,2
1355,294,1,2
1355,295,1,2
1355,296,1,2
1355,297,1,2
1355,298,1,2
1355,299,1,2
1355,300,1,2
1355,301,1,2
1355,302,1,2
1355,303,1,2
1355,304,1,2
1355,305,1,2
1355,306,1,2
1355,307,1,2
1355,308,1,2
1355,309,1,2
1355,310,1,2
1355,311,1,2
1355,312,1,2
1355,313,1,2
1355,314,1,2
1355,315,1,2
1355,316,1,2
1355,317,1,2
1355,318,1,2
1355,319,1,2
1355,320,1,2
1355,321,1,2
1355,322,1,2
1355,323,1,2
1355,324,1,2
1355,325,1,2
1355,326,1,2
1355,327,1,2
1355,328,1,2
1355,329,1,2
1355,330,1,2
1355,331,1,2
1355,332,1,2
1355,333,1,2
1355,334,1,2
1355,335,1,2
1355,336,1,2
1355,337,1,2
1355,338,1,2
1355,339,1,2
1355,340,1,2
1355,341,1,2
1355,342,1,2
1355,343,1,2
1355,344,1,2
1355,345,1,2
1355,346,1,2
1355,347,1,2
1355,348,1,2
1355,349,1,2
1355,350,1,2
1355,351,1,2
1355,352,1,2
1355,353,1,2
1355,354,1,2
1355,355,1,2
1355,356,1,2
1355,357,1,2
1355,358,1,2
1355,359,1,2
1355,360,1,2
1355,361,1,2
1355,362,1,2
1355,363,1,2
1355,364,1,2
1355,365,1,2
1355,366,1,2
1355,367,1,2
1355,368,1,2
1355,369,1,2
1355,370,1,2
1355,371,1,2
1355,372,1,2
1355,373,1,2
1355,374,1,2
1355,375,1,2
1355,376,1,2
1355,377,1,2
1355,378,1,2
1355,379,1,2
1355,380,1,2
1355,381,1,2
1355,382,1,2
1355,383,1,2
1355,384,1,2
1355,385,1,2
1355,386,1,2
1355,387,1,2
1355,388,1,2
1355,389,1,2
1355,390,1,2
1355,391,1,2
1355,392,1,2
1355,393,1,2
1355,394,1,2
1355,395,1,2
1355,396,1,2
1355,397,1,2
1355,398,1,2
1355,399,1,2
1355,400,1,2
1355,401,1,2
1355,402,1,2
1355,403,1,2
1355,404,1,2
1355,405,1,2
1355,406,1,2
1355,407,1,2
1355,408,1,2
1355,409,1,2
1355,410,1,2
1355,411,1,2
1355,412,1,2
1355,413,1,2
1355,414,1,2
1355,415,1,2
1355,416,1,2
1355,417,1,2
1355,418,1,2
1355,419,1,2
1355,420,1,2
1355,421,1,2
1355,422,1,2
1355,423,1,2
1355,424,1,2
1355,425,1,2
1355,426,1,2
1355,427,1,2
1355,428,1,2
1355,429,1,2
1355,430,1,2
1355,431,1,2
1355,432,1,2
1355,433,1,2
1355,434,1,2
1355,435,1,2
1355,436,1,2
1355,437,1,2
1355,438,1,2
1355,439,1,2
1355,440,1,2
1355,441,1,2
1355,442,1,2
1355,443,1,2
1355,444,1,2
1355,445,1,2
1355,446,1,2
1355,447,1,2
1355,448,1,2
1355,449,1,2
1355,450,1,2
1355,451,1,2
1355,452,1,2
1355,453,1,2
1355,454,1,2
1355,455,1,2
1355,456,1,2
1355,457,1,2
1355,458,1,2
1355,459,1,2
1355,460,1,2
1355,461,1,2
1355,462,1,2
1355,463,1,2
1355,464,1,2
1355,465,1,2
1356,108,1,3
1356,109,1,3
1356,110,1,3
1356,111,1,3
1356,112,1,3
1356,113,1,3
1356,114,1,3
1356,115,1,3
1356,116,1,3
1356,117,1,3
1356,118,1,3
1356,119,1,3
1356,120,1,3
1356,121,1,3
1356,122,1,3
1356,123,1,3
1356,124,1,3
1356,125,1,3
1356,126,1,3
1356,127,1,3
1356,128,1,3
1356,129,1,3
1356,130,1,3
1356,131,1,3
1356,132,1,3
1356,133,1,2
1356,134,1,2
1356,135,1,2
1356,136,1,2
1356,137,1,2
1356,138,1,2
1356,139,1,2
1356,140,1,2
1356,141,1,2
1356,142,1,2
1356,143,1,2
1356,144,1,2
1356,145,1,2
1356,146,1,2
1356,147,1,2
1356,148,1,2
1356,149,1,2
1356,150,1,2
1356,151,1,2
1356,152,1,2
1356,153,1,2
1356,154,1,2
1356,155,1,2
1356,156,1,2
1356,157,1,2
1356,158,1,2
1356,159,1,2
1356,160,1,2
1356,161,1,2
1356,162,1,2
1356,163,1,2
1356,164,1,2
1356,165,1,2
1356,166,1,2
1356,167,1,2
1356,168,1,2
1356,169,1,2
1356,170,1,2
1356,171,1,2
1356,172,1,2
1356,173,1,2
1356,174,1,2
1356,175,1,2
1356,176,1,2
1356,177,1,2
1356,178,1,2
1356,179,1,2
1356,180,1,2
1356,181,1,2
1356,182,1,2
1356,183,1,2
1356,184,1,2
1356,185,1,2
1356,186,1,2
1356,187,1,2
1356,188,1,2
1356,189,1,2
1356,190,1,2
1356,191,1,2
1356,192,1,2
1356,193,1,2
1356,194,1,2
1356,195,1,2
1356,196,1,2
1356,197,1,2
1356,198,1,2
1356,199,1,2
1356,200,1,2
1356,201,1,2
1356,202,1,2
1356,203,1,2
1356,204,1,2
1356,205,1,2
1356,206,1,2
1356,207,1,2
1356,208,1,2
1356,209,1,2
1356,210,1,2
1356,211,1,2
1356,212,1,2
1356,213,1,2
1356,214,1,2
1356,215,1,2
1356,216,1,2
1356,217,1,2
1356,218,1,2
1356,219,1,2
1356,220,1,2
1356,221,1,2
1356,222,1,2
1356,223,1,2
1356,224,1,2
1356,225,1,2
1356,226,1,2
1356,227,1,2
1356,228,1,2
1356,229,1,2
1356,230,1,2
1356,231,1,2
1356,232,1,2
1356,233,1,2
1356,234,1,2
1356,235,1,2
1356,236,1,2
1356,237,1,2
1356,238,1,2
1356,239,1,2
1356,240,1,2
1356,241,1,2
1356,242,1,2
1356,243,1,2
1356,244,1,2
1356,245,1,2
1356,246,1,2
1356,247,1,2
1356,248,1,2
1356,249,1,2
1356,250,1,2
1356,251,1,2
1356,252,1,2
1356,253,1,2
1356,254,1,2
1356,255,1,2
1356,256,1,2
1356,257,1,2
1356,258,1,2
1356,259,1,2
1356,260,1,2
1356,261,1,2
1356,262,1,2
1356,263,1,2
1356,264,1,2
1356,265,1,2
1356,266,1,2
1356,267,1,2
1356,268,1,2
1356,269,1,2
1356,270,1,2
1356,271,1,2
1356,272,1,2
1356,273,1,2
1356,274,1,2
1356,275,1,2
1356,276,1,2
1356,277,1,2
1356,278,1,2
1356,279,1,2
1356,280,1,2
1356,281,1,2
1356,282,1,2
1356,283,1,2
1356,284,1,2
1356,285,1,2
1356,286,1,2
1356,287,1,2
1356,288,1,2
1356,289,1,2
1356,290,1,2
1356,291,1,2
1356,292,1,2
1356,293,1,2
1356,294,1,2
1356,295,1,2
1356,296,1,2
1356,297,1,2
1356,298,1,2
1356,299,1,2
1356,300,1,2
1356,301,1,2
1356,302,1,2
1356,303,1,2
1356,304,1,2
1356,305,1,2
1356,306,1,2
1356,307,1,2
1356,308,1,2
1356,309,1,2
1356,310,1,2
1356,311,1,2
1356,312,1,2
1356,313,1,2
1356,314,1,2
1356,315,1,2
1356,316,1,2
1356,317,1,2
1356,318,1,2
1356,319,1,2
1356,320,1,2
1356,321,1,2
1356,322,1,2
1356,323,1,2
1356,324,1,2
1356,325,1,2
1356,326,1,2
1356,327,1,2
1356,328,1,2
1356,329,1,2
1356,330,1,2
1356,331,1,2
1356,332,1,2
1356,333,1,2
1356,334,1,2
1356,335,1,2
1356,336,1,2
1356,337,1,2
1356,338,1,2
1356,339,1,2
1356,340,1,2
1356,341,1,2
1356,342,1,2
1356,343,1,2
1356,344,1,2
1356,345,1,2
1356,346,1,2
1356,347,1,2
1356,348,1,2
1356,349,1,2
1356,350,1,2
1356,351,1,2
1356,352,1,2
1356,353,1,2
1356,354,1,2
1356,355,1,2
1356,356,1,2
1356,357,1,2
1356,358,1,2
1356,359,1,2
1356,360,1,2
1356,361,1,2
1356,362,1,2
1356,363,1,2
1356,364,1,2
1356,365,1,2
1356,366,1,2
1356,367,1,2
1356,368,1,2
1356,369,1,2
1356,370,1,2
1356,371,1,2
1356,372,1,2
1356,373,1,2
1356,374,1,2
1356,375,1,2
1356,376,1,2
1356,377,1,2
1356,378,1,2
1356,379,1,2
1356,380,1,2
1356,381,1,2
1356,382,1,2
1356,383,1,2
1356,384,1,2
1356,385,1,2
1356,386,1,2
1356,387,1,2
1356,388,1,2
1356,389,1,2
1356,390,1,2
1356,391,1,2
1356,392,1,2
1356,393,1,2
1356,394,1,2
1356,395,1,2
1356,396,1,2
1356,397,1,2
1356,398,1,2
1356,399,1,2
1356,400,1,2
1356,401,1,2
1356,402,1,2
1356,403,1,2
1356,404,1,2
1356,405,1,2
1356,406,1,2
1356,407,1,2
1356,408,1,2
1356,409,1,2
1356,410,1,2
1356,411,1,2
1356,412,1,2
1356,413,1,2
1356,414,1,2
1356,415,1,2
1356,416,1,2
1356,417,1,2
1356,418,1,2
1356,419,1,2
1356,420,1,2
1356,421,1,2
1356,422,1,2
1356,423,1,2
1356,424,1,2
1356,425,1,2
1356,426,1,2
1356,427,1,2
1356,428,1,2
1356,429,1,2
1356,430,1,2
1356,431,1,2
1356,432,1,2
1356,433,1,2
1356,434,1,2
1356,435,1,2
1356,436,1,2
1356,437,1,2
1356,438,1,2
1356,439,1,2
1356,440,1,2
1356,441,1,2
1356,442,1,2
1356,443,1,2
1356,444,1,2
1356,445,1,2
1356,446,1,2
1356,447,1,2
1356,448,1,2
1356,449,1,2
1356,450,1,2
1356,451,1,2
1356,452,1,2
1356,453,1,2
1356,454,1,2
1356,455,1,2
1356,456,1,2
1356,457,1,2
1356,458,1,2
1356,459,1,2
1356,460,1,2
1356,461,1,2
1356,462,1,2
1356,463,1,2
1356,464,1,2
1356,465,1,2
1357,108,1,2
1357,109,1,3
1357,110,1,3
1357,111,1,3
1357,112,1,3
1357,113,1,3
1357,114,1,3
1357,115,1,3
1357,116,1,3
1357,117,1,3
1357,118,1,3
1357,119,1,3
1357,120,1,3
1357,121,1,3
1357,122,1,3
1357,123,1,3
1357,124,1,3
1357,125,1,3
1357,126,1,3
1357,127,1,3
1357,128,1,3
1357,129,1,3
1357,130,1,3
1357,131,1,3
1357,132,1,3
1357,133,1,3
1357,134,1,2
1357,135,1,2
1357,136,1,2
1357,137,1,2
1357,138,1,2
1357,139,1,2
1357,140,1,2
1357,141,1,2
1357,142,1,2
1357,143,1,2
1357,144,1,2
1357,145,1,2
1357,146,1,2
1357,147,1,2
1357,148,1,2
1357,149,1,2
1357,150,1,2
1357,151,1,2
1357,152,1,2
1357,153,1,2
1357,154,1,2
1357,155,1,2
1357,156,1,2
1357,157,1,2
1357,158,1,2
1357,159,1,2
1357,160,1,2
1357,161,1,2
1357,162,1,2
1357,163,1,2
1357,164,1,2
1357,165,1,2
1357,166,1,2
1357,167,1,2
1357,168,1,2
1357,169,1,2
1357,170,1,2
1357,171,1,2
1357,172,1,2
1357,173,1,2
1357,174,1,2
1357,175,1,2
1357,176,1,2
1357,177,1,2
1357,178,1,2
1357,179,1,2
1357,180,1,2
1357,181,1,2
1357,182,1,2
1357,183,1,2
1357,184,1,2
1357,185,1,2
1357,186,1,2
1357,187,1,2
1357,188,1,2
1357,189,1,2
1357,190,1,2
1357,191,1,2
1357,192,1,2
1357,193,1,2
1357,194,1,2
1357,195,1,2
1357,196,1,2
1357,197,1,2
1357,198,1,2
1357,199,1,2
1357,200,1,2
1357,201,1,2
1357,202,1,2
1357,203,1,2
1357,204,1,2
1357,205,1,2
1357,206,1,2
1357,207,1,2
1357,208,1,2
1357,209,1,2
1357,210,1,2
1357,211,1,2
1357,212,1,2
1357,213,1,2
1357,214,1,2
1357,215,1,2
1357,216,1,2
1357,217,1,2
1357,218,1,2
1357,219,1,2
1357,220,1,2
1357,221,1,2
1357,222,1,2
1357,223,1,2
1357,224,1,2
1357,225,1,2
1357,226,1,2
1357,227,1,2
1357,228,1,2
1357,229,1,2
1357,230,1,2
1357,231,1,2
1357,232,1,2
1357,233,1,2
1357,234,1,2
1357,235,1,2
1357,236,1,2
1357,237,1,2
1357,238,1,2
1357,239,1,2
1357,240,1,2
1357,241,1,2
1357,242,1,2
1357,243,1,2
1357,244,1,2
1357,245,1,2
1357,246,1,2
1357,247,1,2
1357,248,1,2
1357,249,1,2
1357,250,1,2
1357,251,1,2
1357,252,1,2
1357,253,1,2
1357,254,1,2
1357,255,1,2
1357,256,1,2
1357,257,1,2
1357,258,1,2
1357,259,1,2
1357,260,1,2
1357,261,1,2
1357,262,1,2
1357,263,1,2
1357,264,1,2
1357,265,1,2
1357,266,1,2
1357,267,1,2
1357,268,1,2
1357,269,1,2
1357,270,1,2
1357,271,1,2
1357,272,1,2
1357,273,1,2
1357,274,1,2
1357,275,1,2
1357,276,1,2
1357,277,1,2
1357,278,1,2
1357,279,1,2
1357,280,1,2
1357,281,1,2
1357,282,1,2
1357,283,1,2
1357,284,1,2
1357,285,1,2
1357,286,1,2
1357,287,1,2
1357,288,1,2
1357,289,1,2
1357,290,1,2
1357,291,1,2
1357,292,1,2
1357,293,1,2
1357,294,1,2
1357,295,1,2
1357,296,1,2
1357,297,1,2
1357,298,1,2
1357,299,1,2
1357,300,1,2
1357,301,1,2
1357,302,1,2
1357,303,1,2
1357,304,1,2
1357,305,1,2
1357,306,1,2
1357,307,1,2
1357,308,1,2
1357,309,1,2
1357,310,1,2
1357,311,1,2
1357,312,1,2
1357,313,1,2
1357,314,1,2
1357,315,1,2
1357,316,1,2
1357,317,1,2
1357,318,1,2
1357,319,1,2
1357,320,1,2
1357,321,1,2
1357,322,1,2
1357,323,1,2
1357,324,1,2
1357,325,1,2
1357,326,1,2
1357,327,1,2
1357,328,1,2
1357,329,1,2
1357,330,1,2
1357,331,1,2
1357,332,1,2
1357,333,1,2
1357,334,1,2
1357,335,1,2
1357,336,1,2
1357,337,1,2
1357,338,1,2
1357,339,1,2
1357,340,1,2
1357,341,1,2
1357,342,1,2
1357,343,1,2
1357,344,1,2
1357,345,1,2
1357,346,1,2
1357,347,1,2
1357,348,1,2
1357,349,1,2
1357,350,1,2
1357,351,1,2
1357,352,1,2
1357,353,1,2
1357,354,1,2
1357,355,1,2
1357,356,1,2
1357,357,1,2
1357,358,1,2
1357,359,1,2
1357,360,1,2
1357,361,1,2
1357,362,1,2
1357,363,1,2
1357,364,1,2
1357,365,1,2
1357,366,1,2
1357,367,1,2
1357,368,1,2
1357,369,1,2
1357,370,1,2
1357,371,1,2
1357,372,1,2
1357,373,1,2
1357,374,1,2
1357,375,1,2
1357,376,1,2
1357,377,1,2
1357,378,1,2
1357,379,1,2
1357,380,1,2
1357,381,1,2
1357,382,1,2
1357,383,1,2
1357,384,1,2
1357,385,1,2
1357,386,1,2
1357,387,1,2
1357,388,1,2
1357,389,1,2
1357,390,1,2
1357,391,1,2
1357,392,1,2
1357,393,1,2
1357,394,1,2
1357,395,1,2
1357,396,1,2
1357,397,1,2
1357,398,1,2
1357,399,1,2
1357,400,1,2
1357,401,1,2
1357,402,1,2
1357,403,1,2
1357,404,1,2
1357,405,1,2
1357,406,1,2
1357,407,1,2
1357,408,1,2
1357,409,1,2
1357,410,1,2
1357,411,1,2
1357,412,1,2
1357,413,1,2
1357,414,1,2
1357,415,1,2
1357,416,1,2
1357,417,1,2
1357,418,1,2
1357,419,1,2
1357,420,1,2
1357,421,1,2
1357,422,1,2
1357,423,1,2
1357,424,1,2
1357,425,1,2
1357,426,1,2
1357,427,1,2
1357,428,1,2
1357,429,1,2
1357,430,1,2
1357,431,1,2
1357,432,1,2
1357,433,1,2
1357,434,1,2
1357,435,1,2
1357,436,1,2
1357,437,1,2
1357,438,1,2
1357,439,1,2
1357,440,1,2
1357,441,1,2
1357,442,1,2
1357,443,1,2
1357,444,1,2
1357,445,1,2
1357,446,1,2
1357,447,1,2
1357,448,1,2
1357,449,1,2
1357,450,1,2
1357,451,1,2
1357,452,1,2
1357,453,1,2
1357,454,1,2
1357,455,1,2
1357,456,1,2
1357,457,1,2
1357,458,1,2
1357,459,1,2
1357,460,1,2
1357,461,1,2
1357,462,1,2
1357,463,1,2
1357,464,1,2
1357,465,1,2
1358,109,1,3
1358,110,1,3
1358,111,1,3
1358,112,1,3
1358,113,1,3
1358,114,1,3
1358,115,1,3
1358,116,1,3
1358,117,1,3
1358,118,1,3
1358,119,1,3
1358,120,1,3
1358,121,1,3
1358,122,1,3
1358,123,1,3
1358,124,1,3
1358,125,1,3
1358,126,1,3
1358,127,1,3
1358,128,1,3
1358,129,1,3
1358,130,1,3
1358,131,1,3
1358,132,1,3
1358,133,1,3
1358,134,1,3
1358,135,1,2
1358,136,1,2
1358,137,1,2
1358,138,1,2
1358,139,1,2
1358,140,1,2
1358,141,1,2
1358,142,1,2
1358,143,1,2
1358,144,1,2
1358,145,1,2
1358,146,1,2
1358,147,1,2
1358,148,1,2
1358,149,1,2
1358,150,1,2
1358,151,1,2
1358,152,1,2
1358,153,1,2
1358,154,1,2
1358,155,1,2
1358,156,1,2
1358,157,1,2
1358,158,1,2
1358,159,1,2
1358,160,1,2
1358,161,1,2
1358,162,1,2
1358,163,1,2
1358,164,1,2
1358,165,1,2
1358,166,1,2
1358,167,1,2
1358,168,1,2
1358,169,1,2
1358,170,1,2
1358,171,1,2
1358,172,1,2
1358,173,1,2
1358,174,1,2
1358,175,1,2
1358,176,1,2
1358,177,1,2
1358,178,1,2
1358,179,1,2
1358,180,1,2
1358,181,1,2
1358,182,1,2
1358,183,1,2
1358,184,1,2
1358,185,1,2
1358,186,1,2
1358,187,1,2
1358,188,1,2
1358,189,1,2
1358,190,1,2
1358,191,1,2
1358,192,1,2
1358,193,1,2
1358,194,1,2
1358,195,1,2
1358,196,1,2
1358,197,1,2
1358,198,1,2
1358,199,1,2
1358,200,1,2
1358,201,1,2
1358,202,1,2
1358,203,1,2
1358,204,1,2
1358,205,1,2
1358,206,1,2
1358,207,1,2
1358,208,1,2
1358,209,1,2
1358,210,1,2
1358,211,1,2
1358,212,1,2
1358,213,1,2
1358,214,1,2
1358,215,1,2
1358,216,1,2
1358,217,1,2
1358,218,1,2
1358,219,1,2
1358,220,1,2
1358,221,1,2
1358,222,1,2
1358,223,1,2
1358,224,1,2
1358,225,1,2
1358,226,1,2
1358,227,1,2
1358,228,1,2
1358,229,1,2
1358,230,1,2
1358,231,1,2
1358,232,1,2
1358,233,1,2
1358,234,1,2
1358,235,1,2
1358,236,1,2
1358,237,1,2
1358,238,1,2
1358,239,1,2
1358,240,1,2
1358,241,1,2
1358,242,1,2
1358,243,1,2
1358,244,1,2
1358,245,1,2
1358,246,1,2
1358,247,1,2
1358,248,1,2
1358,249,1,2
1358,250,1,2
1358,251,1,2
1358,252,1,2
1358,253,1,2
1358,254,1,2
1358,255,1,2
1358,256,1,2
1358,257,1,2
1358,258,1,2
1358,259,1,2
1358,260,1,2
1358,261,1,2
1358,262,1,2
1358,263,1,2
1358,264,1,2
1358,265,1,2
1358,266,1,2
1358,267,1,2
1358,268,1,2
1358,269,1,2
1358,270,1,2
1358,271,1,2
1358,272,1,2
1358,273,1,2
1358,274,1,2
1358,275,1,2
1358,276,1,2
1358,277,1,2
1358,278,1,2
1358,279,1,2
1358,280,1,2
1358,281,1,2
1358,282,1,2
1358,283,1,2
1358,284,1,2
1358,285,1,2
1358,286,1,2
1358,287,1,2
1358,288,1,2
1358,289,1,2
1358,290,1,2
1358,291,1,2
1358,292,1,2
1358,293,1,2
1358,294,1,2
1358,295,1,2
1358,296,1,2
1358,297,1,2
1358,298,1,2
1358,299,1,2
1358,300,1,2
1358,301,1,2
1358,302,1,2
1358,303,1,2
1358,304,1,2
1358,305,1,2
1358,306,1,2
1358,307,1,2
1358,308,1,2
1358,309,1,2
1358,310,1,2
1358,311,1,2
1358,312,1,2
1358,313,1,2
1358,314,1,2
1358,315,1,2
1358,316,1,2
1358,317,1,2
1358,318,1,2
1358,319,1,2
1358,320,1,2
1358,321,1,2
1358,322,1,2
1358,323,1,2
1358,324,1,2
1358,325,1,2
1358,326,1,2
1358,327,1,2
1358,328,1,2
1358,329,1,2
1358,330,1,2
1358,331,1,2
1358,332,1,2
1358,333,1,2
1358,334,1,2
1358,335,1,2
1358,336,1,2
1358,337,1,2
1358,338,1,2
1358,339,1,2
1358,340,1,2
1358,341,1,2
1358,342,1,2
1358,343,1,2
1358,344,1,2
1358,345,1,2
1358,346,1,2
1358,347,1,2
1358,348,1,2
1358,349,1,2
1358,350,1,2
1358,351,1,2
1358,352,1,2
1358,353,1,2
1358,354,1,2
1358,355,1,2
1358,356,1,2
1358,357,1,2
1358,358,1,2
1358,359,1,2
1358,360,1,2
1358,361,1,2
1358,362,1,2
1358,363,1,2
1358,364,1,2
1358,365,1,2
1358,366,1,2
1358,367,1,2
1358,368,1,2
1358,369,1,2
1358,370,1,2
1358,371,1,2
1358,372,1,2
1358,373,1,2
1358,374,1,2
1358,375,1,2
1358,376,1,2
1358,377,1,2
1358,378,1,2
1358,379,1,2
1358,380,1,2
1358,381,1,2
1358,382,1,2
1358,383,1,2
1358,384,1,2
1358,385,1,2
1358,386,1,2
1358,387,1,2
1358,388,1,2
1358,389,1,2
1358,390,1,2
1358,391,1,2
1358,392,1,2
1358,393,1,2
1358,394,1,2
1358,395,1,2
1358,396,1,2
1358,397,1,2
1358,398,1,2
1358,399,1,2
1358,400,1,2
1358,401,1,2
1358,402,1,2
1358,403,1,2
1358,404,1,2
1358,405,1,2
1358,406,1,2
1358,407,1,2
1358,408,1,2
1358,409,1,2
1358,410,1,2
1358,411,1,2
1358,412,1,2
1358,413,1,2
1358,414,1,2
1358,415,1,2
1358,416,1,2
1358,417,1,2
1358,418,1,2
1358,419,1,2
1358,420,1,2
1358,421,1,2
1358,422,1,2
1358,423,1,2
1358,424,1,2
1358,425,1,2
1358,426,1,2
1358,427,1,2
1358,428,1,2
1358,429,1,2
1358,430,1,2
1358,431,1,2
1358,432,1,2
1358,433,1,2
1358,434,1,2
1358,435,1,2
1358,436,1,2
1358,437,1,2
1358,438,1,2
1358,439,1,2
1358,440,1,2
1358,441,1,2
1358,442,1,2
1358,443,1,2
1358,444,1,2
1358,445,1,2
1358,446,1,2
1358,447,1,2
1358,448,1,2
1358,449,1,2
1358,450,1,2
1358,451,1,2
1358,452,1,2
1358,453,1,2
1358,454,1,2
1358,455,1,2
1358,456,1,2
1358,457,1,2
1358,458,1,2
1358,459,1,2
1358,460,1,2
1358,461,1,2
1358,462,1,2
1358,463,1,2
1358,464,1,2
1358,465,1,2
1359,109,1,3
1359,110,1,3
1359,111,1,3
1359,112,1,3
1359,113,1,3
1359,114,1,3
1359,115,1,3
1359,116,1,3
1359,117,1,3
1359,118,1,3
1359,119,1,3
1359,120,1,3
1359,121,1,3
1359,122,1,3
1359,123,1,3
1359,124,1,3
1359,125,1,3
1359,126,1,3
1359,127,1,3
1359,128,1,3
1359,129,1,3
1359,130,1,3
1359,131,1,3
1359,132,1,3
1359,133,1,3
1359,134,1,3
1359,135,1,2
1359,136,1,2
1359,137,1,2
1359,138,1,2
1359,139,1,2
1359,140,1,2
1359,141,1,2
1359,142,1,2
1359,143,1,2
1359,144,1,2
1359,145,1,2
1359,146,1,2
1359,147,1,2
1359,148,1,2
1359,149,1,2
1359,150,1,2
1359,151,1,2
1359,152,1,2
1359,153,1,2
1359,154,1,2
1359,155,1,2
1359,156,1,2
1359,157,1,2
1359,158,1,2
1359,159,1,2
1359,160,1,2
1359,161,1,2
1359,162,1,2
1359,163,1,2
1359,164,1,2
1359,165,1,2
1359,166,1,2
1359,167,1,2
1359,168,1,2
1359,169,1,2
1359,170,1,2
1359,171,1,2
1359,172,1,2
1359,173,1,2
1359,174,1,2
1359,175,1,2
1359,176,1,2
1359,177,1,2
1359,178,1,2
1359,179,1,2
1359,180,1,2
1359,181,1,2
1359,182,1,2
1359,183,1,2
1359,184,1,2
1359,185,1,2
1359,186,1,2
1359,187,1,2
1359,188,1,2
1359,189,1,2
1359,190,1,2
1359,191,1,2
1359,192,1,2
1359,193,1,2
1359,194,1,2
1359,195,1,2
1359,196,1,2
1359,197,1,2
1359,198,1,2
1359,199,1,2
1359,200,1,2
1359,201,1,2
1359,202,1,2
1359,203,1,2
1359,204,1,2
1359,205,1,2
1359,206,1,2
1359,207,1,2
1359,208,1,2
1359,209,1,2
1359,210,1,2
1359,211,1,2
1359,212,1,2
1359,213,1,2
1359,214,1,2
1359,215,1,2
1359,216,1,2
1359,217,1,2
1359,218,1,2
1359,219,1,2
1359,220,1,2
1359,221,1,2
1359,222,1,2
1359,223,1,2
1359,224,1,2
1359,225,1,2
1359,226,1,2
1359,227,1,2
1359,228,1,2
1359,229,1,2
1359,230,1,2
1359,231,1,2
1359,232,1,2
1359,233,1,2
1359,234,1,2
1359,235,1,2
1359,236,1,2
1359,237,1,2
1359,238,1,2
1359,239,1,2
1359,240,1,2
1359,241,1,2
1359,242,1,2
1359,243,1,2
1359,244,1,2
1359,245,1,2
1359,246,1,2
1359,247,1,2
1359,248,1,2
1359,249,1,2
1359,250,1,2
1359,251,1,2
1359,252,1,2
1359,253,1,2
1359,254,1,2
1359,255,1,2
1359,256,1,2
1359,257,1,2
1359,258,1,2
1359,259,1,2
1359,260,1,2
1359,261,1,2
1359,262,1,2
1359,263,1,2
1359,264,1,2
1359,265,1,2
1359,266,1,2
1359,267,1,2
1359,268,1,2
1359,269,1,2
1359,270,1,2
1359,271,1,2
1359,272,1,2
1359,273,1,2
1359,274,1,2
1359,275,1,2
1359,276,1,2
1359,277,1,2
1359,278,1,2
1359,279,1,2
1359,280,1,2
1359,281,1,2
1359,282,1,2
1359,283,1,2
1359,284,1,2
1359,285,1,2
1359,286,1,2
1359,287,1,2
1359,288,1,2
1359,289,1,2
1359,290,1,2
1359,291,1,2
1359,292,1,2
1359,293,1,2
1359,294,1,2
1359,295,1,2
1359,296,1,2
1359,297,1,2
1359,298,1,2
1359,299,1,2
1359,300,1,2
1359,301,1,2
1359,302,1,2
1359,303,1,2
1359,304,1,2
1359,305,1,2
1359,306,1,2
1359,307,1,2
1359,308,1,2
1359,309,1,2
1359,310,1,2
1359,311,1,2
1359,312,1,2
1359,313,1,2
1359,314,1,2
1359,315,1,2
1359,316,1,2
1359,317,1,2
1359,318,1,2
1359,319,1,2
1359,320,1,2
1359,321,1,2
1359,322,1,2
1359,323,1,2
1359,324,1,2
1359,325,1,2
1359,326,1,2
1359,327,1,2
1359,328,1,2
1359,329,1,2
1359,330,1,2
1359,331,1,2
1359,332,1,2
1359,333,1,2
1359,334,1,2
1359,335,1,2
1359,336,1,2
1359,337,1,2
1359,338,1,2
1359,339,1,2
1359,340,1,2
1359,341,1,2
1359,342,1,2
1359,343,1,2
1359,344,1,2
1359,345,1,2
1359,346,1,2
1359,347,1,2
1359,348,1,2
1359,349,1,2
1359,350,1,2
1359,351,1,2
1359,352,1,2
1359,353,1,2
1359,354,1,2
1359,355,1,2
1359,356,1,2
1359,357,1,2
1359,358,1,2
1359,359,1,2
1359,360,1,2
1359,361,1,2
1359,362,1,2
1359,363,1,2
1359,364,1,2
1359,365,1,2
1359,366,1,2
1359,367,1,2
1359,368,1,2
1359,369,1,2
1359,370,1,2
1359,371,1,2
1359,372,1,2
1359,373,1,2
1359,374,1,2
1359,375,1,2
1359,376,1,2
1359,377,1,2
1359,378,1,2
1359,379,1,2
1359,380,1,2
1359,381,1,2
1359,382,1,2
1359,383,1,2
1359,384,1,2
1359,385,1,2
1359,386,1,2
1359,387,1,2
1359,388,1,2
1359,389,1,2
1359,390,1,2
1359,391,1,2
1359,392,1,2
1359,393,1,2
1359,394,1,2
1359,395,1,2
1359,396,1,2
1359,397,1,2
1359,398,1,2
1359,399,1,2
1359,400,1,2
1359,401,1,2
1359,402,1,2
1359,403,1,2
1359,404,1,2
1359,405,1,2
1359,406,1,2
1359,407,1,2
1359,408,1,2
1359,409,1,2
1359,410,1,2
1359,411,1,2
1359,412,1,2
1359,413,1,2
1359,414,1,2
1359,415,1,2
1359,416,1,2
1359,417,1,2
1359,418,1,2
1359,419,1,2
1359,420,1,2
1359,421,1,2
1359,422,1,2
1359,423,1,2
1359,424,1,2
1359,425,1,2
1359,426,1,2
1359,427,1,2
1359,428,1,2
1359,429,1,2
1359,430,1,2
1359,431,1,2
1359,432,1,2
1359,433,1,2
1359,434,1,2
1359,435,1,2
1359,436,1,2
1359,437,1,2
1359,438,1,2
1359,439,1,2
1359,440,1,2
1359,441,1,2
1359,442,1,2
1359,443,1,2
1359,444,1,2
1359,445,1,2
1359,446,1,2
1359,447,1,2
1359,448,1,2
1359,449,1,2
1359,450,1,2
1359,451,1,2
1359,452,1,2
1359,453,1,2
1359,454,1,2
1359,455,1,2
1359,456,1,2
1359,457,1,2
1359,458,1,2
1359,459,1,2
1359,460,1,2
1359,461,1,2
1359,462,1,2
1359,463,1,2
1359,464,1,2
1359,465,1,2
1360,109,1,3
1360,110,1,3
1360,111,1,3
1360,112,1,3
1360,113,1,3
1360,114,1,3
1360,115,1,3
1360,116,1,3
1360,117,1,3
1360,118,1,3
1360,119,1,3
1360,120,1,3
1360,121,1,3
1360,122,1,3
1360,123,1,3
1360,124,1,3
1360,125,1,3
1360,126,1,3
1360,127,1,3
1360,128,1,3
1360,129,1,3
1360,130,1,3
1360,131,1,3
1360,132,1,3
1360,133,1,3
1360,134,1,3
1360,135,1,3
1360,136,1,3
1360,137,1,2
1360,138,1,2
1360,139,1,2
1360,140,1,2
1360,141,1,2
1360,142,1,2
1360,143,1,2
1360,144,1,2
1360,145,1,2
1360,146,1,2
1360,147,1,2
1360,148,1,2
1360,149,1,2
1360,150,1,2
1360,151,1,2
1360,152,1,2
1360,153,1,2
1360,154,1,2
1360,155,1,2
1360,156,1,2
1360,157,1,2
1360,158,1,2
1360,159,1,2
1360,160,1,2
1360,161,1,2
1360,162,1,2
1360,163,1,2
1360,164,1,2
1360,165,1,2
1360,166,1,2
1360,167,1,2
1360,168,1,2
1360,169,1,2
1360,170,1,2
1360,171,1,2
1360,172,1,2
1360,173,1,2
1360,174,1,2
1360,175,1,2
1360,176,1,2
1360,177,1,2
1360,178,1,2
1360,179,1,2
1360,180,1,2
1360,181,1,2
1360,182,1,2
1360,183,1,2
1360,184,1,2
1360,185,1,2
1360,186,1,2
1360,187,1,2
1360,188,1,2
1360,189,1,2
1360,190,1,2
1360,191,1,2
1360,192,1,2
1360,193,1,2
1360,194,1,2
1360,195,1,2
1360,196,1,2
1360,197,1,2
1360,198,1,2
1360,199,1,2
1360,200,1,2
1360,201,1,2
1360,202,1,2
1360,203,1,2
1360,204,1,2
1360,205,1,2
1360,206,1,2
1360,207,1,2
1360,208,1,2
1360,209,1,2
1360,210,1,2
1360,211,1,2
1360,212,1,2
1360,213,1,2
1360,214,1,2
1360,215,1,2
1360,216,1,2
1360,217,1,2
1360,218,1,2
1360,219,1,2
1360,220,1,2
1360,221,1,2
1360,222,1,2
1360,223,1,2
1360,224,1,2
1360,225,1,2
1360,226,1,2
1360,227,1,2
1360,228,1,2
1360,229,1,2
1360,230,1,2
1360,231,1,2
1360,232,1,2
1360,233,1,2
1360,234,1,2
1360,235,1,2
1360,236,1,2
1360,237,1,2
1360,238,1,2
1360,239,1,2
1360,240,1,2
1360,241,1,2
1360,242,1,2
1360,243,1,2
1360,244,1,2
1360,245,1,2
1360,246,1,2
1360,247,1,2
1360,248,1,2
1360,249,1,2
1360,250,1,2
1360,251,1,2
1360,252,1,2
1360,253,1,2
1360,254,1,2
1360,255,1,2
1360,256,1,2
1360,257,1,2
1360,258,1,2
1360,259,1,2
1360,260,1,2
1360,261,1,2
1360,262,1,2
1360,263,1,2
1360,264,1,2
1360,265,1,2
1360,266,1,2
1360,267,1,2
1360,268,1,2
1360,269,1,2
1360,270,1,2
1360,271,1,2
1360,272,1,2
1360,273,1,2
1360,274,1,2
1360,275,1,2
1360,276,1,2
1360,277,1,2
1360,278,1,2
1360,279,1,2
1360,280,1,2
1360,281,1,2
1360,282,1,2
1360,283,1,2
1360,284,1,2
1360,285,1,2
1360,286,1,2
1360,287,1,2
1360,288,1,2
1360,289,1,2
1360,290,1,2
1360,291,1,2
1360,292,1,2
1360,293,1,2
1360,294,1,2
1360,295,1,2
1360,296,1,2
1360,297,1,2
1360,298,1,2
1360,299,1,2
1360,300,1,2
1360,301,1,2
1360,302,1,2
1360,303,1,2
1360,304,1,2
1360,305,1,2
1360,306,1,2
1360,307,1,2
1360,308,1,2
1360,309,1,2
1360,310,1,2
1360,311,1,2
1360,312,1,2
1360,313,1,2
1360,314,1,2
1360,315,1,2
1360,316,1,2
1360,317,1,2
1360,318,1,2
1360,319,1,2
1360,320,1,2
1360,321,1,2
1360,322,1,2
1360,323,1,2
1360,324,1,2
1360,325,1,2
1360,326,1,2
1360,327,1,2
1360,328,1,2
1360,329,1,2
1360,330,1,2
1360,331,1,2
1360,332,1,2
1360,333,1,2
1360,334,1,2
1360,335,1,2
1360,336,1,2
1360,337,1,2
1360,338,1,2
1360,339,1,2
1360,340,1,2
1360,341,1,2
1360,342,1,2
1360,343,1,2
1360,344,1,2
1360,345,1,2
1360,346,1,2
1360,347,1,2
1360,348,1,2
1360,349,1,2
1360,350,1,2
1360,351,1,2
1360,352,1,2
1360,353,1,2
1360,354,1,2
1360,355,1,2
1360,356,1,2
1360,357,1,2
1360,358,1,2
1360,359,1,2
1360,360,1,2
1360,361,1,2
1360,362,1,2
1360,363,1,2
1360,364,1,2
1360,365,1,2
1360,366,1,2
1360,367,1,2
1360,368,1,2
1360,369,1,2
1360,370,1,2
1360,371,1,2
1360,372,1,2
1360,373,1,2
1360,374,1,2
1360,375,1,2
1360,376,1,2
1360,377,1,2
1360,378,1,2
1360,379,1,2
1360,380,1,2
1360,381,1,2
1360,382,1,2
1360,383,1,2
1360,384,1,2
1360,385,1,2
1360,386,1,2
1360,387,1,2
1360,388,1,2
1360,389,1,2
1360,390,1,2
1360,391,1,2
1360,392,1,2
1360,393,1,2
1360,394,1,2
1360,395,1,2
1360,396,1,2
1360,397,1,2
1360,398,1,2
1360,399,1,2
1360,400,1,2
1360,401,1,2
1360,402,1,2
1360,403,1,2
1360,404,1,2
1360,405,1,2
1360,406,1,2
1360,407,1,2
1360,408,1,2
1360,409,1,2
1360,410,1,2
1360,411,1,2
1360,412,1,2
1360,413,1,2
1360,414,1,2
1360,415,1,2
1360,416,1,2
1360,417,1,2
1360,418,1,2
1360,419,1,2
1360,420,1,2
1360,421,1,2
1360,422,1,2
1360,423,1,2
1360,424,1,2
1360,425,1,2
1360,426,1,2
1360,427,1,2
1360,428,1,2
1360,429,1,2
1360,430,1,2
1360,431,1,2
1360,432,1,2
1360,433,1,2
1360,434,1,2
1360,435,1,2
1360,436,1,2
1360,437,1,2
1360,438,1,2
1360,439,1,2
1360,440,1,2
1360,441,1,2
1360,442,1,2
1360,443,1,2
1360,444,1,2
1360,445,1,2
1360,446,1,2
1360,447,1,2
1360,448,1,2
1360,449,1,2
1360,450,1,2
1360,451,1,2
1360,452,1,2
1360,453,1,2
1360,454,1,2
1360,455,1,2
1360,456,1,2
1360,457,1,2
1360,458,1,2
1360,459,1,2
1360,460,1,2
1360,461,1,2
1360,462,1,2
1360,463,1,2
1360,464,1,2
1360,465,1,2
1361,109,1,3
1361,110,1,3
1361,111,1,3
1361,112,1,3
1361,113,1,3
1361,114,1,3
1361,115,1,3
1361,116,1,3
1361,117,1,3
1361,118,1,3
1361,119,1,3
1361,120,1,3
1361,121,1,3
1361,122,1,3
1361,123,1,3
1361,124,1,3
1361,125,1,3
1361,126,1,3
1361,127,1,3
1361,128,1,3
1361,129,1,3
1361,130,1,3
1361,131,1,3
1361,132,1,3
1361,133,1,3
1361,134,1,3
1361,135,1,3
1361,136,1,3
1361,137,1,2
1361,138,1,2
1361,139,1,2
1361,140,1,2
1361,141,1,2
1361,142,1,2
1361,143,1,2
1361,144,1,2
1361,145,1,2
1361,146,1,2
1361,147,1,2
1361,148,1,2
1361,149,1,2
1361,150,1,2
1361,151,1,2
1361,152,1,2
1361,153,1,2
1361,154,1,2
1361,155,1,2
1361,156,1,2
1361,157,1,2
1361,158,1,2
1361,159,1,2
1361,160,1,2
1361,161,1,2
1361,162,1,2
1361,163,1,2
1361,164,1,2
1361,165,1,2
1361,166,1,2
1361,167,1,2
1361,168,1,2
1361,169,1,2
1361,170,1,2
1361,171,1,2
1361,172,1,2
1361,173,1,2
1361,174,1,2
1361,175,1,2
1361,176,1,2
1361,177,1,2
1361,178,1,2
1361,179,1,2
1361,180,1,2
1361,181,1,2
1361,182,1,2
1361,183,1,2
1361,184,1,2
1361,185,1,2
1361,186,1,2
1361,187,1,2
1361,188,1,2
1361,189,1,2
1361,190,1,2
1361,191,1,2
1361,192,1,2
1361,193,1,2
1361,194,1,2
1361,195,1,2
1361,196,1,2
1361,197,1,2
1361,198,1,2
1361,199,1,2
1361,200,1,2
1361,201,1,2
1361,202,1,2
1361,203,1,2
1361,204,1,2
1361,205,1,2
1361,206,1,2
1361,207,1,2
1361,208,1,2
1361,209,1,2
1361,210,1,2
1361,211,1,2
1361,212,1,2
1361,213,1,2
1361,214,1,2
1361,215,1,2
1361,216,1,2
1361,217,1,2
1361,218,1,2
1361,219,1,2
1361,220,1,2
1361,221,1,2
1361,222,1,2
1361,223,1,2
1361,224,1,2
1361,225,1,2
1361,226,1,2
1361,227,1,2
1361,228,1,2
1361,229,1,2
1361,230,1,2
1361,231,1,2
1361,232,1,2
1361,233,1,2
1361,234,1,2
1361,235,1,2
1361,236,1,2
1361,237,1,2
1361,238,1,2
1361,239,1,2
1361,240,1,2
1361,241,1,2
1361,242,1,2
1361,243,1,2
1361,244,1,2
1361,245,1,2
1361,246,1,2
1361,247,1,2
1361,248,1,2
1361,249,1,2
1361,250,1,2
1361,251,1,2
1361,252,1,2
1361,253,1,2
1361,254,1,2
1361,255,1,2
1361,256,1,2
1361,257,1,2
1361,258,1,2
1361,259,1,2
1361,260,1,2
1361,261,1,2
1361,262,1,2
1361,263,1,2
1361,264,1,2
1361,265,1,2
1361,266,1,2
1361,267,1,2
1361,268,1,2
1361,269,1,2
1361,270,1,2
1361,271,1,2
1361,272,1,2
1361,273,1,2
1361,274,1,2
1361,275,1,2
1361,276,1,2
1361,277,1,2
1361,278,1,2
1361,279,1,2
1361,280,1,2
1361,281,1,2
1361,282,1,2
1361,283,1,2
1361,284,1,2
1361,285,1,2
1361,286,1,2
1361,287,1,2
1361,288,1,2
1361,289,1,2
1361,290,1,2
1361,291,1,2
1361,292,1,2
1361,293,1,2
1361,294,1,2
1361,295,1,2
1361,296,1,2
1361,297,1,2
1361,298,1,2
1361,299,1,2
1361,300,1,2
1361,301,1,2
1361,302,1,2
1361,303,1,2
1361,304,1,2
1361,305,1,2
1361,306,1,2
1361,307,1,2
1361,308,1,2
1361,309,1,2
1361,310,1,2
1361,311,1,2
1361,312,1,2
1361,313,1,2
1361,314,1,2
1361,315,1,2
1361,316,1,2
1361,317,1,2
1361,318,1,2
1361,319,1,2
1361,320,1,2
1361,321,1,2
1361,322,1,2
1361,323,1,2
1361,324,1,2
1361,325,1,2
1361,326,1,2
1361,327,1,2
1361,328,1,2
1361,329,1,2
1361,330,1,2
1361,331,1,2
1361,332,1,2
1361,333,1,2
1361,334,1,2
1361,335,1,2
1361,336,1,2
1361,337,1,2
1361,338,1,2
1361,339,1,2
1361,340,1,2
1361,341,1,2
1361,342,1,2
1361,343,1,2
1361,344,1,2
1361,345,1,2
1361,346,1,2
1361,347,1,2
1361,348,1,2
1361,349,1,2
1361,350,1,2
1361,351,1,2
1361,352,1,2
1361,353,1,2
1361,354,1,2
1361,355,1,2
1361,356,1,2
1361,357,1,2
1361,358,1,2
1361,359,1,2
1361,360,1,2
1361,361,1,2
1361,362,1,2
1361,363,1,2
1361,364,1,2
1361,365,1,2
1361,366,1,2
1361,367,1,2
1361,368,1,2
1361,369,1,2
1361,370,1,2
1361,371,1,2
1361,372,1,2
1361,373,1,2
1361,374,1,2
1361,375,1,2
1361,376,1,2
1361,377,1,2
1361,378,1,2
1361,379,1,2
1361,380,1,2
1361,381,1,2
1361,382,1,2
1361,383,1,2
1361,384,1,2
1361,385,1,2
1361,386,1,2
1361,387,1,2
1361,388,1,2
1361,389,1,2
1361,390,1,2
1361,391,1,2
1361,392,1,2
1361,393,1,2
1361,394,1,2
1361,395,1,2
1361,396,1,2
1361,397,1,2
1361,398,1,2
1361,399,1,2
1361,400,1,2
1361,401,1,2
1361,402,1,2
1361,403,1,2
1361,404,1,2
1361,405,1,2
1361,406,1,2
1361,407,1,2
1361,408,1,2
1361,409,1,2
1361,410,1,2
1361,411,1,2
1361,412,1,2
1361,413,1,2
1361,414,1,2
1361,415,1,2
1361,416,1,2
1361,417,1,2
1361,418,1,2
1361,419,1,2
1361,420,1,2
1361,421,1,2
1361,422,1,2
1361,423,1,2
1361,424,1,2
1361,425,1,2
1361,426,1,2
1361,427,1,2
1361,428,1,2
1361,429,1,2
1361,430,1,2
1361,431,1,2
1361,432,1,2
1361,433,1,2
1361,434,1,2
1361,435,1,2
1361,436,1,2
1361,437,1,2
1361,438,1,2
1361,439,1,2
1361,440,1,2
1361,441,1,2
1361,442,1,2
1361,443,1,2
1361,444,1,2
1361,445,1,2
1361,446,1,2
1361,447,1,2
1361,448,1,2
1361,449,1,2
1361,450,1,2
1361,451,1,2
1361,452,1,2
1361,453,1,2
1361,454,1,2
1361,455,1,2
1361,456,1,2
1361,457,1,2
1361,458,1,2
1361,459,1,2
1361,460,1,2
1361,461,1,2
1361,462,1,2
1361,463,1,2
1361,464,1,2
1361,465,1,2
1362,109,1,3
1362,110,1,3
1362,111,1,3
1362,112,1,3
1362,113,1,3
1362,114,1,3
1362,115,1,3
1362,116,1,3
1362,117,1,3
1362,118,1,3
1362,119,1,3
1362,120,1,3
1362,121,1,3
1362,122,1,3
1362,123,1,3
1362,124,1,3
1362,125,1,3
1362,126,1,3
1362,127,1,3
1362,128,1,3
1362,129,1,3
1362,130,1,3
1362,131,1,3
1362,132,1,3
1362,133,1,3
1362,134,1,3
1362,135,1,3
1362,136,1,3
1362,137,1,3
1362,138,1,3
1362,139,1,2
1362,140,1,2
1362,141,1,2
1362,142,1,2
1362,143,1,2
1362,144,1,2
1362,145,1,2
1362,146,1,2
1362,147,1,2
1362,148,1,2
1362,149,1,2
1362,150,1,2
1362,151,1,2
1362,152,1,2
1362,153,1,2
1362,154,1,2
1362,155,1,2
1362,156,1,2
1362,157,1,2
1362,158,1,2
1362,159,1,2
1362,160,1,2
1362,161,1,2
1362,162,1,2
1362,163,1,2
1362,164,1,2
1362,165,1,2
1362,166,1,2
1362,167,1,2
1362,168,1,2
1362,169,1,2
1362,170,1,2
1362,171,1,2
1362,172,1,2
1362,173,1,2
1362,174,1,2
1362,175,1,2
1362,176,1,2
1362,177,1,2
1362,178,1,2
1362,179,1,2
1362,180,1,2
1362,181,1,2
1362,182,1,2
1362,183,1,2
1362,184,1,2
1362,185,1,2
1362,186,1,2
1362,187,1,2
1362,188,1,2
1362,189,1,2
1362,190,1,2
1362,191,1,2
1362,192,1,2
1362,193,1,2
1362,194,1,2
1362,195,1,2
1362,196,1,2
1362,197,1,2
1362,198,1,2
1362,199,1,2
1362,200,1,2
1362,201,1,2
1362,202,1,2
1362,203,1,2
1362,204,1,2
1362,205,1,2
1362,206,1,2
1362,207,1,2
1362,208,1,2
1362,209,1,2
1362,210,1,2
1362,211,1,2
1362,212,1,2
1362,213,1,2
1362,214,1,2
1362,215,1,2
1362,216,1,2
1362,217,1,2
1362,218,1,2
1362,219,1,2
1362,220,1,2
1362,221,1,2
1362,222,1,2
1362,223,1,2
1362,224,1,2
1362,225,1,2
1362,226,1,2
1362,227,1,2
1362,228,1,2
1362,229,1,2
1362,230,1,2
1362,231,1,2
1362,232,1,2
1362,233,1,2
1362,234,1,2
1362,235,1,2
1362,236,1,2
1362,237,1,2
1362,238,1,2
1362,239,1,2
1362,240,1,2
1362,241,1,2
1362,242,1,2
1362,243,1,2
1362,244,1,2
1362,245,1,2
1362,246,1,2
1362,247,1,2
1362,248,1,2
1362,249,1,2
1362,250,1,2
1362,251,1,2
1362,252,1,2
1362,253,1,2
1362,254,1,2
1362,255,1,2
1362,256,1,2
1362,257,1,2
1362,258,1,2
1362,259,1,2
1362,260,1,2
1362,261,1,2
1362,262,1,2
1362,263,1,2
1362,264,1,2
1362,265,1,2
1362,266,1,2
1362,267,1,2
1362,268,1,2
1362,269,1,2
1362,270,1,2
1362,271,1,2
1362,272,1,2
1362,273,1,2
1362,274,1,2
1362,275,1,2
1362,276,1,2
1362,277,1,2
1362,278,1,2
1362,279,1,2
1362,280,1,2
1362,281,1,2
1362,282,1,2
1362,283,1,2
1362,284,1,2
1362,285,1,2
1362,286,1,2
1362,287,1,2
1362,288,1,2
1362,289,1,2
1362,290,1,2
1362,291,1,2
1362,292,1,2
1362,293,1,2
1362,294,1,2
1362,295,1,2
1362,296,1,2
1362,297,1,2
1362,298,1,2
1362,299,1,2
1362,300,1,2
1362,301,1,2
1362,302,1,2
1362,303,1,2
1362,304,1,2
1362,305,1,2
1362,306,1,2
1362,307,1,2
1362,308,1,2
1362,309,1,2
1362,310,1,2
1362,311,1,2
1362,312,1,2
1362,313,1,2
1362,314,1,2
1362,315,1,2
1362,316,1,2
1362,317,1,2
1362,318,1,2
1362,319,1,2
1362,320,1,2
1362,321,1,2
1362,322,1,2
1362,323,1,2
1362,324,1,2
1362,325,1,2
1362,326,1,2
1362,327,1,2
1362,328,1,2
1362,329,1,2
1362,330,1,2
1362,331,1,2
1362,332,1,2
1362,333,1,2
1362,334,1,2
1362,335,1,2
1362,336,1,2
1362,337,1,2
1362,338,1,2
1362,339,1,2
1362,340,1,2
1362,341,1,2
1362,342,1,2
1362,343,1,2
1362,344,1,2
1362,345,1,2
1362,346,1,2
1362,347,1,2
1362,348,1,2
1362,349,1,2
1362,350,1,2
1362,351,1,2
1362,352,1,2
1362,353,1,2
1362,354,1,2
1362,355,1,2
1362,356,1,2
1362,357,1,2
1362,358,1,2
1362,359,1,2
1362,360,1,2
1362,361,1,2
1362,362,1,2
1362,363,1,2
1362,364,1,2
1362,365,1,2
1362,366,1,2
1362,367,1,2
1362,368,1,2
1362,369,1,2
1362,370,1,2
1362,371,1,2
1362,372,1,2
1362,373,1,2
1362,374,1,2
1362,375,1,2
1362,376,1,2
1362,377,1,2
1362,378,1,2
1362,379,1,2
1362,380,1,2
1362,381,1,2
1362,382,1,2
1362,383,1,2
1362,384,1,2
1362,385,1,2
1362,386,1,2
1362,387,1,2
1362,388,1,2
1362,389,1,2
1362,390,1,2
1362,391,1,2
1362,392,1,2
1362,393,1,2
1362,394,1,2
1362,395,1,2
1362,396,1,2
1362,397,1,2
1362,398,1,2
1362,399,1,2
1362,400,1,2
1362,401,1,2
1362,402,1,2
1362,403,1,2
1362,404,1,2
1362,405,1,2
1362,406,1,2
1362,407,1,2
1362,408,1,2
1362,409,1,2
1362,410,1,2
1362,411,1,2
1362,412,1,2
1362,413,1,2
1362,414,1,2
1362,415,1,2
1362,416,1,2
1362,417,1,2
1362,418,1,2
1362,419,1,2
1362,420,1,2
1362,421,1,2
1362,422,1,2
1362,423,1,2
1362,424,1,2
1362,425,1,2
1362,426,1,2
1362,427,1,2
1362,428,1,2
1362,429,1,2
1362,430,1,2
1362,431,1,2
1362,432,1,2
1362,433,1,2
1362,434,1,2
1362,435,1,2
1362,436,1,2
1362,437,1,2
1362,438,1,2
1362,439,1,2
1362,440,1,2
1362,441,1,2
1362,442,1,2
1362,443,1,2
1362,444,1,2
1362,445,1,2
1362,446,1,2
1362,447,1,2
1362,448,1,2
1362,449,1,2
1362,450,1,2
1362,451,1,2
1362,452,1,2
1362,453,1,2
1362,454,1,2
1362,455,1,2
1362,456,1,2
1362,457,1,2
1362,458,1,2
1362,459,1,2
1362,460,1,2
1362,461,1,2
1362,462,1,2
1362,463,1,2
1362,464,1,2
1362,465,1,2
1363,109,1,3
1363,110,1,3
1363,111,1,3
1363,112,1,3
1363,113,1,3
1363,114,1,3
1363,115,1,3
1363,116,1,3
1363,117,1,3
1363,118,1,3
1363,119,1,3
1363,120,1,3
1363,121,1,3
1363,122,1,3
1363,123,1,3
1363,124,1,3
1363,125,1,3
1363,126,1,3
1363,127,1,3
1363,128,1,3
1363,129,1,3
1363,130,1,3
1363,131,1,3
1363,132,1,3
1363,133,1,3
1363,134,1,3
1363,135,1,3
1363,136,1,3
1363,137,1,3
1363,138,1,3
1363,139,1,3
1363,140,1,2
1363,141,1,2
1363,142,1,2
1363,143,1,2
1363,144,1,2
1363,145,1,2
1363,146,1,2
1363,147,1,2
1363,148,1,2
1363,149,1,2
1363,150,1,2
1363,151,1,2
1363,152,1,2
1363,153,1,2
1363,154,1,2
1363,155,1,2
1363,156,1,2
1363,157,1,2
1363,158,1,2
1363,159,1,2
1363,160,1,2
1363,161,1,2
1363,162,1,2
1363,163,1,2
1363,164,1,2
1363,165,1,2
1363,166,1,2
1363,167,1,2
1363,168,1,2
1363,169,1,2
1363,170,1,2
1363,171,1,2
1363,172,1,2
1363,173,1,2
1363,174,1,2
1363,175,1,2
1363,176,1,2
1363,177,1,2
1363,178,1,2
1363,179,1,2
1363,180,1,2
1363,181,1,2
1363,182,1,2
1363,183,1,2
1363,184,1,2
1363,185,1,2
1363,186,1,2
1363,187,1,2
1363,188,1,2
1363,189,1,2
1363,190,1,2
1363,191,1,2
1363,192,1,2
1363,193,1,2
1363,194,1,2
1363,195,1,2
1363,196,1,2
1363,197,1,2
1363,198,1,2
1363,199,1,2
1363,200,1,2
1363,201,1,2
1363,202,1,2
1363,203,1,2
1363,204,1,2
1363,205,1,2
1363,206,1,2
1363,207,1,2
1363,208,1,2
1363,209,1,2
1363,210,1,2
1363,211,1,2
1363,212,1,2
1363,213,1,2
1363,214,1,2
1363,215,1,2
1363,216,1,2
1363,217,1,2
1363,218,1,2
1363,219,1,2
1363,220,1,2
1363,221,1,2
1363,222,1,2
1363,223,1,2
1363,224,1,2
1363,225,1,2
1363,226,1,2
1363,227,1,2
1363,228,1,2
1363,229,1,2
1363,230,1,2
1363,231,1,2
1363,232,1,2
1363,233,1,2
1363,234,1,2
1363,235,1,2
1363,236,1,2
1363,237,1,2
1363,238,1,2
1363,239,1,2
1363,240,1,2
1363,241,1,2
1363,242,1,2
1363,243,1,2
1363,244,1,2
1363,245,1,2
1363,246,1,2
1363,247,1,2
1363,248,1,2
1363,249,1,2
1363,250,1,2
1363,251,1,2
1363,252,1,2
1363,253,1,2
1363,254,1,2
1363,255,1,2
1363,256,1,2
1363,257,1,2
1363,258,1,2
1363,259,1,2
1363,260,1,2
1363,261,1,2
1363,262,1,2
1363,263,1,2
1363,264,1,2
1363,265,1,2
1363,266,1,2
1363,267,1,2
1363,268,1,2
1363,269,1,2
1363,270,1,2
1363,271,1,2
1363,272,1,2
1363,273,1,2
1363,274,1,2
1363,275,1,2
1363,276,1,2
1363,277,1,2
1363,278,1,2
1363,279,1,2
1363,280,1,2
1363,281,1,2
1363,282,1,2
1363,283,1,2
1363,284,1,2
1363,285,1,2
1363,286,1,2
1363,287,1,2
1363,288,1,2
1363,289,1,2
1363,290,1,2
1363,291,1,2
1363,292,1,2
1363,293,1,2
1363,294,1,2
1363,295,1,2
1363,296,1,2
1363,297,1,2
1363,298,1,2
1363,299,1,2
1363,300,1,2
1363,301,1,2
1363,302,1,2
1363,303,1,2
1363,304,1,2
1363,305,1,2
1363,306,1,2
1363,307,1,2
1363,308,1,2
1363,309,1,2
1363,310,1,2
1363,311,1,2
1363,312,1,2
1363,313,1,2
1363,314,1,2
1363,315,1,2
1363,316,1,2
1363,317,1,2
1363,318,1,2
1363,319,1,2
1363,320,1,2
1363,321,1,2
1363,322,1,2
1363,323,1,2
1363,324,1,2
1363,325,1,2
1363,326,1,2
1363,327,1,2
1363,328,1,2
1363,329,1,2
1363,330,1,2
1363,331,1,2
1363,332,1,2
1363,333,1,2
1363,334,1,2
1363,335,1,2
1363,336,1,2
1363,337,1,2
1363,338,1,2
1363,339,1,2
1363,340,1,2
1363,341,1,2
1363,342,1,2
1363,343,1,2
1363,344,1,2
1363,345,1,2
1363,346,1,2
1363,347,1,2
1363,348,1,2
1363,349,1,2
1363,350,1,2
1363,351,1,2
1363,352,1,2
1363,353,1,2
1363,354,1,2
1363,355,1,2
1363,356,1,2
1363,357,1,2
1363,358,1,2
1363,359,1,2
1363,360,1,2
1363,361,1,2
1363,362,1,2
1363,363,1,2
1363,364,1,2
1363,365,1,2
1363,366,1,2
1363,367,1,2
1363,368,1,2
1363,369,1,2
1363,370,1,2
1363,371,1,2
1363,372,1,2
1363,373,1,2
1363,374,1,2
1363,375,1,2
1363,376,1,2
1363,377,1,2
1363,378,1,2
1363,379,1,2
1363,380,1,2
1363,381,1,2
1363,382,1,2
1363,383,1,2
1363,384,1,2
1363,385,1,2
1363,386,1,2
1363,387,1,2
1363,388,1,2
1363,389,1,2
1363,390,1,2
1363,391,1,2
1363,392,1,2
1363,393,1,2
1363,394,1,2
1363,395,1,2
1363,396,1,2
1363,397,1,2
1363,398,1,2
1363,399,1,2
1363,400,1,2
1363,401,1,2
1363,402,1,2
1363,403,1,2
1363,404,1,2
1363,405,1,2
1363,406,1,2
1363,407,1,2
1363,408,1,2
1363,409,1,2
1363,410,1,2
1363,411,1,2
1363,412,1,2
1363,413,1,2
1363,414,1,2
1363,415,1,2
1363,416,1,2
1363,417,1,2
1363,418,1,2
1363,419,1,2
1363,420,1,2
1363,421,1,2
1363,422,1,2
1363,423,1,2
1363,424,1,2
1363,425,1,2
1363,426,1,2
1363,427,1,2
1363,428,1,2
1363,429,1,2
1363,430,1,2
1363,431,1,2
1363,432,1,2
1363,433,1,2
1363,434,1,2
1363,435,1,2
1363,436,1,2
1363,437,1,2
1363,438,1,2
1363,439,1,2
1363,440,1,2
1363,441,1,2
1363,442,1,2
1363,443,1,2
1363,444,1,2
1363,445,1,2
1363,446,1,2
1363,447,1,2
1363,448,1,2
1363,449,1,2
1363,450,1,2
1363,451,1,2
1363,452,1,2
1363,453,1,2
1363,454,1,2
1363,455,1,2
1363,456,1,2
1363,457,1,2
1363,458,1,2
1363,459,1,2
1363,460,1,2
1363,461,1,2
1363,462,1,2
1363,463,1,2
1363,464,1,2
1363,465,1,2
1364,109,1,3
1364,110,1,3
1364,111,1,3
1364,112,1,3
1364,113,1,3
1364,114,1,3
1364,115,1,3
1364,116,1,3
1364,117,1,3
1364,118,1,3
1364,119,1,3
1364,120,1,3
1364,121,1,3
1364,122,1,3
1364,123,1,3
1364,124,1,3
1364,125,1,3
1364,126,1,3
1364,127,1,3
1364,128,1,3
1364,129,1,3
1364,130,1,3
1364,131,1,3
1364,132,1,3
1364,133,1,3
1364,134,1,3
1364,135,1,3
1364,136,1,3
1364,137,1,3
1364,138,1,3
1364,139,1,3
1364,140,1,2
1364,141,1,2
1364,142,1,2
1364,143,1,2
1364,144,1,2
1364,145,1,2
1364,146,1,2
1364,147,1,2
1364,148,1,2
1364,149,1,2
1364,150,1,2
1364,151,1,2
1364,152,1,2
1364,153,1,2
1364,154,1,2
1364,155,1,2
1364,156,1,2
1364,157,1,2
1364,158,1,2
1364,159,1,2
1364,160,1,2
1364,161,1,2
1364,162,1,2
1364,163,1,2
1364,164,1,2
1364,165,1,2
1364,166,1,2
1364,167,1,2
1364,168,1,2
1364,169,1,2
1364,170,1,2
1364,171,1,2
1364,172,1,2
1364,173,1,2
1364,174,1,2
1364,175,1,2
1364,176,1,2
1364,177,1,2
1364,178,1,2
1364,179,1,2
1364,180,1,2
1364,181,1,2
1364,182,1,2
1364,183,1,2
1364,184,1,2
1364,185,1,2
1364,186,1,2
1364,187,1,2
1364,188,1,2
1364,189,1,2
1364,190,1,2
1364,191,1,2
1364,192,1,2
1364,193,1,2
1364,194,1,2
1364,195,1,2
1364,196,1,2
1364,197,1,2
1364,198,1,2
1364,199,1,2
1364,200,1,2
1364,201,1,2
1364,202,1,2
1364,203,1,2
1364,204,1,2
1364,205,1,2
1364,206,1,2
1364,207,1,2
1364,208,1,2
1364,209,1,2
1364,210,1,2
1364,211,1,2
1364,212,1,2
1364,213,1,2
1364,214,1,2
1364,215,1,2
1364,216,1,2
1364,217,1,2
1364,218,1,2
1364,219,1,2
1364,220,1,2
1364,221,1,2
1364,222,1,2
1364,223,1,2
1364,224,1,2
1364,225,1,2
1364,226,1,2
1364,227,1,2
1364,228,1,2
1364,229,1,2
1364,230,1,2
1364,231,1,2
1364,232,1,2
1364,233,1,2
1364,234,1,2
1364,235,1,2
1364,236,1,2
1364,237,1,2
1364,238,1,2
1364,239,1,2
1364,240,1,2
1364,241,1,2
1364,242,1,2
1364,243,1,2
1364,244,1,2
1364,245,1,2
1364,246,1,2
1364,247,1,2
1364,248,1,2
1364,249,1,2
1364,250,1,2
1364,251,1,2
1364,252,1,2
1364,253,1,2
1364,254,1,2
1364,255,1,2
1364,256,1,2
1364,257,1,2
1364,258,1,2
1364,259,1,2
1364,260,1,2
1364,261,1,2
1364,262,1,2
1364,263,1,2
1364,264,1,2
1364,265,1,2
1364,266,1,2
1364,267,1,2
1364,268,1,2
1364,269,1,2
1364,270,1,2
1364,271,1,2
1364,272,1,2
1364,273,1,2
1364,274,1,2
1364,275,1,2
1364,276,1,2
1364,277,1,2
1364,278,1,2
1364,279,1,2
1364,280,1,2
1364,281,1,2
1364,282,1,2
1364,283,1,2
1364,284,1,2
1364,285,1,2
1364,286,1,2
1364,287,1,2
1364,288,1,2
1364,289,1,2
1364,290,1,2
1364,291,1,2
1364,292,1,2
1364,293,1,2
1364,294,1,2
1364,295,1,2
1364,296,1,2
1364,297,1,2
1364,298,1,2
1364,299,1,2
1364,300,1,2
1364,301,1,2
1364,302,1,2
1364,303,1,2
1364,304,1,2
1364,305,1,2
1364,306,1,2
1364,307,1,2
1364,308,1,2
1364,309,1,2
1364,310,1,2
1364,311,1,2
1364,312,1,2
1364,313,1,2
1364,314,1,2
1364,315,1,2
1364,316,1,2
1364,317,1,2
1364,318,1,2
1364,319,1,2
1364,320,1,2
1364,321,1,2
1364,322,1,2
1364,323,1,2
1364,324,1,2
1364,325,1,2
1364,326,1,2
1364,327,1,2
1364,328,1,2
1364,329,1,2
1364,330,1,2
1364,331,1,2
1364,332,1,2
1364,333,1,2
1364,334,1,2
1364,335,1,2
1364,336,1,2
1364,337,1,2
1364,338,1,2
1364,339,1,2
1364,340,1,2
1364,341,1,2
1364,342,1,2
1364,343,1,2
1364,344,1,2
1364,345,1,2
1364,346,1,2
1364,347,1,2
1364,348,1,2
1364,349,1,2
1364,350,1,2
1364,351,1,2
1364,352,1,2
1364,353,1,2
1364,354,1,2
1364,355,1,2
1364,356,1,2
1364,357,1,2
1364,358,1,2
1364,359,1,2
1364,360,1,2
1364,361,1,2
1364,362,1,2
1364,363,1,2
1364,364,1,2
1364,365,1,2
1364,366,1,2
1364,367,1,2
1364,368,1,2
1364,369,1,2
1364,370,1,2
1364,371,1,2
1364,372,1,2
1364,373,1,2
1364,374,1,2
1364,375,1,2
1364,376,1,2
1364,377,1,2
1364,378,1,2
1364,379,1,2
1364,380,1,2
1364,381,1,2
1364,382,1,2
1364,383,1,2
1364,384,1,2
1364,385,1,2
1364,386,1,2
1364,387,1,2
1364,388,1,2
1364,389,1,2
1364,390,1,2
1364,391,1,2
1364,392,1,2
1364,393,1,2
1364,394,1,2
1364,395,1,2
1364,396,1,2
1364,397,1,2
1364,398,1,2
1364,399,1,2
1364,400,1,2
1364,401,1,2
1364,402,1,2
1364,403,1,2
1364,404,1,2
1364,405,1,2
1364,406,1,2
1364,407,1,2
1364,408,1,2
1364,409,1,2
1364,410,1,2
1364,411,1,2
1364,412,1,2
1364,413,1,2
1364,414,1,2
1364,415,1,2
1364,416,1,2
1364,417,1,2
1364,418,1,2
1364,419,1,2
1364,420,1,2
1364,421,1,2
1364,422,1,2
1364,423,1,2
1364,424,1,2
1364,425,1,2
1364,426,1,2
1364,427,1,2
1364,428,1,2
1364,429,1,2
1364,430,1,2
1364,431,1,2
1364,432,1,2
1364,433,1,2
1364,434,1,2
1364,435,1,2
1364,436,1,2
1364,437,1,2
1364,438,1,2
1364,439,1,2
1364,440,1,2
1364,441,1,2
1364,442,1,2
1364,443,1,2
1364,444,1,2
1364,445,1,2
1364,446,1,2
1364,447,1,2
1364,448,1,2
1364,449,1,2
1364,450,1,2
1364,451,1,2
1364,452,1,2
1364,453,1,2
1364,454,1,2
1364,455,1,2
1364,456,1,2
1364,457,1,2
1364,458,1,2
1364,459,1,2
1364,460,1,2
1364,461,1,2
1364,462,1,2
1364,463,1,2
1364,464,1,2
1364,465,1,2
1365,109,1,3
1365,110,1,3
1365,111,1,3
1365,112,1,3
1365,113,1,3
1365,114,1,3
1365,115,1,3
1365,116,1,3
1365,117,1,3
1365,118,1,3
1365,119,1,3
1365,120,1,3
1365,121,1,3
1365,122,1,3
1365,123,1,3
1365,124,1,3
1365,125,1,3
1365,126,1,3
1365,127,1,3
1365,128,1,3
1365,129,1,3
1365,130,1,3
1365,131,1,3
1365,132,1,3
1365,133,1,3
1365,134,1,3
1365,135,1,3
1365,136,1,3
1365,137,1,3
1365,138,1,3
1365,139,1,3
1365,140,1,2
1365,141,1,2
1365,142,1,2
1365,143,1,2
1365,144,1,2
1365,145,1,2
1365,146,1,2
1365,147,1,2
1365,148,1,2
1365,149,1,2
1365,150,1,2
1365,151,1,2
1365,152,1,2
1365,153,1,2
1365,154,1,2
1365,155,1,2
1365,156,1,2
1365,157,1,2
1365,158,1,2
1365,159,1,2
1365,160,1,2
1365,161,1,2
1365,162,1,2
1365,163,1,2
1365,164,1,2
1365,165,1,2
1365,166,1,2
1365,167,1,2
1365,168,1,2
1365,169,1,2
1365,170,1,2
1365,171,1,2
1365,172,1,2
1365,173,1,2
1365,174,1,2
1365,175,1,2
1365,176,1,2
1365,177,1,2
1365,178,1,2
1365,179,1,2
1365,180,1,2
1365,181,1,2
1365,182,1,2
1365,183,1,2
1365,184,1,2
1365,185,1,2
1365,186,1,2
1365,187,1,2
1365,188,1,2
1365,189,1,2
1365,190,1,2
1365,191,1,2
1365,192,1,2
1365,193,1,2
1365,194,1,2
1365,195,1,2
1365,196,1,2
1365,197,1,2
1365,198,1,2
1365,199,1,2
1365,200,1,2
1365,201,1,2
1365,202,1,2
1365,203,1,2
1365,204,1,2
1365,205,1,2
1365,206,1,2
1365,207,1,2
1365,208,1,2
1365,209,1,2
1365,210,1,2
1365,211,1,2
1365,212,1,2
1365,213,1,2
1365,214,1,2
1365,215,1,2
1365,216,1,2
1365,217,1,2
1365,218,1,2
1365,219,1,2
1365,220,1,2
1365,221,1,2
1365,222,1,2
1365,223,1,2
1365,224,1,2
1365,225,1,2
1365,226,1,2
1365,227,1,2
1365,228,1,2
1365,229,1,2
1365,230,1,2
1365,231,1,2
1365,232,1,2
1365,233,1,2
1365,234,1,2
1365,235,1,2
1365,236,1,2
1365,237,1,2
1365,238,1,2
1365,239,1,2
1365,240,1,2
1365,241,1,2
1365,242,1,2
1365,243,1,2
1365,244,1,2
1365,245,1,2
1365,246,1,2
1365,247,1,2
1365,248,1,2
1365,249,1,2
1365,250,1,2
1365,251,1,2
1365,252,1,2
1365,253,1,2
1365,254,1,2
1365,255,1,2
1365,256,1,2
1365,257,1,2
1365,258,1,2
1365,259,1,2
1365,260,1,2
1365,261,1,2
1365,262,1,2
1365,263,1,2
1365,264,1,2
1365,265,1,2
1365,266,1,2
1365,267,1,2
1365,268,1,2
1365,269,1,2
1365,270,1,2
1365,271,1,2
1365,272,1,2
1365,273,1,2
1365,274,1,2
1365,275,1,2
1365,276,1,2
1365,277,1,2
1365,278,1,2
1365,279,1,2
1365,280,1,2
1365,281,1,2
1365,282,1,2
1365,283,1,2
1365,284,1,2
1365,285,1,2
1365,286,1,2
1365,287,1,2
1365,288,1,2
1365,289,1,2
1365,290,1,2
1365,291,1,2
1365,292,1,2
1365,293,1,2
1365,294,1,2
1365,295,1,2
1365,296,1,2
1365,297,1,2
1365,298,1,2
1365,299,1,2
1365,300,1,2
1365,301,1,2
1365,302,1,2
1365,303,1,2
1365,304,1,2
1365,305,1,2
1365,306,1,2
1365,307,1,2
1365,308,1,2
1365,309,1,2
1365,310,1,2
1365,311,1,2
1365,312,1,2
1365,313,1,2
1365,314,1,2
1365,315,1,2
1365,316,1,2
1365,317,1,2
1365,318,1,2
1365,319,1,2
1365,320,1,2
1365,321,1,2
1365,322,1,2
1365,323,1,2
1365,324,1,2
1365,325,1,2
1365,326,1,2
1365,327,1,2
1365,328,1,2
1365,329,1,2
1365,330,1,2
1365,331,1,2
1365,332,1,2
1365,333,1,2
1365,334,1,2
1365,335,1,2
1365,336,1,2
1365,337,1,2
1365,338,1,2
1365,339,1,2
1365,340,1,2
1365,341,1,2
1365,342,1,2
1365,343,1,2
1365,344,1,2
1365,345,1,2
1365,346,1,2
1365,347,1,2
1365,348,1,2
1365,349,1,2
1365,350,1,2
1365,351,1,2
1365,352,1,2
1365,353,1,2
1365,354,1,2
1365,355,1,2
1365,356,1,2
1365,357,1,2
1365,358,1,2
1365,359,1,2
1365,360,1,2
1365,361,1,2
1365,362,1,2
1365,363,1,2
1365,364,1,2
1365,365,1,2
1365,366,1,2
1365,367,1,2
1365,368,1,2
1365,369,1,2
1365,370,1,2
1365,371,1,2
1365,372,1,2
1365,373,1,2
1365,374,1,2
1365,375,1,2
1365,376,1,2
1365,377,1,2
1365,378,1,2
1365,379,1,2
1365,380,1,2
1365,381,1,2
1365,382,1,2
1365,383,1,2
1365,384,1,2
1365,385,1,2
1365,386,1,2
1365,387,1,2
1365,388,1,2
1365,389,1,2
1365,390,1,2
1365,391,1,2
1365,392,1,2
1365,393,1,2
1365,394,1,2
1365,395,1,2
1365,396,1,2
1365,397,1,2
1365,398,1,2
1365,399,1,2
1365,400,1,2
1365,401,1,2
1365,402,1,2
1365,403,1,2
1365,404,1,2
1365,405,1,2
1365,406,1,2
1365,407,1,2
1365,408,1,2
1365,409,1,2
1365,410,1,2
1365,411,1,2
1365,412,1,2
1365,413,1,2
1365,414,1,2
1365,415,1,2
1365,416,1,2
1365,417,1,2
1365,418,1,2
1365,419,1,2
1365,420,1,2
1365,421,1,2
1365,422,1,2
1365,423,1,2
1365,424,1,2
1365,425,1,2
1365,426,1,2
1365,427,1,2
1365,428,1,2
1365,429,1,2
1365,430,1,2
1365,431,1,2
1365,432,1,2
1365,433,1,2
1365,434,1,2
1365,435,1,2
1365,436,1,2
1365,437,1,2
1365,438,1,2
1365,439,1,2
1365,440,1,2
1365,441,1,2
1365,442,1,2
1365,443,1,2
1365,444,1,2
1365,445,1,2
1365,446,1,2
1365,447,1,2
1365,448,1,2
1365,449,1,2
1365,450,1,2
1365,451,1,2
1365,452,1,2
1365,453,1,2
1365,454,1,2
1365,455,1,2
1365,456,1,2
1365,457,1,2
1365,458,1,2
1365,459,1,2
1365,460,1,2
1365,461,1,2
1365,462,1,2
1365,463,1,2
1365,464,1,2
1365,465,1,2
1366,109,1,3
1366,110,1,3
1366,111,1,3
1366,112,1,3
1366,113,1,3
1366,114,1,3
1366,115,1,3
1366,116,1,3
1366,117,1,3
1366,118,1,3
1366,119,1,3
1366,120,1,3
1366,121,1,3
1366,122,1,3
1366,123,1,3
1366,124,1,3
1366,125,1,3
1366,126,1,3
1366,127,1,3
1366,128,1,3
1366,129,1,3
1366,130,1,3
1366,131,1,3
1366,132,1,3
1366,133,1,3
1366,134,1,3
1366,135,1,3
1366,136,1,3
1366,137,1,3
1366,138,1,3
1366,139,1,3
1366,140,1,3
1366,141,1,2
1366,142,1,2
1366,143,1,2
1366,144,1,2
1366,145,1,2
1366,146,1,2
1366,147,1,2
1366,148,1,2
1366,149,1,2
1366,150,1,2
1366,151,1,2
1366,152,1,2
1366,153,1,2
1366,154,1,2
1366,155,1,2
1366,156,1,2
1366,157,1,2
1366,158,1,2
1366,159,1,2
1366,160,1,2
1366,161,1,2
1366,162,1,2
1366,163,1,2
1366,164,1,2
1366,165,1,2
1366,166,1,2
1366,167,1,2
1366,168,1,2
1366,169,1,2
1366,170,1,2
1366,171,1,2
1366,172,1,2
1366,173,1,2
1366,174,1,2
1366,175,1,2
1366,176,1,2
1366,177,1,2
1366,178,1,2
1366,179,1,2
1366,180,1,2
1366,181,1,2
1366,182,1,2
1366,183,1,2
1366,184,1,2
1366,185,1,2
1366,186,1,2
1366,187,1,2
1366,188,1,2
1366,189,1,2
1366,190,1,2
1366,191,1,2
1366,192,1,2
1366,193,1,2
1366,194,1,2
1366,195,1,2
1366,196,1,2
1366,197,1,2
1366,198,1,2
1366,199,1,2
1366,200,1,2
1366,201,1,2
1366,202,1,2
1366,203,1,2
1366,204,1,2
1366,205,1,2
1366,206,1,2
1366,207,1,2
1366,208,1,2
1366,209,1,2
1366,210,1,2
1366,211,1,2
1366,212,1,2
1366,213,1,2
1366,214,1,2
1366,215,1,2
1366,216,1,2
1366,217,1,2
1366,218,1,2
1366,219,1,2
1366,220,1,2
1366,221,1,2
1366,222,1,2
1366,223,1,2
1366,224,1,2
1366,225,1,2
1366,226,1,2
1366,227,1,2
1366,228,1,2
1366,229,1,2
1366,230,1,2
1366,231,1,2
1366,232,1,2
1366,233,1,2
1366,234,1,2
1366,235,1,2
1366,236,1,2
1366,237,1,2
1366,238,1,2
1366,239,1,2
1366,240,1,2
1366,241,1,2
1366,242,1,2
1366,243,1,2
1366,244,1,2
1366,245,1,2
1366,246,1,2
1366,247,1,2
1366,248,1,2
1366,249,1,2
1366,250,1,2
1366,251,1,2
1366,252,1,2
1366,253,1,2
1366,254,1,2
1366,255,1,2
1366,256,1,2
1366,257,1,2
1366,258,1,2
1366,259,1,2
1366,260,1,2
1366,261,1,2
1366,262,1,2
1366,263,1,2
1366,264,1,2
1366,265,1,2
1366,266,1,2
1366,267,1,2
1366,268,1,2
1366,269,1,2
1366,270,1,2
1366,271,1,2
1366,272,1,2
1366,273,1,2
1366,274,1,2
1366,275,1,2
1366,276,1,2
1366,277,1,2
1366,278,1,2
1366,279,1,2
1366,280,1,2
1366,281,1,2
1366,282,1,2
1366,283,1,2
1366,284,1,2
1366,285,1,2
1366,286,1,2
1366,287,1,2
1366,288,1,2
1366,289,1,2
1366,290,1,2
1366,291,1,2
1366,292,1,2
1366,293,1,2
1366,294,1,2
1366,295,1,2
1366,296,1,2
1366,297,1,2
1366,298,1,2
1366,299,1,2
1366,300,1,2
1366,301,1,2
1366,302,1,2
1366,303,1,2
1366,304,1,2
1366,305,1,2
1366,306,1,2
1366,307,1,2
1366,308,1,2
1366,309,1,2
1366,310,1,2
1366,311,1,2
1366,312,1,2
1366,313,1,2
1366,314,1,2
1366,315,1,2
1366,316,1,2
1366,317,1,2
1366,318,1,2
1366,319,1,2
1366,320,1,2
1366,321,1,2
1366,322,1,2
1366,323,1,2
1366,324,1,2
1366,325,1,2
1366,326,1,2
1366,327,1,2
1366,328,1,2
1366,329,1,2
1366,330,1,2
1366,331,1,2
1366,332,1,2
1366,333,1,2
1366,334,1,2
1366,335,1,2
1366,336,1,2
1366,337,1,2
1366,338,1,2
1366,339,1,2
1366,340,1,2
1366,341,1,2
1366,342,1,2
1366,343,1,2
1366,344,1,2
1366,345,1,2
1366,346,1,2
1366,347,1,2
1366,348,1,2
1366,349,1,2
1366,350,1,2
1366,351,1,2
1366,352,1,2
1366,353,1,2
1366,354,1,2
1366,355,1,2
1366,356,1,2
1366,357,1,2
1366,358,1,2
1366,359,1,2
1366,360,1,2
1366,361,1,2
1366,362,1,2
1366,363,1,2
1366,364,1,2
1366,365,1,2
1366,366,1,2
1366,367,1,2
1366,368,1,2
1366,369,1,2
1366,370,1,2
1366,371,1,2
1366,372,1,2
1366,373,1,2
1366,374,1,2
1366,375,1,2
1366,376,1,2
1366,377,1,2
1366,378,1,2
1366,379,1,2
1366,380,1,2
1366,381,1,2
1366,382,1,2
1366,383,1,2
1366,384,1,2
1366,385,1,2
1366,386,1,2
1366,387,1,2
1366,388,1,2
1366,389,1,2
1366,390,1,2
1366,391,1,2
1366,392,1,2
1366,393,1,2
1366,394,1,2
1366,395,1,2
1366,396,1,2
1366,397,1,2
1366,398,1,2
1366,399,1,2
1366,400,1,2
1366,401,1,2
1366,402,1,2
1366,403,1,2
1366,404,1,2
1366,405,1,2
1366,406,1,2
1366,407,1,2
1366,408,1,2
1366,409,1,2
1366,410,1,2
1366,411,1,2
1366,412,1,2
1366,413,1,2
1366,414,1,2
1366,415,1,2
1366,416,1,2
1366,417,1,2
1366,418,1,2
1366,419,1,2
1366,420,1,2
1366,421,1,2
1366,422,1,2
1366,423,1,2
1366,424,1,2
1366,425,1,2
1366,426,1,2
1366,427,1,2
1366,428,1,2
1366,429,1,2
1366,430,1,2
1366,431,1,2
1366,432,1,2
1366,433,1,2
1366,434,1,2
1366,435,1,2
1366,436,1,2
1366,437,1,2
1366,438,1,2
1366,439,1,2
1366,440,1,2
1366,441,1,2
1366,442,1,2
1366,443,1,2
1366,444,1,2
1366,445,1,2
1366,446,1,2
1366,447,1,2
1366,448,1,2
1366,449,1,2
1366,450,1,2
1366,451,1,2
1366,452,1,2
1366,453,1,2
1366,454,1,2
1366,455,1,2
1366,456,1,2
1366,457,1,2
1366,458,1,2
1366,459,1,2
1366,460,1,2
1366,461,1,2
1366,462,1,2
1366,463,1,2
1366,464,1,2
1366,465,1,2
1367,109,1,3
1367,110,1,3
1367,111,1,3
1367,112,1,3
1367,113,1,3
1367,114,1,3
1367,115,1,3
1367,116,1,3
1367,117,1,3
1367,118,1,3
1367,119,1,3
1367,120,1,3
1367,121,1,3
1367,122,1,3
1367,123,1,3
1367,124,1,3
1367,125,1,3
1367,126,1,3
1367,127,1,3
1367,128,1,3
1367,129,1,3
1367,130,1,3
1367,131,1,3
1367,132,1,3
1367,133,1,3
1367,134,1,3
1367,135,1,3
1367,136,1,3
1367,137,1,3
1367,138,1,3
1367,139,1,3
1367,140,1,3
1367,141,1,3
1367,142,1,2
1367,143,1,2
1367,144,1,2
1367,145,1,2
1367,146,1,2
1367,147,1,2
1367,148,1,2
1367,149,1,2
1367,150,1,2
1367,151,1,2
1367,152,1,2
1367,153,1,2
1367,154,1,2
1367,155,1,2
1367,156,1,2
1367,157,1,2
1367,158,1,2
1367,159,1,2
1367,160,1,2
1367,161,1,2
1367,162,1,2
1367,163,1,2
1367,164,1,2
1367,165,1,2
1367,166,1,2
1367,167,1,2
1367,168,1,2
1367,169,1,2
1367,170,1,2
1367,171,1,2
1367,172,1,2
1367,173,1,2
1367,174,1,2
1367,175,1,2
1367,176,1,2
1367,177,1,2
1367,178,1,2
1367,179,1,2
1367,180,1,2
1367,181,1,2
1367,182,1,2
1367,183,1,2
1367,184,1,2
1367,185,1,2
1367,186,1,2
1367,187,1,2
1367,188,1,2
1367,189,1,2
1367,190,1,2
1367,191,1,2
1367,192,1,2
1367,193,1,2
1367,194,1,2
1367,195,1,2
1367,196,1,2
1367,197,1,2
1367,198,1,2
1367,199,1,2
1367,200,1,2
1367,201,1,2
1367,202,1,2
1367,203,1,2
1367,204,1,2
1367,205,1,2
1367,206,1,2
1367,207,1,2
1367,208,1,2
1367,209,1,2
1367,210,1,2
1367,211,1,2
1367,212,1,2
1367,213,1,2
1367,214,1,2
1367,215,1,2
1367,216,1,2
1367,217,1,2
1367,218,1,2
1367,219,1,2
1367,220,1,2
1367,221,1,2
1367,222,1,2
1367,223,1,2
1367,224,1,2
1367,225,1,2
1367,226,1,2
1367,227,1,2
1367,228,1,2
1367,229,1,2
1367,230,1,2
1367,231,1,2
1367,232,1,2
1367,233,1,2
1367,234,1,2
1367,235,1,2
1367,236,1,2
1367,237,1,2
1367,238,1,2
1367,239,1,2
1367,240,1,2
1367,241,1,2
1367,242,1,2
1367,243,1,2
1367,244,1,2
1367,245,1,2
1367,246,1,2
1367,247,1,2
1367,248,1,2
1367,249,1,2
1367,250,1,2
1367,251,1,2
1367,252,1,2
1367,253,1,2
1367,254,1,2
1367,255,1,2
1367,256,1,2
1367,257,1,2
1367,258,1,2
1367,259,1,2
1367,260,1,2
1367,261,1,2
1367,262,1,2
1367,263,1,2
1367,264,1,2
1367,265,1,2
1367,266,1,2
1367,267,1,2
1367,268,1,2
1367,269,1,2
1367,270,1,2
1367,271,1,2
1367,272,1,2
1367,273,1,2
1367,274,1,2
1367,275,1,2
1367,276,1,2
1367,277,1,2
1367,278,1,2
1367,279,1,2
1367,280,1,2
1367,281,1,2
1367,282,1,2
1367,283,1,2
1367,284,1,2
1367,285,1,2
1367,286,1,2
1367,287,1,2
1367,288,1,2
1367,289,1,2
1367,290,1,2
1367,291,1,2
1367,292,1,2
1367,293,1,2
1367,294,1,2
1367,295,1,2
1367,296,1,2
1367,297,1,2
1367,298,1,2
1367,299,1,2
1367,300,1,2
1367,301,1,2
1367,302,1,2
1367,303,1,2
1367,304,1,2
1367,305,1,2
1367,306,1,2
1367,307,1,2
1367,308,1,2
1367,309,1,2
1367,310,1,2
1367,311,1,2
1367,312,1,2
1367,313,1,2
1367,314,1,2
1367,315,1,2
1367,316,1,2
1367,317,1,2
1367,318,1,2
1367,319,1,2
1367,320,1,2
1367,321,1,2
1367,322,1,2
1367,323,1,2
1367,324,1,2
1367,325,1,2
1367,326,1,2
1367,327,1,2
1367,328,1,2
1367,329,1,2
1367,330,1,2
1367,331,1,2
1367,332,1,2
1367,333,1,2
1367,334,1,2
1367,335,1,2
1367,336,1,2
1367,337,1,2
1367,338,1,2
1367,339,1,2
1367,340,1,2
1367,341,1,2
1367,342,1,2
1367,343,1,2
1367,344,1,2
1367,345,1,2
1367,346,1,2
1367,347,1,2
1367,348,1,2
1367,349,1,2
1367,350,1,2
1367,351,1,2
1367,352,1,2
1367,353,1,2
1367,354,1,2
1367,355,1,2
1367,356,1,2
1367,357,1,2
1367,358,1,2
1367,359,1,2
1367,360,1,2
1367,361,1,2
1367,362,1,2
1367,363,1,2
1367,364,1,2
1367,365,1,2
1367,366,1,2
1367,367,1,2
1367,368,1,2
1367,369,1,2
1367,370,1,2
1367,371,1,2
1367,372,1,2
1367,373,1,2
1367,374,1,2
1367,375,1,2
1367,376,1,2
1367,377,1,2
1367,378,1,2
1367,379,1,2
1367,380,1,2
1367,381,1,2
1367,382,1,2
1367,383,1,2
1367,384,1,2
1367,385,1,2
1367,386,1,2
1367,387,1,2
1367,388,1,2
1367,389,1,2
1367,390,1,2
1367,391,1,2
1367,392,1,2
1367,393,1,2
1367,394,1,2
1367,395,1,2
1367,396,1,2
1367,397,1,2
1367,398,1,2
1367,399,1,2
1367,400,1,2
1367,401,1,2
1367,402,1,2
1367,403,1,2
1367,404,1,2
1367,405,1,2
1367,406,1,2
1367,407,1,2
1367,408,1,2
1367,409,1,2
1367,410,1,2
1367,411,1,2
1367,412,1,2
1367,413,1,2
1367,414,1,2
1367,415,1,2
1367,416,1,2
1367,417,1,2
1367,418,1,2
1367,419,1,2
1367,420,1,2
1367,421,1,2
1367,422,1,2
1367,423,1,2
1367,424,1,2
1367,425,1,2
1367,426,1,2
1367,427,1,2
1367,428,1,2
1367,429,1,2
1367,430,1,2
1367,431,1,2
1367,432,1,2
1367,433,1,2
1367,434,1,2
1367,435,1,2
1367,436,1,2
1367,437,1,2
1367,438,1,2
1367,439,1,2
1367,440,1,2
1367,441,1,2
1367,442,1,2
1367,443,1,2
1367,444,1,2
1367,445,1,2
1367,446,1,2
1367,447,1,2
1367,448,1,2
1367,449,1,2
1367,450,1,2
1367,451,1,2
1367,452,1,2
1367,453,1,2
1367,454,1,2
1367,455,1,2
1367,456,1,2
1367,457,1,2
1367,458,1,2
1367,459,1,2
1367,460,1,2
1367,461,1,2
1367,462,1,2
1367,463,1,2
1367,464,1,2
1367,465,1,2
1368,109,1,3
1368,110,1,3
1368,111,1,3
1368,112,1,3
1368,113,1,3
1368,114,1,3
1368,115,1,3
1368,116,1,3
1368,117,1,3
1368,118,1,3
1368,119,1,3
1368,120,1,3
1368,121,1,3
1368,122,1,3
1368,123,1,3
1368,124,1,3
1368,125,1,3
1368,126,1,3
1368,127,1,3
1368,128,1,3
1368,129,1,3
1368,130,1,3
1368,131,1,3
1368,132,1,3
1368,133,1,3
1368,134,1,3
1368,135,1,3
1368,136,1,3
1368,137,1,3
1368,138,1,3
1368,139,1,3
1368,140,1,3
1368,141,1,3
1368,142,1,2
1368,143,1,2
1368,144,1,2
1368,145,1,2
1368,146,1,2
1368,147,1,2
1368,148,1,2
1368,149,1,2
1368,150,1,2
1368,151,1,2
1368,152,1,2
1368,153,1,2
1368,154,1,2
1368,155,1,2
1368,156,1,2
1368,157,1,2
1368,158,1,2
1368,159,1,2
1368,160,1,2
1368,161,1,2
1368,162,1,2
1368,163,1,2
1368,164,1,2
1368,165,1,2
1368,166,1,2
1368,167,1,2
1368,168,1,2
1368,169,1,2
1368,170,1,2
1368,171,1,2
1368,172,1,2
1368,173,1,2
1368,174,1,2
1368,175,1,2
1368,176,1,2
1368,177,1,2
1368,178,1,2
1368,179,1,2
1368,180,1,2
1368,181,1,2
1368,182,1,2
1368,183,1,2
1368,184,1,2
1368,185,1,2
1368,186,1,2
1368,187,1,2
1368,188,1,2
1368,189,1,2
1368,190,1,2
1368,191,1,2
1368,192,1,2
1368,193,1,2
1368,194,1,2
1368,195,1,2
1368,196,1,2
1368,197,1,2
1368,198,1,2
1368,199,1,2
1368,200,1,2
1368,201,1,2
1368,202,1,2
1368,203,1,2
1368,204,1,2
1368,205,1,2
1368,206,1,2
1368,207,1,2
1368,208,1,2
1368,209,1,2
1368,210,1,2
1368,211,1,2
1368,212,1,2
1368,213,1,2
1368,214,1,2
1368,215,1,2
1368,216,1,2
1368,217,1,2
1368,218,1,2
1368,219,1,2
1368,220,1,2
1368,221,1,2
1368,222,1,2
1368,223,1,2
1368,224,1,2
1368,225,1,2
1368,226,1,2
1368,227,1,2
1368,228,1,2
1368,229,1,2
1368,230,1,2
1368,231,1,2
1368,232,1,2
1368,233,1,2
1368,234,1,2
1368,235,1,2
1368,236,1,2
1368,237,1,2
1368,238,1,2
1368,239,1,2
1368,240,1,2
1368,241,1,2
1368,242,1,2
1368,243,1,2
1368,244,1,2
1368,245,1,2
1368,246,1,2
1368,247,1,2
1368,248,1,2
1368,249,1,2
1368,250,1,2
1368,251,1,2
1368,252,1,2
1368,253,1,2
1368,254,1,2
1368,255,1,2
1368,256,1,2
1368,257,1,2
1368,258,1,2
1368,259,1,2
1368,260,1,2
1368,261,1,2
1368,262,1,2
1368,263,1,2
1368,264,1,2
1368,265,1,2
1368,266,1,2
1368,267,1,2
1368,268,1,2
1368,269,1,2
1368,270,1,2
1368,271,1,2
1368,272,1,2
1368,273,1,2
1368,274,1,2
1368,275,1,2
1368,276,1,2
1368,277,1,2
1368,278,1,2
1368,279,1,2
1368,280,1,2
1368,281,1,2
1368,282,1,2
1368,283,1,2
1368,284,1,2
1368,285,1,2
1368,286,1,2
1368,287,1,2
1368,288,1,2
1368,289,1,2
1368,290,1,2
1368,291,1,2
1368,292,1,2
1368,293,1,2
1368,294,1,2
1368,295,1,2
1368,296,1,2
1368,297,1,2
1368,298,1,2
1368,299,1,2
1368,300,1,2
1368,301,1,2
1368,302,1,2
1368,303,1,2
1368,304,1,2
1368,305,1,2
1368,306,1,2
1368,307,1,2
1368,308,1,2
1368,309,1,2
1368,310,1,2
1368,311,1,2
1368,312,1,2
1368,313,1,2
1368,314,1,2
1368,315,1,2
1368,316,1,2
1368,317,1,2
1368,318,1,2
1368,319,1,2
1368,320,1,2
1368,321,1,2
1368,322,1,2
1368,323,1,2
1368,324,1,2
1368,325,1,2
1368,326,1,2
1368,327,1,2
1368,328,1,2
1368,329,1,2
1368,330,1,2
1368,331,1,2
1368,332,1,2
1368,333,1,2
1368,334,1,2
1368,335,1,2
1368,336,1,2
1368,337,1,2
1368,338,1,2
1368,339,1,2
1368,340,1,2
1368,341,1,2
1368,342,1,2
1368,343,1,2
1368,344,1,2
1368,345,1,2
1368,346,1,2
1368,347,1,2
1368,348,1,2
1368,349,1,2
1368,350,1,2
1368,351,1,2
1368,352,1,2
1368,353,1,2
1368,354,1,2
1368,355,1,2
1368,356,1,2
1368,357,1,2
1368,358,1,2
1368,359,1,2
1368,360,1,2
1368,361,1,2
1368,362,1,2
1368,363,1,2
1368,364,1,2
1368,365,1,2
1368,366,1,2
1368,367,1,2
1368,368,1,2
1368,369,1,2
1368,370,1,2
1368,371,1,2
1368,372,1,2
1368,373,1,2
1368,374,1,2
1368,375,1,2
1368,376,1,2
1368,377,1,2
1368,378,1,2
1368,379,1,2
1368,380,1,2
1368,381,1,2
1368,382,1,2
1368,383,1,2
1368,384,1,2
1368,385,1,2
1368,386,1,2
1368,387,1,2
1368,388,1,2
1368,389,1,2
1368,390,1,2
1368,391,1,2
1368,392,1,2
1368,393,1,2
1368,394,1,2
1368,395,1,2
1368,396,1,2
1368,397,1,2
1368,398,1,2
1368,399,1,2
1368,400,1,2
1368,401,1,2
1368,402,1,2
1368,403,1,2
1368,404,1,2
1368,405,1,2
1368,406,1,2
1368,407,1,2
1368,408,1,2
1368,409,1,2
1368,410,1,2
1368,411,1,2
1368,412,1,2
1368,413,1,2
1368,414,1,2
1368,415,1,2
1368,416,1,2
1368,417,1,2
1368,418,1,2
1368,419,1,2
1368,420,1,2
1368,421,1,2
1368,422,1,2
1368,423,1,2
1368,424,1,2
1368,425,1,2
1368,426,1,2
1368,427,1,2
1368,428,1,2
1368,429,1,2
1368,430,1,2
1368,431,1,2
1368,432,1,2
1368,433,1,2
1368,434,1,2
1368,435,1,2
1368,436,1,2
1368,437,1,2
1368,438,1,2
1368,439,1,2
1368,440,1,2
1368,441,1,2
1368,442,1,2
1368,443,1,2
1368,444,1,2
1368,445,1,2
1368,446,1,2
1368,447,1,2
1368,448,1,2
1368,449,1,2
1368,450,1,2
1368,451,1,2
1368,452,1,2
1368,453,1,2
1368,454,1,2
1368,455,1,2
1368,456,1,2
1368,457,1,2
1368,458,1,2
1368,459,1,2
1368,460,1,2
1368,461,1,2
1368,462,1,2
1368,463,1,2
1368,464,1,2
1368,465,1,2
1369,109,1,2
1369,110,1,2
1369,111,1,3
1369,112,1,3
1369,113,1,3
1369,114,1,3
1369,115,1,3
1369,116,1,3
1369,117,1,3
1369,118,1,3
1369,119,1,3
1369,120,1,3
1369,121,1,3
1369,122,1,3
1369,123,1,3
1369,124,1,3
1369,125,1,3
1369,126,1,3
1369,127,1,3
1369,128,1,3
1369,129,1,3
1369,130,1,3
1369,131,1,3
1369,132,1,3
1369,133,1,3
1369,134,1,3
1369,135,1,3
1369,136,1,3
1369,137,1,3
1369,138,1,3
1369,139,1,3
1369,140,1,3
1369,141,1,3
1369,142,1,3
1369,143,1,3
1369,144,1,2
1369,145,1,2
1369,146,1,2
1369,147,1,2
1369,148,1,2
1369,149,1,2
1369,150,1,2
1369,151,1,2
1369,152,1,2
1369,153,1,2
1369,154,1,2
1369,155,1,2
1369,156,1,2
1369,157,1,2
1369,158,1,2
1369,159,1,2
1369,160,1,2
1369,161,1,2
1369,162,1,2
1369,163,1,2
1369,164,1,2
1369,165,1,2
1369,166,1,2
1369,167,1,2
1369,168,1,2
1369,169,1,2
1369,170,1,2
1369,171,1,2
1369,172,1,2
1369,173,1,2
1369,174,1,2
1369,175,1,2
1369,176,1,2
1369,177,1,2
1369,178,1,2
1369,179,1,2
1369,180,1,2
1369,181,1,2
1369,182,1,2
1369,183,1,2
1369,184,1,2
1369,185,1,2
1369,186,1,2
1369,187,1,2
1369,188,1,2
1369,189,1,2
1369,190,1,2
1369,191,1,2
1369,192,1,2
1369,193,1,2
1369,194,1,2
1369,195,1,2
1369,196,1,2
1369,197,1,2
1369,198,1,2
1369,199,1,2
1369,200,1,2
1369,201,1,2
1369,202,1,2
1369,203,1,2
1369,204,1,2
1369,205,1,2
1369,206,1,2
1369,207,1,2
1369,208,1,2
1369,209,1,2
1369,210,1,2
1369,211,1,2
1369,212,1,2
1369,213,1,2
1369,214,1,2
1369,215,1,2
1369,216,1,2
1369,217,1,2
1369,218,1,2
1369,219,1,2
1369,220,1,2
1369,221,1,2
1369,222,1,2
1369,223,1,2
1369,224,1,2
1369,225,1,2
1369,226,1,2
1369,227,1,2
1369,228,1,2
1369,229,1,2
1369,230,1,2
1369,231,1,2
1369,232,1,2
1369,233,1,2
1369,234,1,2
1369,235,1,2
1369,236,1,2
1369,237,1,2
1369,238,1,2
1369,239,1,2
1369,240,1,2
1369,241,1,2
1369,242,1,2
1369,243,1,2
1369,244,1,2
1369,245,1,2
1369,246,1,2
1369,247,1,2
1369,248,1,2
1369,249,1,2
1369,250,1,2
1369,251,1,2
1369,252,1,2
1369,253,1,2
1369,254,1,2
1369,255,1,2
1369,256,1,2
1369,257,1,2
1369,258,1,2
1369,259,1,2
1369,260,1,2
1369,261,1,2
1369,262,1,2
1369,263,1,2
1369,264,1,2
1369,265,1,2
1369,266,1,2
1369,267,1,2
1369,268,1,2
1369,269,1,2
1369,270,1,2
1369,271,1,2
1369,272,1,2
1369,273,1,2
1369,274,1,2
1369,275,1,2
1369,276,1,2
1369,277,1,2
1369,278,1,2
1369,279,1,2
1369,280,1,2
1369,281,1,2
1369,282,1,2
1369,283,1,2
1369,284,1,2
1369,285,1,2
1369,286,1,2
1369,287,1,2
1369,288,1,2
1369,289,1,2
1369,290,1,2
1369,291,1,2
1369,292,1,2
1369,293,1,2
1369,294,1,2
1369,295,1,2
1369,296,1,2
1369,297,1,2
1369,298,1,2
1369,299,1,2
1369,300,1,2
1369,301,1,2
1369,302,1,2
1369,303,1,2
1369,304,1,2
1369,305,1,2
1369,306,1,2
1369,307,1,2
1369,308,1,2
1369,309,1,2
1369,310,1,2
1369,311,1,2
1369,312,1,2
1369,313,1,2
1369,314,1,2
1369,315,1,2
1369,316,1,2
1369,317,1,2
1369,318,1,2
1369,319,1,2
1369,320,1,2
1369,321,1,2
1369,322,1,2
1369,323,1,2
1369,324,1,2
1369,325,1,2
1369,326,1,2
1369,327,1,2
1369,328,1,2
1369,329,1,2
1369,330,1,2
1369,331,1,2
1369,332,1,2
1369,333,1,2
1369,334,1,2
1369,335,1,2
1369,336,1,2
1369,337,1,2
1369,338,1,2
1369,339,1,2
1369,340,1,2
1369,341,1,2
1369,342,1,2
1369,343,1,2
1369,344,1,2
1369,345,1,2
1369,346,1,2
1369,347,1,2
1369,348,1,2
1369,349,1,2
1369,350,1,2
1369,351,1,2
1369,352,1,2
1369,353,1,2
1369,354,1,2
1369,355,1,2
1369,356,1,2
1369,357,1,2
1369,358,1,2
1369,359,1,2
1369,360,1,2
1369,361,1,2
1369,362,1,2
1369,363,1,2
1369,364,1,2
1369,365,1,2
1369,366,1,2
1369,367,1,2
1369,368,1,2
1369,369,1,2
1369,370,1,2
1369,371,1,2
1369,372,1,2
1369,373,1,2
1369,374,1,2
1369,375,1,2
1369,376,1,2
1369,377,1,2
1369,378,1,2
1369,379,1,2
1369,380,1,2
1369,381,1,2
1369,382,1,2
1369,383,1,2
1369,384,1,2
1369,385,1,2
1369,386,1,2
1369,387,1,2
1369,388,1,2
1369,389,1,2
1369,390,1,2
1369,391,1,2
1369,392,1,2
1369,393,1,2
1369,394,1,2
1369,395,1,2
1369,396,1,2
1369,397,1,2
1369,398,1,2
1369,399,1,2
1369,400,1,2
1369,401,1,2
1369,402,1,2
1369,403,1,2
1369,404,1,2
1369,405,1,2
1369,406,1,2
1369,407,1,2
1369,408,1,2
1369,409,1,2
1369,410,1,2
1369,411,1,2
1369,412,1,2
1369,413,1,2
1369,414,1,2
1369,415,1,2
1369,416,1,2
1369,417,1,2
1369,418,1,2
1369,419,1,2
1369,420,1,2
1369,421,1,2
1369,422,1,2
1369,423,1,2
1369,424,1,2
1369,425,1,2
1369,426,1,2
1369,427,1,2
1369,428,1,2
1369,429,1,2
1369,430,1,2
1369,431,1,2
1369,432,1,2
1369,433,1,2
1369,434,1,2
1369,435,1,2
1369,436,1,2
1369,437,1,2
1369,438,1,2
1369,439,1,2
1369,440,1,2
1369,441,1,2
1369,442,1,2
1369,443,1,2
1369,444,1,2
1369,445,1,2
1369,446,1,2
1369,447,1,2
1369,448,1,2
1369,449,1,2
1369,450,1,2
1369,451,1,2
1369,452,1,2
1369,453,1,2
1369,454,1,2
1369,455,1,2
1369,456,1,2
1369,457,1,2
1369,458,1,2
1369,459,1,2
1369,460,1,2
1369,461,1,2
1369,462,1,2
1369,463,1,2
1369,464,1,2
1369,465,1,2
1370,109,1,2
1370,110,1,2
1370,111,1,3
1370,112,1,3
1370,113,1,3
1370,114,1,3
1370,115,1,3
1370,116,1,3
1370,117,1,3
1370,118,1,3
1370,119,1,3
1370,120,1,3
1370,121,1,3
1370,122,1,3
1370,123,1,3
1370,124,1,3
1370,125,1,3
1370,126,1,3
1370,127,1,3
1370,128,1,3
1370,129,1,3
1370,130,1,3
1370,131,1,3
1370,132,1,3
1370,133,1,3
1370,134,1,3
1370,135,1,3
1370,136,1,3
1370,137,1,3
1370,138,1,3
1370,139,1,3
1370,140,1,3
1370,141,1,3
1370,142,1,3
1370,143,1,3
1370,144,1,2
1370,145,1,2
1370,146,1,2
1370,147,1,2
1370,148,1,2
1370,149,1,2
1370,150,1,2
1370,151,1,2
1370,152,1,2
1370,153,1,2
1370,154,1,2
1370,155,1,2
1370,156,1,2
1370,157,1,2
1370,158,1,2
1370,159,1,2
1370,160,1,2
1370,161,1,2
1370,162,1,2
1370,163,1,2
1370,164,1,2
1370,165,1,2
1370,166,1,2
1370,167,1,2
1370,168,1,2
1370,169,1,2
1370,170,1,2
1370,171,1,2
1370,172,1,2
1370,173,1,2
1370,174,1,2
1370,175,1,2
1370,176,1,2
1370,177,1,2
1370,178,1,2
1370,179,1,2
1370,180,1,2
1370,181,1,2
1370,182,1,2
1370,183,1,2
1370,184,1,2
1370,185,1,2
1370,186,1,2
1370,187,1,2
1370,188,1,2
1370,189,1,2
1370,190,1,2
1370,191,1,2
1370,192,1,2
1370,193,1,2
1370,194,1,2
1370,195,1,2
1370,196,1,2
1370,197,1,2
1370,198,1,2
1370,199,1,2
1370,200,1,2
1370,201,1,2
1370,202,1,2
1370,203,1,2
1370,204,1,2
1370,205,1,2
1370,206,1,2
1370,207,1,2
1370,208,1,2
1370,209,1,2
1370,210,1,2
1370,211,1,2
1370,212,1,2
1370,213,1,2
1370,214,1,2
1370,215,1,2
1370,216,1,2
1370,217,1,2
1370,218,1,2
1370,219,1,2
1370,220,1,2
1370,221,1,2
1370,222,1,2
1370,223,1,2
1370,224,1,2
1370,225,1,2
1370,226,1,2
1370,227,1,2
1370,228,1,2
1370,229,1,2
1370,230,1,2
1370,231,1,2
1370,232,1,2
1370,233,1,2
1370,234,1,2
1370,235,1,2
1370,236,1,2
1370,237,1,2
1370,238,1,2
1370,239,1,2
1370,240,1,2
1370,241,1,2
1370,242,1,2
1370,243,1,2
1370,244,1,2
1370,245,1,2
1370,246,1,2
1370,247,1,2
1370,248,1,2
1370,249,1,2
1370,250,1,2
1370,251,1,2
1370,252,1,2
1370,253,1,2
1370,254,1,2
1370,255,1,2
1370,256,1,2
1370,257,1,2
1370,258,1,2
1370,259,1,2
1370,260,1,2
1370,261,1,2
1370,262,1,2
1370,263,1,2
1370,264,1,2
1370,265,1,2
1370,266,1,2
1370,267,1,2
1370,268,1,2
1370,269,1,2
1370,270,1,2
1370,271,1,2
1370,272,1,2
1370,273,1,2
1370,274,1,2
1370,275,1,2
1370,276,1,2
1370,277,1,2
1370,278,1,2
1370,279,1,2
1370,280,1,2
1370,281,1,2
1370,282,1,2
1370,283,1,2
1370,284,1,2
1370,285,1,2
1370,286,1,2
1370,287,1,2
1370,288,1,2
1370,289,1,2
1370,290,1,2
1370,291,1,2
1370,292,1,2
1370,293,1,2
1370,294,1,2
1370,295,1,2
1370,296,1,2
1370,297,1,2
1370,298,1,2
1370,299,1,2
1370,300,1,2
1370,301,1,2
1370,302,1,2
1370,303,1,2
1370,304,1,2
1370,305,1,2
1370,306,1,2
1370,307,1,2
1370,308,1,2
1370,309,1,2
1370,310,1,2
1370,311,1,2
1370,312,1,2
1370,313,1,2
1370,314,1,2
1370,315,1,2
1370,316,1,2
1370,317,1,2
1370,318,1,2
1370,319,1,2
1370,320,1,2
1370,321,1,2
1370,322,1,2
1370,323,1,2
1370,324,1,2
1370,325,1,2
1370,326,1,2
1370,327,1,2
1370,328,1,2
1370,329,1,2
1370,330,1,2
1370,331,1,2
1370,332,1,2
1370,333,1,2
1370,334,1,2
1370,335,1,2
1370,336,1,2
1370,337,1,2
1370,338,1,2
1370,339,1,2
1370,340,1,2
1370,341,1,2
1370,342,1,2
1370,343,1,2
1370,344,1,2
1370,345,1,2
1370,346,1,2
1370,347,1,2
1370,348,1,2
1370,349,1,2
1370,350,1,2
1370,351,1,2
1370,352,1,2
1370,353,1,2
1370,354,1,2
1370,355,1,2
1370,356,1,2
1370,357,1,2
1370,358,1,2
1370,359,1,2
1370,360,1,2
1370,361,1,2
1370,362,1,2
1370,363,1,2
1370,364,1,2
1370,365,1,2
1370,366,1,2
1370,367,1,2
1370,368,1,2
1370,369,1,2
1370,370,1,2
1370,371,1,2
1370,372,1,2
1370,373,1,2
1370,374,1,2
1370,375,1,2
1370,376,1,2
1370,377,1,2
1370,378,1,2
1370,379,1,2
1370,380,1,2
1370,381,1,2
1370,382,1,2
1370,383,1,2
1370,384,1,2
1370,385,1,2
1370,386,1,2
1370,387,1,2
1370,388,1,2
1370,389,1,2
1370,390,1,2
1370,391,1,2
1370,392,1,2
1370,393,1,2
1370,394,1,2
1370,395,1,2
1370,396,1,2
1370,397,1,2
1370,398,1,2
1370,399,1,2
1370,400,1,2
1370,401,1,2
1370,402,1,2
1370,403,1,2
1370,404,1,2
1370,405,1,2
1370,406,1,2
1370,407,1,2
1370,408,1,2
1370,409,1,2
1370,410,1,2
1370,411,1,2
1370,412,1,2
1370,413,1,2
1370,414,1,2
1370,415,1,2
1370,416,1,2
1370,417,1,2
1370,418,1,2
1370,419,1,2
1370,420,1,2
1370,421,1,2
1370,422,1,2
1370,423,1,2
1370,424,1,2
1370,425,1,2
1370,426,1,2
1370,427,1,2
1370,428,1,2
1370,429,1,2
1370,430,1,2
1370,431,1,2
1370,432,1,2
1370,433,1,2
1370,434,1,2
1370,435,1,2
1370,436,1,2
1370,437,1,2
1370,438,1,2
1370,439,1,2
1370,440,1,2
1370,441,1,2
1370,442,1,2
1370,443,1,2
1370,444,1,2
1370,445,1,2
1370,446,1,2
1370,447,1,2
1370,448,1,2
1370,449,1,2
1370,450,1,2
1370,451,1,2
1370,452,1,2
1370,453,1,2
1370,454,1,2
1370,455,1,2
1370,456,1,2
1370,457,1,2
1370,458,1,2
1370,459,1,2
1370,460,1,2
1370,461,1,2
1370,462,1,2
1370,463,1,2
1370,464,1,2
1370,465,1,2
1371,109,1,2
1371,110,1,2
1371,111,1,3
1371,112,1,3
1371,113,1,3
1371,114,1,3
1371,115,1,3
1371,116,1,3
1371,117,1,3
1371,118,1,3
1371,119,1,3
1371,120,1,3
1371,121,1,3
1371,122,1,3
1371,123,1,3
1371,124,1,3
1371,125,1,3
1371,126,1,3
1371,127,1,3
1371,128,1,3
1371,129,1,3
1371,130,1,3
1371,131,1,3
1371,132,1,3
1371,133,1,3
1371,134,1,3
1371,135,1,3
1371,136,1,3
1371,137,1,3
1371,138,1,3
1371,139,1,3
1371,140,1,3
1371,141,1,3
1371,142,1,3
1371,143,1,3
1371,144,1,2
1371,145,1,2
1371,146,1,2
1371,147,1,2
1371,148,1,2
1371,149,1,2
1371,150,1,2
1371,151,1,2
1371,152,1,2
1371,153,1,2
1371,154,1,2
1371,155,1,2
1371,156,1,2
1371,157,1,2
1371,158,1,2
1371,159,1,2
1371,160,1,2
1371,161,1,2
1371,162,1,2
1371,163,1,2
1371,164,1,2
1371,165,1,2
1371,166,1,2
1371,167,1,2
1371,168,1,2
1371,169,1,2
1371,170,1,2
1371,171,1,2
1371,172,1,2
1371,173,1,2
1371,174,1,2
1371,175,1,2
1371,176,1,2
1371,177,1,2
1371,178,1,2
1371,179,1,2
1371,180,1,2
1371,181,1,2
1371,182,1,2
1371,183,1,2
1371,184,1,2
1371,185,1,2
1371,186,1,2
1371,187,1,2
1371,188,1,2
1371,189,1,2
1371,190,1,2
1371,191,1,2
1371,192,1,2
1371,193,1,2
1371,194,1,2
1371,195,1,2
1371,196,1,2
1371,197,1,2
1371,198,1,2
1371,199,1,2
1371,200,1,2
1371,201,1,2
1371,202,1,2
1371,203,1,2
1371,204,1,2
1371,205,1,2
1371,206,1,2
1371,207,1,2
1371,208,1,2
1371,209,1,2
1371,210,1,2
1371,211,1,2
1371,212,1,2
1371,213,1,2
1371,214,1,2
1371,215,1,2
1371,216,1,2
1371,217,1,2
1371,218,1,2
1371,219,1,2
1371,220,1,2
1371,221,1,2
1371,222,1,2
1371,223,1,2
1371,224,1,2
1371,225,1,2
1371,226,1,2
1371,227,1,2
1371,228,1,2
1371,229,1,2
1371,230,1,2
1371,231,1,2
1371,232,1,2
1371,233,1,2
1371,234,1,2
1371,235,1,2
1371,236,1,2
1371,237,1,2
1371,238,1,2
1371,239,1,2
1371,240,1,2
1371,241,1,2
1371,242,1,2
1371,243,1,2
1371,244,1,2
1371,245,1,2
1371,246,1,2
1371,247,1,2
1371,248,1,2
1371,249,1,2
1371,250,1,2
1371,251,1,2
1371,252,1,2
1371,253,1,2
1371,254,1,2
1371,255,1,2
1371,256,1,2
1371,257,1,2
1371,258,1,2
1371,259,1,2
1371,260,1,2
1371,261,1,2
1371,262,1,2
1371,263,1,2
1371,264,1,2
1371,265,1,2
1371,266,1,2
1371,267,1,2
1371,268,1,2
1371,269,1,2
1371,270,1,2
1371,271,1,2
1371,272,1,2
1371,273,1,2
1371,274,1,2
1371,275,1,2
1371,276,1,2
1371,277,1,2
1371,278,1,2
1371,279,1,2
1371,280,1,2
1371,281,1,2
1371,282,1,2
1371,283,1,2
1371,284,1,2
1371,285,1,2
1371,286,1,2
1371,287,1,2
1371,288,1,2
1371,289,1,2
1371,290,1,2
1371,291,1,2
1371,292,1,2
1371,293,1,2
1371,294,1,2
1371,295,1,2
1371,296,1,2
1371,297,1,2
1371,298,1,2
1371,299,1,2
1371,300,1,2
1371,301,1,2
1371,302,1,2
1371,303,1,2
1371,304,1,2
1371,305,1,2
1371,306,1,2
1371,307,1,2
1371,308,1,2
1371,309,1,2
1371,310,1,2
1371,311,1,2
1371,312,1,2
1371,313,1,2
1371,314,1,2
1371,315,1,2
1371,316,1,2
1371,317,1,2
1371,318,1,2
1371,319,1,2
1371,320,1,2
1371,321,1,2
1371,322,1,2
1371,323,1,2
1371,324,1,2
1371,325,1,2
1371,326,1,2
1371,327,1,2
1371,328,1,2
1371,329,1,2
1371,330,1,2
1371,331,1,2
1371,332,1,2
1371,333,1,2
1371,334,1,2
1371,335,1,2
1371,336,1,2
1371,337,1,2
1371,338,1,2
1371,339,1,2
1371,340,1,2
1371,341,1,2
1371,342,1,2
1371,343,1,2
1371,344,1,2
1371,345,1,2
1371,346,1,2
1371,347,1,2
1371,348,1,2
1371,349,1,2
1371,350,1,2
1371,351,1,2
1371,352,1,2
1371,353,1,2
1371,354,1,2
1371,355,1,2
1371,356,1,2
1371,357,1,2
1371,358,1,2
1371,359,1,2
1371,360,1,2
1371,361,1,2
1371,362,1,2
1371,363,1,2
1371,364,1,2
1371,365,1,2
1371,366,1,2
1371,367,1,2
1371,368,1,2
1371,369,1,2
1371,370,1,2
1371,371,1,2
1371,372,1,2
1371,373,1,2
1371,374,1,2
1371,375,1,2
1371,376,1,2
1371,377,1,2
1371,378,1,2
1371,379,1,2
1371,380,1,2
1371,381,1,2
1371,382,1,2
1371,383,1,2
1371,384,1,2
1371,385,1,2
1371,386,1,2
1371,387,1,2
1371,388,1,2
1371,389,1,2
1371,390,1,2
1371,391,1,2
1371,392,1,2
1371,393,1,2
1371,394,1,2
1371,395,1,2
1371,396,1,2
1371,397,1,2
1371,398,1,2
1371,399,1,2
1371,400,1,2
1371,401,1,2
1371,402,1,2
1371,403,1,2
1371,404,1,2
1371,405,1,2
1371,406,1,2
1371,407,1,2
1371,408,1,2
1371,409,1,2
1371,410,1,2
1371,411,1,2
1371,412,1,2
1371,413,1,2
1371,414,1,2
1371,415,1,2
1371,416,1,2
1371,417,1,2
1371,418,1,2
1371,419,1,2
1371,420,1,2
1371,421,1,2
1371,422,1,2
1371,423,1,2
1371,424,1,2
1371,425,1,2
1371,426,1,2
1371,427,1,2
1371,428,1,2
1371,429,1,2
1371,430,1,2
1371,431,1,2
1371,432,1,2
1371,433,1,2
1371,434,1,2
1371,435,1,2
1371,436,1,2
1371,437,1,2
1371,438,1,2
1371,439,1,2
1371,440,1,2
1371,441,1,2
1371,442,1,2
1371,443,1,2
1371,444,1,2
1371,445,1,2
1371,446,1,2
1371,447,1,2
1371,448,1,2
1371,449,1,2
1371,450,1,2
1371,451,1,2
1371,452,1,2
1371,453,1,2
1371,454,1,2
1371,455,1,2
1371,456,1,2
1371,457,1,2
1371,458,1,2
1371,459,1,2
1371,460,1,2
1371,461,1,2
1371,462,1,2
1371,463,1,2
1371,464,1,2
1371,465,1,2
1371,466,1,2
1372,109,1,2
1372,110,1,2
1372,111,1,3
1372,112,1,3
1372,113,1,3
1372,114,1,3
1372,115,1,3
1372,116,1,3
1372,117,1,3
1372,118,1,3
1372,119,1,3
1372,120,1,3
1372,121,1,3
1372,122,1,3
1372,123,1,3
1372,124,1,3
1372,125,1,3
1372,126,1,3
1372,127,1,3
1372,128,1,3
1372,129,1,3
1372,130,1,3
1372,131,1,3
1372,132,1,3
1372,133,1,3
1372,134,1,3
1372,135,1,3
1372,136,1,3
1372,137,1,3
1372,138,1,3
1372,139,1,3
1372,140,1,3
1372,141,1,3
1372,142,1,3
1372,143,1,3
1372,144,1,2
1372,145,1,2
1372,146,1,2
1372,147,1,2
1372,148,1,2
1372,149,1,2
1372,150,1,2
1372,151,1,2
1372,152,1,2
1372,153,1,2
1372,154,1,2
1372,155,1,2
1372,156,1,2
1372,157,1,2
1372,158,1,2
1372,159,1,2
1372,160,1,2
1372,161,1,2
1372,162,1,2
1372,163,1,2
1372,164,1,2
1372,165,1,2
1372,166,1,2
1372,167,1,2
1372,168,1,2
1372,169,1,2
1372,170,1,2
1372,171,1,2
1372,172,1,2
1372,173,1,2
1372,174,1,2
1372,175,1,2
1372,176,1,2
1372,177,1,2
1372,178,1,2
1372,179,1,2
1372,180,1,2
1372,181,1,2
1372,182,1,2
1372,183,1,2
1372,184,1,2
1372,185,1,2
1372,186,1,2
1372,187,1,2
1372,188,1,2
1372,189,1,2
1372,190,1,2
1372,191,1,2
1372,192,1,2
1372,193,1,2
1372,194,1,2
1372,195,1,2
1372,196,1,2
1372,197,1,2
1372,198,1,2
1372,199,1,2
1372,200,1,2
1372,201,1,2
1372,202,1,2
1372,203,1,2
1372,204,1,2
1372,205,1,2
1372,206,1,2
1372,207,1,2
1372,208,1,2
1372,209,1,2
1372,210,1,2
1372,211,1,2
1372,212,1,2
1372,213,1,2
1372,214,1,2
1372,215,1,2
1372,216,1,2
1372,217,1,2
1372,218,1,2
1372,219,1,2
1372,220,1,2
1372,221,1,2
1372,222,1,2
1372,223,1,2
1372,224,1,2
1372,225,1,2
1372,226,1,2
1372,227,1,2
1372,228,1,2
1372,229,1,2
1372,230,1,2
1372,231,1,2
1372,232,1,2
1372,233,1,2
1372,234,1,2
1372,235,1,2
1372,236,1,2
1372,237,1,2
1372,238,1,2
1372,239,1,2
1372,240,1,2
1372,241,1,2
1372,242,1,2
1372,243,1,2
1372,244,1,2
1372,245,1,2
1372,246,1,2
1372,247,1,2
1372,248,1,2
1372,249,1,2
1372,250,1,2
1372,251,1,2
1372,252,1,2
1372,253,1,2
1372,254,1,2
1372,255,1,2
1372,256,1,2
1372,257,1,2
1372,258,1,2
1372,259,1,2
1372,260,1,2
1372,261,1,2
1372,262,1,2
1372,263,1,2
1372,264,1,2
1372,265,1,2
1372,266,1,2
1372,267,1,2
1372,268,1,2
1372,269,1,2
1372,270,1,2
1372,271,1,2
1372,272,1,2
1372,273,1,2
1372,274,1,2
1372,275,1,2
1372,276,1,2
1372,277,1,2
1372,278,1,2
1372,279,1,2
1372,280,1,2
1372,281,1,2
1372,282,1,2
1372,283,1,2
1372,284,1,2
1372,285,1,2
1372,286,1,2
1372,287,1,2
1372,288,1,2
1372,289,1,2
1372,290,1,2
1372,291,1,2
1372,292,1,2
1372,293,1,2
1372,294,1,2
1372,295,1,2
1372,296,1,2
1372,297,1,2
1372,298,1,2
1372,299,1,2
1372,300,1,2
1372,301,1,2
1372,302,1,2
1372,303,1,2
1372,304,1,2
1372,305,1,2
1372,306,1,2
1372,307,1,2
1372,308,1,2
1372,309,1,2
1372,310,1,2
1372,311,1,2
1372,312,1,2
1372,313,1,2
1372,314,1,2
1372,315,1,2
1372,316,1,2
1372,317,1,2
1372,318,1,2
1372,319,1,2
1372,320,1,2
1372,321,1,2
1372,322,1,2
1372,323,1,2
1372,324,1,2
1372,325,1,2
1372,326,1,2
1372,327,1,2
1372,328,1,2
1372,329,1,2
1372,330,1,2
1372,331,1,2
1372,332,1,2
1372,333,1,2
1372,334,1,2
1372,335,1,2
1372,336,1,2
1372,337,1,2
1372,338,1,2
1372,339,1,2
1372,340,1,2
1372,341,1,2
1372,342,1,2
1372,343,1,2
1372,344,1,2
1372,345,1,2
1372,346,1,2
1372,347,1,2
1372,348,1,2
1372,349,1,2
1372,350,1,2
1372,351,1,2
1372,352,1,2
1372,353,1,2
1372,354,1,2
1372,355,1,2
1372,356,1,2
1372,357,1,2
1372,358,1,2
1372,359,1,2
1372,360,1,2
1372,361,1,2
1372,362,1,2
1372,363,1,2
1372,364,1,2
1372,365,1,2
1372,366,1,2
1372,367,1,2
1372,368,1,2
1372,369,1,2
1372,370,1,2
1372,371,1,2
1372,372,1,2
1372,373,1,2
1372,374,1,2
1372,375,1,2
1372,376,1,2
1372,377,1,2
1372,378,1,2
1372,379,1,2
1372,380,1,2
1372,381,1,2
1372,382,1,2
1372,383,1,2
1372,384,1,2
1372,385,1,2
1372,386,1,2
1372,387,1,2
1372,388,1,2
1372,389,1,2
1372,390,1,2
1372,391,1,2
1372,392,1,2
1372,393,1,2
1372,394,1,2
1372,395,1,2
1372,396,1,2
1372,397,1,2
1372,398,1,2
1372,399,1,2
1372,400,1,2
1372,401,1,2
1372,402,1,2
1372,403,1,2
1372,404,1,2
1372,405,1,2
1372,406,1,2
1372,407,1,2
1372,408,1,2
1372,409,1,2
1372,410,1,2
1372,411,1,2
1372,412,1,2
1372,413,1,2
1372,414,1,2
1372,415,1,2
1372,416,1,2
1372,417,1,2
1372,418,1,2
1372,419,1,2
1372,420,1,2
1372,421,1,2
1372,422,1,2
1372,423,1,2
1372,424,1,2
1372,425,1,2
1372,426,1,2
1372,427,1,2
1372,428,1,2
1372,429,1,2
1372,430,1,2
1372,431,1,2
1372,432,1,2
1372,433,1,2
1372,434,1,2
1372,435,1,2
1372,436,1,2
1372,437,1,2
1372,438,1,2
1372,439,1,2
1372,440,1,2
1372,441,1,2
1372,442,1,2
1372,443,1,2
1372,444,1,2
1372,445,1,2
1372,446,1,2
1372,447,1,2
1372,448,1,2
1372,449,1,2
1372,450,1,2
1372,451,1,2
1372,452,1,2
1372,453,1,2
1372,454,1,2
1372,455,1,2
1372,456,1,2
1372,457,1,2
1372,458,1,2
1372,459,1,2
1372,460,1,2
1372,461,1,2
1372,462,1,2
1372,463,1,2
1372,464,1,2
1372,465,1,2
1372,466,1,2
1373,109,1,2
1373,110,1,2
1373,111,1,2
1373,112,1,3
1373,113,1,3
1373,114,1,3
1373,115,1,3
1373,116,1,3
1373,117,1,3
1373,118,1,3
1373,119,1,3
1373,120,1,3
1373,121,1,3
1373,122,1,3
1373,123,1,3
1373,124,1,3
1373,125,1,3
1373,126,1,3
1373,127,1,3
1373,128,1,3
1373,129,1,3
1373,130,1,3
1373,131,1,3
1373,132,1,3
1373,133,1,3
1373,134,1,3
1373,135,1,3
1373,136,1,3
1373,137,1,3
1373,138,1,3
1373,139,1,3
1373,140,1,3
1373,141,1,3
1373,142,1,3
1373,143,1,2
1373,144,1,2
1373,145,1,2
1373,146,1,2
1373,147,1,2
1373,148,1,2
1373,149,1,2
1373,150,1,2
1373,151,1,2
1373,152,1,2
1373,153,1,2
1373,154,1,2
1373,155,1,2
1373,156,1,2
1373,157,1,2
1373,158,1,2
1373,159,1,2
1373,160,1,2
1373,161,1,2
1373,162,1,2
1373,163,1,2
1373,164,1,2
1373,165,1,2
1373,166,1,2
1373,167,1,2
1373,168,1,2
1373,169,1,2
1373,170,1,2
1373,171,1,2
1373,172,1,2
1373,173,1,2
1373,174,1,2
1373,175,1,2
1373,176,1,2
1373,177,1,2
1373,178,1,2
1373,179,1,2
1373,180,1,2
1373,181,1,2
1373,182,1,2
1373,183,1,2
1373,184,1,2
1373,185,1,2
1373,186,1,2
1373,187,1,2
1373,188,1,2
1373,189,1,2
1373,190,1,2
1373,191,1,2
1373,192,1,2
1373,193,1,2
1373,194,1,2
1373,195,1,2
1373,196,1,2
1373,197,1,2
1373,198,1,2
1373,199,1,2
1373,200,1,2
1373,201,1,2
1373,202,1,2
1373,203,1,2
1373,204,1,2
1373,205,1,2
1373,206,1,2
1373,207,1,2
1373,208,1,2
1373,209,1,2
1373,210,1,2
1373,211,1,2
1373,212,1,2
1373,213,1,2
1373,214,1,2
1373,215,1,2
1373,216,1,2
1373,217,1,2
1373,218,1,2
1373,219,1,2
1373,220,1,2
1373,221,1,2
1373,222,1,2
1373,223,1,2
1373,224,1,2
1373,225,1,2
1373,226,1,2
1373,227,1,2
1373,228,1,2
1373,229,1,2
1373,230,1,2
1373,231,1,2
1373,232,1,2
1373,233,1,2
1373,234,1,2
1373,235,1,2
1373,236,1,2
1373,237,1,2
1373,238,1,2
1373,239,1,2
1373,240,1,2
1373,241,1,2
1373,242,1,2
1373,243,1,2
1373,244,1,2
1373,245,1,2
1373,246,1,2
1373,247,1,2
1373,248,1,2
1373,249,1,2
1373,250,1,2
1373,251,1,2
1373,252,1,2
1373,253,1,2
1373,254,1,2
1373,255,1,2
1373,256,1,2
1373,257,1,2
1373,258,1,2
1373,259,1,2
1373,260,1,2
1373,261,1,2
1373,262,1,2
1373,263,1,2
1373,264,1,2
1373,265,1,2
1373,266,1,2
1373,267,1,2
1373,268,1,2
1373,269,1,2
1373,270,1,2
1373,271,1,2
1373,272,1,2
1373,273,1,2
1373,274,1,2
1373,275,1,2
1373,276,1,2
1373,277,1,2
1373,278,1,2
1373,279,1,2
1373,280,1,2
1373,281,1,2
1373,282,1,2
1373,283,1,2
1373,284,1,2
1373,285,1,2
1373,286,1,2
1373,287,1,2
1373,288,1,2
1373,289,1,2
1373,290,1,2
1373,291,1,2
1373,292,1,2
1373,293,1,2
1373,294,1,2
1373,295,1,2
1373,296,1,2
1373,297,1,2
1373,298,1,2
1373,299,1,2
1373,300,1,2
1373,301,1,2
1373,302,1,2
1373,303,1,2
1373,304,1,2
1373,305,1,2
1373,306,1,2
1373,307,1,2
1373,308,1,2
1373,309,1,2
1373,310,1,2
1373,311,1,2
1373,312,1,2
1373,313,1,2
1373,314,1,2
1373,315,1,2
1373,316,1,2
1373,317,1,2
1373,318,1,2
1373,319,1,2
1373,320,1,2
1373,321,1,2
1373,322,1,2
1373,323,1,2
1373,324,1,2
1373,325,1,2
1373,326,1,2
1373,327,1,2
1373,328,1,2
1373,329,1,2
1373,330,1,2
1373,331,1,2
1373,332,1,2
1373,333,1,2
1373,334,1,2
1373,335,1,2
1373,336,1,2
1373,337,1,2
1373,338,1,2
1373,339,1,2
1373,340,1,2
1373,341,1,2
1373,342,1,2
1373,343,1,2
1373,344,1,2
1373,345,1,2
1373,346,1,2
1373,347,1,2
1373,348,1,2
1373,349,1,2
1373,350,1,2
1373,351,1,2
1373,352,1,2
1373,353,1,2
1373,354,1,2
1373,355,1,2
1373,356,1,2
1373,357,1,2
1373,358,1,2
1373,359,1,2
1373,360,1,2
1373,361,1,2
1373,362,1,2
1373,363,1,2
1373,364,1,2
1373,365,1,2
1373,366,1,2
1373,367,1,2
1373,368,1,2
1373,369,1,2
1373,370,1,2
1373,371,1,2
1373,372,1,2
1373,373,1,2
1373,374,1,2
1373,375,1,2
1373,376,1,2
1373,377,1,2
1373,378,1,2
1373,379,1,2
1373,380,1,2
1373,381,1,2
1373,382,1,2
1373,383,1,2
1373,384,1,2
1373,385,1,2
1373,386,1,2
1373,387,1,2
1373,388,1,2
1373,389,1,2
1373,390,1,2
1373,391,1,2
1373,392,1,2
1373,393,1,2
1373,394,1,2
1373,395,1,2
1373,396,1,2
1373,397,1,2
1373,398,1,2
1373,399,1,2
1373,400,1,2
1373,401,1,2
1373,402,1,2
1373,403,1,2
1373,404,1,2
1373,405,1,2
1373,406,1,2
1373,407,1,2
1373,408,1,2
1373,409,1,2
1373,410,1,2
1373,411,1,2
1373,412,1,2
1373,413,1,2
1373,414,1,2
1373,415,1,2
1373,416,1,2
1373,417,1,2
1373,418,1,2
1373,419,1,2
1373,420,1,2
1373,421,1,2
1373,422,1,2
1373,423,1,2
1373,424,1,2
1373,425,1,2
1373,426,1,2
1373,427,1,2
1373,428,1,2
1373,429,1,2
1373,430,1,2
1373,431,1,2
1373,432,1,2
1373,433,1,2
1373,434,1,2
1373,435,1,2
1373,436,1,2
1373,437,1,2
1373,438,1,2
1373,439,1,2
1373,440,1,2
1373,441,1,2
1373,442,1,2
1373,443,1,2
1373,444,1,2
1373,445,1,2
1373,446,1,2
1373,447,1,2
1373,448,1,2
1373,449,1,2
1373,450,1,2
1373,451,1,2
1373,452,1,2
1373,453,1,2
1373,454,1,2
1373,455,1,2
1373,456,1,2
1373,457,1,2
1373,458,1,2
1373,459,1,2
1373,460,1,2
1373,461,1,2
1373,462,1,2
1373,463,1,2
1373,464,1,2
1373,465,1,2
1373,466,1,2
1374,109,1,2
1374,110,1,2
1374,111,1,2
1374,112,1,3
1374,113,1,3
1374,114,1,3
1374,115,1,3
1374,116,1,3
1374,117,1,3
1374,118,1,3
1374,119,1,3
1374,120,1,3
1374,121,1,3
1374,122,1,3
1374,123,1,3
1374,124,1,3
1374,125,1,3
1374,126,1,3
1374,127,1,3
1374,128,1,3
1374,129,1,3
1374,130,1,3
1374,131,1,3
1374,132,1,3
1374,133,1,3
1374,134,1,3
1374,135,1,3
1374,136,1,3
1374,137,1,3
1374,138,1,3
1374,139,1,3
1374,140,1,3
1374,141,1,3
1374,142,1,3
1374,143,1,2
1374,144,1,2
1374,145,1,2
1374,146,1,2
1374,147,1,2
1374,148,1,2
1374,149,1,2
1374,150,1,2
1374,151,1,2
1374,152,1,2
1374,153,1,2
1374,154,1,2
1374,155,1,2
1374,156,1,2
1374,157,1,2
1374,158,1,2
1374,159,1,2
1374,160,1,2
1374,161,1,2
1374,162,1,2
1374,163,1,2
1374,164,1,2
1374,165,1,2
1374,166,1,2
1374,167,1,2
1374,168,1,2
1374,169,1,2
1374,170,1,2
1374,171,1,2
1374,172,1,2
1374,173,1,2
1374,174,1,2
1374,175,1,2
1374,176,1,2
1374,177,1,2
1374,178,1,2
1374,179,1,2
1374,180,1,2
1374,181,1,2
1374,182,1,2
1374,183,1,2
1374,184,1,2
1374,185,1,2
1374,186,1,2
1374,187,1,2
1374,188,1,2
1374,189,1,2
1374,190,1,2
1374,191,1,2
1374,192,1,2
1374,193,1,2
1374,194,1,2
1374,195,1,2
1374,196,1,2
1374,197,1,2
1374,198,1,2
1374,199,1,2
1374,200,1,2
1374,201,1,2
1374,202,1,2
1374,203,1,2
1374,204,1,2
1374,205,1,2
1374,206,1,2
1374,207,1,2
1374,208,1,2
1374,209,1,2
1374,210,1,2
1374,211,1,2
1374,212,1,2
1374,213,1,2
1374,214,1,2
1374,215,1,2
1374,216,1,2
1374,217,1,2
1374,218,1,2
1374,219,1,2
1374,220,1,2
1374,221,1,2
1374,222,1,2
1374,223,1,2
1374,224,1,2
1374,225,1,2
1374,226,1,2
1374,227,1,2
1374,228,1,2
1374,229,1,2
1374,230,1,2
1374,231,1,2
1374,232,1,2
1374,233,1,2
1374,234,1,2
1374,235,1,2
1374,236,1,2
1374,237,1,2
1374,238,1,2
1374,239,1,2
1374,240,1,2
1374,241,1,2
1374,242,1,2
1374,243,1,2
1374,244,1,2
1374,245,1,2
1374,246,1,2
1374,247,1,2
1374,248,1,2
1374,249,1,2
1374,250,1,2
1374,251,1,2
1374,252,1,2
1374,253,1,2
1374,254,1,2
1374,255,1,2
1374,256,1,2
1374,257,1,2
1374,258,1,2
1374,259,1,2
1374,260,1,2
1374,261,1,2
1374,262,1,2
1374,263,1,2
1374,264,1,2
1374,265,1,2
1374,266,1,2
1374,267,1,2
1374,268,1,2
1374,269,1,2
1374,270,1,2
1374,271,1,2
1374,272,1,2
1374,273,1,2
1374,274,1,2
1374,275,1,2
1374,276,1,2
1374,277,1,2
1374,278,1,2
1374,279,1,2
1374,280,1,2
1374,281,1,2
1374,282,1,2
1374,283,1,2
1374,284,1,2
1374,285,1,2
1374,286,1,2
1374,287,1,2
1374,288,1,2
1374,289,1,2
1374,290,1,2
1374,291,1,2
1374,292,1,2
1374,293,1,2
1374,294,1,2
1374,295,1,2
1374,296,1,2
1374,297,1,2
1374,298,1,2
1374,299,1,2
1374,300,1,2
1374,301,1,2
1374,302,1,2
1374,303,1,2
1374,304,1,2
1374,305,1,2
1374,306,1,2
1374,307,1,2
1374,308,1,2
1374,309,1,2
1374,310,1,2
1374,311,1,2
1374,312,1,2
1374,313,1,2
1374,314,1,2
1374,315,1,2
1374,316,1,2
1374,317,1,2
1374,318,1,2
1374,319,1,2
1374,320,1,2
1374,321,1,2
1374,322,1,2
1374,323,1,2
1374,324,1,2
1374,325,1,2
1374,326,1,2
1374,327,1,2
1374,328,1,2
1374,329,1,2
1374,330,1,2
1374,331,1,2
1374,332,1,2
1374,333,1,2
1374,334,1,2
1374,335,1,2
1374,336,1,2
1374,337,1,2
1374,338,1,2
1374,339,1,2
1374,340,1,2
1374,341,1,2
1374,342,1,2
1374,343,1,2
1374,344,1,2
1374,345,1,2
1374,346,1,2
1374,347,1,2
1374,348,1,2
1374,349,1,2
1374,350,1,2
1374,351,1,2
1374,352,1,2
1374,353,1,2
1374,354,1,2
1374,355,1,2
1374,356,1,2
1374,357,1,2
1374,358,1,2
1374,359,1,2
1374,360,1,2
1374,361,1,2
1374,362,1,2
1374,363,1,2
1374,364,1,2
1374,365,1,2
1374,366,1,2
1374,367,1,2
1374,368,1,2
1374,369,1,2
1374,370,1,2
1374,371,1,2
1374,372,1,2
1374,373,1,2
1374,374,1,2
1374,375,1,2
1374,376,1,2
1374,377,1,2
1374,378,1,2
1374,379,1,2
1374,380,1,2
1374,381,1,2
1374,382,1,2
1374,383,1,2
1374,384,1,2
1374,385,1,2
1374,386,1,2
1374,387,1,2
1374,388,1,2
1374,389,1,2
1374,390,1,2
1374,391,1,2
1374,392,1,2
1374,393,1,2
1374,394,1,2
1374,395,1,2
1374,396,1,2
1374,397,1,2
1374,398,1,2
1374,399,1,2
1374,400,1,2
1374,401,1,2
1374,402,1,2
1374,403,1,2
1374,404,1,2
1374,405,1,2
1374,406,1,2
1374,407,1,2
1374,408,1,2
1374,409,1,2
1374,410,1,2
1374,411,1,2
1374,412,1,2
1374,413,1,2
1374,414,1,2
1374,415,1,2
1374,416,1,2
1374,417,1,2
1374,418,1,2
1374,419,1,2
1374,420,1,2
1374,421,1,2
1374,422,1,2
1374,423,1,2
1374,424,1,2
1374,425,1,2
1374,426,1,2
1374,427,1,2
1374,428,1,2
1374,429,1,2
1374,430,1,2
1374,431,1,2
1374,432,1,2
1374,433,1,2
1374,434,1,2
1374,435,1,2
1374,436,1,2
1374,437,1,2
1374,438,1,2
1374,439,1,2
1374,440,1,2
1374,441,1,2
1374,442,1,2
1374,443,1,2
1374,444,1,2
1374,445,1,2
1374,446,1,2
1374,447,1,2
1374,448,1,2
1374,449,1,2
1374,450,1,2
1374,451,1,2
1374,452,1,2
1374,453,1,2
1374,454,1,2
1374,455,1,2
1374,456,1,2
1374,457,1,2
1374,458,1,2
1374,459,1,2
1374,460,1,2
1374,461,1,2
1374,462,1,2
1374,463,1,2
1374,464,1,2
1374,465,1,2
1374,466,1,2
1375,109,1,2
1375,110,1,2
1375,111,1,2
1375,112,1,3
1375,113,1,3
1375,114,1,3
1375,115,1,3
1375,116,1,3
1375,117,1,3
1375,118,1,3
1375,119,1,3
1375,120,1,3
1375,121,1,3
1375,122,1,3
1375,123,1,3
1375,124,1,3
1375,125,1,3
1375,126,1,3
1375,127,1,3
1375,128,1,3
1375,129,1,3
1375,130,1,3
1375,131,1,3
1375,132,1,3
1375,133,1,3
1375,134,1,3
1375,135,1,3
1375,136,1,3
1375,137,1,3
1375,138,1,3
1375,139,1,3
1375,140,1,3
1375,141,1,3
1375,142,1,3
1375,143,1,2
1375,144,1,2
1375,145,1,2
1375,146,1,2
1375,147,1,2
1375,148,1,2
1375,149,1,2
1375,150,1,2
1375,151,1,2
1375,152,1,2
1375,153,1,2
1375,154,1,2
1375,155,1,2
1375,156,1,2
1375,157,1,2
1375,158,1,2
1375,159,1,2
1375,160,1,2
1375,161,1,2
1375,162,1,2
1375,163,1,2
1375,164,1,2
1375,165,1,2
1375,166,1,2
1375,167,1,2
1375,168,1,2
1375,169,1,2
1375,170,1,2
1375,171,1,2
1375,172,1,2
1375,173,1,2
1375,174,1,2
1375,175,1,2
1375,176,1,2
1375,177,1,2
1375,178,1,2
1375,179,1,2
1375,180,1,2
1375,181,1,2
1375,182,1,2
1375,183,1,2
1375,184,1,2
1375,185,1,2
1375,186,1,2
1375,187,1,2
1375,188,1,2
1375,189,1,2
1375,190,1,2
1375,191,1,2
1375,192,1,2
1375,193,1,2
1375,194,1,2
1375,195,1,2
1375,196,1,2
1375,197,1,2
1375,198,1,2
1375,199,1,2
1375,200,1,2
1375,201,1,2
1375,202,1,2
1375,203,1,2
1375,204,1,2
1375,205,1,2
1375,206,1,2
1375,207,1,2
1375,208,1,2
1375,209,1,2
1375,210,1,2
1375,211,1,2
1375,212,1,2
1375,213,1,2
1375,214,1,2
1375,215,1,2
1375,216,1,2
1375,217,1,2
1375,218,1,2
1375,219,1,2
1375,220,1,2
1375,221,1,2
1375,222,1,2
1375,223,1,2
1375,224,1,2
1375,225,1,2
1375,226,1,2
1375,227,1,2
1375,228,1,2
1375,229,1,2
1375,230,1,2
1375,231,1,2
1375,232,1,2
1375,233,1,2
1375,234,1,2
1375,235,1,2
1375,236,1,2
1375,237,1,2
1375,238,1,2
1375,239,1,2
1375,240,1,2
1375,241,1,2
1375,242,1,2
1375,243,1,2
1375,244,1,2
1375,245,1,2
1375,246,1,2
1375,247,1,2
1375,248,1,2
1375,249,1,2
1375,250,1,2
1375,251,1,2
1375,252,1,2
1375,253,1,2
1375,254,1,2
1375,255,1,2
1375,256,1,2
1375,257,1,2
1375,258,1,2
1375,259,1,2
1375,260,1,2
1375,261,1,2
1375,262,1,2
1375,263,1,2
1375,264,1,2
1375,265,1,2
1375,266,1,2
1375,267,1,2
1375,268,1,2
1375,269,1,2
1375,270,1,2
1375,271,1,2
1375,272,1,2
1375,273,1,2
1375,274,1,2
1375,275,1,2
1375,276,1,2
1375,277,1,2
1375,278,1,2
1375,279,1,2
1375,280,1,2
1375,281,1,2
1375,282,1,2
1375,283,1,2
1375,284,1,2
1375,285,1,2
1375,286,1,2
1375,287,1,2
1375,288,1,2
1375,289,1,2
1375,290,1,2
1375,291,1,2
1375,292,1,2
1375,293,1,2
1375,294,1,2
1375,295,1,2
1375,296,1,2
1375,297,1,2
1375,298,1,2
1375,299,1,2
1375,300,1,2
1375,301,1,2
1375,302,1,2
1375,303,1,2
1375,304,1,2
1375,305,1,2
1375,306,1,2
1375,307,1,2
1375,308,1,2
1375,309,1,2
1375,310,1,2
1375,311,1,2
1375,312,1,2
1375,313,1,2
1375,314,1,2
1375,315,1,2
1375,316,1,2
1375,317,1,2
1375,318,1,2
1375,319,1,2
1375,320,1,2
1375,321,1,2
1375,322,1,2
1375,323,1,2
1375,324,1,2
1375,325,1,2
1375,326,1,2
1375,327,1,2
1375,328,1,2
1375,329,1,2
1375,330,1,2
1375,331,1,2
1375,332,1,2
1375,333,1,2
1375,334,1,2
1375,335,1,2
1375,336,1,2
1375,337,1,2
1375,338,1,2
1375,339,1,2
1375,340,1,2
1375,341,1,2
1375,342,1,2
1375,343,1,2
1375,344,1,2
1375,345,1,2
1375,346,1,2
1375,347,1,2
1375,348,1,2
1375,349,1,2
1375,350,1,2
1375,351,1,2
1375,352,1,2
1375,353,1,2
1375,354,1,2
1375,355,1,2
1375,356,1,2
1375,357,1,2
1375,358,1,2
1375,359,1,2
1375,360,1,2
1375,361,1,2
1375,362,1,2
1375,363,1,2
1375,364,1,2
1375,365,1,2
1375,366,1,2
1375,367,1,2
1375,368,1,2
1375,369,1,2
1375,370,1,2
1375,371,1,2
1375,372,1,2
1375,373,1,2
1375,374,1,2
1375,375,1,2
1375,376,1,2
1375,377,1,2
1375,378,1,2
1375,379,1,2
1375,380,1,2
1375,381,1,2
1375,382,1,2
1375,383,1,2
1375,384,1,2
1375,385,1,2
1375,386,1,2
1375,387,1,2
1375,388,1,2
1375,389,1,2
1375,390,1,2
1375,391,1,2
1375,392,1,2
1375,393,1,2
1375,394,1,2
1375,395,1,2
1375,396,1,2
1375,397,1,2
1375,398,1,2
1375,399,1,2
1375,400,1,2
1375,401,1,2
1375,402,1,2
1375,403,1,2
1375,404,1,2
1375,405,1,2
1375,406,1,2
1375,407,1,2
1375,408,1,2
1375,409,1,2
1375,410,1,2
1375,411,1,2
1375,412,1,2
1375,413,1,2
1375,414,1,2
1375,415,1,2
1375,416,1,2
1375,417,1,2
1375,418,1,2
1375,419,1,2
1375,420,1,2
1375,421,1,2
1375,422,1,2
1375,423,1,2
1375,424,1,2
1375,425,1,2
1375,426,1,2
1375,427,1,2
1375,428,1,2
1375,429,1,2
1375,430,1,2
1375,431,1,2
1375,432,1,2
1375,433,1,2
1375,434,1,2
1375,435,1,2
1375,436,1,2
1375,437,1,2
1375,438,1,2
1375,439,1,2
1375,440,1,2
1375,441,1,2
1375,442,1,2
1375,443,1,2
1375,444,1,2
1375,445,1,2
1375,446,1,2
1375,447,1,2
1375,448,1,2
1375,449,1,2
1375,450,1,2
1375,451,1,2
1375,452,1,2
1375,453,1,2
1375,454,1,2
1375,455,1,2
1375,456,1,2
1375,457,1,2
1375,458,1,2
1375,459,1,2
1375,460,1,2
1375,461,1,2
1375,462,1,2
1375,463,1,2
1375,464,1,2
1375,465,1,2
1375,466,1,2
1376,109,1,2
1376,110,1,2
1376,111,1,2
1376,112,1,3
1376,113,1,3
1376,114,1,3
1376,115,1,3
1376,116,1,3
1376,117,1,3
1376,118,1,3
1376,119,1,3
1376,120,1,3
1376,121,1,3
1376,122,1,3
1376,123,1,3
1376,124,1,3
1376,125,1,3
1376,126,1,3
1376,127,1,3
1376,128,1,3
1376,129,1,3
1376,130,1,3
1376,131,1,3
1376,132,1,3
1376,133,1,3
1376,134,1,3
1376,135,1,3
1376,136,1,3
1376,137,1,3
1376,138,1,3
1376,139,1,3
1376,140,1,3
1376,141,1,3
1376,142,1,3
1376,143,1,2
1376,144,1,2
1376,145,1,2
1376,146,1,2
1376,147,1,2
1376,148,1,2
1376,149,1,2
1376,150,1,2
1376,151,1,2
1376,152,1,2
1376,153,1,2
1376,154,1,2
1376,155,1,2
1376,156,1,2
1376,157,1,2
1376,158,1,2
1376,159,1,2
1376,160,1,2
1376,161,1,2
1376,162,1,2
1376,163,1,2
1376,164,1,2
1376,165,1,2
1376,166,1,2
1376,167,1,2
1376,168,1,2
1376,169,1,2
1376,170,1,2
1376,171,1,2
1376,172,1,2
1376,173,1,2
1376,174,1,2
1376,175,1,2
1376,176,1,2
1376,177,1,2
1376,178,1,2
1376,179,1,2
1376,180,1,2
1376,181,1,2
1376,182,1,2
1376,183,1,2
1376,184,1,2
1376,185,1,2
1376,186,1,2
1376,187,1,2
1376,188,1,2
1376,189,1,2
1376,190,1,2
1376,191,1,2
1376,192,1,2
1376,193,1,2
1376,194,1,2
1376,195,1,2
1376,196,1,2
1376,197,1,2
1376,198,1,2
1376,199,1,2
1376,200,1,2
1376,201,1,2
1376,202,1,2
1376,203,1,2
1376,204,1,2
1376,205,1,2
1376,206,1,2
1376,207,1,2
1376,208,1,2
1376,209,1,2
1376,210,1,2
1376,211,1,2
1376,212,1,2
1376,213,1,2
1376,214,1,2
1376,215,1,2
1376,216,1,2
1376,217,1,2
1376,218,1,2
1376,219,1,2
1376,220,1,2
1376,221,1,2
1376,222,1,2
1376,223,1,2
1376,224,1,2
1376,225,1,2
1376,226,1,2
1376,227,1,2
1376,228,1,2
1376,229,1,2
1376,230,1,2
1376,231,1,2
1376,232,1,2
1376,233,1,2
1376,234,1,2
1376,235,1,2
1376,236,1,2
1376,237,1,2
1376,238,1,2
1376,239,1,2
1376,240,1,2
1376,241,1,2
1376,242,1,2
1376,243,1,2
1376,244,1,2
1376,245,1,2
1376,246,1,2
1376,247,1,2
1376,248,1,2
1376,249,1,2
1376,250,1,2
1376,251,1,2
1376,252,1,2
1376,253,1,2
1376,254,1,2
1376,255,1,2
1376,256,1,2
1376,257,1,2
1376,258,1,2
1376,259,1,2
1376,260,1,2
1376,261,1,2
1376,262,1,2
1376,263,1,2
1376,264,1,2
1376,265,1,2
1376,266,1,2
1376,267,1,2
1376,268,1,2
1376,269,1,2
1376,270,1,2
1376,271,1,2
1376,272,1,2
1376,273,1,2
1376,274,1,2
1376,275,1,2
1376,276,1,2
1376,277,1,2
1376,278,1,2
1376,279,1,2
1376,280,1,2
1376,281,1,2
1376,282,1,2
1376,283,1,2
1376,284,1,2
1376,285,1,2
1376,286,1,2
1376,287,1,2
1376,288,1,2
1376,289,1,2
1376,290,1,2
1376,291,1,2
1376,292,1,2
1376,293,1,2
1376,294,1,2
1376,295,1,2
1376,296,1,2
1376,297,1,2
1376,298,1,2
1376,299,1,2
1376,300,1,2
1376,301,1,2
1376,302,1,2
1376,303,1,2
1376,304,1,2
1376,305,1,2
1376,306,1,2
1376,307,1,2
1376,308,1,2
1376,309,1,2
1376,310,1,2
1376,311,1,2
1376,312,1,2
1376,313,1,2
1376,314,1,2
1376,315,1,2
1376,316,1,2
1376,317,1,2
1376,318,1,2
1376,319,1,2
1376,320,1,2
1376,321,1,2
1376,322,1,2
1376,323,1,2
1376,324,1,2
1376,325,1,2
1376,326,1,2
1376,327,1,2
1376,328,1,2
1376,329,1,2
1376,330,1,2
1376,331,1,2
1376,332,1,2
1376,333,1,2
1376,334,1,2
1376,335,1,2
1376,336,1,2
1376,337,1,2
1376,338,1,2
1376,339,1,2
1376,340,1,2
1376,341,1,2
1376,342,1,2
1376,343,1,2
1376,344,1,2
1376,345,1,2
1376,346,1,2
1376,347,1,2
1376,348,1,2
1376,349,1,2
1376,350,1,2
1376,351,1,2
1376,352,1,2
1376,353,1,2
1376,354,1,2
1376,355,1,2
1376,356,1,2
1376,357,1,2
1376,358,1,2
1376,359,1,2
1376,360,1,2
1376,361,1,2
1376,362,1,2
1376,363,1,2
1376,364,1,2
1376,365,1,2
1376,366,1,2
1376,367,1,2
1376,368,1,2
1376,369,1,2
1376,370,1,2
1376,371,1,2
1376,372,1,2
1376,373,1,2
1376,374,1,2
1376,375,1,2
1376,376,1,2
1376,377,1,2
1376,378,1,2
1376,379,1,2
1376,380,1,2
1376,381,1,2
1376,382,1,2
1376,383,1,2
1376,384,1,2
1376,385,1,2
1376,386,1,2
1376,387,1,2
1376,388,1,2
1376,389,1,2
1376,390,1,2
1376,391,1,2
1376,392,1,2
1376,393,1,2
1376,394,1,2
1376,395,1,2
1376,396,1,2
1376,397,1,2
1376,398,1,2
1376,399,1,2
1376,400,1,2
1376,401,1,2
1376,402,1,2
1376,403,1,2
1376,404,1,2
1376,405,1,2
1376,406,1,2
1376,407,1,2
1376,408,1,2
1376,409,1,2
1376,410,1,2
1376,411,1,2
1376,412,1,2
1376,413,1,2
1376,414,1,2
1376,415,1,2
1376,416,1,2
1376,417,1,2
1376,418,1,2
1376,419,1,2
1376,420,1,2
1376,421,1,2
1376,422,1,2
1376,423,1,2
1376,424,1,2
1376,425,1,2
1376,426,1,2
1376,427,1,2
1376,428,1,2
1376,429,1,2
1376,430,1,2
1376,431,1,2
1376,432,1,2
1376,433,1,2
1376,434,1,2
1376,435,1,2
1376,436,1,2
1376,437,1,2
1376,438,1,2
1376,439,1,2
1376,440,1,2
1376,441,1,2
1376,442,1,2
1376,443,1,2
1376,444,1,2
1376,445,1,2
1376,446,1,2
1376,447,1,2
1376,448,1,2
1376,449,1,2
1376,450,1,2
1376,451,1,2
1376,452,1,2
1376,453,1,2
1376,454,1,2
1376,455,1,2
1376,456,1,2
1376,457,1,2
1376,458,1,2
1376,459,1,2
1376,460,1,2
1376,461,1,2
1376,462,1,2
1376,463,1,2
1376,464,1,2
1376,465,1,2
1376,466,1,2
1377,109,1,2
1377,110,1,2
1377,111,1,2
1377,112,1,3
1377,113,1,3
1377,114,1,3
1377,115,1,3
1377,116,1,3
1377,117,1,3
1377,118,1,3
1377,119,1,3
1377,120,1,3
1377,121,1,3
1377,122,1,3
1377,123,1,3
1377,124,1,3
1377,125,1,3
1377,126,1,3
1377,127,1,3
1377,128,1,3
1377,129,1,3
1377,130,1,3
1377,131,1,3
1377,132,1,3
1377,133,1,3
1377,134,1,3
1377,135,1,3
1377,136,1,3
1377,137,1,3
1377,138,1,3
1377,139,1,3
1377,140,1,3
1377,141,1,3
1377,142,1,2
1377,143,1,2
1377,144,1,2
1377,145,1,2
1377,146,1,2
1377,147,1,2
1377,148,1,2
1377,149,1,2
1377,150,1,2
1377,151,1,2
1377,152,1,2
1377,153,1,2
1377,154,1,2
1377,155,1,2
1377,156,1,2
1377,157,1,2
1377,158,1,2
1377,159,1,2
1377,160,1,2
1377,161,1,2
1377,162,1,2
1377,163,1,2
1377,164,1,2
1377,165,1,2
1377,166,1,2
1377,167,1,2
1377,168,1,2
1377,169,1,2
1377,170,1,2
1377,171,1,2
1377,172,1,2
1377,173,1,2
1377,174,1,2
1377,175,1,2
1377,176,1,2
1377,177,1,2
1377,178,1,2
1377,179,1,2
1377,180,1,2
1377,181,1,2
1377,182,1,2
1377,183,1,2
1377,184,1,2
1377,185,1,2
1377,186,1,2
1377,187,1,2
1377,188,1,2
1377,189,1,2
1377,190,1,2
1377,191,1,2
1377,192,1,2
1377,193,1,2
1377,194,1,2
1377,195,1,2
1377,196,1,2
1377,197,1,2
1377,198,1,2
1377,199,1,2
1377,200,1,2
1377,201,1,2
1377,202,1,2
1377,203,1,2
1377,204,1,2
1377,205,1,2
1377,206,1,2
1377,207,1,2
1377,208,1,2
1377,209,1,2
1377,210,1,2
1377,211,1,2
1377,212,1,2
1377,213,1,2
1377,214,1,2
1377,215,1,2
1377,216,1,2
1377,217,1,2
1377,218,1,2
1377,219,1,2
1377,220,1,2
1377,221,1,2
1377,222,1,2
1377,223,1,2
1377,224,1,2
1377,225,1,2
1377,226,1,2
1377,227,1,2
1377,228,1,2
1377,229,1,2
1377,230,1,2
1377,231,1,2
1377,232,1,2
1377,233,1,2
1377,234,1,2
1377,235,1,2
1377,236,1,2
1377,237,1,2
1377,238,1,2
1377,239,1,2
1377,240,1,2
1377,241,1,2
1377,242,1,2
1377,243,1,2
1377,244,1,2
1377,245,1,2
1377,246,1,2
1377,247,1,2
1377,248,1,2
1377,249,1,2
1377,250,1,2
1377,251,1,2
1377,252,1,2
1377,253,1,2
1377,254,1,2
1377,255,1,2
1377,256,1,2
1377,257,1,2
1377,258,1,2
1377,259,1,2
1377,260,1,2
1377,261,1,2
1377,262,1,2
1377,263,1,2
1377,264,1,2
1377,265,1,2
1377,266,1,2
1377,267,1,2
1377,268,1,2
1377,269,1,2
1377,270,1,2
1377,271,1,2
1377,272,1,2
1377,273,1,2
1377,274,1,2
1377,275,1,2
1377,276,1,2
1377,277,1,2
1377,278,1,2
1377,279,1,2
1377,280,1,2
1377,281,1,2
1377,282,1,2
1377,283,1,2
1377,284,1,2
1377,285,1,2
1377,286,1,2
1377,287,1,2
1377,288,1,2
1377,289,1,2
1377,290,1,2
1377,291,1,2
1377,292,1,2
1377,293,1,2
1377,294,1,2
1377,295,1,2
1377,296,1,2
1377,297,1,2
1377,298,1,2
1377,299,1,2
1377,300,1,2
1377,301,1,2
1377,302,1,2
1377,303,1,2
1377,304,1,2
1377,305,1,2
1377,306,1,2
1377,307,1,2
1377,308,1,2
1377,309,1,2
1377,310,1,2
1377,311,1,2
1377,312,1,2
1377,313,1,2
1377,314,1,2
1377,315,1,2
1377,316,1,2
1377,317,1,2
1377,318,1,2
1377,319,1,2
1377,320,1,2
1377,321,1,2
1377,322,1,2
1377,323,1,2
1377,324,1,2
1377,325,1,2
1377,326,1,2
1377,327,1,2
1377,328,1,2
1377,329,1,2
1377,330,1,2
1377,331,1,2
1377,332,1,2
1377,333,1,2
1377,334,1,2
1377,335,1,2
1377,336,1,2
1377,337,1,2
1377,338,1,2
1377,339,1,2
1377,340,1,2
1377,341,1,2
1377,342,1,2
1377,343,1,2
1377,344,1,2
1377,345,1,2
1377,346,1,2
1377,347,1,2
1377,348,1,2
1377,349,1,2
1377,350,1,2
1377,351,1,2
1377,352,1,2
1377,353,1,2
1377,354,1,2
1377,355,1,2
1377,356,1,2
1377,357,1,2
1377,358,1,2
1377,359,1,2
1377,360,1,2
1377,361,1,2
1377,362,1,2
1377,363,1,2
1377,364,1,2
1377,365,1,2
1377,366,1,2
1377,367,1,2
1377,368,1,2
1377,369,1,2
1377,370,1,2
1377,371,1,2
1377,372,1,2
1377,373,1,2
1377,374,1,2
1377,375,1,2
1377,376,1,2
1377,377,1,2
1377,378,1,2
1377,379,1,2
1377,380,1,2
1377,381,1,2
1377,382,1,2
1377,383,1,2
1377,384,1,2
1377,385,1,2
1377,386,1,2
1377,387,1,2
1377,388,1,2
1377,389,1,2
1377,390,1,2
1377,391,1,2
1377,392,1,2
1377,393,1,2
1377,394,1,2
1377,395,1,2
1377,396,1,2
1377,397,1,2
1377,398,1,2
1377,399,1,2
1377,400,1,2
1377,401,1,2
1377,402,1,2
1377,403,1,2
1377,404,1,2
1377,405,1,2
1377,406,1,2
1377,407,1,2
1377,408,1,2
1377,409,1,2
1377,410,1,2
1377,411,1,2
1377,412,1,2
1377,413,1,2
1377,414,1,2
1377,415,1,2
1377,416,1,2
1377,417,1,2
1377,418,1,2
1377,419,1,2
1377,420,1,2
1377,421,1,2
1377,422,1,2
1377,423,1,2
1377,424,1,2
1377,425,1,2
1377,426,1,2
1377,427,1,2
1377,428,1,2
1377,429,1,2
1377,430,1,2
1377,431,1,2
1377,432,1,2
1377,433,1,2
1377,434,1,2
1377,435,1,2
1377,436,1,2
1377,437,1,2
1377,438,1,2
1377,439,1,2
1377,440,1,2
1377,441,1,2
1377,442,1,2
1377,443,1,2
1377,444,1,2
1377,445,1,2
1377,446,1,2
1377,447,1,2
1377,448,1,2
1377,449,1,2
1377,450,1,2
1377,451,1,2
1377,452,1,2
1377,453,1,2
1377,454,1,2
1377,455,1,2
1377,456,1,2
1377,457,1,2
1377,458,1,2
1377,459,1,2
1377,460,1,2
1377,461,1,2
1377,462,1,2
1377,463,1,2
1377,464,1,2
1377,465,1,2
1377,466,1,2
1378,110,1,2
1378,111,1,2
1378,112,1,3
1378,113,1,3
1378,114,1,3
1378,115,1,3
1378,116,1,3
1378,117,1,3
1378,118,1,3
1378,119,1,3
1378,120,1,3
1378,121,1,3
1378,122,1,3
1378,123,1,3
1378,124,1,3
1378,125,1,3
1378,126,1,3
1378,127,1,3
1378,128,1,3
1378,129,1,3
1378,130,1,3
1378,131,1,3
1378,132,1,3
1378,133,1,3
1378,134,1,3
1378,135,1,3
1378,136,1,3
1378,137,1,3
1378,138,1,3
1378,139,1,3
1378,140,1,3
1378,141,1,3
1378,142,1,2
1378,143,1,2
1378,144,1,2
1378,145,1,2
1378,146,1,2
1378,147,1,2
1378,148,1,2
1378,149,1,2
1378,150,1,2
1378,151,1,2
1378,152,1,2
1378,153,1,2
1378,154,1,2
1378,155,1,2
1378,156,1,2
1378,157,1,2
1378,158,1,2
1378,159,1,2
1378,160,1,2
1378,161,1,2
1378,162,1,2
1378,163,1,2
1378,164,1,2
1378,165,1,2
1378,166,1,2
1378,167,1,2
1378,168,1,2
1378,169,1,2
1378,170,1,2
1378,171,1,2
1378,172,1,2
1378,173,1,2
1378,174,1,2
1378,175,1,2
1378,176,1,2
1378,177,1,2
1378,178,1,2
1378,179,1,2
1378,180,1,2
1378,181,1,2
1378,182,1,2
1378,183,1,2
1378,184,1,2
1378,185,1,2
1378,186,1,2
1378,187,1,2
1378,188,1,2
1378,189,1,2
1378,190,1,2
1378,191,1,2
1378,192,1,2
1378,193,1,2
1378,194,1,2
1378,195,1,2
1378,196,1,2
1378,197,1,2
1378,198,1,2
1378,199,1,2
1378,200,1,2
1378,201,1,2
1378,202,1,2
1378,203,1,2
1378,204,1,2
1378,205,1,2
1378,206,1,2
1378,207,1,2
1378,208,1,2
1378,209,1,2
1378,210,1,2
1378,211,1,2
1378,212,1,2
1378,213,1,2
1378,214,1,2
1378,215,1,2
1378,216,1,2
1378,217,1,2
1378,218,1,2
1378,219,1,2
1378,220,1,2
1378,221,1,2
1378,222,1,2
1378,223,1,2
1378,224,1,2
1378,225,1,2
1378,226,1,2
1378,227,1,2
1378,228,1,2
1378,229,1,2
1378,230,1,2
1378,231,1,2
1378,232,1,2
1378,233,1,2
1378,234,1,2
1378,235,1,2
1378,236,1,2
1378,237,1,2
1378,238,1,2
1378,239,1,2
1378,240,1,2
1378,241,1,2
1378,242,1,2
1378,243,1,2
1378,244,1,2
1378,245,1,2
1378,246,1,2
1378,247,1,2
1378,248,1,2
1378,249,1,2
1378,250,1,2
1378,251,1,2
1378,252,1,2
1378,253,1,2
1378,254,1,2
1378,255,1,2
1378,256,1,2
1378,257,1,2
1378,258,1,2
1378,259,1,2
1378,260,1,2
1378,261,1,2
1378,262,1,2
1378,263,1,2
1378,264,1,2
1378,265,1,2
1378,266,1,2
1378,267,1,2
1378,268,1,2
1378,269,1,2
1378,270,1,2
1378,271,1,2
1378,272,1,2
1378,273,1,2
1378,274,1,2
1378,275,1,2
1378,276,1,2
1378,277,1,2
1378,278,1,2
1378,279,1,2
1378,280,1,2
1378,281,1,2
1378,282,1,2
1378,283,1,2
1378,284,1,2
1378,285,1,2
1378,286,1,2
1378,287,1,2
1378,288,1,2
1378,289,1,2
1378,290,1,2
1378,291,1,2
1378,292,1,2
1378,293,1,2
1378,294,1,2
1378,295,1,2
1378,296,1,2
1378,297,1,2
1378,298,1,2
1378,299,1,2
1378,300,1,2
1378,301,1,2
1378,302,1,2
1378,303,1,2
1378,304,1,2
1378,305,1,2
1378,306,1,2
1378,307,1,2
1378,308,1,2
1378,309,1,2
1378,310,1,2
1378,311,1,2
1378,312,1,2
1378,313,1,2
1378,314,1,2
1378,315,1,2
1378,316,1,2
1378,317,1,2
1378,318,1,2
1378,319,1,2
1378,320,1,2
1378,321,1,2
1378,322,1,2
1378,323,1,2
1378,324,1,2
1378,325,1,2
1378,326,1,2
1378,327,1,2
1378,328,1,2
1378,329,1,2
1378,330,1,2
1378,331,1,2
1378,332,1,2
1378,333,1,2
1378,334,1,2
1378,335,1,2
1378,336,1,2
1378,337,1,2
1378,338,1,2
1378,339,1,2
1378,340,1,2
1378,341,1,2
1378,342,1,2
1378,343,1,2
1378,344,1,2
1378,345,1,2
1378,346,1,2
1378,347,1,2
1378,348,1,2
1378,349,1,2
1378,350,1,2
1378,351,1,2
1378,352,1,2
1378,353,1,2
1378,354,1,2
1378,355,1,2
1378,356,1,2
1378,357,1,2
1378,358,1,2
1378,359,1,2
1378,360,1,2
1378,361,1,2
1378,362,1,2
1378,363,1,2
1378,364,1,2
1378,365,1,2
1378,366,1,2
1378,367,1,2
1378,368,1,2
1378,369,1,2
1378,370,1,2
1378,371,1,2
1378,372,1,2
1378,373,1,2
1378,374,1,2
1378,375,1,2
1378,376,1,2
1378,377,1,2
1378,378,1,2
1378,379,1,2
1378,380,1,2
1378,381,1,2
1378,382,1,2
1378,383,1,2
1378,384,1,2
1378,385,1,2
1378,386,1,2
1378,387,1,2
1378,388,1,2
1378,389,1,2
1378,390,1,2
1378,391,1,2
1378,392,1,2
1378,393,1,2
1378,394,1,2
1378,395,1,2
1378,396,1,2
1378,397,1,2
1378,398,1,2
1378,399,1,2
1378,400,1,2
1378,401,1,2
1378,402,1,2
1378,403,1,2
1378,404,1,2
1378,405,1,2
1378,406,1,2
1378,407,1,2
1378,408,1,2
1378,409,1,2
1378,410,1,2
1378,411,1,2
1378,412,1,2
1378,413,1,2
1378,414,1,2
1378,415,1,2
1378,416,1,2
1378,417,1,2
1378,418,1,2
1378,419,1,2
1378,420,1,2
1378,421,1,2
1378,422,1,2
1378,423,1,2
1378,424,1,2
1378,425,1,2
1378,426,1,2
1378,427,1,2
1378,428,1,2
1378,429,1,2
1378,430,1,2
1378,431,1,2
1378,432,1,2
1378,433,1,2
1378,434,1,2
1378,435,1,2
1378,436,1,2
1378,437,1,2
1378,438,1,2
1378,439,1,2
1378,440,1,2
1378,441,1,2
1378,442,1,2
1378,443,1,2
1378,444,1,2
1378,445,1,2
1378,446,1,2
1378,447,1,2
1378,448,1,2
1378,449,1,2
1378,450,1,2
1378,451,1,2
1378,452,1,2
1378,453,1,2
1378,454,1,2
1378,455,1,2
1378,456,1,2
1378,457,1,2
1378,458,1,2
1378,459,1,2
1378,460,1,2
1378,461,1,2
1378,462,1,2
1378,463,1,2
1378,464,1,2
1378,465,1,2
1378,466,1,2
1379,110,1,2
1379,111,1,2
1379,112,1,3
1379,113,1,3
1379,114,1,3
1379,115,1,3
1379,116,1,3
1379,117,1,3
1379,118,1,3
1379,119,1,3
1379,120,1,3
1379,121,1,3
1379,122,1,3
1379,123,1,3
1379,124,1,3
1379,125,1,3
1379,126,1,3
1379,127,1,3
1379,128,1,3
1379,129,1,3
1379,130,1,3
1379,131,1,3
1379,132,1,3
1379,133,1,3
1379,134,1,3
1379,135,1,3
1379,136,1,3
1379,137,1,3
1379,138,1,3
1379,139,1,3
1379,140,1,3
1379,141,1,2
1379,142,1,2
1379,143,1,2
1379,144,1,2
1379,145,1,2
1379,146,1,2
1379,147,1,2
1379,148,1,2
1379,149,1,2
1379,150,1,2
1379,151,1,2
1379,152,1,2
1379,153,1,2
1379,154,1,2
1379,155,1,2
1379,156,1,2
1379,157,1,2
1379,158,1,2
1379,159,1,2
1379,160,1,2
1379,161,1,2
1379,162,1,2
1379,163,1,2
1379,164,1,2
1379,165,1,2
1379,166,1,2
1379,167,1,2
1379,168,1,2
1379,169,1,2
1379,170,1,2
1379,171,1,2
1379,172,1,2
1379,173,1,2
1379,174,1,2
1379,175,1,2
1379,176,1,2
1379,177,1,2
1379,178,1,2
1379,179,1,2
1379,180,1,2
1379,181,1,2
1379,182,1,2
1379,183,1,2
1379,184,1,2
1379,185,1,2
1379,186,1,2
1379,187,1,2
1379,188,1,2
1379,189,1,2
1379,190,1,2
1379,191,1,2
1379,192,1,2
1379,193,1,2
1379,194,1,2
1379,195,1,2
1379,196,1,2
1379,197,1,2
1379,198,1,2
1379,199,1,2
1379,200,1,2
1379,201,1,2
1379,202,1,2
1379,203,1,2
1379,204,1,2
1379,205,1,2
1379,206,1,2
1379,207,1,2
1379,208,1,2
1379,209,1,2
1379,210,1,2
1379,211,1,2
1379,212,1,2
1379,213,1,2
1379,214,1,2
1379,215,1,2
1379,216,1,2
1379,217,1,2
1379,218,1,2
1379,219,1,2
1379,220,1,2
1379,221,1,2
1379,222,1,2
1379,223,1,2
1379,224,1,2
1379,225,1,2
1379,226,1,2
1379,227,1,2
1379,228,1,2
1379,229,1,2
1379,230,1,2
1379,231,1,2
1379,232,1,2
1379,233,1,2
1379,234,1,2
1379,235,1,2
1379,236,1,2
1379,237,1,2
1379,238,1,2
1379,239,1,2
1379,240,1,2
1379,241,1,2
1379,242,1,2
1379,243,1,2
1379,244,1,2
1379,245,1,2
1379,246,1,2
1379,247,1,2
1379,248,1,2
1379,249,1,2
1379,250,1,2
1379,251,1,2
1379,252,1,2
1379,253,1,2
1379,254,1,2
1379,255,1,2
1379,256,1,2
1379,257,1,2
1379,258,1,2
1379,259,1,2
1379,260,1,2
1379,261,1,2
1379,262,1,2
1379,263,1,2
1379,264,1,2
1379,265,1,2
1379,266,1,2
1379,267,1,2
1379,268,1,2
1379,269,1,2
1379,270,1,2
1379,271,1,2
1379,272,1,2
1379,273,1,2
1379,274,1,2
1379,275,1,2
1379,276,1,2
1379,277,1,2
1379,278,1,2
1379,279,1,2
1379,280,1,2
1379,281,1,2
1379,282,1,2
1379,283,1,2
1379,284,1,2
1379,285,1,2
1379,286,1,2
1379,287,1,2
1379,288,1,2
1379,289,1,2
1379,290,1,2
1379,291,1,2
1379,292,1,2
1379,293,1,2
1379,294,1,2
1379,295,1,2
1379,296,1,2
1379,297,1,2
1379,298,1,2
1379,299,1,2
1379,300,1,2
1379,301,1,2
1379,302,1,2
1379,303,1,2
1379,304,1,2
1379,305,1,2
1379,306,1,2
1379,307,1,2
1379,308,1,2
1379,309,1,2
1379,310,1,2
1379,311,1,2
1379,312,1,2
1379,313,1,2
1379,314,1,2
1379,315,1,2
1379,316,1,2
1379,317,1,2
1379,318,1,2
1379,319,1,2
1379,320,1,2
1379,321,1,2
1379,322,1,2
1379,323,1,2
1379,324,1,2
1379,325,1,2
1379,326,1,2
1379,327,1,2
1379,328,1,2
1379,329,1,2
1379,330,1,2
1379,331,1,2
1379,332,1,2
1379,333,1,2
1379,334,1,2
1379,335,1,2
1379,336,1,2
1379,337,1,2
1379,338,1,2
1379,339,1,2
1379,340,1,2
1379,341,1,2
1379,342,1,2
1379,343,1,2
1379,344,1,2
1379,345,1,2
1379,346,1,2
1379,347,1,2
1379,348,1,2
1379,349,1,2
1379,350,1,2
1379,351,1,2
1379,352,1,2
1379,353,1,2
1379,354,1,2
1379,355,1,2
1379,356,1,2
1379,357,1,2
1379,358,1,2
1379,359,1,2
1379,360,1,2
1379,361,1,2
1379,362,1,2
1379,363,1,2
1379,364,1,2
1379,365,1,2
1379,366,1,2
1379,367,1,2
1379,368,1,2
1379,369,1,2
1379,370,1,2
1379,371,1,2
1379,372,1,2
1379,373,1,2
1379,374,1,2
1379,375,1,2
1379,376,1,2
1379,377,1,2
1379,378,1,2
1379,379,1,2
1379,380,1,2
1379,381,1,2
1379,382,1,2
1379,383,1,2
1379,384,1,2
1379,385,1,2
1379,386,1,2
1379,387,1,2
1379,388,1,2
1379,389,1,2
1379,390,1,2
1379,391,1,2
1379,392,1,2
1379,393,1,2
1379,394,1,2
1379,395,1,2
1379,396,1,2
1379,397,1,2
1379,398,1,2
1379,399,1,2
1379,400,1,2
1379,401,1,2
1379,402,1,2
1379,403,1,2
1379,404,1,2
1379,405,1,2
1379,406,1,2
1379,407,1,2
1379,408,1,2
1379,409,1,2
1379,410,1,2
1379,411,1,2
1379,412,1,2
1379,413,1,2
1379,414,1,2
1379,415,1,2
1379,416,1,2
1379,417,1,2
1379,418,1,2
1379,419,1,2
1379,420,1,2
1379,421,1,2
1379,422,1,2
1379,423,1,2
1379,424,1,2
1379,425,1,2
1379,426,1,2
1379,427,1,2
1379,428,1,2
1379,429,1,2
1379,430,1,2
1379,431,1,2
1379,432,1,2
1379,433,1,2
1379,434,1,2
1379,435,1,2
1379,436,1,2
1379,437,1,2
1379,438,1,2
1379,439,1,2
1379,440,1,2
1379,441,1,2
1379,442,1,2
1379,443,1,2
1379,444,1,2
1379,445,1,2
1379,446,1,2
1379,447,1,2
1379,448,1,2
1379,449,1,2
1379,450,1,2
1379,451,1,2
1379,452,1,2
1379,453,1,2
1379,454,1,2
1379,455,1,2
1379,456,1,2
1379,457,1,2
1379,458,1,2
1379,459,1,2
1379,460,1,2
1379,461,1,2
1379,462,1,2
1379,463,1,2
1379,464,1,2
1379,465,1,2
1379,466,1,2
1380,110,1,2
1380,111,1,2
1380,112,1,3
1380,113,1,3
1380,114,1,3
1380,115,1,3
1380,116,1,3
1380,117,1,3
1380,118,1,3
1380,119,1,3
1380,120,1,3
1380,121,1,3
1380,122,1,3
1380,123,1,3
1380,124,1,3
1380,125,1,3
1380,126,1,3
1380,127,1,3
1380,128,1,3
1380,129,1,3
1380,130,1,3
1380,131,1,3
1380,132,1,3
1380,133,1,3
1380,134,1,3
1380,135,1,3
1380,136,1,3
1380,137,1,3
1380,138,1,3
1380,139,1,3
1380,140,1,3
1380,141,1,2
1380,142,1,2
1380,143,1,2
1380,144,1,2
1380,145,1,2
1380,146,1,2
1380,147,1,2
1380,148,1,2
1380,149,1,2
1380,150,1,2
1380,151,1,2
1380,152,1,2
1380,153,1,2
1380,154,1,2
1380,155,1,2
1380,156,1,2
1380,157,1,2
1380,158,1,2
1380,159,1,2
1380,160,1,2
1380,161,1,2
1380,162,1,2
1380,163,1,2
1380,164,1,2
1380,165,1,2
1380,166,1,2
1380,167,1,2
1380,168,1,2
1380,169,1,2
1380,170,1,2
1380,171,1,2
1380,172,1,2
1380,173,1,2
1380,174,1,2
1380,175,1,2
1380,176,1,2
1380,177,1,2
1380,178,1,2
1380,179,1,2
1380,180,1,2
1380,181,1,2
1380,182,1,2
1380,183,1,2
1380,184,1,2
1380,185,1,2
1380,186,1,2
1380,187,1,2
1380,188,1,2
1380,189,1,2
1380,190,1,2
1380,191,1,2
1380,192,1,2
1380,193,1,2
1380,194,1,2
1380,195,1,2
1380,196,1,2
1380,197,1,2
1380,198,1,2
1380,199,1,2
1380,200,1,2
1380,201,1,2
1380,202,1,2
1380,203,1,2
1380,204,1,2
1380,205,1,2
1380,206,1,2
1380,207,1,2
1380,208,1,2
1380,209,1,2
1380,210,1,2
1380,211,1,2
1380,212,1,2
1380,213,1,2
1380,214,1,2
1380,215,1,2
1380,216,1,2
1380,217,1,2
1380,218,1,2
1380,219,1,2
1380,220,1,2
1380,221,1,2
1380,222,1,2
1380,223,1,2
1380,224,1,2
1380,225,1,2
1380,226,1,2
1380,227,1,2
1380,228,1,2
1380,229,1,2
1380,230,1,2
1380,231,1,2
1380,232,1,2
1380,233,1,2
1380,234,1,2
1380,235,1,2
1380,236,1,2
1380,237,1,2
1380,238,1,2
1380,239,1,2
1380,240,1,2
1380,241,1,2
1380,242,1,2
1380,243,1,2
1380,244,1,2
1380,245,1,2
1380,246,1,2
1380,247,1,2
1380,248,1,2
1380,249,1,2
1380,250,1,2
1380,251,1,2
1380,252,1,2
1380,253,1,2
1380,254,1,2
1380,255,1,2
1380,256,1,2
1380,257,1,2
1380,258,1,2
1380,259,1,2
1380,260,1,2
1380,261,1,2
1380,262,1,2
1380,263,1,2
1380,264,1,2
1380,265,1,2
1380,266,1,2
1380,267,1,2
1380,268,1,2
1380,269,1,2
1380,270,1,2
1380,271,1,2
1380,272,1,2
1380,273,1,2
1380,274,1,2
1380,275,1,2
1380,276,1,2
1380,277,1,2
1380,278,1,2
1380,279,1,2
1380,280,1,2
1380,281,1,2
1380,282,1,2
1380,283,1,2
1380,284,1,2
1380,285,1,2
1380,286,1,2
1380,287,1,2
1380,288,1,2
1380,289,1,2
1380,290,1,2
1380,291,1,2
1380,292,1,2
1380,293,1,2
1380,294,1,2
1380,295,1,2
1380,296,1,2
1380,297,1,2
1380,298,1,2
1380,299,1,2
1380,300,1,2
1380,301,1,2
1380,302,1,2
1380,303,1,2
1380,304,1,2
1380,305,1,2
1380,306,1,2
1380,307,1,2
1380,308,1,2
1380,309,1,2
1380,310,1,2
1380,311,1,2
1380,312,1,2
1380,313,1,2
1380,314,1,2
1380,315,1,2
1380,316,1,2
1380,317,1,2
1380,318,1,2
1380,319,1,2
1380,320,1,2
1380,321,1,2
1380,322,1,2
1380,323,1,2
1380,324,1,2
1380,325,1,2
1380,326,1,2
1380,327,1,2
1380,328,1,2
1380,329,1,2
1380,330,1,2
1380,331,1,2
1380,332,1,2
1380,333,1,2
1380,334,1,2
1380,335,1,2
1380,336,1,2
1380,337,1,2
1380,338,1,2
1380,339,1,2
1380,340,1,2
1380,341,1,2
1380,342,1,2
1380,343,1,2
1380,344,1,2
1380,345,1,2
1380,346,1,2
1380,347,1,2
1380,348,1,2
1380,349,1,2
1380,350,1,2
1380,351,1,2
1380,352,1,2
1380,353,1,2
1380,354,1,2
1380,355,1,2
1380,356,1,2
1380,357,1,2
1380,358,1,2
1380,359,1,2
1380,360,1,2
1380,361,1,2
1380,362,1,2
1380,363,1,2
1380,364,1,2
1380,365,1,2
1380,366,1,2
1380,367,1,2
1380,368,1,2
1380,369,1,2
1380,370,1,2
1380,371,1,2
1380,372,1,2
1380,373,1,2
1380,374,1,2
1380,375,1,2
1380,376,1,2
1380,377,1,2
1380,378,1,2
1380,379,1,2
1380,380,1,2
1380,381,1,2
1380,382,1,2
1380,383,1,2
1380,384,1,2
1380,385,1,2
1380,386,1,2
1380,387,1,2
1380,388,1,2
1380,389,1,2
1380,390,1,2
1380,391,1,2
1380,392,1,2
1380,393,1,2
1380,394,1,2
1380,395,1,2
1380,396,1,2
1380,397,1,2
1380,398,1,2
1380,399,1,2
1380,400,1,2
1380,401,1,2
1380,402,1,2
1380,403,1,2
1380,404,1,2
1380,405,1,2
1380,406,1,2
1380,407,1,2
1380,408,1,2
1380,409,1,2
1380,410,1,2
1380,411,1,2
1380,412,1,2
1380,413,1,2
1380,414,1,2
1380,415,1,2
1380,416,1,2
1380,417,1,2
1380,418,1,2
1380,419,1,2
1380,420,1,2
1380,421,1,2
1380,422,1,2
1380,423,1,2
1380,424,1,2
1380,425,1,2
1380,426,1,2
1380,427,1,2
1380,428,1,2
1380,429,1,2
1380,430,1,2
1380,431,1,2
1380,432,1,2
1380,433,1,2
1380,434,1,2
1380,435,1,2
1380,436,1,2
1380,437,1,2
1380,438,1,2
1380,439,1,2
1380,440,1,2
1380,441,1,2
1380,442,1,2
1380,443,1,2
1380,444,1,2
1380,445,1,2
1380,446,1,2
1380,447,1,2
1380,448,1,2
1380,449,1,2
1380,450,1,2
1380,451,1,2
1380,452,1,2
1380,453,1,2
1380,454,1,2
1380,455,1,2
1380,456,1,2
1380,457,1,2
1380,458,1,2
1380,459,1,2
1380,460,1,2
1380,461,1,2
1380,462,1,2
1380,463,1,2
1380,464,1,2
1380,465,1,2
1380,466,1,2
1381,110,1,2
1381,111,1,2
1381,112,1,2
1381,113,1,3
1381,114,1,3
1381,115,1,3
1381,116,1,3
1381,117,1,3
1381,118,1,3
1381,119,1,3
1381,120,1,3
1381,121,1,3
1381,122,1,3
1381,123,1,3
1381,124,1,3
1381,125,1,3
1381,126,1,3
1381,127,1,3
1381,128,1,3
1381,129,1,3
1381,130,1,3
1381,131,1,3
1381,132,1,3
1381,133,1,3
1381,134,1,3
1381,135,1,3
1381,136,1,3
1381,137,1,3
1381,138,1,3
1381,139,1,3
1381,140,1,3
1381,141,1,2
1381,142,1,2
1381,143,1,2
1381,144,1,2
1381,145,1,2
1381,146,1,2
1381,147,1,2
1381,148,1,2
1381,149,1,2
1381,150,1,2
1381,151,1,2
1381,152,1,2
1381,153,1,2
1381,154,1,2
1381,155,1,2
1381,156,1,2
1381,157,1,2
1381,158,1,2
1381,159,1,2
1381,160,1,2
1381,161,1,2
1381,162,1,2
1381,163,1,2
1381,164,1,2
1381,165,1,2
1381,166,1,2
1381,167,1,2
1381,168,1,2
1381,169,1,2
1381,170,1,2
1381,171,1,2
1381,172,1,2
1381,173,1,2
1381,174,1,2
1381,175,1,2
1381,176,1,2
1381,177,1,2
1381,178,1,2
1381,179,1,2
1381,180,1,2
1381,181,1,2
1381,182,1,2
1381,183,1,2
1381,184,1,2
1381,185,1,2
1381,186,1,2
1381,187,1,2
1381,188,1,2
1381,189,1,2
1381,190,1,2
1381,191,1,2
1381,192,1,2
1381,193,1,2
1381,194,1,2
1381,195,1,2
1381,196,1,2
1381,197,1,2
1381,198,1,2
1381,199,1,2
1381,200,1,2
1381,201,1,2
1381,202,1,2
1381,203,1,2
1381,204,1,2
1381,205,1,2
1381,206,1,2
1381,207,1,2
1381,208,1,2
1381,209,1,2
1381,210,1,2
1381,211,1,2
1381,212,1,2
1381,213,1,2
1381,214,1,2
1381,215,1,2
1381,216,1,2
1381,217,1,2
1381,218,1,2
1381,219,1,2
1381,220,1,2
1381,221,1,2
1381,222,1,2
1381,223,1,2
1381,224,1,2
1381,225,1,2
1381,226,1,2
1381,227,1,2
1381,228,1,2
1381,229,1,2
1381,230,1,2
1381,231,1,2
1381,232,1,2
1381,233,1,2
1381,234,1,2
1381,235,1,2
1381,236,1,2
1381,237,1,2
1381,238,1,2
1381,239,1,2
1381,240,1,2
1381,241,1,2
1381,242,1,2
1381,243,1,2
1381,244,1,2
1381,245,1,2
1381,246,1,2
1381,247,1,2
1381,248,1,2
1381,249,1,2
1381,250,1,2
1381,251,1,2
1381,252,1,2
1381,253,1,2
1381,254,1,2
1381,255,1,2
1381,256,1,2
1381,257,1,2
1381,258,1,2
1381,259,1,2
1381,260,1,2
1381,261,1,2
1381,262,1,2
1381,263,1,2
1381,264,1,2
1381,265,1,2
1381,266,1,2
1381,267,1,2
1381,268,1,2
1381,269,1,2
1381,270,1,2
1381,271,1,2
1381,272,1,2
1381,273,1,2
1381,274,1,2
1381,275,1,2
1381,276,1,2
1381,277,1,2
1381,278,1,2
1381,279,1,2
1381,280,1,2
1381,281,1,2
1381,282,1,2
1381,283,1,2
1381,284,1,2
1381,285,1,2
1381,286,1,2
1381,287,1,2
1381,288,1,2
1381,289,1,2
1381,290,1,2
1381,291,1,2
1381,292,1,2
1381,293,1,2
1381,294,1,2
1381,295,1,2
1381,296,1,2
1381,297,1,2
1381,298,1,2
1381,299,1,2
1381,300,1,2
1381,301,1,2
1381,302,1,2
1381,303,1,2
1381,304,1,2
1381,305,1,2
1381,306,1,2
1381,307,1,2
1381,308,1,2
1381,309,1,2
1381,310,1,2
1381,311,1,2
1381,312,1,2
1381,313,1,2
1381,314,1,2
1381,315,1,2
1381,316,1,2
1381,317,1,2
1381,318,1,2
1381,319,1,2
1381,320,1,2
1381,321,1,2
1381,322,1,2
1381,323,1,2
1381,324,1,2
1381,325,1,2
1381,326,1,2
1381,327,1,2
1381,328,1,2
1381,329,1,2
1381,330,1,2
1381,331,1,2
1381,332,1,2
1381,333,1,2
1381,334,1,2
1381,335,1,2
1381,336,1,2
1381,337,1,2
1381,338,1,2
1381,339,1,2
1381,340,1,2
1381,341,1,2
1381,342,1,2
1381,343,1,2
1381,344,1,2
1381,345,1,2
1381,346,1,2
1381,347,1,2
1381,348,1,2
1381,349,1,2
1381,350,1,2
1381,351,1,2
1381,352,1,2
1381,353,1,2
1381,354,1,2
1381,355,1,2
1381,356,1,2
1381,357,1,2
1381,358,1,2
1381,359,1,2
1381,360,1,2
1381,361,1,2
1381,362,1,2
1381,363,1,2
1381,364,1,2
1381,365,1,2
1381,366,1,2
1381,367,1,2
1381,368,1,2
1381,369,1,2
1381,370,1,2
1381,371,1,2
1381,372,1,2
1381,373,1,2
1381,374,1,2
1381,375,1,2
1381,376,1,2
1381,377,1,2
1381,378,1,2
1381,379,1,2
1381,380,1,2
1381,381,1,2
1381,382,1,2
1381,383,1,2
1381,384,1,2
1381,385,1,2
1381,386,1,2
1381,387,1,2
1381,388,1,2
1381,389,1,2
1381,390,1,2
1381,391,1,2
1381,392,1,2
1381,393,1,2
1381,394,1,2
1381,395,1,2
1381,396,1,2
1381,397,1,2
1381,398,1,2
1381,399,1,2
1381,400,1,2
1381,401,1,2
1381,402,1,2
1381,403,1,2
1381,404,1,2
1381,405,1,2
1381,406,1,2
1381,407,1,2
1381,408,1,2
1381,409,1,2
1381,410,1,2
1381,411,1,2
1381,412,1,2
1381,413,1,2
1381,414,1,2
1381,415,1,2
1381,416,1,2
1381,417,1,2
1381,418,1,2
1381,419,1,2
1381,420,1,2
1381,421,1,2
1381,422,1,2
1381,423,1,2
1381,424,1,2
1381,425,1,2
1381,426,1,2
1381,427,1,2
1381,428,1,2
1381,429,1,2
1381,430,1,2
1381,431,1,2
1381,432,1,2
1381,433,1,2
1381,434,1,2
1381,435,1,2
1381,436,1,2
1381,437,1,2
1381,438,1,2
1381,439,1,2
1381,440,1,2
1381,441,1,2
1381,442,1,2
1381,443,1,2
1381,444,1,2
1381,445,1,2
1381,446,1,2
1381,447,1,2
1381,448,1,2
1381,449,1,2
1381,450,1,2
1381,451,1,2
1381,452,1,2
1381,453,1,2
1381,454,1,2
1381,455,1,2
1381,456,1,2
1381,457,1,2
1381,458,1,2
1381,459,1,2
1381,460,1,2
1381,461,1,2
1381,462,1,2
1381,463,1,2
1381,464,1,2
1381,465,1,2
1381,466,1,2
1381,467,1,2
1382,110,1,2
1382,111,1,2
1382,112,1,3
1382,113,1,3
1382,114,1,3
1382,115,1,3
1382,116,1,3
1382,117,1,3
1382,118,1,3
1382,119,1,3
1382,120,1,3
1382,121,1,3
1382,122,1,3
1382,123,1,3
1382,124,1,3
1382,125,1,3
1382,126,1,3
1382,127,1,3
1382,128,1,3
1382,129,1,3
1382,130,1,3
1382,131,1,3
1382,132,1,3
1382,133,1,3
1382,134,1,3
1382,135,1,3
1382,136,1,3
1382,137,1,3
1382,138,1,3
1382,139,1,3
1382,140,1,2
1382,141,1,2
1382,142,1,2
1382,143,1,2
1382,144,1,2
1382,145,1,2
1382,146,1,2
1382,147,1,2
1382,148,1,2
1382,149,1,2
1382,150,1,2
1382,151,1,2
1382,152,1,2
1382,153,1,2
1382,154,1,2
1382,155,1,2
1382,156,1,2
1382,157,1,2
1382,158,1,2
1382,159,1,2
1382,160,1,2
1382,161,1,2
1382,162,1,2
1382,163,1,2
1382,164,1,2
1382,165,1,2
1382,166,1,2
1382,167,1,2
1382,168,1,2
1382,169,1,2
1382,170,1,2
1382,171,1,2
1382,172,1,2
1382,173,1,2
1382,174,1,2
1382,175,1,2
1382,176,1,2
1382,177,1,2
1382,178,1,2
1382,179,1,2
1382,180,1,2
1382,181,1,2
1382,182,1,2
1382,183,1,2
1382,184,1,2
1382,185,1,2
1382,186,1,2
1382,187,1,2
1382,188,1,2
1382,189,1,2
1382,190,1,2
1382,191,1,2
1382,192,1,2
1382,193,1,2
1382,194,1,2
1382,195,1,2
1382,196,1,2
1382,197,1,2
1382,198,1,2
1382,199,1,2
1382,200,1,2
1382,201,1,2
1382,202,1,2
1382,203,1,2
1382,204,1,2
1382,205,1,2
1382,206,1,2
1382,207,1,2
1382,208,1,2
1382,209,1,2
1382,210,1,2
1382,211,1,2
1382,212,1,2
1382,213,1,2
1382,214,1,2
1382,215,1,2
1382,216,1,2
1382,217,1,2
1382,218,1,2
1382,219,1,2
1382,220,1,2
1382,221,1,2
1382,222,1,2
1382,223,1,2
1382,224,1,2
1382,225,1,2
1382,226,1,2
1382,227,1,2
1382,228,1,2
1382,229,1,2
1382,230,1,2
1382,231,1,2
1382,232,1,2
1382,233,1,2
1382,234,1,2
1382,235,1,2
1382,236,1,2
1382,237,1,2
1382,238,1,2
1382,239,1,2
1382,240,1,2
1382,241,1,2
1382,242,1,2
1382,243,1,2
1382,244,1,2
1382,245,1,2
1382,246,1,2
1382,247,1,2
1382,248,1,2
1382,249,1,2
1382,250,1,2
1382,251,1,2
1382,252,1,2
1382,253,1,2
1382,254,1,2
1382,255,1,2
1382,256,1,2
1382,257,1,2
1382,258,1,2
1382,259,1,2
1382,260,1,2
1382,261,1,2
1382,262,1,2
1382,263,1,2
1382,264,1,2
1382,265,1,2
1382,266,1,2
1382,267,1,2
1382,268,1,2
1382,269,1,2
1382,270,1,2
1382,271,1,2
1382,272,1,2
1382,273,1,2
1382,274,1,2
1382,275,1,2
1382,276,1,2
1382,277,1,2
1382,278,1,2
1382,279,1,2
1382,280,1,2
1382,281,1,2
1382,282,1,2
1382,283,1,2
1382,284,1,2
1382,285,1,2
1382,286,1,2
1382,287,1,2
1382,288,1,2
1382,289,1,2
1382,290,1,2
1382,291,1,2
1382,292,1,2
1382,293,1,2
1382,294,1,2
1382,295,1,2
1382,296,1,2
1382,297,1,2
1382,298,1,2
1382,299,1,2
1382,300,1,2
1382,301,1,2
1382,302,1,2
1382,303,1,2
1382,304,1,2
1382,305,1,2
1382,306,1,2
1382,307,1,2
1382,308,1,2
1382,309,1,2
1382,310,1,2
1382,311,1,2
1382,312,1,2
1382,313,1,2
1382,314,1,2
1382,315,1,2
1382,316,1,2
1382,317,1,2
1382,318,1,2
1382,319,1,2
1382,320,1,2
1382,321,1,2
1382,322,1,2
1382,323,1,2
1382,324,1,2
1382,325,1,2
1382,326,1,2
1382,327,1,2
1382,328,1,2
1382,329,1,2
1382,330,1,2
1382,331,1,2
1382,332,1,2
1382,333,1,2
1382,334,1,2
1382,335,1,2
1382,336,1,2
1382,337,1,2
1382,338,1,2
1382,339,1,2
1382,340,1,2
1382,341,1,2
1382,342,1,2
1382,343,1,2
1382,344,1,2
1382,345,1,2
1382,346,1,2
1382,347,1,2
1382,348,1,2
1382,349,1,2
1382,350,1,2
1382,351,1,2
1382,352,1,2
1382,353,1,2
1382,354,1,2
1382,355,1,2
1382,356,1,2
1382,357,1,2
1382,358,1,2
1382,359,1,2
1382,360,1,2
1382,361,1,2
1382,362,1,2
1382,363,1,2
1382,364,1,2
1382,365,1,2
1382,366,1,2
1382,367,1,2
1382,368,1,2
1382,369,1,2
1382,370,1,2
1382,371,1,2
1382,372,1,2
1382,373,1,2
1382,374,1,2
1382,375,1,2
1382,376,1,2
1382,377,1,2
1382,378,1,2
1382,379,1,2
1382,380,1,2
1382,381,1,2
1382,382,1,2
1382,383,1,2
1382,384,1,2
1382,385,1,2
1382,386,1,2
1382,387,1,2
1382,388,1,2
1382,389,1,2
1382,390,1,2
1382,391,1,2
1382,392,1,2
1382,393,1,2
1382,394,1,2
1382,395,1,2
1382,396,1,2
1382,397,1,2
1382,398,1,2
1382,399,1,2
1382,400,1,2
1382,401,1,2
1382,402,1,2
1382,403,1,2
1382,404,1,2
1382,405,1,2
1382,406,1,2
1382,407,1,2
1382,408,1,2
1382,409,1,2
1382,410,1,2
1382,411,1,2
1382,412,1,2
1382,413,1,2
1382,414,1,2
1382,415,1,2
1382,416,1,2
1382,417,1,2
1382,418,1,2
1382,419,1,2
1382,420,1,2
1382,421,1,2
1382,422,1,2
1382,423,1,2
1382,424,1,2
1382,425,1,2
1382,426,1,2
1382,427,1,2
1382,428,1,2
1382,429,1,2
1382,430,1,2
1382,431,1,2
1382,432,1,2
1382,433,1,2
1382,434,1,2
1382,435,1,2
1382,436,1,2
1382,437,1,2
1382,438,1,2
1382,439,1,2
1382,440,1,2
1382,441,1,2
1382,442,1,2
1382,443,1,2
1382,444,1,2
1382,445,1,2
1382,446,1,2
1382,447,1,2
1382,448,1,2
1382,449,1,2
1382,450,1,2
1382,451,1,2
1382,452,1,2
1382,453,1,2
1382,454,1,2
1382,455,1,2
1382,456,1,2
1382,457,1,2
1382,458,1,2
1382,459,1,2
1382,460,1,2
1382,461,1,2
1382,462,1,2
1382,463,1,2
1382,464,1,2
1382,465,1,2
1382,466,1,2
1382,467,1,2
1383,110,1,2
1383,111,1,2
1383,112,1,3
1383,113,1,3
1383,114,1,3
1383,115,1,3
1383,116,1,3
1383,117,1,3
1383,118,1,3
1383,119,1,3
1383,120,1,3
1383,121,1,3
1383,122,1,3
1383,123,1,3
1383,124,1,3
1383,125,1,3
1383,126,1,3
1383,127,1,3
1383,128,1,3
1383,129,1,3
1383,130,1,3
1383,131,1,3
1383,132,1,3
1383,133,1,3
1383,134,1,3
1383,135,1,3
1383,136,1,3
1383,137,1,2
1383,138,1,2
1383,139,1,2
1383,140,1,2
1383,141,1,2
1383,142,1,2
1383,143,1,2
1383,144,1,2
1383,145,1,2
1383,146,1,2
1383,147,1,2
1383,148,1,2
1383,149,1,2
1383,150,1,2
1383,151,1,2
1383,152,1,2
1383,153,1,2
1383,154,1,2
1383,155,1,2
1383,156,1,2
1383,157,1,2
1383,158,1,2
1383,159,1,2
1383,160,1,2
1383,161,1,2
1383,162,1,2
1383,163,1,2
1383,164,1,2
1383,165,1,2
1383,166,1,2
1383,167,1,2
1383,168,1,2
1383,169,1,2
1383,170,1,2
1383,171,1,2
1383,172,1,2
1383,173,1,2
1383,174,1,2
1383,175,1,2
1383,176,1,2
1383,177,1,2
1383,178,1,2
1383,179,1,2
1383,180,1,2
1383,181,1,2
1383,182,1,2
1383,183,1,2
1383,184,1,2
1383,185,1,2
1383,186,1,2
1383,187,1,2
1383,188,1,2
1383,189,1,2
1383,190,1,2
1383,191,1,2
1383,192,1,2
1383,193,1,2
1383,194,1,2
1383,195,1,2
1383,196,1,2
1383,197,1,2
1383,198,1,2
1383,199,1,2
1383,200,1,2
1383,201,1,2
1383,202,1,2
1383,203,1,2
1383,204,1,2
1383,205,1,2
1383,206,1,2
1383,207,1,2
1383,208,1,2
1383,209,1,2
1383,210,1,2
1383,211,1,2
1383,212,1,2
1383,213,1,2
1383,214,1,2
1383,215,1,2
1383,216,1,2
1383,217,1,2
1383,218,1,2
1383,219,1,2
1383,220,1,2
1383,221,1,2
1383,222,1,2
1383,223,1,2
1383,224,1,2
1383,225,1,2
1383,226,1,2
1383,227,1,2
1383,228,1,2
1383,229,1,2
1383,230,1,2
1383,231,1,2
1383,232,1,2
1383,233,1,2
1383,234,1,2
1383,235,1,2
1383,236,1,2
1383,237,1,2
1383,238,1,2
1383,239,1,2
1383,240,1,2
1383,241,1,2
1383,242,1,2
1383,243,1,2
1383,244,1,2
1383,245,1,2
1383,246,1,2
1383,247,1,2
1383,248,1,2
1383,249,1,2
1383,250,1,2
1383,251,1,2
1383,252,1,2
1383,253,1,2
1383,254,1,2
1383,255,1,2
1383,256,1,2
1383,257,1,2
1383,258,1,2
1383,259,1,2
1383,260,1,2
1383,261,1,2
1383,262,1,2
1383,263,1,2
1383,264,1,2
1383,265,1,2
1383,266,1,2
1383,267,1,2
1383,268,1,2
1383,269,1,2
1383,270,1,2
1383,271,1,2
1383,272,1,2
1383,273,1,2
1383,274,1,2
1383,275,1,2
1383,276,1,2
1383,277,1,2
1383,278,1,2
1383,279,1,2
1383,280,1,2
1383,281,1,2
1383,282,1,2
1383,283,1,2
1383,284,1,2
1383,285,1,2
1383,286,1,2
1383,287,1,2
1383,288,1,2
1383,289,1,2
1383,290,1,2
1383,291,1,2
1383,292,1,2
1383,293,1,2
1383,294,1,2
1383,295,1,2
1383,296,1,2
1383,297,1,2
1383,298,1,2
1383,299,1,2
1383,300,1,2
1383,301,1,2
1383,302,1,2
1383,303,1,2
1383,304,1,2
1383,305,1,2
1383,306,1,2
1383,307,1,2
1383,308,1,2
1383,309,1,2
1383,310,1,2
1383,311,1,2
1383,312,1,2
1383,313,1,2
1383,314,1,2
1383,315,1,2
1383,316,1,2
1383,317,1,2
1383,318,1,2
1383,319,1,2
1383,320,1,2
1383,321,1,2
1383,322,1,2
1383,323,1,2
1383,324,1,2
1383,325,1,2
1383,326,1,2
1383,327,1,2
1383,328,1,2
1383,329,1,2
1383,330,1,2
1383,331,1,2
1383,332,1,2
1383,333,1,2
1383,334,1,2
1383,335,1,2
1383,336,1,2
1383,337,1,2
1383,338,1,2
1383,339,1,2
1383,340,1,2
1383,341,1,2
1383,342,1,2
1383,343,1,2
1383,344,1,2
1383,345,1,2
1383,346,1,2
1383,347,1,2
1383,348,1,2
1383,349,1,2
1383,350,1,2
1383,351,1,2
1383,352,1,2
1383,353,1,2
1383,354,1,2
1383,355,1,2
1383,356,1,2
1383,357,1,2
1383,358,1,2
1383,359,1,2
1383,360,1,2
1383,361,1,2
1383,362,1,2
1383,363,1,2
1383,364,1,2
1383,365,1,2
1383,366,1,2
1383,367,1,2
1383,368,1,2
1383,369,1,2
1383,370,1,2
1383,371,1,2
1383,372,1,2
1383,373,1,2
1383,374,1,2
1383,375,1,2
1383,376,1,2
1383,377,1,2
1383,378,1,2
1383,379,1,2
1383,380,1,2
1383,381,1,2
1383,382,1,2
1383,383,1,2
1383,384,1,2
1383,385,1,2
1383,386,1,2
1383,387,1,2
1383,388,1,2
1383,389,1,2
1383,390,1,2
1383,391,1,2
1383,392,1,2
1383,393,1,2
1383,394,1,2
1383,395,1,2
1383,396,1,2
1383,397,1,2
1383,398,1,2
1383,399,1,2
1383,400,1,2
1383,401,1,2
1383,402,1,2
1383,403,1,2
1383,404,1,2
1383,405,1,2
1383,406,1,2
1383,407,1,2
1383,408,1,2
1383,409,1,2
1383,410,1,2
1383,411,1,2
1383,412,1,2
1383,413,1,2
1383,414,1,2
1383,415,1,2
1383,416,1,2
1383,417,1,2
1383,418,1,2
1383,419,1,2
1383,420,1,2
1383,421,1,2
1383,422,1,2
1383,423,1,2
1383,424,1,2
1383,425,1,2
1383,426,1,2
1383,427,1,2
1383,428,1,2
1383,429,1,2
1383,430,1,2
1383,431,1,2
1383,432,1,2
1383,433,1,2
1383,434,1,2
1383,435,1,2
1383,436,1,2
1383,437,1,2
1383,438,1,2
1383,439,1,2
1383,440,1,2
1383,441,1,2
1383,442,1,2
1383,443,1,2
1383,444,1,2
1383,445,1,2
1383,446,1,2
1383,447,1,2
1383,448,1,2
1383,449,1,2
1383,450,1,2
1383,451,1,2
1383,452,1,2
1383,453,1,2
1383,454,1,2
1383,455,1,2
1383,456,1,2
1383,457,1,2
1383,458,1,2
1383,459,1,2
1383,460,1,2
1383,461,1,2
1383,462,1,2
1383,463,1,2
1383,464,1,2
1383,465,1,2
1383,466,1,2
1383,467,1,2
1384,111,1,2
1384,112,1,2
1384,113,1,3
1384,114,1,3
1384,115,1,3
1384,116,1,3
1384,117,1,3
1384,118,1,3
1384,119,1,3
1384,120,1,3
1384,121,1,3
1384,122,1,3
1384,123,1,3
1384,124,1,3
1384,125,1,3
1384,126,1,3
1384,127,1,3
1384,128,1,3
1384,129,1,3
1384,130,1,3
1384,131,1,3
1384,132,1,3
1384,133,1,3
1384,134,1,3
1384,135,1,3
1384,136,1,3
1384,137,1,2
1384,138,1,2
1384,139,1,2
1384,140,1,2
1384,141,1,2
1384,142,1,2
1384,143,1,2
1384,144,1,2
1384,145,1,2
1384,146,1,2
1384,147,1,2
1384,148,1,2
1384,149,1,2
1384,150,1,2
1384,151,1,2
1384,152,1,2
1384,153,1,2
1384,154,1,2
1384,155,1,2
1384,156,1,2
1384,157,1,2
1384,158,1,2
1384,159,1,2
1384,160,1,2
1384,161,1,2
1384,162,1,2
1384,163,1,2
1384,164,1,2
1384,165,1,2
1384,166,1,2
1384,167,1,2
1384,168,1,2
1384,169,1,2
1384,170,1,2
1384,171,1,2
1384,172,1,2
1384,173,1,2
1384,174,1,2
1384,175,1,2
1384,176,1,2
1384,177,1,2
1384,178,1,2
1384,179,1,2
1384,180,1,2
1384,181,1,2
1384,182,1,2
1384,183,1,2
1384,184,1,2
1384,185,1,2
1384,186,1,2
1384,187,1,2
1384,188,1,2
1384,189,1,2
1384,190,1,2
1384,191,1,2
1384,192,1,2
1384,193,1,2
1384,194,1,2
1384,195,1,2
1384,196,1,2
1384,197,1,2
1384,198,1,2
1384,199,1,2
1384,200,1,2
1384,201,1,2
1384,202,1,2
1384,203,1,2
1384,204,1,2
1384,205,1,2
1384,206,1,2
1384,207,1,2
1384,208,1,2
1384,209,1,2
1384,210,1,2
1384,211,1,2
1384,212,1,2
1384,213,1,2
1384,214,1,2
1384,215,1,2
1384,216,1,2
1384,217,1,2
1384,218,1,2
1384,219,1,2
1384,220,1,2
1384,221,1,2
1384,222,1,2
1384,223,1,2
1384,224,1,2
1384,225,1,2
1384,226,1,2
1384,227,1,2
1384,228,1,2
1384,229,1,2
1384,230,1,2
1384,231,1,2
1384,232,1,2
1384,233,1,2
1384,234,1,2
1384,235,1,2
1384,236,1,2
1384,237,1,2
1384,238,1,2
1384,239,1,2
1384,240,1,2
1384,241,1,2
1384,242,1,2
1384,243,1,2
1384,244,1,2
1384,245,1,2
1384,246,1,2
1384,247,1,2
1384,248,1,2
1384,249,1,2
1384,250,1,2
1384,251,1,2
1384,252,1,2
1384,253,1,2
1384,254,1,2
1384,255,1,2
1384,256,1,2
1384,257,1,2
1384,258,1,2
1384,259,1,2
1384,260,1,2
1384,261,1,2
1384,262,1,2
1384,263,1,2
1384,264,1,2
1384,265,1,2
1384,266,1,2
1384,267,1,2
1384,268,1,2
1384,269,1,2
1384,270,1,2
1384,271,1,2
1384,272,1,2
1384,273,1,2
1384,274,1,2
1384,275,1,2
1384,276,1,2
1384,277,1,2
1384,278,1,2
1384,279,1,2
1384,280,1,2
1384,281,1,2
1384,282,1,2
1384,283,1,2
1384,284,1,2
1384,285,1,2
1384,286,1,2
1384,287,1,2
1384,288,1,2
1384,289,1,2
1384,290,1,2
1384,291,1,2
1384,292,1,2
1384,293,1,2
1384,294,1,2
1384,295,1,2
1384,296,1,2
1384,297,1,2
1384,298,1,2
1384,299,1,2
1384,300,1,2
1384,301,1,2
1384,302,1,2
1384,303,1,2
1384,304,1,2
1384,305,1,2
1384,306,1,2
1384,307,1,2
1384,308,1,2
1384,309,1,2
1384,310,1,2
1384,311,1,2
1384,312,1,2
1384,313,1,2
1384,314,1,2
1384,315,1,2
1384,316,1,2
1384,317,1,2
1384,318,1,2
1384,319,1,2
1384,320,1,2
1384,321,1,2
1384,322,1,2
1384,323,1,2
1384,324,1,2
1384,325,1,2
1384,326,1,2
1384,327,1,2
1384,328,1,2
1384,329,1,2
1384,330,1,2
1384,331,1,2
1384,332,1,2
1384,333,1,2
1384,334,1,2
1384,335,1,2
1384,336,1,2
1384,337,1,2
1384,338,1,2
1384,339,1,2
1384,340,1,2
1384,341,1,2
1384,342,1,2
1384,343,1,2
1384,344,1,2
1384,345,1,2
1384,346,1,2
1384,347,1,2
1384,348,1,2
1384,349,1,2
1384,350,1,2
1384,351,1,2
1384,352,1,2
1384,353,1,2
1384,354,1,2
1384,355,1,2
1384,356,1,2
1384,357,1,2
1384,358,1,2
1384,359,1,2
1384,360,1,2
1384,361,1,2
1384,362,1,2
1384,363,1,2
1384,364,1,2
1384,365,1,2
1384,366,1,2
1384,367,1,2
1384,368,1,2
1384,369,1,2
1384,370,1,2
1384,371,1,2
1384,372,1,2
1384,373,1,2
1384,374,1,2
1384,375,1,2
1384,376,1,2
1384,377,1,2
1384,378,1,2
1384,379,1,2
1384,380,1,2
1384,381,1,2
1384,382,1,2
1384,383,1,2
1384,384,1,2
1384,385,1,2
1384,386,1,2
1384,387,1,2
1384,388,1,2
1384,389,1,2
1384,390,1,2
1384,391,1,2
1384,392,1,2
1384,393,1,2
1384,394,1,2
1384,395,1,2
1384,396,1,2
1384,397,1,2
1384,398,1,2
1384,399,1,2
1384,400,1,2
1384,401,1,2
1384,402,1,2
1384,403,1,2
1384,404,1,2
1384,405,1,2
1384,406,1,2
1384,407,1,2
1384,408,1,2
1384,409,1,2
1384,410,1,2
1384,411,1,2
1384,412,1,2
1384,413,1,2
1384,414,1,2
1384,415,1,2
1384,416,1,2
1384,417,1,2
1384,418,1,2
1384,419,1,2
1384,420,1,2
1384,421,1,2
1384,422,1,2
1384,423,1,2
1384,424,1,2
1384,425,1,2
1384,426,1,2
1384,427,1,2
1384,428,1,2
1384,429,1,2
1384,430,1,2
1384,431,1,2
1384,432,1,2
1384,433,1,2
1384,434,1,2
1384,435,1,2
1384,436,1,2
1384,437,1,2
1384,438,1,2
1384,439,1,2
1384,440,1,2
1384,441,1,2
1384,442,1,2
1384,443,1,2
1384,444,1,2
1384,445,1,2
1384,446,1,2
1384,447,1,2
1384,448,1,2
1384,449,1,2
1384,450,1,2
1384,451,1,2
1384,452,1,2
1384,453,1,2
1384,454,1,2
1384,455,1,2
1384,456,1,2
1384,457,1,2
1384,458,1,2
1384,459,1,2
1384,460,1,2
1384,461,1,2
1384,462,1,2
1384,463,1,2
1384,464,1,2
1384,465,1,2
1384,466,1,2
1384,467,1,2
1385,111,1,2
1385,112,1,2
1385,113,1,3
1385,114,1,3
1385,115,1,3
1385,116,1,3
1385,117,1,3
1385,118,1,3
1385,119,1,3
1385,120,1,3
1385,121,1,3
1385,122,1,3
1385,123,1,3
1385,124,1,3
1385,125,1,3
1385,126,1,3
1385,127,1,3
1385,128,1,3
1385,129,1,3
1385,130,1,3
1385,131,1,3
1385,132,1,3
1385,133,1,3
1385,134,1,3
1385,135,1,3
1385,136,1,2
1385,137,1,2
1385,138,1,2
1385,139,1,2
1385,140,1,2
1385,141,1,2
1385,142,1,2
1385,143,1,2
1385,144,1,2
1385,145,1,2
1385,146,1,2
1385,147,1,2
1385,148,1,2
1385,149,1,2
1385,150,1,2
1385,151,1,2
1385,152,1,2
1385,153,1,2
1385,154,1,2
1385,155,1,2
1385,156,1,2
1385,157,1,2
1385,158,1,2
1385,159,1,2
1385,160,1,2
1385,161,1,2
1385,162,1,2
1385,163,1,2
1385,164,1,2
1385,165,1,2
1385,166,1,2
1385,167,1,2
1385,168,1,2
1385,169,1,2
1385,170,1,2
1385,171,1,2
1385,172,1,2
1385,173,1,2
1385,174,1,2
1385,175,1,2
1385,176,1,2
1385,177,1,2
1385,178,1,2
1385,179,1,2
1385,180,1,2
1385,181,1,2
1385,182,1,2
1385,183,1,2
1385,184,1,2
1385,185,1,2
1385,186,1,2
1385,187,1,2
1385,188,1,2
1385,189,1,2
1385,190,1,2
1385,191,1,2
1385,192,1,2
1385,193,1,2
1385,194,1,2
1385,195,1,2
1385,196,1,2
1385,197,1,2
1385,198,1,2
1385,199,1,2
1385,200,1,2
1385,201,1,2
1385,202,1,2
1385,203,1,2
1385,204,1,2
1385,205,1,2
1385,206,1,2
1385,207,1,2
1385,208,1,2
1385,209,1,2
1385,210,1,2
1385,211,1,2
1385,212,1,2
1385,213,1,2
1385,214,1,2
1385,215,1,2
1385,216,1,2
1385,217,1,2
1385,218,1,2
1385,219,1,2
1385,220,1,2
1385,221,1,2
1385,222,1,2
1385,223,1,2
1385,224,1,2
1385,225,1,2
1385,226,1,2
1385,227,1,2
1385,228,1,2
1385,229,1,2
1385,230,1,2
1385,231,1,2
1385,232,1,2
1385,233,1,2
1385,234,1,2
1385,235,1,2
1385,236,1,2
1385,237,1,2
1385,238,1,2
1385,239,1,2
1385,240,1,2
1385,241,1,2
1385,242,1,2
1385,243,1,2
1385,244,1,2
1385,245,1,2
1385,246,1,2
1385,247,1,2
1385,248,1,2
1385,249,1,2
1385,250,1,2
1385,251,1,2
1385,252,1,2
1385,253,1,2
1385,254,1,2
1385,255,1,2
1385,256,1,2
1385,257,1,2
1385,258,1,2
1385,259,1,2
1385,260,1,2
1385,261,1,2
1385,262,1,2
1385,263,1,2
1385,264,1,2
1385,265,1,2
1385,266,1,2
1385,267,1,2
1385,268,1,2
1385,269,1,2
1385,270,1,2
1385,271,1,2
1385,272,1,2
1385,273,1,2
1385,274,1,2
1385,275,1,2
1385,276,1,2
1385,277,1,2
1385,278,1,2
1385,279,1,2
1385,280,1,2
1385,281,1,2
1385,282,1,2
1385,283,1,2
1385,284,1,2
1385,285,1,2
1385,286,1,2
1385,287,1,2
1385,288,1,2
1385,289,1,2
1385,290,1,2
1385,291,1,2
1385,292,1,2
1385,293,1,2
1385,294,1,2
1385,295,1,2
1385,296,1,2
1385,297,1,2
1385,298,1,2
1385,299,1,2
1385,300,1,2
1385,301,1,2
1385,302,1,2
1385,303,1,2
1385,304,1,2
1385,305,1,2
1385,306,1,2
1385,307,1,2
1385,308,1,2
1385,309,1,2
1385,310,1,2
1385,311,1,2
1385,312,1,2
1385,313,1,2
1385,314,1,2
1385,315,1,2
1385,316,1,2
1385,317,1,2
1385,318,1,2
1385,319,1,2
1385,320,1,2
1385,321,1,2
1385,322,1,2
1385,323,1,2
1385,324,1,2
1385,325,1,2
1385,326,1,2
1385,327,1,2
1385,328,1,2
1385,329,1,2
1385,330,1,2
1385,331,1,2
1385,332,1,2
1385,333,1,2
1385,334,1,2
1385,335,1,2
1385,336,1,2
1385,337,1,2
1385,338,1,2
1385,339,1,2
1385,340,1,2
1385,341,1,2
1385,342,1,2
1385,343,1,2
1385,344,1,2
1385,345,1,2
1385,346,1,2
1385,347,1,2
1385,348,1,2
1385,349,1,2
1385,350,1,2
1385,351,1,2
1385,352,1,2
1385,353,1,2
1385,354,1,2
1385,355,1,2
1385,356,1,2
1385,357,1,2
1385,358,1,2
1385,359,1,2
1385,360,1,2
1385,361,1,2
1385,362,1,2
1385,363,1,2
1385,364,1,2
1385,365,1,2
1385,366,1,2
1385,367,1,2
1385,368,1,2
1385,369,1,2
1385,370,1,2
1385,371,1,2
1385,372,1,2
1385,373,1,2
1385,374,1,2
1385,375,1,2
1385,376,1,2
1385,377,1,2
1385,378,1,2
1385,379,1,2
1385,380,1,2
1385,381,1,2
1385,382,1,2
1385,383,1,2
1385,384,1,2
1385,385,1,2
1385,386,1,2
1385,387,1,2
1385,388,1,2
1385,389,1,2
1385,390,1,2
1385,391,1,2
1385,392,1,2
1385,393,1,2
1385,394,1,2
1385,395,1,2
1385,396,1,2
1385,397,1,2
1385,398,1,2
1385,399,1,2
1385,400,1,2
1385,401,1,2
1385,402,1,2
1385,403,1,2
1385,404,1,2
1385,405,1,2
1385,406,1,2
1385,407,1,2
1385,408,1,2
1385,409,1,2
1385,410,1,2
1385,411,1,2
1385,412,1,2
1385,413,1,2
1385,414,1,2
1385,415,1,2
1385,416,1,2
1385,417,1,2
1385,418,1,2
1385,419,1,2
1385,420,1,2
1385,421,1,2
1385,422,1,2
1385,423,1,2
1385,424,1,2
1385,425,1,2
1385,426,1,2
1385,427,1,2
1385,428,1,2
1385,429,1,2
1385,430,1,2
1385,431,1,2
1385,432,1,2
1385,433,1,2
1385,434,1,2
1385,435,1,2
1385,436,1,2
1385,437,1,2
1385,438,1,2
1385,439,1,2
1385,440,1,2
1385,441,1,2
1385,442,1,2
1385,443,1,2
1385,444,1,2
1385,445,1,2
1385,446,1,2
1385,447,1,2
1385,448,1,2
1385,449,1,2
1385,450,1,2
1385,451,1,2
1385,452,1,2
1385,453,1,2
1385,454,1,2
1385,455,1,2
1385,456,1,2
1385,457,1,2
1385,458,1,2
1385,459,1,2
1385,460,1,2
1385,461,1,2
1385,462,1,2
1385,463,1,2
1385,464,1,2
1385,465,1,2
1385,466,1,2
1385,467,1,2
1386,111,1,2
1386,112,1,2
1386,113,1,3
1386,114,1,3
1386,115,1,3
1386,116,1,3
1386,117,1,3
1386,118,1,3
1386,119,1,3
1386,120,1,3
1386,121,1,3
1386,122,1,3
1386,123,1,3
1386,124,1,3
1386,125,1,3
1386,126,1,3
1386,127,1,3
1386,128,1,3
1386,129,1,3
1386,130,1,3
1386,131,1,3
1386,132,1,3
1386,133,1,3
1386,134,1,3
1386,135,1,2
1386,136,1,2
1386,137,1,2
1386,138,1,2
1386,139,1,2
1386,140,1,2
1386,141,1,2
1386,142,1,2
1386,143,1,2
1386,144,1,2
1386,145,1,2
1386,146,1,2
1386,147,1,2
1386,148,1,2
1386,149,1,2
1386,150,1,2
1386,151,1,2
1386,152,1,2
1386,153,1,2
1386,154,1,2
1386,155,1,2
1386,156,1,2
1386,157,1,2
1386,158,1,2
1386,159,1,2
1386,160,1,2
1386,161,1,2
1386,162,1,2
1386,163,1,2
1386,164,1,2
1386,165,1,2
1386,166,1,2
1386,167,1,2
1386,168,1,2
1386,169,1,2
1386,170,1,2
1386,171,1,2
1386,172,1,2
1386,173,1,2
1386,174,1,2
1386,175,1,2
1386,176,1,2
1386,177,1,2
1386,178,1,2
1386,179,1,2
1386,180,1,2
1386,181,1,2
1386,182,1,2
1386,183,1,2
1386,184,1,2
1386,185,1,2
1386,186,1,2
1386,187,1,2
1386,188,1,2
1386,189,1,2
1386,190,1,2
1386,191,1,2
1386,192,1,2
1386,193,1,2
1386,194,1,2
1386,195,1,2
1386,196,1,2
1386,197,1,2
1386,198,1,2
1386,199,1,2
1386,200,1,2
1386,201,1,2
1386,202,1,2
1386,203,1,2
1386,204,1,2
1386,205,1,2
1386,206,1,2
1386,207,1,2
1386,208,1,2
1386,209,1,2
1386,210,1,2
1386,211,1,2
1386,212,1,2
1386,213,1,2
1386,214,1,2
1386,215,1,2
1386,216,1,2
1386,217,1,2
1386,218,1,2
1386,219,1,2
1386,220,1,2
1386,221,1,2
1386,222,1,2
1386,223,1,2
1386,224,1,2
1386,225,1,2
1386,226,1,2
1386,227,1,2
1386,228,1,2
1386,229,1,2
1386,230,1,2
1386,231,1,2
1386,232,1,2
1386,233,1,2
1386,234,1,2
1386,235,1,2
1386,236,1,2
1386,237,1,2
1386,238,1,2
1386,239,1,2
1386,240,1,2
1386,241,1,2
1386,242,1,2
1386,243,1,2
1386,244,1,2
1386,245,1,2
1386,246,1,2
1386,247,1,2
1386,248,1,2
1386,249,1,2
1386,250,1,2
1386,251,1,2
1386,252,1,2
1386,253,1,2
1386,254,1,2
1386,255,1,2
1386,256,1,2
1386,257,1,2
1386,258,1,2
1386,259,1,2
1386,260,1,2
1386,261,1,2
1386,262,1,2
1386,263,1,2
1386,264,1,2
1386,265,1,2
1386,266,1,2
1386,267,1,2
1386,268,1,2
1386,269,1,2
1386,270,1,2
1386,271,1,2
1386,272,1,2
1386,273,1,2
1386,274,1,2
1386,275,1,2
1386,276,1,2
1386,277,1,2
1386,278,1,2
1386,279,1,2
1386,280,1,2
1386,281,1,2
1386,282,1,2
1386,283,1,2
1386,284,1,2
1386,285,1,2
1386,286,1,2
1386,287,1,2
1386,288,1,2
1386,289,1,2
1386,290,1,2
1386,291,1,2
1386,292,1,2
1386,293,1,2
1386,294,1,2
1386,295,1,2
1386,296,1,2
1386,297,1,2
1386,298,1,2
1386,299,1,2
1386,300,1,2
1386,301,1,2
1386,302,1,2
1386,303,1,2
1386,304,1,2
1386,305,1,2
1386,306,1,2
1386,307,1,2
1386,308,1,2
1386,309,1,2
1386,310,1,2
1386,311,1,2
1386,312,1,2
1386,313,1,2
1386,314,1,2
1386,315,1,2
1386,316,1,2
1386,317,1,2
1386,318,1,2
1386,319,1,2
1386,320,1,2
1386,321,1,2
1386,322,1,2
1386,323,1,2
1386,324,1,2
1386,325,1,2
1386,326,1,2
1386,327,1,2
1386,328,1,2
1386,329,1,2
1386,330,1,2
1386,331,1,2
1386,332,1,2
1386,333,1,2
1386,334,1,2
1386,335,1,2
1386,336,1,2
1386,337,1,2
1386,338,1,2
1386,339,1,2
1386,340,1,2
1386,341,1,2
1386,342,1,2
1386,343,1,2
1386,344,1,2
1386,345,1,2
1386,346,1,2
1386,347,1,2
1386,348,1,2
1386,349,1,2
1386,350,1,2
1386,351,1,2
1386,352,1,2
1386,353,1,2
1386,354,1,2
1386,355,1,2
1386,356,1,2
1386,357,1,2
1386,358,1,2
1386,359,1,2
1386,360,1,2
1386,361,1,2
1386,362,1,2
1386,363,1,2
1386,364,1,2
1386,365,1,2
1386,366,1,2
1386,367,1,2
1386,368,1,2
1386,369,1,2
1386,370,1,2
1386,371,1,2
1386,372,1,2
1386,373,1,2
1386,374,1,2
1386,375,1,2
1386,376,1,2
1386,377,1,2
1386,378,1,2
1386,379,1,2
1386,380,1,2
1386,381,1,2
1386,382,1,2
1386,383,1,2
1386,384,1,2
1386,385,1,2
1386,386,1,2
1386,387,1,2
1386,388,1,2
1386,389,1,2
1386,390,1,2
1386,391,1,2
1386,392,1,2
1386,393,1,2
1386,394,1,2
1386,395,1,2
1386,396,1,2
1386,397,1,2
1386,398,1,2
1386,399,1,2
1386,400,1,2
1386,401,1,2
1386,402,1,2
1386,403,1,2
1386,404,1,2
1386,405,1,2
1386,406,1,2
1386,407,1,2
1386,408,1,2
1386,409,1,2
1386,410,1,2
1386,411,1,2
1386,412,1,2
1386,413,1,2
1386,414,1,2
1386,415,1,2
1386,416,1,2
1386,417,1,2
1386,418,1,2
1386,419,1,2
1386,420,1,2
1386,421,1,2
1386,422,1,2
1386,423,1,2
1386,424,1,2
1386,425,1,2
1386,426,1,2
1386,427,1,2
1386,428,1,2
1386,429,1,2
1386,430,1,2
1386,431,1,2
1386,432,1,2
1386,433,1,2
1386,434,1,2
1386,435,1,2
1386,436,1,2
1386,437,1,2
1386,438,1,2
1386,439,1,2
1386,440,1,2
1386,441,1,2
1386,442,1,2
1386,443,1,2
1386,444,1,2
1386,445,1,2
1386,446,1,2
1386,447,1,2
1386,448,1,2
1386,449,1,2
1386,450,1,2
1386,451,1,2
1386,452,1,2
1386,453,1,2
1386,454,1,2
1386,455,1,2
1386,456,1,2
1386,457,1,2
1386,458,1,2
1386,459,1,2
1386,460,1,2
1386,461,1,2
1386,462,1,2
1386,463,1,2
1386,464,1,2
1386,465,1,2
1386,466,1,2
1386,467,1,2
1387,111,1,3
1387,112,1,2
1387,113,1,2
1387,114,1,3
1387,115,1,3
1387,116,1,3
1387,117,1,3
1387,118,1,3
1387,119,1,3
1387,120,1,3
1387,121,1,3
1387,122,1,3
1387,123,1,3
1387,124,1,3
1387,125,1,3
1387,126,1,3
1387,127,1,3
1387,128,1,3
1387,129,1,3
1387,130,1,3
1387,131,1,3
1387,132,1,3
1387,133,1,3
1387,134,1,3
1387,135,1,2
1387,136,1,2
1387,137,1,2
1387,138,1,2
1387,139,1,2
1387,140,1,2
1387,141,1,2
1387,142,1,2
1387,143,1,2
1387,144,1,2
1387,145,1,2
1387,146,1,2
1387,147,1,2
1387,148,1,2
1387,149,1,2
1387,150,1,2
1387,151,1,2
1387,152,1,2
1387,153,1,2
1387,154,1,2
1387,155,1,2
1387,156,1,2
1387,157,1,2
1387,158,1,2
1387,159,1,2
1387,160,1,2
1387,161,1,2
1387,162,1,2
1387,163,1,2
1387,164,1,2
1387,165,1,2
1387,166,1,2
1387,167,1,2
1387,168,1,2
1387,169,1,2
1387,170,1,2
1387,171,1,2
1387,172,1,2
1387,173,1,2
1387,174,1,2
1387,175,1,2
1387,176,1,2
1387,177,1,2
1387,178,1,2
1387,179,1,2
1387,180,1,2
1387,181,1,2
1387,182,1,2
1387,183,1,2
1387,184,1,2
1387,185,1,2
1387,186,1,2
1387,187,1,2
1387,188,1,2
1387,189,1,2
1387,190,1,2
1387,191,1,2
1387,192,1,2
1387,193,1,2
1387,194,1,2
1387,195,1,2
1387,196,1,2
1387,197,1,2
1387,198,1,2
1387,199,1,2
1387,200,1,2
1387,201,1,2
1387,202,1,2
1387,203,1,2
1387,204,1,2
1387,205,1,2
1387,206,1,2
1387,207,1,2
1387,208,1,2
1387,209,1,2
1387,210,1,2
1387,211,1,2
1387,212,1,2
1387,213,1,2
1387,214,1,2
1387,215,1,2
1387,216,1,2
1387,217,1,2
1387,218,1,2
1387,219,1,2
1387,220,1,2
1387,221,1,2
1387,222,1,2
1387,223,1,2
1387,224,1,2
1387,225,1,2
1387,226,1,2
1387,227,1,2
1387,228,1,2
1387,229,1,2
1387,230,1,2
1387,231,1,2
1387,232,1,2
1387,233,1,2
1387,234,1,2
1387,235,1,2
1387,236,1,2
1387,237,1,2
1387,238,1,2
1387,239,1,2
1387,240,1,2
1387,241,1,2
1387,242,1,2
1387,243,1,2
1387,244,1,2
1387,245,1,2
1387,246,1,2
1387,247,1,2
1387,248,1,2
1387,249,1,2
1387,250,1,2
1387,251,1,2
1387,252,1,2
1387,253,1,2
1387,254,1,2
1387,255,1,2
1387,256,1,2
1387,257,1,2
1387,258,1,2
1387,259,1,2
1387,260,1,2
1387,261,1,2
1387,262,1,2
1387,263,1,2
1387,264,1,2
1387,265,1,2
1387,266,1,2
1387,267,1,2
1387,268,1,2
1387,269,1,2
1387,270,1,2
1387,271,1,2
1387,272,1,2
1387,273,1,2
1387,274,1,2
1387,275,1,2
1387,276,1,2
1387,277,1,2
1387,278,1,2
1387,279,1,2
1387,280,1,2
1387,281,1,2
1387,282,1,2
1387,283,1,2
1387,284,1,2
1387,285,1,2
1387,286,1,2
1387,287,1,2
1387,288,1,2
1387,289,1,2
1387,290,1,2
1387,291,1,2
1387,292,1,2
1387,293,1,2
1387,294,1,2
1387,295,1,2
1387,296,1,2
1387,297,1,2
1387,298,1,2
1387,299,1,2
1387,300,1,2
1387,301,1,2
1387,302,1,2
1387,303,1,2
1387,304,1,2
1387,305,1,2
1387,306,1,2
1387,307,1,2
1387,308,1,2
1387,309,1,2
1387,310,1,2
1387,311,1,2
1387,312,1,2
1387,313,1,2
1387,314,1,2
1387,315,1,2
1387,316,1,2
1387,317,1,2
1387,318,1,2
1387,319,1,2
1387,320,1,2
1387,321,1,2
1387,322,1,2
1387,323,1,2
1387,324,1,2
1387,325,1,2
1387,326,1,2
1387,327,1,2
1387,328,1,2
1387,329,1,2
1387,330,1,2
1387,331,1,2
1387,332,1,2
1387,333,1,2
1387,334,1,2
1387,335,1,2
1387,336,1,2
1387,337,1,2
1387,338,1,2
1387,339,1,2
1387,340,1,2
1387,341,1,2
1387,342,1,2
1387,343,1,2
1387,344,1,2
1387,345,1,2
1387,346,1,2
1387,347,1,2
1387,348,1,2
1387,349,1,2
1387,350,1,2
1387,351,1,2
1387,352,1,2
1387,353,1,2
1387,354,1,2
1387,355,1,2
1387,356,1,2
1387,357,1,2
1387,358,1,2
1387,359,1,2
1387,360,1,2
1387,361,1,2
1387,362,1,2
1387,363,1,2
1387,364,1,2
1387,365,1,2
1387,366,1,2
1387,367,1,2
1387,368,1,2
1387,369,1,2
1387,370,1,2
1387,371,1,2
1387,372,1,2
1387,373,1,2
1387,374,1,2
1387,375,1,2
1387,376,1,2
1387,377,1,2
1387,378,1,2
1387,379,1,2
1387,380,1,2
1387,381,1,2
1387,382,1,2
1387,383,1,2
1387,384,1,2
1387,385,1,2
1387,386,1,2
1387,387,1,2
1387,388,1,2
1387,389,1,2
1387,390,1,2
1387,391,1,2
1387,392,1,2
1387,393,1,2
1387,394,1,2
1387,395,1,2
1387,396,1,2
1387,397,1,2
1387,398,1,2
1387,399,1,2
1387,400,1,2
1387,401,1,2
1387,402,1,2
1387,403,1,2
1387,404,1,2
1387,405,1,2
1387,406,1,2
1387,407,1,2
1387,408,1,2
1387,409,1,2
1387,410,1,2
1387,411,1,2
1387,412,1,2
1387,413,1,2
1387,414,1,2
1387,415,1,2
1387,416,1,2
1387,417,1,2
1387,418,1,2
1387,419,1,2
1387,420,1,2
1387,421,1,2
1387,422,1,2
1387,423,1,2
1387,424,1,2
1387,425,1,2
1387,426,1,2
1387,427,1,2
1387,428,1,2
1387,429,1,2
1387,430,1,2
1387,431,1,2
1387,432,1,2
1387,433,1,2
1387,434,1,2
1387,435,1,2
1387,436,1,2
1387,437,1,2
1387,438,1,2
1387,439,1,2
1387,440,1,2
1387,441,1,2
1387,442,1,2
1387,443,1,2
1387,444,1,2
1387,445,1,2
1387,446,1,2
1387,447,1,2
1387,448,1,2
1387,449,1,2
1387,450,1,2
1387,451,1,2
1387,452,1,2
1387,453,1,2
1387,454,1,2
1387,455,1,2
1387,456,1,2
1387,457,1,2
1387,458,1,2
1387,459,1,2
1387,460,1,2
1387,461,1,2
1387,462,1,2
1387,463,1,2
1387,464,1,2
1387,465,1,2
1387,466,1,2
1387,467,1,2
1388,112,1,3
1388,113,1,2
1388,114,1,3
1388,115,1,3
1388,116,1,3
1388,117,1,3
1388,118,1,3
1388,119,1,3
1388,120,1,3
1388,121,1,3
1388,122,1,3
1388,123,1,3
1388,124,1,3
1388,125,1,3
1388,126,1,3
1388,127,1,3
1388,128,1,3
1388,129,1,3
1388,130,1,3
1388,131,1,3
1388,132,1,3
1388,133,1,3
1388,134,1,2
1388,135,1,2
1388,136,1,2
1388,137,1,2
1388,138,1,2
1388,139,1,2
1388,140,1,2
1388,141,1,2
1388,142,1,2
1388,143,1,2
1388,144,1,2
1388,145,1,2
1388,146,1,2
1388,147,1,2
1388,148,1,2
1388,149,1,2
1388,150,1,2
1388,151,1,2
1388,152,1,2
1388,153,1,2
1388,154,1,2
1388,155,1,2
1388,156,1,2
1388,157,1,2
1388,158,1,2
1388,159,1,2
1388,160,1,2
1388,161,1,2
1388,162,1,2
1388,163,1,2
1388,164,1,2
1388,165,1,2
1388,166,1,2
1388,167,1,2
1388,168,1,2
1388,169,1,2
1388,170,1,2
1388,171,1,2
1388,172,1,2
1388,173,1,2
1388,174,1,2
1388,175,1,2
1388,176,1,2
1388,177,1,2
1388,178,1,2
1388,179,1,2
1388,180,1,2
1388,181,1,2
1388,182,1,2
1388,183,1,2
1388,184,1,2
1388,185,1,2
1388,186,1,2
1388,187,1,2
1388,188,1,2
1388,189,1,2
1388,190,1,2
1388,191,1,2
1388,192,1,2
1388,193,1,2
1388,194,1,2
1388,195,1,2
1388,196,1,2
1388,197,1,2
1388,198,1,2
1388,199,1,2
1388,200,1,2
1388,201,1,2
1388,202,1,2
1388,203,1,2
1388,204,1,2
1388,205,1,2
1388,206,1,2
1388,207,1,2
1388,208,1,2
1388,209,1,2
1388,210,1,2
1388,211,1,2
1388,212,1,2
1388,213,1,2
1388,214,1,2
1388,215,1,2
1388,216,1,2
1388,217,1,2
1388,218,1,2
1388,219,1,2
1388,220,1,2
1388,221,1,2
1388,222,1,2
1388,223,1,2
1388,224,1,2
1388,225,1,2
1388,226,1,2
1388,227,1,2
1388,228,1,2
1388,229,1,2
1388,230,1,2
1388,231,1,2
1388,232,1,2
1388,233,1,2
1388,234,1,2
1388,235,1,2
1388,236,1,2
1388,237,1,2
1388,238,1,2
1388,239,1,2
1388,240,1,2
1388,241,1,2
1388,242,1,2
1388,243,1,2
1388,244,1,2
1388,245,1,2
1388,246,1,2
1388,247,1,2
1388,248,1,2
1388,249,1,2
1388,250,1,2
1388,251,1,2
1388,252,1,2
1388,253,1,2
1388,254,1,2
1388,255,1,2
1388,256,1,2
1388,257,1,2
1388,258,1,2
1388,259,1,2
1388,260,1,2
1388,261,1,2
1388,262,1,2
1388,263,1,2
1388,264,1,2
1388,265,1,2
1388,266,1,2
1388,267,1,2
1388,268,1,2
1388,269,1,2
1388,270,1,2
1388,271,1,2
1388,272,1,2
1388,273,1,2
1388,274,1,2
1388,275,1,2
1388,276,1,2
1388,277,1,2
1388,278,1,2
1388,279,1,2
1388,280,1,2
1388,281,1,2
1388,282,1,2
1388,283,1,2
1388,284,1,2
1388,285,1,2
1388,286,1,2
1388,287,1,2
1388,288,1,2
1388,289,1,2
1388,290,1,2
1388,291,1,2
1388,292,1,2
1388,293,1,2
1388,294,1,2
1388,295,1,2
1388,296,1,2
1388,297,1,2
1388,298,1,2
1388,299,1,2
1388,300,1,2
1388,301,1,2
1388,302,1,2
1388,303,1,2
1388,304,1,2
1388,305,1,2
1388,306,1,2
1388,307,1,2
1388,308,1,2
1388,309,1,2
1388,310,1,2
1388,311,1,2
1388,312,1,2
1388,313,1,2
1388,314,1,2
1388,315,1,2
1388,316,1,2
1388,317,1,2
1388,318,1,2
1388,319,1,2
1388,320,1,2
1388,321,1,2
1388,322,1,2
1388,323,1,2
1388,324,1,2
1388,325,1,2
1388,326,1,2
1388,327,1,2
1388,328,1,2
1388,329,1,2
1388,330,1,2
1388,331,1,2
1388,332,1,2
1388,333,1,2
1388,334,1,2
1388,335,1,2
1388,336,1,2
1388,337,1,2
1388,338,1,2
1388,339,1,2
1388,340,1,2
1388,341,1,2
1388,342,1,2
1388,343,1,2
1388,344,1,2
1388,345,1,2
1388,346,1,2
1388,347,1,2
1388,348,1,2
1388,349,1,2
1388,350,1,2
1388,351,1,2
1388,352,1,2
1388,353,1,2
1388,354,1,2
1388,355,1,2
1388,356,1,2
1388,357,1,2
1388,358,1,2
1388,359,1,2
1388,360,1,2
1388,361,1,2
1388,362,1,2
1388,363,1,2
1388,364,1,2
1388,365,1,2
1388,366,1,2
1388,367,1,2
1388,368,1,2
1388,369,1,2
1388,370,1,2
1388,371,1,2
1388,372,1,2
1388,373,1,2
1388,374,1,2
1388,375,1,2
1388,376,1,2
1388,377,1,2
1388,378,1,2
1388,379,1,2
1388,380,1,2
1388,381,1,2
1388,382,1,2
1388,383,1,2
1388,384,1,2
1388,385,1,2
1388,386,1,2
1388,387,1,2
1388,388,1,2
1388,389,1,2
1388,390,1,2
1388,391,1,2
1388,392,1,2
1388,393,1,2
1388,394,1,2
1388,395,1,2
1388,396,1,2
1388,397,1,2
1388,398,1,2
1388,399,1,2
1388,400,1,2
1388,401,1,2
1388,402,1,2
1388,403,1,2
1388,404,1,2
1388,405,1,2
1388,406,1,2
1388,407,1,2
1388,408,1,2
1388,409,1,2
1388,410,1,2
1388,411,1,2
1388,412,1,2
1388,413,1,2
1388,414,1,2
1388,415,1,2
1388,416,1,2
1388,417,1,2
1388,418,1,2
1388,419,1,2
1388,420,1,2
1388,421,1,2
1388,422,1,2
1388,423,1,2
1388,424,1,2
1388,425,1,2
1388,426,1,2
1388,427,1,2
1388,428,1,2
1388,429,1,2
1388,430,1,2
1388,431,1,2
1388,432,1,2
1388,433,1,2
1388,434,1,2
1388,435,1,2
1388,436,1,2
1388,437,1,2
1388,438,1,2
1388,439,1,2
1388,440,1,2
1388,441,1,2
1388,442,1,2
1388,443,1,2
1388,444,1,2
1388,445,1,2
1388,446,1,2
1388,447,1,2
1388,448,1,2
1388,449,1,2
1388,450,1,2
1388,451,1,2
1388,452,1,2
1388,453,1,2
1388,454,1,2
1388,455,1,2
1388,456,1,2
1388,457,1,2
1388,458,1,2
1388,459,1,2
1388,460,1,2
1388,461,1,2
1388,462,1,2
1388,463,1,2
1388,464,1,2
1388,465,1,2
1388,466,1,2
1388,467,1,2
1389,112,1,2
1389,113,1,2
1389,114,1,2
1389,115,1,2
1389,116,1,3
1389,117,1,3
1389,118,1,3
1389,119,1,3
1389,120,1,3
1389,121,1,3
1389,122,1,3
1389,123,1,3
1389,124,1,3
1389,125,1,3
1389,126,1,3
1389,127,1,3
1389,128,1,3
1389,129,1,3
1389,130,1,3
1389,131,1,3
1389,132,1,3
1389,133,1,2
1389,134,1,2
1389,135,1,2
1389,136,1,2
1389,137,1,2
1389,138,1,2
1389,139,1,2
1389,140,1,2
1389,141,1,2
1389,142,1,2
1389,143,1,2
1389,144,1,2
1389,145,1,2
1389,146,1,2
1389,147,1,2
1389,148,1,2
1389,149,1,2
1389,150,1,2
1389,151,1,2
1389,152,1,2
1389,153,1,2
1389,154,1,2
1389,155,1,2
1389,156,1,2
1389,157,1,2
1389,158,1,2
1389,159,1,2
1389,160,1,2
1389,161,1,2
1389,162,1,2
1389,163,1,2
1389,164,1,2
1389,165,1,2
1389,166,1,2
1389,167,1,2
1389,168,1,2
1389,169,1,2
1389,170,1,2
1389,171,1,2
1389,172,1,2
1389,173,1,2
1389,174,1,2
1389,175,1,2
1389,176,1,2
1389,177,1,2
1389,178,1,2
1389,179,1,2
1389,180,1,2
1389,181,1,2
1389,182,1,2
1389,183,1,2
1389,184,1,2
1389,185,1,2
1389,186,1,2
1389,187,1,2
1389,188,1,2
1389,189,1,2
1389,190,1,2
1389,191,1,2
1389,192,1,2
1389,193,1,2
1389,194,1,2
1389,195,1,2
1389,196,1,2
1389,197,1,2
1389,198,1,2
1389,199,1,2
1389,200,1,2
1389,201,1,2
1389,202,1,2
1389,203,1,2
1389,204,1,2
1389,205,1,2
1389,206,1,2
1389,207,1,2
1389,208,1,2
1389,209,1,2
1389,210,1,2
1389,211,1,2
1389,212,1,2
1389,213,1,2
1389,214,1,2
1389,215,1,2
1389,216,1,2
1389,217,1,2
1389,218,1,2
1389,219,1,2
1389,220,1,2
1389,221,1,2
1389,222,1,2
1389,223,1,2
1389,224,1,2
1389,225,1,2
1389,226,1,2
1389,227,1,2
1389,228,1,2
1389,229,1,2
1389,230,1,2
1389,231,1,2
1389,232,1,2
1389,233,1,2
1389,234,1,2
1389,235,1,2
1389,236,1,2
1389,237,1,2
1389,238,1,2
1389,239,1,2
1389,240,1,2
1389,241,1,2
1389,242,1,2
1389,243,1,2
1389,244,1,2
1389,245,1,2
1389,246,1,2
1389,247,1,2
1389,248,1,2
1389,249,1,2
1389,250,1,2
1389,251,1,2
1389,252,1,2
1389,253,1,2
1389,254,1,2
1389,255,1,2
1389,256,1,2
1389,257,1,2
1389,258,1,2
1389,259,1,2
1389,260,1,2
1389,261,1,2
1389,262,1,2
1389,263,1,2
1389,264,1,2
1389,265,1,2
1389,266,1,2
1389,267,1,2
1389,268,1,2
1389,269,1,2
1389,270,1,2
1389,271,1,2
1389,272,1,2
1389,273,1,2
1389,274,1,2
1389,275,1,2
1389,276,1,2
1389,277,1,2
1389,278,1,2
1389,279,1,2
1389,280,1,2
1389,281,1,2
1389,282,1,2
1389,283,1,2
1389,284,1,2
1389,285,1,2
1389,286,1,2
1389,287,1,2
1389,288,1,2
1389,289,1,2
1389,290,1,2
1389,291,1,2
1389,292,1,2
1389,293,1,2
1389,294,1,2
1389,295,1,2
1389,296,1,2
1389,297,1,2
1389,298,1,2
1389,299,1,2
1389,300,1,2
1389,301,1,2
1389,302,1,2
1389,303,1,2
1389,304,1,2
1389,305,1,2
1389,306,1,2
1389,307,1,2
1389,308,1,2
1389,309,1,2
1389,310,1,2
1389,311,1,2
1389,312,1,2
1389,313,1,2
1389,314,1,2
1389,315,1,2
1389,316,1,2
1389,317,1,2
1389,318,1,2
1389,319,1,2
1389,320,1,2
1389,321,1,2
1389,322,1,2
1389,323,1,2
1389,324,1,2
1389,325,1,2
1389,326,1,2
1389,327,1,2
1389,328,1,2
1389,329,1,2
1389,330,1,2
1389,331,1,2
1389,332,1,2
1389,333,1,2
1389,334,1,2
1389,335,1,2
1389,336,1,2
1389,337,1,2
1389,338,1,2
1389,339,1,2
1389,340,1,2
1389,341,1,2
1389,342,1,2
1389,343,1,2
1389,344,1,2
1389,345,1,2
1389,346,1,2
1389,347,1,2
1389,348,1,2
1389,349,1,2
1389,350,1,2
1389,351,1,2
1389,352,1,2
1389,353,1,2
1389,354,1,2
1389,355,1,2
1389,356,1,2
1389,357,1,2
1389,358,1,2
1389,359,1,2
1389,360,1,2
1389,361,1,2
1389,362,1,2
1389,363,1,2
1389,364,1,2
1389,365,1,2
1389,366,1,2
1389,367,1,2
1389,368,1,2
1389,369,1,2
1389,370,1,2
1389,371,1,2
1389,372,1,2
1389,373,1,2
1389,374,1,2
1389,375,1,2
1389,376,1,2
1389,377,1,2
1389,378,1,2
1389,379,1,2
1389,380,1,2
1389,381,1,2
1389,382,1,2
1389,383,1,2
1389,384,1,2
1389,385,1,2
1389,386,1,2
1389,387,1,2
1389,388,1,2
1389,389,1,2
1389,390,1,2
1389,391,1,2
1389,392,1,2
1389,393,1,2
1389,394,1,2
1389,395,1,2
1389,396,1,2
1389,397,1,2
1389,398,1,2
1389,399,1,2
1389,400,1,2
1389,401,1,2
1389,402,1,2
1389,403,1,2
1389,404,1,2
1389,405,1,2
1389,406,1,2
1389,407,1,2
1389,408,1,2
1389,409,1,2
1389,410,1,2
1389,411,1,2
1389,412,1,2
1389,413,1,2
1389,414,1,2
1389,415,1,2
1389,416,1,2
1389,417,1,2
1389,418,1,2
1389,419,1,2
1389,420,1,2
1389,421,1,2
1389,422,1,2
1389,423,1,2
1389,424,1,2
1389,425,1,2
1389,426,1,2
1389,427,1,2
1389,428,1,2
1389,429,1,2
1389,430,1,2
1389,431,1,2
1389,432,1,2
1389,433,1,2
1389,434,1,2
1389,435,1,2
1389,436,1,2
1389,437,1,2
1389,438,1,2
1389,439,1,2
1389,440,1,2
1389,441,1,2
1389,442,1,2
1389,443,1,2
1389,444,1,2
1389,445,1,2
1389,446,1,2
1389,447,1,2
1389,448,1,2
1389,449,1,2
1389,450,1,2
1389,451,1,2
1389,452,1,2
1389,453,1,2
1389,454,1,2
1389,455,1,2
1389,456,1,2
1389,457,1,2
1389,458,1,2
1389,459,1,2
1389,460,1,2
1389,461,1,2
1389,462,1,2
1389,463,1,2
1389,464,1,2
1389,465,1,2
1389,466,1,2
1389,467,1,2
1390,112,1,2
1390,113,1,2
1390,114,1,2
1390,115,1,2
1390,116,1,2
1390,117,1,3
1390,118,1,3
1390,119,1,3
1390,120,1,3
1390,121,1,3
1390,122,1,3
1390,123,1,3
1390,124,1,3
1390,125,1,3
1390,126,1,3
1390,127,1,3
1390,128,1,3
1390,129,1,3
1390,130,1,3
1390,131,1,3
1390,132,1,3
1390,133,1,2
1390,134,1,2
1390,135,1,2
1390,136,1,2
1390,137,1,2
1390,138,1,2
1390,139,1,2
1390,140,1,2
1390,141,1,2
1390,142,1,2
1390,143,1,2
1390,144,1,2
1390,145,1,2
1390,146,1,2
1390,147,1,2
1390,148,1,2
1390,149,1,2
1390,150,1,2
1390,151,1,2
1390,152,1,2
1390,153,1,2
1390,154,1,2
1390,155,1,2
1390,156,1,2
1390,157,1,2
1390,158,1,2
1390,159,1,2
1390,160,1,2
1390,161,1,2
1390,162,1,2
1390,163,1,2
1390,164,1,2
1390,165,1,2
1390,166,1,2
1390,167,1,2
1390,168,1,2
1390,169,1,2
1390,170,1,2
1390,171,1,2
1390,172,1,2
1390,173,1,2
1390,174,1,2
1390,175,1,2
1390,176,1,2
1390,177,1,2
1390,178,1,2
1390,179,1,2
1390,180,1,2
1390,181,1,2
1390,182,1,2
1390,183,1,2
1390,184,1,2
1390,185,1,2
1390,186,1,2
1390,187,1,2
1390,188,1,2
1390,189,1,2
1390,190,1,2
1390,191,1,2
1390,192,1,2
1390,193,1,2
1390,194,1,2
1390,195,1,2
1390,196,1,2
1390,197,1,2
1390,198,1,2
1390,199,1,2
1390,200,1,2
1390,201,1,2
1390,202,1,2
1390,203,1,2
1390,204,1,2
1390,205,1,2
1390,206,1,2
1390,207,1,2
1390,208,1,2
1390,209,1,2
1390,210,1,2
1390,211,1,2
1390,212,1,2
1390,213,1,2
1390,214,1,2
1390,215,1,2
1390,216,1,2
1390,217,1,2
1390,218,1,2
1390,219,1,2
1390,220,1,2
1390,221,1,2
1390,222,1,2
1390,223,1,2
1390,224,1,2
1390,225,1,2
1390,226,1,2
1390,227,1,2
1390,228,1,2
1390,229,1,2
1390,230,1,2
1390,231,1,2
1390,232,1,2
1390,233,1,2
1390,234,1,2
1390,235,1,2
1390,236,1,2
1390,237,1,2
1390,238,1,2
1390,239,1,2
1390,240,1,2
1390,241,1,2
1390,242,1,2
1390,243,1,2
1390,244,1,2
1390,245,1,2
1390,246,1,2
1390,247,1,2
1390,248,1,2
1390,249,1,2
1390,250,1,2
1390,251,1,2
1390,252,1,2
1390,253,1,2
1390,254,1,2
1390,255,1,2
1390,256,1,2
1390,257,1,2
1390,258,1,2
1390,259,1,2
1390,260,1,2
1390,261,1,2
1390,262,1,2
1390,263,1,2
1390,264,1,2
1390,265,1,2
1390,266,1,2
1390,267,1,2
1390,268,1,2
1390,269,1,2
1390,270,1,2
1390,271,1,2
1390,272,1,2
1390,273,1,2
1390,274,1,2
1390,275,1,2
1390,276,1,2
1390,277,1,2
1390,278,1,2
1390,279,1,2
1390,280,1,2
1390,281,1,2
1390,282,1,2
1390,283,1,2
1390,284,1,2
1390,285,1,2
1390,286,1,2
1390,287,1,2
1390,288,1,2
1390,289,1,2
1390,290,1,2
1390,291,1,2
1390,292,1,2
1390,293,1,2
1390,294,1,2
1390,295,1,2
1390,296,1,2
1390,297,1,2
1390,298,1,2
1390,299,1,2
1390,300,1,2
1390,301,1,2
1390,302,1,2
1390,303,1,2
1390,304,1,2
1390,305,1,2
1390,306,1,2
1390,307,1,2
1390,308,1,2
1390,309,1,2
1390,310,1,2
1390,311,1,2
1390,312,1,2
1390,313,1,2
1390,314,1,2
1390,315,1,2
1390,316,1,2
1390,317,1,2
1390,318,1,2
1390,319,1,2
1390,320,1,2
1390,321,1,2
1390,322,1,2
1390,323,1,2
1390,324,1,2
1390,325,1,2
1390,326,1,2
1390,327,1,2
1390,328,1,2
1390,329,1,2
1390,330,1,2
1390,331,1,2
1390,332,1,2
1390,333,1,2
1390,334,1,2
1390,335,1,2
1390,336,1,2
1390,337,1,2
1390,338,1,2
1390,339,1,2
1390,340,1,2
1390,341,1,2
1390,342,1,2
1390,343,1,2
1390,344,1,2
1390,345,1,2
1390,346,1,2
1390,347,1,2
1390,348,1,2
1390,349,1,2
1390,350,1,2
1390,351,1,2
1390,352,1,2
1390,353,1,2
1390,354,1,2
1390,355,1,2
1390,356,1,2
1390,357,1,2
1390,358,1,2
1390,359,1,2
1390,360,1,2
1390,361,1,2
1390,362,1,2
1390,363,1,2
1390,364,1,2
1390,365,1,2
1390,366,1,2
1390,367,1,2
1390,368,1,2
1390,369,1,2
1390,370,1,2
1390,371,1,2
1390,372,1,2
1390,373,1,2
1390,374,1,2
1390,375,1,2
1390,376,1,2
1390,377,1,2
1390,378,1,2
1390,379,1,2
1390,380,1,2
1390,381,1,2
1390,382,1,2
1390,383,1,2
1390,384,1,2
1390,385,1,2
1390,386,1,2
1390,387,1,2
1390,388,1,2
1390,389,1,2
1390,390,1,2
1390,391,1,2
1390,392,1,2
1390,393,1,2
1390,394,1,2
1390,395,1,2
1390,396,1,2
1390,397,1,2
1390,398,1,2
1390,399,1,2
1390,400,1,2
1390,401,1,2
1390,402,1,2
1390,403,1,2
1390,404,1,2
1390,405,1,2
1390,406,1,2
1390,407,1,2
1390,408,1,2
1390,409,1,2
1390,410,1,2
1390,411,1,2
1390,412,1,2
1390,413,1,2
1390,414,1,2
1390,415,1,2
1390,416,1,2
1390,417,1,2
1390,418,1,2
1390,419,1,2
1390,420,1,2
1390,421,1,2
1390,422,1,2
1390,423,1,2
1390,424,1,2
1390,425,1,2
1390,426,1,2
1390,427,1,2
1390,428,1,2
1390,429,1,2
1390,430,1,2
1390,431,1,2
1390,432,1,2
1390,433,1,2
1390,434,1,2
1390,435,1,2
1390,436,1,2
1390,437,1,2
1390,438,1,2
1390,439,1,2
1390,440,1,2
1390,441,1,2
1390,442,1,2
1390,443,1,2
1390,444,1,2
1390,445,1,2
1390,446,1,2
1390,447,1,2
1390,448,1,2
1390,449,1,2
1390,450,1,2
1390,451,1,2
1390,452,1,2
1390,453,1,2
1390,454,1,2
1390,455,1,2
1390,456,1,2
1390,457,1,2
1390,458,1,2
1390,459,1,2
1390,460,1,2
1390,461,1,2
1390,462,1,2
1390,463,1,2
1390,464,1,2
1390,465,1,2
1390,466,1,2
1390,467,1,2
1391,113,1,2
1391,114,1,2
1391,115,1,2
1391,116,1,2
1391,117,1,3
1391,118,1,3
1391,119,1,3
1391,120,1,3
1391,121,1,3
1391,122,1,3
1391,123,1,3
1391,124,1,3
1391,125,1,3
1391,126,1,3
1391,127,1,3
1391,128,1,3
1391,129,1,3
1391,130,1,3
1391,131,1,3
1391,132,1,3
1391,133,1,2
1391,134,1,2
1391,135,1,2
1391,136,1,2
1391,137,1,2
1391,138,1,2
1391,139,1,2
1391,140,1,2
1391,141,1,2
1391,142,1,2
1391,143,1,2
1391,144,1,2
1391,145,1,2
1391,146,1,2
1391,147,1,2
1391,148,1,2
1391,149,1,2
1391,150,1,2
1391,151,1,2
1391,152,1,2
1391,153,1,2
1391,154,1,2
1391,155,1,2
1391,156,1,2
1391,157,1,2
1391,158,1,2
1391,159,1,2
1391,160,1,2
1391,161,1,2
1391,162,1,2
1391,163,1,2
1391,164,1,2
1391,165,1,2
1391,166,1,2
1391,167,1,2
1391,168,1,2
1391,169,1,2
1391,170,1,2
1391,171,1,2
1391,172,1,2
1391,173,1,2
1391,174,1,2
1391,175,1,2
1391,176,1,2
1391,177,1,2
1391,178,1,2
1391,179,1,2
1391,180,1,2
1391,181,1,2
1391,182,1,2
1391,183,1,2
1391,184,1,2
1391,185,1,2
1391,186,1,2
1391,187,1,2
1391,188,1,2
1391,189,1,2
1391,190,1,2
1391,191,1,2
1391,192,1,2
1391,193,1,2
1391,194,1,2
1391,195,1,2
1391,196,1,2
1391,197,1,2
1391,198,1,2
1391,199,1,2
1391,200,1,2
1391,201,1,2
1391,202,1,2
1391,203,1,2
1391,204,1,2
1391,205,1,2
1391,206,1,2
1391,207,1,2
1391,208,1,2
1391,209,1,2
1391,210,1,2
1391,211,1,2
1391,212,1,2
1391,213,1,2
1391,214,1,2
1391,215,1,2
1391,216,1,2
1391,217,1,2
1391,218,1,2
1391,219,1,2
1391,220,1,2
1391,221,1,2
1391,222,1,2
1391,223,1,2
1391,224,1,2
1391,225,1,2
1391,226,1,2
1391,227,1,2
1391,228,1,2
1391,229,1,2
1391,230,1,2
1391,231,1,2
1391,232,1,2
1391,233,1,2
1391,234,1,2
1391,235,1,2
1391,236,1,2
1391,237,1,2
1391,238,1,2
1391,239,1,2
1391,240,1,2
1391,241,1,2
1391,242,1,2
1391,243,1,2
1391,244,1,2
1391,245,1,2
1391,246,1,2
1391,247,1,2
1391,248,1,2
1391,249,1,2
1391,250,1,2
1391,251,1,2
1391,252,1,2
1391,253,1,2
1391,254,1,2
1391,255,1,2
1391,256,1,2
1391,257,1,2
1391,258,1,2
1391,259,1,2
1391,260,1,2
1391,261,1,2
1391,262,1,2
1391,263,1,2
1391,264,1,2
1391,265,1,2
1391,266,1,2
1391,267,1,2
1391,268,1,2
1391,269,1,2
1391,270,1,2
1391,271,1,2
1391,272,1,2
1391,273,1,2
1391,274,1,2
1391,275,1,2
1391,276,1,2
1391,277,1,2
1391,278,1,2
1391,279,1,2
1391,280,1,2
1391,281,1,2
1391,282,1,2
1391,283,1,2
1391,284,1,2
1391,285,1,2
1391,286,1,2
1391,287,1,2
1391,288,1,2
1391,289,1,2
1391,290,1,2
1391,291,1,2
1391,292,1,2
1391,293,1,2
1391,294,1,2
1391,295,1,2
1391,296,1,2
1391,297,1,2
1391,298,1,2
1391,299,1,2
1391,300,1,2
1391,301,1,2
1391,302,1,2
1391,303,1,2
1391,304,1,2
1391,305,1,2
1391,306,1,2
1391,307,1,2
1391,308,1,2
1391,309,1,2
1391,310,1,2
1391,311,1,2
1391,312,1,2
1391,313,1,2
1391,314,1,2
1391,315,1,2
1391,316,1,2
1391,317,1,2
1391,318,1,2
1391,319,1,2
1391,320,1,2
1391,321,1,2
1391,322,1,2
1391,323,1,2
1391,324,1,2
1391,325,1,2
1391,326,1,2
1391,327,1,2
1391,328,1,2
1391,329,1,2
1391,330,1,2
1391,331,1,2
1391,332,1,2
1391,333,1,2
1391,334,1,2
1391,335,1,2
1391,336,1,2
1391,337,1,2
1391,338,1,2
1391,339,1,2
1391,340,1,2
1391,341,1,2
1391,342,1,2
1391,343,1,2
1391,344,1,2
1391,345,1,2
1391,346,1,2
1391,347,1,2
1391,348,1,2
1391,349,1,2
1391,350,1,2
1391,351,1,2
1391,352,1,2
1391,353,1,2
1391,354,1,2
1391,355,1,2
1391,356,1,2
1391,357,1,2
1391,358,1,2
1391,359,1,2
1391,360,1,2
1391,361,1,2
1391,362,1,2
1391,363,1,2
1391,364,1,2
1391,365,1,2
1391,366,1,2
1391,367,1,2
1391,368,1,2
1391,369,1,2
1391,370,1,2
1391,371,1,2
1391,372,1,2
1391,373,1,2
1391,374,1,2
1391,375,1,2
1391,376,1,2
1391,377,1,2
1391,378,1,2
1391,379,1,2
1391,380,1,2
1391,381,1,2
1391,382,1,2
1391,383,1,2
1391,384,1,2
1391,385,1,2
1391,386,1,2
1391,387,1,2
1391,388,1,2
1391,389,1,2
1391,390,1,2
1391,391,1,2
1391,392,1,2
1391,393,1,2
1391,394,1,2
1391,395,1,2
1391,396,1,2
1391,397,1,2
1391,398,1,2
1391,399,1,2
1391,400,1,2
1391,401,1,2
1391,402,1,2
1391,403,1,2
1391,404,1,2
1391,405,1,2
1391,406,1,2
1391,407,1,2
1391,408,1,2
1391,409,1,2
1391,410,1,2
1391,411,1,2
1391,412,1,2
1391,413,1,2
1391,414,1,2
1391,415,1,2
1391,416,1,2
1391,417,1,2
1391,418,1,2
1391,419,1,2
1391,420,1,2
1391,421,1,2
1391,422,1,2
1391,423,1,2
1391,424,1,2
1391,425,1,2
1391,426,1,2
1391,427,1,2
1391,428,1,2
1391,429,1,2
1391,430,1,2
1391,431,1,2
1391,432,1,2
1391,433,1,2
1391,434,1,2
1391,435,1,2
1391,436,1,2
1391,437,1,2
1391,438,1,2
1391,439,1,2
1391,440,1,2
1391,441,1,2
1391,442,1,2
1391,443,1,2
1391,444,1,2
1391,445,1,2
1391,446,1,2
1391,447,1,2
1391,448,1,2
1391,449,1,2
1391,450,1,2
1391,451,1,2
1391,452,1,2
1391,453,1,2
1391,454,1,2
1391,455,1,2
1391,456,1,2
1391,457,1,2
1391,458,1,2
1391,459,1,2
1391,460,1,2
1391,461,1,2
1391,462,1,2
1391,463,1,2
1391,464,1,2
1391,465,1,2
1391,466,1,2
1391,467,1,2
1392,113,1,2
1392,114,1,2
1392,115,1,2
1392,116,1,2
1392,117,1,2
1392,118,1,2
1392,119,1,2
1392,120,1,3
1392,121,1,3
1392,122,1,3
1392,123,1,3
1392,124,1,3
1392,125,1,3
1392,126,1,3
1392,127,1,3
1392,128,1,3
1392,129,1,3
1392,130,1,3
1392,131,1,3
1392,132,1,3
1392,133,1,2
1392,134,1,2
1392,135,1,2
1392,136,1,2
1392,137,1,2
1392,138,1,2
1392,139,1,2
1392,140,1,2
1392,141,1,2
1392,142,1,2
1392,143,1,2
1392,144,1,2
1392,145,1,2
1392,146,1,2
1392,147,1,2
1392,148,1,2
1392,149,1,2
1392,150,1,2
1392,151,1,2
1392,152,1,2
1392,153,1,2
1392,154,1,2
1392,155,1,2
1392,156,1,2
1392,157,1,2
1392,158,1,2
1392,159,1,2
1392,160,1,2
1392,161,1,2
1392,162,1,2
1392,163,1,2
1392,164,1,2
1392,165,1,2
1392,166,1,2
1392,167,1,2
1392,168,1,2
1392,169,1,2
1392,170,1,2
1392,171,1,2
1392,172,1,2
1392,173,1,2
1392,174,1,2
1392,175,1,2
1392,176,1,2
1392,177,1,2
1392,178,1,2
1392,179,1,2
1392,180,1,2
1392,181,1,2
1392,182,1,2
1392,183,1,2
1392,184,1,2
1392,185,1,2
1392,186,1,2
1392,187,1,2
1392,188,1,2
1392,189,1,2
1392,190,1,2
1392,191,1,2
1392,192,1,2
1392,193,1,2
1392,194,1,2
1392,195,1,2
1392,196,1,2
1392,197,1,2
1392,198,1,2
1392,199,1,2
1392,200,1,2
1392,201,1,2
1392,202,1,2
1392,203,1,2
1392,204,1,2
1392,205,1,2
1392,206,1,2
1392,207,1,2
1392,208,1,2
1392,209,1,2
1392,210,1,2
1392,211,1,2
1392,212,1,2
1392,213,1,2
1392,214,1,2
1392,215,1,2
1392,216,1,2
1392,217,1,2
1392,218,1,2
1392,219,1,2
1392,220,1,2
1392,221,1,2
1392,222,1,2
1392,223,1,2
1392,224,1,2
1392,225,1,2
1392,226,1,2
1392,227,1,2
1392,228,1,2
1392,229,1,2
1392,230,1,2
1392,231,1,2
1392,232,1,2
1392,233,1,2
1392,234,1,2
1392,235,1,2
1392,236,1,2
1392,237,1,2
1392,238,1,2
1392,239,1,2
1392,240,1,2
1392,241,1,2
1392,242,1,2
1392,243,1,2
1392,244,1,2
1392,245,1,2
1392,246,1,2
1392,247,1,2
1392,248,1,2
1392,249,1,2
1392,250,1,2
1392,251,1,2
1392,252,1,2
1392,253,1,2
1392,254,1,2
1392,255,1,2
1392,256,1,2
1392,257,1,2
1392,258,1,2
1392,259,1,2
1392,260,1,2
1392,261,1,2
1392,262,1,2
1392,263,1,2
1392,264,1,2
1392,265,1,2
1392,266,1,2
1392,267,1,2
1392,268,1,2
1392,269,1,2
1392,270,1,2
1392,271,1,2
1392,272,1,2
1392,273,1,2
1392,274,1,2
1392,275,1,2
1392,276,1,2
1392,277,1,2
1392,278,1,2
1392,279,1,2
1392,280,1,2
1392,281,1,2
1392,282,1,2
1392,283,1,2
1392,284,1,2
1392,285,1,2
1392,286,1,2
1392,287,1,2
1392,288,1,2
1392,289,1,2
1392,290,1,2
1392,291,1,2
1392,292,1,2
1392,293,1,2
1392,294,1,2
1392,295,1,2
1392,296,1,2
1392,297,1,2
1392,298,1,2
1392,299,1,2
1392,300,1,2
1392,301,1,2
1392,302,1,2
1392,303,1,2
1392,304,1,2
1392,305,1,2
1392,306,1,2
1392,307,1,2
1392,308,1,2
1392,309,1,2
1392,310,1,2
1392,311,1,2
1392,312,1,2
1392,313,1,2
1392,314,1,2
1392,315,1,2
1392,316,1,2
1392,317,1,2
1392,318,1,2
1392,319,1,2
1392,320,1,2
1392,321,1,2
1392,322,1,2
1392,323,1,2
1392,324,1,2
1392,325,1,2
1392,326,1,2
1392,327,1,2
1392,328,1,2
1392,329,1,2
1392,330,1,2
1392,331,1,2
1392,332,1,2
1392,333,1,2
1392,334,1,2
1392,335,1,2
1392,336,1,2
1392,337,1,2
1392,338,1,2
1392,339,1,2
1392,340,1,2
1392,341,1,2
1392,342,1,2
1392,343,1,2
1392,344,1,2
1392,345,1,2
1392,346,1,2
1392,347,1,2
1392,348,1,2
1392,349,1,2
1392,350,1,2
1392,351,1,2
1392,352,1,2
1392,353,1,2
1392,354,1,2
1392,355,1,2
1392,356,1,2
1392,357,1,2
1392,358,1,2
1392,359,1,2
1392,360,1,2
1392,361,1,2
1392,362,1,2
1392,363,1,2
1392,364,1,2
1392,365,1,2
1392,366,1,2
1392,367,1,2
1392,368,1,2
1392,369,1,2
1392,370,1,2
1392,371,1,2
1392,372,1,2
1392,373,1,2
1392,374,1,2
1392,375,1,2
1392,376,1,2
1392,377,1,2
1392,378,1,2
1392,379,1,2
1392,380,1,2
1392,381,1,2
1392,382,1,2
1392,383,1,2
1392,384,1,2
1392,385,1,2
1392,386,1,2
1392,387,1,2
1392,388,1,2
1392,389,1,2
1392,390,1,2
1392,391,1,2
1392,392,1,2
1392,393,1,2
1392,394,1,2
1392,395,1,2
1392,396,1,2
1392,397,1,2
1392,398,1,2
1392,399,1,2
1392,400,1,2
1392,401,1,2
1392,402,1,2
1392,403,1,2
1392,404,1,2
1392,405,1,2
1392,406,1,2
1392,407,1,2
1392,408,1,2
1392,409,1,2
1392,410,1,2
1392,411,1,2
1392,412,1,2
1392,413,1,2
1392,414,1,2
1392,415,1,2
1392,416,1,2
1392,417,1,2
1392,418,1,2
1392,419,1,2
1392,420,1,2
1392,421,1,2
1392,422,1,2
1392,423,1,2
1392,424,1,2
1392,425,1,2
1392,426,1,2
1392,427,1,2
1392,428,1,2
1392,429,1,2
1392,430,1,2
1392,431,1,2
1392,432,1,2
1392,433,1,2
1392,434,1,2
1392,435,1,2
1392,436,1,2
1392,437,1,2
1392,438,1,2
1392,439,1,2
1392,440,1,2
1392,441,1,2
1392,442,1,2
1392,443,1,2
1392,444,1,2
1392,445,1,2
1392,446,1,2
1392,447,1,2
1392,448,1,2
1392,449,1,2
1392,450,1,2
1392,451,1,2
1392,452,1,2
1392,453,1,2
1392,454,1,2
1392,455,1,2
1392,456,1,2
1392,457,1,2
1392,458,1,2
1392,459,1,2
1392,460,1,2
1392,461,1,2
1392,462,1,2
1392,463,1,2
1392,464,1,2
1392,465,1,2
1392,466,1,2
1392,467,1,2
1393,113,1,2
1393,114,1,2
1393,115,1,2
1393,116,1,2
1393,117,1,2
1393,118,1,2
1393,119,1,2
1393,120,1,2
1393,121,1,2
1393,122,1,2
1393,123,1,3
1393,124,1,3
1393,125,1,3
1393,126,1,3
1393,127,1,3
1393,128,1,3
1393,129,1,3
1393,130,1,3
1393,131,1,3
1393,132,1,2
1393,133,1,2
1393,134,1,2
1393,135,1,2
1393,136,1,2
1393,137,1,2
1393,138,1,2
1393,139,1,2
1393,140,1,2
1393,141,1,2
1393,142,1,2
1393,143,1,2
1393,144,1,2
1393,145,1,2
1393,146,1,2
1393,147,1,2
1393,148,1,2
1393,149,1,2
1393,150,1,2
1393,151,1,2
1393,152,1,2
1393,153,1,2
1393,154,1,2
1393,155,1,2
1393,156,1,2
1393,157,1,2
1393,158,1,2
1393,159,1,2
1393,160,1,2
1393,161,1,2
1393,162,1,2
1393,163,1,2
1393,164,1,2
1393,165,1,2
1393,166,1,2
1393,167,1,2
1393,168,1,2
1393,169,1,2
1393,170,1,2
1393,171,1,2
1393,172,1,2
1393,173,1,2
1393,174,1,2
1393,175,1,2
1393,176,1,2
1393,177,1,2
1393,178,1,2
1393,179,1,2
1393,180,1,2
1393,181,1,2
1393,182,1,2
1393,183,1,2
1393,184,1,2
1393,185,1,2
1393,186,1,2
1393,187,1,2
1393,188,1,2
1393,189,1,2
1393,190,1,2
1393,191,1,2
1393,192,1,2
1393,193,1,2
1393,194,1,2
1393,195,1,2
1393,196,1,2
1393,197,1,2
1393,198,1,2
1393,199,1,2
1393,200,1,2
1393,201,1,2
1393,202,1,2
1393,203,1,2
1393,204,1,2
1393,205,1,2
1393,206,1,2
1393,207,1,2
1393,208,1,2
1393,209,1,2
1393,210,1,2
1393,211,1,2
1393,212,1,2
1393,213,1,2
1393,214,1,2
1393,215,1,2
1393,216,1,2
1393,217,1,2
1393,218,1,2
1393,219,1,2
1393,220,1,2
1393,221,1,2
1393,222,1,2
1393,223,1,2
1393,224,1,2
1393,225,1,2
1393,226,1,2
1393,227,1,2
1393,228,1,2
1393,229,1,2
1393,230,1,2
1393,231,1,2
1393,232,1,2
1393,233,1,2
1393,234,1,2
1393,235,1,2
1393,236,1,2
1393,237,1,2
1393,238,1,2
1393,239,1,2
1393,240,1,2
1393,241,1,2
1393,242,1,2
1393,243,1,2
1393,244,1,2
1393,245,1,2
1393,246,1,2
1393,247,1,2
1393,248,1,2
1393,249,1,2
1393,250,1,2
1393,251,1,2
1393,252,1,2
1393,253,1,2
1393,254,1,2
1393,255,1,2
1393,256,1,2
1393,257,1,2
1393,258,1,2
1393,259,1,2
1393,260,1,2
1393,261,1,2
1393,262,1,2
1393,263,1,2
1393,264,1,2
1393,265,1,2
1393,266,1,2
1393,267,1,2
1393,268,1,2
1393,269,1,2
1393,270,1,2
1393,271,1,2
1393,272,1,2
1393,273,1,2
1393,274,1,2
1393,275,1,2
1393,276,1,2
1393,277,1,2
1393,278,1,2
1393,279,1,2
1393,280,1,2
1393,281,1,2
1393,282,1,2
1393,283,1,2
1393,284,1,2
1393,285,1,2
1393,286,1,2
1393,287,1,2
1393,288,1,2
1393,289,1,2
1393,290,1,2
1393,291,1,2
1393,292,1,2
1393,293,1,2
1393,294,1,2
1393,295,1,2
1393,296,1,2
1393,297,1,2
1393,298,1,2
1393,299,1,2
1393,300,1,2
1393,301,1,2
1393,302,1,2
1393,303,1,2
1393,304,1,2
1393,305,1,2
1393,306,1,2
1393,307,1,2
1393,308,1,2
1393,309,1,2
1393,310,1,2
1393,311,1,2
1393,312,1,2
1393,313,1,2
1393,314,1,2
1393,315,1,2
1393,316,1,2
1393,317,1,2
1393,318,1,2
1393,319,1,2
1393,320,1,2
1393,321,1,2
1393,322,1,2
1393,323,1,2
1393,324,1,2
1393,325,1,2
1393,326,1,2
1393,327,1,2
1393,328,1,2
1393,329,1,2
1393,330,1,2
1393,331,1,2
1393,332,1,2
1393,333,1,2
1393,334,1,2
1393,335,1,2
1393,336,1,2
1393,337,1,2
1393,338,1,2
1393,339,1,2
1393,340,1,2
1393,341,1,2
1393,342,1,2
1393,343,1,2
1393,344,1,2
1393,345,1,2
1393,346,1,2
1393,347,1,2
1393,348,1,2
1393,349,1,2
1393,350,1,2
1393,351,1,2
1393,352,1,2
1393,353,1,2
1393,354,1,2
1393,355,1,2
1393,356,1,2
1393,357,1,2
1393,358,1,2
1393,359,1,2
1393,360,1,2
1393,361,1,2
1393,362,1,2
1393,363,1,2
1393,364,1,2
1393,365,1,2
1393,366,1,2
1393,367,1,2
1393,368,1,2
1393,369,1,2
1393,370,1,2
1393,371,1,2
1393,372,1,2
1393,373,1,2
1393,374,1,2
1393,375,1,2
1393,376,1,2
1393,377,1,2
1393,378,1,2
1393,379,1,2
1393,380,1,2
1393,381,1,2
1393,382,1,2
1393,383,1,2
1393,384,1,2
1393,385,1,2
1393,386,1,2
1393,387,1,2
1393,388,1,2
1393,389,1,2
1393,390,1,2
1393,391,1,2
1393,392,1,2
1393,393,1,2
1393,394,1,2
1393,395,1,2
1393,396,1,2
1393,397,1,2
1393,398,1,2
1393,399,1,2
1393,400,1,2
1393,401,1,2
1393,402,1,2
1393,403,1,2
1393,404,1,2
1393,405,1,2
1393,406,1,2
1393,407,1,2
1393,408,1,2
1393,409,1,2
1393,410,1,2
1393,411,1,2
1393,412,1,2
1393,413,1,2
1393,414,1,2
1393,415,1,2
1393,416,1,2
1393,417,1,2
1393,418,1,2
1393,419,1,2
1393,420,1,2
1393,421,1,2
1393,422,1,2
1393,423,1,2
1393,424,1,2
1393,425,1,2
1393,426,1,2
1393,427,1,2
1393,428,1,2
1393,429,1,2
1393,430,1,2
1393,431,1,2
1393,432,1,2
1393,433,1,2
1393,434,1,2
1393,435,1,2
1393,436,1,2
1393,437,1,2
1393,438,1,2
1393,439,1,2
1393,440,1,2
1393,441,1,2
1393,442,1,2
1393,443,1,2
1393,444,1,2
1393,445,1,2
1393,446,1,2
1393,447,1,2
1393,448,1,2
1393,449,1,2
1393,450,1,2
1393,451,1,2
1393,452,1,2
1393,453,1,2
1393,454,1,2
1393,455,1,2
1393,456,1,2
1393,457,1,2
1393,458,1,2
1393,459,1,2
1393,460,1,2
1393,461,1,2
1393,462,1,2
1393,463,1,2
1393,464,1,2
1393,465,1,2
1393,466,1,2
1393,467,1,2
1394,113,1,2
1394,114,1,2
1394,115,1,2
1394,116,1,2
1394,117,1,2
1394,118,1,2
1394,119,1,2
1394,120,1,2
1394,121,1,2
1394,122,1,2
1394,123,1,2
1394,124,1,3
1394,125,1,3
1394,126,1,3
1394,127,1,3
1394,128,1,3
1394,129,1,3
1394,130,1,2
1394,131,1,2
1394,132,1,2
1394,133,1,2
1394,134,1,2
1394,135,1,2
1394,136,1,2
1394,137,1,2
1394,138,1,2
1394,139,1,2
1394,140,1,2
1394,141,1,2
1394,142,1,2
1394,143,1,2
1394,144,1,2
1394,145,1,2
1394,146,1,2
1394,147,1,2
1394,148,1,2
1394,149,1,2
1394,150,1,2
1394,151,1,2
1394,152,1,2
1394,153,1,2
1394,154,1,2
1394,155,1,2
1394,156,1,2
1394,157,1,2
1394,158,1,2
1394,159,1,2
1394,160,1,2
1394,161,1,2
1394,162,1,2
1394,163,1,2
1394,164,1,2
1394,165,1,2
1394,166,1,2
1394,167,1,2
1394,168,1,2
1394,169,1,2
1394,170,1,2
1394,171,1,2
1394,172,1,2
1394,173,1,2
1394,174,1,2
1394,175,1,2
1394,176,1,2
1394,177,1,2
1394,178,1,2
1394,179,1,2
1394,180,1,2
1394,181,1,2
1394,182,1,2
1394,183,1,2
1394,184,1,2
1394,185,1,2
1394,186,1,2
1394,187,1,2
1394,188,1,2
1394,189,1,2
1394,190,1,2
1394,191,1,2
1394,192,1,2
1394,193,1,2
1394,194,1,2
1394,195,1,2
1394,196,1,2
1394,197,1,2
1394,198,1,2
1394,199,1,2
1394,200,1,2
1394,201,1,2
1394,202,1,2
1394,203,1,2
1394,204,1,2
1394,205,1,2
1394,206,1,2
1394,207,1,2
1394,208,1,2
1394,209,1,2
1394,210,1,2
1394,211,1,2
1394,212,1,2
1394,213,1,2
1394,214,1,2
1394,215,1,2
1394,216,1,2
1394,217,1,2
1394,218,1,2
1394,219,1,2
1394,220,1,2
1394,221,1,2
1394,222,1,2
1394,223,1,2
1394,224,1,2
1394,225,1,2
1394,226,1,2
1394,227,1,2
1394,228,1,2
1394,229,1,2
1394,230,1,2
1394,231,1,2
1394,232,1,2
1394,233,1,2
1394,234,1,2
1394,235,1,2
1394,236,1,2
1394,237,1,2
1394,238,1,2
1394,239,1,2
1394,240,1,2
1394,241,1,2
1394,242,1,2
1394,243,1,2
1394,244,1,2
1394,245,1,2
1394,246,1,2
1394,247,1,2
1394,248,1,2
1394,249,1,2
1394,250,1,2
1394,251,1,2
1394,252,1,2
1394,253,1,2
1394,254,1,2
1394,255,1,2
1394,256,1,2
1394,257,1,2
1394,258,1,2
1394,259,1,2
1394,260,1,2
1394,261,1,2
1394,262,1,2
1394,263,1,2
1394,264,1,2
1394,265,1,2
1394,266,1,2
1394,267,1,2
1394,268,1,2
1394,269,1,2
1394,270,1,2
1394,271,1,2
1394,272,1,2
1394,273,1,2
1394,274,1,2
1394,275,1,2
1394,276,1,2
1394,277,1,2
1394,278,1,2
1394,279,1,2
1394,280,1,2
1394,281,1,2
1394,282,1,2
1394,283,1,2
1394,284,1,2
1394,285,1,2
1394,286,1,2
1394,287,1,2
1394,288,1,2
1394,289,1,2
1394,290,1,2
1394,291,1,2
1394,292,1,2
1394,293,1,2
1394,294,1,2
1394,295,1,2
1394,296,1,2
1394,297,1,2
1394,298,1,2
1394,299,1,2
1394,300,1,2
1394,301,1,2
1394,302,1,2
1394,303,1,2
1394,304,1,2
1394,305,1,2
1394,306,1,2
1394,307,1,2
1394,308,1,2
1394,309,1,2
1394,310,1,2
1394,311,1,2
1394,312,1,2
1394,313,1,2
1394,314,1,2
1394,315,1,2
1394,316,1,2
1394,317,1,2
1394,318,1,2
1394,319,1,2
1394,320,1,2
1394,321,1,2
1394,322,1,2
1394,323,1,2
1394,324,1,2
1394,325,1,2
1394,326,1,2
1394,327,1,2
1394,328,1,2
1394,329,1,2
1394,330,1,2
1394,331,1,2
1394,332,1,2
1394,333,1,2
1394,334,1,2
1394,335,1,2
1394,336,1,2
1394,337,1,2
1394,338,1,2
1394,339,1,2
1394,340,1,2
1394,341,1,2
1394,342,1,2
1394,343,1,2
1394,344,1,2
1394,345,1,2
1394,346,1,2
1394,347,1,2
1394,348,1,2
1394,349,1,2
1394,350,1,2
1394,351,1,2
1394,352,1,2
1394,353,1,2
1394,354,1,2
1394,355,1,2
1394,356,1,2
1394,357,1,2
1394,358,1,2
1394,359,1,2
1394,360,1,2
1394,361,1,2
1394,362,1,2
1394,363,1,2
1394,364,1,2
1394,365,1,2
1394,366,1,2
1394,367,1,2
1394,368,1,2
1394,369,1,2
1394,370,1,2
1394,371,1,2
1394,372,1,2
1394,373,1,2
1394,374,1,2
1394,375,1,2
1394,376,1,2
1394,377,1,2
1394,378,1,2
1394,379,1,2
1394,380,1,2
1394,381,1,2
1394,382,1,2
1394,383,1,2
1394,384,1,2
1394,385,1,2
1394,386,1,2
1394,387,1,2
1394,388,1,2
1394,389,1,2
1394,390,1,2
1394,391,1,2
1394,392,1,2
1394,393,1,2
1394,394,1,2
1394,395,1,2
1394,396,1,2
1394,397,1,2
1394,398,1,2
1394,399,1,2
1394,400,1,2
1394,401,1,2
1394,402,1,2
1394,403,1,2
1394,404,1,2
1394,405,1,2
1394,406,1,2
1394,407,1,2
1394,408,1,2
1394,409,1,2
1394,410,1,2
1394,411,1,2
1394,412,1,2
1394,413,1,2
1394,414,1,2
1394,415,1,2
1394,416,1,2
1394,417,1,2
1394,418,1,2
1394,419,1,2
1394,420,1,2
1394,421,1,2
1394,422,1,2
1394,423,1,2
1394,424,1,2
1394,425,1,2
1394,426,1,2
1394,427,1,2
1394,428,1,2
1394,429,1,2
1394,430,1,2
1394,431,1,2
1394,432,1,2
1394,433,1,2
1394,434,1,2
1394,435,1,2
1394,436,1,2
1394,437,1,2
1394,438,1,2
1394,439,1,2
1394,440,1,2
1394,441,1,2
1394,442,1,2
1394,443,1,2
1394,444,1,2
1394,445,1,2
1394,446,1,2
1394,447,1,2
1394,448,1,2
1394,449,1,2
1394,450,1,2
1394,451,1,2
1394,452,1,2
1394,453,1,2
1394,454,1,2
1394,455,1,2
1394,456,1,2
1394,457,1,2
1394,458,1,2
1394,459,1,2
1394,460,1,2
1394,461,1,2
1394,462,1,2
1394,463,1,2
1394,464,1,2
1394,465,1,2
1394,466,1,2
1394,467,1,2
1395,113,1,2
1395,114,1,2
1395,115,1,2
1395,116,1,2
1395,117,1,2
1395,118,1,2
1395,119,1,2
1395,120,1,2
1395,121,1,2
1395,122,1,2
1395,123,1,2
1395,124,1,2
1395,125,1,2
1395,126,1,2
1395,127,1,2
1395,128,1,2
1395,129,1,2
1395,130,1,2
1395,131,1,2
1395,132,1,2
1395,133,1,2
1395,134,1,2
1395,135,1,2
1395,136,1,2
1395,137,1,2
1395,138,1,2
1395,139,1,2
1395,140,1,2
1395,141,1,2
1395,142,1,2
1395,143,1,2
1395,144,1,2
1395,145,1,2
1395,146,1,2
1395,147,1,2
1395,148,1,2
1395,149,1,2
1395,150,1,2
1395,151,1,2
1395,152,1,2
1395,153,1,2
1395,154,1,2
1395,155,1,2
1395,156,1,2
1395,157,1,2
1395,158,1,2
1395,159,1,2
1395,160,1,2
1395,161,1,2
1395,162,1,2
1395,163,1,2
1395,164,1,2
1395,165,1,2
1395,166,1,2
1395,167,1,2
1395,168,1,2
1395,169,1,2
1395,170,1,2
1395,171,1,2
1395,172,1,2
1395,173,1,2
1395,174,1,2
1395,175,1,2
1395,176,1,2
1395,177,1,2
1395,178,1,2
1395,179,1,2
1395,180,1,2
1395,181,1,2
1395,182,1,2
1395,183,1,2
1395,184,1,2
1395,185,1,2
1395,186,1,2
1395,187,1,2
1395,188,1,2
1395,189,1,2
1395,190,1,2
1395,191,1,2
1395,192,1,2
1395,193,1,2
1395,194,1,2
1395,195,1,2
1395,196,1,2
1395,197,1,2
1395,198,1,2
1395,199,1,2
1395,200,1,2
1395,201,1,2
1395,202,1,2
1395,203,1,2
1395,204,1,2
1395,205,1,2
1395,206,1,2
1395,207,1,2
1395,208,1,2
1395,209,1,2
1395,210,1,2
1395,211,1,2
1395,212,1,2
1395,213,1,2
1395,214,1,2
1395,215,1,2
1395,216,1,2
1395,217,1,2
1395,218,1,2
1395,219,1,2
1395,220,1,2
1395,221,1,2
1395,222,1,2
1395,223,1,2
1395,224,1,2
1395,225,1,2
1395,226,1,2
1395,227,1,2
1395,228,1,2
1395,229,1,2
1395,230,1,2
1395,231,1,2
1395,232,1,2
1395,233,1,2
1395,234,1,2
1395,235,1,2
1395,236,1,2
1395,237,1,2
1395,238,1,2
1395,239,1,2
1395,240,1,2
1395,241,1,2
1395,242,1,2
1395,243,1,2
1395,244,1,2
1395,245,1,2
1395,246,1,2
1395,247,1,2
1395,248,1,2
1395,249,1,2
1395,250,1,2
1395,251,1,2
1395,252,1,2
1395,253,1,2
1395,254,1,2
1395,255,1,2
1395,256,1,2
1395,257,1,2
1395,258,1,2
1395,259,1,2
1395,260,1,2
1395,261,1,2
1395,262,1,2
1395,263,1,2
1395,264,1,2
1395,265,1,2
1395,266,1,2
1395,267,1,2
1395,268,1,2
1395,269,1,2
1395,270,1,2
1395,271,1,2
1395,272,1,2
1395,273,1,2
1395,274,1,2
1395,275,1,2
1395,276,1,2
1395,277,1,2
1395,278,1,2
1395,279,1,2
1395,280,1,2
1395,281,1,2
1395,282,1,2
1395,283,1,2
1395,284,1,2
1395,285,1,2
1395,286,1,2
1395,287,1,2
1395,288,1,2
1395,289,1,2
1395,290,1,2
1395,291,1,2
1395,292,1,2
1395,293,1,2
1395,294,1,2
1395,295,1,2
1395,296,1,2
1395,297,1,2
1395,298,1,2
1395,299,1,2
1395,300,1,2
1395,301,1,2
1395,302,1,2
1395,303,1,2
1395,304,1,2
1395,305,1,2
1395,306,1,2
1395,307,1,2
1395,308,1,2
1395,309,1,2
1395,310,1,2
1395,311,1,2
1395,312,1,2
1395,313,1,2
1395,314,1,2
1395,315,1,2
1395,316,1,2
1395,317,1,2
1395,318,1,2
1395,319,1,2
1395,320,1,2
1395,321,1,2
1395,322,1,2
1395,323,1,2
1395,324,1,2
1395,325,1,2
1395,326,1,2
1395,327,1,2
1395,328,1,2
1395,329,1,2
1395,330,1,2
1395,331,1,2
1395,332,1,2
1395,333,1,2
1395,334,1,2
1395,335,1,2
1395,336,1,2
1395,337,1,2
1395,338,1,2
1395,339,1,2
1395,340,1,2
1395,341,1,2
1395,342,1,2
1395,343,1,2
1395,344,1,2
1395,345,1,2
1395,346,1,2
1395,347,1,2
1395,348,1,2
1395,349,1,2
1395,350,1,2
1395,351,1,2
1395,352,1,2
1395,353,1,2
1395,354,1,2
1395,355,1,2
1395,356,1,2
1395,357,1,2
1395,358,1,2
1395,359,1,2
1395,360,1,2
1395,361,1,2
1395,362,1,2
1395,363,1,2
1395,364,1,2
1395,365,1,2
1395,366,1,2
1395,367,1,2
1395,368,1,2
1395,369,1,2
1395,370,1,2
1395,371,1,2
1395,372,1,2
1395,373,1,2
1395,374,1,2
1395,375,1,2
1395,376,1,2
1395,377,1,2
1395,378,1,2
1395,379,1,2
1395,380,1,2
1395,381,1,2
1395,382,1,2
1395,383,1,2
1395,384,1,2
1395,385,1,2
1395,386,1,2
1395,387,1,2
1395,388,1,2
1395,389,1,2
1395,390,1,2
1395,391,1,2
1395,392,1,2
1395,393,1,2
1395,394,1,2
1395,395,1,2
1395,396,1,2
1395,397,1,2
1395,398,1,2
1395,399,1,2
1395,400,1,2
1395,401,1,2
1395,402,1,2
1395,403,1,2
1395,404,1,2
1395,405,1,2
1395,406,1,2
1395,407,1,2
1395,408,1,2
1395,409,1,2
1395,410,1,2
1395,411,1,2
1395,412,1,2
1395,413,1,2
1395,414,1,2
1395,415,1,2
1395,416,1,2
1395,417,1,2
1395,418,1,2
1395,419,1,2
1395,420,1,2
1395,421,1,2
1395,422,1,2
1395,423,1,2
1395,424,1,2
1395,425,1,2
1395,426,1,2
1395,427,1,2
1395,428,1,2
1395,429,1,2
1395,430,1,2
1395,431,1,2
1395,432,1,2
1395,433,1,2
1395,434,1,2
1395,435,1,2
1395,436,1,2
1395,437,1,2
1395,438,1,2
1395,439,1,2
1395,440,1,2
1395,441,1,2
1395,442,1,2
1395,443,1,2
1395,444,1,2
1395,445,1,2
1395,446,1,2
1395,447,1,2
1395,448,1,2
1395,449,1,2
1395,450,1,2
1395,451,1,2
1395,452,1,2
1395,453,1,2
1395,454,1,2
1395,455,1,2
1395,456,1,2
1395,457,1,2
1395,458,1,2
1395,459,1,2
1395,460,1,2
1395,461,1,2
1395,462,1,2
1395,463,1,2
1395,464,1,2
1395,465,1,2
1395,466,1,2
1395,467,1,2
1396,114,1,2
1396,115,1,2
1396,116,1,2
1396,117,1,2
1396,118,1,2
1396,119,1,2
1396,120,1,2
1396,121,1,2
1396,122,1,2
1396,123,1,2
1396,124,1,2
1396,125,1,2
1396,126,1,2
1396,127,1,2
1396,128,1,2
1396,129,1,2
1396,130,1,2
1396,131,1,2
1396,132,1,2
1396,133,1,2
1396,134,1,2
1396,135,1,2
1396,136,1,2
1396,137,1,2
1396,138,1,2
1396,139,1,2
1396,140,1,2
1396,141,1,2
1396,142,1,2
1396,143,1,2
1396,144,1,2
1396,145,1,2
1396,146,1,2
1396,147,1,2
1396,148,1,2
1396,149,1,2
1396,150,1,2
1396,151,1,2
1396,152,1,2
1396,153,1,2
1396,154,1,2
1396,155,1,2
1396,156,1,2
1396,157,1,2
1396,158,1,2
1396,159,1,2
1396,160,1,2
1396,161,1,2
1396,162,1,2
1396,163,1,2
1396,164,1,2
1396,165,1,2
1396,166,1,2
1396,167,1,2
1396,168,1,2
1396,169,1,2
1396,170,1,2
1396,171,1,2
1396,172,1,2
1396,173,1,2
1396,174,1,2
1396,175,1,2
1396,176,1,2
1396,177,1,2
1396,178,1,2
1396,179,1,2
1396,180,1,2
1396,181,1,2
1396,182,1,2
1396,183,1,2
1396,184,1,2
1396,185,1,2
1396,186,1,2
1396,187,1,2
1396,188,1,2
1396,189,1,2
1396,190,1,2
1396,191,1,2
1396,192,1,2
1396,193,1,2
1396,194,1,2
1396,195,1,2
1396,196,1,2
1396,197,1,2
1396,198,1,2
1396,199,1,2
1396,200,1,2
1396,201,1,2
1396,202,1,2
1396,203,1,2
1396,204,1,2
1396,205,1,2
1396,206,1,2
1396,207,1,2
1396,208,1,2
1396,209,1,2
1396,210,1,2
1396,211,1,2
1396,212,1,2
1396,213,1,2
1396,214,1,2
1396,215,1,2
1396,216,1,2
1396,217,1,2
1396,218,1,2
1396,219,1,2
1396,220,1,2
1396,221,1,2
1396,222,1,2
1396,223,1,2
1396,224,1,2
1396,225,1,2
1396,226,1,2
1396,227,1,2
1396,228,1,2
1396,229,1,2
1396,230,1,2
1396,231,1,2
1396,232,1,2
1396,233,1,2
1396,234,1,2
1396,235,1,2
1396,236,1,2
1396,237,1,2
1396,238,1,2
1396,239,1,2
1396,240,1,2
1396,241,1,2
1396,242,1,2
1396,243,1,2
1396,244,1,2
1396,245,1,2
1396,246,1,2
1396,247,1,2
1396,248,1,2
1396,249,1,2
1396,250,1,2
1396,251,1,2
1396,252,1,2
1396,253,1,2
1396,254,1,2
1396,255,1,2
1396,256,1,2
1396,257,1,2
1396,258,1,2
1396,259,1,2
1396,260,1,2
1396,261,1,2
1396,262,1,2
1396,263,1,2
1396,264,1,2
1396,265,1,2
1396,266,1,2
1396,267,1,2
1396,268,1,2
1396,269,1,2
1396,270,1,2
1396,271,1,2
1396,272,1,2
1396,273,1,2
1396,274,1,2
1396,275,1,2
1396,276,1,2
1396,277,1,2
1396,278,1,2
1396,279,1,2
1396,280,1,2
1396,281,1,2
1396,282,1,2
1396,283,1,2
1396,284,1,2
1396,285,1,2
1396,286,1,2
1396,287,1,2
1396,288,1,2
1396,289,1,2
1396,290,1,2
1396,291,1,2
1396,292,1,2
1396,293,1,2
1396,294,1,2
1396,295,1,2
1396,296,1,2
1396,297,1,2
1396,298,1,2
1396,299,1,2
1396,300,1,2
1396,301,1,2
1396,302,1,2
1396,303,1,2
1396,304,1,2
1396,305,1,2
1396,306,1,2
1396,307,1,2
1396,308,1,2
1396,309,1,2
1396,310,1,2
1396,311,1,2
1396,312,1,2
1396,313,1,2
1396,314,1,2
1396,315,1,2
1396,316,1,2
1396,317,1,2
1396,318,1,2
1396,319,1,2
1396,320,1,2
1396,321,1,2
1396,322,1,2
1396,323,1,2
1396,324,1,2
1396,325,1,2
1396,326,1,2
1396,327,1,2
1396,328,1,2
1396,329,1,2
1396,330,1,2
1396,331,1,2
1396,332,1,2
1396,333,1,2
1396,334,1,2
1396,335,1,2
1396,336,1,2
1396,337,1,2
1396,338,1,2
1396,339,1,2
1396,340,1,2
1396,341,1,2
1396,342,1,2
1396,343,1,2
1396,344,1,2
1396,345,1,2
1396,346,1,2
1396,347,1,2
1396,348,1,2
1396,349,1,2
1396,350,1,2
1396,351,1,2
1396,352,1,2
1396,353,1,2
1396,354,1,2
1396,355,1,2
1396,356,1,2
1396,357,1,2
1396,358,1,2
1396,359,1,2
1396,360,1,2
1396,361,1,2
1396,362,1,2
1396,363,1,2
1396,364,1,2
1396,365,1,2
1396,366,1,2
1396,367,1,2
1396,368,1,2
1396,369,1,2
1396,370,1,2
1396,371,1,2
1396,372,1,2
1396,373,1,2
1396,374,1,2
1396,375,1,2
1396,376,1,2
1396,377,1,2
1396,378,1,2
1396,379,1,2
1396,380,1,2
1396,381,1,2
1396,382,1,2
1396,383,1,2
1396,384,1,2
1396,385,1,2
1396,386,1,2
1396,387,1,2
1396,388,1,2
1396,389,1,2
1396,390,1,2
1396,391,1,2
1396,392,1,2
1396,393,1,2
1396,394,1,2
1396,395,1,2
1396,396,1,2
1396,397,1,2
1396,398,1,2
1396,399,1,2
1396,400,1,2
1396,401,1,2
1396,402,1,2
1396,403,1,2
1396,404,1,2
1396,405,1,2
1396,406,1,2
1396,407,1,2
1396,408,1,2
1396,409,1,2
1396,410,1,2
1396,411,1,2
1396,412,1,2
1396,413,1,2
1396,414,1,2
1396,415,1,2
1396,416,1,2
1396,417,1,2
1396,418,1,2
1396,419,1,2
1396,420,1,2
1396,421,1,2
1396,422,1,2
1396,423,1,2
1396,424,1,2
1396,425,1,2
1396,426,1,2
1396,427,1,2
1396,428,1,2
1396,429,1,2
1396,430,1,2
1396,431,1,2
1396,432,1,2
1396,433,1,2
1396,434,1,2
1396,435,1,2
1396,436,1,2
1396,437,1,2
1396,438,1,2
1396,439,1,2
1396,440,1,2
1396,441,1,2
1396,442,1,2
1396,443,1,2
1396,444,1,2
1396,445,1,2
1396,446,1,2
1396,447,1,2
1396,448,1,2
1396,449,1,2
1396,450,1,2
1396,451,1,2
1396,452,1,2
1396,453,1,2
1396,454,1,2
1396,455,1,2
1396,456,1,2
1396,457,1,2
1396,458,1,2
1396,459,1,2
1396,460,1,2
1396,461,1,2
1396,462,1,2
1396,463,1,2
1396,464,1,2
1396,465,1,2
1396,466,1,2
1396,467,1,2
1397,114,1,2
1397,115,1,2
1397,116,1,2
1397,117,1,2
1397,118,1,2
1397,119,1,2
1397,120,1,2
1397,121,1,2
1397,122,1,2
1397,123,1,2
1397,124,1,2
1397,125,1,2
1397,126,1,2
1397,127,1,2
1397,128,1,2
1397,129,1,2
1397,130,1,2
1397,131,1,2
1397,132,1,2
1397,133,1,2
1397,134,1,2
1397,135,1,2
1397,136,1,2
1397,137,1,2
1397,138,1,2
1397,139,1,2
1397,140,1,2
1397,141,1,2
1397,142,1,2
1397,143,1,2
1397,144,1,2
1397,145,1,2
1397,146,1,2
1397,147,1,2
1397,148,1,2
1397,149,1,2
1397,150,1,2
1397,151,1,2
1397,152,1,2
1397,153,1,2
1397,154,1,2
1397,155,1,2
1397,156,1,2
1397,157,1,2
1397,158,1,2
1397,159,1,2
1397,160,1,2
1397,161,1,2
1397,162,1,2
1397,163,1,2
1397,164,1,2
1397,165,1,2
1397,166,1,2
1397,167,1,2
1397,168,1,2
1397,169,1,2
1397,170,1,2
1397,171,1,2
1397,172,1,2
1397,173,1,2
1397,174,1,2
1397,175,1,2
1397,176,1,2
1397,177,1,2
1397,178,1,2
1397,179,1,2
1397,180,1,2
1397,181,1,2
1397,182,1,2
1397,183,1,2
1397,184,1,2
1397,185,1,2
1397,186,1,2
1397,187,1,2
1397,188,1,2
1397,189,1,2
1397,190,1,2
1397,191,1,2
1397,192,1,2
1397,193,1,2
1397,194,1,2
1397,195,1,2
1397,196,1,2
1397,197,1,2
1397,198,1,2
1397,199,1,2
1397,200,1,2
1397,201,1,2
1397,202,1,2
1397,203,1,2
1397,204,1,2
1397,205,1,2
1397,206,1,2
1397,207,1,2
1397,208,1,2
1397,209,1,2
1397,210,1,2
1397,211,1,2
1397,212,1,2
1397,213,1,2
1397,214,1,2
1397,215,1,2
1397,216,1,2
1397,217,1,2
1397,218,1,2
1397,219,1,2
1397,220,1,2
1397,221,1,2
1397,222,1,2
1397,223,1,2
1397,224,1,2
1397,225,1,2
1397,226,1,2
1397,227,1,2
1397,228,1,2
1397,229,1,2
1397,230,1,2
1397,231,1,2
1397,232,1,2
1397,233,1,2
1397,234,1,2
1397,235,1,2
1397,236,1,2
1397,237,1,2
1397,238,1,2
1397,239,1,2
1397,240,1,2
1397,241,1,2
1397,242,1,2
1397,243,1,2
1397,244,1,2
1397,245,1,2
1397,246,1,2
1397,247,1,2
1397,248,1,2
1397,249,1,2
1397,250,1,2
1397,251,1,2
1397,252,1,2
1397,253,1,2
1397,254,1,2
1397,255,1,2
1397,256,1,2
1397,257,1,2
1397,258,1,2
1397,259,1,2
1397,260,1,2
1397,261,1,2
1397,262,1,2
1397,263,1,2
1397,264,1,2
1397,265,1,2
1397,266,1,2
1397,267,1,2
1397,268,1,2
1397,269,1,2
1397,270,1,2
1397,271,1,2
1397,272,1,2
1397,273,1,2
1397,274,1,2
1397,275,1,2
1397,276,1,2
1397,277,1,2
1397,278,1,2
1397,279,1,2
1397,280,1,2
1397,281,1,2
1397,282,1,2
1397,283,1,2
1397,284,1,2
1397,285,1,2
1397,286,1,2
1397,287,1,2
1397,288,1,2
1397,289,1,2
1397,290,1,2
1397,291,1,2
1397,292,1,2
1397,293,1,2
1397,294,1,2
1397,295,1,2
1397,296,1,2
1397,297,1,2
1397,298,1,2
1397,299,1,2
1397,300,1,2
1397,301,1,2
1397,302,1,2
1397,303,1,2
1397,304,1,2
1397,305,1,2
1397,306,1,2
1397,307,1,2
1397,308,1,2
1397,309,1,3
1397,310,1,3
1397,311,1,2
1397,312,1,2
1397,313,1,3
1397,314,1,3
1397,315,1,3
1397,316,1,3
1397,317,1,3
1397,318,1,3
1397,319,1,3
1397,320,1,3
1397,321,1,3
1397,322,1,3
1397,323,1,3
1397,324,1,3
1397,325,1,3
1397,326,1,3
1397,327,1,2
1397,328,1,2
1397,329,1,2
1397,330,1,2
1397,331,1,2
1397,332,1,3
1397,333,1,3
1397,334,1,3
1397,335,1,2
1397,336,1,2
1397,337,1,2
1397,338,1,2
1397,339,1,2
1397,340,1,2
1397,341,1,2
1397,342,1,2
1397,343,1,2
1397,344,1,2
1397,345,1,2
1397,346,1,2
1397,347,1,2
1397,348,1,2
1397,349,1,2
1397,350,1,2
1397,351,1,2
1397,352,1,2
1397,353,1,2
1397,354,1,2
1397,355,1,2
1397,356,1,2
1397,357,1,2
1397,358,1,2
1397,359,1,2
1397,360,1,2
1397,361,1,2
1397,362,1,2
1397,363,1,2
1397,364,1,2
1397,365,1,2
1397,366,1,2
1397,367,1,2
1397,368,1,2
1397,369,1,2
1397,370,1,2
1397,371,1,2
1397,372,1,2
1397,373,1,2
1397,374,1,2
1397,375,1,2
1397,376,1,2
1397,377,1,2
1397,378,1,2
1397,379,1,2
1397,380,1,2
1397,381,1,2
1397,382,1,2
1397,383,1,2
1397,384,1,2
1397,385,1,2
1397,386,1,2
1397,387,1,2
1397,388,1,2
1397,389,1,2
1397,390,1,2
1397,391,1,2
1397,392,1,2
1397,393,1,2
1397,394,1,2
1397,395,1,2
1397,396,1,2
1397,397,1,2
1397,398,1,2
1397,399,1,2
1397,400,1,2
1397,401,1,2
1397,402,1,2
1397,403,1,2
1397,404,1,2
1397,405,1,2
1397,406,1,2
1397,407,1,2
1397,408,1,2
1397,409,1,2
1397,410,1,2
1397,411,1,2
1397,412,1,2
1397,413,1,2
1397,414,1,2
1397,415,1,2
1397,416,1,2
1397,417,1,2
1397,418,1,2
1397,419,1,2
1397,420,1,2
1397,421,1,2
1397,422,1,2
1397,423,1,2
1397,424,1,2
1397,425,1,2
1397,426,1,2
1397,427,1,2
1397,428,1,2
1397,429,1,2
1397,430,1,2
1397,431,1,2
1397,432,1,2
1397,433,1,2
1397,434,1,2
1397,435,1,2
1397,436,1,2
1397,437,1,2
1397,438,1,2
1397,439,1,2
1397,440,1,2
1397,441,1,2
1397,442,1,2
1397,443,1,2
1397,444,1,2
1397,445,1,2
1397,446,1,2
1397,447,1,2
1397,448,1,2
1397,449,1,2
1397,450,1,2
1397,451,1,2
1397,452,1,2
1397,453,1,2
1397,454,1,2
1397,455,1,2
1397,456,1,2
1397,457,1,2
1397,458,1,2
1397,459,1,2
1397,460,1,2
1397,461,1,2
1397,462,1,2
1397,463,1,2
1397,464,1,2
1397,465,1,2
1397,466,1,2
1397,467,1,2
1398,114,1,2
1398,115,1,2
1398,116,1,2
1398,117,1,2
1398,118,1,2
1398,119,1,2
1398,120,1,2
1398,121,1,2
1398,122,1,2
1398,123,1,2
1398,124,1,2
1398,125,1,2
1398,126,1,2
1398,127,1,2
1398,128,1,2
1398,129,1,2
1398,130,1,2
1398,131,1,2
1398,132,1,2
1398,133,1,2
1398,134,1,2
1398,135,1,2
1398,136,1,2
1398,137,1,2
1398,138,1,2
1398,139,1,2
1398,140,1,2
1398,141,1,2
1398,142,1,2
1398,143,1,2
1398,144,1,2
1398,145,1,2
1398,146,1,2
1398,147,1,2
1398,148,1,2
1398,149,1,2
1398,150,1,2
1398,151,1,2
1398,152,1,2
1398,153,1,2
1398,154,1,2
1398,155,1,2
1398,156,1,2
1398,157,1,2
1398,158,1,2
1398,159,1,2
1398,160,1,2
1398,161,1,2
1398,162,1,2
1398,163,1,2
1398,164,1,2
1398,165,1,2
1398,166,1,2
1398,167,1,2
1398,168,1,2
1398,169,1,2
1398,170,1,2
1398,171,1,2
1398,172,1,2
1398,173,1,2
1398,174,1,2
1398,175,1,2
1398,176,1,2
1398,177,1,2
1398,178,1,2
1398,179,1,2
1398,180,1,2
1398,181,1,2
1398,182,1,2
1398,183,1,2
1398,184,1,2
1398,185,1,2
1398,186,1,2
1398,187,1,2
1398,188,1,2
1398,189,1,2
1398,190,1,2
1398,191,1,2
1398,192,1,2
1398,193,1,2
1398,194,1,2
1398,195,1,2
1398,196,1,2
1398,197,1,2
1398,198,1,2
1398,199,1,2
1398,200,1,2
1398,201,1,2
1398,202,1,2
1398,203,1,2
1398,204,1,2
1398,205,1,2
1398,206,1,2
1398,207,1,2
1398,208,1,2
1398,209,1,2
1398,210,1,2
1398,211,1,2
1398,212,1,2
1398,213,1,2
1398,214,1,2
1398,215,1,2
1398,216,1,2
1398,217,1,2
1398,218,1,2
1398,219,1,2
1398,220,1,2
1398,221,1,2
1398,222,1,2
1398,223,1,2
1398,224,1,2
1398,225,1,2
1398,226,1,2
1398,227,1,2
1398,228,1,2
1398,229,1,2
1398,230,1,2
1398,231,1,2
1398,232,1,2
1398,233,1,2
1398,234,1,2
1398,235,1,2
1398,236,1,2
1398,237,1,2
1398,238,1,2
1398,239,1,2
1398,240,1,2
1398,241,1,2
1398,242,1,2
1398,243,1,2
1398,244,1,2
1398,245,1,2
1398,246,1,2
1398,247,1,2
1398,248,1,2
1398,249,1,2
1398,250,1,2
1398,251,1,2
1398,252,1,2
1398,253,1,2
1398,254,1,2
1398,255,1,2
1398,256,1,2
1398,257,1,2
1398,258,1,2
1398,259,1,2
1398,260,1,2
1398,261,1,2
1398,262,1,2
1398,263,1,2
1398,264,1,2
1398,265,1,2
1398,266,1,2
1398,267,1,2
1398,268,1,2
1398,269,1,2
1398,270,1,2
1398,271,1,2
1398,272,1,2
1398,273,1,2
1398,274,1,2
1398,275,1,2
1398,276,1,2
1398,277,1,2
1398,278,1,2
1398,279,1,2
1398,280,1,2
1398,281,1,2
1398,282,1,2
1398,283,1,2
1398,284,1,2
1398,285,1,2
1398,286,1,2
1398,287,1,2
1398,288,1,2
1398,289,1,2
1398,290,1,2
1398,291,1,2
1398,292,1,2
1398,293,1,2
1398,294,1,2
1398,295,1,2
1398,296,1,2
1398,297,1,2
1398,298,1,2
1398,299,1,2
1398,300,1,2
1398,301,1,2
1398,302,1,2
1398,303,1,2
1398,304,1,2
1398,305,1,2
1398,306,1,2
1398,307,1,3
1398,308,1,3
1398,309,1,3
1398,310,1,3
1398,311,1,3
1398,312,1,3
1398,313,1,3
1398,314,1,3
1398,315,1,3
1398,316,1,3
1398,317,1,3
1398,318,1,3
1398,319,1,3
1398,320,1,3
1398,321,1,3
1398,322,1,3
1398,323,1,3
1398,324,1,3
1398,325,1,3
1398,326,1,3
1398,327,1,3
1398,328,1,3
1398,329,1,3
1398,330,1,3
1398,331,1,3
1398,332,1,3
1398,333,1,3
1398,334,1,3
1398,335,1,3
1398,336,1,3
1398,337,1,3
1398,338,1,3
1398,339,1,3
1398,340,1,3
1398,341,1,3
1398,342,1,3
1398,343,1,3
1398,344,1,3
1398,345,1,3
1398,346,1,3
1398,347,1,3
1398,348,1,3
1398,349,1,2
1398,350,1,2
1398,351,1,2
1398,352,1,2
1398,353,1,2
1398,354,1,2
1398,355,1,2
1398,356,1,2
1398,357,1,2
1398,358,1,2
1398,359,1,2
1398,360,1,2
1398,361,1,2
1398,362,1,2
1398,363,1,2
1398,364,1,2
1398,365,1,2
1398,366,1,2
1398,367,1,2
1398,368,1,2
1398,369,1,2
1398,370,1,2
1398,371,1,2
1398,372,1,2
1398,373,1,2
1398,374,1,2
1398,375,1,2
1398,376,1,2
1398,377,1,2
1398,378,1,2
1398,379,1,2
1398,380,1,2
1398,381,1,2
1398,382,1,2
1398,383,1,2
1398,384,1,2
1398,385,1,2
1398,386,1,2
1398,387,1,2
1398,388,1,2
1398,389,1,2
1398,390,1,2
1398,391,1,2
1398,392,1,2
1398,393,1,2
1398,394,1,2
1398,395,1,2
1398,396,1,2
1398,397,1,2
1398,398,1,2
1398,399,1,2
1398,400,1,2
1398,401,1,2
1398,402,1,2
1398,403,1,2
1398,404,1,2
1398,405,1,2
1398,406,1,2
1398,407,1,2
1398,408,1,2
1398,409,1,2
1398,410,1,2
1398,411,1,2
1398,412,1,2
1398,413,1,2
1398,414,1,2
1398,415,1,2
1398,416,1,2
1398,417,1,2
1398,418,1,2
1398,419,1,2
1398,420,1,2
1398,421,1,2
1398,422,1,2
1398,423,1,2
1398,424,1,2
1398,425,1,2
1398,426,1,2
1398,427,1,2
1398,428,1,2
1398,429,1,2
1398,430,1,2
1398,431,1,2
1398,432,1,2
1398,433,1,2
1398,434,1,2
1398,435,1,2
1398,436,1,2
1398,437,1,2
1398,438,1,2
1398,439,1,2
1398,440,1,2
1398,441,1,2
1398,442,1,2
1398,443,1,2
1398,444,1,2
1398,445,1,2
1398,446,1,2
1398,447,1,2
1398,448,1,2
1398,449,1,2
1398,450,1,2
1398,451,1,2
1398,452,1,2
1398,453,1,2
1398,454,1,2
1398,455,1,2
1398,456,1,2
1398,457,1,2
1398,458,1,2
1398,459,1,2
1398,460,1,2
1398,461,1,2
1398,462,1,2
1398,463,1,2
1398,464,1,2
1398,465,1,2
1398,466,1,2
1398,467,1,2
1399,114,1,2
1399,115,1,2
1399,116,1,2
1399,117,1,2
1399,118,1,2
1399,119,1,2
1399,120,1,2
1399,121,1,2
1399,122,1,2
1399,123,1,2
1399,124,1,2
1399,125,1,2
1399,126,1,2
1399,127,1,2
1399,128,1,2
1399,129,1,2
1399,130,1,2
1399,131,1,2
1399,132,1,2
1399,133,1,2
1399,134,1,2
1399,135,1,2
1399,136,1,2
1399,137,1,2
1399,138,1,2
1399,139,1,2
1399,140,1,2
1399,141,1,2
1399,142,1,2
1399,143,1,2
1399,144,1,2
1399,145,1,2
1399,146,1,2
1399,147,1,2
1399,148,1,2
1399,149,1,2
1399,150,1,2
1399,151,1,2
1399,152,1,2
1399,153,1,2
1399,154,1,2
1399,155,1,2
1399,156,1,2
1399,157,1,2
1399,158,1,2
1399,159,1,2
1399,160,1,2
1399,161,1,2
1399,162,1,2
1399,163,1,2
1399,164,1,2
1399,165,1,2
1399,166,1,2
1399,167,1,2
1399,168,1,2
1399,169,1,2
1399,170,1,2
1399,171,1,2
1399,172,1,2
1399,173,1,2
1399,174,1,2
1399,175,1,2
1399,176,1,2
1399,177,1,2
1399,178,1,2
1399,179,1,2
1399,180,1,2
1399,181,1,2
1399,182,1,2
1399,183,1,2
1399,184,1,2
1399,185,1,2
1399,186,1,2
1399,187,1,2
1399,188,1,2
1399,189,1,2
1399,190,1,2
1399,191,1,2
1399,192,1,2
1399,193,1,2
1399,194,1,2
1399,195,1,2
1399,196,1,2
1399,197,1,2
1399,198,1,2
1399,199,1,2
1399,200,1,2
1399,201,1,2
1399,202,1,2
1399,203,1,2
1399,204,1,2
1399,205,1,2
1399,206,1,2
1399,207,1,2
1399,208,1,2
1399,209,1,2
1399,210,1,2
1399,211,1,2
1399,212,1,2
1399,213,1,2
1399,214,1,2
1399,215,1,2
1399,216,1,2
1399,217,1,2
1399,218,1,2
1399,219,1,2
1399,220,1,2
1399,221,1,2
1399,222,1,2
1399,223,1,2
1399,224,1,2
1399,225,1,2
1399,226,1,2
1399,227,1,2
1399,228,1,2
1399,229,1,2
1399,230,1,2
1399,231,1,2
1399,232,1,2
1399,233,1,2
1399,234,1,2
1399,235,1,2
1399,236,1,2
1399,237,1,2
1399,238,1,2
1399,239,1,2
1399,240,1,2
1399,241,1,2
1399,242,1,2
1399,243,1,2
1399,244,1,2
1399,245,1,2
1399,246,1,2
1399,247,1,2
1399,248,1,2
1399,249,1,2
1399,250,1,2
1399,251,1,2
1399,252,1,2
1399,253,1,2
1399,254,1,2
1399,255,1,2
1399,256,1,2
1399,257,1,2
1399,258,1,2
1399,259,1,2
1399,260,1,2
1399,261,1,2
1399,262,1,2
1399,263,1,2
1399,264,1,2
1399,265,1,2
1399,266,1,2
1399,267,1,2
1399,268,1,2
1399,269,1,2
1399,270,1,2
1399,271,1,2
1399,272,1,2
1399,273,1,2
1399,274,1,2
1399,275,1,2
1399,276,1,2
1399,277,1,2
1399,278,1,2
1399,279,1,2
1399,280,1,2
1399,281,1,2
1399,282,1,2
1399,283,1,2
1399,284,1,2
1399,285,1,2
1399,286,1,2
1399,287,1,2
1399,288,1,2
1399,289,1,2
1399,290,1,2
1399,291,1,2
1399,292,1,2
1399,293,1,2
1399,294,1,2
1399,295,1,2
1399,296,1,2
1399,297,1,2
1399,298,1,2
1399,299,1,2
1399,300,1,2
1399,301,1,2
1399,302,1,2
1399,303,1,2
1399,304,1,2
1399,305,1,3
1399,306,1,3
1399,307,1,3
1399,308,1,3
1399,309,1,3
1399,310,1,3
1399,311,1,3
1399,312,1,3
1399,313,1,3
1399,314,1,3
1399,315,1,3
1399,316,1,3
1399,317,1,3
1399,318,1,3
1399,319,1,3
1399,320,1,3
1399,321,1,3
1399,322,1,3
1399,323,1,3
1399,324,1,3
1399,325,1,3
1399,326,1,3
1399,327,1,3
1399,328,1,3
1399,329,1,3
1399,330,1,3
1399,331,1,3
1399,332,1,3
1399,333,1,3
1399,334,1,3
1399,335,1,3
1399,336,1,3
1399,337,1,3
1399,338,1,3
1399,339,1,3
1399,340,1,3
1399,341,1,3
1399,342,1,3
1399,343,1,3
1399,344,1,3
1399,345,1,3
1399,346,1,3
1399,347,1,3
1399,348,1,3
1399,349,1,3
1399,350,1,3
1399,351,1,2
1399,352,1,3
1399,353,1,2
1399,354,1,2
1399,355,1,2
1399,356,1,2
1399,357,1,2
1399,358,1,2
1399,359,1,2
1399,360,1,2
1399,361,1,2
1399,362,1,2
1399,363,1,2
1399,364,1,2
1399,365,1,2
1399,366,1,2
1399,367,1,2
1399,368,1,2
1399,369,1,2
1399,370,1,2
1399,371,1,2
1399,372,1,2
1399,373,1,2
1399,374,1,2
1399,375,1,2
1399,376,1,2
1399,377,1,2
1399,378,1,2
1399,379,1,2
1399,380,1,2
1399,381,1,2
1399,382,1,2
1399,383,1,2
1399,384,1,2
1399,385,1,2
1399,386,1,2
1399,387,1,2
1399,388,1,2
1399,389,1,2
1399,390,1,2
1399,391,1,2
1399,392,1,2
1399,393,1,2
1399,394,1,2
1399,395,1,2
1399,396,1,2
1399,397,1,2
1399,398,1,2
1399,399,1,2
1399,400,1,2
1399,401,1,2
1399,402,1,2
1399,403,1,2
1399,404,1,2
1399,405,1,2
1399,406,1,2
1399,407,1,2
1399,408,1,2
1399,409,1,2
1399,410,1,2
1399,411,1,2
1399,412,1,2
1399,413,1,2
1399,414,1,2
1399,415,1,2
1399,416,1,2
1399,417,1,2
1399,418,1,2
1399,419,1,2
1399,420,1,2
1399,421,1,2
1399,422,1,2
1399,423,1,2
1399,424,1,2
1399,425,1,2
1399,426,1,2
1399,427,1,2
1399,428,1,2
1399,429,1,2
1399,430,1,2
1399,431,1,2
1399,432,1,2
1399,433,1,2
1399,434,1,2
1399,435,1,2
1399,436,1,2
1399,437,1,2
1399,438,1,2
1399,439,1,2
1399,440,1,2
1399,441,1,2
1399,442,1,2
1399,443,1,2
1399,444,1,2
1399,445,1,2
1399,446,1,2
1399,447,1,2
1399,448,1,2
1399,449,1,2
1399,450,1,2
1399,451,1,2
1399,452,1,2
1399,453,1,2
1399,454,1,2
1399,455,1,2
1399,456,1,2
1399,457,1,2
1399,458,1,2
1399,459,1,2
1399,460,1,2
1399,461,1,2
1399,462,1,2
1399,463,1,2
1399,464,1,2
1399,465,1,2
1399,466,1,2
1399,467,1,2
1400,114,1,2
1400,115,1,2
1400,116,1,2
1400,117,1,2
1400,118,1,2
1400,119,1,2
1400,120,1,2
1400,121,1,2
1400,122,1,2
1400,123,1,2
1400,124,1,2
1400,125,1,2
1400,126,1,2
1400,127,1,2
1400,128,1,2
1400,129,1,2
1400,130,1,2
1400,131,1,2
1400,132,1,2
1400,133,1,2
1400,134,1,2
1400,135,1,2
1400,136,1,2
1400,137,1,2
1400,138,1,2
1400,139,1,2
1400,140,1,2
1400,141,1,2
1400,142,1,2
1400,143,1,2
1400,144,1,2
1400,145,1,2
1400,146,1,2
1400,147,1,2
1400,148,1,2
1400,149,1,2
1400,150,1,2
1400,151,1,2
1400,152,1,2
1400,153,1,2
1400,154,1,2
1400,155,1,2
1400,156,1,2
1400,157,1,2
1400,158,1,2
1400,159,1,2
1400,160,1,2
1400,161,1,2
1400,162,1,2
1400,163,1,2
1400,164,1,2
1400,165,1,2
1400,166,1,2
1400,167,1,2
1400,168,1,2
1400,169,1,2
1400,170,1,2
1400,171,1,2
1400,172,1,2
1400,173,1,2
1400,174,1,2
1400,175,1,2
1400,176,1,2
1400,177,1,2
1400,178,1,2
1400,179,1,2
1400,180,1,2
1400,181,1,2
1400,182,1,2
1400,183,1,2
1400,184,1,2
1400,185,1,2
1400,186,1,2
1400,187,1,2
1400,188,1,2
1400,189,1,2
1400,190,1,2
1400,191,1,2
1400,192,1,2
1400,193,1,2
1400,194,1,2
1400,195,1,2
1400,196,1,2
1400,197,1,2
1400,198,1,2
1400,199,1,2
1400,200,1,2
1400,201,1,2
1400,202,1,2
1400,203,1,2
1400,204,1,2
1400,205,1,2
1400,206,1,2
1400,207,1,2
1400,208,1,2
1400,209,1,2
1400,210,1,2
1400,211,1,2
1400,212,1,2
1400,213,1,2
1400,214,1,2
1400,215,1,2
1400,216,1,2
1400,217,1,2
1400,218,1,2
1400,219,1,2
1400,220,1,2
1400,221,1,2
1400,222,1,2
1400,223,1,2
1400,224,1,2
1400,225,1,2
1400,226,1,2
1400,227,1,2
1400,228,1,2
1400,229,1,2
1400,230,1,2
1400,231,1,2
1400,232,1,2
1400,233,1,2
1400,234,1,2
1400,235,1,2
1400,236,1,2
1400,237,1,2
1400,238,1,2
1400,239,1,2
1400,240,1,2
1400,241,1,2
1400,242,1,2
1400,243,1,2
1400,244,1,2
1400,245,1,2
1400,246,1,2
1400,247,1,2
1400,248,1,2
1400,249,1,2
1400,250,1,2
1400,251,1,2
1400,252,1,2
1400,253,1,2
1400,254,1,2
1400,255,1,2
1400,256,1,2
1400,257,1,2
1400,258,1,2
1400,259,1,2
1400,260,1,2
1400,261,1,2
1400,262,1,2
1400,263,1,2
1400,264,1,2
1400,265,1,2
1400,266,1,2
1400,267,1,2
1400,268,1,2
1400,269,1,2
1400,270,1,2
1400,271,1,2
1400,272,1,2
1400,273,1,2
1400,274,1,2
1400,275,1,2
1400,276,1,2
1400,277,1,2
1400,278,1,2
1400,279,1,2
1400,280,1,2
1400,281,1,2
1400,282,1,2
1400,283,1,2
1400,284,1,2
1400,285,1,2
1400,286,1,2
1400,287,1,2
1400,288,1,2
1400,289,1,2
1400,290,1,2
1400,291,1,2
1400,292,1,2
1400,293,1,2
1400,294,1,2
1400,295,1,2
1400,296,1,2
1400,297,1,2
1400,298,1,2
1400,299,1,2
1400,300,1,2
1400,301,1,2
1400,302,1,2
1400,303,1,2
1400,304,1,3
1400,305,1,3
1400,306,1,3
1400,307,1,3
1400,308,1,3
1400,309,1,3
1400,310,1,3
1400,311,1,3
1400,312,1,3
1400,313,1,3
1400,314,1,3
1400,315,1,3
1400,316,1,3
1400,317,1,3
1400,318,1,3
1400,319,1,3
1400,320,1,3
1400,321,1,3
1400,322,1,3
1400,323,1,3
1400,324,1,3
1400,325,1,3
1400,326,1,3
1400,327,1,3
1400,328,1,3
1400,329,1,3
1400,330,1,3
1400,331,1,3
1400,332,1,3
1400,333,1,3
1400,334,1,3
1400,335,1,3
1400,336,1,3
1400,337,1,3
1400,338,1,3
1400,339,1,3
1400,340,1,3
1400,341,1,3
1400,342,1,3
1400,343,1,3
1400,344,1,3
1400,345,1,3
1400,346,1,3
1400,347,1,3
1400,348,1,3
1400,349,1,3
1400,350,1,3
1400,351,1,3
1400,352,1,3
1400,353,1,3
1400,354,1,3
1400,355,1,2
1400,356,1,2
1400,357,1,2
1400,358,1,2
1400,359,1,2
1400,360,1,2
1400,361,1,2
1400,362,1,2
1400,363,1,2
1400,364,1,2
1400,365,1,2
1400,366,1,2
1400,367,1,2
1400,368,1,2
1400,369,1,2
1400,370,1,2
1400,371,1,2
1400,372,1,2
1400,373,1,2
1400,374,1,2
1400,375,1,2
1400,376,1,2
1400,377,1,2
1400,378,1,2
1400,379,1,2
1400,380,1,2
1400,381,1,2
1400,382,1,2
1400,383,1,2
1400,384,1,2
1400,385,1,2
1400,386,1,2
1400,387,1,2
1400,388,1,2
1400,389,1,2
1400,390,1,2
1400,391,1,2
1400,392,1,2
1400,393,1,2
1400,394,1,2
1400,395,1,2
1400,396,1,2
1400,397,1,2
1400,398,1,2
1400,399,1,2
1400,400,1,2
1400,401,1,2
1400,402,1,2
1400,403,1,2
1400,404,1,2
1400,405,1,2
1400,406,1,2
1400,407,1,2
1400,408,1,2
1400,409,1,2
1400,410,1,2
1400,411,1,2
1400,412,1,2
1400,413,1,2
1400,414,1,2
1400,415,1,2
1400,416,1,2
1400,417,1,2
1400,418,1,2
1400,419,1,2
1400,420,1,2
1400,421,1,2
1400,422,1,2
1400,423,1,2
1400,424,1,2
1400,425,1,2
1400,426,1,2
1400,427,1,2
1400,428,1,2
1400,429,1,2
1400,430,1,2
1400,431,1,2
1400,432,1,2
1400,433,1,2
1400,434,1,2
1400,435,1,2
1400,436,1,2
1400,437,1,2
1400,438,1,2
1400,439,1,2
1400,440,1,2
1400,441,1,2
1400,442,1,2
1400,443,1,2
1400,444,1,2
1400,445,1,2
1400,446,1,2
1400,447,1,2
1400,448,1,2
1400,449,1,2
1400,450,1,2
1400,451,1,2
1400,452,1,2
1400,453,1,2
1400,454,1,2
1400,455,1,2
1400,456,1,2
1400,457,1,2
1400,458,1,2
1400,459,1,2
1400,460,1,2
1400,461,1,2
1400,462,1,2
1400,463,1,2
1400,464,1,2
1400,465,1,2
1400,466,1,2
1400,467,1,2
1401,114,1,2
1401,115,1,2
1401,116,1,2
1401,117,1,2
1401,118,1,2
1401,119,1,2
1401,120,1,2
1401,121,1,2
1401,122,1,2
1401,123,1,2
1401,124,1,2
1401,125,1,2
1401,126,1,2
1401,127,1,2
1401,128,1,2
1401,129,1,2
1401,130,1,2
1401,131,1,2
1401,132,1,2
1401,133,1,2
1401,134,1,2
1401,135,1,2
1401,136,1,2
1401,137,1,2
1401,138,1,2
1401,139,1,2
1401,140,1,2
1401,141,1,2
1401,142,1,2
1401,143,1,2
1401,144,1,2
1401,145,1,2
1401,146,1,2
1401,147,1,2
1401,148,1,2
1401,149,1,2
1401,150,1,2
1401,151,1,2
1401,152,1,2
1401,153,1,2
1401,154,1,2
1401,155,1,2
1401,156,1,2
1401,157,1,2
1401,158,1,2
1401,159,1,2
1401,160,1,2
1401,161,1,2
1401,162,1,2
1401,163,1,2
1401,164,1,2
1401,165,1,2
1401,166,1,2
1401,167,1,2
1401,168,1,2
1401,169,1,2
1401,170,1,2
1401,171,1,2
1401,172,1,2
1401,173,1,2
1401,174,1,2
1401,175,1,2
1401,176,1,2
1401,177,1,2
1401,178,1,2
1401,179,1,2
1401,180,1,2
1401,181,1,2
1401,182,1,2
1401,183,1,2
1401,184,1,2
1401,185,1,2
1401,186,1,2
1401,187,1,2
1401,188,1,2
1401,189,1,2
1401,190,1,2
1401,191,1,2
1401,192,1,2
1401,193,1,2
1401,194,1,2
1401,195,1,2
1401,196,1,2
1401,197,1,2
1401,198,1,2
1401,199,1,2
1401,200,1,2
1401,201,1,2
1401,202,1,2
1401,203,1,2
1401,204,1,2
1401,205,1,2
1401,206,1,2
1401,207,1,2
1401,208,1,2
1401,209,1,2
1401,210,1,2
1401,211,1,2
1401,212,1,2
1401,213,1,2
1401,214,1,2
1401,215,1,2
1401,216,1,2
1401,217,1,2
1401,218,1,2
1401,219,1,2
1401,220,1,2
1401,221,1,2
1401,222,1,2
1401,223,1,2
1401,224,1,2
1401,225,1,2
1401,226,1,2
1401,227,1,2
1401,228,1,2
1401,229,1,2
1401,230,1,2
1401,231,1,2
1401,232,1,2
1401,233,1,2
1401,234,1,2
1401,235,1,2
1401,236,1,2
1401,237,1,2
1401,238,1,2
1401,239,1,2
1401,240,1,2
1401,241,1,2
1401,242,1,2
1401,243,1,2
1401,244,1,2
1401,245,1,2
1401,246,1,2
1401,247,1,2
1401,248,1,2
1401,249,1,2
1401,250,1,2
1401,251,1,2
1401,252,1,2
1401,253,1,2
1401,254,1,2
1401,255,1,2
1401,256,1,2
1401,257,1,2
1401,258,1,2
1401,259,1,2
1401,260,1,2
1401,261,1,2
1401,262,1,2
1401,263,1,2
1401,264,1,2
1401,265,1,2
1401,266,1,2
1401,267,1,2
1401,268,1,2
1401,269,1,2
1401,270,1,2
1401,271,1,2
1401,272,1,2
1401,273,1,2
1401,274,1,2
1401,275,1,2
1401,276,1,2
1401,277,1,2
1401,278,1,2
1401,279,1,2
1401,280,1,2
1401,281,1,2
1401,282,1,2
1401,283,1,2
1401,284,1,2
1401,285,1,2
1401,286,1,2
1401,287,1,2
1401,288,1,2
1401,289,1,2
1401,290,1,2
1401,291,1,2
1401,292,1,2
1401,293,1,2
1401,294,1,2
1401,295,1,2
1401,296,1,2
1401,297,1,2
1401,298,1,2
1401,299,1,2
1401,300,1,2
1401,301,1,2
1401,302,1,3
1401,303,1,3
1401,304,1,3
1401,305,1,3
1401,306,1,3
1401,307,1,3
1401,308,1,3
1401,309,1,3
1401,310,1,3
1401,311,1,3
1401,312,1,3
1401,313,1,3
1401,314,1,3
1401,315,1,3
1401,316,1,3
1401,317,1,3
1401,318,1,3
1401,319,1,3
1401,320,1,3
1401,321,1,3
1401,322,1,3
1401,323,1,3
1401,324,1,3
1401,325,1,3
1401,326,1,3
1401,327,1,3
1401,328,1,3
1401,329,1,3
1401,330,1,3
1401,331,1,3
1401,332,1,3
1401,333,1,3
1401,334,1,3
1401,335,1,3
1401,336,1,3
1401,337,1,3
1401,338,1,3
1401,339,1,3
1401,340,1,3
1401,341,1,3
1401,342,1,3
1401,343,1,3
1401,344,1,3
1401,345,1,3
1401,346,1,3
1401,347,1,3
1401,348,1,3
1401,349,1,3
1401,350,1,3
1401,351,1,3
1401,352,1,3
1401,353,1,3
1401,354,1,3
1401,355,1,3
1401,356,1,3
1401,357,1,2
1401,358,1,2
1401,359,1,2
1401,360,1,2
1401,361,1,2
1401,362,1,2
1401,363,1,2
1401,364,1,2
1401,365,1,2
1401,366,1,2
1401,367,1,2
1401,368,1,2
1401,369,1,2
1401,370,1,2
1401,371,1,2
1401,372,1,2
1401,373,1,2
1401,374,1,2
1401,375,1,2
1401,376,1,2
1401,377,1,2
1401,378,1,2
1401,379,1,2
1401,380,1,2
1401,381,1,2
1401,382,1,2
1401,383,1,2
1401,384,1,2
1401,385,1,2
1401,386,1,2
1401,387,1,2
1401,388,1,2
1401,389,1,2
1401,390,1,2
1401,391,1,2
1401,392,1,2
1401,393,1,2
1401,394,1,2
1401,395,1,2
1401,396,1,2
1401,397,1,2
1401,398,1,2
1401,399,1,2
1401,400,1,2
1401,401,1,2
1401,402,1,2
1401,403,1,2
1401,404,1,2
1401,405,1,2
1401,406,1,2
1401,407,1,2
1401,408,1,2
1401,409,1,2
1401,410,1,2
1401,411,1,2
1401,412,1,2
1401,413,1,2
1401,414,1,2
1401,415,1,2
1401,416,1,2
1401,417,1,2
1401,418,1,2
1401,419,1,2
1401,420,1,2
1401,421,1,2
1401,422,1,2
1401,423,1,2
1401,424,1,2
1401,425,1,2
1401,426,1,2
1401,427,1,2
1401,428,1,2
1401,429,1,2
1401,430,1,2
1401,431,1,2
1401,432,1,2
1401,433,1,2
1401,434,1,2
1401,435,1,2
1401,436,1,2
1401,437,1,2
1401,438,1,2
1401,439,1,2
1401,440,1,2
1401,441,1,2
1401,442,1,2
1401,443,1,2
1401,444,1,2
1401,445,1,2
1401,446,1,2
1401,447,1,2
1401,448,1,2
1401,449,1,2
1401,450,1,2
1401,451,1,2
1401,452,1,2
1401,453,1,2
1401,454,1,2
1401,455,1,2
1401,456,1,2
1401,457,1,2
1401,458,1,2
1401,459,1,2
1401,460,1,2
1401,461,1,2
1401,462,1,2
1401,463,1,2
1401,464,1,2
1401,465,1,2
1401,466,1,2
1401,467,1,2
1402,115,1,2
1402,116,1,2
1402,117,1,2
1402,118,1,2
1402,119,1,2
1402,120,1,2
1402,121,1,2
1402,122,1,2
1402,123,1,2
1402,124,1,2
1402,125,1,2
1402,126,1,2
1402,127,1,2
1402,128,1,2
1402,129,1,2
1402,130,1,2
1402,131,1,2
1402,132,1,2
1402,133,1,2
1402,134,1,2
1402,135,1,2
1402,136,1,2
1402,137,1,2
1402,138,1,2
1402,139,1,2
1402,140,1,2
1402,141,1,2
1402,142,1,2
1402,143,1,2
1402,144,1,2
1402,145,1,2
1402,146,1,2
1402,147,1,2
1402,148,1,2
1402,149,1,2
1402,150,1,2
1402,151,1,2
1402,152,1,2
1402,153,1,2
1402,154,1,2
1402,155,1,2
1402,156,1,2
1402,157,1,2
1402,158,1,2
1402,159,1,2
1402,160,1,2
1402,161,1,2
1402,162,1,2
1402,163,1,2
1402,164,1,3
1402,165,1,2
1402,166,1,2
1402,167,1,2
1402,168,1,2
1402,169,1,2
1402,170,1,2
1402,171,1,2
1402,172,1,2
1402,173,1,2
1402,174,1,2
1402,175,1,2
1402,176,1,2
1402,177,1,2
1402,178,1,2
1402,179,1,2
1402,180,1,2
1402,181,1,2
1402,182,1,2
1402,183,1,2
1402,184,1,2
1402,185,1,2
1402,186,1,2
1402,187,1,2
1402,188,1,2
1402,189,1,2
1402,190,1,2
1402,191,1,2
1402,192,1,2
1402,193,1,2
1402,194,1,2
1402,195,1,2
1402,196,1,2
1402,197,1,2
1402,198,1,2
1402,199,1,2
1402,200,1,2
1402,201,1,2
1402,202,1,2
1402,203,1,2
1402,204,1,2
1402,205,1,2
1402,206,1,2
1402,207,1,2
1402,208,1,2
1402,209,1,2
1402,210,1,2
1402,211,1,2
1402,212,1,2
1402,213,1,2
1402,214,1,2
1402,215,1,2
1402,216,1,2
1402,217,1,2
1402,218,1,2
1402,219,1,2
1402,220,1,2
1402,221,1,2
1402,222,1,2
1402,223,1,2
1402,224,1,2
1402,225,1,2
1402,226,1,2
1402,227,1,2
1402,228,1,2
1402,229,1,2
1402,230,1,2
1402,231,1,2
1402,232,1,2
1402,233,1,2
1402,234,1,2
1402,235,1,2
1402,236,1,2
1402,237,1,2
1402,238,1,2
1402,239,1,2
1402,240,1,2
1402,241,1,2
1402,242,1,2
1402,243,1,2
1402,244,1,2
1402,245,1,2
1402,246,1,2
1402,247,1,2
1402,248,1,2
1402,249,1,2
1402,250,1,2
1402,251,1,2
1402,252,1,2
1402,253,1,2
1402,254,1,2
1402,255,1,2
1402,256,1,2
1402,257,1,2
1402,258,1,2
1402,259,1,2
1402,260,1,2
1402,261,1,2
1402,262,1,2
1402,263,1,2
1402,264,1,2
1402,265,1,2
1402,266,1,2
1402,267,1,2
1402,268,1,2
1402,269,1,2
1402,270,1,2
1402,271,1,2
1402,272,1,2
1402,273,1,2
1402,274,1,2
1402,275,1,2
1402,276,1,2
1402,277,1,2
1402,278,1,2
1402,279,1,2
1402,280,1,2
1402,281,1,2
1402,282,1,2
1402,283,1,2
1402,284,1,2
1402,285,1,2
1402,286,1,2
1402,287,1,2
1402,288,1,2
1402,289,1,2
1402,290,1,2
1402,291,1,2
1402,292,1,2
1402,293,1,2
1402,294,1,2
1402,295,1,2
1402,296,1,2
1402,297,1,2
1402,298,1,2
1402,299,1,2
1402,300,1,2
1402,301,1,3
1402,302,1,3
1402,303,1,3
1402,304,1,3
1402,305,1,3
1402,306,1,3
1402,307,1,3
1402,308,1,3
1402,309,1,3
1402,310,1,3
1402,311,1,3
1402,312,1,3
1402,313,1,3
1402,314,1,3
1402,315,1,3
1402,316,1,3
1402,317,1,3
1402,318,1,3
1402,319,1,3
1402,320,1,3
1402,321,1,3
1402,322,1,3
1402,323,1,3
1402,324,1,3
1402,325,1,3
1402,326,1,3
1402,327,1,3
1402,328,1,3
1402,329,1,3
1402,330,1,3
1402,331,1,3
1402,332,1,3
1402,333,1,3
1402,334,1,3
1402,335,1,3
1402,336,1,3
1402,337,1,3
1402,338,1,3
1402,339,1,3
1402,340,1,3
1402,341,1,3
1402,342,1,3
1402,343,1,3
1402,344,1,3
1402,345,1,3
1402,346,1,3
1402,347,1,3
1402,348,1,3
1402,349,1,3
1402,350,1,3
1402,351,1,3
1402,352,1,3
1402,353,1,3
1402,354,1,3
1402,355,1,3
1402,356,1,3
1402,357,1,3
1402,358,1,2
1402,359,1,2
1402,360,1,2
1402,361,1,2
1402,362,1,2
1402,363,1,2
1402,364,1,2
1402,365,1,2
1402,366,1,2
1402,367,1,2
1402,368,1,2
1402,369,1,2
1402,370,1,2
1402,371,1,2
1402,372,1,2
1402,373,1,2
1402,374,1,2
1402,375,1,2
1402,376,1,2
1402,377,1,2
1402,378,1,2
1402,379,1,2
1402,380,1,2
1402,381,1,2
1402,382,1,2
1402,383,1,2
1402,384,1,2
1402,385,1,2
1402,386,1,2
1402,387,1,2
1402,388,1,2
1402,389,1,2
1402,390,1,2
1402,391,1,2
1402,392,1,2
1402,393,1,2
1402,394,1,2
1402,395,1,2
1402,396,1,2
1402,397,1,2
1402,398,1,2
1402,399,1,2
1402,400,1,2
1402,401,1,2
1402,402,1,2
1402,403,1,2
1402,404,1,2
1402,405,1,2
1402,406,1,2
1402,407,1,2
1402,408,1,2
1402,409,1,2
1402,410,1,2
1402,411,1,2
1402,412,1,2
1402,413,1,2
1402,414,1,2
1402,415,1,2
1402,416,1,2
1402,417,1,2
1402,418,1,2
1402,419,1,2
1402,420,1,2
1402,421,1,2
1402,422,1,2
1402,423,1,2
1402,424,1,2
1402,425,1,2
1402,426,1,2
1402,427,1,2
1402,428,1,2
1402,429,1,2
1402,430,1,2
1402,431,1,2
1402,432,1,2
1402,433,1,2
1402,434,1,2
1402,435,1,2
1402,436,1,2
1402,437,1,2
1402,438,1,2
1402,439,1,2
1402,440,1,2
1402,441,1,2
1402,442,1,2
1402,443,1,2
1402,444,1,2
1402,445,1,2
1402,446,1,2
1402,447,1,2
1402,448,1,2
1402,449,1,2
1402,450,1,2
1402,451,1,2
1402,452,1,2
1402,453,1,2
1402,454,1,2
1402,455,1,2
1402,456,1,2
1402,457,1,2
1402,458,1,2
1402,459,1,2
1402,460,1,2
1402,461,1,2
1402,462,1,2
1402,463,1,2
1402,464,1,2
1402,465,1,2
1402,466,1,2
1402,467,1,2
1403,115,1,2
1403,116,1,2
1403,117,1,2
1403,118,1,2
1403,119,1,2
1403,120,1,2
1403,121,1,2
1403,122,1,2
1403,123,1,2
1403,124,1,2
1403,125,1,2
1403,126,1,2
1403,127,1,2
1403,128,1,2
1403,129,1,2
1403,130,1,2
1403,131,1,2
1403,132,1,2
1403,133,1,2
1403,134,1,2
1403,135,1,2
1403,136,1,2
1403,137,1,2
1403,138,1,2
1403,139,1,2
1403,140,1,2
1403,141,1,2
1403,142,1,2
1403,143,1,2
1403,144,1,2
1403,145,1,2
1403,146,1,2
1403,147,1,2
1403,148,1,2
1403,149,1,2
1403,150,1,2
1403,151,1,2
1403,152,1,2
1403,153,1,2
1403,154,1,2
1403,155,1,2
1403,156,1,2
1403,157,1,2
1403,158,1,2
1403,159,1,2
1403,160,1,2
1403,161,1,2
1403,162,1,2
1403,163,1,2
1403,164,1,2
1403,165,1,3
1403,166,1,3
1403,167,1,3
1403,168,1,3
1403,169,1,3
1403,170,1,2
1403,171,1,2
1403,172,1,2
1403,173,1,2
1403,174,1,2
1403,175,1,2
1403,176,1,2
1403,177,1,2
1403,178,1,2
1403,179,1,2
1403,180,1,2
1403,181,1,2
1403,182,1,2
1403,183,1,2
1403,184,1,2
1403,185,1,2
1403,186,1,2
1403,187,1,2
1403,188,1,2
1403,189,1,2
1403,190,1,2
1403,191,1,2
1403,192,1,2
1403,193,1,2
1403,194,1,2
1403,195,1,2
1403,196,1,2
1403,197,1,2
1403,198,1,2
1403,199,1,2
1403,200,1,2
1403,201,1,2
1403,202,1,2
1403,203,1,2
1403,204,1,2
1403,205,1,2
1403,206,1,2
1403,207,1,2
1403,208,1,2
1403,209,1,2
1403,210,1,2
1403,211,1,2
1403,212,1,2
1403,213,1,2
1403,214,1,2
1403,215,1,2
1403,216,1,2
1403,217,1,2
1403,218,1,2
1403,219,1,2
1403,220,1,2
1403,221,1,2
1403,222,1,2
1403,223,1,2
1403,224,1,2
1403,225,1,2
1403,226,1,2
1403,227,1,2
1403,228,1,2
1403,229,1,2
1403,230,1,2
1403,231,1,2
1403,232,1,2
1403,233,1,2
1403,234,1,2
1403,235,1,2
1403,236,1,2
1403,237,1,2
1403,238,1,2
1403,239,1,2
1403,240,1,2
1403,241,1,2
1403,242,1,2
1403,243,1,2
1403,244,1,2
1403,245,1,2
1403,246,1,2
1403,247,1,2
1403,248,1,2
1403,249,1,2
1403,250,1,2
1403,251,1,2
1403,252,1,2
1403,253,1,2
1403,254,1,2
1403,255,1,2
1403,256,1,2
1403,257,1,2
1403,258,1,2
1403,259,1,2
1403,260,1,2
1403,261,1,2
1403,262,1,2
1403,263,1,2
1403,264,1,2
1403,265,1,2
1403,266,1,2
1403,267,1,2
1403,268,1,2
1403,269,1,2
1403,270,1,2
1403,271,1,2
1403,272,1,2
1403,273,1,2
1403,274,1,2
1403,275,1,2
1403,276,1,2
1403,277,1,2
1403,278,1,2
1403,279,1,2
1403,280,1,2
1403,281,1,2
1403,282,1,2
1403,283,1,2
1403,284,1,2
1403,285,1,2
1403,286,1,2
1403,287,1,2
1403,288,1,2
1403,289,1,2
1403,290,1,2
1403,291,1,2
1403,292,1,2
1403,293,1,2
1403,294,1,2
1403,295,1,2
1403,296,1,2
1403,297,1,3
1403,298,1,3
1403,299,1,3
1403,300,1,3
1403,301,1,3
1403,302,1,3
1403,303,1,3
1403,304,1,3
1403,305,1,3
1403,306,1,3
1403,307,1,3
1403,308,1,3
1403,309,1,3
1403,310,1,3
1403,311,1,3
1403,312,1,3
1403,313,1,3
1403,314,1,3
1403,315,1,3
1403,316,1,3
1403,317,1,3
1403,318,1,3
1403,319,1,3
1403,320,1,3
1403,321,1,3
1403,322,1,3
1403,323,1,3
1403,324,1,3
1403,325,1,3
1403,326,1,3
1403,327,1,3
1403,328,1,3
1403,329,1,3
1403,330,1,3
1403,331,1,3
1403,332,1,3
1403,333,1,3
1403,334,1,3
1403,335,1,3
1403,336,1,3
1403,337,1,3
1403,338,1,3
1403,339,1,3
1403,340,1,3
1403,341,1,3
1403,342,1,3
1403,343,1,3
1403,344,1,3
1403,345,1,3
1403,346,1,3
1403,347,1,3
1403,348,1,3
1403,349,1,3
1403,350,1,3
1403,351,1,3
1403,352,1,3
1403,353,1,3
1403,354,1,3
1403,355,1,3
1403,356,1,3
1403,357,1,3
1403,358,1,3
1403,359,1,2
1403,360,1,2
1403,361,1,2
1403,362,1,2
1403,363,1,2
1403,364,1,2
1403,365,1,2
1403,366,1,2
1403,367,1,2
1403,368,1,2
1403,369,1,2
1403,370,1,2
1403,371,1,2
1403,372,1,2
1403,373,1,2
1403,374,1,2
1403,375,1,2
1403,376,1,2
1403,377,1,2
1403,378,1,2
1403,379,1,2
1403,380,1,2
1403,381,1,2
1403,382,1,2
1403,383,1,2
1403,384,1,2
1403,385,1,2
1403,386,1,2
1403,387,1,2
1403,388,1,2
1403,389,1,2
1403,390,1,2
1403,391,1,2
1403,392,1,2
1403,393,1,2
1403,394,1,2
1403,395,1,2
1403,396,1,2
1403,397,1,2
1403,398,1,2
1403,399,1,2
1403,400,1,2
1403,401,1,2
1403,402,1,2
1403,403,1,2
1403,404,1,2
1403,405,1,2
1403,406,1,2
1403,407,1,2
1403,408,1,2
1403,409,1,2
1403,410,1,2
1403,411,1,2
1403,412,1,2
1403,413,1,2
1403,414,1,2
1403,415,1,2
1403,416,1,2
1403,417,1,2
1403,418,1,2
1403,419,1,2
1403,420,1,2
1403,421,1,2
1403,422,1,2
1403,423,1,2
1403,424,1,2
1403,425,1,2
1403,426,1,2
1403,427,1,2
1403,428,1,2
1403,429,1,2
1403,430,1,2
1403,431,1,2
1403,432,1,2
1403,433,1,2
1403,434,1,2
1403,435,1,2
1403,436,1,2
1403,437,1,2
1403,438,1,2
1403,439,1,2
1403,440,1,2
1403,441,1,2
1403,442,1,2
1403,443,1,2
1403,444,1,2
1403,445,1,2
1403,446,1,2
1403,447,1,2
1403,448,1,2
1403,449,1,2
1403,450,1,2
1403,451,1,2
1403,452,1,2
1403,453,1,2
1403,454,1,2
1403,455,1,2
1403,456,1,2
1403,457,1,2
1403,458,1,2
1403,459,1,2
1403,460,1,2
1403,461,1,2
1403,462,1,2
1403,463,1,2
1403,464,1,2
1403,465,1,2
1403,466,1,2
1403,467,1,2
1404,115,1,2
1404,116,1,2
1404,117,1,2
1404,118,1,2
1404,119,1,2
1404,120,1,2
1404,121,1,2
1404,122,1,2
1404,123,1,2
1404,124,1,2
1404,125,1,2
1404,126,1,2
1404,127,1,2
1404,128,1,2
1404,129,1,2
1404,130,1,2
1404,131,1,2
1404,132,1,2
1404,133,1,2
1404,134,1,2
1404,135,1,2
1404,136,1,2
1404,137,1,2
1404,138,1,2
1404,139,1,2
1404,140,1,2
1404,141,1,2
1404,142,1,2
1404,143,1,2
1404,144,1,2
1404,145,1,2
1404,146,1,2
1404,147,1,2
1404,148,1,2
1404,149,1,2
1404,150,1,2
1404,151,1,2
1404,152,1,2
1404,153,1,2
1404,154,1,2
1404,155,1,2
1404,156,1,2
1404,157,1,2
1404,158,1,2
1404,159,1,2
1404,160,1,3
1404,161,1,3
1404,162,1,3
1404,163,1,3
1404,164,1,3
1404,165,1,3
1404,166,1,3
1404,167,1,3
1404,168,1,3
1404,169,1,3
1404,170,1,3
1404,171,1,3
1404,172,1,3
1404,173,1,2
1404,174,1,2
1404,175,1,2
1404,176,1,2
1404,177,1,2
1404,178,1,2
1404,179,1,2
1404,180,1,2
1404,181,1,2
1404,182,1,2
1404,183,1,2
1404,184,1,2
1404,185,1,2
1404,186,1,2
1404,187,1,2
1404,188,1,2
1404,189,1,2
1404,190,1,2
1404,191,1,2
1404,192,1,2
1404,193,1,2
1404,194,1,2
1404,195,1,2
1404,196,1,2
1404,197,1,2
1404,198,1,2
1404,199,1,2
1404,200,1,2
1404,201,1,2
1404,202,1,2
1404,203,1,2
1404,204,1,2
1404,205,1,2
1404,206,1,2
1404,207,1,2
1404,208,1,2
1404,209,1,2
1404,210,1,2
1404,211,1,2
1404,212,1,2
1404,213,1,2
1404,214,1,2
1404,215,1,2
1404,216,1,2
1404,217,1,2
1404,218,1,2
1404,219,1,2
1404,220,1,2
1404,221,1,2
1404,222,1,2
1404,223,1,2
1404,224,1,2
1404,225,1,2
1404,226,1,2
1404,227,1,2
1404,228,1,2
1404,229,1,2
1404,230,1,2
1404,231,1,2
1404,232,1,2
1404,233,1,2
1404,234,1,2
1404,235,1,2
1404,236,1,2
1404,237,1,2
1404,238,1,2
1404,239,1,2
1404,240,1,2
1404,241,1,2
1404,242,1,2
1404,243,1,2
1404,244,1,2
1404,245,1,2
1404,246,1,2
1404,247,1,2
1404,248,1,2
1404,249,1,2
1404,250,1,2
1404,251,1,2
1404,252,1,2
1404,253,1,2
1404,254,1,2
1404,255,1,2
1404,256,1,2
1404,257,1,2
1404,258,1,2
1404,259,1,2
1404,260,1,2
1404,261,1,2
1404,262,1,2
1404,263,1,2
1404,264,1,2
1404,265,1,2
1404,266,1,2
1404,267,1,2
1404,268,1,2
1404,269,1,2
1404,270,1,2
1404,271,1,2
1404,272,1,2
1404,273,1,2
1404,274,1,2
1404,275,1,2
1404,276,1,2
1404,277,1,2
1404,278,1,2
1404,279,1,2
1404,280,1,2
1404,281,1,2
1404,282,1,2
1404,283,1,2
1404,284,1,2
1404,285,1,2
1404,286,1,2
1404,287,1,2
1404,288,1,2
1404,289,1,2
1404,290,1,2
1404,291,1,2
1404,292,1,3
1404,293,1,3
1404,294,1,3
1404,295,1,3
1404,296,1,3
1404,297,1,3
1404,298,1,3
1404,299,1,3
1404,300,1,3
1404,301,1,3
1404,302,1,3
1404,303,1,3
1404,304,1,3
1404,305,1,3
1404,306,1,3
1404,307,1,3
1404,308,1,3
1404,309,1,3
1404,310,1,3
1404,311,1,3
1404,312,1,3
1404,313,1,3
1404,314,1,3
1404,315,1,3
1404,316,1,3
1404,317,1,3
1404,318,1,3
1404,319,1,3
1404,320,1,3
1404,321,1,3
1404,322,1,3
1404,323,1,3
1404,324,1,3
1404,325,1,3
1404,326,1,3
1404,327,1,3
1404,328,1,3
1404,329,1,3
1404,330,1,3
1404,331,1,3
1404,332,1,3
1404,333,1,3
1404,334,1,3
1404,335,1,3
1404,336,1,3
1404,337,1,3
1404,338,1,3
1404,339,1,3
1404,340,1,3
1404,341,1,3
1404,342,1,3
1404,343,1,3
1404,344,1,3
1404,345,1,3
1404,346,1,3
1404,347,1,3
1404,348,1,3
1404,349,1,3
1404,350,1,3
1404,351,1,3
1404,352,1,3
1404,353,1,3
1404,354,1,3
1404,355,1,3
1404,356,1,3
1404,357,1,3
1404,358,1,3
1404,359,1,3
1404,360,1,2
1404,361,1,2
1404,362,1,2
1404,363,1,2
1404,364,1,2
1404,365,1,2
1404,366,1,2
1404,367,1,2
1404,368,1,2
1404,369,1,2
1404,370,1,2
1404,371,1,2
1404,372,1,2
1404,373,1,2
1404,374,1,2
1404,375,1,2
1404,376,1,2
1404,377,1,2
1404,378,1,2
1404,379,1,2
1404,380,1,2
1404,381,1,2
1404,382,1,2
1404,383,1,2
1404,384,1,2
1404,385,1,2
1404,386,1,2
1404,387,1,2
1404,388,1,2
1404,389,1,2
1404,390,1,2
1404,391,1,2
1404,392,1,2
1404,393,1,2
1404,394,1,2
1404,395,1,2
1404,396,1,2
1404,397,1,2
1404,398,1,2
1404,399,1,2
1404,400,1,2
1404,401,1,2
1404,402,1,2
1404,403,1,2
1404,404,1,2
1404,405,1,2
1404,406,1,2
1404,407,1,2
1404,408,1,2
1404,409,1,2
1404,410,1,2
1404,411,1,2
1404,412,1,2
1404,413,1,2
1404,414,1,2
1404,415,1,2
1404,416,1,2
1404,417,1,2
1404,418,1,2
1404,419,1,2
1404,420,1,2
1404,421,1,2
1404,422,1,2
1404,423,1,2
1404,424,1,2
1404,425,1,2
1404,426,1,2
1404,427,1,2
1404,428,1,2
1404,429,1,2
1404,430,1,2
1404,431,1,2
1404,432,1,2
1404,433,1,2
1404,434,1,2
1404,435,1,2
1404,436,1,2
1404,437,1,2
1404,438,1,2
1404,439,1,2
1404,440,1,2
1404,441,1,2
1404,442,1,2
1404,443,1,2
1404,444,1,2
1404,445,1,2
1404,446,1,2
1404,447,1,2
1404,448,1,2
1404,449,1,2
1404,450,1,2
1404,451,1,2
1404,452,1,2
1404,453,1,2
1404,454,1,2
1404,455,1,2
1404,456,1,2
1404,457,1,2
1404,458,1,2
1404,459,1,2
1404,460,1,2
1404,461,1,2
1404,462,1,2
1404,463,1,2
1404,464,1,2
1404,465,1,2
1404,466,1,2
1404,467,1,2
1405,115,1,2
1405,116,1,2
1405,117,1,2
1405,118,1,2
1405,119,1,2
1405,120,1,2
1405,121,1,2
1405,122,1,2
1405,123,1,2
1405,124,1,2
1405,125,1,2
1405,126,1,2
1405,127,1,2
1405,128,1,2
1405,129,1,2
1405,130,1,2
1405,131,1,2
1405,132,1,2
1405,133,1,2
1405,134,1,2
1405,135,1,2
1405,136,1,2
1405,137,1,2
1405,138,1,2
1405,139,1,2
1405,140,1,2
1405,141,1,2
1405,142,1,2
1405,143,1,2
1405,144,1,2
1405,145,1,2
1405,146,1,2
1405,147,1,2
1405,148,1,2
1405,149,1,2
1405,150,1,2
1405,151,1,2
1405,152,1,2
1405,153,1,2
1405,154,1,2
1405,155,1,2
1405,156,1,2
1405,157,1,2
1405,158,1,3
1405,159,1,3
1405,160,1,3
1405,161,1,3
1405,162,1,3
1405,163,1,3
1405,164,1,3
1405,165,1,3
1405,166,1,3
1405,167,1,3
1405,168,1,3
1405,169,1,3
1405,170,1,3
1405,171,1,3
1405,172,1,3
1405,173,1,2
1405,174,1,2
1405,175,1,2
1405,176,1,2
1405,177,1,2
1405,178,1,2
1405,179,1,2
1405,180,1,2
1405,181,1,2
1405,182,1,2
1405,183,1,2
1405,184,1,2
1405,185,1,2
1405,186,1,2
1405,187,1,2
1405,188,1,2
1405,189,1,2
1405,190,1,2
1405,191,1,2
1405,192,1,2
1405,193,1,2
1405,194,1,2
1405,195,1,2
1405,196,1,2
1405,197,1,2
1405,198,1,2
1405,199,1,2
1405,200,1,2
1405,201,1,2
1405,202,1,2
1405,203,1,2
1405,204,1,2
1405,205,1,2
1405,206,1,2
1405,207,1,2
1405,208,1,2
1405,209,1,2
1405,210,1,2
1405,211,1,2
1405,212,1,2
1405,213,1,2
1405,214,1,2
1405,215,1,2
1405,216,1,2
1405,217,1,2
1405,218,1,2
1405,219,1,2
1405,220,1,2
1405,221,1,2
1405,222,1,2
1405,223,1,2
1405,224,1,2
1405,225,1,2
1405,226,1,2
1405,227,1,2
1405,228,1,2
1405,229,1,2
1405,230,1,2
1405,231,1,2
1405,232,1,2
1405,233,1,2
1405,234,1,2
1405,235,1,2
1405,236,1,2
1405,237,1,2
1405,238,1,2
1405,239,1,2
1405,240,1,2
1405,241,1,2
1405,242,1,2
1405,243,1,2
1405,244,1,2
1405,245,1,2
1405,246,1,2
1405,247,1,2
1405,248,1,2
1405,249,1,2
1405,250,1,2
1405,251,1,2
1405,252,1,2
1405,253,1,2
1405,254,1,2
1405,255,1,2
1405,256,1,2
1405,257,1,2
1405,258,1,2
1405,259,1,2
1405,260,1,2
1405,261,1,2
1405,262,1,2
1405,263,1,2
1405,264,1,2
1405,265,1,2
1405,266,1,2
1405,267,1,2
1405,268,1,2
1405,269,1,2
1405,270,1,2
1405,271,1,2
1405,272,1,2
1405,273,1,2
1405,274,1,2
1405,275,1,2
1405,276,1,2
1405,277,1,2
1405,278,1,2
1405,279,1,2
1405,280,1,2
1405,281,1,2
1405,282,1,2
1405,283,1,2
1405,284,1,2
1405,285,1,2
1405,286,1,2
1405,287,1,2
1405,288,1,3
1405,289,1,3
1405,290,1,3
1405,291,1,3
1405,292,1,3
1405,293,1,3
1405,294,1,3
1405,295,1,3
1405,296,1,3
1405,297,1,3
1405,298,1,3
1405,299,1,3
1405,300,1,3
1405,301,1,3
1405,302,1,3
1405,303,1,3
1405,304,1,3
1405,305,1,3
1405,306,1,3
1405,307,1,3
1405,308,1,3
1405,309,1,3
1405,310,1,3
1405,311,1,3
1405,312,1,3
1405,313,1,3
1405,314,1,3
1405,315,1,3
1405,316,1,3
1405,317,1,3
1405,318,1,3
1405,319,1,3
1405,320,1,3
1405,321,1,3
1405,322,1,3
1405,323,1,3
1405,324,1,3
1405,325,1,3
1405,326,1,3
1405,327,1,3
1405,328,1,3
1405,329,1,3
1405,330,1,3
1405,331,1,3
1405,332,1,3
1405,333,1,3
1405,334,1,3
1405,335,1,3
1405,336,1,3
1405,337,1,3
1405,338,1,3
1405,339,1,3
1405,340,1,3
1405,341,1,3
1405,342,1,3
1405,343,1,3
1405,344,1,3
1405,345,1,3
1405,346,1,3
1405,347,1,3
1405,348,1,3
1405,349,1,3
1405,350,1,3
1405,351,1,3
1405,352,1,3
1405,353,1,3
1405,354,1,3
1405,355,1,3
1405,356,1,3
1405,357,1,3
1405,358,1,3
1405,359,1,3
1405,360,1,3
1405,361,1,2
1405,362,1,2
1405,363,1,2
1405,364,1,2
1405,365,1,2
1405,366,1,2
1405,367,1,2
1405,368,1,2
1405,369,1,2
1405,370,1,2
1405,371,1,2
1405,372,1,2
1405,373,1,2
1405,374,1,2
1405,375,1,2
1405,376,1,2
1405,377,1,2
1405,378,1,2
1405,379,1,2
1405,380,1,2
1405,381,1,2
1405,382,1,2
1405,383,1,2
1405,384,1,2
1405,385,1,2
1405,386,1,2
1405,387,1,2
1405,388,1,2
1405,389,1,2
1405,390,1,2
1405,391,1,2
1405,392,1,2
1405,393,1,2
1405,394,1,2
1405,395,1,2
1405,396,1,2
1405,397,1,2
1405,398,1,2
1405,399,1,2
1405,400,1,2
1405,401,1,2
1405,402,1,2
1405,403,1,2
1405,404,1,2
1405,405,1,2
1405,406,1,2
1405,407,1,2
1405,408,1,2
1405,409,1,2
1405,410,1,2
1405,411,1,2
1405,412,1,2
1405,413,1,2
1405,414,1,2
1405,415,1,2
1405,416,1,2
1405,417,1,2
1405,418,1,2
1405,419,1,2
1405,420,1,2
1405,421,1,2
1405,422,1,2
1405,423,1,2
1405,424,1,2
1405,425,1,2
1405,426,1,2
1405,427,1,2
1405,428,1,2
1405,429,1,2
1405,430,1,2
1405,431,1,2
1405,432,1,2
1405,433,1,2
1405,434,1,2
1405,435,1,2
1405,436,1,2
1405,437,1,2
1405,438,1,2
1405,439,1,2
1405,440,1,2
1405,441,1,2
1405,442,1,2
1405,443,1,2
1405,444,1,2
1405,445,1,2
1405,446,1,2
1405,447,1,2
1405,448,1,2
1405,449,1,2
1405,450,1,2
1405,451,1,2
1405,452,1,2
1405,453,1,2
1405,454,1,2
1405,455,1,2
1405,456,1,2
1405,457,1,2
1405,458,1,2
1405,459,1,2
1405,460,1,2
1405,461,1,2
1405,462,1,2
1405,463,1,2
1405,464,1,2
1405,465,1,2
1405,466,1,2
1405,467,1,2
1406,115,1,2
1406,116,1,2
1406,117,1,2
1406,118,1,2
1406,119,1,2
1406,120,1,2
1406,121,1,2
1406,122,1,2
1406,123,1,2
1406,124,1,2
1406,125,1,2
1406,126,1,2
1406,127,1,2
1406,128,1,2
1406,129,1,2
1406,130,1,2
1406,131,1,2
1406,132,1,2
1406,133,1,2
1406,134,1,2
1406,135,1,2
1406,136,1,2
1406,137,1,2
1406,138,1,2
1406,139,1,2
1406,140,1,2
1406,141,1,2
1406,142,1,2
1406,143,1,2
1406,144,1,2
1406,145,1,2
1406,146,1,2
1406,147,1,2
1406,148,1,2
1406,149,1,2
1406,150,1,2
1406,151,1,2
1406,152,1,2
1406,153,1,2
1406,154,1,3
1406,155,1,3
1406,156,1,3
1406,157,1,3
1406,158,1,3
1406,159,1,3
1406,160,1,3
1406,161,1,3
1406,162,1,3
1406,163,1,3
1406,164,1,3
1406,165,1,3
1406,166,1,3
1406,167,1,3
1406,168,1,3
1406,169,1,3
1406,170,1,3
1406,171,1,3
1406,172,1,3
1406,173,1,3
1406,174,1,3
1406,175,1,2
1406,176,1,2
1406,177,1,2
1406,178,1,2
1406,179,1,2
1406,180,1,2
1406,181,1,2
1406,182,1,2
1406,183,1,2
1406,184,1,2
1406,185,1,2
1406,186,1,2
1406,187,1,2
1406,188,1,2
1406,189,1,2
1406,190,1,2
1406,191,1,2
1406,192,1,2
1406,193,1,2
1406,194,1,2
1406,195,1,2
1406,196,1,2
1406,197,1,2
1406,198,1,2
1406,199,1,2
1406,200,1,2
1406,201,1,2
1406,202,1,2
1406,203,1,2
1406,204,1,2
1406,205,1,2
1406,206,1,2
1406,207,1,2
1406,208,1,2
1406,209,1,2
1406,210,1,2
1406,211,1,2
1406,212,1,2
1406,213,1,2
1406,214,1,2
1406,215,1,2
1406,216,1,2
1406,217,1,2
1406,218,1,2
1406,219,1,2
1406,220,1,2
1406,221,1,2
1406,222,1,2
1406,223,1,2
1406,224,1,2
1406,225,1,2
1406,226,1,2
1406,227,1,2
1406,228,1,2
1406,229,1,2
1406,230,1,2
1406,231,1,2
1406,232,1,2
1406,233,1,2
1406,234,1,2
1406,235,1,2
1406,236,1,2
1406,237,1,2
1406,238,1,2
1406,239,1,2
1406,240,1,2
1406,241,1,2
1406,242,1,2
1406,243,1,2
1406,244,1,2
1406,245,1,2
1406,246,1,2
1406,247,1,2
1406,248,1,2
1406,249,1,2
1406,250,1,2
1406,251,1,2
1406,252,1,2
1406,253,1,2
1406,254,1,2
1406,255,1,2
1406,256,1,2
1406,257,1,2
1406,258,1,2
1406,259,1,2
1406,260,1,2
1406,261,1,2
1406,262,1,2
1406,263,1,2
1406,264,1,2
1406,265,1,2
1406,266,1,2
1406,267,1,2
1406,268,1,2
1406,269,1,2
1406,270,1,2
1406,271,1,2
1406,272,1,2
1406,273,1,2
1406,274,1,2
1406,275,1,2
1406,276,1,2
1406,277,1,2
1406,278,1,2
1406,279,1,2
1406,280,1,2
1406,281,1,3
1406,282,1,3
1406,283,1,3
1406,284,1,3
1406,285,1,3
1406,286,1,3
1406,287,1,3
1406,288,1,3
1406,289,1,3
1406,290,1,3
1406,291,1,3
1406,292,1,3
1406,293,1,3
1406,294,1,3
1406,295,1,3
1406,296,1,3
1406,297,1,3
1406,298,1,3
1406,299,1,3
1406,300,1,3
1406,301,1,3
1406,302,1,3
1406,303,1,3
1406,304,1,3
1406,305,1,3
1406,306,1,3
1406,307,1,3
1406,308,1,3
1406,309,1,3
1406,310,1,3
1406,311,1,3
1406,312,1,3
1406,313,1,3
1406,314,1,3
1406,315,1,3
1406,316,1,3
1406,317,1,3
1406,318,1,3
1406,319,1,3
1406,320,1,3
1406,321,1,3
1406,322,1,3
1406,323,1,3
1406,324,1,3
1406,325,1,3
1406,326,1,3
1406,327,1,3
1406,328,1,3
1406,329,1,3
1406,330,1,3
1406,331,1,3
1406,332,1,3
1406,333,1,3
1406,334,1,3
1406,335,1,3
1406,336,1,3
1406,337,1,3
1406,338,1,3
1406,339,1,3
1406,340,1,3
1406,341,1,3
1406,342,1,3
1406,343,1,3
1406,344,1,3
1406,345,1,3
1406,346,1,3
1406,347,1,3
1406,348,1,3
1406,349,1,3
1406,350,1,3
1406,351,1,3
1406,352,1,3
1406,353,1,3
1406,354,1,3
1406,355,1,3
1406,356,1,3
1406,357,1,3
1406,358,1,3
1406,359,1,3
1406,360,1,3
1406,361,1,3
1406,362,1,3
1406,363,1,2
1406,364,1,2
1406,365,1,2
1406,366,1,2
1406,367,1,2
1406,368,1,2
1406,369,1,2
1406,370,1,2
1406,371,1,2
1406,372,1,2
1406,373,1,2
1406,374,1,2
1406,375,1,2
1406,376,1,2
1406,377,1,2
1406,378,1,2
1406,379,1,2
1406,380,1,2
1406,381,1,2
1406,382,1,2
1406,383,1,2
1406,384,1,2
1406,385,1,2
1406,386,1,2
1406,387,1,2
1406,388,1,2
1406,389,1,2
1406,390,1,2
1406,391,1,2
1406,392,1,2
1406,393,1,2
1406,394,1,2
1406,395,1,2
1406,396,1,2
1406,397,1,2
1406,398,1,2
1406,399,1,2
1406,400,1,2
1406,401,1,2
1406,402,1,2
1406,403,1,2
1406,404,1,2
1406,405,1,2
1406,406,1,2
1406,407,1,2
1406,408,1,2
1406,409,1,2
1406,410,1,2
1406,411,1,2
1406,412,1,2
1406,413,1,2
1406,414,1,2
1406,415,1,2
1406,416,1,2
1406,417,1,2
1406,418,1,2
1406,419,1,2
1406,420,1,2
1406,421,1,2
1406,422,1,2
1406,423,1,2
1406,424,1,2
1406,425,1,2
1406,426,1,2
1406,427,1,2
1406,428,1,2
1406,429,1,2
1406,430,1,2
1406,431,1,2
1406,432,1,2
1406,433,1,2
1406,434,1,2
1406,435,1,2
1406,436,1,2
1406,437,1,2
1406,438,1,2
1406,439,1,2
1406,440,1,2
1406,441,1,2
1406,442,1,2
1406,443,1,2
1406,444,1,2
1406,445,1,2
1406,446,1,2
1406,447,1,2
1406,448,1,2
1406,449,1,2
1406,450,1,2
1406,451,1,2
1406,452,1,2
1406,453,1,2
1406,454,1,2
1406,455,1,2
1406,456,1,2
1406,457,1,2
1406,458,1,2
1406,459,1,2
1406,460,1,2
1406,461,1,2
1406,462,1,2
1406,463,1,2
1406,464,1,2
1406,465,1,2
1406,466,1,2
1406,467,1,2
1407,116,1,2
1407,117,1,2
1407,118,1,2
1407,119,1,2
1407,120,1,2
1407,121,1,2
1407,122,1,2
1407,123,1,2
1407,124,1,2
1407,125,1,2
1407,126,1,2
1407,127,1,2
1407,128,1,2
1407,129,1,2
1407,130,1,2
1407,131,1,2
1407,132,1,2
1407,133,1,2
1407,134,1,2
1407,135,1,2
1407,136,1,2
1407,137,1,2
1407,138,1,2
1407,139,1,2
1407,140,1,2
1407,141,1,2
1407,142,1,2
1407,143,1,2
1407,144,1,2
1407,145,1,2
1407,146,1,2
1407,147,1,2
1407,148,1,2
1407,149,1,2
1407,150,1,2
1407,151,1,2
1407,152,1,3
1407,153,1,3
1407,154,1,3
1407,155,1,3
1407,156,1,3
1407,157,1,3
1407,158,1,3
1407,159,1,3
1407,160,1,3
1407,161,1,3
1407,162,1,3
1407,163,1,3
1407,164,1,3
1407,165,1,3
1407,166,1,3
1407,167,1,3
1407,168,1,3
1407,169,1,3
1407,170,1,3
1407,171,1,3
1407,172,1,3
1407,173,1,3
1407,174,1,3
1407,175,1,3
1407,176,1,3
1407,177,1,2
1407,178,1,2
1407,179,1,2
1407,180,1,2
1407,181,1,2
1407,182,1,2
1407,183,1,2
1407,184,1,2
1407,185,1,2
1407,186,1,2
1407,187,1,2
1407,188,1,2
1407,189,1,2
1407,190,1,2
1407,191,1,2
1407,192,1,2
1407,193,1,2
1407,194,1,2
1407,195,1,2
1407,196,1,2
1407,197,1,2
1407,198,1,2
1407,199,1,2
1407,200,1,2
1407,201,1,2
1407,202,1,2
1407,203,1,2
1407,204,1,2
1407,205,1,2
1407,206,1,2
1407,207,1,2
1407,208,1,2
1407,209,1,2
1407,210,1,2
1407,211,1,2
1407,212,1,2
1407,213,1,2
1407,214,1,2
1407,215,1,2
1407,216,1,2
1407,217,1,2
1407,218,1,2
1407,219,1,2
1407,220,1,2
1407,221,1,2
1407,222,1,2
1407,223,1,2
1407,224,1,2
1407,225,1,2
1407,226,1,2
1407,227,1,2
1407,228,1,2
1407,229,1,2
1407,230,1,2
1407,231,1,2
1407,232,1,2
1407,233,1,2
1407,234,1,2
1407,235,1,2
1407,236,1,2
1407,237,1,2
1407,238,1,2
1407,239,1,2
1407,240,1,2
1407,241,1,2
1407,242,1,2
1407,243,1,2
1407,244,1,2
1407,245,1,2
1407,246,1,2
1407,247,1,2
1407,248,1,2
1407,249,1,2
1407,250,1,2
1407,251,1,2
1407,252,1,2
1407,253,1,2
1407,254,1,2
1407,255,1,2
1407,256,1,2
1407,257,1,2
1407,258,1,2
1407,259,1,2
1407,260,1,2
1407,261,1,2
1407,262,1,2
1407,263,1,2
1407,264,1,2
1407,265,1,2
1407,266,1,2
1407,267,1,2
1407,268,1,2
1407,269,1,2
1407,270,1,2
1407,271,1,2
1407,272,1,2
1407,273,1,3
1407,274,1,3
1407,275,1,3
1407,276,1,3
1407,277,1,3
1407,278,1,2
1407,279,1,3
1407,280,1,3
1407,281,1,3
1407,282,1,3
1407,283,1,3
1407,284,1,3
1407,285,1,3
1407,286,1,3
1407,287,1,3
1407,288,1,3
1407,289,1,3
1407,290,1,3
1407,291,1,3
1407,292,1,3
1407,293,1,3
1407,294,1,3
1407,295,1,3
1407,296,1,3
1407,297,1,3
1407,298,1,3
1407,299,1,3
1407,300,1,3
1407,301,1,3
1407,302,1,3
1407,303,1,3
1407,304,1,3
1407,305,1,3
1407,306,1,3
1407,307,1,3
1407,308,1,3
1407,309,1,3
1407,310,1,3
1407,311,1,3
1407,312,1,3
1407,313,1,3
1407,314,1,3
1407,315,1,3
1407,316,1,3
1407,317,1,3
1407,318,1,3
1407,319,1,3
1407,320,1,3
1407,321,1,3
1407,322,1,3
1407,323,1,3
1407,324,1,3
1407,325,1,3
1407,326,1,3
1407,327,1,3
1407,328,1,3
1407,329,1,3
1407,330,1,3
1407,331,1,3
1407,332,1,3
1407,333,1,3
1407,334,1,3
1407,335,1,3
1407,336,1,3
1407,337,1,3
1407,338,1,3
1407,339,1,3
1407,340,1,3
1407,341,1,3
1407,342,1,3
1407,343,1,3
1407,344,1,3
1407,345,1,3
1407,346,1,3
1407,347,1,3
1407,348,1,3
1407,349,1,3
1407,350,1,3
1407,351,1,3
1407,352,1,3
1407,353,1,3
1407,354,1,3
1407,355,1,3
1407,356,1,3
1407,357,1,3
1407,358,1,3
1407,359,1,3
1407,360,1,3
1407,361,1,3
1407,362,1,3
1407,363,1,3
1407,364,1,2
1407,365,1,2
1407,366,1,2
1407,367,1,2
1407,368,1,2
1407,369,1,2
1407,370,1,2
1407,371,1,2
1407,372,1,2
1407,373,1,2
1407,374,1,2
1407,375,1,2
1407,376,1,2
1407,377,1,2
1407,378,1,2
1407,379,1,2
1407,380,1,2
1407,381,1,2
1407,382,1,2
1407,383,1,2
1407,384,1,2
1407,385,1,2
1407,386,1,2
1407,387,1,2
1407,388,1,2
1407,389,1,2
1407,390,1,2
1407,391,1,2
1407,392,1,2
1407,393,1,2
1407,394,1,2
1407,395,1,2
1407,396,1,2
1407,397,1,2
1407,398,1,2
1407,399,1,2
1407,400,1,2
1407,401,1,2
1407,402,1,2
1407,403,1,2
1407,404,1,2
1407,405,1,2
1407,406,1,2
1407,407,1,2
1407,408,1,2
1407,409,1,2
1407,410,1,2
1407,411,1,2
1407,412,1,2
1407,413,1,2
1407,414,1,2
1407,415,1,2
1407,416,1,2
1407,417,1,2
1407,418,1,2
1407,419,1,2
1407,420,1,2
1407,421,1,2
1407,422,1,2
1407,423,1,2
1407,424,1,2
1407,425,1,2
1407,426,1,2
1407,427,1,2
1407,428,1,2
1407,429,1,2
1407,430,1,2
1407,431,1,2
1407,432,1,2
1407,433,1,2
1407,434,1,2
1407,435,1,2
1407,436,1,2
1407,437,1,2
1407,438,1,2
1407,439,1,2
1407,440,1,2
1407,441,1,2
1407,442,1,2
1407,443,1,2
1407,444,1,2
1407,445,1,2
1407,446,1,2
1407,447,1,2
1407,448,1,2
1407,449,1,2
1407,450,1,2
1407,451,1,2
1407,452,1,2
1407,453,1,2
1407,454,1,2
1407,455,1,2
1407,456,1,2
1407,457,1,2
1407,458,1,2
1407,459,1,2
1407,460,1,2
1407,461,1,2
1407,462,1,2
1407,463,1,2
1407,464,1,2
1407,465,1,2
1407,466,1,2
1407,467,1,2
1408,116,1,2
1408,117,1,2
1408,118,1,2
1408,119,1,2
1408,120,1,2
1408,121,1,2
1408,122,1,2
1408,123,1,2
1408,124,1,2
1408,125,1,2
1408,126,1,2
1408,127,1,2
1408,128,1,2
1408,129,1,2
1408,130,1,2
1408,131,1,2
1408,132,1,2
1408,133,1,2
1408,134,1,2
1408,135,1,2
1408,136,1,2
1408,137,1,2
1408,138,1,2
1408,139,1,2
1408,140,1,2
1408,141,1,2
1408,142,1,2
1408,143,1,2
1408,144,1,2
1408,145,1,2
1408,146,1,2
1408,147,1,2
1408,148,1,2
1408,149,1,3
1408,150,1,3
1408,151,1,3
1408,152,1,3
1408,153,1,3
1408,154,1,3
1408,155,1,3
1408,156,1,3
1408,157,1,3
1408,158,1,3
1408,159,1,3
1408,160,1,3
1408,161,1,3
1408,162,1,3
1408,163,1,3
1408,164,1,3
1408,165,1,3
1408,166,1,3
1408,167,1,3
1408,168,1,3
1408,169,1,3
1408,170,1,3
1408,171,1,3
1408,172,1,3
1408,173,1,3
1408,174,1,3
1408,175,1,3
1408,176,1,3
1408,177,1,3
1408,178,1,2
1408,179,1,2
1408,180,1,2
1408,181,1,2
1408,182,1,2
1408,183,1,2
1408,184,1,2
1408,185,1,2
1408,186,1,2
1408,187,1,2
1408,188,1,2
1408,189,1,2
1408,190,1,2
1408,191,1,2
1408,192,1,2
1408,193,1,2
1408,194,1,2
1408,195,1,2
1408,196,1,2
1408,197,1,2
1408,198,1,2
1408,199,1,2
1408,200,1,2
1408,201,1,2
1408,202,1,2
1408,203,1,2
1408,204,1,2
1408,205,1,2
1408,206,1,2
1408,207,1,2
1408,208,1,2
1408,209,1,2
1408,210,1,2
1408,211,1,2
1408,212,1,2
1408,213,1,2
1408,214,1,2
1408,215,1,2
1408,216,1,2
1408,217,1,2
1408,218,1,2
1408,219,1,2
1408,220,1,2
1408,221,1,2
1408,222,1,2
1408,223,1,2
1408,224,1,2
1408,225,1,2
1408,226,1,2
1408,227,1,2
1408,228,1,2
1408,229,1,2
1408,230,1,2
1408,231,1,2
1408,232,1,2
1408,233,1,2
1408,234,1,2
1408,235,1,2
1408,236,1,2
1408,237,1,2
1408,238,1,2
1408,239,1,2
1408,240,1,2
1408,241,1,2
1408,242,1,2
1408,243,1,2
1408,244,1,2
1408,245,1,2
1408,246,1,2
1408,247,1,2
1408,248,1,2
1408,249,1,2
1408,250,1,2
1408,251,1,2
1408,252,1,2
1408,253,1,2
1408,254,1,2
1408,255,1,2
1408,256,1,2
1408,257,1,2
1408,258,1,2
1408,259,1,2
1408,260,1,2
1408,261,1,2
1408,262,1,2
1408,263,1,2
1408,264,1,2
1408,265,1,2
1408,266,1,2
1408,267,1,2
1408,268,1,2
1408,269,1,2
1408,270,1,3
1408,271,1,3
1408,272,1,3
1408,273,1,3
1408,274,1,3
1408,275,1,3
1408,276,1,3
1408,277,1,3
1408,278,1,3
1408,279,1,3
1408,280,1,3
1408,281,1,3
1408,282,1,3
1408,283,1,3
1408,284,1,3
1408,285,1,3
1408,286,1,3
1408,287,1,3
1408,288,1,3
1408,289,1,3
1408,290,1,3
1408,291,1,3
1408,292,1,3
1408,293,1,3
1408,294,1,3
1408,295,1,3
1408,296,1,3
1408,297,1,3
1408,298,1,3
1408,299,1,3
1408,300,1,3
1408,301,1,3
1408,302,1,3
1408,303,1,3
1408,304,1,3
1408,305,1,3
1408,306,1,3
1408,307,1,3
1408,308,1,3
1408,309,1,3
1408,310,1,3
1408,311,1,3
1408,312,1,3
1408,313,1,3
1408,314,1,3
1408,315,1,3
1408,316,1,3
1408,317,1,3
1408,318,1,3
1408,319,1,3
1408,320,1,3
1408,321,1,3
1408,322,1,3
1408,323,1,3
1408,324,1,3
1408,325,1,3
1408,326,1,3
1408,327,1,3
1408,328,1,3
1408,329,1,3
1408,330,1,3
1408,331,1,3
1408,332,1,3
1408,333,1,3
1408,334,1,3
1408,335,1,3
1408,336,1,3
1408,337,1,3
1408,338,1,3
1408,339,1,3
1408,340,1,3
1408,341,1,3
1408,342,1,3
1408,343,1,3
1408,344,1,3
1408,345,1,3
1408,346,1,3
1408,347,1,3
1408,348,1,3
1408,349,1,3
1408,350,1,3
1408,351,1,3
1408,352,1,3
1408,353,1,3
1408,354,1,3
1408,355,1,3
1408,356,1,3
1408,357,1,3
1408,358,1,3
1408,359,1,3
1408,360,1,3
1408,361,1,3
1408,362,1,3
1408,363,1,3
1408,364,1,2
1408,365,1,2
1408,366,1,2
1408,367,1,2
1408,368,1,2
1408,369,1,2
1408,370,1,2
1408,371,1,2
1408,372,1,2
1408,373,1,2
1408,374,1,2
1408,375,1,2
1408,376,1,2
1408,377,1,2
1408,378,1,2
1408,379,1,2
1408,380,1,2
1408,381,1,2
1408,382,1,2
1408,383,1,2
1408,384,1,2
1408,385,1,2
1408,386,1,2
1408,387,1,2
1408,388,1,2
1408,389,1,2
1408,390,1,2
1408,391,1,2
1408,392,1,2
1408,393,1,2
1408,394,1,2
1408,395,1,2
1408,396,1,2
1408,397,1,2
1408,398,1,2
1408,399,1,2
1408,400,1,2
1408,401,1,2
1408,402,1,2
1408,403,1,2
1408,404,1,2
1408,405,1,2
1408,406,1,2
1408,407,1,2
1408,408,1,2
1408,409,1,2
1408,410,1,2
1408,411,1,2
1408,412,1,2
1408,413,1,2
1408,414,1,2
1408,415,1,2
1408,416,1,2
1408,417,1,2
1408,418,1,2
1408,419,1,2
1408,420,1,2
1408,421,1,2
1408,422,1,2
1408,423,1,2
1408,424,1,2
1408,425,1,2
1408,426,1,2
1408,427,1,2
1408,428,1,2
1408,429,1,2
1408,430,1,2
1408,431,1,2
1408,432,1,2
1408,433,1,2
1408,434,1,2
1408,435,1,2
1408,436,1,2
1408,437,1,2
1408,438,1,2
1408,439,1,2
1408,440,1,2
1408,441,1,2
1408,442,1,2
1408,443,1,2
1408,444,1,2
1408,445,1,2
1408,446,1,2
1408,447,1,2
1408,448,1,2
1408,449,1,2
1408,450,1,2
1408,451,1,2
1408,452,1,2
1408,453,1,2
1408,454,1,2
1408,455,1,2
1408,456,1,2
1408,457,1,2
1408,458,1,2
1408,459,1,2
1408,460,1,2
1408,461,1,2
1408,462,1,2
1408,463,1,2
1408,464,1,2
1408,465,1,2
1408,466,1,2
1408,467,1,2
1409,117,1,2
1409,118,1,2
1409,119,1,2
1409,120,1,2
1409,121,1,2
1409,122,1,2
1409,123,1,2
1409,124,1,2
1409,125,1,2
1409,126,1,2
1409,127,1,2
1409,128,1,2
1409,129,1,2
1409,130,1,2
1409,131,1,2
1409,132,1,2
1409,133,1,2
1409,134,1,2
1409,135,1,2
1409,136,1,2
1409,137,1,2
1409,138,1,2
1409,139,1,2
1409,140,1,2
1409,141,1,2
1409,142,1,2
1409,143,1,2
1409,144,1,2
1409,145,1,3
1409,146,1,3
1409,147,1,3
1409,148,1,3
1409,149,1,3
1409,150,1,3
1409,151,1,3
1409,152,1,3
1409,153,1,3
1409,154,1,3
1409,155,1,3
1409,156,1,3
1409,157,1,3
1409,158,1,3
1409,159,1,3
1409,160,1,3
1409,161,1,3
1409,162,1,3
1409,163,1,3
1409,164,1,3
1409,165,1,3
1409,166,1,3
1409,167,1,3
1409,168,1,3
1409,169,1,3
1409,170,1,3
1409,171,1,3
1409,172,1,3
1409,173,1,3
1409,174,1,3
1409,175,1,3
1409,176,1,3
1409,177,1,3
1409,178,1,2
1409,179,1,2
1409,180,1,2
1409,181,1,2
1409,182,1,2
1409,183,1,2
1409,184,1,2
1409,185,1,2
1409,186,1,2
1409,187,1,2
1409,188,1,2
1409,189,1,2
1409,190,1,2
1409,191,1,2
1409,192,1,2
1409,193,1,2
1409,194,1,2
1409,195,1,2
1409,196,1,2
1409,197,1,2
1409,198,1,2
1409,199,1,2
1409,200,1,2
1409,201,1,2
1409,202,1,2
1409,203,1,2
1409,204,1,2
1409,205,1,2
1409,206,1,2
1409,207,1,2
1409,208,1,2
1409,209,1,2
1409,210,1,2
1409,211,1,2
1409,212,1,2
1409,213,1,2
1409,214,1,2
1409,215,1,2
1409,216,1,2
1409,217,1,2
1409,218,1,2
1409,219,1,2
1409,220,1,2
1409,221,1,2
1409,222,1,2
1409,223,1,2
1409,224,1,2
1409,225,1,2
1409,226,1,2
1409,227,1,2
1409,228,1,2
1409,229,1,2
1409,230,1,2
1409,231,1,2
1409,232,1,2
1409,233,1,2
1409,234,1,2
1409,235,1,2
1409,236,1,2
1409,237,1,2
1409,238,1,2
1409,239,1,2
1409,240,1,2
1409,241,1,2
1409,242,1,2
1409,243,1,2
1409,244,1,2
1409,245,1,2
1409,246,1,2
1409,247,1,2
1409,248,1,2
1409,249,1,2
1409,250,1,2
1409,251,1,2
1409,252,1,2
1409,253,1,2
1409,254,1,2
1409,255,1,2
1409,256,1,2
1409,257,1,2
1409,258,1,2
1409,259,1,2
1409,260,1,2
1409,261,1,2
1409,262,1,2
1409,263,1,2
1409,264,1,2
1409,265,1,2
1409,266,1,2
1409,267,1,2
1409,268,1,3
1409,269,1,3
1409,270,1,3
1409,271,1,3
1409,272,1,3
1409,273,1,3
1409,274,1,3
1409,275,1,3
1409,276,1,3
1409,277,1,3
1409,278,1,3
1409,279,1,3
1409,280,1,3
1409,281,1,3
1409,282,1,3
1409,283,1,3
1409,284,1,3
1409,285,1,3
1409,286,1,3
1409,287,1,3
1409,288,1,3
1409,289,1,3
1409,290,1,3
1409,291,1,3
1409,292,1,3
1409,293,1,3
1409,294,1,3
1409,295,1,3
1409,296,1,3
1409,297,1,3
1409,298,1,3
1409,299,1,3
1409,300,1,3
1409,301,1,3
1409,302,1,3
1409,303,1,3
1409,304,1,3
1409,305,1,3
1409,306,1,3
1409,307,1,3
1409,308,1,3
1409,309,1,3
1409,310,1,3
1409,311,1,3
1409,312,1,3
1409,313,1,3
1409,314,1,3
1409,315,1,3
1409,316,1,3
1409,317,1,3
1409,318,1,3
1409,319,1,3
1409,320,1,3
1409,321,1,3
1409,322,1,3
1409,323,1,3
1409,324,1,3
1409,325,1,3
1409,326,1,3
1409,327,1,3
1409,328,1,3
1409,329,1,3
1409,330,1,3
1409,331,1,3
1409,332,1,3
1409,333,1,3
1409,334,1,3
1409,335,1,3
1409,336,1,3
1409,337,1,3
1409,338,1,3
1409,339,1,3
1409,340,1,3
1409,341,1,3
1409,342,1,3
1409,343,1,3
1409,344,1,3
1409,345,1,3
1409,346,1,3
1409,347,1,3
1409,348,1,3
1409,349,1,3
1409,350,1,3
1409,351,1,3
1409,352,1,3
1409,353,1,3
1409,354,1,3
1409,355,1,3
1409,356,1,3
1409,357,1,3
1409,358,1,3
1409,359,1,3
1409,360,1,3
1409,361,1,3
1409,362,1,3
1409,363,1,3
1409,364,1,3
1409,365,1,2
1409,366,1,2
1409,367,1,2
1409,368,1,2
1409,369,1,2
1409,370,1,2
1409,371,1,2
1409,372,1,2
1409,373,1,2
1409,374,1,2
1409,375,1,2
1409,376,1,2
1409,377,1,2
1409,378,1,2
1409,379,1,2
1409,380,1,2
1409,381,1,2
1409,382,1,2
1409,383,1,2
1409,384,1,2
1409,385,1,2
1409,386,1,2
1409,387,1,2
1409,388,1,2
1409,389,1,2
1409,390,1,2
1409,391,1,2
1409,392,1,2
1409,393,1,2
1409,394,1,2
1409,395,1,2
1409,396,1,2
1409,397,1,2
1409,398,1,2
1409,399,1,2
1409,400,1,2
1409,401,1,2
1409,402,1,2
1409,403,1,2
1409,404,1,2
1409,405,1,2
1409,406,1,2
1409,407,1,2
1409,408,1,2
1409,409,1,2
1409,410,1,2
1409,411,1,2
1409,412,1,2
1409,413,1,2
1409,414,1,2
1409,415,1,2
1409,416,1,2
1409,417,1,2
1409,418,1,2
1409,419,1,2
1409,420,1,2
1409,421,1,2
1409,422,1,2
1409,423,1,2
1409,424,1,2
1409,425,1,2
1409,426,1,2
1409,427,1,2
1409,428,1,2
1409,429,1,2
1409,430,1,2
1409,431,1,2
1409,432,1,2
1409,433,1,2
1409,434,1,2
1409,435,1,2
1409,436,1,2
1409,437,1,2
1409,438,1,2
1409,439,1,2
1409,440,1,2
1409,441,1,2
1409,442,1,2
1409,443,1,2
1409,444,1,2
1409,445,1,2
1409,446,1,2
1409,447,1,2
1409,448,1,2
1409,449,1,2
1409,450,1,2
1409,451,1,2
1409,452,1,2
1409,453,1,2
1409,454,1,2
1409,455,1,2
1409,456,1,2
1409,457,1,2
1409,458,1,2
1409,459,1,2
1409,460,1,2
1409,461,1,2
1409,462,1,2
1409,463,1,2
1409,464,1,2
1409,465,1,2
1409,466,1,2
1409,467,1,2
1410,118,1,2
1410,119,1,2
1410,120,1,2
1410,121,1,2
1410,122,1,2
1410,123,1,2
1410,124,1,2
1410,125,1,2
1410,126,1,2
1410,127,1,2
1410,128,1,2
1410,129,1,2
1410,130,1,2
1410,131,1,2
1410,132,1,2
1410,133,1,2
1410,134,1,2
1410,135,1,2
1410,136,1,2
1410,137,1,2
1410,138,1,2
1410,139,1,2
1410,140,1,2
1410,141,1,2
1410,142,1,2
1410,143,1,3
1410,144,1,3
1410,145,1,3
1410,146,1,3
1410,147,1,3
1410,148,1,3
1410,149,1,3
1410,150,1,3
1410,151,1,3
1410,152,1,3
1410,153,1,3
1410,154,1,3
1410,155,1,3
1410,156,1,3
1410,157,1,3
1410,158,1,3
1410,159,1,3
1410,160,1,3
1410,161,1,3
1410,162,1,3
1410,163,1,3
1410,164,1,3
1410,165,1,3
1410,166,1,3
1410,167,1,3
1410,168,1,3
1410,169,1,3
1410,170,1,3
1410,171,1,3
1410,172,1,3
1410,173,1,3
1410,174,1,3
1410,175,1,3
1410,176,1,3
1410,177,1,3
1410,178,1,2
1410,179,1,2
1410,180,1,2
1410,181,1,2
1410,182,1,2
1410,183,1,2
1410,184,1,2
1410,185,1,2
1410,186,1,2
1410,187,1,2
1410,188,1,2
1410,189,1,2
1410,190,1,2
1410,191,1,2
1410,192,1,2
1410,193,1,2
1410,194,1,2
1410,195,1,2
1410,196,1,2
1410,197,1,2
1410,198,1,2
1410,199,1,2
1410,200,1,2
1410,201,1,2
1410,202,1,2
1410,203,1,2
1410,204,1,2
1410,205,1,2
1410,206,1,2
1410,207,1,2
1410,208,1,2
1410,209,1,2
1410,210,1,2
1410,211,1,2
1410,212,1,2
1410,213,1,2
1410,214,1,2
1410,215,1,2
1410,216,1,2
1410,217,1,2
1410,218,1,2
1410,219,1,2
1410,220,1,2
1410,221,1,2
1410,222,1,2
1410,223,1,2
1410,224,1,2
1410,225,1,2
1410,226,1,2
1410,227,1,2
1410,228,1,2
1410,229,1,2
1410,230,1,2
1410,231,1,2
1410,232,1,2
1410,233,1,2
1410,234,1,2
1410,235,1,2
1410,236,1,2
1410,237,1,2
1410,238,1,2
1410,239,1,2
1410,240,1,2
1410,241,1,2
1410,242,1,2
1410,243,1,2
1410,244,1,2
1410,245,1,2
1410,246,1,2
1410,247,1,2
1410,248,1,2
1410,249,1,2
1410,250,1,2
1410,251,1,2
1410,252,1,2
1410,253,1,2
1410,254,1,2
1410,255,1,2
1410,256,1,2
1410,257,1,2
1410,258,1,2
1410,259,1,2
1410,260,1,2
1410,261,1,2
1410,262,1,2
1410,263,1,2
1410,264,1,2
1410,265,1,2
1410,266,1,3
1410,267,1,3
1410,268,1,3
1410,269,1,3
1410,270,1,3
1410,271,1,3
1410,272,1,3
1410,273,1,3
1410,274,1,3
1410,275,1,3
1410,276,1,3
1410,277,1,3
1410,278,1,3
1410,279,1,3
1410,280,1,3
1410,281,1,3
1410,282,1,3
1410,283,1,3
1410,284,1,3
1410,285,1,3
1410,286,1,3
1410,287,1,3
1410,288,1,3
1410,289,1,3
1410,290,1,3
1410,291,1,3
1410,292,1,3
1410,293,1,3
1410,294,1,3
1410,295,1,3
1410,296,1,3
1410,297,1,3
1410,298,1,3
1410,299,1,3
1410,300,1,3
1410,301,1,3
1410,302,1,3
1410,303,1,3
1410,304,1,3
1410,305,1,3
1410,306,1,3
1410,307,1,3
1410,308,1,3
1410,309,1,3
1410,310,1,3
1410,311,1,3
1410,312,1,3
1410,313,1,3
1410,314,1,3
1410,315,1,3
1410,316,1,3
1410,317,1,3
1410,318,1,3
1410,319,1,3
1410,320,1,3
1410,321,1,3
1410,322,1,3
1410,323,1,3
1410,324,1,3
1410,325,1,3
1410,326,1,3
1410,327,1,3
1410,328,1,3
1410,329,1,3
1410,330,1,3
1410,331,1,3
1410,332,1,3
1410,333,1,3
1410,334,1,3
1410,335,1,3
1410,336,1,3
1410,337,1,3
1410,338,1,3
1410,339,1,3
1410,340,1,3
1410,341,1,3
1410,342,1,3
1410,343,1,3
1410,344,1,3
1410,345,1,3
1410,346,1,3
1410,347,1,3
1410,348,1,3
1410,349,1,3
1410,350,1,3
1410,351,1,3
1410,352,1,3
1410,353,1,3
1410,354,1,3
1410,355,1,3
1410,356,1,3
1410,357,1,3
1410,358,1,3
1410,359,1,3
1410,360,1,3
1410,361,1,3
1410,362,1,3
1410,363,1,3
1410,364,1,3
1410,365,1,2
1410,366,1,2
1410,367,1,2
1410,368,1,2
1410,369,1,2
1410,370,1,2
1410,371,1,2
1410,372,1,2
1410,373,1,2
1410,374,1,2
1410,375,1,2
1410,376,1,2
1410,377,1,2
1410,378,1,2
1410,379,1,2
1410,380,1,2
1410,381,1,2
1410,382,1,2
1410,383,1,2
1410,384,1,2
1410,385,1,2
1410,386,1,2
1410,387,1,2
1410,388,1,2
1410,389,1,2
1410,390,1,2
1410,391,1,2
1410,392,1,2
1410,393,1,2
1410,394,1,2
1410,395,1,2
1410,396,1,2
1410,397,1,2
1410,398,1,2
1410,399,1,2
1410,400,1,2
1410,401,1,2
1410,402,1,2
1410,403,1,2
1410,404,1,2
1410,405,1,2
1410,406,1,2
1410,407,1,2
1410,408,1,2
1410,409,1,2
1410,410,1,2
1410,411,1,2
1410,412,1,2
1410,413,1,2
1410,414,1,2
1410,415,1,2
1410,416,1,2
1410,417,1,2
1410,418,1,2
1410,419,1,2
1410,420,1,2
1410,421,1,2
1410,422,1,2
1410,423,1,2
1410,424,1,2
1410,425,1,2
1410,426,1,2
1410,427,1,2
1410,428,1,2
1410,429,1,2
1410,430,1,2
1410,431,1,2
1410,432,1,2
1410,433,1,2
1410,434,1,2
1410,435,1,2
1410,436,1,2
1410,437,1,2
1410,438,1,2
1410,439,1,2
1410,440,1,2
1410,441,1,2
1410,442,1,2
1410,443,1,2
1410,444,1,2
1410,445,1,2
1410,446,1,2
1410,447,1,2
1410,448,1,2
1410,449,1,2
1410,450,1,2
1410,451,1,2
1410,452,1,2
1410,453,1,2
1410,454,1,2
1410,455,1,2
1410,456,1,2
1410,457,1,2
1410,458,1,2
1410,459,1,2
1410,460,1,2
1410,461,1,2
1410,462,1,2
1410,463,1,2
1410,464,1,2
1410,465,1,2
1410,466,1,2
1410,467,1,2
1411,118,1,2
1411,119,1,2
1411,120,1,2
1411,121,1,2
1411,122,1,2
1411,123,1,2
1411,124,1,2
1411,125,1,2
1411,126,1,2
1411,127,1,2
1411,128,1,2
1411,129,1,2
1411,130,1,2
1411,131,1,2
1411,132,1,2
1411,133,1,2
1411,134,1,2
1411,135,1,2
1411,136,1,2
1411,137,1,2
1411,138,1,2
1411,139,1,2
1411,140,1,2
1411,141,1,2
1411,142,1,2
1411,143,1,3
1411,144,1,3
1411,145,1,3
1411,146,1,3
1411,147,1,3
1411,148,1,3
1411,149,1,3
1411,150,1,3
1411,151,1,3
1411,152,1,3
1411,153,1,3
1411,154,1,3
1411,155,1,3
1411,156,1,3
1411,157,1,3
1411,158,1,3
1411,159,1,3
1411,160,1,3
1411,161,1,3
1411,162,1,3
1411,163,1,3
1411,164,1,3
1411,165,1,3
1411,166,1,3
1411,167,1,3
1411,168,1,3
1411,169,1,3
1411,170,1,3
1411,171,1,3
1411,172,1,3
1411,173,1,3
1411,174,1,3
1411,175,1,3
1411,176,1,3
1411,177,1,3
1411,178,1,3
1411,179,1,2
1411,180,1,2
1411,181,1,2
1411,182,1,2
1411,183,1,2
1411,184,1,2
1411,185,1,2
1411,186,1,2
1411,187,1,2
1411,188,1,2
1411,189,1,2
1411,190,1,2
1411,191,1,2
1411,192,1,2
1411,193,1,2
1411,194,1,2
1411,195,1,2
1411,196,1,2
1411,197,1,2
1411,198,1,2
1411,199,1,2
1411,200,1,2
1411,201,1,2
1411,202,1,2
1411,203,1,2
1411,204,1,2
1411,205,1,2
1411,206,1,2
1411,207,1,2
1411,208,1,2
1411,209,1,2
1411,210,1,2
1411,211,1,2
1411,212,1,2
1411,213,1,2
1411,214,1,2
1411,215,1,2
1411,216,1,2
1411,217,1,2
1411,218,1,2
1411,219,1,2
1411,220,1,2
1411,221,1,2
1411,222,1,2
1411,223,1,2
1411,224,1,2
1411,225,1,2
1411,226,1,2
1411,227,1,2
1411,228,1,2
1411,229,1,2
1411,230,1,2
1411,231,1,2
1411,232,1,2
1411,233,1,2
1411,234,1,2
1411,235,1,2
1411,236,1,2
1411,237,1,2
1411,238,1,2
1411,239,1,2
1411,240,1,2
1411,241,1,2
1411,242,1,2
1411,243,1,2
1411,244,1,2
1411,245,1,2
1411,246,1,2
1411,247,1,2
1411,248,1,2
1411,249,1,2
1411,250,1,2
1411,251,1,2
1411,252,1,2
1411,253,1,2
1411,254,1,2
1411,255,1,2
1411,256,1,2
1411,257,1,2
1411,258,1,2
1411,259,1,2
1411,260,1,2
1411,261,1,2
1411,262,1,2
1411,263,1,2
1411,264,1,2
1411,265,1,3
1411,266,1,3
1411,267,1,3
1411,268,1,3
1411,269,1,3
1411,270,1,3
1411,271,1,3
1411,272,1,3
1411,273,1,3
1411,274,1,3
1411,275,1,3
1411,276,1,3
1411,277,1,3
1411,278,1,3
1411,279,1,3
1411,280,1,3
1411,281,1,3
1411,282,1,3
1411,283,1,3
1411,284,1,3
1411,285,1,3
1411,286,1,3
1411,287,1,3
1411,288,1,3
1411,289,1,3
1411,290,1,3
1411,291,1,3
1411,292,1,3
1411,293,1,3
1411,294,1,3
1411,295,1,3
1411,296,1,3
1411,297,1,3
1411,298,1,3
1411,299,1,3
1411,300,1,3
1411,301,1,3
1411,302,1,3
1411,303,1,3
1411,304,1,3
1411,305,1,3
1411,306,1,3
1411,307,1,3
1411,308,1,3
1411,309,1,3
1411,310,1,3
1411,311,1,3
1411,312,1,3
1411,313,1,3
1411,314,1,3
1411,315,1,3
1411,316,1,3
1411,317,1,3
1411,318,1,3
1411,319,1,3
1411,320,1,3
1411,321,1,3
1411,322,1,3
1411,323,1,3
1411,324,1,3
1411,325,1,3
1411,326,1,3
1411,327,1,3
1411,328,1,3
1411,329,1,3
1411,330,1,3
1411,331,1,3
1411,332,1,3
1411,333,1,3
1411,334,1,3
1411,335,1,3
1411,336,1,3
1411,337,1,3
1411,338,1,3
1411,339,1,3
1411,340,1,3
1411,341,1,3
1411,342,1,3
1411,343,1,3
1411,344,1,3
1411,345,1,3
1411,346,1,3
1411,347,1,3
1411,348,1,3
1411,349,1,3
1411,350,1,3
1411,351,1,3
1411,352,1,3
1411,353,1,3
1411,354,1,3
1411,355,1,3
1411,356,1,3
1411,357,1,3
1411,358,1,3
1411,359,1,3
1411,360,1,3
1411,361,1,3
1411,362,1,3
1411,363,1,3
1411,364,1,3
1411,365,1,3
1411,366,1,2
1411,367,1,2
1411,368,1,2
1411,369,1,2
1411,370,1,2
1411,371,1,2
1411,372,1,2
1411,373,1,2
1411,374,1,2
1411,375,1,2
1411,376,1,2
1411,377,1,2
1411,378,1,2
1411,379,1,2
1411,380,1,2
1411,381,1,2
1411,382,1,2
1411,383,1,2
1411,384,1,2
1411,385,1,2
1411,386,1,2
1411,387,1,2
1411,388,1,2
1411,389,1,2
1411,390,1,2
1411,391,1,2
1411,392,1,2
1411,393,1,2
1411,394,1,2
1411,395,1,2
1411,396,1,2
1411,397,1,2
1411,398,1,2
1411,399,1,2
1411,400,1,2
1411,401,1,2
1411,402,1,2
1411,403,1,2
1411,404,1,2
1411,405,1,2
1411,406,1,2
1411,407,1,2
1411,408,1,2
1411,409,1,2
1411,410,1,2
1411,411,1,2
1411,412,1,2
1411,413,1,2
1411,414,1,2
1411,415,1,2
1411,416,1,2
1411,417,1,2
1411,418,1,2
1411,419,1,2
1411,420,1,2
1411,421,1,2
1411,422,1,2
1411,423,1,2
1411,424,1,2
1411,425,1,2
1411,426,1,2
1411,427,1,2
1411,428,1,2
1411,429,1,2
1411,430,1,2
1411,431,1,2
1411,432,1,2
1411,433,1,2
1411,434,1,2
1411,435,1,2
1411,436,1,2
1411,437,1,2
1411,438,1,2
1411,439,1,2
1411,440,1,2
1411,441,1,2
1411,442,1,2
1411,443,1,2
1411,444,1,2
1411,445,1,2
1411,446,1,2
1411,447,1,2
1411,448,1,2
1411,449,1,2
1411,450,1,2
1411,451,1,2
1411,452,1,2
1411,453,1,2
1411,454,1,2
1411,455,1,2
1411,456,1,2
1411,457,1,2
1411,458,1,2
1411,459,1,2
1411,460,1,2
1411,461,1,2
1411,462,1,2
1411,463,1,2
1411,464,1,2
1411,465,1,2
1411,466,1,2
1411,467,1,2
1412,118,1,2
1412,119,1,2
1412,120,1,2
1412,121,1,2
1412,122,1,2
1412,123,1,2
1412,124,1,2
1412,125,1,2
1412,126,1,2
1412,127,1,2
1412,128,1,2
1412,129,1,2
1412,130,1,2
1412,131,1,2
1412,132,1,2
1412,133,1,2
1412,134,1,2
1412,135,1,2
1412,136,1,2
1412,137,1,2
1412,138,1,2
1412,139,1,2
1412,140,1,2
1412,141,1,3
1412,142,1,3
1412,143,1,3
1412,144,1,3
1412,145,1,3
1412,146,1,3
1412,147,1,3
1412,148,1,3
1412,149,1,3
1412,150,1,3
1412,151,1,3
1412,152,1,3
1412,153,1,3
1412,154,1,3
1412,155,1,3
1412,156,1,3
1412,157,1,3
1412,158,1,3
1412,159,1,3
1412,160,1,3
1412,161,1,3
1412,162,1,3
1412,163,1,3
1412,164,1,3
1412,165,1,3
1412,166,1,3
1412,167,1,3
1412,168,1,3
1412,169,1,3
1412,170,1,3
1412,171,1,3
1412,172,1,3
1412,173,1,3
1412,174,1,3
1412,175,1,3
1412,176,1,3
1412,177,1,3
1412,178,1,3
1412,179,1,3
1412,180,1,2
1412,181,1,2
1412,182,1,2
1412,183,1,2
1412,184,1,2
1412,185,1,2
1412,186,1,2
1412,187,1,2
1412,188,1,2
1412,189,1,2
1412,190,1,2
1412,191,1,2
1412,192,1,2
1412,193,1,2
1412,194,1,2
1412,195,1,2
1412,196,1,2
1412,197,1,2
1412,198,1,2
1412,199,1,2
1412,200,1,2
1412,201,1,2
1412,202,1,2
1412,203,1,2
1412,204,1,2
1412,205,1,2
1412,206,1,2
1412,207,1,2
1412,208,1,2
1412,209,1,2
1412,210,1,2
1412,211,1,2
1412,212,1,2
1412,213,1,2
1412,214,1,2
1412,215,1,2
1412,216,1,2
1412,217,1,2
1412,218,1,2
1412,219,1,2
1412,220,1,2
1412,221,1,2
1412,222,1,2
1412,223,1,2
1412,224,1,2
1412,225,1,2
1412,226,1,2
1412,227,1,2
1412,228,1,2
1412,229,1,2
1412,230,1,2
1412,231,1,2
1412,232,1,2
1412,233,1,2
1412,234,1,2
1412,235,1,2
1412,236,1,2
1412,237,1,2
1412,238,1,2
1412,239,1,2
1412,240,1,2
1412,241,1,2
1412,242,1,2
1412,243,1,2
1412,244,1,2
1412,245,1,2
1412,246,1,2
1412,247,1,2
1412,248,1,2
1412,249,1,2
1412,250,1,2
1412,251,1,2
1412,252,1,2
1412,253,1,2
1412,254,1,2
1412,255,1,2
1412,256,1,2
1412,257,1,2
1412,258,1,2
1412,259,1,2
1412,260,1,2
1412,261,1,2
1412,262,1,2
1412,263,1,2
1412,264,1,3
1412,265,1,3
1412,266,1,3
1412,267,1,3
1412,268,1,3
1412,269,1,3
1412,270,1,3
1412,271,1,3
1412,272,1,3
1412,273,1,3
1412,274,1,3
1412,275,1,3
1412,276,1,3
1412,277,1,3
1412,278,1,3
1412,279,1,3
1412,280,1,3
1412,281,1,3
1412,282,1,3
1412,283,1,3
1412,284,1,3
1412,285,1,3
1412,286,1,3
1412,287,1,3
1412,288,1,3
1412,289,1,3
1412,290,1,3
1412,291,1,3
1412,292,1,3
1412,293,1,3
1412,294,1,3
1412,295,1,3
1412,296,1,3
1412,297,1,3
1412,298,1,3
1412,299,1,3
1412,300,1,3
1412,301,1,3
1412,302,1,3
1412,303,1,3
1412,304,1,3
1412,305,1,3
1412,306,1,3
1412,307,1,3
1412,308,1,3
1412,309,1,3
1412,310,1,3
1412,311,1,3
1412,312,1,3
1412,313,1,3
1412,314,1,3
1412,315,1,3
1412,316,1,3
1412,317,1,3
1412,318,1,3
1412,319,1,3
1412,320,1,3
1412,321,1,3
1412,322,1,3
1412,323,1,3
1412,324,1,3
1412,325,1,3
1412,326,1,3
1412,327,1,3
1412,328,1,3
1412,329,1,3
1412,330,1,3
1412,331,1,3
1412,332,1,3
1412,333,1,3
1412,334,1,3
1412,335,1,3
1412,336,1,3
1412,337,1,3
1412,338,1,3
1412,339,1,3
1412,340,1,3
1412,341,1,3
1412,342,1,3
1412,343,1,3
1412,344,1,3
1412,345,1,3
1412,346,1,3
1412,347,1,3
1412,348,1,3
1412,349,1,3
1412,350,1,3
1412,351,1,3
1412,352,1,3
1412,353,1,3
1412,354,1,3
1412,355,1,3
1412,356,1,3
1412,357,1,3
1412,358,1,3
1412,359,1,3
1412,360,1,3
1412,361,1,3
1412,362,1,3
1412,363,1,3
1412,364,1,3
1412,365,1,3
1412,366,1,3
1412,367,1,2
1412,368,1,2
1412,369,1,2
1412,370,1,2
1412,371,1,2
1412,372,1,2
1412,373,1,2
1412,374,1,2
1412,375,1,2
1412,376,1,2
1412,377,1,2
1412,378,1,2
1412,379,1,2
1412,380,1,2
1412,381,1,2
1412,382,1,2
1412,383,1,2
1412,384,1,2
1412,385,1,2
1412,386,1,2
1412,387,1,2
1412,388,1,2
1412,389,1,2
1412,390,1,2
1412,391,1,2
1412,392,1,2
1412,393,1,2
1412,394,1,2
1412,395,1,2
1412,396,1,2
1412,397,1,2
1412,398,1,2
1412,399,1,2
1412,400,1,2
1412,401,1,2
1412,402,1,2
1412,403,1,2
1412,404,1,2
1412,405,1,2
1412,406,1,2
1412,407,1,2
1412,408,1,2
1412,409,1,2
1412,410,1,2
1412,411,1,2
1412,412,1,2
1412,413,1,2
1412,414,1,2
1412,415,1,2
1412,416,1,2
1412,417,1,2
1412,418,1,2
1412,419,1,2
1412,420,1,2
1412,421,1,2
1412,422,1,2
1412,423,1,2
1412,424,1,2
1412,425,1,2
1412,426,1,2
1412,427,1,2
1412,428,1,2
1412,429,1,2
1412,430,1,2
1412,431,1,2
1412,432,1,2
1412,433,1,2
1412,434,1,2
1412,435,1,2
1412,436,1,2
1412,437,1,2
1412,438,1,2
1412,439,1,2
1412,440,1,2
1412,441,1,2
1412,442,1,2
1412,443,1,2
1412,444,1,2
1412,445,1,2
1412,446,1,2
1412,447,1,2
1412,448,1,2
1412,449,1,2
1412,450,1,2
1412,451,1,2
1412,452,1,2
1412,453,1,2
1412,454,1,2
1412,455,1,2
1412,456,1,2
1412,457,1,2
1412,458,1,2
1412,459,1,2
1412,460,1,2
1412,461,1,2
1412,462,1,2
1412,463,1,2
1412,464,1,2
1412,465,1,2
1412,466,1,2
1412,467,1,2
1413,119,1,2
1413,120,1,2
1413,121,1,2
1413,122,1,2
1413,123,1,2
1413,124,1,2
1413,125,1,2
1413,126,1,2
1413,127,1,2
1413,128,1,2
1413,129,1,2
1413,130,1,2
1413,131,1,2
1413,132,1,2
1413,133,1,2
1413,134,1,2
1413,135,1,2
1413,136,1,2
1413,137,1,2
1413,138,1,2
1413,139,1,3
1413,140,1,3
1413,141,1,3
1413,142,1,3
1413,143,1,3
1413,144,1,3
1413,145,1,3
1413,146,1,3
1413,147,1,3
1413,148,1,3
1413,149,1,3
1413,150,1,3
1413,151,1,3
1413,152,1,3
1413,153,1,3
1413,154,1,3
1413,155,1,3
1413,156,1,3
1413,157,1,3
1413,158,1,3
1413,159,1,3
1413,160,1,3
1413,161,1,3
1413,162,1,3
1413,163,1,3
1413,164,1,3
1413,165,1,3
1413,166,1,3
1413,167,1,3
1413,168,1,3
1413,169,1,3
1413,170,1,3
1413,171,1,3
1413,172,1,3
1413,173,1,3
1413,174,1,3
1413,175,1,3
1413,176,1,3
1413,177,1,3
1413,178,1,3
1413,179,1,3
1413,180,1,2
1413,181,1,2
1413,182,1,2
1413,183,1,2
1413,184,1,2
1413,185,1,2
1413,186,1,2
1413,187,1,2
1413,188,1,2
1413,189,1,2
1413,190,1,2
1413,191,1,2
1413,192,1,2
1413,193,1,2
1413,194,1,2
1413,195,1,2
1413,196,1,2
1413,197,1,2
1413,198,1,2
1413,199,1,2
1413,200,1,2
1413,201,1,2
1413,202,1,2
1413,203,1,2
1413,204,1,2
1413,205,1,2
1413,206,1,2
1413,207,1,2
1413,208,1,2
1413,209,1,2
1413,210,1,2
1413,211,1,2
1413,212,1,2
1413,213,1,2
1413,214,1,2
1413,215,1,2
1413,216,1,2
1413,217,1,2
1413,218,1,2
1413,219,1,2
1413,220,1,2
1413,221,1,2
1413,222,1,2
1413,223,1,2
1413,224,1,2
1413,225,1,2
1413,226,1,2
1413,227,1,2
1413,228,1,2
1413,229,1,2
1413,230,1,2
1413,231,1,2
1413,232,1,2
1413,233,1,2
1413,234,1,2
1413,235,1,2
1413,236,1,2
1413,237,1,2
1413,238,1,2
1413,239,1,2
1413,240,1,2
1413,241,1,2
1413,242,1,2
1413,243,1,2
1413,244,1,2
1413,245,1,2
1413,246,1,2
1413,247,1,2
1413,248,1,2
1413,249,1,2
1413,250,1,2
1413,251,1,2
1413,252,1,2
1413,253,1,2
1413,254,1,2
1413,255,1,2
1413,256,1,2
1413,257,1,2
1413,258,1,2
1413,259,1,2
1413,260,1,2
1413,261,1,2
1413,262,1,2
1413,263,1,3
1413,264,1,3
1413,265,1,3
1413,266,1,3
1413,267,1,3
1413,268,1,3
1413,269,1,3
1413,270,1,3
1413,271,1,3
1413,272,1,3
1413,273,1,3
1413,274,1,3
1413,275,1,3
1413,276,1,3
1413,277,1,3
1413,278,1,3
1413,279,1,3
1413,280,1,3
1413,281,1,3
1413,282,1,3
1413,283,1,3
1413,284,1,3
1413,285,1,3
1413,286,1,3
1413,287,1,3
1413,288,1,3
1413,289,1,3
1413,290,1,3
1413,291,1,3
1413,292,1,3
1413,293,1,3
1413,294,1,3
1413,295,1,3
1413,296,1,3
1413,297,1,3
1413,298,1,3
1413,299,1,3
1413,300,1,3
1413,301,1,3
1413,302,1,3
1413,303,1,3
1413,304,1,3
1413,305,1,3
1413,306,1,3
1413,307,1,3
1413,308,1,3
1413,309,1,3
1413,310,1,3
1413,311,1,3
1413,312,1,3
1413,313,1,3
1413,314,1,3
1413,315,1,3
1413,316,1,3
1413,317,1,3
1413,318,1,3
1413,319,1,3
1413,320,1,3
1413,321,1,3
1413,322,1,3
1413,323,1,3
1413,324,1,3
1413,325,1,3
1413,326,1,3
1413,327,1,3
1413,328,1,3
1413,329,1,3
1413,330,1,3
1413,331,1,3
1413,332,1,3
1413,333,1,3
1413,334,1,3
1413,335,1,3
1413,336,1,3
1413,337,1,3
1413,338,1,3
1413,339,1,3
1413,340,1,3
1413,341,1,3
1413,342,1,3
1413,343,1,3
1413,344,1,3
1413,345,1,3
1413,346,1,3
1413,347,1,3
1413,348,1,3
1413,349,1,3
1413,350,1,3
1413,351,1,3
1413,352,1,3
1413,353,1,3
1413,354,1,3
1413,355,1,3
1413,356,1,3
1413,357,1,3
1413,358,1,3
1413,359,1,3
1413,360,1,3
1413,361,1,3
1413,362,1,3
1413,363,1,3
1413,364,1,3
1413,365,1,3
1413,366,1,3
1413,367,1,3
1413,368,1,2
1413,369,1,2
1413,370,1,2
1413,371,1,2
1413,372,1,2
1413,373,1,2
1413,374,1,2
1413,375,1,2
1413,376,1,2
1413,377,1,2
1413,378,1,2
1413,379,1,2
1413,380,1,2
1413,381,1,2
1413,382,1,2
1413,383,1,2
1413,384,1,2
1413,385,1,2
1413,386,1,2
1413,387,1,2
1413,388,1,2
1413,389,1,2
1413,390,1,2
1413,391,1,2
1413,392,1,2
1413,393,1,2
1413,394,1,2
1413,395,1,2
1413,396,1,2
1413,397,1,2
1413,398,1,2
1413,399,1,2
1413,400,1,2
1413,401,1,2
1413,402,1,2
1413,403,1,2
1413,404,1,2
1413,405,1,2
1413,406,1,2
1413,407,1,2
1413,408,1,2
1413,409,1,2
1413,410,1,2
1413,411,1,2
1413,412,1,2
1413,413,1,2
1413,414,1,2
1413,415,1,2
1413,416,1,2
1413,417,1,2
1413,418,1,2
1413,419,1,2
1413,420,1,2
1413,421,1,2
1413,422,1,2
1413,423,1,2
1413,424,1,2
1413,425,1,2
1413,426,1,2
1413,427,1,2
1413,428,1,2
1413,429,1,2
1413,430,1,2
1413,431,1,2
1413,432,1,2
1413,433,1,2
1413,434,1,2
1413,435,1,2
1413,436,1,2
1413,437,1,2
1413,438,1,2
1413,439,1,2
1413,440,1,2
1413,441,1,2
1413,442,1,2
1413,443,1,2
1413,444,1,2
1413,445,1,2
1413,446,1,2
1413,447,1,2
1413,448,1,2
1413,449,1,2
1413,450,1,2
1413,451,1,2
1413,452,1,2
1413,453,1,2
1413,454,1,2
1413,455,1,2
1413,456,1,2
1413,457,1,2
1413,458,1,2
1413,459,1,2
1413,460,1,2
1413,461,1,2
1413,462,1,2
1413,463,1,2
1413,464,1,2
1413,465,1,2
1413,466,1,2
1413,467,1,2
1414,119,1,2
1414,120,1,2
1414,121,1,2
1414,122,1,2
1414,123,1,2
1414,124,1,2
1414,125,1,2
1414,126,1,2
1414,127,1,2
1414,128,1,2
1414,129,1,2
1414,130,1,2
1414,131,1,2
1414,132,1,2
1414,133,1,2
1414,134,1,2
1414,135,1,2
1414,136,1,3
1414,137,1,2
1414,138,1,3
1414,139,1,3
1414,140,1,3
1414,141,1,3
1414,142,1,3
1414,143,1,3
1414,144,1,3
1414,145,1,3
1414,146,1,3
1414,147,1,3
1414,148,1,3
1414,149,1,3
1414,150,1,3
1414,151,1,3
1414,152,1,3
1414,153,1,3
1414,154,1,3
1414,155,1,3
1414,156,1,3
1414,157,1,3
1414,158,1,3
1414,159,1,3
1414,160,1,3
1414,161,1,3
1414,162,1,3
1414,163,1,3
1414,164,1,3
1414,165,1,3
1414,166,1,3
1414,167,1,3
1414,168,1,3
1414,169,1,3
1414,170,1,3
1414,171,1,3
1414,172,1,3
1414,173,1,3
1414,174,1,3
1414,175,1,3
1414,176,1,3
1414,177,1,3
1414,178,1,3
1414,179,1,3
1414,180,1,3
1414,181,1,2
1414,182,1,2
1414,183,1,2
1414,184,1,2
1414,185,1,2
1414,186,1,2
1414,187,1,2
1414,188,1,2
1414,189,1,2
1414,190,1,2
1414,191,1,2
1414,192,1,2
1414,193,1,2
1414,194,1,2
1414,195,1,2
1414,196,1,2
1414,197,1,2
1414,198,1,2
1414,199,1,2
1414,200,1,2
1414,201,1,2
1414,202,1,2
1414,203,1,2
1414,204,1,2
1414,205,1,2
1414,206,1,2
1414,207,1,2
1414,208,1,2
1414,209,1,2
1414,210,1,2
1414,211,1,2
1414,212,1,2
1414,213,1,2
1414,214,1,2
1414,215,1,2
1414,216,1,2
1414,217,1,2
1414,218,1,2
1414,219,1,2
1414,220,1,2
1414,221,1,2
1414,222,1,2
1414,223,1,2
1414,224,1,2
1414,225,1,2
1414,226,1,2
1414,227,1,2
1414,228,1,2
1414,229,1,2
1414,230,1,2
1414,231,1,2
1414,232,1,2
1414,233,1,2
1414,234,1,2
1414,235,1,2
1414,236,1,2
1414,237,1,2
1414,238,1,2
1414,239,1,2
1414,240,1,2
1414,241,1,2
1414,242,1,2
1414,243,1,2
1414,244,1,2
1414,245,1,3
1414,246,1,3
1414,247,1,3
1414,248,1,3
1414,249,1,3
1414,250,1,3
1414,251,1,3
1414,252,1,3
1414,253,1,3
1414,254,1,3
1414,255,1,3
1414,256,1,2
1414,257,1,3
1414,258,1,2
1414,259,1,2
1414,260,1,2
1414,261,1,3
1414,262,1,3
1414,263,1,3
1414,264,1,3
1414,265,1,3
1414,266,1,3
1414,267,1,3
1414,268,1,3
1414,269,1,3
1414,270,1,3
1414,271,1,3
1414,272,1,3
1414,273,1,3
1414,274,1,3
1414,275,1,3
1414,276,1,3
1414,277,1,3
1414,278,1,3
1414,279,1,3
1414,280,1,3
1414,281,1,3
1414,282,1,3
1414,283,1,3
1414,284,1,3
1414,285,1,3
1414,286,1,3
1414,287,1,3
1414,288,1,3
1414,289,1,3
1414,290,1,3
1414,291,1,3
1414,292,1,3
1414,293,1,3
1414,294,1,3
1414,295,1,3
1414,296,1,3
1414,297,1,3
1414,298,1,3
1414,299,1,3
1414,300,1,3
1414,301,1,3
1414,302,1,3
1414,303,1,3
1414,304,1,3
1414,305,1,3
1414,306,1,3
1414,307,1,3
1414,308,1,3
1414,309,1,3
1414,310,1,3
1414,311,1,3
1414,312,1,3
1414,313,1,3
1414,314,1,3
1414,315,1,3
1414,316,1,3
1414,317,1,3
1414,318,1,3
1414,319,1,3
1414,320,1,3
1414,321,1,3
1414,322,1,3
1414,323,1,3
1414,324,1,3
1414,325,1,3
1414,326,1,3
1414,327,1,3
1414,328,1,3
1414,329,1,3
1414,330,1,3
1414,331,1,3
1414,332,1,3
1414,333,1,3
1414,334,1,3
1414,335,1,3
1414,336,1,3
1414,337,1,3
1414,338,1,3
1414,339,1,3
1414,340,1,3
1414,341,1,3
1414,342,1,3
1414,343,1,3
1414,344,1,3
1414,345,1,3
1414,346,1,3
1414,347,1,3
1414,348,1,3
1414,349,1,3
1414,350,1,3
1414,351,1,3
1414,352,1,3
1414,353,1,3
1414,354,1,3
1414,355,1,3
1414,356,1,3
1414,357,1,3
1414,358,1,3
1414,359,1,3
1414,360,1,3
1414,361,1,3
1414,362,1,3
1414,363,1,3
1414,364,1,3
1414,365,1,3
1414,366,1,3
1414,367,1,3
1414,368,1,3
1414,369,1,2
1414,370,1,2
1414,371,1,2
1414,372,1,2
1414,373,1,2
1414,374,1,2
1414,375,1,2
1414,376,1,2
1414,377,1,2
1414,378,1,2
1414,379,1,2
1414,380,1,2
1414,381,1,2
1414,382,1,2
1414,383,1,2
1414,384,1,2
1414,385,1,2
1414,386,1,2
1414,387,1,2
1414,388,1,2
1414,389,1,2
1414,390,1,2
1414,391,1,2
1414,392,1,2
1414,393,1,2
1414,394,1,2
1414,395,1,2
1414,396,1,2
1414,397,1,2
1414,398,1,2
1414,399,1,2
1414,400,1,2
1414,401,1,2
1414,402,1,2
1414,403,1,2
1414,404,1,2
1414,405,1,2
1414,406,1,2
1414,407,1,2
1414,408,1,2
1414,409,1,2
1414,410,1,2
1414,411,1,2
1414,412,1,2
1414,413,1,2
1414,414,1,2
1414,415,1,2
1414,416,1,2
1414,417,1,2
1414,418,1,2
1414,419,1,2
1414,420,1,2
1414,421,1,2
1414,422,1,2
1414,423,1,2
1414,424,1,2
1414,425,1,2
1414,426,1,2
1414,427,1,2
1414,428,1,2
1414,429,1,2
1414,430,1,2
1414,431,1,2
1414,432,1,2
1414,433,1,2
1414,434,1,2
1414,435,1,2
1414,436,1,2
1414,437,1,2
1414,438,1,2
1414,439,1,2
1414,440,1,2
1414,441,1,2
1414,442,1,2
1414,443,1,2
1414,444,1,2
1414,445,1,2
1414,446,1,2
1414,447,1,2
1414,448,1,2
1414,449,1,2
1414,450,1,2
1414,451,1,2
1414,452,1,2
1414,453,1,2
1414,454,1,2
1414,455,1,2
1414,456,1,2
1414,457,1,2
1414,458,1,2
1414,459,1,2
1414,460,1,2
1414,461,1,2
1414,462,1,2
1414,463,1,2
1414,464,1,2
1414,465,1,2
1414,466,1,2
1414,467,1,2
1415,120,1,2
1415,121,1,2
1415,122,1,2
1415,123,1,2
1415,124,1,2
1415,125,1,2
1415,126,1,2
1415,127,1,2
1415,128,1,2
1415,129,1,2
1415,130,1,2
1415,131,1,2
1415,132,1,2
1415,133,1,2
1415,134,1,2
1415,135,1,2
1415,136,1,3
1415,137,1,3
1415,138,1,3
1415,139,1,3
1415,140,1,3
1415,141,1,3
1415,142,1,3
1415,143,1,3
1415,144,1,3
1415,145,1,3
1415,146,1,3
1415,147,1,3
1415,148,1,3
1415,149,1,3
1415,150,1,3
1415,151,1,3
1415,152,1,3
1415,153,1,3
1415,154,1,3
1415,155,1,3
1415,156,1,3
1415,157,1,3
1415,158,1,3
1415,159,1,3
1415,160,1,3
1415,161,1,3
1415,162,1,3
1415,163,1,3
1415,164,1,3
1415,165,1,3
1415,166,1,3
1415,167,1,3
1415,168,1,3
1415,169,1,3
1415,170,1,3
1415,171,1,3
1415,172,1,3
1415,173,1,3
1415,174,1,3
1415,175,1,3
1415,176,1,3
1415,177,1,3
1415,178,1,3
1415,179,1,3
1415,180,1,3
1415,181,1,2
1415,182,1,2
1415,183,1,2
1415,184,1,2
1415,185,1,2
1415,186,1,2
1415,187,1,2
1415,188,1,2
1415,189,1,2
1415,190,1,2
1415,191,1,2
1415,192,1,2
1415,193,1,2
1415,194,1,2
1415,195,1,2
1415,196,1,2
1415,197,1,2
1415,198,1,2
1415,199,1,2
1415,200,1,2
1415,201,1,2
1415,202,1,2
1415,203,1,2
1415,204,1,2
1415,205,1,2
1415,206,1,2
1415,207,1,2
1415,208,1,2
1415,209,1,2
1415,210,1,2
1415,211,1,2
1415,212,1,2
1415,213,1,2
1415,214,1,2
1415,215,1,2
1415,216,1,2
1415,217,1,2
1415,218,1,2
1415,219,1,2
1415,220,1,2
1415,221,1,2
1415,222,1,2
1415,223,1,2
1415,224,1,2
1415,225,1,2
1415,226,1,2
1415,227,1,2
1415,228,1,2
1415,229,1,2
1415,230,1,2
1415,231,1,2
1415,232,1,2
1415,233,1,2
1415,234,1,2
1415,235,1,2
1415,236,1,2
1415,237,1,2
1415,238,1,2
1415,239,1,2
1415,240,1,2
1415,241,1,2
1415,242,1,2
1415,243,1,3
1415,244,1,3
1415,245,1,3
1415,246,1,3
1415,247,1,3
1415,248,1,3
1415,249,1,3
1415,250,1,3
1415,251,1,3
1415,252,1,3
1415,253,1,3
1415,254,1,3
1415,255,1,3
1415,256,1,3
1415,257,1,3
1415,258,1,3
1415,259,1,3
1415,260,1,3
1415,261,1,3
1415,262,1,3
1415,263,1,3
1415,264,1,3
1415,265,1,3
1415,266,1,3
1415,267,1,3
1415,268,1,3
1415,269,1,3
1415,270,1,3
1415,271,1,3
1415,272,1,3
1415,273,1,3
1415,274,1,3
1415,275,1,3
1415,276,1,3
1415,277,1,3
1415,278,1,3
1415,279,1,3
1415,280,1,3
1415,281,1,3
1415,282,1,3
1415,283,1,3
1415,284,1,3
1415,285,1,3
1415,286,1,3
1415,287,1,3
1415,288,1,3
1415,289,1,3
1415,290,1,3
1415,291,1,3
1415,292,1,3
1415,293,1,3
1415,294,1,3
1415,295,1,3
1415,296,1,3
1415,297,1,3
1415,298,1,3
1415,299,1,3
1415,300,1,3
1415,301,1,3
1415,302,1,3
1415,303,1,3
1415,304,1,3
1415,305,1,3
1415,306,1,3
1415,307,1,3
1415,308,1,3
1415,309,1,3
1415,310,1,3
1415,311,1,3
1415,312,1,3
1415,313,1,3
1415,314,1,3
1415,315,1,3
1415,316,1,3
1415,317,1,3
1415,318,1,3
1415,319,1,3
1415,320,1,3
1415,321,1,3
1415,322,1,3
1415,323,1,3
1415,324,1,3
1415,325,1,3
1415,326,1,3
1415,327,1,3
1415,328,1,3
1415,329,1,3
1415,330,1,3
1415,331,1,3
1415,332,1,3
1415,333,1,3
1415,334,1,3
1415,335,1,3
1415,336,1,3
1415,337,1,3
1415,338,1,3
1415,339,1,3
1415,340,1,3
1415,341,1,3
1415,342,1,3
1415,343,1,3
1415,344,1,3
1415,345,1,3
1415,346,1,3
1415,347,1,3
1415,348,1,3
1415,349,1,3
1415,350,1,3
1415,351,1,3
1415,352,1,3
1415,353,1,3
1415,354,1,3
1415,355,1,3
1415,356,1,3
1415,357,1,3
1415,358,1,3
1415,359,1,3
1415,360,1,3
1415,361,1,3
1415,362,1,3
1415,363,1,3
1415,364,1,3
1415,365,1,3
1415,366,1,3
1415,367,1,3
1415,368,1,3
1415,369,1,2
1415,370,1,2
1415,371,1,2
1415,372,1,2
1415,373,1,2
1415,374,1,2
1415,375,1,2
1415,376,1,2
1415,377,1,2
1415,378,1,2
1415,379,1,2
1415,380,1,2
1415,381,1,2
1415,382,1,2
1415,383,1,2
1415,384,1,2
1415,385,1,2
1415,386,1,2
1415,387,1,2
1415,388,1,2
1415,389,1,2
1415,390,1,2
1415,391,1,2
1415,392,1,2
1415,393,1,2
1415,394,1,2
1415,395,1,2
1415,396,1,2
1415,397,1,2
1415,398,1,2
1415,399,1,2
1415,400,1,2
1415,401,1,2
1415,402,1,2
1415,403,1,2
1415,404,1,2
1415,405,1,2
1415,406,1,2
1415,407,1,2
1415,408,1,2
1415,409,1,2
1415,410,1,2
1415,411,1,2
1415,412,1,2
1415,413,1,2
1415,414,1,2
1415,415,1,2
1415,416,1,2
1415,417,1,2
1415,418,1,2
1415,419,1,2
1415,420,1,2
1415,421,1,2
1415,422,1,2
1415,423,1,2
1415,424,1,2
1415,425,1,2
1415,426,1,2
1415,427,1,2
1415,428,1,2
1415,429,1,2
1415,430,1,2
1415,431,1,2
1415,432,1,2
1415,433,1,2
1415,434,1,2
1415,435,1,2
1415,436,1,2
1415,437,1,2
1415,438,1,2
1415,439,1,2
1415,440,1,2
1415,441,1,2
1415,442,1,2
1415,443,1,2
1415,444,1,2
1415,445,1,2
1415,446,1,2
1415,447,1,2
1415,448,1,2
1415,449,1,2
1415,450,1,2
1415,451,1,2
1415,452,1,2
1415,453,1,2
1415,454,1,2
1415,455,1,2
1415,456,1,2
1415,457,1,2
1415,458,1,2
1415,459,1,2
1415,460,1,2
1415,461,1,2
1415,462,1,2
1415,463,1,2
1415,464,1,2
1415,465,1,2
1415,466,1,2
1415,467,1,2
1416,120,1,2
1416,121,1,2
1416,122,1,2
1416,123,1,2
1416,124,1,2
1416,125,1,2
1416,126,1,2
1416,127,1,2
1416,128,1,2
1416,129,1,2
1416,130,1,2
1416,131,1,2
1416,132,1,2
1416,133,1,2
1416,134,1,2
1416,135,1,2
1416,136,1,3
1416,137,1,3
1416,138,1,3
1416,139,1,3
1416,140,1,3
1416,141,1,3
1416,142,1,3
1416,143,1,3
1416,144,1,3
1416,145,1,3
1416,146,1,3
1416,147,1,3
1416,148,1,3
1416,149,1,3
1416,150,1,3
1416,151,1,3
1416,152,1,3
1416,153,1,3
1416,154,1,3
1416,155,1,3
1416,156,1,3
1416,157,1,3
1416,158,1,3
1416,159,1,3
1416,160,1,3
1416,161,1,3
1416,162,1,3
1416,163,1,3
1416,164,1,3
1416,165,1,3
1416,166,1,3
1416,167,1,3
1416,168,1,3
1416,169,1,3
1416,170,1,3
1416,171,1,3
1416,172,1,3
1416,173,1,3
1416,174,1,3
1416,175,1,3
1416,176,1,3
1416,177,1,3
1416,178,1,3
1416,179,1,3
1416,180,1,3
1416,181,1,3
1416,182,1,2
1416,183,1,2
1416,184,1,2
1416,185,1,2
1416,186,1,2
1416,187,1,2
1416,188,1,2
1416,189,1,2
1416,190,1,2
1416,191,1,2
1416,192,1,2
1416,193,1,2
1416,194,1,2
1416,195,1,2
1416,196,1,2
1416,197,1,2
1416,198,1,2
1416,199,1,2
1416,200,1,2
1416,201,1,2
1416,202,1,2
1416,203,1,2
1416,204,1,2
1416,205,1,2
1416,206,1,2
1416,207,1,2
1416,208,1,2
1416,209,1,2
1416,210,1,2
1416,211,1,2
1416,212,1,2
1416,213,1,2
1416,214,1,2
1416,215,1,2
1416,216,1,2
1416,217,1,2
1416,218,1,2
1416,219,1,2
1416,220,1,2
1416,221,1,2
1416,222,1,2
1416,223,1,2
1416,224,1,2
1416,225,1,2
1416,226,1,2
1416,227,1,2
1416,228,1,2
1416,229,1,2
1416,230,1,2
1416,231,1,2
1416,232,1,2
1416,233,1,2
1416,234,1,2
1416,235,1,2
1416,236,1,2
1416,237,1,2
1416,238,1,2
1416,239,1,2
1416,240,1,2
1416,241,1,3
1416,242,1,3
1416,243,1,3
1416,244,1,3
1416,245,1,3
1416,246,1,3
1416,247,1,3
1416,248,1,3
1416,249,1,3
1416,250,1,3
1416,251,1,3
1416,252,1,3
1416,253,1,3
1416,254,1,3
1416,255,1,3
1416,256,1,3
1416,257,1,3
1416,258,1,3
1416,259,1,3
1416,260,1,3
1416,261,1,3
1416,262,1,3
1416,263,1,3
1416,264,1,3
1416,265,1,3
1416,266,1,3
1416,267,1,3
1416,268,1,3
1416,269,1,3
1416,270,1,3
1416,271,1,3
1416,272,1,3
1416,273,1,3
1416,274,1,3
1416,275,1,3
1416,276,1,3
1416,277,1,3
1416,278,1,3
1416,279,1,3
1416,280,1,3
1416,281,1,3
1416,282,1,3
1416,283,1,3
1416,284,1,3
1416,285,1,3
1416,286,1,3
1416,287,1,3
1416,288,1,3
1416,289,1,3
1416,290,1,3
1416,291,1,3
1416,292,1,3
1416,293,1,3
1416,294,1,3
1416,295,1,3
1416,296,1,3
1416,297,1,3
1416,298,1,3
1416,299,1,3
1416,300,1,3
1416,301,1,3
1416,302,1,3
1416,303,1,3
1416,304,1,3
1416,305,1,3
1416,306,1,3
1416,307,1,3
1416,308,1,3
1416,309,1,3
1416,310,1,3
1416,311,1,3
1416,312,1,3
1416,313,1,3
1416,314,1,3
1416,315,1,3
1416,316,1,3
1416,317,1,3
1416,318,1,3
1416,319,1,3
1416,320,1,3
1416,321,1,3
1416,322,1,3
1416,323,1,3
1416,324,1,3
1416,325,1,3
1416,326,1,3
1416,327,1,3
1416,328,1,3
1416,329,1,3
1416,330,1,3
1416,331,1,3
1416,332,1,3
1416,333,1,3
1416,334,1,3
1416,335,1,3
1416,336,1,3
1416,337,1,3
1416,338,1,3
1416,339,1,3
1416,340,1,3
1416,341,1,3
1416,342,1,3
1416,343,1,3
1416,344,1,3
1416,345,1,3
1416,346,1,3
1416,347,1,3
1416,348,1,3
1416,349,1,3
1416,350,1,3
1416,351,1,3
1416,352,1,3
1416,353,1,3
1416,354,1,3
1416,355,1,3
1416,356,1,3
1416,357,1,3
1416,358,1,3
1416,359,1,3
1416,360,1,3
1416,361,1,3
1416,362,1,3
1416,363,1,3
1416,364,1,3
1416,365,1,3
1416,366,1,3
1416,367,1,3
1416,368,1,3
1416,369,1,2
1416,370,1,2
1416,371,1,2
1416,372,1,2
1416,373,1,2
1416,374,1,2
1416,375,1,2
1416,376,1,2
1416,377,1,2
1416,378,1,2
1416,379,1,2
1416,380,1,2
1416,381,1,2
1416,382,1,2
1416,383,1,2
1416,384,1,2
1416,385,1,2
1416,386,1,2
1416,387,1,2
1416,388,1,2
1416,389,1,2
1416,390,1,2
1416,391,1,2
1416,392,1,2
1416,393,1,2
1416,394,1,2
1416,395,1,2
1416,396,1,2
1416,397,1,2
1416,398,1,2
1416,399,1,2
1416,400,1,2
1416,401,1,2
1416,402,1,2
1416,403,1,2
1416,404,1,2
1416,405,1,2
1416,406,1,2
1416,407,1,2
1416,408,1,2
1416,409,1,2
1416,410,1,2
1416,411,1,2
1416,412,1,2
1416,413,1,2
1416,414,1,2
1416,415,1,2
1416,416,1,2
1416,417,1,2
1416,418,1,2
1416,419,1,2
1416,420,1,2
1416,421,1,2
1416,422,1,2
1416,423,1,2
1416,424,1,2
1416,425,1,2
1416,426,1,2
1416,427,1,2
1416,428,1,2
1416,429,1,2
1416,430,1,2
1416,431,1,2
1416,432,1,2
1416,433,1,2
1416,434,1,2
1416,435,1,2
1416,436,1,2
1416,437,1,2
1416,438,1,2
1416,439,1,2
1416,440,1,2
1416,441,1,2
1416,442,1,2
1416,443,1,2
1416,444,1,2
1416,445,1,2
1416,446,1,2
1416,447,1,2
1416,448,1,2
1416,449,1,2
1416,450,1,2
1416,451,1,2
1416,452,1,2
1416,453,1,2
1416,454,1,2
1416,455,1,2
1416,456,1,2
1416,457,1,2
1416,458,1,2
1416,459,1,2
1416,460,1,2
1416,461,1,2
1416,462,1,2
1416,463,1,2
1416,464,1,2
1416,465,1,2
1416,466,1,2
1416,467,1,2
1417,121,1,2
1417,122,1,2
1417,123,1,2
1417,124,1,2
1417,125,1,2
1417,126,1,2
1417,127,1,2
1417,128,1,2
1417,129,1,2
1417,130,1,2
1417,131,1,2
1417,132,1,2
1417,133,1,2
1417,134,1,2
1417,135,1,3
1417,136,1,3
1417,137,1,3
1417,138,1,3
1417,139,1,3
1417,140,1,3
1417,141,1,3
1417,142,1,3
1417,143,1,3
1417,144,1,3
1417,145,1,3
1417,146,1,3
1417,147,1,3
1417,148,1,3
1417,149,1,3
1417,150,1,3
1417,151,1,3
1417,152,1,3
1417,153,1,3
1417,154,1,3
1417,155,1,3
1417,156,1,3
1417,157,1,3
1417,158,1,3
1417,159,1,3
1417,160,1,3
1417,161,1,3
1417,162,1,3
1417,163,1,3
1417,164,1,3
1417,165,1,3
1417,166,1,3
1417,167,1,3
1417,168,1,3
1417,169,1,3
1417,170,1,3
1417,171,1,3
1417,172,1,3
1417,173,1,3
1417,174,1,3
1417,175,1,3
1417,176,1,3
1417,177,1,3
1417,178,1,3
1417,179,1,3
1417,180,1,3
1417,181,1,3
1417,182,1,2
1417,183,1,2
1417,184,1,2
1417,185,1,2
1417,186,1,2
1417,187,1,2
1417,188,1,2
1417,189,1,2
1417,190,1,2
1417,191,1,2
1417,192,1,2
1417,193,1,2
1417,194,1,2
1417,195,1,2
1417,196,1,2
1417,197,1,2
1417,198,1,2
1417,199,1,2
1417,200,1,2
1417,201,1,2
1417,202,1,2
1417,203,1,2
1417,204,1,2
1417,205,1,2
1417,206,1,2
1417,207,1,2
1417,208,1,2
1417,209,1,2
1417,210,1,2
1417,211,1,2
1417,212,1,2
1417,213,1,2
1417,214,1,2
1417,215,1,2
1417,216,1,2
1417,217,1,2
1417,218,1,2
1417,219,1,2
1417,220,1,2
1417,221,1,2
1417,222,1,2
1417,223,1,2
1417,224,1,2
1417,225,1,2
1417,226,1,2
1417,227,1,2
1417,228,1,2
1417,229,1,2
1417,230,1,2
1417,231,1,2
1417,232,1,2
1417,233,1,2
1417,234,1,2
1417,235,1,2
1417,236,1,2
1417,237,1,2
1417,238,1,2
1417,239,1,3
1417,240,1,3
1417,241,1,3
1417,242,1,3
1417,243,1,3
1417,244,1,3
1417,245,1,3
1417,246,1,3
1417,247,1,3
1417,248,1,3
1417,249,1,3
1417,250,1,3
1417,251,1,3
1417,252,1,3
1417,253,1,3
1417,254,1,3
1417,255,1,3
1417,256,1,3
1417,257,1,3
1417,258,1,3
1417,259,1,3
1417,260,1,3
1417,261,1,3
1417,262,1,3
1417,263,1,3
1417,264,1,3
1417,265,1,3
1417,266,1,3
1417,267,1,3
1417,268,1,3
1417,269,1,3
1417,270,1,3
1417,271,1,3
1417,272,1,3
1417,273,1,3
1417,274,1,3
1417,275,1,3
1417,276,1,3
1417,277,1,3
1417,278,1,3
1417,279,1,3
1417,280,1,3
1417,281,1,3
1417,282,1,3
1417,283,1,3
1417,284,1,3
1417,285,1,3
1417,286,1,3
1417,287,1,3
1417,288,1,3
1417,289,1,3
1417,290,1,3
1417,291,1,3
1417,292,1,3
1417,293,1,3
1417,294,1,3
1417,295,1,3
1417,296,1,3
1417,297,1,3
1417,298,1,3
1417,299,1,3
1417,300,1,3
1417,301,1,3
1417,302,1,3
1417,303,1,3
1417,304,1,3
1417,305,1,3
1417,306,1,3
1417,307,1,3
1417,308,1,3
1417,309,1,3
1417,310,1,3
1417,311,1,3
1417,312,1,3
1417,313,1,3
1417,314,1,3
1417,315,1,3
1417,316,1,3
1417,317,1,3
1417,318,1,3
1417,319,1,3
1417,320,1,3
1417,321,1,3
1417,322,1,3
1417,323,1,3
1417,324,1,3
1417,325,1,3
1417,326,1,3
1417,327,1,3
1417,328,1,3
1417,329,1,3
1417,330,1,3
1417,331,1,3
1417,332,1,3
1417,333,1,3
1417,334,1,3
1417,335,1,3
1417,336,1,3
1417,337,1,3
1417,338,1,3
1417,339,1,3
1417,340,1,3
1417,341,1,3
1417,342,1,3
1417,343,1,3
1417,344,1,3
1417,345,1,3
1417,346,1,3
1417,347,1,3
1417,348,1,3
1417,349,1,3
1417,350,1,3
1417,351,1,3
1417,352,1,3
1417,353,1,3
1417,354,1,3
1417,355,1,3
1417,356,1,3
1417,357,1,3
1417,358,1,3
1417,359,1,3
1417,360,1,3
1417,361,1,3
1417,362,1,3
1417,363,1,3
1417,364,1,3
1417,365,1,3
1417,366,1,3
1417,367,1,3
1417,368,1,3
1417,369,1,2
1417,370,1,2
1417,371,1,2
1417,372,1,2
1417,373,1,2
1417,374,1,2
1417,375,1,2
1417,376,1,2
1417,377,1,2
1417,378,1,2
1417,379,1,2
1417,380,1,2
1417,381,1,2
1417,382,1,2
1417,383,1,2
1417,384,1,2
1417,385,1,2
1417,386,1,2
1417,387,1,2
1417,388,1,2
1417,389,1,2
1417,390,1,2
1417,391,1,2
1417,392,1,2
1417,393,1,2
1417,394,1,2
1417,395,1,2
1417,396,1,2
1417,397,1,2
1417,398,1,2
1417,399,1,2
1417,400,1,2
1417,401,1,2
1417,402,1,2
1417,403,1,2
1417,404,1,2
1417,405,1,2
1417,406,1,2
1417,407,1,2
1417,408,1,2
1417,409,1,2
1417,410,1,2
1417,411,1,2
1417,412,1,2
1417,413,1,2
1417,414,1,2
1417,415,1,2
1417,416,1,2
1417,417,1,2
1417,418,1,2
1417,419,1,2
1417,420,1,2
1417,421,1,2
1417,422,1,2
1417,423,1,2
1417,424,1,2
1417,425,1,2
1417,426,1,2
1417,427,1,2
1417,428,1,2
1417,429,1,2
1417,430,1,2
1417,431,1,2
1417,432,1,2
1417,433,1,2
1417,434,1,2
1417,435,1,2
1417,436,1,2
1417,437,1,2
1417,438,1,2
1417,439,1,2
1417,440,1,2
1417,441,1,2
1417,442,1,2
1417,443,1,2
1417,444,1,2
1417,445,1,2
1417,446,1,2
1417,447,1,2
1417,448,1,2
1417,449,1,2
1417,450,1,2
1417,451,1,2
1417,452,1,2
1417,453,1,2
1417,454,1,2
1417,455,1,2
1417,456,1,2
1417,457,1,2
1417,458,1,2
1417,459,1,2
1417,460,1,2
1417,461,1,2
1417,462,1,2
1417,463,1,2
1417,464,1,2
1417,465,1,2
1417,466,1,2
1417,467,1,2
1418,122,1,2
1418,123,1,2
1418,124,1,2
1418,125,1,2
1418,126,1,2
1418,127,1,2
1418,128,1,2
1418,129,1,2
1418,130,1,2
1418,131,1,2
1418,132,1,2
1418,133,1,2
1418,134,1,3
1418,135,1,3
1418,136,1,3
1418,137,1,3
1418,138,1,3
1418,139,1,3
1418,140,1,3
1418,141,1,3
1418,142,1,3
1418,143,1,3
1418,144,1,3
1418,145,1,3
1418,146,1,3
1418,147,1,3
1418,148,1,3
1418,149,1,3
1418,150,1,3
1418,151,1,3
1418,152,1,3
1418,153,1,3
1418,154,1,3
1418,155,1,3
1418,156,1,3
1418,157,1,3
1418,158,1,3
1418,159,1,3
1418,160,1,3
1418,161,1,3
1418,162,1,3
1418,163,1,3
1418,164,1,3
1418,165,1,3
1418,166,1,3
1418,167,1,3
1418,168,1,3
1418,169,1,3
1418,170,1,3
1418,171,1,3
1418,172,1,3
1418,173,1,3
1418,174,1,3
1418,175,1,3
1418,176,1,3
1418,177,1,3
1418,178,1,3
1418,179,1,3
1418,180,1,3
1418,181,1,3
1418,182,1,3
1418,183,1,3
1418,184,1,3
1418,185,1,2
1418,186,1,2
1418,187,1,2
1418,188,1,2
1418,189,1,2
1418,190,1,2
1418,191,1,2
1418,192,1,2
1418,193,1,2
1418,194,1,2
1418,195,1,2
1418,196,1,2
1418,197,1,2
1418,198,1,2
1418,199,1,2
1418,200,1,2
1418,201,1,2
1418,202,1,2
1418,203,1,2
1418,204,1,2
1418,205,1,2
1418,206,1,2
1418,207,1,2
1418,208,1,2
1418,209,1,2
1418,210,1,2
1418,211,1,2
1418,212,1,2
1418,213,1,2
1418,214,1,2
1418,215,1,2
1418,216,1,2
1418,217,1,2
1418,218,1,2
1418,219,1,2
1418,220,1,2
1418,221,1,2
1418,222,1,2
1418,223,1,2
1418,224,1,2
1418,225,1,2
1418,226,1,2
1418,227,1,2
1418,228,1,2
1418,229,1,2
1418,230,1,2
1418,231,1,3
1418,232,1,3
1418,233,1,3
1418,234,1,3
1418,235,1,3
1418,236,1,3
1418,237,1,3
1418,238,1,3
1418,239,1,3
1418,240,1,3
1418,241,1,3
1418,242,1,3
1418,243,1,3
1418,244,1,3
1418,245,1,3
1418,246,1,3
1418,247,1,3
1418,248,1,3
1418,249,1,3
1418,250,1,3
1418,251,1,3
1418,252,1,3
1418,253,1,3
1418,254,1,3
1418,255,1,3
1418,256,1,3
1418,257,1,3
1418,258,1,3
1418,259,1,3
1418,260,1,3
1418,261,1,3
1418,262,1,3
1418,263,1,3
1418,264,1,3
1418,265,1,3
1418,266,1,3
1418,267,1,3
1418,268,1,3
1418,269,1,3
1418,270,1,3
1418,271,1,3
1418,272,1,3
1418,273,1,3
1418,274,1,3
1418,275,1,3
1418,276,1,3
1418,277,1,3
1418,278,1,3
1418,279,1,3
1418,280,1,3
1418,281,1,3
1418,282,1,3
1418,283,1,3
1418,284,1,3
1418,285,1,3
1418,286,1,3
1418,287,1,3
1418,288,1,3
1418,289,1,3
1418,290,1,3
1418,291,1,3
1418,292,1,3
1418,293,1,3
1418,294,1,3
1418,295,1,3
1418,296,1,3
1418,297,1,3
1418,298,1,3
1418,299,1,3
1418,300,1,3
1418,301,1,3
1418,302,1,3
1418,303,1,3
1418,304,1,3
1418,305,1,3
1418,306,1,3
1418,307,1,3
1418,308,1,3
1418,309,1,3
1418,310,1,3
1418,311,1,3
1418,312,1,3
1418,313,1,3
1418,314,1,3
1418,315,1,3
1418,316,1,3
1418,317,1,3
1418,318,1,3
1418,319,1,3
1418,320,1,3
1418,321,1,3
1418,322,1,3
1418,323,1,3
1418,324,1,3
1418,325,1,3
1418,326,1,3
1418,327,1,3
1418,328,1,3
1418,329,1,3
1418,330,1,3
1418,331,1,3
1418,332,1,3
1418,333,1,3
1418,334,1,3
1418,335,1,3
1418,336,1,3
1418,337,1,3
1418,338,1,3
1418,339,1,3
1418,340,1,3
1418,341,1,3
1418,342,1,3
1418,343,1,3
1418,344,1,3
1418,345,1,3
1418,346,1,3
1418,347,1,3
1418,348,1,3
1418,349,1,3
1418,350,1,3
1418,351,1,3
1418,352,1,3
1418,353,1,3
1418,354,1,3
1418,355,1,3
1418,356,1,3
1418,357,1,3
1418,358,1,3
1418,359,1,3
1418,360,1,3
1418,361,1,3
1418,362,1,3
1418,363,1,3
1418,364,1,3
1418,365,1,3
1418,366,1,3
1418,367,1,3
1418,368,1,3
1418,369,1,2
1418,370,1,2
1418,371,1,2
1418,372,1,2
1418,373,1,2
1418,374,1,2
1418,375,1,2
1418,376,1,2
1418,377,1,2
1418,378,1,2
1418,379,1,2
1418,380,1,2
1418,381,1,2
1418,382,1,2
1418,383,1,2
1418,384,1,2
1418,385,1,2
1418,386,1,2
1418,387,1,2
1418,388,1,2
1418,389,1,2
1418,390,1,2
1418,391,1,2
1418,392,1,2
1418,393,1,2
1418,394,1,2
1418,395,1,2
1418,396,1,2
1418,397,1,2
1418,398,1,2
1418,399,1,2
1418,400,1,2
1418,401,1,2
1418,402,1,2
1418,403,1,2
1418,404,1,2
1418,405,1,2
1418,406,1,2
1418,407,1,2
1418,408,1,2
1418,409,1,2
1418,410,1,2
1418,411,1,2
1418,412,1,2
1418,413,1,2
1418,414,1,2
1418,415,1,2
1418,416,1,2
1418,417,1,2
1418,418,1,2
1418,419,1,2
1418,420,1,2
1418,421,1,2
1418,422,1,2
1418,423,1,2
1418,424,1,2
1418,425,1,2
1418,426,1,2
1418,427,1,2
1418,428,1,2
1418,429,1,2
1418,430,1,2
1418,431,1,2
1418,432,1,2
1418,433,1,2
1418,434,1,2
1418,435,1,2
1418,436,1,2
1418,437,1,2
1418,438,1,2
1418,439,1,2
1418,440,1,2
1418,441,1,2
1418,442,1,2
1418,443,1,2
1418,444,1,2
1418,445,1,2
1418,446,1,2
1418,447,1,2
1418,448,1,2
1418,449,1,2
1418,450,1,2
1418,451,1,2
1418,452,1,2
1418,453,1,2
1418,454,1,2
1418,455,1,2
1418,456,1,2
1418,457,1,2
1418,458,1,2
1418,459,1,2
1418,460,1,2
1418,461,1,2
1418,462,1,2
1418,463,1,2
1418,464,1,2
1418,465,1,2
1418,466,1,2
1418,467,1,2
1419,122,1,2
1419,123,1,2
1419,124,1,2
1419,125,1,2
1419,126,1,2
1419,127,1,2
1419,128,1,2
1419,129,1,2
1419,130,1,2
1419,131,1,2
1419,132,1,2
1419,133,1,2
1419,134,1,3
1419,135,1,3
1419,136,1,3
1419,137,1,3
1419,138,1,3
1419,139,1,3
1419,140,1,3
1419,141,1,3
1419,142,1,3
1419,143,1,3
1419,144,1,3
1419,145,1,3
1419,146,1,3
1419,147,1,3
1419,148,1,3
1419,149,1,3
1419,150,1,3
1419,151,1,3
1419,152,1,3
1419,153,1,3
1419,154,1,3
1419,155,1,3
1419,156,1,3
1419,157,1,3
1419,158,1,3
1419,159,1,3
1419,160,1,3
1419,161,1,3
1419,162,1,3
1419,163,1,3
1419,164,1,3
1419,165,1,3
1419,166,1,3
1419,167,1,3
1419,168,1,3
1419,169,1,3
1419,170,1,3
1419,171,1,3
1419,172,1,3
1419,173,1,3
1419,174,1,3
1419,175,1,3
1419,176,1,3
1419,177,1,3
1419,178,1,3
1419,179,1,3
1419,180,1,3
1419,181,1,3
1419,182,1,3
1419,183,1,3
1419,184,1,3
1419,185,1,2
1419,186,1,2
1419,187,1,2
1419,188,1,2
1419,189,1,2
1419,190,1,2
1419,191,1,2
1419,192,1,2
1419,193,1,2
1419,194,1,2
1419,195,1,2
1419,196,1,2
1419,197,1,2
1419,198,1,2
1419,199,1,2
1419,200,1,2
1419,201,1,2
1419,202,1,2
1419,203,1,2
1419,204,1,2
1419,205,1,2
1419,206,1,2
1419,207,1,2
1419,208,1,2
1419,209,1,2
1419,210,1,2
1419,211,1,2
1419,212,1,2
1419,213,1,2
1419,214,1,2
1419,215,1,2
1419,216,1,2
1419,217,1,2
1419,218,1,2
1419,219,1,2
1419,220,1,2
1419,221,1,2
1419,222,1,2
1419,223,1,2
1419,224,1,2
1419,225,1,2
1419,226,1,2
1419,227,1,2
1419,228,1,2
1419,229,1,3
1419,230,1,3
1419,231,1,3
1419,232,1,3
1419,233,1,3
1419,234,1,3
1419,235,1,3
1419,236,1,3
1419,237,1,3
1419,238,1,3
1419,239,1,3
1419,240,1,3
1419,241,1,3
1419,242,1,3
1419,243,1,3
1419,244,1,3
1419,245,1,3
1419,246,1,3
1419,247,1,3
1419,248,1,3
1419,249,1,3
1419,250,1,3
1419,251,1,3
1419,252,1,3
1419,253,1,3
1419,254,1,3
1419,255,1,3
1419,256,1,3
1419,257,1,3
1419,258,1,3
1419,259,1,3
1419,260,1,3
1419,261,1,3
1419,262,1,3
1419,263,1,3
1419,264,1,3
1419,265,1,3
1419,266,1,3
1419,267,1,3
1419,268,1,3
1419,269,1,3
1419,270,1,3
1419,271,1,3
1419,272,1,3
1419,273,1,3
1419,274,1,3
1419,275,1,3
1419,276,1,3
1419,277,1,3
1419,278,1,3
1419,279,1,3
1419,280,1,3
1419,281,1,3
1419,282,1,3
1419,283,1,3
1419,284,1,3
1419,285,1,3
1419,286,1,3
1419,287,1,3
1419,288,1,3
1419,289,1,3
1419,290,1,3
1419,291,1,3
1419,292,1,3
1419,293,1,3
1419,294,1,3
1419,295,1,3
1419,296,1,3
1419,297,1,3
1419,298,1,3
1419,299,1,3
1419,300,1,3
1419,301,1,3
1419,302,1,3
1419,303,1,3
1419,304,1,3
1419,305,1,3
1419,306,1,3
1419,307,1,3
1419,308,1,3
1419,309,1,3
1419,310,1,3
1419,311,1,3
1419,312,1,3
1419,313,1,3
1419,314,1,3
1419,315,1,3
1419,316,1,3
1419,317,1,3
1419,318,1,3
1419,319,1,3
1419,320,1,3
1419,321,1,3
1419,322,1,3
1419,323,1,3
1419,324,1,3
1419,325,1,3
1419,326,1,3
1419,327,1,3
1419,328,1,3
1419,329,1,3
1419,330,1,3
1419,331,1,3
1419,332,1,3
1419,333,1,3
1419,334,1,3
1419,335,1,3
1419,336,1,3
1419,337,1,3
1419,338,1,3
1419,339,1,3
1419,340,1,3
1419,341,1,3
1419,342,1,3
1419,343,1,3
1419,344,1,3
1419,345,1,3
1419,346,1,3
1419,347,1,3
1419,348,1,3
1419,349,1,3
1419,350,1,3
1419,351,1,3
1419,352,1,3
1419,353,1,3
1419,354,1,3
1419,355,1,3
1419,356,1,3
1419,357,1,3
1419,358,1,3
1419,359,1,3
1419,360,1,3
1419,361,1,3
1419,362,1,3
1419,363,1,3
1419,364,1,3
1419,365,1,3
1419,366,1,3
1419,367,1,3
1419,368,1,3
1419,369,1,2
1419,370,1,2
1419,371,1,2
1419,372,1,2
1419,373,1,2
1419,374,1,2
1419,375,1,2
1419,376,1,2
1419,377,1,2
1419,378,1,2
1419,379,1,2
1419,380,1,2
1419,381,1,2
1419,382,1,2
1419,383,1,2
1419,384,1,2
1419,385,1,2
1419,386,1,2
1419,387,1,2
1419,388,1,2
1419,389,1,2
1419,390,1,2
1419,391,1,2
1419,392,1,2
1419,393,1,2
1419,394,1,2
1419,395,1,2
1419,396,1,2
1419,397,1,2
1419,398,1,2
1419,399,1,2
1419,400,1,2
1419,401,1,2
1419,402,1,2
1419,403,1,2
1419,404,1,2
1419,405,1,2
1419,406,1,2
1419,407,1,2
1419,408,1,2
1419,409,1,2
1419,410,1,2
1419,411,1,2
1419,412,1,2
1419,413,1,2
1419,414,1,2
1419,415,1,2
1419,416,1,2
1419,417,1,2
1419,418,1,2
1419,419,1,2
1419,420,1,2
1419,421,1,2
1419,422,1,2
1419,423,1,2
1419,424,1,2
1419,425,1,2
1419,426,1,2
1419,427,1,2
1419,428,1,2
1419,429,1,2
1419,430,1,2
1419,431,1,2
1419,432,1,2
1419,433,1,2
1419,434,1,2
1419,435,1,2
1419,436,1,2
1419,437,1,2
1419,438,1,2
1419,439,1,2
1419,440,1,2
1419,441,1,2
1419,442,1,2
1419,443,1,2
1419,444,1,2
1419,445,1,2
1419,446,1,2
1419,447,1,2
1419,448,1,2
1419,449,1,2
1419,450,1,2
1419,451,1,2
1419,452,1,2
1419,453,1,2
1419,454,1,2
1419,455,1,2
1419,456,1,2
1419,457,1,2
1419,458,1,2
1419,459,1,2
1419,460,1,2
1419,461,1,2
1419,462,1,2
1419,463,1,2
1419,464,1,2
1419,465,1,2
1419,466,1,2
1419,467,1,2
1420,123,1,2
1420,124,1,2
1420,125,1,2
1420,126,1,2
1420,127,1,2
1420,128,1,2
1420,129,1,2
1420,130,1,2
1420,131,1,2
1420,132,1,3
1420,133,1,3
1420,134,1,3
1420,135,1,3
1420,136,1,3
1420,137,1,3
1420,138,1,3
1420,139,1,3
1420,140,1,3
1420,141,1,3
1420,142,1,3
1420,143,1,3
1420,144,1,3
1420,145,1,3
1420,146,1,3
1420,147,1,3
1420,148,1,3
1420,149,1,3
1420,150,1,3
1420,151,1,3
1420,152,1,3
1420,153,1,3
1420,154,1,3
1420,155,1,3
1420,156,1,3
1420,157,1,3
1420,158,1,3
1420,159,1,3
1420,160,1,3
1420,161,1,3
1420,162,1,3
1420,163,1,3
1420,164,1,3
1420,165,1,3
1420,166,1,3
1420,167,1,3
1420,168,1,3
1420,169,1,3
1420,170,1,3
1420,171,1,3
1420,172,1,3
1420,173,1,3
1420,174,1,3
1420,175,1,3
1420,176,1,3
1420,177,1,3
1420,178,1,3
1420,179,1,3
1420,180,1,3
1420,181,1,3
1420,182,1,3
1420,183,1,3
1420,184,1,3
1420,185,1,3
1420,186,1,3
1420,187,1,3
1420,188,1,3
1420,189,1,3
1420,190,1,3
1420,191,1,2
1420,192,1,3
1420,193,1,2
1420,194,1,2
1420,195,1,2
1420,196,1,2
1420,197,1,2
1420,198,1,2
1420,199,1,2
1420,200,1,2
1420,201,1,2
1420,202,1,2
1420,203,1,2
1420,204,1,2
1420,205,1,2
1420,206,1,2
1420,207,1,2
1420,208,1,2
1420,209,1,2
1420,210,1,2
1420,211,1,2
1420,212,1,2
1420,213,1,2
1420,214,1,2
1420,215,1,2
1420,216,1,2
1420,217,1,2
1420,218,1,2
1420,219,1,2
1420,220,1,2
1420,221,1,2
1420,222,1,2
1420,223,1,2
1420,224,1,2
1420,225,1,2
1420,226,1,2
1420,227,1,3
1420,228,1,3
1420,229,1,3
1420,230,1,3
1420,231,1,3
1420,232,1,3
1420,233,1,3
1420,234,1,3
1420,235,1,3
1420,236,1,3
1420,237,1,3
1420,238,1,3
1420,239,1,3
1420,240,1,3
1420,241,1,3
1420,242,1,3
1420,243,1,3
1420,244,1,3
1420,245,1,3
1420,246,1,3
1420,247,1,3
1420,248,1,3
1420,249,1,3
1420,250,1,3
1420,251,1,3
1420,252,1,3
1420,253,1,3
1420,254,1,3
1420,255,1,3
1420,256,1,3
1420,257,1,3
1420,258,1,3
1420,259,1,3
1420,260,1,3
1420,261,1,3
1420,262,1,3
1420,263,1,3
1420,264,1,3
1420,265,1,3
1420,266,1,3
1420,267,1,3
1420,268,1,3
1420,269,1,3
1420,270,1,3
1420,271,1,3
1420,272,1,3
1420,273,1,3
1420,274,1,3
1420,275,1,3
1420,276,1,3
1420,277,1,3
1420,278,1,3
1420,279,1,3
1420,280,1,3
1420,281,1,3
1420,282,1,3
1420,283,1,3
1420,284,1,3
1420,285,1,3
1420,286,1,3
1420,287,1,3
1420,288,1,3
1420,289,1,3
1420,290,1,3
1420,291,1,3
1420,292,1,3
1420,293,1,3
1420,294,1,3
1420,295,1,3
1420,296,1,3
1420,297,1,3
1420,298,1,3
1420,299,1,3
1420,300,1,3
1420,301,1,3
1420,302,1,3
1420,303,1,3
1420,304,1,3
1420,305,1,3
1420,306,1,3
1420,307,1,3
1420,308,1,3
1420,309,1,3
1420,310,1,3
1420,311,1,3
1420,312,1,3
1420,313,1,3
1420,314,1,3
1420,315,1,3
1420,316,1,3
1420,317,1,3
1420,318,1,3
1420,319,1,3
1420,320,1,3
1420,321,1,3
1420,322,1,3
1420,323,1,3
1420,324,1,3
1420,325,1,3
1420,326,1,3
1420,327,1,3
1420,328,1,3
1420,329,1,3
1420,330,1,3
1420,331,1,3
1420,332,1,3
1420,333,1,3
1420,334,1,3
1420,335,1,3
1420,336,1,3
1420,337,1,3
1420,338,1,3
1420,339,1,3
1420,340,1,3
1420,341,1,3
1420,342,1,3
1420,343,1,3
1420,344,1,3
1420,345,1,3
1420,346,1,3
1420,347,1,3
1420,348,1,3
1420,349,1,3
1420,350,1,3
1420,351,1,3
1420,352,1,3
1420,353,1,3
1420,354,1,3
1420,355,1,3
1420,356,1,3
1420,357,1,3
1420,358,1,3
1420,359,1,3
1420,360,1,3
1420,361,1,3
1420,362,1,3
1420,363,1,3
1420,364,1,3
1420,365,1,3
1420,366,1,3
1420,367,1,3
1420,368,1,3
1420,369,1,2
1420,370,1,2
1420,371,1,2
1420,372,1,2
1420,373,1,2
1420,374,1,2
1420,375,1,2
1420,376,1,2
1420,377,1,2
1420,378,1,2
1420,379,1,2
1420,380,1,2
1420,381,1,2
1420,382,1,2
1420,383,1,2
1420,384,1,2
1420,385,1,2
1420,386,1,2
1420,387,1,2
1420,388,1,2
1420,389,1,2
1420,390,1,2
1420,391,1,2
1420,392,1,2
1420,393,1,2
1420,394,1,2
1420,395,1,2
1420,396,1,2
1420,397,1,2
1420,398,1,2
1420,399,1,2
1420,400,1,2
1420,401,1,2
1420,402,1,2
1420,403,1,2
1420,404,1,2
1420,405,1,2
1420,406,1,2
1420,407,1,2
1420,408,1,2
1420,409,1,2
1420,410,1,2
1420,411,1,2
1420,412,1,2
1420,413,1,2
1420,414,1,2
1420,415,1,2
1420,416,1,2
1420,417,1,2
1420,418,1,2
1420,419,1,2
1420,420,1,2
1420,421,1,2
1420,422,1,2
1420,423,1,2
1420,424,1,2
1420,425,1,2
1420,426,1,2
1420,427,1,2
1420,428,1,2
1420,429,1,2
1420,430,1,2
1420,431,1,2
1420,432,1,2
1420,433,1,2
1420,434,1,2
1420,435,1,2
1420,436,1,2
1420,437,1,2
1420,438,1,2
1420,439,1,2
1420,440,1,2
1420,441,1,2
1420,442,1,2
1420,443,1,2
1420,444,1,2
1420,445,1,2
1420,446,1,2
1420,447,1,2
1420,448,1,2
1420,449,1,2
1420,450,1,2
1420,451,1,2
1420,452,1,2
1420,453,1,2
1420,454,1,2
1420,455,1,2
1420,456,1,2
1420,457,1,2
1420,458,1,2
1420,459,1,2
1420,460,1,2
1420,461,1,2
1420,462,1,2
1420,463,1,2
1420,464,1,2
1420,465,1,2
1420,466,1,2
1420,467,1,2
1421,123,1,2
1421,124,1,2
1421,125,1,2
1421,126,1,2
1421,127,1,2
1421,128,1,2
1421,129,1,2
1421,130,1,2
1421,131,1,2
1421,132,1,3
1421,133,1,3
1421,134,1,3
1421,135,1,3
1421,136,1,3
1421,137,1,3
1421,138,1,3
1421,139,1,3
1421,140,1,3
1421,141,1,3
1421,142,1,3
1421,143,1,3
1421,144,1,3
1421,145,1,3
1421,146,1,3
1421,147,1,3
1421,148,1,3
1421,149,1,3
1421,150,1,3
1421,151,1,3
1421,152,1,3
1421,153,1,3
1421,154,1,3
1421,155,1,3
1421,156,1,3
1421,157,1,3
1421,158,1,3
1421,159,1,3
1421,160,1,3
1421,161,1,3
1421,162,1,3
1421,163,1,3
1421,164,1,3
1421,165,1,3
1421,166,1,3
1421,167,1,3
1421,168,1,3
1421,169,1,3
1421,170,1,3
1421,171,1,3
1421,172,1,3
1421,173,1,3
1421,174,1,3
1421,175,1,3
1421,176,1,3
1421,177,1,3
1421,178,1,3
1421,179,1,3
1421,180,1,3
1421,181,1,3
1421,182,1,3
1421,183,1,3
1421,184,1,3
1421,185,1,3
1421,186,1,3
1421,187,1,3
1421,188,1,3
1421,189,1,3
1421,190,1,3
1421,191,1,3
1421,192,1,3
1421,193,1,3
1421,194,1,2
1421,195,1,3
1421,196,1,2
1421,197,1,2
1421,198,1,2
1421,199,1,2
1421,200,1,2
1421,201,1,2
1421,202,1,2
1421,203,1,2
1421,204,1,2
1421,205,1,2
1421,206,1,2
1421,207,1,2
1421,208,1,2
1421,209,1,2
1421,210,1,2
1421,211,1,2
1421,212,1,2
1421,213,1,2
1421,214,1,2
1421,215,1,2
1421,216,1,2
1421,217,1,2
1421,218,1,2
1421,219,1,2
1421,220,1,2
1421,221,1,2
1421,222,1,3
1421,223,1,3
1421,224,1,3
1421,225,1,3
1421,226,1,3
1421,227,1,3
1421,228,1,3
1421,229,1,3
1421,230,1,3
1421,231,1,3
1421,232,1,3
1421,233,1,3
1421,234,1,3
1421,235,1,3
1421,236,1,3
1421,237,1,3
1421,238,1,3
1421,239,1,3
1421,240,1,3
1421,241,1,3
1421,242,1,3
1421,243,1,3
1421,244,1,3
1421,245,1,3
1421,246,1,3
1421,247,1,3
1421,248,1,3
1421,249,1,3
1421,250,1,3
1421,251,1,3
1421,252,1,3
1421,253,1,3
1421,254,1,3
1421,255,1,3
1421,256,1,3
1421,257,1,3
1421,258,1,3
1421,259,1,3
1421,260,1,3
1421,261,1,3
1421,262,1,3
1421,263,1,3
1421,264,1,3
1421,265,1,3
1421,266,1,3
1421,267,1,3
1421,268,1,3
1421,269,1,3
1421,270,1,3
1421,271,1,3
1421,272,1,3
1421,273,1,3
1421,274,1,3
1421,275,1,3
1421,276,1,3
1421,277,1,3
1421,278,1,3
1421,279,1,3
1421,280,1,3
1421,281,1,3
1421,282,1,3
1421,283,1,3
1421,284,1,3
1421,285,1,3
1421,286,1,3
1421,287,1,3
1421,288,1,3
1421,289,1,3
1421,290,1,3
1421,291,1,3
1421,292,1,3
1421,293,1,3
1421,294,1,3
1421,295,1,3
1421,296,1,3
1421,297,1,3
1421,298,1,3
1421,299,1,3
1421,300,1,3
1421,301,1,3
1421,302,1,3
1421,303,1,3
1421,304,1,3
1421,305,1,3
1421,306,1,3
1421,307,1,3
1421,308,1,3
1421,309,1,3
1421,310,1,3
1421,311,1,3
1421,312,1,3
1421,313,1,3
1421,314,1,3
1421,315,1,3
1421,316,1,3
1421,317,1,3
1421,318,1,3
1421,319,1,3
1421,320,1,3
1421,321,1,3
1421,322,1,3
1421,323,1,3
1421,324,1,3
1421,325,1,3
1421,326,1,3
1421,327,1,3
1421,328,1,3
1421,329,1,3
1421,330,1,3
1421,331,1,3
1421,332,1,3
1421,333,1,3
1421,334,1,3
1421,335,1,3
1421,336,1,3
1421,337,1,3
1421,338,1,3
1421,339,1,3
1421,340,1,3
1421,341,1,3
1421,342,1,3
1421,343,1,3
1421,344,1,3
1421,345,1,3
1421,346,1,3
1421,347,1,3
1421,348,1,3
1421,349,1,3
1421,350,1,3
1421,351,1,3
1421,352,1,3
1421,353,1,3
1421,354,1,3
1421,355,1,3
1421,356,1,3
1421,357,1,3
1421,358,1,3
1421,359,1,3
1421,360,1,3
1421,361,1,3
1421,362,1,3
1421,363,1,3
1421,364,1,3
1421,365,1,3
1421,366,1,3
1421,367,1,3
1421,368,1,3
1421,369,1,2
1421,370,1,2
1421,371,1,2
1421,372,1,2
1421,373,1,2
1421,374,1,2
1421,375,1,2
1421,376,1,2
1421,377,1,2
1421,378,1,2
1421,379,1,2
1421,380,1,2
1421,381,1,2
1421,382,1,2
1421,383,1,2
1421,384,1,2
1421,385,1,2
1421,386,1,2
1421,387,1,2
1421,388,1,2
1421,389,1,2
1421,390,1,2
1421,391,1,2
1421,392,1,2
1421,393,1,2
1421,394,1,2
1421,395,1,2
1421,396,1,2
1421,397,1,2
1421,398,1,2
1421,399,1,2
1421,400,1,2
1421,401,1,2
1421,402,1,2
1421,403,1,2
1421,404,1,2
1421,405,1,2
1421,406,1,2
1421,407,1,2
1421,408,1,2
1421,409,1,2
1421,410,1,2
1421,411,1,2
1421,412,1,2
1421,413,1,2
1421,414,1,2
1421,415,1,2
1421,416,1,2
1421,417,1,2
1421,418,1,2
1421,419,1,2
1421,420,1,2
1421,421,1,2
1421,422,1,2
1421,423,1,2
1421,424,1,2
1421,425,1,2
1421,426,1,2
1421,427,1,2
1421,428,1,2
1421,429,1,2
1421,430,1,2
1421,431,1,2
1421,432,1,2
1421,433,1,2
1421,434,1,2
1421,435,1,2
1421,436,1,2
1421,437,1,2
1421,438,1,2
1421,439,1,2
1421,440,1,2
1421,441,1,2
1421,442,1,2
1421,443,1,2
1421,444,1,2
1421,445,1,2
1421,446,1,2
1421,447,1,2
1421,448,1,2
1421,449,1,2
1421,450,1,2
1421,451,1,2
1421,452,1,2
1421,453,1,2
1421,454,1,2
1421,455,1,2
1421,456,1,2
1421,457,1,2
1421,458,1,2
1421,459,1,2
1421,460,1,2
1421,461,1,2
1421,462,1,2
1421,463,1,2
1421,464,1,2
1421,465,1,2
1421,466,1,2
1421,467,1,2
1422,124,1,2
1422,125,1,2
1422,126,1,2
1422,127,1,2
1422,128,1,2
1422,129,1,2
1422,130,1,2
1422,131,1,2
1422,132,1,3
1422,133,1,3
1422,134,1,3
1422,135,1,3
1422,136,1,3
1422,137,1,3
1422,138,1,3
1422,139,1,3
1422,140,1,3
1422,141,1,3
1422,142,1,3
1422,143,1,3
1422,144,1,3
1422,145,1,3
1422,146,1,3
1422,147,1,3
1422,148,1,3
1422,149,1,3
1422,150,1,3
1422,151,1,3
1422,152,1,3
1422,153,1,3
1422,154,1,3
1422,155,1,3
1422,156,1,3
1422,157,1,3
1422,158,1,3
1422,159,1,3
1422,160,1,3
1422,161,1,3
1422,162,1,3
1422,163,1,3
1422,164,1,3
1422,165,1,3
1422,166,1,3
1422,167,1,3
1422,168,1,3
1422,169,1,3
1422,170,1,3
1422,171,1,3
1422,172,1,3
1422,173,1,3
1422,174,1,3
1422,175,1,3
1422,176,1,3
1422,177,1,3
1422,178,1,3
1422,179,1,3
1422,180,1,3
1422,181,1,3
1422,182,1,3
1422,183,1,3
1422,184,1,3
1422,185,1,3
1422,186,1,3
1422,187,1,3
1422,188,1,3
1422,189,1,3
1422,190,1,3
1422,191,1,3
1422,192,1,3
1422,193,1,3
1422,194,1,3
1422,195,1,3
1422,196,1,3
1422,197,1,3
1422,198,1,2
1422,199,1,2
1422,200,1,2
1422,201,1,2
1422,202,1,2
1422,203,1,2
1422,204,1,2
1422,205,1,2
1422,206,1,2
1422,207,1,2
1422,208,1,2
1422,209,1,2
1422,210,1,2
1422,211,1,2
1422,212,1,2
1422,213,1,2
1422,214,1,3
1422,215,1,3
1422,216,1,3
1422,217,1,3
1422,218,1,3
1422,219,1,3
1422,220,1,3
1422,221,1,3
1422,222,1,3
1422,223,1,3
1422,224,1,3
1422,225,1,3
1422,226,1,3
1422,227,1,3
1422,228,1,3
1422,229,1,3
1422,230,1,3
1422,231,1,3
1422,232,1,3
1422,233,1,3
1422,234,1,3
1422,235,1,3
1422,236,1,3
1422,237,1,3
1422,238,1,3
1422,239,1,3
1422,240,1,3
1422,241,1,3
1422,242,1,3
1422,243,1,3
1422,244,1,3
1422,245,1,3
1422,246,1,3
1422,247,1,3
1422,248,1,3
1422,249,1,3
1422,250,1,3
1422,251,1,3
1422,252,1,3
1422,253,1,3
1422,254,1,3
1422,255,1,3
1422,256,1,3
1422,257,1,3
1422,258,1,3
1422,259,1,3
1422,260,1,3
1422,261,1,3
1422,262,1,3
1422,263,1,3
1422,264,1,3
1422,265,1,3
1422,266,1,3
1422,267,1,3
1422,268,1,3
1422,269,1,3
1422,270,1,3
1422,271,1,3
1422,272,1,3
1422,273,1,3
1422,274,1,3
1422,275,1,3
1422,276,1,3
1422,277,1,3
1422,278,1,3
1422,279,1,3
1422,280,1,3
1422,281,1,3
1422,282,1,3
1422,283,1,3
1422,284,1,3
1422,285,1,3
1422,286,1,3
1422,287,1,3
1422,288,1,3
1422,289,1,3
1422,290,1,3
1422,291,1,3
1422,292,1,3
1422,293,1,3
1422,294,1,3
1422,295,1,3
1422,296,1,3
1422,297,1,3
1422,298,1,3
1422,299,1,3
1422,300,1,3
1422,301,1,3
1422,302,1,3
1422,303,1,3
1422,304,1,3
1422,305,1,3
1422,306,1,3
1422,307,1,3
1422,308,1,3
1422,309,1,3
1422,310,1,3
1422,311,1,3
1422,312,1,3
1422,313,1,3
1422,314,1,3
1422,315,1,3
1422,316,1,3
1422,317,1,3
1422,318,1,3
1422,319,1,3
1422,320,1,3
1422,321,1,3
1422,322,1,3
1422,323,1,3
1422,324,1,3
1422,325,1,3
1422,326,1,3
1422,327,1,3
1422,328,1,3
1422,329,1,3
1422,330,1,3
1422,331,1,3
1422,332,1,3
1422,333,1,3
1422,334,1,3
1422,335,1,3
1422,336,1,3
1422,337,1,3
1422,338,1,3
1422,339,1,3
1422,340,1,3
1422,341,1,3
1422,342,1,3
1422,343,1,3
1422,344,1,3
1422,345,1,3
1422,346,1,3
1422,347,1,3
1422,348,1,3
1422,349,1,3
1422,350,1,3
1422,351,1,3
1422,352,1,3
1422,353,1,3
1422,354,1,3
1422,355,1,3
1422,356,1,3
1422,357,1,3
1422,358,1,3
1422,359,1,3
1422,360,1,3
1422,361,1,3
1422,362,1,3
1422,363,1,3
1422,364,1,3
1422,365,1,3
1422,366,1,3
1422,367,1,3
1422,368,1,3
1422,369,1,2
1422,370,1,2
1422,371,1,2
1422,372,1,2
1422,373,1,2
1422,374,1,2
1422,375,1,2
1422,376,1,2
1422,377,1,2
1422,378,1,2
1422,379,1,2
1422,380,1,2
1422,381,1,2
1422,382,1,2
1422,383,1,2
1422,384,1,2
1422,385,1,2
1422,386,1,2
1422,387,1,2
1422,388,1,2
1422,389,1,2
1422,390,1,2
1422,391,1,2
1422,392,1,2
1422,393,1,2
1422,394,1,2
1422,395,1,2
1422,396,1,2
1422,397,1,2
1422,398,1,2
1422,399,1,2
1422,400,1,2
1422,401,1,2
1422,402,1,2
1422,403,1,2
1422,404,1,2
1422,405,1,2
1422,406,1,2
1422,407,1,2
1422,408,1,2
1422,409,1,2
1422,410,1,2
1422,411,1,2
1422,412,1,2
1422,413,1,2
1422,414,1,2
1422,415,1,2
1422,416,1,2
1422,417,1,2
1422,418,1,2
1422,419,1,2
1422,420,1,2
1422,421,1,2
1422,422,1,2
1422,423,1,2
1422,424,1,2
1422,425,1,2
1422,426,1,2
1422,427,1,2
1422,428,1,2
1422,429,1,2
1422,430,1,2
1422,431,1,2
1422,432,1,2
1422,433,1,2
1422,434,1,2
1422,435,1,2
1422,436,1,2
1422,437,1,2
1422,438,1,2
1422,439,1,2
1422,440,1,2
1422,441,1,2
1422,442,1,2
1422,443,1,2
1422,444,1,2
1422,445,1,2
1422,446,1,2
1422,447,1,2
1422,448,1,2
1422,449,1,2
1422,450,1,2
1422,451,1,2
1422,452,1,2
1422,453,1,2
1422,454,1,2
1422,455,1,2
1422,456,1,2
1422,457,1,2
1422,458,1,2
1422,459,1,2
1422,460,1,2
1422,461,1,2
1422,462,1,2
1422,463,1,2
1422,464,1,2
1422,465,1,2
1422,466,1,2
1422,467,1,2
1423,125,1,2
1423,126,1,2
1423,127,1,2
1423,128,1,2
1423,129,1,2
1423,130,1,2
1423,131,1,2
1423,132,1,2
1423,133,1,3
1423,134,1,3
1423,135,1,3
1423,136,1,3
1423,137,1,3
1423,138,1,3
1423,139,1,3
1423,140,1,3
1423,141,1,3
1423,142,1,3
1423,143,1,3
1423,144,1,3
1423,145,1,3
1423,146,1,3
1423,147,1,3
1423,148,1,3
1423,149,1,3
1423,150,1,3
1423,151,1,3
1423,152,1,3
1423,153,1,3
1423,154,1,3
1423,155,1,3
1423,156,1,3
1423,157,1,3
1423,158,1,3
1423,159,1,3
1423,160,1,3
1423,161,1,3
1423,162,1,3
1423,163,1,3
1423,164,1,3
1423,165,1,3
1423,166,1,3
1423,167,1,3
1423,168,1,3
1423,169,1,3
1423,170,1,3
1423,171,1,3
1423,172,1,3
1423,173,1,3
1423,174,1,3
1423,175,1,3
1423,176,1,3
1423,177,1,3
1423,178,1,3
1423,179,1,3
1423,180,1,3
1423,181,1,3
1423,182,1,3
1423,183,1,3
1423,184,1,3
1423,185,1,3
1423,186,1,3
1423,187,1,3
1423,188,1,3
1423,189,1,3
1423,190,1,3
1423,191,1,3
1423,192,1,3
1423,193,1,3
1423,194,1,3
1423,195,1,3
1423,196,1,3
1423,197,1,3
1423,198,1,3
1423,199,1,3
1423,200,1,2
1423,201,1,2
1423,202,1,2
1423,203,1,2
1423,204,1,2
1423,205,1,2
1423,206,1,2
1423,207,1,2
1423,208,1,2
1423,209,1,2
1423,210,1,2
1423,211,1,2
1423,212,1,2
1423,213,1,3
1423,214,1,3
1423,215,1,3
1423,216,1,3
1423,217,1,3
1423,218,1,3
1423,219,1,3
1423,220,1,3
1423,221,1,3
1423,222,1,3
1423,223,1,3
1423,224,1,3
1423,225,1,3
1423,226,1,3
1423,227,1,3
1423,228,1,3
1423,229,1,3
1423,230,1,3
1423,231,1,3
1423,232,1,3
1423,233,1,3
1423,234,1,3
1423,235,1,3
1423,236,1,3
1423,237,1,3
1423,238,1,3
1423,239,1,3
1423,240,1,3
1423,241,1,3
1423,242,1,3
1423,243,1,3
1423,244,1,3
1423,245,1,3
1423,246,1,3
1423,247,1,3
1423,248,1,3
1423,249,1,3
1423,250,1,3
1423,251,1,3
1423,252,1,3
1423,253,1,3
1423,254,1,3
1423,255,1,3
1423,256,1,3
1423,257,1,3
1423,258,1,3
1423,259,1,3
1423,260,1,3
1423,261,1,3
1423,262,1,3
1423,263,1,3
1423,264,1,3
1423,265,1,3
1423,266,1,3
1423,267,1,3
1423,268,1,3
1423,269,1,3
1423,270,1,3
1423,271,1,3
1423,272,1,3
1423,273,1,3
1423,274,1,3
1423,275,1,3
1423,276,1,3
1423,277,1,3
1423,278,1,3
1423,279,1,3
1423,280,1,3
1423,281,1,3
1423,282,1,3
1423,283,1,3
1423,284,1,3
1423,285,1,3
1423,286,1,3
1423,287,1,3
1423,288,1,3
1423,289,1,3
1423,290,1,3
1423,291,1,3
1423,292,1,3
1423,293,1,3
1423,294,1,3
1423,295,1,3
1423,296,1,3
1423,297,1,3
1423,298,1,3
1423,299,1,3
1423,300,1,3
1423,301,1,3
1423,302,1,3
1423,303,1,3
1423,304,1,3
1423,305,1,3
1423,306,1,3
1423,307,1,3
1423,308,1,3
1423,309,1,3
1423,310,1,3
1423,311,1,3
1423,312,1,3
1423,313,1,3
1423,314,1,3
1423,315,1,3
1423,316,1,3
1423,317,1,3
1423,318,1,3
1423,319,1,3
1423,320,1,3
1423,321,1,3
1423,322,1,3
1423,323,1,3
1423,324,1,3
1423,325,1,3
1423,326,1,3
1423,327,1,3
1423,328,1,3
1423,329,1,3
1423,330,1,3
1423,331,1,3
1423,332,1,3
1423,333,1,3
1423,334,1,3
1423,335,1,3
1423,336,1,3
1423,337,1,3
1423,338,1,3
1423,339,1,3
1423,340,1,3
1423,341,1,3
1423,342,1,3
1423,343,1,3
1423,344,1,3
1423,345,1,3
1423,346,1,3
1423,347,1,3
1423,348,1,3
1423,349,1,3
1423,350,1,3
1423,351,1,3
1423,352,1,3
1423,353,1,3
1423,354,1,3
1423,355,1,3
1423,356,1,3
1423,357,1,3
1423,358,1,3
1423,359,1,3
1423,360,1,3
1423,361,1,3
1423,362,1,3
1423,363,1,3
1423,364,1,3
1423,365,1,3
1423,366,1,3
1423,367,1,3
1423,368,1,3
1423,369,1,2
1423,370,1,2
1423,371,1,2
1423,372,1,2
1423,373,1,2
1423,374,1,2
1423,375,1,2
1423,376,1,2
1423,377,1,2
1423,378,1,2
1423,379,1,2
1423,380,1,2
1423,381,1,2
1423,382,1,2
1423,383,1,2
1423,384,1,2
1423,385,1,2
1423,386,1,2
1423,387,1,2
1423,388,1,2
1423,389,1,2
1423,390,1,2
1423,391,1,2
1423,392,1,2
1423,393,1,2
1423,394,1,2
1423,395,1,2
1423,396,1,2
1423,397,1,2
1423,398,1,2
1423,399,1,2
1423,400,1,2
1423,401,1,2
1423,402,1,2
1423,403,1,2
1423,404,1,2
1423,405,1,2
1423,406,1,2
1423,407,1,2
1423,408,1,2
1423,409,1,2
1423,410,1,2
1423,411,1,2
1423,412,1,2
1423,413,1,2
1423,414,1,2
1423,415,1,2
1423,416,1,2
1423,417,1,2
1423,418,1,2
1423,419,1,2
1423,420,1,2
1423,421,1,2
1423,422,1,2
1423,423,1,2
1423,424,1,2
1423,425,1,2
1423,426,1,2
1423,427,1,2
1423,428,1,2
1423,429,1,2
1423,430,1,2
1423,431,1,2
1423,432,1,2
1423,433,1,2
1423,434,1,2
1423,435,1,2
1423,436,1,2
1423,437,1,2
1423,438,1,2
1423,439,1,2
1423,440,1,2
1423,441,1,2
1423,442,1,2
1423,443,1,2
1423,444,1,2
1423,445,1,2
1423,446,1,2
1423,447,1,2
1423,448,1,2
1423,449,1,2
1423,450,1,2
1423,451,1,2
1423,452,1,2
1423,453,1,2
1423,454,1,2
1423,455,1,2
1423,456,1,2
1423,457,1,2
1423,458,1,2
1423,459,1,2
1423,460,1,2
1423,461,1,2
1423,462,1,2
1423,463,1,2
1423,464,1,2
1423,465,1,2
1423,466,1,2
1424,125,1,2
1424,126,1,2
1424,127,1,2
1424,128,1,2
1424,129,1,2
1424,130,1,2
1424,131,1,2
1424,132,1,2
1424,133,1,3
1424,134,1,3
1424,135,1,3
1424,136,1,3
1424,137,1,3
1424,138,1,3
1424,139,1,3
1424,140,1,3
1424,141,1,3
1424,142,1,3
1424,143,1,3
1424,144,1,3
1424,145,1,3
1424,146,1,3
1424,147,1,3
1424,148,1,3
1424,149,1,3
1424,150,1,3
1424,151,1,3
1424,152,1,3
1424,153,1,3
1424,154,1,3
1424,155,1,3
1424,156,1,3
1424,157,1,3
1424,158,1,3
1424,159,1,3
1424,160,1,3
1424,161,1,3
1424,162,1,3
1424,163,1,3
1424,164,1,3
1424,165,1,3
1424,166,1,3
1424,167,1,3
1424,168,1,3
1424,169,1,3
1424,170,1,3
1424,171,1,3
1424,172,1,3
1424,173,1,3
1424,174,1,3
1424,175,1,3
1424,176,1,3
1424,177,1,3
1424,178,1,3
1424,179,1,3
1424,180,1,3
1424,181,1,3
1424,182,1,3
1424,183,1,3
1424,184,1,3
1424,185,1,3
1424,186,1,3
1424,187,1,3
1424,188,1,3
1424,189,1,3
1424,190,1,3
1424,191,1,3
1424,192,1,3
1424,193,1,3
1424,194,1,3
1424,195,1,3
1424,196,1,3
1424,197,1,3
1424,198,1,3
1424,199,1,3
1424,200,1,2
1424,201,1,2
1424,202,1,2
1424,203,1,2
1424,204,1,2
1424,205,1,2
1424,206,1,2
1424,207,1,2
1424,208,1,2
1424,209,1,2
1424,210,1,3
1424,211,1,3
1424,212,1,3
1424,213,1,3
1424,214,1,3
1424,215,1,3
1424,216,1,3
1424,217,1,3
1424,218,1,3
1424,219,1,3
1424,220,1,3
1424,221,1,3
1424,222,1,3
1424,223,1,3
1424,224,1,3
1424,225,1,3
1424,226,1,3
1424,227,1,3
1424,228,1,3
1424,229,1,3
1424,230,1,3
1424,231,1,3
1424,232,1,3
1424,233,1,3
1424,234,1,3
1424,235,1,3
1424,236,1,3
1424,237,1,3
1424,238,1,3
1424,239,1,3
1424,240,1,3
1424,241,1,3
1424,242,1,3
1424,243,1,3
1424,244,1,3
1424,245,1,3
1424,246,1,3
1424,247,1,3
1424,248,1,3
1424,249,1,3
1424,250,1,3
1424,251,1,3
1424,252,1,3
1424,253,1,3
1424,254,1,3
1424,255,1,3
1424,256,1,3
1424,257,1,3
1424,258,1,3
1424,259,1,3
1424,260,1,3
1424,261,1,3
1424,262,1,3
1424,263,1,3
1424,264,1,3
1424,265,1,3
1424,266,1,3
1424,267,1,3
1424,268,1,3
1424,269,1,3
1424,270,1,3
1424,271,1,3
1424,272,1,3
1424,273,1,3
1424,274,1,3
1424,275,1,3
1424,276,1,3
1424,277,1,3
1424,278,1,3
1424,279,1,3
1424,280,1,3
1424,281,1,3
1424,282,1,3
1424,283,1,3
1424,284,1,3
1424,285,1,3
1424,286,1,3
1424,287,1,3
1424,288,1,3
1424,289,1,3
1424,290,1,3
1424,291,1,3
1424,292,1,3
1424,293,1,3
1424,294,1,3
1424,295,1,3
1424,296,1,3
1424,297,1,3
1424,298,1,3
1424,299,1,3
1424,300,1,3
1424,301,1,3
1424,302,1,3
1424,303,1,3
1424,304,1,3
1424,305,1,3
1424,306,1,3
1424,307,1,3
1424,308,1,3
1424,309,1,3
1424,310,1,3
1424,311,1,3
1424,312,1,3
1424,313,1,3
1424,314,1,3
1424,315,1,3
1424,316,1,3
1424,317,1,3
1424,318,1,3
1424,319,1,3
1424,320,1,3
1424,321,1,3
1424,322,1,3
1424,323,1,3
1424,324,1,3
1424,325,1,3
1424,326,1,3
1424,327,1,3
1424,328,1,3
1424,329,1,3
1424,330,1,3
1424,331,1,3
1424,332,1,3
1424,333,1,3
1424,334,1,3
1424,335,1,3
1424,336,1,3
1424,337,1,3
1424,338,1,3
1424,339,1,3
1424,340,1,3
1424,341,1,3
1424,342,1,3
1424,343,1,3
1424,344,1,3
1424,345,1,3
1424,346,1,3
1424,347,1,3
1424,348,1,3
1424,349,1,3
1424,350,1,3
1424,351,1,3
1424,352,1,3
1424,353,1,3
1424,354,1,3
1424,355,1,3
1424,356,1,3
1424,357,1,3
1424,358,1,3
1424,359,1,3
1424,360,1,3
1424,361,1,3
1424,362,1,3
1424,363,1,3
1424,364,1,3
1424,365,1,3
1424,366,1,3
1424,367,1,3
1424,368,1,3
1424,369,1,2
1424,370,1,2
1424,371,1,2
1424,372,1,2
1424,373,1,2
1424,374,1,2
1424,375,1,2
1424,376,1,2
1424,377,1,2
1424,378,1,2
1424,379,1,2
1424,380,1,2
1424,381,1,2
1424,382,1,2
1424,383,1,2
1424,384,1,2
1424,385,1,2
1424,386,1,2
1424,387,1,2
1424,388,1,2
1424,389,1,2
1424,390,1,2
1424,391,1,2
1424,392,1,2
1424,393,1,2
1424,394,1,2
1424,395,1,2
1424,396,1,2
1424,397,1,2
1424,398,1,2
1424,399,1,2
1424,400,1,2
1424,401,1,2
1424,402,1,2
1424,403,1,2
1424,404,1,2
1424,405,1,2
1424,406,1,2
1424,407,1,2
1424,408,1,2
1424,409,1,2
1424,410,1,2
1424,411,1,2
1424,412,1,2
1424,413,1,2
1424,414,1,2
1424,415,1,2
1424,416,1,2
1424,417,1,2
1424,418,1,2
1424,419,1,2
1424,420,1,2
1424,421,1,2
1424,422,1,2
1424,423,1,2
1424,424,1,2
1424,425,1,2
1424,426,1,2
1424,427,1,2
1424,428,1,2
1424,429,1,2
1424,430,1,2
1424,431,1,2
1424,432,1,2
1424,433,1,2
1424,434,1,2
1424,435,1,2
1424,436,1,2
1424,437,1,2
1424,438,1,2
1424,439,1,2
1424,440,1,2
1424,441,1,2
1424,442,1,2
1424,443,1,2
1424,444,1,2
1424,445,1,2
1424,446,1,2
1424,447,1,2
1424,448,1,2
1424,449,1,2
1424,450,1,2
1424,451,1,2
1424,452,1,2
1424,453,1,2
1424,454,1,2
1424,455,1,2
1424,456,1,2
1424,457,1,2
1424,458,1,2
1424,459,1,2
1424,460,1,2
1424,461,1,2
1424,462,1,2
1424,463,1,2
1424,464,1,2
1424,465,1,2
1424,466,1,2
1425,126,1,2
1425,127,1,2
1425,128,1,2
1425,129,1,2
1425,130,1,2
1425,131,1,2
1425,132,1,2
1425,133,1,3
1425,134,1,3
1425,135,1,3
1425,136,1,3
1425,137,1,3
1425,138,1,3
1425,139,1,3
1425,140,1,3
1425,141,1,3
1425,142,1,3
1425,143,1,3
1425,144,1,3
1425,145,1,3
1425,146,1,3
1425,147,1,3
1425,148,1,3
1425,149,1,3
1425,150,1,3
1425,151,1,3
1425,152,1,3
1425,153,1,3
1425,154,1,3
1425,155,1,3
1425,156,1,3
1425,157,1,3
1425,158,1,3
1425,159,1,3
1425,160,1,3
1425,161,1,3
1425,162,1,3
1425,163,1,3
1425,164,1,3
1425,165,1,3
1425,166,1,3
1425,167,1,3
1425,168,1,3
1425,169,1,3
1425,170,1,3
1425,171,1,3
1425,172,1,3
1425,173,1,3
1425,174,1,3
1425,175,1,3
1425,176,1,3
1425,177,1,3
1425,178,1,3
1425,179,1,3
1425,180,1,3
1425,181,1,3
1425,182,1,3
1425,183,1,3
1425,184,1,3
1425,185,1,3
1425,186,1,3
1425,187,1,3
1425,188,1,3
1425,189,1,3
1425,190,1,3
1425,191,1,3
1425,192,1,3
1425,193,1,3
1425,194,1,3
1425,195,1,3
1425,196,1,3
1425,197,1,3
1425,198,1,3
1425,199,1,3
1425,200,1,3
1425,201,1,3
1425,202,1,2
1425,203,1,2
1425,204,1,2
1425,205,1,2
1425,206,1,2
1425,207,1,2
1425,208,1,2
1425,209,1,2
1425,210,1,3
1425,211,1,3
1425,212,1,3
1425,213,1,3
1425,214,1,3
1425,215,1,3
1425,216,1,3
1425,217,1,3
1425,218,1,3
1425,219,1,3
1425,220,1,3
1425,221,1,3
1425,222,1,3
1425,223,1,3
1425,224,1,3
1425,225,1,3
1425,226,1,3
1425,227,1,3
1425,228,1,3
1425,229,1,3
1425,230,1,3
1425,231,1,3
1425,232,1,3
1425,233,1,3
1425,234,1,3
1425,235,1,3
1425,236,1,3
1425,237,1,3
1425,238,1,3
1425,239,1,3
1425,240,1,3
1425,241,1,3
1425,242,1,3
1425,243,1,3
1425,244,1,3
1425,245,1,3
1425,246,1,3
1425,247,1,3
1425,248,1,3
1425,249,1,3
1425,250,1,3
1425,251,1,3
1425,252,1,3
1425,253,1,3
1425,254,1,3
1425,255,1,3
1425,256,1,3
1425,257,1,3
1425,258,1,3
1425,259,1,3
1425,260,1,3
1425,261,1,3
1425,262,1,3
1425,263,1,3
1425,264,1,3
1425,265,1,3
1425,266,1,3
1425,267,1,3
1425,268,1,3
1425,269,1,3
1425,270,1,3
1425,271,1,3
1425,272,1,3
1425,273,1,3
1425,274,1,3
1425,275,1,3
1425,276,1,3
1425,277,1,3
1425,278,1,3
1425,279,1,3
1425,280,1,3
1425,281,1,3
1425,282,1,3
1425,283,1,3
1425,284,1,3
1425,285,1,3
1425,286,1,3
1425,287,1,3
1425,288,1,3
1425,289,1,3
1425,290,1,3
1425,291,1,3
1425,292,1,3
1425,293,1,3
1425,294,1,3
1425,295,1,3
1425,296,1,3
1425,297,1,3
1425,298,1,3
1425,299,1,3
1425,300,1,3
1425,301,1,3
1425,302,1,3
1425,303,1,3
1425,304,1,3
1425,305,1,3
1425,306,1,3
1425,307,1,3
1425,308,1,3
1425,309,1,3
1425,310,1,3
1425,311,1,3
1425,312,1,3
1425,313,1,3
1425,314,1,3
1425,315,1,3
1425,316,1,3
1425,317,1,3
1425,318,1,3
1425,319,1,3
1425,320,1,3
1425,321,1,3
1425,322,1,3
1425,323,1,3
1425,324,1,3
1425,325,1,3
1425,326,1,3
1425,327,1,3
1425,328,1,3
1425,329,1,3
1425,330,1,3
1425,331,1,3
1425,332,1,3
1425,333,1,3
1425,334,1,3
1425,335,1,3
1425,336,1,3
1425,337,1,3
1425,338,1,3
1425,339,1,3
1425,340,1,3
1425,341,1,3
1425,342,1,3
1425,343,1,3
1425,344,1,3
1425,345,1,3
1425,346,1,3
1425,347,1,3
1425,348,1,3
1425,349,1,3
1425,350,1,3
1425,351,1,3
1425,352,1,3
1425,353,1,3
1425,354,1,3
1425,355,1,3
1425,356,1,3
1425,357,1,3
1425,358,1,3
1425,359,1,3
1425,360,1,3
1425,361,1,3
1425,362,1,3
1425,363,1,3
1425,364,1,3
1425,365,1,3
1425,366,1,3
1425,367,1,3
1425,368,1,3
1425,369,1,2
1425,370,1,2
1425,371,1,2
1425,372,1,2
1425,373,1,2
1425,374,1,2
1425,375,1,2
1425,376,1,2
1425,377,1,2
1425,378,1,2
1425,379,1,2
1425,380,1,2
1425,381,1,2
1425,382,1,2
1425,383,1,2
1425,384,1,2
1425,385,1,2
1425,386,1,2
1425,387,1,2
1425,388,1,2
1425,389,1,2
1425,390,1,2
1425,391,1,2
1425,392,1,2
1425,393,1,2
1425,394,1,2
1425,395,1,2
1425,396,1,2
1425,397,1,2
1425,398,1,2
1425,399,1,2
1425,400,1,2
1425,401,1,2
1425,402,1,2
1425,403,1,2
1425,404,1,2
1425,405,1,2
1425,406,1,2
1425,407,1,2
1425,408,1,2
1425,409,1,2
1425,410,1,2
1425,411,1,2
1425,412,1,2
1425,413,1,2
1425,414,1,2
1425,415,1,2
1425,416,1,2
1425,417,1,2
1425,418,1,2
1425,419,1,2
1425,420,1,2
1425,421,1,2
1425,422,1,2
1425,423,1,2
1425,424,1,2
1425,425,1,2
1425,426,1,2
1425,427,1,2
1425,428,1,2
1425,429,1,2
1425,430,1,2
1425,431,1,2
1425,432,1,2
1425,433,1,2
1425,434,1,2
1425,435,1,2
1425,436,1,2
1425,437,1,2
1425,438,1,2
1425,439,1,2
1425,440,1,2
1425,441,1,2
1425,442,1,2
1425,443,1,2
1425,444,1,2
1425,445,1,2
1425,446,1,2
1425,447,1,2
1425,448,1,2
1425,449,1,2
1425,450,1,2
1425,451,1,2
1425,452,1,2
1425,453,1,2
1425,454,1,2
1425,455,1,2
1425,456,1,2
1425,457,1,2
1425,458,1,2
1425,459,1,2
1425,460,1,2
1425,461,1,2
1425,462,1,2
1425,463,1,2
1425,464,1,2
1425,465,1,2
1425,466,1,2
1426,126,1,2
1426,127,1,2
1426,128,1,2
1426,129,1,2
1426,130,1,2
1426,131,1,2
1426,132,1,2
1426,133,1,3
1426,134,1,3
1426,135,1,3
1426,136,1,3
1426,137,1,3
1426,138,1,3
1426,139,1,3
1426,140,1,3
1426,141,1,3
1426,142,1,3
1426,143,1,3
1426,144,1,3
1426,145,1,3
1426,146,1,3
1426,147,1,3
1426,148,1,3
1426,149,1,3
1426,150,1,3
1426,151,1,3
1426,152,1,3
1426,153,1,3
1426,154,1,3
1426,155,1,3
1426,156,1,3
1426,157,1,3
1426,158,1,3
1426,159,1,3
1426,160,1,3
1426,161,1,3
1426,162,1,3
1426,163,1,3
1426,164,1,3
1426,165,1,3
1426,166,1,3
1426,167,1,3
1426,168,1,3
1426,169,1,3
1426,170,1,3
1426,171,1,3
1426,172,1,3
1426,173,1,3
1426,174,1,3
1426,175,1,3
1426,176,1,3
1426,177,1,3
1426,178,1,3
1426,179,1,3
1426,180,1,3
1426,181,1,3
1426,182,1,3
1426,183,1,3
1426,184,1,3
1426,185,1,3
1426,186,1,3
1426,187,1,3
1426,188,1,3
1426,189,1,3
1426,190,1,3
1426,191,1,3
1426,192,1,3
1426,193,1,3
1426,194,1,3
1426,195,1,3
1426,196,1,3
1426,197,1,3
1426,198,1,3
1426,199,1,3
1426,200,1,3
1426,201,1,3
1426,202,1,3
1426,203,1,2
1426,204,1,2
1426,205,1,2
1426,206,1,2
1426,207,1,2
1426,208,1,2
1426,209,1,3
1426,210,1,3
1426,211,1,3
1426,212,1,3
1426,213,1,3
1426,214,1,3
1426,215,1,3
1426,216,1,3
1426,217,1,3
1426,218,1,3
1426,219,1,3
1426,220,1,3
1426,221,1,3
1426,222,1,3
1426,223,1,3
1426,224,1,3
1426,225,1,3
1426,226,1,3
1426,227,1,3
1426,228,1,3
1426,229,1,3
1426,230,1,3
1426,231,1,3
1426,232,1,3
1426,233,1,3
1426,234,1,3
1426,235,1,3
1426,236,1,3
1426,237,1,3
1426,238,1,3
1426,239,1,3
1426,240,1,3
1426,241,1,3
1426,242,1,3
1426,243,1,3
1426,244,1,3
1426,245,1,3
1426,246,1,3
1426,247,1,3
1426,248,1,3
1426,249,1,3
1426,250,1,3
1426,251,1,3
1426,252,1,3
1426,253,1,3
1426,254,1,3
1426,255,1,3
1426,256,1,3
1426,257,1,3
1426,258,1,3
1426,259,1,3
1426,260,1,3
1426,261,1,3
1426,262,1,3
1426,263,1,3
1426,264,1,3
1426,265,1,3
1426,266,1,3
1426,267,1,3
1426,268,1,3
1426,269,1,3
1426,270,1,3
1426,271,1,3
1426,272,1,3
1426,273,1,3
1426,274,1,3
1426,275,1,3
1426,276,1,3
1426,277,1,3
1426,278,1,3
1426,279,1,3
1426,280,1,3
1426,281,1,3
1426,282,1,3
1426,283,1,3
1426,284,1,3
1426,285,1,3
1426,286,1,3
1426,287,1,3
1426,288,1,3
1426,289,1,3
1426,290,1,3
1426,291,1,3
1426,292,1,3
1426,293,1,3
1426,294,1,3
1426,295,1,3
1426,296,1,3
1426,297,1,3
1426,298,1,3
1426,299,1,3
1426,300,1,3
1426,301,1,3
1426,302,1,3
1426,303,1,3
1426,304,1,3
1426,305,1,3
1426,306,1,3
1426,307,1,3
1426,308,1,3
1426,309,1,3
1426,310,1,3
1426,311,1,3
1426,312,1,3
1426,313,1,3
1426,314,1,3
1426,315,1,3
1426,316,1,3
1426,317,1,3
1426,318,1,3
1426,319,1,3
1426,320,1,3
1426,321,1,3
1426,322,1,3
1426,323,1,3
1426,324,1,3
1426,325,1,3
1426,326,1,3
1426,327,1,3
1426,328,1,3
1426,329,1,3
1426,330,1,3
1426,331,1,3
1426,332,1,3
1426,333,1,3
1426,334,1,3
1426,335,1,3
1426,336,1,3
1426,337,1,3
1426,338,1,3
1426,339,1,3
1426,340,1,3
1426,341,1,3
1426,342,1,3
1426,343,1,3
1426,344,1,3
1426,345,1,3
1426,346,1,3
1426,347,1,3
1426,348,1,3
1426,349,1,3
1426,350,1,3
1426,351,1,3
1426,352,1,3
1426,353,1,3
1426,354,1,3
1426,355,1,3
1426,356,1,3
1426,357,1,3
1426,358,1,3
1426,359,1,3
1426,360,1,3
1426,361,1,3
1426,362,1,3
1426,363,1,3
1426,364,1,3
1426,365,1,3
1426,366,1,3
1426,367,1,3
1426,368,1,3
1426,369,1,2
1426,370,1,2
1426,371,1,2
1426,372,1,2
1426,373,1,2
1426,374,1,2
1426,375,1,2
1426,376,1,2
1426,377,1,2
1426,378,1,2
1426,379,1,2
1426,380,1,2
1426,381,1,2
1426,382,1,2
1426,383,1,2
1426,384,1,2
1426,385,1,2
1426,386,1,2
1426,387,1,2
1426,388,1,2
1426,389,1,2
1426,390,1,2
1426,391,1,2
1426,392,1,2
1426,393,1,2
1426,394,1,2
1426,395,1,2
1426,396,1,2
1426,397,1,2
1426,398,1,2
1426,399,1,2
1426,400,1,2
1426,401,1,2
1426,402,1,2
1426,403,1,2
1426,404,1,2
1426,405,1,2
1426,406,1,2
1426,407,1,2
1426,408,1,2
1426,409,1,2
1426,410,1,2
1426,411,1,2
1426,412,1,2
1426,413,1,2
1426,414,1,2
1426,415,1,2
1426,416,1,2
1426,417,1,2
1426,418,1,2
1426,419,1,2
1426,420,1,2
1426,421,1,2
1426,422,1,2
1426,423,1,2
1426,424,1,2
1426,425,1,2
1426,426,1,2
1426,427,1,2
1426,428,1,2
1426,429,1,2
1426,430,1,2
1426,431,1,2
1426,432,1,2
1426,433,1,2
1426,434,1,2
1426,435,1,2
1426,436,1,2
1426,437,1,2
1426,438,1,2
1426,439,1,2
1426,440,1,2
1426,441,1,2
1426,442,1,2
1426,443,1,2
1426,444,1,2
1426,445,1,2
1426,446,1,2
1426,447,1,2
1426,448,1,2
1426,449,1,2
1426,450,1,2
1426,451,1,2
1426,452,1,2
1426,453,1,2
1426,454,1,2
1426,455,1,2
1426,456,1,2
1426,457,1,2
1426,458,1,2
1426,459,1,2
1426,460,1,2
1426,461,1,2
1426,462,1,2
1426,463,1,2
1426,464,1,2
1426,465,1,2
1426,466,1,2
1427,127,1,2
1427,128,1,2
1427,129,1,2
1427,130,1,2
1427,131,1,2
1427,132,1,2
1427,133,1,3
1427,134,1,3
1427,135,1,3
1427,136,1,3
1427,137,1,3
1427,138,1,3
1427,139,1,3
1427,140,1,3
1427,141,1,3
1427,142,1,3
1427,143,1,3
1427,144,1,3
1427,145,1,3
1427,146,1,3
1427,147,1,3
1427,148,1,3
1427,149,1,3
1427,150,1,3
1427,151,1,3
1427,152,1,3
1427,153,1,3
1427,154,1,3
1427,155,1,3
1427,156,1,3
1427,157,1,3
1427,158,1,3
1427,159,1,3
1427,160,1,3
1427,161,1,3
1427,162,1,3
1427,163,1,3
1427,164,1,3
1427,165,1,3
1427,166,1,3
1427,167,1,3
1427,168,1,3
1427,169,1,3
1427,170,1,3
1427,171,1,3
1427,172,1,3
1427,173,1,3
1427,174,1,3
1427,175,1,3
1427,176,1,3
1427,177,1,3
1427,178,1,3
1427,179,1,3
1427,180,1,3
1427,181,1,3
1427,182,1,3
1427,183,1,3
1427,184,1,3
1427,185,1,3
1427,186,1,3
1427,187,1,3
1427,188,1,3
1427,189,1,3
1427,190,1,3
1427,191,1,3
1427,192,1,3
1427,193,1,3
1427,194,1,3
1427,195,1,3
1427,196,1,3
1427,197,1,3
1427,198,1,3
1427,199,1,3
1427,200,1,3
1427,201,1,3
1427,202,1,3
1427,203,1,3
1427,204,1,3
1427,205,1,3
1427,206,1,3
1427,207,1,3
1427,208,1,3
1427,209,1,3
1427,210,1,3
1427,211,1,3
1427,212,1,3
1427,213,1,3
1427,214,1,3
1427,215,1,3
1427,216,1,3
1427,217,1,3
1427,218,1,3
1427,219,1,3
1427,220,1,3
1427,221,1,3
1427,222,1,3
1427,223,1,3
1427,224,1,3
1427,225,1,3
1427,226,1,3
1427,227,1,3
1427,228,1,3
1427,229,1,3
1427,230,1,3
1427,231,1,3
1427,232,1,3
1427,233,1,3
1427,234,1,3
1427,235,1,3
1427,236,1,3
1427,237,1,3
1427,238,1,3
1427,239,1,3
1427,240,1,3
1427,241,1,3
1427,242,1,3
1427,243,1,3
1427,244,1,3
1427,245,1,3
1427,246,1,3
1427,247,1,3
1427,248,1,3
1427,249,1,3
1427,250,1,3
1427,251,1,3
1427,252,1,3
1427,253,1,3
1427,254,1,3
1427,255,1,3
1427,256,1,3
1427,257,1,3
1427,258,1,3
1427,259,1,3
1427,260,1,3
1427,261,1,3
1427,262,1,3
1427,263,1,3
1427,264,1,3
1427,265,1,3
1427,266,1,3
1427,267,1,3
1427,268,1,3
1427,269,1,3
1427,270,1,3
1427,271,1,3
1427,272,1,3
1427,273,1,3
1427,274,1,3
1427,275,1,3
1427,276,1,3
1427,277,1,3
1427,278,1,3
1427,279,1,3
1427,280,1,3
1427,281,1,3
1427,282,1,3
1427,283,1,3
1427,284,1,3
1427,285,1,3
1427,286,1,3
1427,287,1,3
1427,288,1,3
1427,289,1,3
1427,290,1,3
1427,291,1,3
1427,292,1,3
1427,293,1,3
1427,294,1,3
1427,295,1,3
1427,296,1,3
1427,297,1,3
1427,298,1,3
1427,299,1,3
1427,300,1,3
1427,301,1,3
1427,302,1,3
1427,303,1,3
1427,304,1,3
1427,305,1,3
1427,306,1,3
1427,307,1,3
1427,308,1,3
1427,309,1,3
1427,310,1,3
1427,311,1,3
1427,312,1,3
1427,313,1,3
1427,314,1,3
1427,315,1,3
1427,316,1,3
1427,317,1,3
1427,318,1,3
1427,319,1,3
1427,320,1,3
1427,321,1,3
1427,322,1,3
1427,323,1,3
1427,324,1,3
1427,325,1,3
1427,326,1,3
1427,327,1,3
1427,328,1,3
1427,329,1,3
1427,330,1,3
1427,331,1,3
1427,332,1,3
1427,333,1,3
1427,334,1,3
1427,335,1,3
1427,336,1,3
1427,337,1,3
1427,338,1,3
1427,339,1,3
1427,340,1,3
1427,341,1,3
1427,342,1,3
1427,343,1,3
1427,344,1,3
1427,345,1,3
1427,346,1,3
1427,347,1,3
1427,348,1,3
1427,349,1,3
1427,350,1,3
1427,351,1,3
1427,352,1,3
1427,353,1,3
1427,354,1,3
1427,355,1,3
1427,356,1,3
1427,357,1,3
1427,358,1,3
1427,359,1,3
1427,360,1,3
1427,361,1,3
1427,362,1,3
1427,363,1,3
1427,364,1,3
1427,365,1,3
1427,366,1,3
1427,367,1,3
1427,368,1,3
1427,369,1,2
1427,370,1,2
1427,371,1,2
1427,372,1,2
1427,373,1,2
1427,374,1,2
1427,375,1,2
1427,376,1,2
1427,377,1,2
1427,378,1,2
1427,379,1,2
1427,380,1,2
1427,381,1,2
1427,382,1,2
1427,383,1,2
1427,384,1,2
1427,385,1,2
1427,386,1,2
1427,387,1,2
1427,388,1,2
1427,389,1,2
1427,390,1,2
1427,391,1,2
1427,392,1,2
1427,393,1,2
1427,394,1,2
1427,395,1,2
1427,396,1,2
1427,397,1,2
1427,398,1,2
1427,399,1,2
1427,400,1,2
1427,401,1,2
1427,402,1,2
1427,403,1,2
1427,404,1,2
1427,405,1,2
1427,406,1,2
1427,407,1,2
1427,408,1,2
1427,409,1,2
1427,410,1,2
1427,411,1,2
1427,412,1,2
1427,413,1,2
1427,414,1,2
1427,415,1,2
1427,416,1,2
1427,417,1,2
1427,418,1,2
1427,419,1,2
1427,420,1,2
1427,421,1,2
1427,422,1,2
1427,423,1,2
1427,424,1,2
1427,425,1,2
1427,426,1,2
1427,427,1,2
1427,428,1,2
1427,429,1,2
1427,430,1,2
1427,431,1,2
1427,432,1,2
1427,433,1,2
1427,434,1,2
1427,435,1,2
1427,436,1,2
1427,437,1,2
1427,438,1,2
1427,439,1,2
1427,440,1,2
1427,441,1,2
1427,442,1,2
1427,443,1,2
1427,444,1,2
1427,445,1,2
1427,446,1,2
1427,447,1,2
1427,448,1,2
1427,449,1,2
1427,450,1,2
1427,451,1,2
1427,452,1,2
1427,453,1,2
1427,454,1,2
1427,455,1,2
1427,456,1,2
1427,457,1,2
1427,458,1,2
1427,459,1,2
1427,460,1,2
1427,461,1,2
1427,462,1,2
1427,463,1,2
1427,464,1,2
1427,465,1,2
1427,466,1,2
1427,467,1,2
1428,129,1,2
1428,130,1,2
1428,131,1,2
1428,132,1,2
1428,133,1,2
1428,134,1,3
1428,135,1,3
1428,136,1,3
1428,137,1,3
1428,138,1,3
1428,139,1,3
1428,140,1,3
1428,141,1,3
1428,142,1,3
1428,143,1,3
1428,144,1,3
1428,145,1,3
1428,146,1,3
1428,147,1,3
1428,148,1,3
1428,149,1,3
1428,150,1,3
1428,151,1,3
1428,152,1,3
1428,153,1,3
1428,154,1,3
1428,155,1,3
1428,156,1,3
1428,157,1,3
1428,158,1,3
1428,159,1,3
1428,160,1,3
1428,161,1,3
1428,162,1,3
1428,163,1,3
1428,164,1,3
1428,165,1,3
1428,166,1,3
1428,167,1,3
1428,168,1,3
1428,169,1,3
1428,170,1,3
1428,171,1,3
1428,172,1,3
1428,173,1,3
1428,174,1,3
1428,175,1,3
1428,176,1,3
1428,177,1,3
1428,178,1,3
1428,179,1,3
1428,180,1,3
1428,181,1,3
1428,182,1,3
1428,183,1,3
1428,184,1,3
1428,185,1,3
1428,186,1,3
1428,187,1,3
1428,188,1,3
1428,189,1,3
1428,190,1,3
1428,191,1,3
1428,192,1,3
1428,193,1,3
1428,194,1,3
1428,195,1,3
1428,196,1,3
1428,197,1,3
1428,198,1,3
1428,199,1,3
1428,200,1,3
1428,201,1,3
1428,202,1,3
1428,203,1,3
1428,204,1,3
1428,205,1,3
1428,206,1,3
1428,207,1,3
1428,208,1,3
1428,209,1,3
1428,210,1,3
1428,211,1,3
1428,212,1,3
1428,213,1,3
1428,214,1,3
1428,215,1,3
1428,216,1,3
1428,217,1,3
1428,218,1,3
1428,219,1,3
1428,220,1,3
1428,221,1,3
1428,222,1,3
1428,223,1,3
1428,224,1,3
1428,225,1,3
1428,226,1,3
1428,227,1,3
1428,228,1,3
1428,229,1,3
1428,230,1,3
1428,231,1,3
1428,232,1,3
1428,233,1,3
1428,234,1,3
1428,235,1,3
1428,236,1,3
1428,237,1,3
1428,238,1,3
1428,239,1,3
1428,240,1,3
1428,241,1,3
1428,242,1,3
1428,243,1,3
1428,244,1,3
1428,245,1,3
1428,246,1,3
1428,247,1,3
1428,248,1,3
1428,249,1,3
1428,250,1,3
1428,251,1,3
1428,252,1,3
1428,253,1,3
1428,254,1,3
1428,255,1,3
1428,256,1,3
1428,257,1,3
1428,258,1,3
1428,259,1,3
1428,260,1,3
1428,261,1,3
1428,262,1,3
1428,263,1,3
1428,264,1,3
1428,265,1,3
1428,266,1,3
1428,267,1,3
1428,268,1,3
1428,269,1,3
1428,270,1,3
1428,271,1,3
1428,272,1,3
1428,273,1,3
1428,274,1,3
1428,275,1,3
1428,276,1,3
1428,277,1,3
1428,278,1,3
1428,279,1,3
1428,280,1,3
1428,281,1,3
1428,282,1,3
1428,283,1,3
1428,284,1,3
1428,285,1,3
1428,286,1,3
1428,287,1,3
1428,288,1,3
1428,289,1,3
1428,290,1,3
1428,291,1,3
1428,292,1,3
1428,293,1,3
1428,294,1,3
1428,295,1,3
1428,296,1,3
1428,297,1,3
1428,298,1,3
1428,299,1,3
1428,300,1,3
1428,301,1,3
1428,302,1,3
1428,303,1,3
1428,304,1,3
1428,305,1,3
1428,306,1,3
1428,307,1,3
1428,308,1,3
1428,309,1,3
1428,310,1,3
1428,311,1,3
1428,312,1,3
1428,313,1,3
1428,314,1,3
1428,315,1,3
1428,316,1,3
1428,317,1,3
1428,318,1,3
1428,319,1,3
1428,320,1,3
1428,321,1,3
1428,322,1,3
1428,323,1,3
1428,324,1,3
1428,325,1,3
1428,326,1,3
1428,327,1,3
1428,328,1,3
1428,329,1,3
1428,330,1,3
1428,331,1,3
1428,332,1,3
1428,333,1,3
1428,334,1,3
1428,335,1,3
1428,336,1,3
1428,337,1,3
1428,338,1,3
1428,339,1,3
1428,340,1,3
1428,341,1,3
1428,342,1,3
1428,343,1,3
1428,344,1,3
1428,345,1,3
1428,346,1,3
1428,347,1,3
1428,348,1,3
1428,349,1,3
1428,350,1,3
1428,351,1,3
1428,352,1,3
1428,353,1,3
1428,354,1,3
1428,355,1,3
1428,356,1,3
1428,357,1,3
1428,358,1,3
1428,359,1,3
1428,360,1,3
1428,361,1,3
1428,362,1,3
1428,363,1,3
1428,364,1,3
1428,365,1,3
1428,366,1,3
1428,367,1,3
1428,368,1,3
1428,369,1,2
1428,370,1,2
1428,371,1,2
1428,372,1,2
1428,373,1,2
1428,374,1,2
1428,375,1,2
1428,376,1,2
1428,377,1,2
1428,378,1,2
1428,379,1,2
1428,380,1,2
1428,381,1,2
1428,382,1,2
1428,383,1,2
1428,384,1,2
1428,385,1,2
1428,386,1,2
1428,387,1,2
1428,388,1,2
1428,389,1,2
1428,390,1,2
1428,391,1,2
1428,392,1,2
1428,393,1,2
1428,394,1,2
1428,395,1,2
1428,396,1,2
1428,397,1,2
1428,398,1,2
1428,399,1,2
1428,400,1,2
1428,401,1,2
1428,402,1,2
1428,403,1,2
1428,404,1,2
1428,405,1,2
1428,406,1,2
1428,407,1,2
1428,408,1,2
1428,409,1,2
1428,410,1,2
1428,411,1,2
1428,412,1,2
1428,413,1,2
1428,414,1,2
1428,415,1,2
1428,416,1,2
1428,417,1,2
1428,418,1,2
1428,419,1,2
1428,420,1,2
1428,421,1,2
1428,422,1,2
1428,423,1,2
1428,424,1,2
1428,425,1,2
1428,426,1,2
1428,427,1,2
1428,428,1,2
1428,429,1,2
1428,430,1,2
1428,431,1,2
1428,432,1,2
1428,433,1,2
1428,434,1,2
1428,435,1,2
1428,436,1,2
1428,437,1,2
1428,438,1,2
1428,439,1,2
1428,440,1,2
1428,441,1,2
1428,442,1,2
1428,443,1,2
1428,444,1,2
1428,445,1,2
1428,446,1,2
1428,447,1,2
1428,448,1,2
1428,449,1,2
1428,450,1,2
1428,451,1,2
1428,452,1,2
1428,453,1,2
1428,454,1,2
1428,455,1,2
1428,456,1,2
1428,457,1,2
1428,458,1,2
1428,459,1,2
1428,460,1,2
1428,461,1,2
1428,462,1,2
1428,463,1,2
1428,464,1,2
1428,465,1,2
1428,466,1,2
1428,467,1,2
1429,130,1,2
1429,131,1,2
1429,132,1,2
1429,133,1,2
1429,134,1,3
1429,135,1,3
1429,136,1,3
1429,137,1,3
1429,138,1,3
1429,139,1,3
1429,140,1,3
1429,141,1,3
1429,142,1,3
1429,143,1,3
1429,144,1,3
1429,145,1,3
1429,146,1,3
1429,147,1,3
1429,148,1,3
1429,149,1,3
1429,150,1,3
1429,151,1,3
1429,152,1,3
1429,153,1,3
1429,154,1,3
1429,155,1,3
1429,156,1,3
1429,157,1,3
1429,158,1,3
1429,159,1,3
1429,160,1,3
1429,161,1,3
1429,162,1,3
1429,163,1,3
1429,164,1,3
1429,165,1,3
1429,166,1,3
1429,167,1,3
1429,168,1,3
1429,169,1,3
1429,170,1,3
1429,171,1,3
1429,172,1,3
1429,173,1,3
1429,174,1,3
1429,175,1,3
1429,176,1,3
1429,177,1,3
1429,178,1,3
1429,179,1,3
1429,180,1,3
1429,181,1,3
1429,182,1,3
1429,183,1,3
1429,184,1,3
1429,185,1,3
1429,186,1,3
1429,187,1,3
1429,188,1,3
1429,189,1,3
1429,190,1,3
1429,191,1,3
1429,192,1,3
1429,193,1,3
1429,194,1,3
1429,195,1,3
1429,196,1,3
1429,197,1,3
1429,198,1,3
1429,199,1,3
1429,200,1,3
1429,201,1,3
1429,202,1,3
1429,203,1,3
1429,204,1,3
1429,205,1,3
1429,206,1,3
1429,207,1,3
1429,208,1,3
1429,209,1,3
1429,210,1,3
1429,211,1,3
1429,212,1,3
1429,213,1,3
1429,214,1,3
1429,215,1,3
1429,216,1,3
1429,217,1,3
1429,218,1,3
1429,219,1,3
1429,220,1,3
1429,221,1,3
1429,222,1,3
1429,223,1,3
1429,224,1,3
1429,225,1,3
1429,226,1,3
1429,227,1,3
1429,228,1,3
1429,229,1,3
1429,230,1,3
1429,231,1,3
1429,232,1,3
1429,233,1,3
1429,234,1,3
1429,235,1,3
1429,236,1,3
1429,237,1,3
1429,238,1,3
1429,239,1,3
1429,240,1,3
1429,241,1,3
1429,242,1,3
1429,243,1,3
1429,244,1,3
1429,245,1,3
1429,246,1,3
1429,247,1,3
1429,248,1,3
1429,249,1,3
1429,250,1,3
1429,251,1,3
1429,252,1,3
1429,253,1,3
1429,254,1,3
1429,255,1,3
1429,256,1,3
1429,257,1,3
1429,258,1,3
1429,259,1,3
1429,260,1,3
1429,261,1,3
1429,262,1,3
1429,263,1,3
1429,264,1,3
1429,265,1,3
1429,266,1,3
1429,267,1,3
1429,268,1,3
1429,269,1,3
1429,270,1,3
1429,271,1,3
1429,272,1,3
1429,273,1,3
1429,274,1,3
1429,275,1,3
1429,276,1,3
1429,277,1,3
1429,278,1,3
1429,279,1,3
1429,280,1,3
1429,281,1,3
1429,282,1,3
1429,283,1,3
1429,284,1,3
1429,285,1,3
1429,286,1,3
1429,287,1,3
1429,288,1,3
1429,289,1,3
1429,290,1,3
1429,291,1,3
1429,292,1,3
1429,293,1,3
1429,294,1,3
1429,295,1,3
1429,296,1,3
1429,297,1,3
1429,298,1,3
1429,299,1,3
1429,300,1,3
1429,301,1,3
1429,302,1,3
1429,303,1,3
1429,304,1,3
1429,305,1,3
1429,306,1,3
1429,307,1,3
1429,308,1,3
1429,309,1,3
1429,310,1,3
1429,311,1,3
1429,312,1,3
1429,313,1,3
1429,314,1,3
1429,315,1,3
1429,316,1,3
1429,317,1,3
1429,318,1,3
1429,319,1,3
1429,320,1,3
1429,321,1,3
1429,322,1,3
1429,323,1,3
1429,324,1,3
1429,325,1,3
1429,326,1,3
1429,327,1,3
1429,328,1,3
1429,329,1,3
1429,330,1,3
1429,331,1,3
1429,332,1,3
1429,333,1,3
1429,334,1,3
1429,335,1,3
1429,336,1,3
1429,337,1,3
1429,338,1,3
1429,339,1,3
1429,340,1,3
1429,341,1,3
1429,342,1,3
1429,343,1,3
1429,344,1,3
1429,345,1,3
1429,346,1,3
1429,347,1,3
1429,348,1,3
1429,349,1,3
1429,350,1,3
1429,351,1,3
1429,352,1,3
1429,353,1,3
1429,354,1,3
1429,355,1,3
1429,356,1,3
1429,357,1,3
1429,358,1,3
1429,359,1,3
1429,360,1,3
1429,361,1,3
1429,362,1,3
1429,363,1,3
1429,364,1,3
1429,365,1,3
1429,366,1,3
1429,367,1,3
1429,368,1,3
1429,369,1,2
1429,370,1,2
1429,371,1,2
1429,372,1,2
1429,373,1,2
1429,374,1,2
1429,375,1,2
1429,376,1,2
1429,377,1,2
1429,378,1,2
1429,379,1,2
1429,380,1,2
1429,381,1,2
1429,382,1,2
1429,383,1,2
1429,384,1,2
1429,385,1,2
1429,386,1,2
1429,387,1,2
1429,388,1,2
1429,389,1,2
1429,390,1,2
1429,391,1,2
1429,392,1,2
1429,393,1,2
1429,394,1,2
1429,395,1,2
1429,396,1,2
1429,397,1,2
1429,398,1,2
1429,399,1,2
1429,400,1,2
1429,401,1,2
1429,402,1,2
1429,403,1,2
1429,404,1,2
1429,405,1,2
1429,406,1,2
1429,407,1,2
1429,408,1,2
1429,409,1,2
1429,410,1,2
1429,411,1,2
1429,412,1,2
1429,413,1,2
1429,414,1,2
1429,415,1,2
1429,416,1,2
1429,417,1,2
1429,418,1,2
1429,419,1,2
1429,420,1,2
1429,421,1,2
1429,422,1,2
1429,423,1,2
1429,424,1,2
1429,425,1,2
1429,426,1,2
1429,427,1,2
1429,428,1,2
1429,429,1,2
1429,430,1,2
1429,431,1,2
1429,432,1,2
1429,433,1,2
1429,434,1,2
1429,435,1,2
1429,436,1,2
1429,437,1,2
1429,438,1,2
1429,439,1,2
1429,440,1,2
1429,441,1,2
1429,442,1,2
1429,443,1,2
1429,444,1,2
1429,445,1,2
1429,446,1,2
1429,447,1,2
1429,448,1,2
1429,449,1,2
1429,450,1,2
1429,451,1,2
1429,452,1,2
1429,453,1,2
1429,454,1,2
1429,455,1,2
1429,456,1,2
1429,457,1,2
1429,458,1,2
1429,459,1,2
1429,460,1,2
1429,461,1,2
1429,462,1,2
1429,463,1,2
1429,464,1,2
1429,465,1,2
1429,466,1,2
1429,467,1,2
1430,132,1,2
1430,133,1,2
1430,134,1,2
1430,135,1,3
1430,136,1,3
1430,137,1,3
1430,138,1,3
1430,139,1,3
1430,140,1,3
1430,141,1,3
1430,142,1,3
1430,143,1,3
1430,144,1,3
1430,145,1,3
1430,146,1,3
1430,147,1,3
1430,148,1,3
1430,149,1,3
1430,150,1,3
1430,151,1,3
1430,152,1,3
1430,153,1,3
1430,154,1,3
1430,155,1,3
1430,156,1,3
1430,157,1,3
1430,158,1,3
1430,159,1,3
1430,160,1,3
1430,161,1,3
1430,162,1,3
1430,163,1,3
1430,164,1,3
1430,165,1,3
1430,166,1,3
1430,167,1,3
1430,168,1,3
1430,169,1,3
1430,170,1,3
1430,171,1,3
1430,172,1,3
1430,173,1,3
1430,174,1,3
1430,175,1,3
1430,176,1,3
1430,177,1,3
1430,178,1,3
1430,179,1,3
1430,180,1,3
1430,181,1,3
1430,182,1,3
1430,183,1,3
1430,184,1,3
1430,185,1,3
1430,186,1,3
1430,187,1,3
1430,188,1,3
1430,189,1,3
1430,190,1,3
1430,191,1,3
1430,192,1,3
1430,193,1,3
1430,194,1,3
1430,195,1,3
1430,196,1,3
1430,197,1,3
1430,198,1,3
1430,199,1,3
1430,200,1,3
1430,201,1,3
1430,202,1,3
1430,203,1,3
1430,204,1,3
1430,205,1,3
1430,206,1,3
1430,207,1,3
1430,208,1,3
1430,209,1,3
1430,210,1,3
1430,211,1,3
1430,212,1,3
1430,213,1,3
1430,214,1,3
1430,215,1,3
1430,216,1,3
1430,217,1,3
1430,218,1,3
1430,219,1,3
1430,220,1,3
1430,221,1,3
1430,222,1,3
1430,223,1,3
1430,224,1,3
1430,225,1,3
1430,226,1,3
1430,227,1,3
1430,228,1,3
1430,229,1,3
1430,230,1,3
1430,231,1,3
1430,232,1,3
1430,233,1,3
1430,234,1,3
1430,235,1,3
1430,236,1,3
1430,237,1,3
1430,238,1,3
1430,239,1,3
1430,240,1,3
1430,241,1,3
1430,242,1,3
1430,243,1,3
1430,244,1,3
1430,245,1,3
1430,246,1,3
1430,247,1,3
1430,248,1,3
1430,249,1,3
1430,250,1,3
1430,251,1,3
1430,252,1,3
1430,253,1,3
1430,254,1,3
1430,255,1,3
1430,256,1,3
1430,257,1,3
1430,258,1,3
1430,259,1,3
1430,260,1,3
1430,261,1,3
1430,262,1,3
1430,263,1,3
1430,264,1,3
1430,265,1,3
1430,266,1,3
1430,267,1,3
1430,268,1,3
1430,269,1,3
1430,270,1,3
1430,271,1,3
1430,272,1,3
1430,273,1,3
1430,274,1,3
1430,275,1,3
1430,276,1,3
1430,277,1,3
1430,278,1,3
1430,279,1,3
1430,280,1,3
1430,281,1,3
1430,282,1,3
1430,283,1,3
1430,284,1,3
1430,285,1,3
1430,286,1,3
1430,287,1,3
1430,288,1,3
1430,289,1,3
1430,290,1,3
1430,291,1,3
1430,292,1,3
1430,293,1,3
1430,294,1,3
1430,295,1,3
1430,296,1,3
1430,297,1,3
1430,298,1,3
1430,299,1,3
1430,300,1,3
1430,301,1,3
1430,302,1,3
1430,303,1,3
1430,304,1,3
1430,305,1,3
1430,306,1,3
1430,307,1,3
1430,308,1,3
1430,309,1,3
1430,310,1,3
1430,311,1,3
1430,312,1,3
1430,313,1,3
1430,314,1,3
1430,315,1,3
1430,316,1,3
1430,317,1,3
1430,318,1,3
1430,319,1,3
1430,320,1,3
1430,321,1,3
1430,322,1,3
1430,323,1,3
1430,324,1,3
1430,325,1,3
1430,326,1,3
1430,327,1,3
1430,328,1,3
1430,329,1,3
1430,330,1,3
1430,331,1,3
1430,332,1,3
1430,333,1,3
1430,334,1,3
1430,335,1,3
1430,336,1,3
1430,337,1,3
1430,338,1,3
1430,339,1,3
1430,340,1,3
1430,341,1,3
1430,342,1,3
1430,343,1,3
1430,344,1,3
1430,345,1,3
1430,346,1,3
1430,347,1,3
1430,348,1,3
1430,349,1,3
1430,350,1,3
1430,351,1,3
1430,352,1,3
1430,353,1,3
1430,354,1,3
1430,355,1,3
1430,356,1,3
1430,357,1,3
1430,358,1,3
1430,359,1,3
1430,360,1,3
1430,361,1,3
1430,362,1,3
1430,363,1,3
1430,364,1,3
1430,365,1,3
1430,366,1,3
1430,367,1,3
1430,368,1,3
1430,369,1,2
1430,370,1,2
1430,371,1,2
1430,372,1,2
1430,373,1,2
1430,374,1,2
1430,375,1,2
1430,376,1,2
1430,377,1,2
1430,378,1,2
1430,379,1,2
1430,380,1,2
1430,381,1,2
1430,382,1,2
1430,383,1,2
1430,384,1,2
1430,385,1,2
1430,386,1,2
1430,387,1,2
1430,388,1,2
1430,389,1,2
1430,390,1,2
1430,391,1,2
1430,392,1,2
1430,393,1,2
1430,394,1,2
1430,395,1,2
1430,396,1,2
1430,397,1,2
1430,398,1,2
1430,399,1,2
1430,400,1,2
1430,401,1,2
1430,402,1,2
1430,403,1,2
1430,404,1,2
1430,405,1,2
1430,406,1,2
1430,407,1,2
1430,408,1,2
1430,409,1,2
1430,410,1,2
1430,411,1,2
1430,412,1,2
1430,413,1,2
1430,414,1,2
1430,415,1,2
1430,416,1,2
1430,417,1,2
1430,418,1,2
1430,419,1,2
1430,420,1,2
1430,421,1,2
1430,422,1,2
1430,423,1,2
1430,424,1,2
1430,425,1,2
1430,426,1,2
1430,427,1,2
1430,428,1,2
1430,429,1,2
1430,430,1,2
1430,431,1,2
1430,432,1,2
1430,433,1,2
1430,434,1,2
1430,435,1,2
1430,436,1,2
1430,437,1,2
1430,438,1,2
1430,439,1,2
1430,440,1,2
1430,441,1,2
1430,442,1,2
1430,443,1,2
1430,444,1,2
1430,445,1,2
1430,446,1,2
1430,447,1,2
1430,448,1,2
1430,449,1,2
1430,450,1,2
1430,451,1,2
1430,452,1,2
1430,453,1,2
1430,454,1,2
1430,455,1,2
1430,456,1,2
1430,457,1,2
1430,458,1,2
1430,459,1,2
1430,460,1,2
1430,461,1,2
1430,462,1,2
1430,463,1,2
1430,464,1,2
1430,465,1,2
1430,466,1,2
1430,467,1,2
1431,133,1,2
1431,134,1,2
1431,135,1,3
1431,136,1,3
1431,137,1,3
1431,138,1,3
1431,139,1,3
1431,140,1,3
1431,141,1,3
1431,142,1,3
1431,143,1,3
1431,144,1,3
1431,145,1,3
1431,146,1,3
1431,147,1,3
1431,148,1,3
1431,149,1,3
1431,150,1,3
1431,151,1,3
1431,152,1,3
1431,153,1,3
1431,154,1,3
1431,155,1,3
1431,156,1,3
1431,157,1,3
1431,158,1,3
1431,159,1,3
1431,160,1,3
1431,161,1,3
1431,162,1,3
1431,163,1,3
1431,164,1,3
1431,165,1,3
1431,166,1,3
1431,167,1,3
1431,168,1,3
1431,169,1,3
1431,170,1,3
1431,171,1,3
1431,172,1,3
1431,173,1,3
1431,174,1,3
1431,175,1,3
1431,176,1,3
1431,177,1,3
1431,178,1,3
1431,179,1,3
1431,180,1,3
1431,181,1,3
1431,182,1,3
1431,183,1,3
1431,184,1,3
1431,185,1,3
1431,186,1,3
1431,187,1,3
1431,188,1,3
1431,189,1,3
1431,190,1,3
1431,191,1,3
1431,192,1,3
1431,193,1,3
1431,194,1,3
1431,195,1,3
1431,196,1,3
1431,197,1,3
1431,198,1,3
1431,199,1,3
1431,200,1,3
1431,201,1,3
1431,202,1,3
1431,203,1,3
1431,204,1,3
1431,205,1,3
1431,206,1,3
1431,207,1,3
1431,208,1,3
1431,209,1,3
1431,210,1,3
1431,211,1,3
1431,212,1,3
1431,213,1,3
1431,214,1,3
1431,215,1,3
1431,216,1,3
1431,217,1,3
1431,218,1,3
1431,219,1,3
1431,220,1,3
1431,221,1,3
1431,222,1,3
1431,223,1,3
1431,224,1,3
1431,225,1,3
1431,226,1,3
1431,227,1,3
1431,228,1,3
1431,229,1,3
1431,230,1,3
1431,231,1,3
1431,232,1,3
1431,233,1,3
1431,234,1,3
1431,235,1,3
1431,236,1,3
1431,237,1,3
1431,238,1,3
1431,239,1,3
1431,240,1,3
1431,241,1,3
1431,242,1,3
1431,243,1,3
1431,244,1,3
1431,245,1,3
1431,246,1,3
1431,247,1,3
1431,248,1,3
1431,249,1,3
1431,250,1,3
1431,251,1,3
1431,252,1,3
1431,253,1,3
1431,254,1,3
1431,255,1,3
1431,256,1,3
1431,257,1,3
1431,258,1,3
1431,259,1,3
1431,260,1,3
1431,261,1,3
1431,262,1,3
1431,263,1,3
1431,264,1,3
1431,265,1,3
1431,266,1,3
1431,267,1,3
1431,268,1,3
1431,269,1,3
1431,270,1,3
1431,271,1,3
1431,272,1,3
1431,273,1,3
1431,274,1,3
1431,275,1,3
1431,276,1,3
1431,277,1,3
1431,278,1,3
1431,279,1,3
1431,280,1,3
1431,281,1,3
1431,282,1,3
1431,283,1,3
1431,284,1,3
1431,285,1,3
1431,286,1,3
1431,287,1,3
1431,288,1,3
1431,289,1,3
1431,290,1,3
1431,291,1,3
1431,292,1,3
1431,293,1,3
1431,294,1,3
1431,295,1,3
1431,296,1,3
1431,297,1,3
1431,298,1,3
1431,299,1,3
1431,300,1,3
1431,301,1,3
1431,302,1,3
1431,303,1,3
1431,304,1,3
1431,305,1,3
1431,306,1,3
1431,307,1,3
1431,308,1,3
1431,309,1,3
1431,310,1,3
1431,311,1,3
1431,312,1,3
1431,313,1,3
1431,314,1,3
1431,315,1,3
1431,316,1,3
1431,317,1,3
1431,318,1,3
1431,319,1,3
1431,320,1,3
1431,321,1,3
1431,322,1,3
1431,323,1,3
1431,324,1,3
1431,325,1,3
1431,326,1,3
1431,327,1,3
1431,328,1,3
1431,329,1,3
1431,330,1,3
1431,331,1,3
1431,332,1,3
1431,333,1,3
1431,334,1,3
1431,335,1,3
1431,336,1,3
1431,337,1,3
1431,338,1,3
1431,339,1,3
1431,340,1,3
1431,341,1,3
1431,342,1,3
1431,343,1,3
1431,344,1,3
1431,345,1,3
1431,346,1,3
1431,347,1,3
1431,348,1,3
1431,349,1,3
1431,350,1,3
1431,351,1,3
1431,352,1,3
1431,353,1,3
1431,354,1,3
1431,355,1,3
1431,356,1,3
1431,357,1,3
1431,358,1,3
1431,359,1,3
1431,360,1,3
1431,361,1,3
1431,362,1,3
1431,363,1,3
1431,364,1,3
1431,365,1,3
1431,366,1,3
1431,367,1,3
1431,368,1,3
1431,369,1,2
1431,370,1,2
1431,371,1,2
1431,372,1,2
1431,373,1,2
1431,374,1,2
1431,375,1,2
1431,376,1,2
1431,377,1,2
1431,378,1,2
1431,379,1,2
1431,380,1,2
1431,381,1,2
1431,382,1,2
1431,383,1,2
1431,384,1,2
1431,385,1,2
1431,386,1,2
1431,387,1,2
1431,388,1,2
1431,389,1,2
1431,390,1,2
1431,391,1,2
1431,392,1,2
1431,393,1,2
1431,394,1,2
1431,395,1,2
1431,396,1,2
1431,397,1,2
1431,398,1,2
1431,399,1,2
1431,400,1,2
1431,401,1,2
1431,402,1,2
1431,403,1,2
1431,404,1,2
1431,405,1,2
1431,406,1,2
1431,407,1,2
1431,408,1,2
1431,409,1,2
1431,410,1,2
1431,411,1,2
1431,412,1,2
1431,413,1,2
1431,414,1,2
1431,415,1,2
1431,416,1,2
1431,417,1,2
1431,418,1,2
1431,419,1,2
1431,420,1,2
1431,421,1,2
1431,422,1,2
1431,423,1,2
1431,424,1,2
1431,425,1,2
1431,426,1,2
1431,427,1,2
1431,428,1,2
1431,429,1,2
1431,430,1,2
1431,431,1,2
1431,432,1,2
1431,433,1,2
1431,434,1,2
1431,435,1,2
1431,436,1,2
1431,437,1,2
1431,438,1,2
1431,439,1,2
1431,440,1,2
1431,441,1,2
1431,442,1,2
1431,443,1,2
1431,444,1,2
1431,445,1,2
1431,446,1,2
1431,447,1,2
1431,448,1,2
1431,449,1,2
1431,450,1,2
1431,451,1,2
1431,452,1,2
1431,453,1,2
1431,454,1,2
1431,455,1,2
1431,456,1,2
1431,457,1,2
1431,458,1,2
1431,459,1,2
1431,460,1,2
1431,461,1,2
1431,462,1,2
1431,463,1,2
1431,464,1,2
1431,465,1,2
1431,466,1,2
1431,467,1,2
1432,134,1,2
1432,135,1,2
1432,136,1,2
1432,137,1,3
1432,138,1,3
1432,139,1,3
1432,140,1,3
1432,141,1,3
1432,142,1,3
1432,143,1,3
1432,144,1,3
1432,145,1,3
1432,146,1,3
1432,147,1,3
1432,148,1,3
1432,149,1,3
1432,150,1,3
1432,151,1,3
1432,152,1,3
1432,153,1,3
1432,154,1,3
1432,155,1,3
1432,156,1,3
1432,157,1,3
1432,158,1,3
1432,159,1,3
1432,160,1,3
1432,161,1,3
1432,162,1,3
1432,163,1,3
1432,164,1,3
1432,165,1,3
1432,166,1,3
1432,167,1,3
1432,168,1,3
1432,169,1,3
1432,170,1,3
1432,171,1,3
1432,172,1,3
1432,173,1,3
1432,174,1,3
1432,175,1,3
1432,176,1,3
1432,177,1,3
1432,178,1,3
1432,179,1,3
1432,180,1,3
1432,181,1,3
1432,182,1,3
1432,183,1,3
1432,184,1,3
1432,185,1,3
1432,186,1,3
1432,187,1,3
1432,188,1,3
1432,189,1,3
1432,190,1,3
1432,191,1,3
1432,192,1,3
1432,193,1,3
1432,194,1,3
1432,195,1,3
1432,196,1,3
1432,197,1,3
1432,198,1,3
1432,199,1,3
1432,200,1,3
1432,201,1,3
1432,202,1,3
1432,203,1,3
1432,204,1,3
1432,205,1,3
1432,206,1,3
1432,207,1,3
1432,208,1,3
1432,209,1,3
1432,210,1,3
1432,211,1,3
1432,212,1,3
1432,213,1,3
1432,214,1,3
1432,215,1,3
1432,216,1,3
1432,217,1,3
1432,218,1,3
1432,219,1,3
1432,220,1,3
1432,221,1,3
1432,222,1,3
1432,223,1,3
1432,224,1,3
1432,225,1,3
1432,226,1,3
1432,227,1,3
1432,228,1,3
1432,229,1,3
1432,230,1,3
1432,231,1,3
1432,232,1,3
1432,233,1,3
1432,234,1,3
1432,235,1,3
1432,236,1,3
1432,237,1,3
1432,238,1,3
1432,239,1,3
1432,240,1,3
1432,241,1,3
1432,242,1,3
1432,243,1,3
1432,244,1,3
1432,245,1,3
1432,246,1,3
1432,247,1,3
1432,248,1,3
1432,249,1,3
1432,250,1,3
1432,251,1,3
1432,252,1,3
1432,253,1,3
1432,254,1,3
1432,255,1,3
1432,256,1,3
1432,257,1,3
1432,258,1,3
1432,259,1,3
1432,260,1,3
1432,261,1,3
1432,262,1,3
1432,263,1,3
1432,264,1,3
1432,265,1,3
1432,266,1,3
1432,267,1,3
1432,268,1,3
1432,269,1,3
1432,270,1,3
1432,271,1,3
1432,272,1,3
1432,273,1,3
1432,274,1,3
1432,275,1,3
1432,276,1,3
1432,277,1,3
1432,278,1,3
1432,279,1,3
1432,280,1,3
1432,281,1,3
1432,282,1,3
1432,283,1,3
1432,284,1,3
1432,285,1,3
1432,286,1,3
1432,287,1,3
1432,288,1,3
1432,289,1,3
1432,290,1,3
1432,291,1,3
1432,292,1,3
1432,293,1,3
1432,294,1,3
1432,295,1,3
1432,296,1,3
1432,297,1,3
1432,298,1,3
1432,299,1,3
1432,300,1,3
1432,301,1,3
1432,302,1,3
1432,303,1,3
1432,304,1,3
1432,305,1,3
1432,306,1,3
1432,307,1,3
1432,308,1,3
1432,309,1,3
1432,310,1,3
1432,311,1,3
1432,312,1,3
1432,313,1,3
1432,314,1,3
1432,315,1,3
1432,316,1,3
1432,317,1,3
1432,318,1,3
1432,319,1,3
1432,320,1,3
1432,321,1,3
1432,322,1,3
1432,323,1,3
1432,324,1,3
1432,325,1,3
1432,326,1,3
1432,327,1,3
1432,328,1,3
1432,329,1,3
1432,330,1,3
1432,331,1,3
1432,332,1,3
1432,333,1,3
1432,334,1,3
1432,335,1,3
1432,336,1,3
1432,337,1,3
1432,338,1,3
1432,339,1,3
1432,340,1,3
1432,341,1,3
1432,342,1,3
1432,343,1,3
1432,344,1,3
1432,345,1,3
1432,346,1,3
1432,347,1,3
1432,348,1,3
1432,349,1,3
1432,350,1,3
1432,351,1,3
1432,352,1,3
1432,353,1,3
1432,354,1,3
1432,355,1,3
1432,356,1,3
1432,357,1,3
1432,358,1,3
1432,359,1,3
1432,360,1,3
1432,361,1,3
1432,362,1,3
1432,363,1,3
1432,364,1,3
1432,365,1,3
1432,366,1,3
1432,367,1,3
1432,368,1,3
1432,369,1,2
1432,370,1,2
1432,371,1,2
1432,372,1,2
1432,373,1,2
1432,374,1,2
1432,375,1,2
1432,376,1,2
1432,377,1,2
1432,378,1,2
1432,379,1,2
1432,380,1,2
1432,381,1,2
1432,382,1,2
1432,383,1,2
1432,384,1,2
1432,385,1,2
1432,386,1,2
1432,387,1,2
1432,388,1,2
1432,389,1,2
1432,390,1,2
1432,391,1,2
1432,392,1,2
1432,393,1,2
1432,394,1,2
1432,395,1,2
1432,396,1,2
1432,397,1,2
1432,398,1,2
1432,399,1,2
1432,400,1,2
1432,401,1,2
1432,402,1,2
1432,403,1,2
1432,404,1,2
1432,405,1,2
1432,406,1,2
1432,407,1,2
1432,408,1,2
1432,409,1,2
1432,410,1,2
1432,411,1,2
1432,412,1,2
1432,413,1,2
1432,414,1,2
1432,415,1,2
1432,416,1,2
1432,417,1,2
1432,418,1,2
1432,419,1,2
1432,420,1,2
1432,421,1,2
1432,422,1,2
1432,423,1,2
1432,424,1,2
1432,425,1,2
1432,426,1,2
1432,427,1,2
1432,428,1,2
1432,429,1,2
1432,430,1,2
1432,431,1,2
1432,432,1,2
1432,433,1,2
1432,434,1,2
1432,435,1,2
1432,436,1,2
1432,437,1,2
1432,438,1,2
1432,439,1,2
1432,440,1,2
1432,441,1,2
1432,442,1,2
1432,443,1,2
1432,444,1,2
1432,445,1,2
1432,446,1,2
1432,447,1,2
1432,448,1,2
1432,449,1,2
1432,450,1,2
1432,451,1,2
1432,452,1,2
1432,453,1,2
1432,454,1,2
1432,455,1,2
1432,456,1,2
1432,457,1,2
1432,458,1,2
1432,459,1,2
1432,460,1,2
1432,461,1,2
1432,462,1,2
1432,463,1,2
1432,464,1,2
1432,465,1,2
1432,466,1,2
1432,467,1,2
1433,135,1,2
1433,136,1,2
1433,137,1,3
1433,138,1,3
1433,139,1,3
1433,140,1,3
1433,141,1,3
1433,142,1,3
1433,143,1,3
1433,144,1,3
1433,145,1,3
1433,146,1,3
1433,147,1,3
1433,148,1,3
1433,149,1,3
1433,150,1,3
1433,151,1,3
1433,152,1,3
1433,153,1,3
1433,154,1,3
1433,155,1,3
1433,156,1,3
1433,157,1,3
1433,158,1,3
1433,159,1,3
1433,160,1,3
1433,161,1,3
1433,162,1,3
1433,163,1,3
1433,164,1,3
1433,165,1,3
1433,166,1,3
1433,167,1,3
1433,168,1,3
1433,169,1,3
1433,170,1,3
1433,171,1,3
1433,172,1,3
1433,173,1,3
1433,174,1,3
1433,175,1,3
1433,176,1,3
1433,177,1,3
1433,178,1,3
1433,179,1,3
1433,180,1,3
1433,181,1,3
1433,182,1,3
1433,183,1,3
1433,184,1,3
1433,185,1,3
1433,186,1,3
1433,187,1,3
1433,188,1,3
1433,189,1,3
1433,190,1,3
1433,191,1,3
1433,192,1,3
1433,193,1,3
1433,194,1,3
1433,195,1,3
1433,196,1,3
1433,197,1,3
1433,198,1,3
1433,199,1,3
1433,200,1,3
1433,201,1,3
1433,202,1,3
1433,203,1,3
1433,204,1,3
1433,205,1,3
1433,206,1,3
1433,207,1,3
1433,208,1,3
1433,209,1,3
1433,210,1,3
1433,211,1,3
1433,212,1,3
1433,213,1,3
1433,214,1,3
1433,215,1,3
1433,216,1,3
1433,217,1,3
1433,218,1,3
1433,219,1,3
1433,220,1,3
1433,221,1,3
1433,222,1,3
1433,223,1,3
1433,224,1,3
1433,225,1,3
1433,226,1,3
1433,227,1,3
1433,228,1,3
1433,229,1,3
1433,230,1,3
1433,231,1,3
1433,232,1,3
1433,233,1,3
1433,234,1,3
1433,235,1,3
1433,236,1,3
1433,237,1,3
1433,238,1,3
1433,239,1,3
1433,240,1,3
1433,241,1,3
1433,242,1,3
1433,243,1,3
1433,244,1,3
1433,245,1,3
1433,246,1,3
1433,247,1,3
1433,248,1,3
1433,249,1,3
1433,250,1,3
1433,251,1,3
1433,252,1,3
1433,253,1,3
1433,254,1,3
1433,255,1,3
1433,256,1,3
1433,257,1,3
1433,258,1,3
1433,259,1,3
1433,260,1,3
1433,261,1,3
1433,262,1,3
1433,263,1,3
1433,264,1,3
1433,265,1,3
1433,266,1,3
1433,267,1,3
1433,268,1,3
1433,269,1,3
1433,270,1,3
1433,271,1,3
1433,272,1,3
1433,273,1,3
1433,274,1,3
1433,275,1,3
1433,276,1,3
1433,277,1,3
1433,278,1,3
1433,279,1,3
1433,280,1,3
1433,281,1,3
1433,282,1,3
1433,283,1,3
1433,284,1,3
1433,285,1,3
1433,286,1,3
1433,287,1,3
1433,288,1,3
1433,289,1,3
1433,290,1,3
1433,291,1,3
1433,292,1,3
1433,293,1,3
1433,294,1,3
1433,295,1,3
1433,296,1,3
1433,297,1,3
1433,298,1,3
1433,299,1,3
1433,300,1,3
1433,301,1,3
1433,302,1,3
1433,303,1,3
1433,304,1,3
1433,305,1,3
1433,306,1,3
1433,307,1,3
1433,308,1,3
1433,309,1,3
1433,310,1,3
1433,311,1,3
1433,312,1,3
1433,313,1,3
1433,314,1,3
1433,315,1,3
1433,316,1,3
1433,317,1,3
1433,318,1,3
1433,319,1,3
1433,320,1,3
1433,321,1,3
1433,322,1,3
1433,323,1,3
1433,324,1,3
1433,325,1,3
1433,326,1,3
1433,327,1,3
1433,328,1,3
1433,329,1,3
1433,330,1,3
1433,331,1,3
1433,332,1,3
1433,333,1,3
1433,334,1,3
1433,335,1,3
1433,336,1,3
1433,337,1,3
1433,338,1,3
1433,339,1,3
1433,340,1,3
1433,341,1,3
1433,342,1,3
1433,343,1,3
1433,344,1,3
1433,345,1,3
1433,346,1,3
1433,347,1,3
1433,348,1,3
1433,349,1,3
1433,350,1,3
1433,351,1,3
1433,352,1,3
1433,353,1,3
1433,354,1,3
1433,355,1,3
1433,356,1,3
1433,357,1,3
1433,358,1,3
1433,359,1,3
1433,360,1,3
1433,361,1,3
1433,362,1,3
1433,363,1,3
1433,364,1,3
1433,365,1,3
1433,366,1,3
1433,367,1,3
1433,368,1,3
1433,369,1,2
1433,370,1,2
1433,371,1,2
1433,372,1,2
1433,373,1,2
1433,374,1,2
1433,375,1,2
1433,376,1,2
1433,377,1,2
1433,378,1,2
1433,379,1,2
1433,380,1,2
1433,381,1,2
1433,382,1,2
1433,383,1,2
1433,384,1,2
1433,385,1,2
1433,386,1,2
1433,387,1,2
1433,388,1,2
1433,389,1,2
1433,390,1,2
1433,391,1,2
1433,392,1,2
1433,393,1,2
1433,394,1,2
1433,395,1,2
1433,396,1,2
1433,397,1,2
1433,398,1,2
1433,399,1,2
1433,400,1,2
1433,401,1,2
1433,402,1,2
1433,403,1,2
1433,404,1,2
1433,405,1,2
1433,406,1,2
1433,407,1,2
1433,408,1,2
1433,409,1,2
1433,410,1,2
1433,411,1,2
1433,412,1,2
1433,413,1,2
1433,414,1,2
1433,415,1,2
1433,416,1,2
1433,417,1,2
1433,418,1,2
1433,419,1,2
1433,420,1,2
1433,421,1,2
1433,422,1,2
1433,423,1,2
1433,424,1,2
1433,425,1,2
1433,426,1,2
1433,427,1,2
1433,428,1,2
1433,429,1,2
1433,430,1,2
1433,431,1,2
1433,432,1,2
1433,433,1,2
1433,434,1,2
1433,435,1,2
1433,436,1,2
1433,437,1,2
1433,438,1,2
1433,439,1,2
1433,440,1,2
1433,441,1,2
1433,442,1,2
1433,443,1,2
1433,444,1,2
1433,445,1,2
1433,446,1,2
1433,447,1,2
1433,448,1,2
1433,449,1,2
1433,450,1,2
1433,451,1,2
1433,452,1,2
1433,453,1,2
1433,454,1,2
1433,455,1,2
1433,456,1,2
1433,457,1,2
1433,458,1,2
1433,459,1,2
1433,460,1,2
1433,461,1,2
1433,462,1,2
1433,463,1,2
1433,464,1,2
1433,465,1,2
1433,466,1,2
1433,467,1,2
1434,135,1,2
1434,136,1,2
1434,137,1,3
1434,138,1,3
1434,139,1,3
1434,140,1,3
1434,141,1,3
1434,142,1,3
1434,143,1,3
1434,144,1,3
1434,145,1,3
1434,146,1,3
1434,147,1,3
1434,148,1,3
1434,149,1,3
1434,150,1,3
1434,151,1,3
1434,152,1,3
1434,153,1,3
1434,154,1,3
1434,155,1,3
1434,156,1,3
1434,157,1,3
1434,158,1,3
1434,159,1,3
1434,160,1,3
1434,161,1,3
1434,162,1,3
1434,163,1,3
1434,164,1,3
1434,165,1,3
1434,166,1,3
1434,167,1,3
1434,168,1,3
1434,169,1,3
1434,170,1,3
1434,171,1,3
1434,172,1,3
1434,173,1,3
1434,174,1,3
1434,175,1,3
1434,176,1,3
1434,177,1,3
1434,178,1,3
1434,179,1,3
1434,180,1,3
1434,181,1,3
1434,182,1,3
1434,183,1,3
1434,184,1,3
1434,185,1,3
1434,186,1,3
1434,187,1,3
1434,188,1,3
1434,189,1,3
1434,190,1,3
1434,191,1,3
1434,192,1,3
1434,193,1,3
1434,194,1,3
1434,195,1,3
1434,196,1,3
1434,197,1,3
1434,198,1,3
1434,199,1,3
1434,200,1,3
1434,201,1,3
1434,202,1,3
1434,203,1,3
1434,204,1,3
1434,205,1,3
1434,206,1,3
1434,207,1,3
1434,208,1,3
1434,209,1,3
1434,210,1,3
1434,211,1,3
1434,212,1,3
1434,213,1,3
1434,214,1,3
1434,215,1,3
1434,216,1,3
1434,217,1,3
1434,218,1,3
1434,219,1,3
1434,220,1,3
1434,221,1,3
1434,222,1,3
1434,223,1,3
1434,224,1,3
1434,225,1,3
1434,226,1,3
1434,227,1,3
1434,228,1,3
1434,229,1,3
1434,230,1,3
1434,231,1,3
1434,232,1,3
1434,233,1,3
1434,234,1,3
1434,235,1,3
1434,236,1,3
1434,237,1,3
1434,238,1,3
1434,239,1,3
1434,240,1,3
1434,241,1,3
1434,242,1,3
1434,243,1,3
1434,244,1,3
1434,245,1,3
1434,246,1,3
1434,247,1,3
1434,248,1,3
1434,249,1,3
1434,250,1,3
1434,251,1,3
1434,252,1,3
1434,253,1,3
1434,254,1,3
1434,255,1,3
1434,256,1,3
1434,257,1,3
1434,258,1,3
1434,259,1,3
1434,260,1,3
1434,261,1,3
1434,262,1,3
1434,263,1,3
1434,264,1,3
1434,265,1,3
1434,266,1,3
1434,267,1,3
1434,268,1,3
1434,269,1,3
1434,270,1,3
1434,271,1,3
1434,272,1,3
1434,273,1,3
1434,274,1,3
1434,275,1,3
1434,276,1,3
1434,277,1,3
1434,278,1,3
1434,279,1,3
1434,280,1,3
1434,281,1,3
1434,282,1,3
1434,283,1,3
1434,284,1,3
1434,285,1,3
1434,286,1,3
1434,287,1,3
1434,288,1,3
1434,289,1,3
1434,290,1,3
1434,291,1,3
1434,292,1,3
1434,293,1,3
1434,294,1,3
1434,295,1,3
1434,296,1,3
1434,297,1,3
1434,298,1,3
1434,299,1,3
1434,300,1,3
1434,301,1,3
1434,302,1,3
1434,303,1,3
1434,304,1,3
1434,305,1,3
1434,306,1,3
1434,307,1,3
1434,308,1,3
1434,309,1,3
1434,310,1,3
1434,311,1,3
1434,312,1,3
1434,313,1,3
1434,314,1,3
1434,315,1,3
1434,316,1,3
1434,317,1,3
1434,318,1,3
1434,319,1,3
1434,320,1,3
1434,321,1,3
1434,322,1,3
1434,323,1,3
1434,324,1,3
1434,325,1,3
1434,326,1,3
1434,327,1,3
1434,328,1,3
1434,329,1,3
1434,330,1,3
1434,331,1,3
1434,332,1,3
1434,333,1,3
1434,334,1,3
1434,335,1,3
1434,336,1,3
1434,337,1,3
1434,338,1,3
1434,339,1,3
1434,340,1,3
1434,341,1,3
1434,342,1,3
1434,343,1,3
1434,344,1,3
1434,345,1,3
1434,346,1,3
1434,347,1,3
1434,348,1,3
1434,349,1,3
1434,350,1,3
1434,351,1,3
1434,352,1,3
1434,353,1,3
1434,354,1,3
1434,355,1,3
1434,356,1,3
1434,357,1,3
1434,358,1,3
1434,359,1,3
1434,360,1,3
1434,361,1,3
1434,362,1,3
1434,363,1,3
1434,364,1,3
1434,365,1,3
1434,366,1,3
1434,367,1,3
1434,368,1,3
1434,369,1,2
1434,370,1,2
1434,371,1,2
1434,372,1,2
1434,373,1,2
1434,374,1,2
1434,375,1,2
1434,376,1,2
1434,377,1,2
1434,378,1,2
1434,379,1,2
1434,380,1,2
1434,381,1,2
1434,382,1,2
1434,383,1,2
1434,384,1,2
1434,385,1,2
1434,386,1,2
1434,387,1,2
1434,388,1,2
1434,389,1,2
1434,390,1,2
1434,391,1,2
1434,392,1,2
1434,393,1,2
1434,394,1,2
1434,395,1,2
1434,396,1,2
1434,397,1,2
1434,398,1,2
1434,399,1,2
1434,400,1,2
1434,401,1,2
1434,402,1,2
1434,403,1,2
1434,404,1,2
1434,405,1,2
1434,406,1,2
1434,407,1,2
1434,408,1,2
1434,409,1,2
1434,410,1,2
1434,411,1,2
1434,412,1,2
1434,413,1,2
1434,414,1,2
1434,415,1,2
1434,416,1,2
1434,417,1,2
1434,418,1,2
1434,419,1,2
1434,420,1,2
1434,421,1,2
1434,422,1,2
1434,423,1,2
1434,424,1,2
1434,425,1,2
1434,426,1,2
1434,427,1,2
1434,428,1,2
1434,429,1,2
1434,430,1,2
1434,431,1,2
1434,432,1,2
1434,433,1,2
1434,434,1,2
1434,435,1,2
1434,436,1,2
1434,437,1,2
1434,438,1,2
1434,439,1,2
1434,440,1,2
1434,441,1,2
1434,442,1,2
1434,443,1,2
1434,444,1,2
1434,445,1,2
1434,446,1,2
1434,447,1,2
1434,448,1,2
1434,449,1,2
1434,450,1,2
1434,451,1,2
1434,452,1,2
1434,453,1,2
1434,454,1,2
1434,455,1,2
1434,456,1,2
1434,457,1,2
1434,458,1,2
1434,459,1,2
1434,460,1,2
1434,461,1,2
1434,462,1,2
1434,463,1,2
1434,464,1,2
1434,465,1,2
1434,466,1,2
1434,467,1,2
1435,137,1,3
1435,138,1,3
1435,139,1,3
1435,140,1,3
1435,141,1,3
1435,142,1,3
1435,143,1,3
1435,144,1,3
1435,145,1,3
1435,146,1,3
1435,147,1,3
1435,148,1,3
1435,149,1,3
1435,150,1,3
1435,151,1,3
1435,152,1,3
1435,153,1,3
1435,154,1,3
1435,155,1,3
1435,156,1,3
1435,157,1,3
1435,158,1,3
1435,159,1,3
1435,160,1,3
1435,161,1,3
1435,162,1,3
1435,163,1,3
1435,164,1,3
1435,165,1,3
1435,166,1,3
1435,167,1,3
1435,168,1,3
1435,169,1,3
1435,170,1,3
1435,171,1,3
1435,172,1,3
1435,173,1,3
1435,174,1,3
1435,175,1,3
1435,176,1,3
1435,177,1,3
1435,178,1,3
1435,179,1,3
1435,180,1,3
1435,181,1,3
1435,182,1,3
1435,183,1,3
1435,184,1,3
1435,185,1,3
1435,186,1,3
1435,187,1,3
1435,188,1,3
1435,189,1,3
1435,190,1,3
1435,191,1,3
1435,192,1,3
1435,193,1,3
1435,194,1,3
1435,195,1,3
1435,196,1,3
1435,197,1,3
1435,198,1,3
1435,199,1,3
1435,200,1,3
1435,201,1,3
1435,202,1,3
1435,203,1,3
1435,204,1,3
1435,205,1,3
1435,206,1,3
1435,207,1,3
1435,208,1,3
1435,209,1,3
1435,210,1,3
1435,211,1,3
1435,212,1,3
1435,213,1,3
1435,214,1,3
1435,215,1,3
1435,216,1,3
1435,217,1,3
1435,218,1,3
1435,219,1,3
1435,220,1,3
1435,221,1,3
1435,222,1,3
1435,223,1,3
1435,224,1,3
1435,225,1,3
1435,226,1,3
1435,227,1,3
1435,228,1,3
1435,229,1,3
1435,230,1,3
1435,231,1,3
1435,232,1,3
1435,233,1,3
1435,234,1,3
1435,235,1,3
1435,236,1,3
1435,237,1,3
1435,238,1,3
1435,239,1,3
1435,240,1,3
1435,241,1,3
1435,242,1,3
1435,243,1,3
1435,244,1,3
1435,245,1,3
1435,246,1,3
1435,247,1,3
1435,248,1,3
1435,249,1,3
1435,250,1,3
1435,251,1,3
1435,252,1,3
1435,253,1,3
1435,254,1,3
1435,255,1,3
1435,256,1,3
1435,257,1,3
1435,258,1,3
1435,259,1,3
1435,260,1,3
1435,261,1,3
1435,262,1,3
1435,263,1,3
1435,264,1,3
1435,265,1,3
1435,266,1,3
1435,267,1,3
1435,268,1,3
1435,269,1,3
1435,270,1,3
1435,271,1,3
1435,272,1,3
1435,273,1,3
1435,274,1,3
1435,275,1,3
1435,276,1,3
1435,277,1,3
1435,278,1,3
1435,279,1,3
1435,280,1,3
1435,281,1,3
1435,282,1,3
1435,283,1,3
1435,284,1,3
1435,285,1,3
1435,286,1,3
1435,287,1,3
1435,288,1,3
1435,289,1,3
1435,290,1,3
1435,291,1,3
1435,292,1,3
1435,293,1,3
1435,294,1,3
1435,295,1,3
1435,296,1,3
1435,297,1,3
1435,298,1,3
1435,299,1,3
1435,300,1,3
1435,301,1,3
1435,302,1,3
1435,303,1,3
1435,304,1,3
1435,305,1,3
1435,306,1,3
1435,307,1,3
1435,308,1,3
1435,309,1,3
1435,310,1,3
1435,311,1,3
1435,312,1,3
1435,313,1,3
1435,314,1,3
1435,315,1,3
1435,316,1,3
1435,317,1,3
1435,318,1,3
1435,319,1,3
1435,320,1,3
1435,321,1,3
1435,322,1,3
1435,323,1,3
1435,324,1,3
1435,325,1,3
1435,326,1,3
1435,327,1,3
1435,328,1,3
1435,329,1,3
1435,330,1,3
1435,331,1,3
1435,332,1,3
1435,333,1,3
1435,334,1,3
1435,335,1,3
1435,336,1,3
1435,337,1,3
1435,338,1,3
1435,339,1,3
1435,340,1,3
1435,341,1,3
1435,342,1,3
1435,343,1,3
1435,344,1,3
1435,345,1,3
1435,346,1,3
1435,347,1,3
1435,348,1,3
1435,349,1,3
1435,350,1,3
1435,351,1,3
1435,352,1,3
1435,353,1,3
1435,354,1,3
1435,355,1,3
1435,356,1,3
1435,357,1,3
1435,358,1,3
1435,359,1,3
1435,360,1,3
1435,361,1,3
1435,362,1,3
1435,363,1,3
1435,364,1,3
1435,365,1,3
1435,366,1,3
1435,367,1,3
1435,368,1,3
1435,369,1,2
1435,370,1,2
1435,371,1,2
1435,372,1,2
1435,373,1,2
1435,374,1,2
1435,375,1,2
1435,376,1,2
1435,377,1,2
1435,378,1,2
1435,379,1,2
1435,380,1,2
1435,381,1,2
1435,382,1,2
1435,383,1,2
1435,384,1,2
1435,385,1,2
1435,386,1,2
1435,387,1,2
1435,388,1,2
1435,389,1,2
1435,390,1,2
1435,391,1,2
1435,392,1,2
1435,393,1,2
1435,394,1,2
1435,395,1,2
1435,396,1,2
1435,397,1,2
1435,398,1,2
1435,399,1,2
1435,400,1,2
1435,401,1,2
1435,402,1,2
1435,403,1,2
1435,404,1,2
1435,405,1,2
1435,406,1,2
1435,407,1,2
1435,408,1,2
1435,409,1,2
1435,410,1,2
1435,411,1,2
1435,412,1,2
1435,413,1,2
1435,414,1,2
1435,415,1,2
1435,416,1,2
1435,417,1,2
1435,418,1,2
1435,419,1,2
1435,420,1,2
1435,421,1,2
1435,422,1,2
1435,423,1,2
1435,424,1,2
1435,425,1,2
1435,426,1,2
1435,427,1,2
1435,428,1,2
1435,429,1,2
1435,430,1,2
1435,431,1,2
1435,432,1,2
1435,433,1,2
1435,434,1,2
1435,435,1,2
1435,436,1,2
1435,437,1,2
1435,438,1,2
1435,439,1,2
1435,440,1,2
1435,441,1,2
1435,442,1,2
1435,443,1,2
1435,444,1,2
1435,445,1,2
1435,446,1,2
1435,447,1,2
1435,448,1,2
1435,449,1,2
1435,450,1,2
1435,451,1,2
1435,452,1,2
1435,453,1,2
1435,454,1,2
1435,455,1,2
1435,456,1,2
1435,457,1,2
1435,458,1,2
1435,459,1,2
1435,460,1,2
1435,461,1,2
1435,462,1,2
1435,463,1,2
1435,464,1,2
1435,465,1,2
1435,466,1,2
1435,467,1,2
1436,139,1,3
1436,140,1,3
1436,141,1,3
1436,142,1,3
1436,143,1,3
1436,144,1,3
1436,145,1,3
1436,146,1,3
1436,147,1,3
1436,148,1,3
1436,149,1,3
1436,150,1,3
1436,151,1,3
1436,152,1,3
1436,153,1,3
1436,154,1,3
1436,155,1,3
1436,156,1,3
1436,157,1,3
1436,158,1,3
1436,159,1,3
1436,160,1,3
1436,161,1,3
1436,162,1,3
1436,163,1,3
1436,164,1,3
1436,165,1,3
1436,166,1,3
1436,167,1,3
1436,168,1,3
1436,169,1,3
1436,170,1,3
1436,171,1,3
1436,172,1,3
1436,173,1,3
1436,174,1,3
1436,175,1,3
1436,176,1,3
1436,177,1,3
1436,178,1,3
1436,179,1,3
1436,180,1,3
1436,181,1,3
1436,182,1,3
1436,183,1,3
1436,184,1,3
1436,185,1,3
1436,186,1,3
1436,187,1,3
1436,188,1,3
1436,189,1,3
1436,190,1,3
1436,191,1,3
1436,192,1,3
1436,193,1,3
1436,194,1,3
1436,195,1,3
1436,196,1,3
1436,197,1,3
1436,198,1,3
1436,199,1,3
1436,200,1,3
1436,201,1,3
1436,202,1,3
1436,203,1,3
1436,204,1,3
1436,205,1,3
1436,206,1,3
1436,207,1,3
1436,208,1,3
1436,209,1,3
1436,210,1,3
1436,211,1,3
1436,212,1,3
1436,213,1,3
1436,214,1,3
1436,215,1,3
1436,216,1,3
1436,217,1,3
1436,218,1,3
1436,219,1,3
1436,220,1,3
1436,221,1,3
1436,222,1,3
1436,223,1,3
1436,224,1,3
1436,225,1,3
1436,226,1,3
1436,227,1,3
1436,228,1,3
1436,229,1,3
1436,230,1,3
1436,231,1,3
1436,232,1,3
1436,233,1,3
1436,234,1,3
1436,235,1,3
1436,236,1,3
1436,237,1,3
1436,238,1,3
1436,239,1,3
1436,240,1,3
1436,241,1,3
1436,242,1,3
1436,243,1,3
1436,244,1,3
1436,245,1,3
1436,246,1,3
1436,247,1,3
1436,248,1,3
1436,249,1,3
1436,250,1,3
1436,251,1,3
1436,252,1,3
1436,253,1,3
1436,254,1,3
1436,255,1,3
1436,256,1,3
1436,257,1,3
1436,258,1,3
1436,259,1,3
1436,260,1,3
1436,261,1,3
1436,262,1,3
1436,263,1,3
1436,264,1,3
1436,265,1,3
1436,266,1,3
1436,267,1,3
1436,268,1,3
1436,269,1,3
1436,270,1,3
1436,271,1,3
1436,272,1,3
1436,273,1,3
1436,274,1,3
1436,275,1,3
1436,276,1,3
1436,277,1,3
1436,278,1,3
1436,279,1,3
1436,280,1,3
1436,281,1,3
1436,282,1,3
1436,283,1,3
1436,284,1,3
1436,285,1,3
1436,286,1,3
1436,287,1,3
1436,288,1,3
1436,289,1,3
1436,290,1,3
1436,291,1,3
1436,292,1,3
1436,293,1,3
1436,294,1,3
1436,295,1,3
1436,296,1,3
1436,297,1,3
1436,298,1,3
1436,299,1,3
1436,300,1,3
1436,301,1,3
1436,302,1,3
1436,303,1,3
1436,304,1,3
1436,305,1,3
1436,306,1,3
1436,307,1,3
1436,308,1,3
1436,309,1,3
1436,310,1,3
1436,311,1,3
1436,312,1,3
1436,313,1,3
1436,314,1,3
1436,315,1,3
1436,316,1,3
1436,317,1,3
1436,318,1,3
1436,319,1,3
1436,320,1,3
1436,321,1,3
1436,322,1,3
1436,323,1,3
1436,324,1,3
1436,325,1,3
1436,326,1,3
1436,327,1,3
1436,328,1,3
1436,329,1,3
1436,330,1,3
1436,331,1,3
1436,332,1,3
1436,333,1,3
1436,334,1,3
1436,335,1,3
1436,336,1,3
1436,337,1,3
1436,338,1,3
1436,339,1,3
1436,340,1,3
1436,341,1,3
1436,342,1,3
1436,343,1,3
1436,344,1,3
1436,345,1,3
1436,346,1,3
1436,347,1,3
1436,348,1,3
1436,349,1,3
1436,350,1,3
1436,351,1,3
1436,352,1,3
1436,353,1,3
1436,354,1,3
1436,355,1,3
1436,356,1,3
1436,357,1,3
1436,358,1,3
1436,359,1,3
1436,360,1,3
1436,361,1,3
1436,362,1,3
1436,363,1,3
1436,364,1,3
1436,365,1,3
1436,366,1,3
1436,367,1,3
1436,368,1,3
1436,369,1,2
1436,370,1,2
1436,371,1,2
1436,372,1,2
1436,373,1,2
1436,374,1,2
1436,375,1,2
1436,376,1,2
1436,377,1,2
1436,378,1,2
1436,379,1,2
1436,380,1,2
1436,381,1,2
1436,382,1,2
1436,383,1,2
1436,384,1,2
1436,385,1,2
1436,386,1,2
1436,387,1,2
1436,388,1,2
1436,389,1,2
1436,390,1,2
1436,391,1,2
1436,392,1,2
1436,393,1,2
1436,394,1,2
1436,395,1,2
1436,396,1,2
1436,397,1,2
1436,398,1,2
1436,399,1,2
1436,400,1,2
1436,401,1,2
1436,402,1,2
1436,403,1,2
1436,404,1,2
1436,405,1,2
1436,406,1,2
1436,407,1,2
1436,408,1,2
1436,409,1,2
1436,410,1,2
1436,411,1,2
1436,412,1,2
1436,413,1,2
1436,414,1,2
1436,415,1,2
1436,416,1,2
1436,417,1,2
1436,418,1,2
1436,419,1,2
1436,420,1,2
1436,421,1,2
1436,422,1,2
1436,423,1,2
1436,424,1,2
1436,425,1,2
1436,426,1,2
1436,427,1,2
1436,428,1,2
1436,429,1,2
1436,430,1,2
1436,431,1,2
1436,432,1,2
1436,433,1,2
1436,434,1,2
1436,435,1,2
1436,436,1,2
1436,437,1,2
1436,438,1,2
1436,439,1,2
1436,440,1,2
1436,441,1,2
1436,442,1,2
1436,443,1,2
1436,444,1,2
1436,445,1,2
1436,446,1,2
1436,447,1,2
1436,448,1,2
1436,449,1,2
1436,450,1,2
1436,451,1,2
1436,452,1,2
1436,453,1,2
1436,454,1,2
1436,455,1,2
1436,456,1,2
1436,457,1,2
1436,458,1,2
1436,459,1,2
1436,460,1,2
1436,461,1,2
1436,462,1,2
1436,463,1,2
1436,464,1,2
1436,465,1,2
1436,466,1,2
1436,467,1,2
1437,140,1,3
1437,141,1,3
1437,142,1,3
1437,143,1,3
1437,144,1,3
1437,145,1,3
1437,146,1,3
1437,147,1,3
1437,148,1,3
1437,149,1,3
1437,150,1,3
1437,151,1,3
1437,152,1,3
1437,153,1,3
1437,154,1,3
1437,155,1,3
1437,156,1,3
1437,157,1,3
1437,158,1,3
1437,159,1,3
1437,160,1,3
1437,161,1,3
1437,162,1,3
1437,163,1,3
1437,164,1,3
1437,165,1,3
1437,166,1,3
1437,167,1,3
1437,168,1,3
1437,169,1,3
1437,170,1,3
1437,171,1,3
1437,172,1,3
1437,173,1,3
1437,174,1,3
1437,175,1,3
1437,176,1,3
1437,177,1,3
1437,178,1,3
1437,179,1,3
1437,180,1,3
1437,181,1,3
1437,182,1,3
1437,183,1,3
1437,184,1,3
1437,185,1,3
1437,186,1,3
1437,187,1,3
1437,188,1,3
1437,189,1,3
1437,190,1,3
1437,191,1,3
1437,192,1,3
1437,193,1,3
1437,194,1,3
1437,195,1,3
1437,196,1,3
1437,197,1,3
1437,198,1,3
1437,199,1,3
1437,200,1,3
1437,201,1,3
1437,202,1,3
1437,203,1,3
1437,204,1,3
1437,205,1,3
1437,206,1,3
1437,207,1,3
1437,208,1,3
1437,209,1,3
1437,210,1,3
1437,211,1,3
1437,212,1,3
1437,213,1,3
1437,214,1,3
1437,215,1,3
1437,216,1,3
1437,217,1,3
1437,218,1,3
1437,219,1,3
1437,220,1,3
1437,221,1,3
1437,222,1,3
1437,223,1,3
1437,224,1,3
1437,225,1,3
1437,226,1,3
1437,227,1,3
1437,228,1,3
1437,229,1,3
1437,230,1,3
1437,231,1,3
1437,232,1,3
1437,233,1,3
1437,234,1,3
1437,235,1,3
1437,236,1,3
1437,237,1,3
1437,238,1,3
1437,239,1,3
1437,240,1,3
1437,241,1,3
1437,242,1,3
1437,243,1,3
1437,244,1,3
1437,245,1,3
1437,246,1,3
1437,247,1,3
1437,248,1,3
1437,249,1,3
1437,250,1,3
1437,251,1,3
1437,252,1,3
1437,253,1,3
1437,254,1,3
1437,255,1,3
1437,256,1,3
1437,257,1,3
1437,258,1,3
1437,259,1,3
1437,260,1,3
1437,261,1,3
1437,262,1,3
1437,263,1,3
1437,264,1,3
1437,265,1,3
1437,266,1,3
1437,267,1,3
1437,268,1,3
1437,269,1,3
1437,270,1,3
1437,271,1,3
1437,272,1,3
1437,273,1,3
1437,274,1,3
1437,275,1,3
1437,276,1,3
1437,277,1,3
1437,278,1,3
1437,279,1,3
1437,280,1,3
1437,281,1,3
1437,282,1,3
1437,283,1,3
1437,284,1,3
1437,285,1,3
1437,286,1,3
1437,287,1,3
1437,288,1,3
1437,289,1,3
1437,290,1,3
1437,291,1,3
1437,292,1,3
1437,293,1,3
1437,294,1,3
1437,295,1,3
1437,296,1,3
1437,297,1,3
1437,298,1,3
1437,299,1,3
1437,300,1,3
1437,301,1,3
1437,302,1,3
1437,303,1,3
1437,304,1,3
1437,305,1,3
1437,306,1,3
1437,307,1,3
1437,308,1,3
1437,309,1,3
1437,310,1,3
1437,311,1,3
1437,312,1,3
1437,313,1,3
1437,314,1,3
1437,315,1,3
1437,316,1,3
1437,317,1,3
1437,318,1,3
1437,319,1,3
1437,320,1,3
1437,321,1,3
1437,322,1,3
1437,323,1,3
1437,324,1,3
1437,325,1,3
1437,326,1,3
1437,327,1,3
1437,328,1,3
1437,329,1,3
1437,330,1,3
1437,331,1,3
1437,332,1,3
1437,333,1,3
1437,334,1,3
1437,335,1,3
1437,336,1,3
1437,337,1,3
1437,338,1,3
1437,339,1,3
1437,340,1,3
1437,341,1,3
1437,342,1,3
1437,343,1,3
1437,344,1,3
1437,345,1,3
1437,346,1,3
1437,347,1,3
1437,348,1,3
1437,349,1,3
1437,350,1,3
1437,351,1,3
1437,352,1,3
1437,353,1,3
1437,354,1,3
1437,355,1,3
1437,356,1,3
1437,357,1,3
1437,358,1,3
1437,359,1,3
1437,360,1,3
1437,361,1,3
1437,362,1,3
1437,363,1,3
1437,364,1,3
1437,365,1,3
1437,366,1,3
1437,367,1,3
1437,368,1,3
1437,369,1,2
1437,370,1,2
1437,371,1,2
1437,372,1,2
1437,373,1,2
1437,374,1,2
1437,375,1,2
1437,376,1,2
1437,377,1,2
1437,378,1,2
1437,379,1,2
1437,380,1,2
1437,381,1,2
1437,382,1,2
1437,383,1,2
1437,384,1,2
1437,385,1,2
1437,386,1,2
1437,387,1,2
1437,388,1,2
1437,389,1,2
1437,390,1,2
1437,391,1,2
1437,392,1,2
1437,393,1,2
1437,394,1,2
1437,395,1,2
1437,396,1,2
1437,397,1,2
1437,398,1,2
1437,399,1,2
1437,400,1,2
1437,401,1,2
1437,402,1,2
1437,403,1,2
1437,404,1,2
1437,405,1,2
1437,406,1,2
1437,407,1,2
1437,408,1,2
1437,409,1,2
1437,410,1,2
1437,411,1,2
1437,412,1,2
1437,413,1,2
1437,414,1,2
1437,415,1,2
1437,416,1,2
1437,417,1,2
1437,418,1,2
1437,419,1,2
1437,420,1,2
1437,421,1,2
1437,422,1,2
1437,423,1,2
1437,424,1,2
1437,425,1,2
1437,426,1,2
1437,427,1,2
1437,428,1,2
1437,429,1,2
1437,430,1,2
1437,431,1,2
1437,432,1,2
1437,433,1,2
1437,434,1,2
1437,435,1,2
1437,436,1,2
1437,437,1,2
1437,438,1,2
1437,439,1,2
1437,440,1,2
1437,441,1,2
1437,442,1,2
1437,443,1,2
1437,444,1,2
1437,445,1,2
1437,446,1,2
1437,447,1,2
1437,448,1,2
1437,449,1,2
1437,450,1,2
1437,451,1,2
1437,452,1,2
1437,453,1,2
1437,454,1,2
1437,455,1,2
1437,456,1,2
1437,457,1,2
1437,458,1,2
1437,459,1,2
1437,460,1,2
1437,461,1,2
1437,462,1,2
1437,463,1,2
1437,464,1,2
1437,465,1,2
1437,466,1,2
1437,467,1,2
1438,141,1,3
1438,142,1,3
1438,143,1,3
1438,144,1,3
1438,145,1,3
1438,146,1,3
1438,147,1,3
1438,148,1,3
1438,149,1,3
1438,150,1,3
1438,151,1,3
1438,152,1,3
1438,153,1,3
1438,154,1,3
1438,155,1,3
1438,156,1,3
1438,157,1,3
1438,158,1,3
1438,159,1,3
1438,160,1,3
1438,161,1,3
1438,162,1,3
1438,163,1,3
1438,164,1,3
1438,165,1,3
1438,166,1,3
1438,167,1,3
1438,168,1,3
1438,169,1,3
1438,170,1,3
1438,171,1,3
1438,172,1,3
1438,173,1,3
1438,174,1,3
1438,175,1,3
1438,176,1,3
1438,177,1,3
1438,178,1,3
1438,179,1,3
1438,180,1,3
1438,181,1,3
1438,182,1,3
1438,183,1,3
1438,184,1,3
1438,185,1,3
1438,186,1,3
1438,187,1,3
1438,188,1,3
1438,189,1,3
1438,190,1,3
1438,191,1,3
1438,192,1,3
1438,193,1,3
1438,194,1,3
1438,195,1,3
1438,196,1,3
1438,197,1,3
1438,198,1,3
1438,199,1,3
1438,200,1,3
1438,201,1,3
1438,202,1,3
1438,203,1,3
1438,204,1,3
1438,205,1,3
1438,206,1,3
1438,207,1,3
1438,208,1,3
1438,209,1,3
1438,210,1,3
1438,211,1,3
1438,212,1,3
1438,213,1,3
1438,214,1,3
1438,215,1,3
1438,216,1,3
1438,217,1,3
1438,218,1,3
1438,219,1,3
1438,220,1,3
1438,221,1,3
1438,222,1,3
1438,223,1,3
1438,224,1,3
1438,225,1,3
1438,226,1,3
1438,227,1,3
1438,228,1,3
1438,229,1,3
1438,230,1,3
1438,231,1,3
1438,232,1,3
1438,233,1,3
1438,234,1,3
1438,235,1,3
1438,236,1,3
1438,237,1,3
1438,238,1,3
1438,239,1,3
1438,240,1,3
1438,241,1,3
1438,242,1,3
1438,243,1,3
1438,244,1,3
1438,245,1,3
1438,246,1,3
1438,247,1,3
1438,248,1,3
1438,249,1,3
1438,250,1,3
1438,251,1,3
1438,252,1,3
1438,253,1,3
1438,254,1,3
1438,255,1,3
1438,256,1,3
1438,257,1,3
1438,258,1,3
1438,259,1,3
1438,260,1,3
1438,261,1,3
1438,262,1,3
1438,263,1,3
1438,264,1,3
1438,265,1,3
1438,266,1,3
1438,267,1,3
1438,268,1,3
1438,269,1,3
1438,270,1,3
1438,271,1,3
1438,272,1,3
1438,273,1,3
1438,274,1,3
1438,275,1,3
1438,276,1,3
1438,277,1,3
1438,278,1,3
1438,279,1,3
1438,280,1,3
1438,281,1,3
1438,282,1,3
1438,283,1,3
1438,284,1,3
1438,285,1,3
1438,286,1,3
1438,287,1,3
1438,288,1,3
1438,289,1,3
1438,290,1,3
1438,291,1,3
1438,292,1,3
1438,293,1,3
1438,294,1,3
1438,295,1,3
1438,296,1,3
1438,297,1,3
1438,298,1,3
1438,299,1,3
1438,300,1,3
1438,301,1,3
1438,302,1,3
1438,303,1,3
1438,304,1,3
1438,305,1,3
1438,306,1,3
1438,307,1,3
1438,308,1,3
1438,309,1,3
1438,310,1,3
1438,311,1,3
1438,312,1,3
1438,313,1,3
1438,314,1,3
1438,315,1,3
1438,316,1,3
1438,317,1,3
1438,318,1,3
1438,319,1,3
1438,320,1,3
1438,321,1,3
1438,322,1,3
1438,323,1,3
1438,324,1,3
1438,325,1,3
1438,326,1,3
1438,327,1,3
1438,328,1,3
1438,329,1,3
1438,330,1,3
1438,331,1,3
1438,332,1,3
1438,333,1,3
1438,334,1,3
1438,335,1,3
1438,336,1,3
1438,337,1,3
1438,338,1,3
1438,339,1,3
1438,340,1,3
1438,341,1,3
1438,342,1,3
1438,343,1,3
1438,344,1,3
1438,345,1,3
1438,346,1,3
1438,347,1,3
1438,348,1,3
1438,349,1,3
1438,350,1,3
1438,351,1,3
1438,352,1,3
1438,353,1,3
1438,354,1,3
1438,355,1,3
1438,356,1,3
1438,357,1,3
1438,358,1,3
1438,359,1,3
1438,360,1,3
1438,361,1,3
1438,362,1,3
1438,363,1,3
1438,364,1,3
1438,365,1,3
1438,366,1,3
1438,367,1,3
1438,368,1,3
1438,369,1,2
1438,370,1,2
1438,371,1,2
1438,372,1,2
1438,373,1,2
1438,374,1,2
1438,375,1,2
1438,376,1,2
1438,377,1,2
1438,378,1,2
1438,379,1,2
1438,380,1,2
1438,381,1,2
1438,382,1,2
1438,383,1,2
1438,384,1,2
1438,385,1,2
1438,386,1,2
1438,387,1,2
1438,388,1,2
1438,389,1,2
1438,390,1,2
1438,391,1,2
1438,392,1,2
1438,393,1,2
1438,394,1,2
1438,395,1,2
1438,396,1,2
1438,397,1,2
1438,398,1,2
1438,399,1,2
1438,400,1,2
1438,401,1,2
1438,402,1,2
1438,403,1,2
1438,404,1,2
1438,405,1,2
1438,406,1,2
1438,407,1,2
1438,408,1,2
1438,409,1,2
1438,410,1,2
1438,411,1,2
1438,412,1,2
1438,413,1,2
1438,414,1,2
1438,415,1,2
1438,416,1,2
1438,417,1,2
1438,418,1,2
1438,419,1,2
1438,420,1,2
1438,421,1,2
1438,422,1,2
1438,423,1,2
1438,424,1,2
1438,425,1,2
1438,426,1,2
1438,427,1,2
1438,428,1,2
1438,429,1,2
1438,430,1,2
1438,431,1,2
1438,432,1,2
1438,433,1,2
1438,434,1,2
1438,435,1,2
1438,436,1,2
1438,437,1,2
1438,438,1,2
1438,439,1,2
1438,440,1,2
1438,441,1,2
1438,442,1,2
1438,443,1,2
1438,444,1,2
1438,445,1,2
1438,446,1,2
1438,447,1,2
1438,448,1,2
1438,449,1,2
1438,450,1,2
1438,451,1,2
1438,452,1,2
1438,453,1,2
1438,454,1,2
1438,455,1,2
1438,456,1,2
1438,457,1,2
1438,458,1,2
1438,459,1,2
1438,460,1,2
1438,461,1,2
1438,462,1,2
1438,463,1,2
1438,464,1,2
1438,465,1,2
1438,466,1,2
1438,467,1,2
1439,142,1,3
1439,143,1,3
1439,144,1,3
1439,145,1,3
1439,146,1,3
1439,147,1,3
1439,148,1,3
1439,149,1,3
1439,150,1,3
1439,151,1,3
1439,152,1,3
1439,153,1,3
1439,154,1,3
1439,155,1,3
1439,156,1,3
1439,157,1,3
1439,158,1,3
1439,159,1,3
1439,160,1,3
1439,161,1,3
1439,162,1,3
1439,163,1,3
1439,164,1,3
1439,165,1,3
1439,166,1,3
1439,167,1,3
1439,168,1,3
1439,169,1,3
1439,170,1,3
1439,171,1,3
1439,172,1,3
1439,173,1,3
1439,174,1,3
1439,175,1,3
1439,176,1,3
1439,177,1,3
1439,178,1,3
1439,179,1,3
1439,180,1,3
1439,181,1,3
1439,182,1,3
1439,183,1,3
1439,184,1,3
1439,185,1,3
1439,186,1,3
1439,187,1,3
1439,188,1,3
1439,189,1,3
1439,190,1,3
1439,191,1,3
1439,192,1,3
1439,193,1,3
1439,194,1,3
1439,195,1,3
1439,196,1,3
1439,197,1,3
1439,198,1,3
1439,199,1,3
1439,200,1,3
1439,201,1,3
1439,202,1,3
1439,203,1,3
1439,204,1,3
1439,205,1,3
1439,206,1,3
1439,207,1,3
1439,208,1,3
1439,209,1,3
1439,210,1,3
1439,211,1,3
1439,212,1,3
1439,213,1,3
1439,214,1,3
1439,215,1,3
1439,216,1,3
1439,217,1,3
1439,218,1,3
1439,219,1,3
1439,220,1,3
1439,221,1,3
1439,222,1,3
1439,223,1,3
1439,224,1,3
1439,225,1,3
1439,226,1,3
1439,227,1,3
1439,228,1,3
1439,229,1,3
1439,230,1,3
1439,231,1,3
1439,232,1,3
1439,233,1,3
1439,234,1,3
1439,235,1,3
1439,236,1,3
1439,237,1,3
1439,238,1,3
1439,239,1,3
1439,240,1,3
1439,241,1,3
1439,242,1,3
1439,243,1,3
1439,244,1,3
1439,245,1,3
1439,246,1,3
1439,247,1,3
1439,248,1,3
1439,249,1,3
1439,250,1,3
1439,251,1,3
1439,252,1,3
1439,253,1,3
1439,254,1,3
1439,255,1,3
1439,256,1,3
1439,257,1,3
1439,258,1,3
1439,259,1,3
1439,260,1,3
1439,261,1,3
1439,262,1,3
1439,263,1,3
1439,264,1,3
1439,265,1,3
1439,266,1,3
1439,267,1,3
1439,268,1,3
1439,269,1,3
1439,270,1,3
1439,271,1,3
1439,272,1,3
1439,273,1,3
1439,274,1,3
1439,275,1,3
1439,276,1,3
1439,277,1,3
1439,278,1,3
1439,279,1,3
1439,280,1,3
1439,281,1,3
1439,282,1,3
1439,283,1,3
1439,284,1,3
1439,285,1,3
1439,286,1,3
1439,287,1,3
1439,288,1,3
1439,289,1,3
1439,290,1,3
1439,291,1,3
1439,292,1,3
1439,293,1,3
1439,294,1,3
1439,295,1,3
1439,296,1,3
1439,297,1,3
1439,298,1,3
1439,299,1,3
1439,300,1,3
1439,301,1,3
1439,302,1,3
1439,303,1,3
1439,304,1,3
1439,305,1,3
1439,306,1,3
1439,307,1,3
1439,308,1,3
1439,309,1,3
1439,310,1,3
1439,311,1,3
1439,312,1,3
1439,313,1,3
1439,314,1,3
1439,315,1,3
1439,316,1,3
1439,317,1,3
1439,318,1,3
1439,319,1,3
1439,320,1,3
1439,321,1,3
1439,322,1,3
1439,323,1,3
1439,324,1,3
1439,325,1,3
1439,326,1,3
1439,327,1,3
1439,328,1,3
1439,329,1,3
1439,330,1,3
1439,331,1,3
1439,332,1,3
1439,333,1,3
1439,334,1,3
1439,335,1,3
1439,336,1,3
1439,337,1,3
1439,338,1,3
1439,339,1,3
1439,340,1,3
1439,341,1,3
1439,342,1,3
1439,343,1,3
1439,344,1,3
1439,345,1,3
1439,346,1,3
1439,347,1,3
1439,348,1,3
1439,349,1,3
1439,350,1,3
1439,351,1,3
1439,352,1,3
1439,353,1,3
1439,354,1,3
1439,355,1,3
1439,356,1,3
1439,357,1,3
1439,358,1,3
1439,359,1,3
1439,360,1,3
1439,361,1,3
1439,362,1,3
1439,363,1,3
1439,364,1,3
1439,365,1,3
1439,366,1,3
1439,367,1,3
1439,368,1,3
1439,369,1,2
1439,370,1,2
1439,371,1,2
1439,372,1,2
1439,373,1,2
1439,374,1,2
1439,375,1,2
1439,376,1,2
1439,377,1,2
1439,378,1,2
1439,379,1,2
1439,380,1,2
1439,381,1,2
1439,382,1,2
1439,383,1,2
1439,384,1,2
1439,385,1,2
1439,386,1,2
1439,387,1,2
1439,388,1,2
1439,389,1,2
1439,390,1,2
1439,391,1,2
1439,392,1,2
1439,393,1,2
1439,394,1,2
1439,395,1,2
1439,396,1,2
1439,397,1,2
1439,398,1,2
1439,399,1,2
1439,400,1,2
1439,401,1,2
1439,402,1,2
1439,403,1,2
1439,404,1,2
1439,405,1,2
1439,406,1,2
1439,407,1,2
1439,408,1,2
1439,409,1,2
1439,410,1,2
1439,411,1,2
1439,412,1,2
1439,413,1,2
1439,414,1,2
1439,415,1,2
1439,416,1,2
1439,417,1,2
1439,418,1,2
1439,419,1,2
1439,420,1,2
1439,421,1,2
1439,422,1,2
1439,423,1,2
1439,424,1,2
1439,425,1,2
1439,426,1,2
1439,427,1,2
1439,428,1,2
1439,429,1,2
1439,430,1,2
1439,431,1,2
1439,432,1,2
1439,433,1,2
1439,434,1,2
1439,435,1,2
1439,436,1,2
1439,437,1,2
1439,438,1,2
1439,439,1,2
1439,440,1,2
1439,441,1,2
1439,442,1,2
1439,443,1,2
1439,444,1,2
1439,445,1,2
1439,446,1,2
1439,447,1,2
1439,448,1,2
1439,449,1,2
1439,450,1,2
1439,451,1,2
1439,452,1,2
1439,453,1,2
1439,454,1,2
1439,455,1,2
1439,456,1,2
1439,457,1,2
1439,458,1,2
1439,459,1,2
1439,460,1,2
1439,461,1,2
1439,462,1,2
1439,463,1,2
1439,464,1,2
1439,465,1,2
1439,466,1,2
1439,467,1,2
1440,143,1,3
1440,144,1,3
1440,145,1,3
1440,146,1,3
1440,147,1,3
1440,148,1,3
1440,149,1,3
1440,150,1,3
1440,151,1,3
1440,152,1,3
1440,153,1,3
1440,154,1,3
1440,155,1,3
1440,156,1,3
1440,157,1,3
1440,158,1,3
1440,159,1,3
1440,160,1,3
1440,161,1,3
1440,162,1,3
1440,163,1,3
1440,164,1,3
1440,165,1,3
1440,166,1,3
1440,167,1,3
1440,168,1,3
1440,169,1,3
1440,170,1,3
1440,171,1,3
1440,172,1,3
1440,173,1,3
1440,174,1,3
1440,175,1,3
1440,176,1,3
1440,177,1,3
1440,178,1,3
1440,179,1,3
1440,180,1,3
1440,181,1,3
1440,182,1,3
1440,183,1,3
1440,184,1,3
1440,185,1,3
1440,186,1,3
1440,187,1,3
1440,188,1,3
1440,189,1,3
1440,190,1,3
1440,191,1,3
1440,192,1,3
1440,193,1,3
1440,194,1,3
1440,195,1,3
1440,196,1,3
1440,197,1,3
1440,198,1,3
1440,199,1,3
1440,200,1,3
1440,201,1,3
1440,202,1,3
1440,203,1,3
1440,204,1,3
1440,205,1,3
1440,206,1,3
1440,207,1,3
1440,208,1,3
1440,209,1,3
1440,210,1,3
1440,211,1,3
1440,212,1,3
1440,213,1,3
1440,214,1,3
1440,215,1,3
1440,216,1,3
1440,217,1,3
1440,218,1,3
1440,219,1,3
1440,220,1,3
1440,221,1,3
1440,222,1,3
1440,223,1,3
1440,224,1,3
1440,225,1,3
1440,226,1,3
1440,227,1,3
1440,228,1,3
1440,229,1,3
1440,230,1,3
1440,231,1,3
1440,232,1,3
1440,233,1,3
1440,234,1,3
1440,235,1,3
1440,236,1,3
1440,237,1,3
1440,238,1,3
1440,239,1,3
1440,240,1,3
1440,241,1,3
1440,242,1,3
1440,243,1,3
1440,244,1,3
1440,245,1,3
1440,246,1,3
1440,247,1,3
1440,248,1,3
1440,249,1,3
1440,250,1,3
1440,251,1,3
1440,252,1,3
1440,253,1,3
1440,254,1,3
1440,255,1,3
1440,256,1,3
1440,257,1,3
1440,258,1,3
1440,259,1,3
1440,260,1,3
1440,261,1,3
1440,262,1,3
1440,263,1,3
1440,264,1,3
1440,265,1,3
1440,266,1,3
1440,267,1,3
1440,268,1,3
1440,269,1,3
1440,270,1,3
1440,271,1,3
1440,272,1,3
1440,273,1,3
1440,274,1,3
1440,275,1,3
1440,276,1,3
1440,277,1,3
1440,278,1,3
1440,279,1,3
1440,280,1,3
1440,281,1,3
1440,282,1,3
1440,283,1,3
1440,284,1,3
1440,285,1,3
1440,286,1,3
1440,287,1,3
1440,288,1,3
1440,289,1,3
1440,290,1,3
1440,291,1,3
1440,292,1,3
1440,293,1,3
1440,294,1,3
1440,295,1,3
1440,296,1,3
1440,297,1,3
1440,298,1,3
1440,299,1,3
1440,300,1,3
1440,301,1,3
1440,302,1,3
1440,303,1,3
1440,304,1,3
1440,305,1,3
1440,306,1,3
1440,307,1,3
1440,308,1,3
1440,309,1,3
1440,310,1,3
1440,311,1,3
1440,312,1,3
1440,313,1,3
1440,314,1,3
1440,315,1,3
1440,316,1,3
1440,317,1,3
1440,318,1,3
1440,319,1,3
1440,320,1,3
1440,321,1,3
1440,322,1,3
1440,323,1,3
1440,324,1,3
1440,325,1,3
1440,326,1,3
1440,327,1,3
1440,328,1,3
1440,329,1,3
1440,330,1,3
1440,331,1,3
1440,332,1,3
1440,333,1,3
1440,334,1,3
1440,335,1,3
1440,336,1,3
1440,337,1,3
1440,338,1,3
1440,339,1,3
1440,340,1,3
1440,341,1,3
1440,342,1,3
1440,343,1,3
1440,344,1,3
1440,345,1,3
1440,346,1,3
1440,347,1,3
1440,348,1,3
1440,349,1,3
1440,350,1,3
1440,351,1,3
1440,352,1,3
1440,353,1,3
1440,354,1,3
1440,355,1,3
1440,356,1,3
1440,357,1,3
1440,358,1,3
1440,359,1,3
1440,360,1,3
1440,361,1,3
1440,362,1,3
1440,363,1,3
1440,364,1,3
1440,365,1,3
1440,366,1,3
1440,367,1,3
1440,368,1,3
1440,369,1,3
1440,370,1,2
1440,371,1,2
1440,372,1,2
1440,373,1,2
1440,374,1,2
1440,375,1,2
1440,376,1,2
1440,377,1,2
1440,378,1,2
1440,379,1,2
1440,380,1,2
1440,381,1,2
1440,382,1,2
1440,383,1,2
1440,384,1,2
1440,385,1,2
1440,386,1,2
1440,387,1,2
1440,388,1,2
1440,389,1,2
1440,390,1,2
1440,391,1,2
1440,392,1,2
1440,393,1,2
1440,394,1,2
1440,395,1,2
1440,396,1,2
1440,397,1,2
1440,398,1,2
1440,399,1,2
1440,400,1,2
1440,401,1,2
1440,402,1,2
1440,403,1,2
1440,404,1,2
1440,405,1,2
1440,406,1,2
1440,407,1,2
1440,408,1,2
1440,409,1,2
1440,410,1,2
1440,411,1,2
1440,412,1,2
1440,413,1,2
1440,414,1,2
1440,415,1,2
1440,416,1,2
1440,417,1,2
1440,418,1,2
1440,419,1,2
1440,420,1,2
1440,421,1,2
1440,422,1,2
1440,423,1,2
1440,424,1,2
1440,425,1,2
1440,426,1,2
1440,427,1,2
1440,428,1,2
1440,429,1,2
1440,430,1,2
1440,431,1,2
1440,432,1,2
1440,433,1,2
1440,434,1,2
1440,435,1,2
1440,436,1,2
1440,437,1,2
1440,438,1,2
1440,439,1,2
1440,440,1,2
1440,441,1,2
1440,442,1,2
1440,443,1,2
1440,444,1,2
1440,445,1,2
1440,446,1,2
1440,447,1,2
1440,448,1,2
1440,449,1,2
1440,450,1,2
1440,451,1,2
1440,452,1,2
1440,453,1,2
1440,454,1,2
1440,455,1,2
1440,456,1,2
1440,457,1,2
1440,458,1,2
1440,459,1,2
1440,460,1,2
1440,461,1,2
1440,462,1,2
1440,463,1,2
1440,464,1,2
1440,465,1,2
1440,466,1,2
1440,467,1,2
1441,143,1,3
1441,144,1,3
1441,145,1,3
1441,146,1,3
1441,147,1,3
1441,148,1,3
1441,149,1,3
1441,150,1,3
1441,151,1,3
1441,152,1,3
1441,153,1,3
1441,154,1,3
1441,155,1,3
1441,156,1,3
1441,157,1,3
1441,158,1,3
1441,159,1,3
1441,160,1,3
1441,161,1,3
1441,162,1,3
1441,163,1,3
1441,164,1,3
1441,165,1,3
1441,166,1,3
1441,167,1,3
1441,168,1,3
1441,169,1,3
1441,170,1,3
1441,171,1,3
1441,172,1,3
1441,173,1,3
1441,174,1,3
1441,175,1,3
1441,176,1,3
1441,177,1,3
1441,178,1,3
1441,179,1,3
1441,180,1,3
1441,181,1,3
1441,182,1,3
1441,183,1,3
1441,184,1,3
1441,185,1,3
1441,186,1,3
1441,187,1,3
1441,188,1,3
1441,189,1,3
1441,190,1,3
1441,191,1,3
1441,192,1,3
1441,193,1,3
1441,194,1,3
1441,195,1,3
1441,196,1,3
1441,197,1,3
1441,198,1,3
1441,199,1,3
1441,200,1,3
1441,201,1,3
1441,202,1,3
1441,203,1,3
1441,204,1,3
1441,205,1,3
1441,206,1,3
1441,207,1,3
1441,208,1,3
1441,209,1,3
1441,210,1,3
1441,211,1,3
1441,212,1,3
1441,213,1,3
1441,214,1,3
1441,215,1,3
1441,216,1,3
1441,217,1,3
1441,218,1,3
1441,219,1,3
1441,220,1,3
1441,221,1,3
1441,222,1,3
1441,223,1,3
1441,224,1,3
1441,225,1,3
1441,226,1,3
1441,227,1,3
1441,228,1,3
1441,229,1,3
1441,230,1,3
1441,231,1,3
1441,232,1,3
1441,233,1,3
1441,234,1,3
1441,235,1,3
1441,236,1,3
1441,237,1,3
1441,238,1,3
1441,239,1,3
1441,240,1,3
1441,241,1,3
1441,242,1,3
1441,243,1,3
1441,244,1,3
1441,245,1,3
1441,246,1,3
1441,247,1,3
1441,248,1,3
1441,249,1,3
1441,250,1,3
1441,251,1,3
1441,252,1,3
1441,253,1,3
1441,254,1,3
1441,255,1,3
1441,256,1,3
1441,257,1,3
1441,258,1,3
1441,259,1,3
1441,260,1,3
1441,261,1,3
1441,262,1,3
1441,263,1,3
1441,264,1,3
1441,265,1,3
1441,266,1,3
1441,267,1,3
1441,268,1,3
1441,269,1,3
1441,270,1,3
1441,271,1,3
1441,272,1,3
1441,273,1,3
1441,274,1,3
1441,275,1,3
1441,276,1,3
1441,277,1,3
1441,278,1,3
1441,279,1,3
1441,280,1,3
1441,281,1,3
1441,282,1,3
1441,283,1,3
1441,284,1,3
1441,285,1,3
1441,286,1,3
1441,287,1,3
1441,288,1,3
1441,289,1,3
1441,290,1,3
1441,291,1,3
1441,292,1,3
1441,293,1,3
1441,294,1,3
1441,295,1,3
1441,296,1,3
1441,297,1,3
1441,298,1,3
1441,299,1,3
1441,300,1,3
1441,301,1,3
1441,302,1,3
1441,303,1,3
1441,304,1,3
1441,305,1,3
1441,306,1,3
1441,307,1,3
1441,308,1,3
1441,309,1,3
1441,310,1,3
1441,311,1,3
1441,312,1,3
1441,313,1,3
1441,314,1,3
1441,315,1,3
1441,316,1,3
1441,317,1,3
1441,318,1,3
1441,319,1,3
1441,320,1,3
1441,321,1,3
1441,322,1,3
1441,323,1,3
1441,324,1,3
1441,325,1,3
1441,326,1,3
1441,327,1,3
1441,328,1,3
1441,329,1,3
1441,330,1,3
1441,331,1,3
1441,332,1,3
1441,333,1,3
1441,334,1,3
1441,335,1,3
1441,336,1,3
1441,337,1,3
1441,338,1,3
1441,339,1,3
1441,340,1,3
1441,341,1,3
1441,342,1,3
1441,343,1,3
1441,344,1,3
1441,345,1,3
1441,346,1,3
1441,347,1,3
1441,348,1,3
1441,349,1,3
1441,350,1,3
1441,351,1,3
1441,352,1,3
1441,353,1,3
1441,354,1,3
1441,355,1,3
1441,356,1,3
1441,357,1,3
1441,358,1,3
1441,359,1,3
1441,360,1,3
1441,361,1,3
1441,362,1,3
1441,363,1,3
1441,364,1,3
1441,365,1,3
1441,366,1,3
1441,367,1,3
1441,368,1,3
1441,369,1,3
1441,370,1,3
1441,371,1,3
1441,372,1,2
1441,373,1,2
1441,374,1,2
1441,375,1,2
1441,376,1,2
1441,377,1,2
1441,378,1,2
1441,379,1,2
1441,380,1,2
1441,381,1,2
1441,382,1,2
1441,383,1,2
1441,384,1,2
1441,385,1,2
1441,386,1,2
1441,387,1,2
1441,388,1,2
1441,389,1,2
1441,390,1,2
1441,391,1,2
1441,392,1,2
1441,393,1,2
1441,394,1,2
1441,395,1,2
1441,396,1,2
1441,397,1,2
1441,398,1,2
1441,399,1,2
1441,400,1,2
1441,401,1,2
1441,402,1,2
1441,403,1,2
1441,404,1,2
1441,405,1,2
1441,406,1,2
1441,407,1,2
1441,408,1,2
1441,409,1,2
1441,410,1,2
1441,411,1,2
1441,412,1,2
1441,413,1,2
1441,414,1,2
1441,415,1,2
1441,416,1,2
1441,417,1,2
1441,418,1,2
1441,419,1,2
1441,420,1,2
1441,421,1,2
1441,422,1,2
1441,423,1,2
1441,424,1,2
1441,425,1,2
1441,426,1,2
1441,427,1,2
1441,428,1,2
1441,429,1,2
1441,430,1,2
1441,431,1,2
1441,432,1,2
1441,433,1,2
1441,434,1,2
1441,435,1,2
1441,436,1,2
1441,437,1,2
1441,438,1,2
1441,439,1,2
1441,440,1,2
1441,441,1,2
1441,442,1,2
1441,443,1,2
1441,444,1,2
1441,445,1,2
1441,446,1,2
1441,447,1,2
1441,448,1,2
1441,449,1,2
1441,450,1,2
1441,451,1,2
1441,452,1,2
1441,453,1,2
1441,454,1,2
1441,455,1,2
1441,456,1,2
1441,457,1,2
1441,458,1,2
1441,459,1,2
1441,460,1,2
1441,461,1,2
1441,462,1,2
1441,463,1,2
1441,464,1,2
1441,465,1,2
1441,466,1,2
1441,467,1,2
1442,145,1,3
1442,146,1,3
1442,147,1,3
1442,148,1,3
1442,149,1,3
1442,150,1,3
1442,151,1,3
1442,152,1,3
1442,153,1,3
1442,154,1,3
1442,155,1,3
1442,156,1,3
1442,157,1,3
1442,158,1,3
1442,159,1,3
1442,160,1,3
1442,161,1,3
1442,162,1,3
1442,163,1,3
1442,164,1,3
1442,165,1,3
1442,166,1,3
1442,167,1,3
1442,168,1,3
1442,169,1,3
1442,170,1,3
1442,171,1,3
1442,172,1,3
1442,173,1,3
1442,174,1,3
1442,175,1,3
1442,176,1,3
1442,177,1,3
1442,178,1,3
1442,179,1,3
1442,180,1,3
1442,181,1,3
1442,182,1,3
1442,183,1,3
1442,184,1,3
1442,185,1,3
1442,186,1,3
1442,187,1,3
1442,188,1,3
1442,189,1,3
1442,190,1,3
1442,191,1,3
1442,192,1,3
1442,193,1,3
1442,194,1,3
1442,195,1,3
1442,196,1,3
1442,197,1,3
1442,198,1,3
1442,199,1,3
1442,200,1,3
1442,201,1,3
1442,202,1,3
1442,203,1,3
1442,204,1,3
1442,205,1,3
1442,206,1,3
1442,207,1,3
1442,208,1,3
1442,209,1,3
1442,210,1,3
1442,211,1,3
1442,212,1,3
1442,213,1,3
1442,214,1,3
1442,215,1,3
1442,216,1,3
1442,217,1,3
1442,218,1,3
1442,219,1,3
1442,220,1,3
1442,221,1,3
1442,222,1,3
1442,223,1,3
1442,224,1,3
1442,225,1,3
1442,226,1,3
1442,227,1,3
1442,228,1,3
1442,229,1,3
1442,230,1,3
1442,231,1,3
1442,232,1,3
1442,233,1,3
1442,234,1,3
1442,235,1,3
1442,236,1,3
1442,237,1,3
1442,238,1,3
1442,239,1,3
1442,240,1,3
1442,241,1,3
1442,242,1,3
1442,243,1,3
1442,244,1,3
1442,245,1,3
1442,246,1,3
1442,247,1,3
1442,248,1,3
1442,249,1,3
1442,250,1,3
1442,251,1,3
1442,252,1,3
1442,253,1,3
1442,254,1,3
1442,255,1,3
1442,256,1,3
1442,257,1,3
1442,258,1,3
1442,259,1,3
1442,260,1,3
1442,261,1,3
1442,262,1,3
1442,263,1,3
1442,264,1,3
1442,265,1,3
1442,266,1,3
1442,267,1,3
1442,268,1,3
1442,269,1,3
1442,270,1,3
1442,271,1,3
1442,272,1,3
1442,273,1,3
1442,274,1,3
1442,275,1,3
1442,276,1,3
1442,277,1,3
1442,278,1,3
1442,279,1,3
1442,280,1,3
1442,281,1,3
1442,282,1,3
1442,283,1,3
1442,284,1,3
1442,285,1,3
1442,286,1,3
1442,287,1,3
1442,288,1,3
1442,289,1,3
1442,290,1,3
1442,291,1,3
1442,292,1,3
1442,293,1,3
1442,294,1,3
1442,295,1,3
1442,296,1,3
1442,297,1,3
1442,298,1,3
1442,299,1,3
1442,300,1,3
1442,301,1,3
1442,302,1,3
1442,303,1,3
1442,304,1,3
1442,305,1,3
1442,306,1,3
1442,307,1,3
1442,308,1,3
1442,309,1,3
1442,310,1,3
1442,311,1,3
1442,312,1,3
1442,313,1,3
1442,314,1,3
1442,315,1,3
1442,316,1,3
1442,317,1,3
1442,318,1,3
1442,319,1,3
1442,320,1,3
1442,321,1,3
1442,322,1,3
1442,323,1,3
1442,324,1,3
1442,325,1,3
1442,326,1,3
1442,327,1,3
1442,328,1,3
1442,329,1,3
1442,330,1,3
1442,331,1,3
1442,332,1,3
1442,333,1,3
1442,334,1,3
1442,335,1,3
1442,336,1,3
1442,337,1,3
1442,338,1,3
1442,339,1,3
1442,340,1,3
1442,341,1,3
1442,342,1,3
1442,343,1,3
1442,344,1,3
1442,345,1,3
1442,346,1,3
1442,347,1,3
1442,348,1,3
1442,349,1,3
1442,350,1,3
1442,351,1,3
1442,352,1,3
1442,353,1,3
1442,354,1,3
1442,355,1,3
1442,356,1,3
1442,357,1,3
1442,358,1,3
1442,359,1,3
1442,360,1,3
1442,361,1,3
1442,362,1,3
1442,363,1,3
1442,364,1,3
1442,365,1,3
1442,366,1,3
1442,367,1,3
1442,368,1,3
1442,369,1,3
1442,370,1,3
1442,371,1,3
1442,372,1,2
1442,373,1,2
1442,374,1,2
1442,375,1,2
1442,376,1,2
1442,377,1,2
1442,378,1,2
1442,379,1,2
1442,380,1,2
1442,381,1,2
1442,382,1,2
1442,383,1,2
1442,384,1,2
1442,385,1,2
1442,386,1,2
1442,387,1,2
1442,388,1,2
1442,389,1,2
1442,390,1,2
1442,391,1,2
1442,392,1,2
1442,393,1,2
1442,394,1,2
1442,395,1,2
1442,396,1,2
1442,397,1,2
1442,398,1,2
1442,399,1,2
1442,400,1,2
1442,401,1,2
1442,402,1,2
1442,403,1,2
1442,404,1,2
1442,405,1,2
1442,406,1,2
1442,407,1,2
1442,408,1,2
1442,409,1,2
1442,410,1,2
1442,411,1,2
1442,412,1,2
1442,413,1,2
1442,414,1,2
1442,415,1,2
1442,416,1,2
1442,417,1,2
1442,418,1,2
1442,419,1,2
1442,420,1,2
1442,421,1,2
1442,422,1,2
1442,423,1,2
1442,424,1,2
1442,425,1,2
1442,426,1,2
1442,427,1,2
1442,428,1,2
1442,429,1,2
1442,430,1,2
1442,431,1,2
1442,432,1,2
1442,433,1,2
1442,434,1,2
1442,435,1,2
1442,436,1,2
1442,437,1,2
1442,438,1,2
1442,439,1,2
1442,440,1,2
1442,441,1,2
1442,442,1,2
1442,443,1,2
1442,444,1,2
1442,445,1,2
1442,446,1,2
1442,447,1,2
1442,448,1,2
1442,449,1,2
1442,450,1,2
1442,451,1,2
1442,452,1,2
1442,453,1,2
1442,454,1,2
1442,455,1,2
1442,456,1,2
1442,457,1,2
1442,458,1,2
1442,459,1,2
1442,460,1,2
1442,461,1,2
1442,462,1,2
1442,463,1,2
1442,464,1,2
1442,465,1,2
1442,466,1,2
1442,467,1,2
1443,145,1,2
1443,146,1,3
1443,147,1,3
1443,148,1,3
1443,149,1,3
1443,150,1,3
1443,151,1,3
1443,152,1,3
1443,153,1,3
1443,154,1,3
1443,155,1,3
1443,156,1,3
1443,157,1,3
1443,158,1,3
1443,159,1,3
1443,160,1,3
1443,161,1,3
1443,162,1,3
1443,163,1,3
1443,164,1,3
1443,165,1,3
1443,166,1,3
1443,167,1,3
1443,168,1,3
1443,169,1,3
1443,170,1,3
1443,171,1,3
1443,172,1,3
1443,173,1,3
1443,174,1,3
1443,175,1,3
1443,176,1,3
1443,177,1,3
1443,178,1,3
1443,179,1,3
1443,180,1,3
1443,181,1,3
1443,182,1,3
1443,183,1,3
1443,184,1,3
1443,185,1,3
1443,186,1,3
1443,187,1,3
1443,188,1,3
1443,189,1,3
1443,190,1,3
1443,191,1,3
1443,192,1,3
1443,193,1,3
1443,194,1,3
1443,195,1,3
1443,196,1,3
1443,197,1,3
1443,198,1,3
1443,199,1,3
1443,200,1,3
1443,201,1,3
1443,202,1,3
1443,203,1,3
1443,204,1,3
1443,205,1,3
1443,206,1,3
1443,207,1,3
1443,208,1,3
1443,209,1,3
1443,210,1,3
1443,211,1,3
1443,212,1,3
1443,213,1,3
1443,214,1,3
1443,215,1,3
1443,216,1,3
1443,217,1,3
1443,218,1,3
1443,219,1,3
1443,220,1,3
1443,221,1,3
1443,222,1,3
1443,223,1,3
1443,224,1,3
1443,225,1,3
1443,226,1,3
1443,227,1,3
1443,228,1,3
1443,229,1,3
1443,230,1,3
1443,231,1,3
1443,232,1,3
1443,233,1,3
1443,234,1,3
1443,235,1,3
1443,236,1,3
1443,237,1,3
1443,238,1,3
1443,239,1,3
1443,240,1,3
1443,241,1,3
1443,242,1,3
1443,243,1,3
1443,244,1,3
1443,245,1,3
1443,246,1,3
1443,247,1,3
1443,248,1,3
1443,249,1,3
1443,250,1,3
1443,251,1,3
1443,252,1,3
1443,253,1,3
1443,254,1,3
1443,255,1,3
1443,256,1,3
1443,257,1,3
1443,258,1,3
1443,259,1,3
1443,260,1,3
1443,261,1,3
1443,262,1,3
1443,263,1,3
1443,264,1,3
1443,265,1,3
1443,266,1,3
1443,267,1,3
1443,268,1,3
1443,269,1,3
1443,270,1,3
1443,271,1,3
1443,272,1,3
1443,273,1,3
1443,274,1,3
1443,275,1,3
1443,276,1,3
1443,277,1,3
1443,278,1,3
1443,279,1,3
1443,280,1,3
1443,281,1,3
1443,282,1,3
1443,283,1,3
1443,284,1,3
1443,285,1,3
1443,286,1,3
1443,287,1,3
1443,288,1,3
1443,289,1,3
1443,290,1,3
1443,291,1,3
1443,292,1,3
1443,293,1,3
1443,294,1,3
1443,295,1,3
1443,296,1,3
1443,297,1,3
1443,298,1,3
1443,299,1,3
1443,300,1,3
1443,301,1,3
1443,302,1,3
1443,303,1,3
1443,304,1,3
1443,305,1,3
1443,306,1,3
1443,307,1,3
1443,308,1,3
1443,309,1,3
1443,310,1,3
1443,311,1,3
1443,312,1,3
1443,313,1,3
1443,314,1,3
1443,315,1,3
1443,316,1,3
1443,317,1,3
1443,318,1,3
1443,319,1,3
1443,320,1,3
1443,321,1,3
1443,322,1,3
1443,323,1,3
1443,324,1,3
1443,325,1,3
1443,326,1,3
1443,327,1,3
1443,328,1,3
1443,329,1,3
1443,330,1,3
1443,331,1,3
1443,332,1,3
1443,333,1,3
1443,334,1,3
1443,335,1,3
1443,336,1,3
1443,337,1,3
1443,338,1,3
1443,339,1,3
1443,340,1,3
1443,341,1,3
1443,342,1,3
1443,343,1,3
1443,344,1,3
1443,345,1,3
1443,346,1,3
1443,347,1,3
1443,348,1,3
1443,349,1,3
1443,350,1,3
1443,351,1,3
1443,352,1,3
1443,353,1,3
1443,354,1,3
1443,355,1,3
1443,356,1,3
1443,357,1,3
1443,358,1,3
1443,359,1,3
1443,360,1,3
1443,361,1,3
1443,362,1,3
1443,363,1,3
1443,364,1,3
1443,365,1,3
1443,366,1,3
1443,367,1,3
1443,368,1,3
1443,369,1,3
1443,370,1,3
1443,371,1,3
1443,372,1,3
1443,373,1,2
1443,374,1,2
1443,375,1,2
1443,376,1,2
1443,377,1,2
1443,378,1,2
1443,379,1,2
1443,380,1,2
1443,381,1,2
1443,382,1,2
1443,383,1,2
1443,384,1,2
1443,385,1,2
1443,386,1,2
1443,387,1,2
1443,388,1,2
1443,389,1,2
1443,390,1,2
1443,391,1,2
1443,392,1,2
1443,393,1,2
1443,394,1,2
1443,395,1,2
1443,396,1,2
1443,397,1,2
1443,398,1,2
1443,399,1,2
1443,400,1,2
1443,401,1,2
1443,402,1,2
1443,403,1,2
1443,404,1,2
1443,405,1,2
1443,406,1,2
1443,407,1,2
1443,408,1,2
1443,409,1,2
1443,410,1,2
1443,411,1,2
1443,412,1,2
1443,413,1,2
1443,414,1,2
1443,415,1,2
1443,416,1,2
1443,417,1,2
1443,418,1,2
1443,419,1,2
1443,420,1,2
1443,421,1,2
1443,422,1,2
1443,423,1,2
1443,424,1,2
1443,425,1,2
1443,426,1,2
1443,427,1,2
1443,428,1,2
1443,429,1,2
1443,430,1,2
1443,431,1,2
1443,432,1,2
1443,433,1,2
1443,434,1,2
1443,435,1,2
1443,436,1,2
1443,437,1,2
1443,438,1,2
1443,439,1,2
1443,440,1,2
1443,441,1,2
1443,442,1,2
1443,443,1,2
1443,444,1,2
1443,445,1,2
1443,446,1,2
1443,447,1,2
1443,448,1,2
1443,449,1,2
1443,450,1,2
1443,451,1,2
1443,452,1,2
1443,453,1,2
1443,454,1,2
1443,455,1,2
1443,456,1,2
1443,457,1,2
1443,458,1,2
1443,459,1,2
1443,460,1,2
1443,461,1,2
1443,462,1,2
1443,463,1,2
1443,464,1,2
1443,465,1,2
1443,466,1,2
1443,467,1,2
1444,146,1,3
1444,147,1,3
1444,148,1,3
1444,149,1,3
1444,150,1,3
1444,151,1,3
1444,152,1,3
1444,153,1,3
1444,154,1,3
1444,155,1,3
1444,156,1,3
1444,157,1,3
1444,158,1,3
1444,159,1,3
1444,160,1,3
1444,161,1,3
1444,162,1,3
1444,163,1,3
1444,164,1,3
1444,165,1,3
1444,166,1,3
1444,167,1,3
1444,168,1,3
1444,169,1,3
1444,170,1,3
1444,171,1,3
1444,172,1,3
1444,173,1,3
1444,174,1,3
1444,175,1,3
1444,176,1,3
1444,177,1,3
1444,178,1,3
1444,179,1,3
1444,180,1,3
1444,181,1,3
1444,182,1,3
1444,183,1,3
1444,184,1,3
1444,185,1,3
1444,186,1,3
1444,187,1,3
1444,188,1,3
1444,189,1,3
1444,190,1,3
1444,191,1,3
1444,192,1,3
1444,193,1,3
1444,194,1,3
1444,195,1,3
1444,196,1,3
1444,197,1,3
1444,198,1,3
1444,199,1,3
1444,200,1,3
1444,201,1,3
1444,202,1,3
1444,203,1,3
1444,204,1,3
1444,205,1,3
1444,206,1,3
1444,207,1,3
1444,208,1,3
1444,209,1,3
1444,210,1,3
1444,211,1,3
1444,212,1,3
1444,213,1,3
1444,214,1,3
1444,215,1,3
1444,216,1,3
1444,217,1,3
1444,218,1,3
1444,219,1,3
1444,220,1,3
1444,221,1,3
1444,222,1,3
1444,223,1,3
1444,224,1,3
1444,225,1,3
1444,226,1,3
1444,227,1,3
1444,228,1,3
1444,229,1,3
1444,230,1,3
1444,231,1,3
1444,232,1,3
1444,233,1,3
1444,234,1,3
1444,235,1,3
1444,236,1,3
1444,237,1,3
1444,238,1,3
1444,239,1,3
1444,240,1,3
1444,241,1,3
1444,242,1,3
1444,243,1,3
1444,244,1,3
1444,245,1,3
1444,246,1,3
1444,247,1,3
1444,248,1,3
1444,249,1,3
1444,250,1,3
1444,251,1,3
1444,252,1,3
1444,253,1,3
1444,254,1,3
1444,255,1,3
1444,256,1,3
1444,257,1,3
1444,258,1,3
1444,259,1,3
1444,260,1,3
1444,261,1,3
1444,262,1,3
1444,263,1,3
1444,264,1,3
1444,265,1,3
1444,266,1,3
1444,267,1,3
1444,268,1,3
1444,269,1,3
1444,270,1,3
1444,271,1,3
1444,272,1,3
1444,273,1,3
1444,274,1,3
1444,275,1,3
1444,276,1,3
1444,277,1,3
1444,278,1,3
1444,279,1,3
1444,280,1,3
1444,281,1,3
1444,282,1,3
1444,283,1,3
1444,284,1,3
1444,285,1,3
1444,286,1,3
1444,287,1,3
1444,288,1,3
1444,289,1,3
1444,290,1,3
1444,291,1,3
1444,292,1,3
1444,293,1,3
1444,294,1,3
1444,295,1,3
1444,296,1,3
1444,297,1,3
1444,298,1,3
1444,299,1,3
1444,300,1,3
1444,301,1,3
1444,302,1,3
1444,303,1,3
1444,304,1,3
1444,305,1,3
1444,306,1,3
1444,307,1,3
1444,308,1,3
1444,309,1,3
1444,310,1,3
1444,311,1,3
1444,312,1,3
1444,313,1,3
1444,314,1,3
1444,315,1,3
1444,316,1,3
1444,317,1,3
1444,318,1,3
1444,319,1,3
1444,320,1,3
1444,321,1,3
1444,322,1,3
1444,323,1,3
1444,324,1,3
1444,325,1,3
1444,326,1,3
1444,327,1,3
1444,328,1,3
1444,329,1,3
1444,330,1,3
1444,331,1,3
1444,332,1,3
1444,333,1,3
1444,334,1,3
1444,335,1,3
1444,336,1,3
1444,337,1,3
1444,338,1,3
1444,339,1,3
1444,340,1,3
1444,341,1,3
1444,342,1,3
1444,343,1,3
1444,344,1,3
1444,345,1,3
1444,346,1,3
1444,347,1,3
1444,348,1,3
1444,349,1,3
1444,350,1,3
1444,351,1,3
1444,352,1,3
1444,353,1,3
1444,354,1,3
1444,355,1,3
1444,356,1,3
1444,357,1,3
1444,358,1,3
1444,359,1,3
1444,360,1,3
1444,361,1,3
1444,362,1,3
1444,363,1,3
1444,364,1,3
1444,365,1,3
1444,366,1,3
1444,367,1,3
1444,368,1,3
1444,369,1,3
1444,370,1,3
1444,371,1,3
1444,372,1,3
1444,373,1,3
1444,374,1,2
1444,375,1,2
1444,376,1,2
1444,377,1,2
1444,378,1,2
1444,379,1,2
1444,380,1,2
1444,381,1,2
1444,382,1,2
1444,383,1,2
1444,384,1,2
1444,385,1,2
1444,386,1,2
1444,387,1,2
1444,388,1,2
1444,389,1,2
1444,390,1,2
1444,391,1,2
1444,392,1,2
1444,393,1,2
1444,394,1,2
1444,395,1,2
1444,396,1,2
1444,397,1,2
1444,398,1,2
1444,399,1,2
1444,400,1,2
1444,401,1,2
1444,402,1,2
1444,403,1,2
1444,404,1,2
1444,405,1,2
1444,406,1,2
1444,407,1,2
1444,408,1,2
1444,409,1,2
1444,410,1,2
1444,411,1,2
1444,412,1,2
1444,413,1,2
1444,414,1,2
1444,415,1,2
1444,416,1,2
1444,417,1,2
1444,418,1,2
1444,419,1,2
1444,420,1,2
1444,421,1,2
1444,422,1,2
1444,423,1,2
1444,424,1,2
1444,425,1,2
1444,426,1,2
1444,427,1,2
1444,428,1,2
1444,429,1,2
1444,430,1,2
1444,431,1,2
1444,432,1,2
1444,433,1,2
1444,434,1,2
1444,435,1,2
1444,436,1,2
1444,437,1,2
1444,438,1,2
1444,439,1,2
1444,440,1,2
1444,441,1,2
1444,442,1,2
1444,443,1,2
1444,444,1,2
1444,445,1,2
1444,446,1,2
1444,447,1,2
1444,448,1,2
1444,449,1,2
1444,450,1,2
1444,451,1,2
1444,452,1,2
1444,453,1,2
1444,454,1,2
1444,455,1,2
1444,456,1,2
1444,457,1,2
1444,458,1,2
1444,459,1,2
1444,460,1,2
1444,461,1,2
1444,462,1,2
1444,463,1,2
1444,464,1,2
1444,465,1,2
1444,466,1,2
1444,467,1,2
1445,147,1,3
1445,148,1,3
1445,149,1,3
1445,150,1,3
1445,151,1,3
1445,152,1,3
1445,153,1,3
1445,154,1,3
1445,155,1,3
1445,156,1,3
1445,157,1,3
1445,158,1,3
1445,159,1,3
1445,160,1,3
1445,161,1,3
1445,162,1,3
1445,163,1,3
1445,164,1,3
1445,165,1,3
1445,166,1,3
1445,167,1,3
1445,168,1,3
1445,169,1,3
1445,170,1,3
1445,171,1,3
1445,172,1,3
1445,173,1,3
1445,174,1,3
1445,175,1,3
1445,176,1,3
1445,177,1,3
1445,178,1,3
1445,179,1,3
1445,180,1,3
1445,181,1,3
1445,182,1,3
1445,183,1,3
1445,184,1,3
1445,185,1,3
1445,186,1,3
1445,187,1,3
1445,188,1,3
1445,189,1,3
1445,190,1,3
1445,191,1,3
1445,192,1,3
1445,193,1,3
1445,194,1,3
1445,195,1,3
1445,196,1,3
1445,197,1,3
1445,198,1,3
1445,199,1,3
1445,200,1,3
1445,201,1,3
1445,202,1,3
1445,203,1,3
1445,204,1,3
1445,205,1,3
1445,206,1,3
1445,207,1,3
1445,208,1,3
1445,209,1,3
1445,210,1,3
1445,211,1,3
1445,212,1,3
1445,213,1,3
1445,214,1,3
1445,215,1,3
1445,216,1,3
1445,217,1,3
1445,218,1,3
1445,219,1,3
1445,220,1,3
1445,221,1,3
1445,222,1,3
1445,223,1,3
1445,224,1,3
1445,225,1,3
1445,226,1,3
1445,227,1,3
1445,228,1,3
1445,229,1,3
1445,230,1,3
1445,231,1,3
1445,232,1,3
1445,233,1,3
1445,234,1,3
1445,235,1,3
1445,236,1,3
1445,237,1,3
1445,238,1,3
1445,239,1,3
1445,240,1,3
1445,241,1,3
1445,242,1,3
1445,243,1,3
1445,244,1,3
1445,245,1,3
1445,246,1,3
1445,247,1,3
1445,248,1,3
1445,249,1,3
1445,250,1,3
1445,251,1,3
1445,252,1,3
1445,253,1,3
1445,254,1,3
1445,255,1,3
1445,256,1,3
1445,257,1,3
1445,258,1,3
1445,259,1,3
1445,260,1,3
1445,261,1,3
1445,262,1,3
1445,263,1,3
1445,264,1,3
1445,265,1,3
1445,266,1,3
1445,267,1,3
1445,268,1,3
1445,269,1,3
1445,270,1,3
1445,271,1,3
1445,272,1,3
1445,273,1,3
1445,274,1,3
1445,275,1,3
1445,276,1,3
1445,277,1,3
1445,278,1,3
1445,279,1,3
1445,280,1,3
1445,281,1,3
1445,282,1,3
1445,283,1,3
1445,284,1,3
1445,285,1,3
1445,286,1,3
1445,287,1,3
1445,288,1,3
1445,289,1,3
1445,290,1,3
1445,291,1,3
1445,292,1,3
1445,293,1,3
1445,294,1,3
1445,295,1,3
1445,296,1,3
1445,297,1,3
1445,298,1,3
1445,299,1,3
1445,300,1,3
1445,301,1,3
1445,302,1,3
1445,303,1,3
1445,304,1,3
1445,305,1,3
1445,306,1,3
1445,307,1,3
1445,308,1,3
1445,309,1,3
1445,310,1,3
1445,311,1,3
1445,312,1,3
1445,313,1,3
1445,314,1,3
1445,315,1,3
1445,316,1,3
1445,317,1,3
1445,318,1,3
1445,319,1,3
1445,320,1,3
1445,321,1,3
1445,322,1,3
1445,323,1,3
1445,324,1,3
1445,325,1,3
1445,326,1,3
1445,327,1,3
1445,328,1,3
1445,329,1,3
1445,330,1,3
1445,331,1,3
1445,332,1,3
1445,333,1,3
1445,334,1,3
1445,335,1,3
1445,336,1,3
1445,337,1,3
1445,338,1,3
1445,339,1,3
1445,340,1,3
1445,341,1,3
1445,342,1,3
1445,343,1,3
1445,344,1,3
1445,345,1,3
1445,346,1,3
1445,347,1,3
1445,348,1,3
1445,349,1,3
1445,350,1,3
1445,351,1,3
1445,352,1,3
1445,353,1,3
1445,354,1,3
1445,355,1,3
1445,356,1,3
1445,357,1,3
1445,358,1,3
1445,359,1,3
1445,360,1,3
1445,361,1,3
1445,362,1,3
1445,363,1,3
1445,364,1,3
1445,365,1,3
1445,366,1,3
1445,367,1,3
1445,368,1,3
1445,369,1,3
1445,370,1,3
1445,371,1,3
1445,372,1,3
1445,373,1,3
1445,374,1,2
1445,375,1,2
1445,376,1,2
1445,377,1,2
1445,378,1,2
1445,379,1,2
1445,380,1,2
1445,381,1,2
1445,382,1,2
1445,383,1,2
1445,384,1,2
1445,385,1,2
1445,386,1,2
1445,387,1,2
1445,388,1,2
1445,389,1,2
1445,390,1,2
1445,391,1,2
1445,392,1,2
1445,393,1,2
1445,394,1,2
1445,395,1,2
1445,396,1,2
1445,397,1,2
1445,398,1,2
1445,399,1,2
1445,400,1,2
1445,401,1,2
1445,402,1,2
1445,403,1,2
1445,404,1,2
1445,405,1,2
1445,406,1,2
1445,407,1,2
1445,408,1,2
1445,409,1,2
1445,410,1,2
1445,411,1,2
1445,412,1,2
1445,413,1,2
1445,414,1,2
1445,415,1,2
1445,416,1,2
1445,417,1,2
1445,418,1,2
1445,419,1,2
1445,420,1,2
1445,421,1,2
1445,422,1,2
1445,423,1,2
1445,424,1,2
1445,425,1,2
1445,426,1,2
1445,427,1,2
1445,428,1,2
1445,429,1,2
1445,430,1,2
1445,431,1,2
1445,432,1,2
1445,433,1,2
1445,434,1,2
1445,435,1,2
1445,436,1,2
1445,437,1,2
1445,438,1,2
1445,439,1,2
1445,440,1,2
1445,441,1,2
1445,442,1,2
1445,443,1,2
1445,444,1,2
1445,445,1,2
1445,446,1,2
1445,447,1,2
1445,448,1,2
1445,449,1,2
1445,450,1,2
1445,451,1,2
1445,452,1,2
1445,453,1,2
1445,454,1,2
1445,455,1,2
1445,456,1,2
1445,457,1,2
1445,458,1,2
1445,459,1,2
1445,460,1,2
1445,461,1,2
1445,462,1,2
1445,463,1,2
1445,464,1,2
1445,465,1,2
1445,466,1,2
1445,467,1,2
1446,147,1,3
1446,148,1,3
1446,149,1,3
1446,150,1,3
1446,151,1,3
1446,152,1,3
1446,153,1,3
1446,154,1,3
1446,155,1,3
1446,156,1,3
1446,157,1,3
1446,158,1,3
1446,159,1,3
1446,160,1,3
1446,161,1,3
1446,162,1,3
1446,163,1,3
1446,164,1,3
1446,165,1,3
1446,166,1,3
1446,167,1,3
1446,168,1,3
1446,169,1,3
1446,170,1,3
1446,171,1,3
1446,172,1,3
1446,173,1,3
1446,174,1,3
1446,175,1,3
1446,176,1,3
1446,177,1,3
1446,178,1,3
1446,179,1,3
1446,180,1,3
1446,181,1,3
1446,182,1,3
1446,183,1,3
1446,184,1,3
1446,185,1,3
1446,186,1,3
1446,187,1,3
1446,188,1,3
1446,189,1,3
1446,190,1,3
1446,191,1,3
1446,192,1,3
1446,193,1,3
1446,194,1,3
1446,195,1,3
1446,196,1,3
1446,197,1,3
1446,198,1,3
1446,199,1,3
1446,200,1,3
1446,201,1,3
1446,202,1,3
1446,203,1,3
1446,204,1,3
1446,205,1,3
1446,206,1,3
1446,207,1,3
1446,208,1,3
1446,209,1,3
1446,210,1,3
1446,211,1,3
1446,212,1,3
1446,213,1,3
1446,214,1,3
1446,215,1,3
1446,216,1,3
1446,217,1,3
1446,218,1,3
1446,219,1,3
1446,220,1,3
1446,221,1,3
1446,222,1,3
1446,223,1,3
1446,224,1,3
1446,225,1,3
1446,226,1,3
1446,227,1,3
1446,228,1,3
1446,229,1,3
1446,230,1,3
1446,231,1,3
1446,232,1,3
1446,233,1,3
1446,234,1,3
1446,235,1,3
1446,236,1,3
1446,237,1,3
1446,238,1,3
1446,239,1,3
1446,240,1,3
1446,241,1,3
1446,242,1,3
1446,243,1,3
1446,244,1,3
1446,245,1,3
1446,246,1,3
1446,247,1,3
1446,248,1,3
1446,249,1,3
1446,250,1,3
1446,251,1,3
1446,252,1,3
1446,253,1,3
1446,254,1,3
1446,255,1,3
1446,256,1,3
1446,257,1,3
1446,258,1,3
1446,259,1,3
1446,260,1,3
1446,261,1,3
1446,262,1,3
1446,263,1,3
1446,264,1,3
1446,265,1,3
1446,266,1,3
1446,267,1,3
1446,268,1,3
1446,269,1,3
1446,270,1,3
1446,271,1,3
1446,272,1,3
1446,273,1,3
1446,274,1,3
1446,275,1,3
1446,276,1,3
1446,277,1,3
1446,278,1,3
1446,279,1,3
1446,280,1,3
1446,281,1,3
1446,282,1,3
1446,283,1,3
1446,284,1,3
1446,285,1,3
1446,286,1,3
1446,287,1,3
1446,288,1,3
1446,289,1,3
1446,290,1,3
1446,291,1,3
1446,292,1,3
1446,293,1,3
1446,294,1,3
1446,295,1,3
1446,296,1,3
1446,297,1,3
1446,298,1,3
1446,299,1,3
1446,300,1,3
1446,301,1,3
1446,302,1,3
1446,303,1,3
1446,304,1,3
1446,305,1,3
1446,306,1,3
1446,307,1,3
1446,308,1,3
1446,309,1,3
1446,310,1,3
1446,311,1,3
1446,312,1,3
1446,313,1,3
1446,314,1,3
1446,315,1,3
1446,316,1,3
1446,317,1,3
1446,318,1,3
1446,319,1,3
1446,320,1,3
1446,321,1,3
1446,322,1,3
1446,323,1,3
1446,324,1,3
1446,325,1,3
1446,326,1,3
1446,327,1,3
1446,328,1,3
1446,329,1,3
1446,330,1,3
1446,331,1,3
1446,332,1,3
1446,333,1,3
1446,334,1,3
1446,335,1,3
1446,336,1,3
1446,337,1,3
1446,338,1,3
1446,339,1,3
1446,340,1,3
1446,341,1,3
1446,342,1,3
1446,343,1,3
1446,344,1,3
1446,345,1,3
1446,346,1,3
1446,347,1,3
1446,348,1,3
1446,349,1,3
1446,350,1,3
1446,351,1,3
1446,352,1,3
1446,353,1,3
1446,354,1,3
1446,355,1,3
1446,356,1,3
1446,357,1,3
1446,358,1,3
1446,359,1,3
1446,360,1,3
1446,361,1,3
1446,362,1,3
1446,363,1,3
1446,364,1,3
1446,365,1,3
1446,366,1,3
1446,367,1,3
1446,368,1,3
1446,369,1,3
1446,370,1,3
1446,371,1,3
1446,372,1,3
1446,373,1,3
1446,374,1,2
1446,375,1,2
1446,376,1,2
1446,377,1,2
1446,378,1,2
1446,379,1,2
1446,380,1,2
1446,381,1,2
1446,382,1,2
1446,383,1,2
1446,384,1,2
1446,385,1,2
1446,386,1,2
1446,387,1,2
1446,388,1,2
1446,389,1,2
1446,390,1,2
1446,391,1,2
1446,392,1,2
1446,393,1,2
1446,394,1,2
1446,395,1,2
1446,396,1,2
1446,397,1,2
1446,398,1,2
1446,399,1,2
1446,400,1,2
1446,401,1,2
1446,402,1,2
1446,403,1,2
1446,404,1,2
1446,405,1,2
1446,406,1,2
1446,407,1,2
1446,408,1,2
1446,409,1,2
1446,410,1,2
1446,411,1,2
1446,412,1,2
1446,413,1,2
1446,414,1,2
1446,415,1,2
1446,416,1,2
1446,417,1,2
1446,418,1,2
1446,419,1,2
1446,420,1,2
1446,421,1,2
1446,422,1,2
1446,423,1,2
1446,424,1,2
1446,425,1,2
1446,426,1,2
1446,427,1,2
1446,428,1,2
1446,429,1,2
1446,430,1,2
1446,431,1,2
1446,432,1,2
1446,433,1,2
1446,434,1,2
1446,435,1,2
1446,436,1,2
1446,437,1,2
1446,438,1,2
1446,439,1,2
1446,440,1,2
1446,441,1,2
1446,442,1,2
1446,443,1,2
1446,444,1,2
1446,445,1,2
1446,446,1,2
1446,447,1,2
1446,448,1,2
1446,449,1,2
1446,450,1,2
1446,451,1,2
1446,452,1,2
1446,453,1,2
1446,454,1,2
1446,455,1,2
1446,456,1,2
1446,457,1,2
1446,458,1,2
1446,459,1,2
1446,460,1,2
1446,461,1,2
1446,462,1,2
1446,463,1,2
1446,464,1,2
1446,465,1,2
1446,466,1,2
1446,467,1,2
1447,148,1,3
1447,149,1,3
1447,150,1,3
1447,151,1,3
1447,152,1,3
1447,153,1,3
1447,154,1,3
1447,155,1,3
1447,156,1,3
1447,157,1,3
1447,158,1,3
1447,159,1,3
1447,160,1,3
1447,161,1,3
1447,162,1,3
1447,163,1,3
1447,164,1,3
1447,165,1,3
1447,166,1,3
1447,167,1,3
1447,168,1,3
1447,169,1,3
1447,170,1,3
1447,171,1,3
1447,172,1,3
1447,173,1,3
1447,174,1,3
1447,175,1,3
1447,176,1,3
1447,177,1,3
1447,178,1,3
1447,179,1,3
1447,180,1,3
1447,181,1,3
1447,182,1,3
1447,183,1,3
1447,184,1,3
1447,185,1,3
1447,186,1,3
1447,187,1,3
1447,188,1,3
1447,189,1,3
1447,190,1,3
1447,191,1,3
1447,192,1,3
1447,193,1,3
1447,194,1,3
1447,195,1,3
1447,196,1,3
1447,197,1,3
1447,198,1,3
1447,199,1,3
1447,200,1,3
1447,201,1,3
1447,202,1,3
1447,203,1,3
1447,204,1,3
1447,205,1,3
1447,206,1,3
1447,207,1,3
1447,208,1,3
1447,209,1,3
1447,210,1,3
1447,211,1,3
1447,212,1,3
1447,213,1,3
1447,214,1,3
1447,215,1,3
1447,216,1,3
1447,217,1,3
1447,218,1,3
1447,219,1,3
1447,220,1,3
1447,221,1,3
1447,222,1,3
1447,223,1,3
1447,224,1,3
1447,225,1,3
1447,226,1,3
1447,227,1,3
1447,228,1,3
1447,229,1,3
1447,230,1,3
1447,231,1,3
1447,232,1,3
1447,233,1,3
1447,234,1,3
1447,235,1,3
1447,236,1,3
1447,237,1,3
1447,238,1,3
1447,239,1,3
1447,240,1,3
1447,241,1,3
1447,242,1,3
1447,243,1,3
1447,244,1,3
1447,245,1,3
1447,246,1,3
1447,247,1,3
1447,248,1,3
1447,249,1,3
1447,250,1,3
1447,251,1,3
1447,252,1,3
1447,253,1,3
1447,254,1,3
1447,255,1,3
1447,256,1,3
1447,257,1,3
1447,258,1,3
1447,259,1,3
1447,260,1,3
1447,261,1,3
1447,262,1,3
1447,263,1,3
1447,264,1,3
1447,265,1,3
1447,266,1,3
1447,267,1,3
1447,268,1,3
1447,269,1,3
1447,270,1,3
1447,271,1,3
1447,272,1,3
1447,273,1,3
1447,274,1,3
1447,275,1,3
1447,276,1,3
1447,277,1,3
1447,278,1,3
1447,279,1,3
1447,280,1,3
1447,281,1,3
1447,282,1,3
1447,283,1,3
1447,284,1,3
1447,285,1,3
1447,286,1,3
1447,287,1,3
1447,288,1,3
1447,289,1,3
1447,290,1,3
1447,291,1,3
1447,292,1,3
1447,293,1,3
1447,294,1,3
1447,295,1,3
1447,296,1,3
1447,297,1,3
1447,298,1,3
1447,299,1,3
1447,300,1,3
1447,301,1,3
1447,302,1,3
1447,303,1,3
1447,304,1,3
1447,305,1,3
1447,306,1,3
1447,307,1,3
1447,308,1,3
1447,309,1,3
1447,310,1,3
1447,311,1,3
1447,312,1,3
1447,313,1,3
1447,314,1,3
1447,315,1,3
1447,316,1,3
1447,317,1,3
1447,318,1,3
1447,319,1,3
1447,320,1,3
1447,321,1,3
1447,322,1,3
1447,323,1,3
1447,324,1,3
1447,325,1,3
1447,326,1,3
1447,327,1,3
1447,328,1,3
1447,329,1,3
1447,330,1,3
1447,331,1,3
1447,332,1,3
1447,333,1,3
1447,334,1,3
1447,335,1,3
1447,336,1,3
1447,337,1,3
1447,338,1,3
1447,339,1,3
1447,340,1,3
1447,341,1,3
1447,342,1,3
1447,343,1,3
1447,344,1,3
1447,345,1,3
1447,346,1,3
1447,347,1,3
1447,348,1,3
1447,349,1,3
1447,350,1,3
1447,351,1,3
1447,352,1,3
1447,353,1,3
1447,354,1,3
1447,355,1,3
1447,356,1,3
1447,357,1,3
1447,358,1,3
1447,359,1,3
1447,360,1,3
1447,361,1,3
1447,362,1,3
1447,363,1,3
1447,364,1,3
1447,365,1,3
1447,366,1,3
1447,367,1,3
1447,368,1,3
1447,369,1,3
1447,370,1,3
1447,371,1,3
1447,372,1,3
1447,373,1,3
1447,374,1,3
1447,375,1,2
1447,376,1,2
1447,377,1,2
1447,378,1,2
1447,379,1,2
1447,380,1,2
1447,381,1,2
1447,382,1,2
1447,383,1,2
1447,384,1,2
1447,385,1,2
1447,386,1,2
1447,387,1,2
1447,388,1,2
1447,389,1,2
1447,390,1,2
1447,391,1,2
1447,392,1,2
1447,393,1,2
1447,394,1,2
1447,395,1,2
1447,396,1,2
1447,397,1,2
1447,398,1,2
1447,399,1,2
1447,400,1,2
1447,401,1,2
1447,402,1,2
1447,403,1,2
1447,404,1,2
1447,405,1,2
1447,406,1,2
1447,407,1,2
1447,408,1,2
1447,409,1,2
1447,410,1,2
1447,411,1,2
1447,412,1,2
1447,413,1,2
1447,414,1,2
1447,415,1,2
1447,416,1,2
1447,417,1,2
1447,418,1,2
1447,419,1,2
1447,420,1,2
1447,421,1,2
1447,422,1,2
1447,423,1,2
1447,424,1,2
1447,425,1,2
1447,426,1,2
1447,427,1,2
1447,428,1,2
1447,429,1,2
1447,430,1,2
1447,431,1,2
1447,432,1,2
1447,433,1,2
1447,434,1,2
1447,435,1,2
1447,436,1,2
1447,437,1,2
1447,438,1,2
1447,439,1,2
1447,440,1,2
1447,441,1,2
1447,442,1,2
1447,443,1,2
1447,444,1,2
1447,445,1,2
1447,446,1,2
1447,447,1,2
1447,448,1,2
1447,449,1,2
1447,450,1,2
1447,451,1,2
1447,452,1,2
1447,453,1,2
1447,454,1,2
1447,455,1,2
1447,456,1,2
1447,457,1,2
1447,458,1,2
1447,459,1,2
1447,460,1,2
1447,461,1,2
1447,462,1,2
1447,463,1,2
1447,464,1,2
1447,465,1,2
1447,466,1,2
1448,149,1,3
1448,150,1,3
1448,151,1,3
1448,152,1,3
1448,153,1,3
1448,154,1,3
1448,155,1,3
1448,156,1,3
1448,157,1,3
1448,158,1,3
1448,159,1,3
1448,160,1,3
1448,161,1,3
1448,162,1,3
1448,163,1,3
1448,164,1,3
1448,165,1,3
1448,166,1,3
1448,167,1,3
1448,168,1,3
1448,169,1,3
1448,170,1,3
1448,171,1,3
1448,172,1,3
1448,173,1,3
1448,174,1,3
1448,175,1,3
1448,176,1,3
1448,177,1,3
1448,178,1,3
1448,179,1,3
1448,180,1,3
1448,181,1,3
1448,182,1,3
1448,183,1,3
1448,184,1,3
1448,185,1,3
1448,186,1,3
1448,187,1,3
1448,188,1,3
1448,189,1,3
1448,190,1,3
1448,191,1,3
1448,192,1,3
1448,193,1,3
1448,194,1,3
1448,195,1,3
1448,196,1,3
1448,197,1,3
1448,198,1,3
1448,199,1,3
1448,200,1,3
1448,201,1,3
1448,202,1,3
1448,203,1,3
1448,204,1,3
1448,205,1,3
1448,206,1,3
1448,207,1,3
1448,208,1,3
1448,209,1,3
1448,210,1,3
1448,211,1,3
1448,212,1,3
1448,213,1,3
1448,214,1,3
1448,215,1,3
1448,216,1,3
1448,217,1,3
1448,218,1,3
1448,219,1,3
1448,220,1,3
1448,221,1,3
1448,222,1,3
1448,223,1,3
1448,224,1,3
1448,225,1,3
1448,226,1,3
1448,227,1,3
1448,228,1,3
1448,229,1,3
1448,230,1,3
1448,231,1,3
1448,232,1,3
1448,233,1,3
1448,234,1,3
1448,235,1,3
1448,236,1,3
1448,237,1,3
1448,238,1,3
1448,239,1,3
1448,240,1,3
1448,241,1,3
1448,242,1,3
1448,243,1,3
1448,244,1,3
1448,245,1,3
1448,246,1,3
1448,247,1,3
1448,248,1,3
1448,249,1,3
1448,250,1,3
1448,251,1,3
1448,252,1,3
1448,253,1,3
1448,254,1,3
1448,255,1,3
1448,256,1,3
1448,257,1,3
1448,258,1,3
1448,259,1,3
1448,260,1,3
1448,261,1,3
1448,262,1,3
1448,263,1,3
1448,264,1,3
1448,265,1,3
1448,266,1,3
1448,267,1,3
1448,268,1,3
1448,269,1,3
1448,270,1,3
1448,271,1,3
1448,272,1,3
1448,273,1,3
1448,274,1,3
1448,275,1,3
1448,276,1,3
1448,277,1,3
1448,278,1,3
1448,279,1,3
1448,280,1,3
1448,281,1,3
1448,282,1,3
1448,283,1,3
1448,284,1,3
1448,285,1,3
1448,286,1,3
1448,287,1,3
1448,288,1,3
1448,289,1,3
1448,290,1,3
1448,291,1,3
1448,292,1,3
1448,293,1,3
1448,294,1,3
1448,295,1,3
1448,296,1,3
1448,297,1,3
1448,298,1,3
1448,299,1,3
1448,300,1,3
1448,301,1,3
1448,302,1,3
1448,303,1,3
1448,304,1,3
1448,305,1,3
1448,306,1,3
1448,307,1,3
1448,308,1,3
1448,309,1,3
1448,310,1,3
1448,311,1,3
1448,312,1,3
1448,313,1,3
1448,314,1,3
1448,315,1,3
1448,316,1,3
1448,317,1,3
1448,318,1,3
1448,319,1,3
1448,320,1,3
1448,321,1,3
1448,322,1,3
1448,323,1,3
1448,324,1,3
1448,325,1,3
1448,326,1,3
1448,327,1,3
1448,328,1,3
1448,329,1,3
1448,330,1,3
1448,331,1,3
1448,332,1,3
1448,333,1,3
1448,334,1,3
1448,335,1,3
1448,336,1,3
1448,337,1,3
1448,338,1,3
1448,339,1,3
1448,340,1,3
1448,341,1,3
1448,342,1,3
1448,343,1,3
1448,344,1,3
1448,345,1,3
1448,346,1,3
1448,347,1,3
1448,348,1,3
1448,349,1,3
1448,350,1,3
1448,351,1,3
1448,352,1,3
1448,353,1,3
1448,354,1,3
1448,355,1,3
1448,356,1,3
1448,357,1,3
1448,358,1,3
1448,359,1,3
1448,360,1,3
1448,361,1,3
1448,362,1,3
1448,363,1,3
1448,364,1,3
1448,365,1,3
1448,366,1,3
1448,367,1,3
1448,368,1,3
1448,369,1,3
1448,370,1,3
1448,371,1,3
1448,372,1,3
1448,373,1,3
1448,374,1,3
1448,375,1,3
1448,376,1,2
1448,377,1,2
1448,378,1,2
1448,379,1,2
1448,380,1,2
1448,381,1,2
1448,382,1,2
1448,383,1,2
1448,384,1,2
1448,385,1,2
1448,386,1,2
1448,387,1,2
1448,388,1,2
1448,389,1,2
1448,390,1,2
1448,391,1,2
1448,392,1,2
1448,393,1,2
1448,394,1,2
1448,395,1,2
1448,396,1,2
1448,397,1,2
1448,398,1,2
1448,399,1,2
1448,400,1,2
1448,401,1,2
1448,402,1,2
1448,403,1,2
1448,404,1,2
1448,405,1,2
1448,406,1,2
1448,407,1,2
1448,408,1,2
1448,409,1,2
1448,410,1,2
1448,411,1,2
1448,412,1,2
1448,413,1,2
1448,414,1,2
1448,415,1,2
1448,416,1,2
1448,417,1,2
1448,418,1,2
1448,419,1,2
1448,420,1,2
1448,421,1,2
1448,422,1,2
1448,423,1,2
1448,424,1,2
1448,425,1,2
1448,426,1,2
1448,427,1,2
1448,428,1,2
1448,429,1,2
1448,430,1,2
1448,431,1,2
1448,432,1,2
1448,433,1,2
1448,434,1,2
1448,435,1,2
1448,436,1,2
1448,437,1,2
1448,438,1,2
1448,439,1,2
1448,440,1,2
1448,441,1,2
1448,442,1,2
1448,443,1,2
1448,444,1,2
1448,445,1,2
1448,446,1,2
1448,447,1,2
1448,448,1,2
1448,449,1,2
1448,450,1,2
1448,451,1,2
1448,452,1,2
1448,453,1,2
1448,454,1,2
1448,455,1,2
1448,456,1,2
1448,457,1,2
1448,458,1,2
1448,459,1,2
1448,460,1,2
1448,461,1,2
1448,462,1,2
1448,463,1,2
1448,464,1,2
1448,465,1,2
1448,466,1,2
1449,149,1,3
1449,150,1,3
1449,151,1,3
1449,152,1,3
1449,153,1,3
1449,154,1,3
1449,155,1,3
1449,156,1,3
1449,157,1,3
1449,158,1,3
1449,159,1,3
1449,160,1,3
1449,161,1,3
1449,162,1,3
1449,163,1,3
1449,164,1,3
1449,165,1,3
1449,166,1,3
1449,167,1,3
1449,168,1,3
1449,169,1,3
1449,170,1,3
1449,171,1,3
1449,172,1,3
1449,173,1,3
1449,174,1,3
1449,175,1,3
1449,176,1,3
1449,177,1,3
1449,178,1,3
1449,179,1,3
1449,180,1,3
1449,181,1,3
1449,182,1,3
1449,183,1,3
1449,184,1,3
1449,185,1,3
1449,186,1,3
1449,187,1,3
1449,188,1,3
1449,189,1,3
1449,190,1,3
1449,191,1,3
1449,192,1,3
1449,193,1,3
1449,194,1,3
1449,195,1,3
1449,196,1,3
1449,197,1,3
1449,198,1,3
1449,199,1,3
1449,200,1,3
1449,201,1,3
1449,202,1,3
1449,203,1,3
1449,204,1,3
1449,205,1,3
1449,206,1,3
1449,207,1,3
1449,208,1,3
1449,209,1,3
1449,210,1,3
1449,211,1,3
1449,212,1,3
1449,213,1,3
1449,214,1,3
1449,215,1,3
1449,216,1,3
1449,217,1,3
1449,218,1,3
1449,219,1,3
1449,220,1,3
1449,221,1,3
1449,222,1,3
1449,223,1,3
1449,224,1,3
1449,225,1,3
1449,226,1,3
1449,227,1,3
1449,228,1,3
1449,229,1,3
1449,230,1,3
1449,231,1,3
1449,232,1,3
1449,233,1,3
1449,234,1,3
1449,235,1,3
1449,236,1,3
1449,237,1,3
1449,238,1,3
1449,239,1,3
1449,240,1,3
1449,241,1,3
1449,242,1,3
1449,243,1,3
1449,244,1,3
1449,245,1,3
1449,246,1,3
1449,247,1,3
1449,248,1,3
1449,249,1,3
1449,250,1,3
1449,251,1,3
1449,252,1,3
1449,253,1,3
1449,254,1,3
1449,255,1,3
1449,256,1,3
1449,257,1,3
1449,258,1,3
1449,259,1,3
1449,260,1,3
1449,261,1,3
1449,262,1,3
1449,263,1,3
1449,264,1,3
1449,265,1,3
1449,266,1,3
1449,267,1,3
1449,268,1,3
1449,269,1,3
1449,270,1,3
1449,271,1,3
1449,272,1,3
1449,273,1,3
1449,274,1,3
1449,275,1,3
1449,276,1,3
1449,277,1,3
1449,278,1,3
1449,279,1,3
1449,280,1,3
1449,281,1,3
1449,282,1,3
1449,283,1,3
1449,284,1,3
1449,285,1,3
1449,286,1,3
1449,287,1,3
1449,288,1,3
1449,289,1,3
1449,290,1,3
1449,291,1,3
1449,292,1,3
1449,293,1,3
1449,294,1,3
1449,295,1,3
1449,296,1,3
1449,297,1,3
1449,298,1,3
1449,299,1,3
1449,300,1,3
1449,301,1,3
1449,302,1,3
1449,303,1,3
1449,304,1,3
1449,305,1,3
1449,306,1,3
1449,307,1,3
1449,308,1,3
1449,309,1,3
1449,310,1,3
1449,311,1,3
1449,312,1,3
1449,313,1,3
1449,314,1,3
1449,315,1,3
1449,316,1,3
1449,317,1,3
1449,318,1,3
1449,319,1,3
1449,320,1,3
1449,321,1,3
1449,322,1,3
1449,323,1,3
1449,324,1,3
1449,325,1,3
1449,326,1,3
1449,327,1,3
1449,328,1,3
1449,329,1,3
1449,330,1,3
1449,331,1,3
1449,332,1,3
1449,333,1,3
1449,334,1,3
1449,335,1,3
1449,336,1,3
1449,337,1,3
1449,338,1,3
1449,339,1,3
1449,340,1,3
1449,341,1,3
1449,342,1,3
1449,343,1,3
1449,344,1,3
1449,345,1,3
1449,346,1,3
1449,347,1,3
1449,348,1,3
1449,349,1,3
1449,350,1,3
1449,351,1,3
1449,352,1,3
1449,353,1,3
1449,354,1,3
1449,355,1,3
1449,356,1,3
1449,357,1,3
1449,358,1,3
1449,359,1,3
1449,360,1,3
1449,361,1,3
1449,362,1,3
1449,363,1,3
1449,364,1,3
1449,365,1,3
1449,366,1,3
1449,367,1,3
1449,368,1,3
1449,369,1,3
1449,370,1,3
1449,371,1,3
1449,372,1,3
1449,373,1,3
1449,374,1,3
1449,375,1,3
1449,376,1,3
1449,377,1,2
1449,378,1,2
1449,379,1,2
1449,380,1,2
1449,381,1,2
1449,382,1,2
1449,383,1,2
1449,384,1,2
1449,385,1,2
1449,386,1,2
1449,387,1,2
1449,388,1,2
1449,389,1,2
1449,390,1,2
1449,391,1,2
1449,392,1,2
1449,393,1,2
1449,394,1,2
1449,395,1,2
1449,396,1,2
1449,397,1,2
1449,398,1,2
1449,399,1,2
1449,400,1,2
1449,401,1,2
1449,402,1,2
1449,403,1,2
1449,404,1,2
1449,405,1,2
1449,406,1,2
1449,407,1,2
1449,408,1,2
1449,409,1,2
1449,410,1,2
1449,411,1,2
1449,412,1,2
1449,413,1,2
1449,414,1,2
1449,415,1,2
1449,416,1,2
1449,417,1,2
1449,418,1,2
1449,419,1,2
1449,420,1,2
1449,421,1,2
1449,422,1,2
1449,423,1,2
1449,424,1,2
1449,425,1,2
1449,426,1,2
1449,427,1,2
1449,428,1,2
1449,429,1,2
1449,430,1,2
1449,431,1,2
1449,432,1,2
1449,433,1,2
1449,434,1,2
1449,435,1,2
1449,436,1,2
1449,437,1,2
1449,438,1,2
1449,439,1,2
1449,440,1,2
1449,441,1,2
1449,442,1,2
1449,443,1,2
1449,444,1,2
1449,445,1,2
1449,446,1,2
1449,447,1,2
1449,448,1,2
1449,449,1,2
1449,450,1,2
1449,451,1,2
1449,452,1,2
1449,453,1,2
1449,454,1,2
1449,455,1,2
1449,456,1,2
1449,457,1,2
1449,458,1,2
1449,459,1,2
1449,460,1,2
1449,461,1,2
1449,462,1,2
1449,463,1,2
1449,464,1,2
1449,465,1,2
1449,466,1,2
1450,149,1,3
1450,150,1,3
1450,151,1,3
1450,152,1,3
1450,153,1,3
1450,154,1,3
1450,155,1,3
1450,156,1,3
1450,157,1,3
1450,158,1,3
1450,159,1,3
1450,160,1,3
1450,161,1,3
1450,162,1,3
1450,163,1,3
1450,164,1,3
1450,165,1,3
1450,166,1,3
1450,167,1,3
1450,168,1,3
1450,169,1,3
1450,170,1,3
1450,171,1,3
1450,172,1,3
1450,173,1,3
1450,174,1,3
1450,175,1,3
1450,176,1,3
1450,177,1,3
1450,178,1,3
1450,179,1,3
1450,180,1,3
1450,181,1,3
1450,182,1,3
1450,183,1,3
1450,184,1,3
1450,185,1,3
1450,186,1,3
1450,187,1,3
1450,188,1,3
1450,189,1,3
1450,190,1,3
1450,191,1,3
1450,192,1,3
1450,193,1,3
1450,194,1,3
1450,195,1,3
1450,196,1,3
1450,197,1,3
1450,198,1,3
1450,199,1,3
1450,200,1,3
1450,201,1,3
1450,202,1,3
1450,203,1,3
1450,204,1,3
1450,205,1,3
1450,206,1,3
1450,207,1,3
1450,208,1,3
1450,209,1,3
1450,210,1,3
1450,211,1,3
1450,212,1,3
1450,213,1,3
1450,214,1,3
1450,215,1,3
1450,216,1,3
1450,217,1,3
1450,218,1,3
1450,219,1,3
1450,220,1,3
1450,221,1,3
1450,222,1,3
1450,223,1,3
1450,224,1,3
1450,225,1,3
1450,226,1,3
1450,227,1,3
1450,228,1,3
1450,229,1,3
1450,230,1,3
1450,231,1,3
1450,232,1,3
1450,233,1,3
1450,234,1,3
1450,235,1,3
1450,236,1,3
1450,237,1,3
1450,238,1,3
1450,239,1,3
1450,240,1,3
1450,241,1,3
1450,242,1,3
1450,243,1,3
1450,244,1,3
1450,245,1,3
1450,246,1,3
1450,247,1,3
1450,248,1,3
1450,249,1,3
1450,250,1,3
1450,251,1,3
1450,252,1,3
1450,253,1,3
1450,254,1,3
1450,255,1,3
1450,256,1,3
1450,257,1,3
1450,258,1,3
1450,259,1,3
1450,260,1,3
1450,261,1,3
1450,262,1,3
1450,263,1,3
1450,264,1,3
1450,265,1,3
1450,266,1,3
1450,267,1,3
1450,268,1,3
1450,269,1,3
1450,270,1,3
1450,271,1,3
1450,272,1,3
1450,273,1,3
1450,274,1,3
1450,275,1,3
1450,276,1,3
1450,277,1,3
1450,278,1,3
1450,279,1,3
1450,280,1,3
1450,281,1,3
1450,282,1,3
1450,283,1,3
1450,284,1,3
1450,285,1,3
1450,286,1,3
1450,287,1,3
1450,288,1,3
1450,289,1,3
1450,290,1,3
1450,291,1,3
1450,292,1,3
1450,293,1,3
1450,294,1,3
1450,295,1,3
1450,296,1,3
1450,297,1,3
1450,298,1,3
1450,299,1,3
1450,300,1,3
1450,301,1,3
1450,302,1,3
1450,303,1,3
1450,304,1,3
1450,305,1,3
1450,306,1,3
1450,307,1,3
1450,308,1,3
1450,309,1,3
1450,310,1,3
1450,311,1,3
1450,312,1,3
1450,313,1,3
1450,314,1,3
1450,315,1,3
1450,316,1,3
1450,317,1,3
1450,318,1,3
1450,319,1,3
1450,320,1,3
1450,321,1,3
1450,322,1,3
1450,323,1,3
1450,324,1,3
1450,325,1,3
1450,326,1,3
1450,327,1,3
1450,328,1,3
1450,329,1,3
1450,330,1,3
1450,331,1,3
1450,332,1,3
1450,333,1,3
1450,334,1,3
1450,335,1,3
1450,336,1,3
1450,337,1,3
1450,338,1,3
1450,339,1,3
1450,340,1,3
1450,341,1,3
1450,342,1,3
1450,343,1,3
1450,344,1,3
1450,345,1,3
1450,346,1,3
1450,347,1,3
1450,348,1,3
1450,349,1,3
1450,350,1,3
1450,351,1,3
1450,352,1,3
1450,353,1,3
1450,354,1,3
1450,355,1,3
1450,356,1,3
1450,357,1,3
1450,358,1,3
1450,359,1,3
1450,360,1,3
1450,361,1,3
1450,362,1,3
1450,363,1,3
1450,364,1,3
1450,365,1,3
1450,366,1,3
1450,367,1,3
1450,368,1,3
1450,369,1,3
1450,370,1,3
1450,371,1,3
1450,372,1,3
1450,373,1,3
1450,374,1,3
1450,375,1,3
1450,376,1,3
1450,377,1,3
1450,378,1,3
1450,379,1,2
1450,380,1,2
1450,381,1,2
1450,382,1,2
1450,383,1,2
1450,384,1,2
1450,385,1,2
1450,386,1,2
1450,387,1,2
1450,388,1,2
1450,389,1,2
1450,390,1,2
1450,391,1,2
1450,392,1,2
1450,393,1,2
1450,394,1,2
1450,395,1,2
1450,396,1,2
1450,397,1,2
1450,398,1,2
1450,399,1,2
1450,400,1,2
1450,401,1,2
1450,402,1,2
1450,403,1,2
1450,404,1,2
1450,405,1,2
1450,406,1,2
1450,407,1,2
1450,408,1,2
1450,409,1,2
1450,410,1,2
1450,411,1,2
1450,412,1,2
1450,413,1,2
1450,414,1,2
1450,415,1,2
1450,416,1,2
1450,417,1,2
1450,418,1,2
1450,419,1,2
1450,420,1,2
1450,421,1,2
1450,422,1,2
1450,423,1,2
1450,424,1,2
1450,425,1,2
1450,426,1,2
1450,427,1,2
1450,428,1,2
1450,429,1,2
1450,430,1,2
1450,431,1,2
1450,432,1,2
1450,433,1,2
1450,434,1,2
1450,435,1,2
1450,436,1,2
1450,437,1,2
1450,438,1,2
1450,439,1,2
1450,440,1,2
1450,441,1,2
1450,442,1,2
1450,443,1,2
1450,444,1,2
1450,445,1,2
1450,446,1,2
1450,447,1,2
1450,448,1,2
1450,449,1,2
1450,450,1,2
1450,451,1,2
1450,452,1,2
1450,453,1,2
1450,454,1,2
1450,455,1,2
1450,456,1,2
1450,457,1,2
1450,458,1,2
1450,459,1,2
1450,460,1,2
1450,461,1,2
1450,462,1,2
1450,463,1,2
1450,464,1,2
1450,465,1,2
1450,466,1,2
1451,149,1,3
1451,150,1,3
1451,151,1,3
1451,152,1,3
1451,153,1,3
1451,154,1,3
1451,155,1,3
1451,156,1,3
1451,157,1,3
1451,158,1,3
1451,159,1,3
1451,160,1,3
1451,161,1,3
1451,162,1,3
1451,163,1,3
1451,164,1,3
1451,165,1,3
1451,166,1,3
1451,167,1,3
1451,168,1,3
1451,169,1,3
1451,170,1,3
1451,171,1,3
1451,172,1,3
1451,173,1,3
1451,174,1,3
1451,175,1,3
1451,176,1,3
1451,177,1,3
1451,178,1,3
1451,179,1,3
1451,180,1,3
1451,181,1,3
1451,182,1,3
1451,183,1,3
1451,184,1,3
1451,185,1,3
1451,186,1,3
1451,187,1,3
1451,188,1,3
1451,189,1,3
1451,190,1,3
1451,191,1,3
1451,192,1,3
1451,193,1,3
1451,194,1,3
1451,195,1,3
1451,196,1,3
1451,197,1,3
1451,198,1,3
1451,199,1,3
1451,200,1,3
1451,201,1,3
1451,202,1,3
1451,203,1,3
1451,204,1,3
1451,205,1,3
1451,206,1,3
1451,207,1,3
1451,208,1,3
1451,209,1,3
1451,210,1,3
1451,211,1,3
1451,212,1,3
1451,213,1,3
1451,214,1,3
1451,215,1,3
1451,216,1,3
1451,217,1,3
1451,218,1,3
1451,219,1,3
1451,220,1,3
1451,221,1,3
1451,222,1,3
1451,223,1,3
1451,224,1,3
1451,225,1,3
1451,226,1,3
1451,227,1,3
1451,228,1,3
1451,229,1,3
1451,230,1,3
1451,231,1,3
1451,232,1,3
1451,233,1,3
1451,234,1,3
1451,235,1,3
1451,236,1,3
1451,237,1,3
1451,238,1,3
1451,239,1,3
1451,240,1,3
1451,241,1,3
1451,242,1,3
1451,243,1,3
1451,244,1,3
1451,245,1,3
1451,246,1,3
1451,247,1,3
1451,248,1,3
1451,249,1,3
1451,250,1,3
1451,251,1,3
1451,252,1,3
1451,253,1,3
1451,254,1,3
1451,255,1,3
1451,256,1,3
1451,257,1,3
1451,258,1,3
1451,259,1,3
1451,260,1,3
1451,261,1,3
1451,262,1,3
1451,263,1,3
1451,264,1,3
1451,265,1,3
1451,266,1,3
1451,267,1,3
1451,268,1,3
1451,269,1,3
1451,270,1,3
1451,271,1,3
1451,272,1,3
1451,273,1,3
1451,274,1,3
1451,275,1,3
1451,276,1,3
1451,277,1,3
1451,278,1,3
1451,279,1,3
1451,280,1,3
1451,281,1,3
1451,282,1,3
1451,283,1,3
1451,284,1,3
1451,285,1,3
1451,286,1,3
1451,287,1,3
1451,288,1,3
1451,289,1,3
1451,290,1,3
1451,291,1,3
1451,292,1,3
1451,293,1,3
1451,294,1,3
1451,295,1,3
1451,296,1,3
1451,297,1,3
1451,298,1,3
1451,299,1,3
1451,300,1,3
1451,301,1,3
1451,302,1,3
1451,303,1,3
1451,304,1,3
1451,305,1,3
1451,306,1,3
1451,307,1,3
1451,308,1,3
1451,309,1,3
1451,310,1,3
1451,311,1,3
1451,312,1,3
1451,313,1,3
1451,314,1,3
1451,315,1,3
1451,316,1,3
1451,317,1,3
1451,318,1,3
1451,319,1,3
1451,320,1,3
1451,321,1,3
1451,322,1,3
1451,323,1,3
1451,324,1,3
1451,325,1,3
1451,326,1,3
1451,327,1,3
1451,328,1,3
1451,329,1,3
1451,330,1,3
1451,331,1,3
1451,332,1,3
1451,333,1,3
1451,334,1,3
1451,335,1,3
1451,336,1,3
1451,337,1,3
1451,338,1,3
1451,339,1,3
1451,340,1,3
1451,341,1,3
1451,342,1,3
1451,343,1,3
1451,344,1,3
1451,345,1,3
1451,346,1,3
1451,347,1,3
1451,348,1,3
1451,349,1,3
1451,350,1,3
1451,351,1,3
1451,352,1,3
1451,353,1,3
1451,354,1,3
1451,355,1,3
1451,356,1,3
1451,357,1,3
1451,358,1,3
1451,359,1,3
1451,360,1,3
1451,361,1,3
1451,362,1,3
1451,363,1,3
1451,364,1,3
1451,365,1,3
1451,366,1,3
1451,367,1,3
1451,368,1,3
1451,369,1,3
1451,370,1,3
1451,371,1,3
1451,372,1,3
1451,373,1,3
1451,374,1,3
1451,375,1,3
1451,376,1,3
1451,377,1,3
1451,378,1,3
1451,379,1,3
1451,380,1,2
1451,381,1,2
1451,382,1,2
1451,383,1,2
1451,384,1,2
1451,385,1,2
1451,386,1,2
1451,387,1,2
1451,388,1,2
1451,389,1,2
1451,390,1,2
1451,391,1,2
1451,392,1,2
1451,393,1,2
1451,394,1,2
1451,395,1,2
1451,396,1,2
1451,397,1,2
1451,398,1,2
1451,399,1,2
1451,400,1,2
1451,401,1,2
1451,402,1,2
1451,403,1,2
1451,404,1,2
1451,405,1,2
1451,406,1,2
1451,407,1,2
1451,408,1,2
1451,409,1,2
1451,410,1,2
1451,411,1,2
1451,412,1,2
1451,413,1,2
1451,414,1,2
1451,415,1,2
1451,416,1,2
1451,417,1,2
1451,418,1,2
1451,419,1,2
1451,420,1,2
1451,421,1,2
1451,422,1,2
1451,423,1,2
1451,424,1,2
1451,425,1,2
1451,426,1,2
1451,427,1,2
1451,428,1,2
1451,429,1,2
1451,430,1,2
1451,431,1,2
1451,432,1,2
1451,433,1,2
1451,434,1,2
1451,435,1,2
1451,436,1,2
1451,437,1,2
1451,438,1,2
1451,439,1,2
1451,440,1,2
1451,441,1,2
1451,442,1,2
1451,443,1,2
1451,444,1,2
1451,445,1,2
1451,446,1,2
1451,447,1,2
1451,448,1,2
1451,449,1,2
1451,450,1,2
1451,451,1,2
1451,452,1,2
1451,453,1,2
1451,454,1,2
1451,455,1,2
1451,456,1,2
1451,457,1,2
1451,458,1,2
1451,459,1,2
1451,460,1,2
1451,461,1,2
1451,462,1,2
1451,463,1,2
1451,464,1,2
1451,465,1,2
1451,466,1,2
1452,149,1,3
1452,150,1,3
1452,151,1,3
1452,152,1,3
1452,153,1,3
1452,154,1,3
1452,155,1,3
1452,156,1,3
1452,157,1,3
1452,158,1,3
1452,159,1,3
1452,160,1,3
1452,161,1,3
1452,162,1,3
1452,163,1,3
1452,164,1,3
1452,165,1,3
1452,166,1,3
1452,167,1,3
1452,168,1,3
1452,169,1,3
1452,170,1,3
1452,171,1,3
1452,172,1,3
1452,173,1,3
1452,174,1,3
1452,175,1,3
1452,176,1,3
1452,177,1,3
1452,178,1,3
1452,179,1,3
1452,180,1,3
1452,181,1,3
1452,182,1,3
1452,183,1,3
1452,184,1,3
1452,185,1,3
1452,186,1,3
1452,187,1,3
1452,188,1,3
1452,189,1,3
1452,190,1,3
1452,191,1,3
1452,192,1,3
1452,193,1,3
1452,194,1,3
1452,195,1,3
1452,196,1,3
1452,197,1,3
1452,198,1,3
1452,199,1,3
1452,200,1,3
1452,201,1,3
1452,202,1,3
1452,203,1,3
1452,204,1,3
1452,205,1,3
1452,206,1,3
1452,207,1,3
1452,208,1,3
1452,209,1,3
1452,210,1,3
1452,211,1,3
1452,212,1,3
1452,213,1,3
1452,214,1,3
1452,215,1,3
1452,216,1,3
1452,217,1,3
1452,218,1,3
1452,219,1,3
1452,220,1,3
1452,221,1,3
1452,222,1,3
1452,223,1,3
1452,224,1,3
1452,225,1,3
1452,226,1,3
1452,227,1,3
1452,228,1,3
1452,229,1,3
1452,230,1,3
1452,231,1,3
1452,232,1,3
1452,233,1,3
1452,234,1,3
1452,235,1,3
1452,236,1,3
1452,237,1,3
1452,238,1,3
1452,239,1,3
1452,240,1,3
1452,241,1,3
1452,242,1,3
1452,243,1,3
1452,244,1,3
1452,245,1,3
1452,246,1,3
1452,247,1,3
1452,248,1,3
1452,249,1,3
1452,250,1,3
1452,251,1,3
1452,252,1,3
1452,253,1,3
1452,254,1,3
1452,255,1,3
1452,256,1,3
1452,257,1,3
1452,258,1,3
1452,259,1,3
1452,260,1,3
1452,261,1,3
1452,262,1,3
1452,263,1,3
1452,264,1,3
1452,265,1,3
1452,266,1,3
1452,267,1,3
1452,268,1,3
1452,269,1,3
1452,270,1,3
1452,271,1,3
1452,272,1,3
1452,273,1,3
1452,274,1,3
1452,275,1,3
1452,276,1,3
1452,277,1,3
1452,278,1,3
1452,279,1,3
1452,280,1,3
1452,281,1,3
1452,282,1,3
1452,283,1,3
1452,284,1,3
1452,285,1,3
1452,286,1,3
1452,287,1,3
1452,288,1,3
1452,289,1,3
1452,290,1,3
1452,291,1,3
1452,292,1,3
1452,293,1,3
1452,294,1,3
1452,295,1,3
1452,296,1,3
1452,297,1,3
1452,298,1,3
1452,299,1,3
1452,300,1,3
1452,301,1,3
1452,302,1,3
1452,303,1,3
1452,304,1,3
1452,305,1,3
1452,306,1,3
1452,307,1,3
1452,308,1,3
1452,309,1,3
1452,310,1,3
1452,311,1,3
1452,312,1,3
1452,313,1,3
1452,314,1,3
1452,315,1,3
1452,316,1,3
1452,317,1,3
1452,318,1,3
1452,319,1,3
1452,320,1,3
1452,321,1,3
1452,322,1,3
1452,323,1,3
1452,324,1,3
1452,325,1,3
1452,326,1,3
1452,327,1,3
1452,328,1,3
1452,329,1,3
1452,330,1,3
1452,331,1,3
1452,332,1,3
1452,333,1,3
1452,334,1,3
1452,335,1,3
1452,336,1,3
1452,337,1,3
1452,338,1,3
1452,339,1,3
1452,340,1,3
1452,341,1,3
1452,342,1,3
1452,343,1,3
1452,344,1,3
1452,345,1,3
1452,346,1,3
1452,347,1,3
1452,348,1,3
1452,349,1,3
1452,350,1,3
1452,351,1,3
1452,352,1,3
1452,353,1,3
1452,354,1,3
1452,355,1,3
1452,356,1,3
1452,357,1,3
1452,358,1,3
1452,359,1,3
1452,360,1,3
1452,361,1,3
1452,362,1,3
1452,363,1,3
1452,364,1,3
1452,365,1,3
1452,366,1,3
1452,367,1,3
1452,368,1,3
1452,369,1,3
1452,370,1,3
1452,371,1,3
1452,372,1,3
1452,373,1,3
1452,374,1,3
1452,375,1,3
1452,376,1,3
1452,377,1,3
1452,378,1,3
1452,379,1,3
1452,380,1,3
1452,381,1,2
1452,382,1,2
1452,383,1,2
1452,384,1,2
1452,385,1,2
1452,386,1,2
1452,387,1,2
1452,388,1,2
1452,389,1,2
1452,390,1,2
1452,391,1,2
1452,392,1,2
1452,393,1,2
1452,394,1,2
1452,395,1,2
1452,396,1,2
1452,397,1,2
1452,398,1,2
1452,399,1,2
1452,400,1,2
1452,401,1,2
1452,402,1,2
1452,403,1,2
1452,404,1,2
1452,405,1,2
1452,406,1,2
1452,407,1,2
1452,408,1,2
1452,409,1,2
1452,410,1,2
1452,411,1,2
1452,412,1,2
1452,413,1,2
1452,414,1,2
1452,415,1,2
1452,416,1,2
1452,417,1,2
1452,418,1,2
1452,419,1,2
1452,420,1,2
1452,421,1,2
1452,422,1,2
1452,423,1,2
1452,424,1,2
1452,425,1,2
1452,426,1,2
1452,427,1,2
1452,428,1,2
1452,429,1,2
1452,430,1,2
1452,431,1,2
1452,432,1,2
1452,433,1,2
1452,434,1,2
1452,435,1,2
1452,436,1,2
1452,437,1,2
1452,438,1,2
1452,439,1,2
1452,440,1,2
1452,441,1,2
1452,442,1,2
1452,443,1,2
1452,444,1,2
1452,445,1,2
1452,446,1,2
1452,447,1,2
1452,448,1,2
1452,449,1,2
1452,450,1,2
1452,451,1,2
1452,452,1,2
1452,453,1,2
1452,454,1,2
1452,455,1,2
1452,456,1,2
1452,457,1,2
1452,458,1,2
1452,459,1,2
1452,460,1,2
1452,461,1,2
1452,462,1,2
1452,463,1,2
1452,464,1,2
1452,465,1,2
1452,466,1,2
1453,148,1,3
1453,149,1,3
1453,150,1,3
1453,151,1,3
1453,152,1,3
1453,153,1,3
1453,154,1,3
1453,155,1,3
1453,156,1,3
1453,157,1,3
1453,158,1,3
1453,159,1,3
1453,160,1,3
1453,161,1,3
1453,162,1,3
1453,163,1,3
1453,164,1,3
1453,165,1,3
1453,166,1,3
1453,167,1,3
1453,168,1,3
1453,169,1,3
1453,170,1,3
1453,171,1,3
1453,172,1,3
1453,173,1,3
1453,174,1,3
1453,175,1,3
1453,176,1,3
1453,177,1,3
1453,178,1,3
1453,179,1,3
1453,180,1,3
1453,181,1,3
1453,182,1,3
1453,183,1,3
1453,184,1,3
1453,185,1,3
1453,186,1,3
1453,187,1,3
1453,188,1,3
1453,189,1,3
1453,190,1,3
1453,191,1,3
1453,192,1,3
1453,193,1,3
1453,194,1,3
1453,195,1,3
1453,196,1,3
1453,197,1,3
1453,198,1,3
1453,199,1,3
1453,200,1,3
1453,201,1,3
1453,202,1,3
1453,203,1,3
1453,204,1,3
1453,205,1,3
1453,206,1,3
1453,207,1,3
1453,208,1,3
1453,209,1,3
1453,210,1,3
1453,211,1,3
1453,212,1,3
1453,213,1,3
1453,214,1,3
1453,215,1,3
1453,216,1,3
1453,217,1,3
1453,218,1,3
1453,219,1,3
1453,220,1,3
1453,221,1,3
1453,222,1,3
1453,223,1,3
1453,224,1,3
1453,225,1,3
1453,226,1,3
1453,227,1,3
1453,228,1,3
1453,229,1,3
1453,230,1,3
1453,231,1,3
1453,232,1,3
1453,233,1,3
1453,234,1,3
1453,235,1,3
1453,236,1,3
1453,237,1,3
1453,238,1,3
1453,239,1,3
1453,240,1,3
1453,241,1,3
1453,242,1,3
1453,243,1,3
1453,244,1,3
1453,245,1,3
1453,246,1,3
1453,247,1,3
1453,248,1,3
1453,249,1,3
1453,250,1,3
1453,251,1,3
1453,252,1,3
1453,253,1,3
1453,254,1,3
1453,255,1,3
1453,256,1,3
1453,257,1,3
1453,258,1,3
1453,259,1,3
1453,260,1,3
1453,261,1,3
1453,262,1,3
1453,263,1,3
1453,264,1,3
1453,265,1,3
1453,266,1,3
1453,267,1,3
1453,268,1,3
1453,269,1,3
1453,270,1,3
1453,271,1,3
1453,272,1,3
1453,273,1,3
1453,274,1,3
1453,275,1,3
1453,276,1,3
1453,277,1,3
1453,278,1,3
1453,279,1,3
1453,280,1,3
1453,281,1,3
1453,282,1,3
1453,283,1,3
1453,284,1,3
1453,285,1,3
1453,286,1,3
1453,287,1,3
1453,288,1,3
1453,289,1,3
1453,290,1,3
1453,291,1,3
1453,292,1,3
1453,293,1,3
1453,294,1,3
1453,295,1,3
1453,296,1,3
1453,297,1,3
1453,298,1,3
1453,299,1,3
1453,300,1,3
1453,301,1,3
1453,302,1,3
1453,303,1,3
1453,304,1,3
1453,305,1,3
1453,306,1,3
1453,307,1,3
1453,308,1,3
1453,309,1,3
1453,310,1,3
1453,311,1,3
1453,312,1,3
1453,313,1,3
1453,314,1,3
1453,315,1,3
1453,316,1,3
1453,317,1,3
1453,318,1,3
1453,319,1,3
1453,320,1,3
1453,321,1,3
1453,322,1,3
1453,323,1,3
1453,324,1,3
1453,325,1,3
1453,326,1,3
1453,327,1,3
1453,328,1,3
1453,329,1,3
1453,330,1,3
1453,331,1,3
1453,332,1,3
1453,333,1,3
1453,334,1,3
1453,335,1,3
1453,336,1,3
1453,337,1,3
1453,338,1,3
1453,339,1,3
1453,340,1,3
1453,341,1,3
1453,342,1,3
1453,343,1,3
1453,344,1,3
1453,345,1,3
1453,346,1,3
1453,347,1,3
1453,348,1,3
1453,349,1,3
1453,350,1,3
1453,351,1,3
1453,352,1,3
1453,353,1,3
1453,354,1,3
1453,355,1,3
1453,356,1,3
1453,357,1,3
1453,358,1,3
1453,359,1,3
1453,360,1,3
1453,361,1,3
1453,362,1,3
1453,363,1,3
1453,364,1,3
1453,365,1,3
1453,366,1,3
1453,367,1,3
1453,368,1,3
1453,369,1,3
1453,370,1,3
1453,371,1,3
1453,372,1,3
1453,373,1,3
1453,374,1,3
1453,375,1,3
1453,376,1,3
1453,377,1,3
1453,378,1,3
1453,379,1,3
1453,380,1,3
1453,381,1,3
1453,382,1,3
1453,383,1,2
1453,384,1,2
1453,385,1,2
1453,386,1,2
1453,387,1,2
1453,388,1,2
1453,389,1,2
1453,390,1,2
1453,391,1,2
1453,392,1,2
1453,393,1,2
1453,394,1,2
1453,395,1,2
1453,396,1,2
1453,397,1,2
1453,398,1,2
1453,399,1,2
1453,400,1,2
1453,401,1,2
1453,402,1,2
1453,403,1,2
1453,404,1,2
1453,405,1,2
1453,406,1,2
1453,407,1,2
1453,408,1,2
1453,409,1,2
1453,410,1,2
1453,411,1,2
1453,412,1,2
1453,413,1,2
1453,414,1,2
1453,415,1,2
1453,416,1,2
1453,417,1,2
1453,418,1,2
1453,419,1,2
1453,420,1,2
1453,421,1,2
1453,422,1,2
1453,423,1,2
1453,424,1,2
1453,425,1,2
1453,426,1,2
1453,427,1,2
1453,428,1,2
1453,429,1,2
1453,430,1,2
1453,431,1,2
1453,432,1,2
1453,433,1,2
1453,434,1,2
1453,435,1,2
1453,436,1,2
1453,437,1,2
1453,438,1,2
1453,439,1,2
1453,440,1,2
1453,441,1,2
1453,442,1,2
1453,443,1,2
1453,444,1,2
1453,445,1,2
1453,446,1,2
1453,447,1,2
1453,448,1,2
1453,449,1,2
1453,450,1,2
1453,451,1,2
1453,452,1,2
1453,453,1,2
1453,454,1,2
1453,455,1,2
1453,456,1,2
1453,457,1,2
1453,458,1,2
1453,459,1,2
1453,460,1,2
1453,461,1,2
1453,462,1,2
1453,463,1,2
1453,464,1,2
1453,465,1,2
1453,466,1,2
1454,147,1,3
1454,148,1,3
1454,149,1,3
1454,150,1,3
1454,151,1,3
1454,152,1,3
1454,153,1,3
1454,154,1,3
1454,155,1,3
1454,156,1,3
1454,157,1,3
1454,158,1,3
1454,159,1,3
1454,160,1,3
1454,161,1,3
1454,162,1,3
1454,163,1,3
1454,164,1,3
1454,165,1,3
1454,166,1,3
1454,167,1,3
1454,168,1,3
1454,169,1,3
1454,170,1,3
1454,171,1,3
1454,172,1,3
1454,173,1,3
1454,174,1,3
1454,175,1,3
1454,176,1,3
1454,177,1,3
1454,178,1,3
1454,179,1,3
1454,180,1,3
1454,181,1,3
1454,182,1,3
1454,183,1,3
1454,184,1,3
1454,185,1,3
1454,186,1,3
1454,187,1,3
1454,188,1,3
1454,189,1,3
1454,190,1,3
1454,191,1,3
1454,192,1,3
1454,193,1,3
1454,194,1,3
1454,195,1,3
1454,196,1,3
1454,197,1,3
1454,198,1,3
1454,199,1,3
1454,200,1,3
1454,201,1,3
1454,202,1,3
1454,203,1,3
1454,204,1,3
1454,205,1,3
1454,206,1,3
1454,207,1,3
1454,208,1,3
1454,209,1,3
1454,210,1,3
1454,211,1,3
1454,212,1,3
1454,213,1,3
1454,214,1,3
1454,215,1,3
1454,216,1,3
1454,217,1,3
1454,218,1,3
1454,219,1,3
1454,220,1,3
1454,221,1,3
1454,222,1,3
1454,223,1,3
1454,224,1,3
1454,225,1,3
1454,226,1,3
1454,227,1,3
1454,228,1,3
1454,229,1,3
1454,230,1,3
1454,231,1,3
1454,232,1,3
1454,233,1,3
1454,234,1,3
1454,235,1,3
1454,236,1,3
1454,237,1,3
1454,238,1,3
1454,239,1,3
1454,240,1,3
1454,241,1,3
1454,242,1,3
1454,243,1,3
1454,244,1,3
1454,245,1,3
1454,246,1,3
1454,247,1,3
1454,248,1,3
1454,249,1,3
1454,250,1,3
1454,251,1,3
1454,252,1,3
1454,253,1,3
1454,254,1,3
1454,255,1,3
1454,256,1,3
1454,257,1,3
1454,258,1,3
1454,259,1,3
1454,260,1,3
1454,261,1,3
1454,262,1,3
1454,263,1,3
1454,264,1,3
1454,265,1,3
1454,266,1,3
1454,267,1,3
1454,268,1,3
1454,269,1,3
1454,270,1,3
1454,271,1,3
1454,272,1,3
1454,273,1,3
1454,274,1,3
1454,275,1,3
1454,276,1,3
1454,277,1,3
1454,278,1,3
1454,279,1,3
1454,280,1,3
1454,281,1,3
1454,282,1,3
1454,283,1,3
1454,284,1,3
1454,285,1,3
1454,286,1,3
1454,287,1,3
1454,288,1,3
1454,289,1,3
1454,290,1,3
1454,291,1,3
1454,292,1,3
1454,293,1,3
1454,294,1,3
1454,295,1,3
1454,296,1,3
1454,297,1,3
1454,298,1,3
1454,299,1,3
1454,300,1,3
1454,301,1,3
1454,302,1,3
1454,303,1,3
1454,304,1,3
1454,305,1,3
1454,306,1,3
1454,307,1,3
1454,308,1,3
1454,309,1,3
1454,310,1,3
1454,311,1,3
1454,312,1,3
1454,313,1,3
1454,314,1,3
1454,315,1,3
1454,316,1,3
1454,317,1,3
1454,318,1,3
1454,319,1,3
1454,320,1,3
1454,321,1,3
1454,322,1,3
1454,323,1,3
1454,324,1,3
1454,325,1,3
1454,326,1,3
1454,327,1,3
1454,328,1,3
1454,329,1,3
1454,330,1,3
1454,331,1,3
1454,332,1,3
1454,333,1,3
1454,334,1,3
1454,335,1,3
1454,336,1,3
1454,337,1,3
1454,338,1,3
1454,339,1,3
1454,340,1,3
1454,341,1,3
1454,342,1,3
1454,343,1,3
1454,344,1,3
1454,345,1,3
1454,346,1,3
1454,347,1,3
1454,348,1,3
1454,349,1,3
1454,350,1,3
1454,351,1,3
1454,352,1,3
1454,353,1,3
1454,354,1,3
1454,355,1,3
1454,356,1,3
1454,357,1,3
1454,358,1,3
1454,359,1,3
1454,360,1,3
1454,361,1,3
1454,362,1,3
1454,363,1,3
1454,364,1,3
1454,365,1,3
1454,366,1,3
1454,367,1,3
1454,368,1,3
1454,369,1,3
1454,370,1,3
1454,371,1,3
1454,372,1,3
1454,373,1,3
1454,374,1,3
1454,375,1,3
1454,376,1,3
1454,377,1,3
1454,378,1,3
1454,379,1,3
1454,380,1,3
1454,381,1,3
1454,382,1,3
1454,383,1,3
1454,384,1,2
1454,385,1,2
1454,386,1,2
1454,387,1,2
1454,388,1,2
1454,389,1,2
1454,390,1,2
1454,391,1,2
1454,392,1,2
1454,393,1,2
1454,394,1,2
1454,395,1,2
1454,396,1,2
1454,397,1,2
1454,398,1,2
1454,399,1,2
1454,400,1,2
1454,401,1,2
1454,402,1,2
1454,403,1,2
1454,404,1,2
1454,405,1,2
1454,406,1,2
1454,407,1,2
1454,408,1,2
1454,409,1,2
1454,410,1,2
1454,411,1,2
1454,412,1,2
1454,413,1,2
1454,414,1,2
1454,415,1,2
1454,416,1,2
1454,417,1,2
1454,418,1,2
1454,419,1,2
1454,420,1,2
1454,421,1,2
1454,422,1,2
1454,423,1,2
1454,424,1,2
1454,425,1,2
1454,426,1,2
1454,427,1,2
1454,428,1,2
1454,429,1,2
1454,430,1,2
1454,431,1,2
1454,432,1,2
1454,433,1,2
1454,434,1,2
1454,435,1,2
1454,436,1,2
1454,437,1,2
1454,438,1,2
1454,439,1,2
1454,440,1,2
1454,441,1,2
1454,442,1,2
1454,443,1,2
1454,444,1,2
1454,445,1,2
1454,446,1,2
1454,447,1,2
1454,448,1,2
1454,449,1,2
1454,450,1,2
1454,451,1,2
1454,452,1,2
1454,453,1,2
1454,454,1,2
1454,455,1,2
1454,456,1,2
1454,457,1,2
1454,458,1,2
1454,459,1,2
1454,460,1,2
1454,461,1,2
1454,462,1,2
1454,463,1,2
1454,464,1,2
1454,465,1,2
1454,466,1,2
1455,146,1,3
1455,147,1,3
1455,148,1,3
1455,149,1,3
1455,150,1,3
1455,151,1,3
1455,152,1,3
1455,153,1,3
1455,154,1,3
1455,155,1,3
1455,156,1,3
1455,157,1,3
1455,158,1,3
1455,159,1,3
1455,160,1,3
1455,161,1,3
1455,162,1,3
1455,163,1,3
1455,164,1,3
1455,165,1,3
1455,166,1,3
1455,167,1,3
1455,168,1,3
1455,169,1,3
1455,170,1,3
1455,171,1,3
1455,172,1,3
1455,173,1,3
1455,174,1,3
1455,175,1,3
1455,176,1,3
1455,177,1,3
1455,178,1,3
1455,179,1,3
1455,180,1,3
1455,181,1,3
1455,182,1,3
1455,183,1,3
1455,184,1,3
1455,185,1,3
1455,186,1,3
1455,187,1,3
1455,188,1,3
1455,189,1,3
1455,190,1,3
1455,191,1,3
1455,192,1,3
1455,193,1,3
1455,194,1,3
1455,195,1,3
1455,196,1,3
1455,197,1,3
1455,198,1,3
1455,199,1,3
1455,200,1,3
1455,201,1,3
1455,202,1,3
1455,203,1,3
1455,204,1,3
1455,205,1,3
1455,206,1,3
1455,207,1,3
1455,208,1,3
1455,209,1,3
1455,210,1,3
1455,211,1,3
1455,212,1,3
1455,213,1,3
1455,214,1,3
1455,215,1,3
1455,216,1,3
1455,217,1,3
1455,218,1,3
1455,219,1,3
1455,220,1,3
1455,221,1,3
1455,222,1,3
1455,223,1,3
1455,224,1,3
1455,225,1,3
1455,226,1,3
1455,227,1,3
1455,228,1,3
1455,229,1,3
1455,230,1,3
1455,231,1,3
1455,232,1,3
1455,233,1,3
1455,234,1,3
1455,235,1,3
1455,236,1,3
1455,237,1,3
1455,238,1,3
1455,239,1,3
1455,240,1,3
1455,241,1,3
1455,242,1,3
1455,243,1,3
1455,244,1,3
1455,245,1,3
1455,246,1,3
1455,247,1,3
1455,248,1,3
1455,249,1,3
1455,250,1,3
1455,251,1,3
1455,252,1,3
1455,253,1,3
1455,254,1,3
1455,255,1,3
1455,256,1,3
1455,257,1,3
1455,258,1,3
1455,259,1,3
1455,260,1,3
1455,261,1,3
1455,262,1,3
1455,263,1,3
1455,264,1,3
1455,265,1,3
1455,266,1,3
1455,267,1,3
1455,268,1,3
1455,269,1,3
1455,270,1,3
1455,271,1,3
1455,272,1,3
1455,273,1,3
1455,274,1,3
1455,275,1,3
1455,276,1,3
1455,277,1,3
1455,278,1,3
1455,279,1,3
1455,280,1,3
1455,281,1,3
1455,282,1,3
1455,283,1,3
1455,284,1,3
1455,285,1,3
1455,286,1,3
1455,287,1,3
1455,288,1,3
1455,289,1,3
1455,290,1,3
1455,291,1,3
1455,292,1,3
1455,293,1,3
1455,294,1,3
1455,295,1,3
1455,296,1,3
1455,297,1,3
1455,298,1,3
1455,299,1,3
1455,300,1,3
1455,301,1,3
1455,302,1,3
1455,303,1,3
1455,304,1,3
1455,305,1,3
1455,306,1,3
1455,307,1,3
1455,308,1,3
1455,309,1,3
1455,310,1,3
1455,311,1,3
1455,312,1,3
1455,313,1,3
1455,314,1,3
1455,315,1,3
1455,316,1,3
1455,317,1,3
1455,318,1,3
1455,319,1,3
1455,320,1,3
1455,321,1,3
1455,322,1,3
1455,323,1,3
1455,324,1,3
1455,325,1,3
1455,326,1,3
1455,327,1,3
1455,328,1,3
1455,329,1,3
1455,330,1,3
1455,331,1,3
1455,332,1,3
1455,333,1,3
1455,334,1,3
1455,335,1,3
1455,336,1,3
1455,337,1,3
1455,338,1,3
1455,339,1,3
1455,340,1,3
1455,341,1,3
1455,342,1,3
1455,343,1,3
1455,344,1,3
1455,345,1,3
1455,346,1,3
1455,347,1,3
1455,348,1,3
1455,349,1,3
1455,350,1,3
1455,351,1,3
1455,352,1,3
1455,353,1,3
1455,354,1,3
1455,355,1,3
1455,356,1,3
1455,357,1,3
1455,358,1,3
1455,359,1,3
1455,360,1,3
1455,361,1,3
1455,362,1,3
1455,363,1,3
1455,364,1,3
1455,365,1,3
1455,366,1,3
1455,367,1,3
1455,368,1,3
1455,369,1,3
1455,370,1,3
1455,371,1,3
1455,372,1,3
1455,373,1,3
1455,374,1,3
1455,375,1,3
1455,376,1,3
1455,377,1,3
1455,378,1,3
1455,379,1,3
1455,380,1,3
1455,381,1,3
1455,382,1,3
1455,383,1,3
1455,384,1,3
1455,385,1,3
1455,386,1,2
1455,387,1,2
1455,388,1,2
1455,389,1,2
1455,390,1,2
1455,391,1,2
1455,392,1,2
1455,393,1,2
1455,394,1,2
1455,395,1,2
1455,396,1,2
1455,397,1,2
1455,398,1,2
1455,399,1,2
1455,400,1,2
1455,401,1,2
1455,402,1,2
1455,403,1,2
1455,404,1,2
1455,405,1,2
1455,406,1,2
1455,407,1,2
1455,408,1,2
1455,409,1,2
1455,410,1,2
1455,411,1,2
1455,412,1,2
1455,413,1,2
1455,414,1,2
1455,415,1,2
1455,416,1,2
1455,417,1,2
1455,418,1,2
1455,419,1,2
1455,420,1,2
1455,421,1,2
1455,422,1,2
1455,423,1,2
1455,424,1,2
1455,425,1,2
1455,426,1,2
1455,427,1,2
1455,428,1,2
1455,429,1,2
1455,430,1,2
1455,431,1,2
1455,432,1,2
1455,433,1,2
1455,434,1,2
1455,435,1,2
1455,436,1,2
1455,437,1,2
1455,438,1,2
1455,439,1,2
1455,440,1,2
1455,441,1,2
1455,442,1,2
1455,443,1,2
1455,444,1,2
1455,445,1,2
1455,446,1,2
1455,447,1,2
1455,448,1,2
1455,449,1,2
1455,450,1,2
1455,451,1,2
1455,452,1,2
1455,453,1,2
1455,454,1,2
1455,455,1,2
1455,456,1,2
1455,457,1,2
1455,458,1,2
1455,459,1,2
1455,460,1,2
1455,461,1,2
1455,462,1,2
1455,463,1,2
1455,464,1,2
1455,465,1,2
1455,466,1,2
1456,145,1,3
1456,146,1,3
1456,147,1,3
1456,148,1,3
1456,149,1,3
1456,150,1,3
1456,151,1,3
1456,152,1,3
1456,153,1,3
1456,154,1,3
1456,155,1,3
1456,156,1,3
1456,157,1,3
1456,158,1,3
1456,159,1,3
1456,160,1,3
1456,161,1,3
1456,162,1,3
1456,163,1,3
1456,164,1,3
1456,165,1,3
1456,166,1,3
1456,167,1,3
1456,168,1,3
1456,169,1,3
1456,170,1,3
1456,171,1,3
1456,172,1,3
1456,173,1,3
1456,174,1,3
1456,175,1,3
1456,176,1,3
1456,177,1,3
1456,178,1,3
1456,179,1,3
1456,180,1,3
1456,181,1,3
1456,182,1,3
1456,183,1,3
1456,184,1,3
1456,185,1,3
1456,186,1,3
1456,187,1,3
1456,188,1,3
1456,189,1,3
1456,190,1,3
1456,191,1,3
1456,192,1,3
1456,193,1,3
1456,194,1,3
1456,195,1,3
1456,196,1,3
1456,197,1,3
1456,198,1,3
1456,199,1,3
1456,200,1,3
1456,201,1,3
1456,202,1,3
1456,203,1,3
1456,204,1,3
1456,205,1,3
1456,206,1,3
1456,207,1,3
1456,208,1,3
1456,209,1,3
1456,210,1,3
1456,211,1,3
1456,212,1,3
1456,213,1,3
1456,214,1,3
1456,215,1,3
1456,216,1,3
1456,217,1,3
1456,218,1,3
1456,219,1,3
1456,220,1,3
1456,221,1,3
1456,222,1,3
1456,223,1,3
1456,224,1,3
1456,225,1,3
1456,226,1,3
1456,227,1,3
1456,228,1,3
1456,229,1,3
1456,230,1,3
1456,231,1,3
1456,232,1,3
1456,233,1,3
1456,234,1,3
1456,235,1,3
1456,236,1,3
1456,237,1,3
1456,238,1,3
1456,239,1,3
1456,240,1,3
1456,241,1,3
1456,242,1,3
1456,243,1,3
1456,244,1,3
1456,245,1,3
1456,246,1,3
1456,247,1,3
1456,248,1,3
1456,249,1,3
1456,250,1,3
1456,251,1,3
1456,252,1,3
1456,253,1,3
1456,254,1,3
1456,255,1,3
1456,256,1,3
1456,257,1,3
1456,258,1,3
1456,259,1,3
1456,260,1,3
1456,261,1,3
1456,262,1,3
1456,263,1,3
1456,264,1,3
1456,265,1,3
1456,266,1,3
1456,267,1,3
1456,268,1,3
1456,269,1,3
1456,270,1,3
1456,271,1,3
1456,272,1,3
1456,273,1,3
1456,274,1,3
1456,275,1,3
1456,276,1,3
1456,277,1,3
1456,278,1,3
1456,279,1,3
1456,280,1,3
1456,281,1,3
1456,282,1,3
1456,283,1,3
1456,284,1,3
1456,285,1,3
1456,286,1,3
1456,287,1,3
1456,288,1,3
1456,289,1,3
1456,290,1,3
1456,291,1,3
1456,292,1,3
1456,293,1,3
1456,294,1,3
1456,295,1,3
1456,296,1,3
1456,297,1,3
1456,298,1,3
1456,299,1,3
1456,300,1,3
1456,301,1,3
1456,302,1,3
1456,303,1,3
1456,304,1,3
1456,305,1,3
1456,306,1,3
1456,307,1,3
1456,308,1,3
1456,309,1,3
1456,310,1,3
1456,311,1,3
1456,312,1,3
1456,313,1,3
1456,314,1,3
1456,315,1,3
1456,316,1,3
1456,317,1,3
1456,318,1,3
1456,319,1,3
1456,320,1,3
1456,321,1,3
1456,322,1,3
1456,323,1,3
1456,324,1,3
1456,325,1,3
1456,326,1,3
1456,327,1,3
1456,328,1,3
1456,329,1,3
1456,330,1,3
1456,331,1,3
1456,332,1,3
1456,333,1,3
1456,334,1,3
1456,335,1,3
1456,336,1,3
1456,337,1,3
1456,338,1,3
1456,339,1,3
1456,340,1,3
1456,341,1,3
1456,342,1,3
1456,343,1,3
1456,344,1,3
1456,345,1,3
1456,346,1,3
1456,347,1,3
1456,348,1,3
1456,349,1,3
1456,350,1,3
1456,351,1,3
1456,352,1,3
1456,353,1,3
1456,354,1,3
1456,355,1,3
1456,356,1,3
1456,357,1,3
1456,358,1,3
1456,359,1,3
1456,360,1,3
1456,361,1,3
1456,362,1,3
1456,363,1,3
1456,364,1,3
1456,365,1,3
1456,366,1,3
1456,367,1,3
1456,368,1,3
1456,369,1,3
1456,370,1,3
1456,371,1,3
1456,372,1,3
1456,373,1,3
1456,374,1,3
1456,375,1,3
1456,376,1,3
1456,377,1,3
1456,378,1,3
1456,379,1,3
1456,380,1,3
1456,381,1,3
1456,382,1,3
1456,383,1,3
1456,384,1,3
1456,385,1,3
1456,386,1,3
1456,387,1,3
1456,388,1,2
1456,389,1,2
1456,390,1,2
1456,391,1,2
1456,392,1,2
1456,393,1,2
1456,394,1,2
1456,395,1,2
1456,396,1,2
1456,397,1,2
1456,398,1,2
1456,399,1,2
1456,400,1,2
1456,401,1,2
1456,402,1,2
1456,403,1,2
1456,404,1,2
1456,405,1,2
1456,406,1,2
1456,407,1,2
1456,408,1,2
1456,409,1,2
1456,410,1,2
1456,411,1,2
1456,412,1,2
1456,413,1,2
1456,414,1,2
1456,415,1,2
1456,416,1,2
1456,417,1,2
1456,418,1,2
1456,419,1,2
1456,420,1,2
1456,421,1,2
1456,422,1,2
1456,423,1,2
1456,424,1,2
1456,425,1,2
1456,426,1,2
1456,427,1,2
1456,428,1,2
1456,429,1,2
1456,430,1,2
1456,431,1,2
1456,432,1,2
1456,433,1,2
1456,434,1,2
1456,435,1,2
1456,436,1,2
1456,437,1,2
1456,438,1,2
1456,439,1,2
1456,440,1,2
1456,441,1,2
1456,442,1,2
1456,443,1,2
1456,444,1,2
1456,445,1,2
1456,446,1,2
1456,447,1,2
1456,448,1,2
1456,449,1,2
1456,450,1,2
1456,451,1,2
1456,452,1,2
1456,453,1,2
1456,454,1,2
1456,455,1,2
1456,456,1,2
1456,457,1,2
1456,458,1,2
1456,459,1,2
1456,460,1,2
1456,461,1,2
1456,462,1,2
1456,463,1,2
1456,464,1,2
1456,465,1,2
1456,466,1,2
1457,143,1,3
1457,144,1,3
1457,145,1,3
1457,146,1,3
1457,147,1,3
1457,148,1,3
1457,149,1,3
1457,150,1,3
1457,151,1,3
1457,152,1,3
1457,153,1,3
1457,154,1,3
1457,155,1,3
1457,156,1,3
1457,157,1,3
1457,158,1,3
1457,159,1,3
1457,160,1,3
1457,161,1,3
1457,162,1,3
1457,163,1,3
1457,164,1,3
1457,165,1,3
1457,166,1,3
1457,167,1,3
1457,168,1,3
1457,169,1,3
1457,170,1,3
1457,171,1,3
1457,172,1,3
1457,173,1,3
1457,174,1,3
1457,175,1,3
1457,176,1,3
1457,177,1,3
1457,178,1,3
1457,179,1,3
1457,180,1,3
1457,181,1,3
1457,182,1,3
1457,183,1,3
1457,184,1,3
1457,185,1,3
1457,186,1,3
1457,187,1,3
1457,188,1,3
1457,189,1,3
1457,190,1,3
1457,191,1,3
1457,192,1,3
1457,193,1,3
1457,194,1,3
1457,195,1,3
1457,196,1,3
1457,197,1,3
1457,198,1,3
1457,199,1,3
1457,200,1,3
1457,201,1,3
1457,202,1,3
1457,203,1,3
1457,204,1,3
1457,205,1,3
1457,206,1,3
1457,207,1,3
1457,208,1,3
1457,209,1,3
1457,210,1,3
1457,211,1,3
1457,212,1,3
1457,213,1,3
1457,214,1,3
1457,215,1,3
1457,216,1,3
1457,217,1,3
1457,218,1,3
1457,219,1,3
1457,220,1,3
1457,221,1,3
1457,222,1,3
1457,223,1,3
1457,224,1,3
1457,225,1,3
1457,226,1,3
1457,227,1,3
1457,228,1,3
1457,229,1,3
1457,230,1,3
1457,231,1,3
1457,232,1,3
1457,233,1,3
1457,234,1,3
1457,235,1,3
1457,236,1,3
1457,237,1,3
1457,238,1,3
1457,239,1,3
1457,240,1,3
1457,241,1,3
1457,242,1,3
1457,243,1,3
1457,244,1,3
1457,245,1,3
1457,246,1,3
1457,247,1,3
1457,248,1,3
1457,249,1,3
1457,250,1,3
1457,251,1,3
1457,252,1,3
1457,253,1,3
1457,254,1,3
1457,255,1,3
1457,256,1,3
1457,257,1,3
1457,258,1,3
1457,259,1,3
1457,260,1,3
1457,261,1,3
1457,262,1,3
1457,263,1,3
1457,264,1,3
1457,265,1,3
1457,266,1,3
1457,267,1,3
1457,268,1,3
1457,269,1,3
1457,270,1,3
1457,271,1,3
1457,272,1,3
1457,273,1,3
1457,274,1,3
1457,275,1,3
1457,276,1,3
1457,277,1,3
1457,278,1,3
1457,279,1,3
1457,280,1,3
1457,281,1,3
1457,282,1,3
1457,283,1,3
1457,284,1,3
1457,285,1,3
1457,286,1,3
1457,287,1,3
1457,288,1,3
1457,289,1,3
1457,290,1,3
1457,291,1,3
1457,292,1,3
1457,293,1,3
1457,294,1,3
1457,295,1,3
1457,296,1,3
1457,297,1,3
1457,298,1,3
1457,299,1,3
1457,300,1,3
1457,301,1,3
1457,302,1,3
1457,303,1,3
1457,304,1,3
1457,305,1,3
1457,306,1,3
1457,307,1,3
1457,308,1,3
1457,309,1,3
1457,310,1,3
1457,311,1,3
1457,312,1,3
1457,313,1,3
1457,314,1,3
1457,315,1,3
1457,316,1,3
1457,317,1,3
1457,318,1,3
1457,319,1,3
1457,320,1,3
1457,321,1,3
1457,322,1,3
1457,323,1,3
1457,324,1,3
1457,325,1,3
1457,326,1,3
1457,327,1,3
1457,328,1,3
1457,329,1,3
1457,330,1,3
1457,331,1,3
1457,332,1,3
1457,333,1,3
1457,334,1,3
1457,335,1,3
1457,336,1,3
1457,337,1,3
1457,338,1,3
1457,339,1,3
1457,340,1,3
1457,341,1,3
1457,342,1,3
1457,343,1,3
1457,344,1,3
1457,345,1,3
1457,346,1,3
1457,347,1,3
1457,348,1,3
1457,349,1,3
1457,350,1,3
1457,351,1,3
1457,352,1,3
1457,353,1,3
1457,354,1,3
1457,355,1,3
1457,356,1,3
1457,357,1,3
1457,358,1,3
1457,359,1,3
1457,360,1,3
1457,361,1,3
1457,362,1,3
1457,363,1,3
1457,364,1,3
1457,365,1,3
1457,366,1,3
1457,367,1,3
1457,368,1,3
1457,369,1,3
1457,370,1,3
1457,371,1,3
1457,372,1,3
1457,373,1,3
1457,374,1,3
1457,375,1,3
1457,376,1,3
1457,377,1,3
1457,378,1,3
1457,379,1,3
1457,380,1,3
1457,381,1,3
1457,382,1,3
1457,383,1,3
1457,384,1,3
1457,385,1,3
1457,386,1,3
1457,387,1,3
1457,388,1,2
1457,389,1,2
1457,390,1,2
1457,391,1,2
1457,392,1,2
1457,393,1,2
1457,394,1,2
1457,395,1,2
1457,396,1,2
1457,397,1,2
1457,398,1,2
1457,399,1,2
1457,400,1,2
1457,401,1,2
1457,402,1,2
1457,403,1,2
1457,404,1,2
1457,405,1,2
1457,406,1,2
1457,407,1,2
1457,408,1,2
1457,409,1,2
1457,410,1,2
1457,411,1,2
1457,412,1,2
1457,413,1,2
1457,414,1,2
1457,415,1,2
1457,416,1,2
1457,417,1,2
1457,418,1,2
1457,419,1,2
1457,420,1,2
1457,421,1,2
1457,422,1,2
1457,423,1,2
1457,424,1,2
1457,425,1,2
1457,426,1,2
1457,427,1,2
1457,428,1,2
1457,429,1,2
1457,430,1,2
1457,431,1,2
1457,432,1,2
1457,433,1,2
1457,434,1,2
1457,435,1,2
1457,436,1,2
1457,437,1,2
1457,438,1,2
1457,439,1,2
1457,440,1,2
1457,441,1,2
1457,442,1,2
1457,443,1,2
1457,444,1,2
1457,445,1,2
1457,446,1,2
1457,447,1,2
1457,448,1,2
1457,449,1,2
1457,450,1,2
1457,451,1,2
1457,452,1,2
1457,453,1,2
1457,454,1,2
1457,455,1,2
1457,456,1,2
1457,457,1,2
1457,458,1,2
1457,459,1,2
1457,460,1,2
1457,461,1,2
1457,462,1,2
1457,463,1,2
1457,464,1,2
1457,465,1,2
1457,466,1,2
1457,467,1,2
1458,142,1,3
1458,143,1,3
1458,144,1,3
1458,145,1,3
1458,146,1,3
1458,147,1,3
1458,148,1,3
1458,149,1,3
1458,150,1,3
1458,151,1,3
1458,152,1,3
1458,153,1,3
1458,154,1,3
1458,155,1,3
1458,156,1,3
1458,157,1,3
1458,158,1,3
1458,159,1,3
1458,160,1,3
1458,161,1,3
1458,162,1,3
1458,163,1,3
1458,164,1,3
1458,165,1,3
1458,166,1,3
1458,167,1,3
1458,168,1,3
1458,169,1,3
1458,170,1,3
1458,171,1,3
1458,172,1,3
1458,173,1,3
1458,174,1,3
1458,175,1,3
1458,176,1,3
1458,177,1,3
1458,178,1,3
1458,179,1,3
1458,180,1,3
1458,181,1,3
1458,182,1,3
1458,183,1,3
1458,184,1,3
1458,185,1,3
1458,186,1,3
1458,187,1,3
1458,188,1,3
1458,189,1,3
1458,190,1,3
1458,191,1,3
1458,192,1,3
1458,193,1,3
1458,194,1,3
1458,195,1,3
1458,196,1,3
1458,197,1,3
1458,198,1,3
1458,199,1,3
1458,200,1,3
1458,201,1,3
1458,202,1,3
1458,203,1,3
1458,204,1,3
1458,205,1,3
1458,206,1,3
1458,207,1,3
1458,208,1,3
1458,209,1,3
1458,210,1,3
1458,211,1,3
1458,212,1,3
1458,213,1,3
1458,214,1,3
1458,215,1,3
1458,216,1,3
1458,217,1,3
1458,218,1,3
1458,219,1,3
1458,220,1,3
1458,221,1,3
1458,222,1,3
1458,223,1,3
1458,224,1,3
1458,225,1,3
1458,226,1,3
1458,227,1,3
1458,228,1,3
1458,229,1,3
1458,230,1,3
1458,231,1,3
1458,232,1,3
1458,233,1,3
1458,234,1,3
1458,235,1,3
1458,236,1,3
1458,237,1,3
1458,238,1,3
1458,239,1,3
1458,240,1,3
1458,241,1,3
1458,242,1,3
1458,243,1,3
1458,244,1,3
1458,245,1,3
1458,246,1,3
1458,247,1,3
1458,248,1,3
1458,249,1,3
1458,250,1,3
1458,251,1,3
1458,252,1,3
1458,253,1,3
1458,254,1,3
1458,255,1,3
1458,256,1,3
1458,257,1,3
1458,258,1,3
1458,259,1,3
1458,260,1,3
1458,261,1,3
1458,262,1,3
1458,263,1,3
1458,264,1,3
1458,265,1,3
1458,266,1,3
1458,267,1,3
1458,268,1,3
1458,269,1,3
1458,270,1,3
1458,271,1,3
1458,272,1,3
1458,273,1,3
1458,274,1,3
1458,275,1,3
1458,276,1,3
1458,277,1,3
1458,278,1,3
1458,279,1,3
1458,280,1,3
1458,281,1,3
1458,282,1,3
1458,283,1,3
1458,284,1,3
1458,285,1,3
1458,286,1,3
1458,287,1,3
1458,288,1,3
1458,289,1,3
1458,290,1,3
1458,291,1,3
1458,292,1,3
1458,293,1,3
1458,294,1,3
1458,295,1,3
1458,296,1,3
1458,297,1,3
1458,298,1,3
1458,299,1,3
1458,300,1,3
1458,301,1,3
1458,302,1,3
1458,303,1,3
1458,304,1,3
1458,305,1,3
1458,306,1,3
1458,307,1,3
1458,308,1,3
1458,309,1,3
1458,310,1,3
1458,311,1,3
1458,312,1,3
1458,313,1,3
1458,314,1,3
1458,315,1,3
1458,316,1,3
1458,317,1,3
1458,318,1,3
1458,319,1,3
1458,320,1,3
1458,321,1,3
1458,322,1,3
1458,323,1,3
1458,324,1,3
1458,325,1,3
1458,326,1,3
1458,327,1,3
1458,328,1,3
1458,329,1,3
1458,330,1,3
1458,331,1,3
1458,332,1,3
1458,333,1,3
1458,334,1,3
1458,335,1,3
1458,336,1,3
1458,337,1,3
1458,338,1,3
1458,339,1,3
1458,340,1,3
1458,341,1,3
1458,342,1,3
1458,343,1,3
1458,344,1,3
1458,345,1,3
1458,346,1,3
1458,347,1,3
1458,348,1,3
1458,349,1,3
1458,350,1,3
1458,351,1,3
1458,352,1,3
1458,353,1,3
1458,354,1,3
1458,355,1,3
1458,356,1,3
1458,357,1,3
1458,358,1,3
1458,359,1,3
1458,360,1,3
1458,361,1,3
1458,362,1,3
1458,363,1,3
1458,364,1,3
1458,365,1,3
1458,366,1,3
1458,367,1,3
1458,368,1,3
1458,369,1,3
1458,370,1,3
1458,371,1,3
1458,372,1,3
1458,373,1,3
1458,374,1,3
1458,375,1,3
1458,376,1,3
1458,377,1,3
1458,378,1,3
1458,379,1,3
1458,380,1,3
1458,381,1,3
1458,382,1,3
1458,383,1,3
1458,384,1,3
1458,385,1,3
1458,386,1,3
1458,387,1,3
1458,388,1,3
1458,389,1,2
1458,390,1,2
1458,391,1,2
1458,392,1,2
1458,393,1,2
1458,394,1,2
1458,395,1,2
1458,396,1,2
1458,397,1,2
1458,398,1,2
1458,399,1,2
1458,400,1,2
1458,401,1,2
1458,402,1,2
1458,403,1,2
1458,404,1,2
1458,405,1,2
1458,406,1,2
1458,407,1,2
1458,408,1,2
1458,409,1,2
1458,410,1,2
1458,411,1,2
1458,412,1,2
1458,413,1,2
1458,414,1,2
1458,415,1,2
1458,416,1,2
1458,417,1,2
1458,418,1,2
1458,419,1,2
1458,420,1,2
1458,421,1,2
1458,422,1,2
1458,423,1,2
1458,424,1,2
1458,425,1,2
1458,426,1,2
1458,427,1,2
1458,428,1,2
1458,429,1,2
1458,430,1,2
1458,431,1,2
1458,432,1,2
1458,433,1,2
1458,434,1,2
1458,435,1,2
1458,436,1,2
1458,437,1,2
1458,438,1,2
1458,439,1,2
1458,440,1,2
1458,441,1,2
1458,442,1,2
1458,443,1,2
1458,444,1,2
1458,445,1,2
1458,446,1,2
1458,447,1,2
1458,448,1,2
1458,449,1,2
1458,450,1,2
1458,451,1,2
1458,452,1,2
1458,453,1,2
1458,454,1,2
1458,455,1,2
1458,456,1,2
1458,457,1,2
1458,458,1,2
1458,459,1,2
1458,460,1,2
1458,461,1,2
1458,462,1,2
1458,463,1,2
1458,464,1,2
1458,465,1,2
1458,466,1,3
1458,467,1,2
1459,141,1,3
1459,142,1,3
1459,143,1,3
1459,144,1,3
1459,145,1,3
1459,146,1,3
1459,147,1,3
1459,148,1,3
1459,149,1,3
1459,150,1,3
1459,151,1,3
1459,152,1,3
1459,153,1,3
1459,154,1,3
1459,155,1,3
1459,156,1,3
1459,157,1,3
1459,158,1,3
1459,159,1,3
1459,160,1,3
1459,161,1,3
1459,162,1,3
1459,163,1,3
1459,164,1,3
1459,165,1,3
1459,166,1,3
1459,167,1,3
1459,168,1,3
1459,169,1,3
1459,170,1,3
1459,171,1,3
1459,172,1,3
1459,173,1,3
1459,174,1,3
1459,175,1,3
1459,176,1,3
1459,177,1,3
1459,178,1,3
1459,179,1,3
1459,180,1,3
1459,181,1,3
1459,182,1,3
1459,183,1,3
1459,184,1,3
1459,185,1,3
1459,186,1,3
1459,187,1,3
1459,188,1,3
1459,189,1,3
1459,190,1,3
1459,191,1,3
1459,192,1,3
1459,193,1,3
1459,194,1,3
1459,195,1,3
1459,196,1,3
1459,197,1,3
1459,198,1,3
1459,199,1,3
1459,200,1,3
1459,201,1,3
1459,202,1,3
1459,203,1,3
1459,204,1,3
1459,205,1,3
1459,206,1,3
1459,207,1,3
1459,208,1,3
1459,209,1,3
1459,210,1,3
1459,211,1,3
1459,212,1,3
1459,213,1,3
1459,214,1,3
1459,215,1,3
1459,216,1,3
1459,217,1,3
1459,218,1,3
1459,219,1,3
1459,220,1,3
1459,221,1,3
1459,222,1,3
1459,223,1,3
1459,224,1,3
1459,225,1,3
1459,226,1,3
1459,227,1,3
1459,228,1,3
1459,229,1,3
1459,230,1,3
1459,231,1,3
1459,232,1,3
1459,233,1,3
1459,234,1,3
1459,235,1,3
1459,236,1,3
1459,237,1,3
1459,238,1,3
1459,239,1,3
1459,240,1,3
1459,241,1,3
1459,242,1,3
1459,243,1,3
1459,244,1,3
1459,245,1,3
1459,246,1,3
1459,247,1,3
1459,248,1,3
1459,249,1,3
1459,250,1,3
1459,251,1,3
1459,252,1,3
1459,253,1,3
1459,254,1,3
1459,255,1,3
1459,256,1,3
1459,257,1,3
1459,258,1,3
1459,259,1,3
1459,260,1,3
1459,261,1,3
1459,262,1,3
1459,263,1,3
1459,264,1,3
1459,265,1,3
1459,266,1,3
1459,267,1,3
1459,268,1,3
1459,269,1,3
1459,270,1,3
1459,271,1,3
1459,272,1,3
1459,273,1,3
1459,274,1,3
1459,275,1,3
1459,276,1,3
1459,277,1,3
1459,278,1,3
1459,279,1,3
1459,280,1,3
1459,281,1,3
1459,282,1,3
1459,283,1,3
1459,284,1,3
1459,285,1,3
1459,286,1,3
1459,287,1,3
1459,288,1,3
1459,289,1,3
1459,290,1,3
1459,291,1,3
1459,292,1,3
1459,293,1,3
1459,294,1,3
1459,295,1,3
1459,296,1,3
1459,297,1,3
1459,298,1,3
1459,299,1,3
1459,300,1,3
1459,301,1,3
1459,302,1,3
1459,303,1,3
1459,304,1,3
1459,305,1,3
1459,306,1,3
1459,307,1,3
1459,308,1,3
1459,309,1,3
1459,310,1,3
1459,311,1,3
1459,312,1,3
1459,313,1,3
1459,314,1,3
1459,315,1,3
1459,316,1,3
1459,317,1,3
1459,318,1,3
1459,319,1,3
1459,320,1,3
1459,321,1,3
1459,322,1,3
1459,323,1,3
1459,324,1,3
1459,325,1,3
1459,326,1,3
1459,327,1,3
1459,328,1,3
1459,329,1,3
1459,330,1,3
1459,331,1,3
1459,332,1,3
1459,333,1,3
1459,334,1,3
1459,335,1,3
1459,336,1,3
1459,337,1,3
1459,338,1,3
1459,339,1,3
1459,340,1,3
1459,341,1,3
1459,342,1,3
1459,343,1,3
1459,344,1,3
1459,345,1,3
1459,346,1,3
1459,347,1,3
1459,348,1,3
1459,349,1,3
1459,350,1,3
1459,351,1,3
1459,352,1,3
1459,353,1,3
1459,354,1,3
1459,355,1,3
1459,356,1,3
1459,357,1,3
1459,358,1,3
1459,359,1,3
1459,360,1,3
1459,361,1,3
1459,362,1,3
1459,363,1,3
1459,364,1,3
1459,365,1,3
1459,366,1,3
1459,367,1,3
1459,368,1,3
1459,369,1,3
1459,370,1,3
1459,371,1,3
1459,372,1,3
1459,373,1,3
1459,374,1,3
1459,375,1,3
1459,376,1,3
1459,377,1,3
1459,378,1,3
1459,379,1,3
1459,380,1,3
1459,381,1,3
1459,382,1,3
1459,383,1,3
1459,384,1,3
1459,385,1,3
1459,386,1,3
1459,387,1,3
1459,388,1,3
1459,389,1,3
1459,390,1,2
1459,391,1,2
1459,392,1,2
1459,393,1,2
1459,394,1,2
1459,395,1,2
1459,396,1,2
1459,397,1,2
1459,398,1,2
1459,399,1,2
1459,400,1,2
1459,401,1,2
1459,402,1,2
1459,403,1,2
1459,404,1,2
1459,405,1,2
1459,406,1,2
1459,407,1,2
1459,408,1,2
1459,409,1,2
1459,410,1,2
1459,411,1,2
1459,412,1,2
1459,413,1,2
1459,414,1,2
1459,415,1,2
1459,416,1,2
1459,417,1,2
1459,418,1,2
1459,419,1,2
1459,420,1,2
1459,421,1,2
1459,422,1,2
1459,423,1,2
1459,424,1,2
1459,425,1,2
1459,426,1,2
1459,427,1,2
1459,428,1,2
1459,429,1,2
1459,430,1,2
1459,431,1,2
1459,432,1,2
1459,433,1,2
1459,434,1,2
1459,435,1,2
1459,436,1,2
1459,437,1,2
1459,438,1,2
1459,439,1,2
1459,440,1,2
1459,441,1,2
1459,442,1,2
1459,443,1,2
1459,444,1,2
1459,445,1,2
1459,446,1,2
1459,447,1,2
1459,448,1,2
1459,449,1,2
1459,450,1,2
1459,451,1,2
1459,452,1,2
1459,453,1,2
1459,454,1,2
1459,455,1,2
1459,456,1,2
1459,457,1,2
1459,458,1,2
1459,459,1,2
1459,460,1,2
1459,461,1,2
1459,462,1,2
1459,463,1,2
1459,464,1,2
1459,465,1,2
1459,466,1,3
1460,140,1,3
1460,141,1,3
1460,142,1,3
1460,143,1,3
1460,144,1,3
1460,145,1,3
1460,146,1,3
1460,147,1,3
1460,148,1,3
1460,149,1,3
1460,150,1,3
1460,151,1,3
1460,152,1,3
1460,153,1,3
1460,154,1,3
1460,155,1,3
1460,156,1,3
1460,157,1,3
1460,158,1,3
1460,159,1,3
1460,160,1,3
1460,161,1,3
1460,162,1,3
1460,163,1,3
1460,164,1,3
1460,165,1,3
1460,166,1,3
1460,167,1,3
1460,168,1,3
1460,169,1,3
1460,170,1,3
1460,171,1,3
1460,172,1,3
1460,173,1,3
1460,174,1,3
1460,175,1,3
1460,176,1,3
1460,177,1,3
1460,178,1,3
1460,179,1,3
1460,180,1,3
1460,181,1,3
1460,182,1,3
1460,183,1,3
1460,184,1,3
1460,185,1,3
1460,186,1,3
1460,187,1,3
1460,188,1,3
1460,189,1,3
1460,190,1,3
1460,191,1,3
1460,192,1,3
1460,193,1,3
1460,194,1,3
1460,195,1,3
1460,196,1,3
1460,197,1,3
1460,198,1,3
1460,199,1,3
1460,200,1,3
1460,201,1,3
1460,202,1,3
1460,203,1,3
1460,204,1,3
1460,205,1,3
1460,206,1,3
1460,207,1,3
1460,208,1,3
1460,209,1,3
1460,210,1,3
1460,211,1,3
1460,212,1,3
1460,213,1,3
1460,214,1,3
1460,215,1,3
1460,216,1,3
1460,217,1,3
1460,218,1,3
1460,219,1,3
1460,220,1,3
1460,221,1,3
1460,222,1,3
1460,223,1,3
1460,224,1,3
1460,225,1,3
1460,226,1,3
1460,227,1,3
1460,228,1,3
1460,229,1,3
1460,230,1,3
1460,231,1,3
1460,232,1,3
1460,233,1,3
1460,234,1,3
1460,235,1,3
1460,236,1,3
1460,237,1,3
1460,238,1,3
1460,239,1,3
1460,240,1,3
1460,241,1,3
1460,242,1,3
1460,243,1,3
1460,244,1,3
1460,245,1,3
1460,246,1,3
1460,247,1,3
1460,248,1,3
1460,249,1,3
1460,250,1,3
1460,251,1,3
1460,252,1,3
1460,253,1,3
1460,254,1,3
1460,255,1,3
1460,256,1,3
1460,257,1,3
1460,258,1,3
1460,259,1,3
1460,260,1,3
1460,261,1,3
1460,262,1,3
1460,263,1,3
1460,264,1,3
1460,265,1,3
1460,266,1,3
1460,267,1,3
1460,268,1,3
1460,269,1,3
1460,270,1,3
1460,271,1,3
1460,272,1,3
1460,273,1,3
1460,274,1,3
1460,275,1,3
1460,276,1,3
1460,277,1,3
1460,278,1,3
1460,279,1,3
1460,280,1,3
1460,281,1,3
1460,282,1,3
1460,283,1,3
1460,284,1,3
1460,285,1,3
1460,286,1,3
1460,287,1,3
1460,288,1,3
1460,289,1,3
1460,290,1,3
1460,291,1,3
1460,292,1,3
1460,293,1,3
1460,294,1,3
1460,295,1,3
1460,296,1,3
1460,297,1,3
1460,298,1,3
1460,299,1,3
1460,300,1,3
1460,301,1,3
1460,302,1,3
1460,303,1,3
1460,304,1,3
1460,305,1,3
1460,306,1,3
1460,307,1,3
1460,308,1,3
1460,309,1,3
1460,310,1,3
1460,311,1,3
1460,312,1,3
1460,313,1,3
1460,314,1,3
1460,315,1,3
1460,316,1,3
1460,317,1,3
1460,318,1,3
1460,319,1,3
1460,320,1,3
1460,321,1,3
1460,322,1,3
1460,323,1,3
1460,324,1,3
1460,325,1,3
1460,326,1,3
1460,327,1,3
1460,328,1,3
1460,329,1,3
1460,330,1,3
1460,331,1,3
1460,332,1,3
1460,333,1,3
1460,334,1,3
1460,335,1,3
1460,336,1,3
1460,337,1,3
1460,338,1,3
1460,339,1,3
1460,340,1,3
1460,341,1,3
1460,342,1,3
1460,343,1,3
1460,344,1,3
1460,345,1,3
1460,346,1,3
1460,347,1,3
1460,348,1,3
1460,349,1,3
1460,350,1,3
1460,351,1,3
1460,352,1,3
1460,353,1,3
1460,354,1,3
1460,355,1,3
1460,356,1,3
1460,357,1,3
1460,358,1,3
1460,359,1,3
1460,360,1,3
1460,361,1,3
1460,362,1,3
1460,363,1,3
1460,364,1,3
1460,365,1,3
1460,366,1,3
1460,367,1,3
1460,368,1,3
1460,369,1,3
1460,370,1,3
1460,371,1,3
1460,372,1,3
1460,373,1,3
1460,374,1,3
1460,375,1,3
1460,376,1,3
1460,377,1,3
1460,378,1,3
1460,379,1,3
1460,380,1,3
1460,381,1,3
1460,382,1,3
1460,383,1,3
1460,384,1,3
1460,385,1,3
1460,386,1,3
1460,387,1,3
1460,388,1,3
1460,389,1,3
1460,390,1,2
1460,391,1,2
1460,392,1,2
1460,393,1,2
1460,394,1,2
1460,395,1,2
1460,396,1,2
1460,397,1,2
1460,398,1,2
1460,399,1,2
1460,400,1,2
1460,401,1,2
1460,402,1,2
1460,403,1,2
1460,404,1,2
1460,405,1,2
1460,406,1,2
1460,407,1,2
1460,408,1,2
1460,409,1,2
1460,410,1,2
1460,411,1,2
1460,412,1,2
1460,413,1,2
1460,414,1,2
1460,415,1,2
1460,416,1,2
1460,417,1,2
1460,418,1,2
1460,419,1,2
1460,420,1,2
1460,421,1,2
1460,422,1,2
1460,423,1,2
1460,424,1,2
1460,425,1,2
1460,426,1,2
1460,427,1,2
1460,428,1,2
1460,429,1,2
1460,430,1,2
1460,431,1,2
1460,432,1,2
1460,433,1,2
1460,434,1,2
1460,435,1,2
1460,436,1,2
1460,437,1,2
1460,438,1,2
1460,439,1,2
1460,440,1,2
1460,441,1,2
1460,442,1,2
1460,443,1,2
1460,444,1,2
1460,445,1,2
1460,446,1,2
1460,447,1,2
1460,448,1,2
1460,449,1,2
1460,450,1,2
1460,451,1,2
1460,452,1,2
1460,453,1,2
1460,454,1,2
1460,455,1,2
1460,456,1,2
1460,457,1,2
1460,458,1,2
1460,459,1,2
1460,460,1,2
1460,461,1,2
1460,462,1,2
1460,463,1,2
1460,464,1,2
1460,465,1,2
1460,466,1,3
1461,138,1,3
1461,139,1,3
1461,140,1,3
1461,141,1,3
1461,142,1,3
1461,143,1,3
1461,144,1,3
1461,145,1,3
1461,146,1,3
1461,147,1,3
1461,148,1,3
1461,149,1,3
1461,150,1,3
1461,151,1,3
1461,152,1,3
1461,153,1,3
1461,154,1,3
1461,155,1,3
1461,156,1,3
1461,157,1,3
1461,158,1,3
1461,159,1,3
1461,160,1,3
1461,161,1,3
1461,162,1,3
1461,163,1,3
1461,164,1,3
1461,165,1,3
1461,166,1,3
1461,167,1,3
1461,168,1,3
1461,169,1,3
1461,170,1,3
1461,171,1,3
1461,172,1,3
1461,173,1,3
1461,174,1,3
1461,175,1,3
1461,176,1,3
1461,177,1,3
1461,178,1,3
1461,179,1,3
1461,180,1,3
1461,181,1,3
1461,182,1,3
1461,183,1,3
1461,184,1,3
1461,185,1,3
1461,186,1,3
1461,187,1,3
1461,188,1,3
1461,189,1,3
1461,190,1,3
1461,191,1,3
1461,192,1,3
1461,193,1,3
1461,194,1,3
1461,195,1,3
1461,196,1,3
1461,197,1,3
1461,198,1,3
1461,199,1,3
1461,200,1,3
1461,201,1,3
1461,202,1,3
1461,203,1,3
1461,204,1,3
1461,205,1,3
1461,206,1,3
1461,207,1,3
1461,208,1,3
1461,209,1,3
1461,210,1,3
1461,211,1,3
1461,212,1,3
1461,213,1,3
1461,214,1,3
1461,215,1,3
1461,216,1,3
1461,217,1,3
1461,218,1,3
1461,219,1,3
1461,220,1,3
1461,221,1,3
1461,222,1,3
1461,223,1,3
1461,224,1,3
1461,225,1,3
1461,226,1,3
1461,227,1,3
1461,228,1,3
1461,229,1,3
1461,230,1,3
1461,231,1,3
1461,232,1,3
1461,233,1,3
1461,234,1,3
1461,235,1,3
1461,236,1,3
1461,237,1,3
1461,238,1,3
1461,239,1,3
1461,240,1,3
1461,241,1,3
1461,242,1,3
1461,243,1,3
1461,244,1,3
1461,245,1,3
1461,246,1,3
1461,247,1,3
1461,248,1,3
1461,249,1,3
1461,250,1,3
1461,251,1,3
1461,252,1,3
1461,253,1,3
1461,254,1,3
1461,255,1,3
1461,256,1,3
1461,257,1,3
1461,258,1,3
1461,259,1,3
1461,260,1,3
1461,261,1,3
1461,262,1,3
1461,263,1,3
1461,264,1,3
1461,265,1,3
1461,266,1,3
1461,267,1,3
1461,268,1,3
1461,269,1,3
1461,270,1,3
1461,271,1,3
1461,272,1,3
1461,273,1,3
1461,274,1,3
1461,275,1,3
1461,276,1,3
1461,277,1,3
1461,278,1,3
1461,279,1,3
1461,280,1,3
1461,281,1,3
1461,282,1,3
1461,283,1,3
1461,284,1,3
1461,285,1,3
1461,286,1,3
1461,287,1,3
1461,288,1,3
1461,289,1,3
1461,290,1,3
1461,291,1,3
1461,292,1,3
1461,293,1,3
1461,294,1,3
1461,295,1,3
1461,296,1,3
1461,297,1,3
1461,298,1,3
1461,299,1,3
1461,300,1,3
1461,301,1,3
1461,302,1,3
1461,303,1,3
1461,304,1,3
1461,305,1,3
1461,306,1,3
1461,307,1,3
1461,308,1,3
1461,309,1,3
1461,310,1,3
1461,311,1,3
1461,312,1,3
1461,313,1,3
1461,314,1,3
1461,315,1,3
1461,316,1,3
1461,317,1,3
1461,318,1,3
1461,319,1,3
1461,320,1,3
1461,321,1,3
1461,322,1,3
1461,323,1,3
1461,324,1,3
1461,325,1,3
1461,326,1,3
1461,327,1,3
1461,328,1,3
1461,329,1,3
1461,330,1,3
1461,331,1,3
1461,332,1,3
1461,333,1,3
1461,334,1,3
1461,335,1,3
1461,336,1,3
1461,337,1,3
1461,338,1,3
1461,339,1,3
1461,340,1,3
1461,341,1,3
1461,342,1,3
1461,343,1,3
1461,344,1,3
1461,345,1,3
1461,346,1,3
1461,347,1,3
1461,348,1,3
1461,349,1,3
1461,350,1,3
1461,351,1,3
1461,352,1,3
1461,353,1,3
1461,354,1,3
1461,355,1,3
1461,356,1,3
1461,357,1,3
1461,358,1,3
1461,359,1,3
1461,360,1,3
1461,361,1,3
1461,362,1,3
1461,363,1,3
1461,364,1,3
1461,365,1,3
1461,366,1,3
1461,367,1,3
1461,368,1,3
1461,369,1,3
1461,370,1,3
1461,371,1,3
1461,372,1,3
1461,373,1,3
1461,374,1,3
1461,375,1,3
1461,376,1,3
1461,377,1,3
1461,378,1,3
1461,379,1,3
1461,380,1,3
1461,381,1,3
1461,382,1,3
1461,383,1,3
1461,384,1,3
1461,385,1,3
1461,386,1,3
1461,387,1,3
1461,388,1,3
1461,389,1,3
1461,390,1,3
1461,391,1,2
1461,392,1,2
1461,393,1,2
1461,394,1,2
1461,395,1,2
1461,396,1,2
1461,397,1,2
1461,398,1,2
1461,399,1,2
1461,400,1,2
1461,401,1,2
1461,402,1,2
1461,403,1,2
1461,404,1,2
1461,405,1,2
1461,406,1,2
1461,407,1,2
1461,408,1,2
1461,409,1,2
1461,410,1,2
1461,411,1,2
1461,412,1,2
1461,413,1,2
1461,414,1,2
1461,415,1,2
1461,416,1,2
1461,417,1,2
1461,418,1,2
1461,419,1,2
1461,420,1,2
1461,421,1,2
1461,422,1,2
1461,423,1,2
1461,424,1,2
1461,425,1,2
1461,426,1,2
1461,427,1,2
1461,428,1,2
1461,429,1,2
1461,430,1,2
1461,431,1,2
1461,432,1,2
1461,433,1,2
1461,434,1,2
1461,435,1,2
1461,436,1,2
1461,437,1,2
1461,438,1,2
1461,439,1,2
1461,440,1,2
1461,441,1,2
1461,442,1,2
1461,443,1,2
1461,444,1,2
1461,445,1,2
1461,446,1,2
1461,447,1,2
1461,448,1,2
1461,449,1,2
1461,450,1,2
1461,451,1,2
1461,452,1,2
1461,453,1,2
1461,454,1,2
1461,455,1,2
1461,456,1,2
1461,457,1,2
1461,458,1,2
1461,459,1,2
1461,460,1,2
1461,461,1,2
1461,462,1,2
1461,463,1,2
1461,464,1,2
1461,465,1,2
1461,466,1,3
1462,136,1,3
1462,137,1,3
1462,138,1,3
1462,139,1,3
1462,140,1,3
1462,141,1,3
1462,142,1,3
1462,143,1,3
1462,144,1,3
1462,145,1,3
1462,146,1,3
1462,147,1,3
1462,148,1,3
1462,149,1,3
1462,150,1,3
1462,151,1,3
1462,152,1,3
1462,153,1,3
1462,154,1,3
1462,155,1,3
1462,156,1,3
1462,157,1,3
1462,158,1,3
1462,159,1,3
1462,160,1,3
1462,161,1,3
1462,162,1,3
1462,163,1,3
1462,164,1,3
1462,165,1,3
1462,166,1,3
1462,167,1,3
1462,168,1,3
1462,169,1,3
1462,170,1,3
1462,171,1,3
1462,172,1,3
1462,173,1,3
1462,174,1,3
1462,175,1,3
1462,176,1,3
1462,177,1,3
1462,178,1,3
1462,179,1,3
1462,180,1,3
1462,181,1,3
1462,182,1,3
1462,183,1,3
1462,184,1,3
1462,185,1,3
1462,186,1,3
1462,187,1,3
1462,188,1,3
1462,189,1,3
1462,190,1,3
1462,191,1,3
1462,192,1,3
1462,193,1,3
1462,194,1,3
1462,195,1,3
1462,196,1,3
1462,197,1,3
1462,198,1,3
1462,199,1,3
1462,200,1,3
1462,201,1,3
1462,202,1,3
1462,203,1,3
1462,204,1,3
1462,205,1,3
1462,206,1,3
1462,207,1,3
1462,208,1,3
1462,209,1,3
1462,210,1,3
1462,211,1,3
1462,212,1,3
1462,213,1,3
1462,214,1,3
1462,215,1,3
1462,216,1,3
1462,217,1,3
1462,218,1,3
1462,219,1,3
1462,220,1,3
1462,221,1,3
1462,222,1,3
1462,223,1,3
1462,224,1,3
1462,225,1,3
1462,226,1,3
1462,227,1,3
1462,228,1,3
1462,229,1,3
1462,230,1,3
1462,231,1,3
1462,232,1,3
1462,233,1,3
1462,234,1,3
1462,235,1,3
1462,236,1,3
1462,237,1,3
1462,238,1,3
1462,239,1,3
1462,240,1,3
1462,241,1,3
1462,242,1,3
1462,243,1,3
1462,244,1,3
1462,245,1,3
1462,246,1,3
1462,247,1,3
1462,248,1,3
1462,249,1,3
1462,250,1,3
1462,251,1,3
1462,252,1,3
1462,253,1,3
1462,254,1,3
1462,255,1,3
1462,256,1,3
1462,257,1,3
1462,258,1,3
1462,259,1,3
1462,260,1,3
1462,261,1,3
1462,262,1,3
1462,263,1,3
1462,264,1,3
1462,265,1,3
1462,266,1,3
1462,267,1,3
1462,268,1,3
1462,269,1,3
1462,270,1,3
1462,271,1,3
1462,272,1,3
1462,273,1,3
1462,274,1,3
1462,275,1,3
1462,276,1,3
1462,277,1,3
1462,278,1,3
1462,279,1,3
1462,280,1,3
1462,281,1,3
1462,282,1,3
1462,283,1,3
1462,284,1,3
1462,285,1,3
1462,286,1,3
1462,287,1,3
1462,288,1,3
1462,289,1,3
1462,290,1,3
1462,291,1,3
1462,292,1,3
1462,293,1,3
1462,294,1,3
1462,295,1,3
1462,296,1,3
1462,297,1,3
1462,298,1,3
1462,299,1,3
1462,300,1,3
1462,301,1,3
1462,302,1,3
1462,303,1,3
1462,304,1,3
1462,305,1,3
1462,306,1,3
1462,307,1,3
1462,308,1,3
1462,309,1,3
1462,310,1,3
1462,311,1,3
1462,312,1,3
1462,313,1,3
1462,314,1,3
1462,315,1,3
1462,316,1,3
1462,317,1,3
1462,318,1,3
1462,319,1,3
1462,320,1,3
1462,321,1,3
1462,322,1,3
1462,323,1,3
1462,324,1,3
1462,325,1,3
1462,326,1,3
1462,327,1,3
1462,328,1,3
1462,329,1,3
1462,330,1,3
1462,331,1,3
1462,332,1,3
1462,333,1,3
1462,334,1,3
1462,335,1,3
1462,336,1,3
1462,337,1,3
1462,338,1,3
1462,339,1,3
1462,340,1,3
1462,341,1,3
1462,342,1,3
1462,343,1,3
1462,344,1,3
1462,345,1,3
1462,346,1,3
1462,347,1,3
1462,348,1,3
1462,349,1,3
1462,350,1,3
1462,351,1,3
1462,352,1,3
1462,353,1,3
1462,354,1,3
1462,355,1,3
1462,356,1,3
1462,357,1,3
1462,358,1,3
1462,359,1,3
1462,360,1,3
1462,361,1,3
1462,362,1,3
1462,363,1,3
1462,364,1,3
1462,365,1,3
1462,366,1,3
1462,367,1,3
1462,368,1,3
1462,369,1,3
1462,370,1,3
1462,371,1,3
1462,372,1,3
1462,373,1,3
1462,374,1,3
1462,375,1,3
1462,376,1,3
1462,377,1,3
1462,378,1,3
1462,379,1,3
1462,380,1,3
1462,381,1,3
1462,382,1,3
1462,383,1,3
1462,384,1,3
1462,385,1,3
1462,386,1,3
1462,387,1,3
1462,388,1,3
1462,389,1,3
1462,390,1,3
1462,391,1,2
1462,392,1,2
1462,393,1,2
1462,394,1,2
1462,395,1,2
1462,396,1,2
1462,397,1,2
1462,398,1,2
1462,399,1,2
1462,400,1,2
1462,401,1,2
1462,402,1,2
1462,403,1,2
1462,404,1,2
1462,405,1,2
1462,406,1,2
1462,407,1,2
1462,408,1,2
1462,409,1,2
1462,410,1,2
1462,411,1,2
1462,412,1,2
1462,413,1,2
1462,414,1,2
1462,415,1,2
1462,416,1,2
1462,417,1,2
1462,418,1,2
1462,419,1,2
1462,420,1,2
1462,421,1,2
1462,422,1,2
1462,423,1,2
1462,424,1,2
1462,425,1,2
1462,426,1,2
1462,427,1,2
1462,428,1,2
1462,429,1,2
1462,430,1,2
1462,431,1,2
1462,432,1,2
1462,433,1,2
1462,434,1,2
1462,435,1,2
1462,436,1,2
1462,437,1,2
1462,438,1,2
1462,439,1,2
1462,440,1,2
1462,441,1,2
1462,442,1,2
1462,443,1,2
1462,444,1,2
1462,445,1,2
1462,446,1,2
1462,447,1,2
1462,448,1,2
1462,449,1,2
1462,450,1,2
1462,451,1,2
1462,452,1,2
1462,453,1,2
1462,454,1,2
1462,455,1,2
1462,456,1,2
1462,457,1,2
1462,458,1,2
1462,459,1,2
1462,460,1,2
1462,461,1,2
1462,462,1,2
1462,463,1,2
1462,464,1,2
1462,465,1,2
1462,466,1,3
1463,135,1,3
1463,136,1,3
1463,137,1,3
1463,138,1,3
1463,139,1,3
1463,140,1,3
1463,141,1,3
1463,142,1,3
1463,143,1,3
1463,144,1,3
1463,145,1,3
1463,146,1,3
1463,147,1,3
1463,148,1,3
1463,149,1,3
1463,150,1,3
1463,151,1,3
1463,152,1,3
1463,153,1,3
1463,154,1,3
1463,155,1,3
1463,156,1,3
1463,157,1,3
1463,158,1,3
1463,159,1,3
1463,160,1,3
1463,161,1,3
1463,162,1,3
1463,163,1,3
1463,164,1,3
1463,165,1,3
1463,166,1,3
1463,167,1,3
1463,168,1,3
1463,169,1,3
1463,170,1,3
1463,171,1,3
1463,172,1,3
1463,173,1,3
1463,174,1,3
1463,175,1,3
1463,176,1,3
1463,177,1,3
1463,178,1,3
1463,179,1,3
1463,180,1,3
1463,181,1,3
1463,182,1,3
1463,183,1,3
1463,184,1,3
1463,185,1,3
1463,186,1,3
1463,187,1,3
1463,188,1,3
1463,189,1,3
1463,190,1,3
1463,191,1,3
1463,192,1,3
1463,193,1,3
1463,194,1,3
1463,195,1,3
1463,196,1,3
1463,197,1,3
1463,198,1,3
1463,199,1,3
1463,200,1,3
1463,201,1,3
1463,202,1,3
1463,203,1,3
1463,204,1,3
1463,205,1,3
1463,206,1,3
1463,207,1,3
1463,208,1,3
1463,209,1,3
1463,210,1,3
1463,211,1,3
1463,212,1,3
1463,213,1,3
1463,214,1,3
1463,215,1,3
1463,216,1,3
1463,217,1,3
1463,218,1,3
1463,219,1,3
1463,220,1,3
1463,221,1,3
1463,222,1,3
1463,223,1,3
1463,224,1,3
1463,225,1,3
1463,226,1,3
1463,227,1,3
1463,228,1,3
1463,229,1,3
1463,230,1,3
1463,231,1,3
1463,232,1,3
1463,233,1,3
1463,234,1,3
1463,235,1,3
1463,236,1,3
1463,237,1,3
1463,238,1,3
1463,239,1,3
1463,240,1,3
1463,241,1,3
1463,242,1,3
1463,243,1,3
1463,244,1,3
1463,245,1,3
1463,246,1,3
1463,247,1,3
1463,248,1,3
1463,249,1,3
1463,250,1,3
1463,251,1,3
1463,252,1,3
1463,253,1,3
1463,254,1,3
1463,255,1,3
1463,256,1,3
1463,257,1,3
1463,258,1,3
1463,259,1,3
1463,260,1,3
1463,261,1,3
1463,262,1,3
1463,263,1,3
1463,264,1,3
1463,265,1,3
1463,266,1,3
1463,267,1,3
1463,268,1,3
1463,269,1,3
1463,270,1,3
1463,271,1,3
1463,272,1,3
1463,273,1,3
1463,274,1,3
1463,275,1,3
1463,276,1,3
1463,277,1,3
1463,278,1,3
1463,279,1,3
1463,280,1,3
1463,281,1,3
1463,282,1,3
1463,283,1,3
1463,284,1,3
1463,285,1,3
1463,286,1,3
1463,287,1,3
1463,288,1,3
1463,289,1,3
1463,290,1,3
1463,291,1,3
1463,292,1,3
1463,293,1,3
1463,294,1,3
1463,295,1,3
1463,296,1,3
1463,297,1,3
1463,298,1,3
1463,299,1,3
1463,300,1,3
1463,301,1,3
1463,302,1,3
1463,303,1,3
1463,304,1,3
1463,305,1,3
1463,306,1,3
1463,307,1,3
1463,308,1,3
1463,309,1,3
1463,310,1,3
1463,311,1,3
1463,312,1,3
1463,313,1,3
1463,314,1,3
1463,315,1,3
1463,316,1,3
1463,317,1,3
1463,318,1,3
1463,319,1,3
1463,320,1,3
1463,321,1,3
1463,322,1,3
1463,323,1,3
1463,324,1,3
1463,325,1,3
1463,326,1,3
1463,327,1,3
1463,328,1,3
1463,329,1,3
1463,330,1,3
1463,331,1,3
1463,332,1,3
1463,333,1,3
1463,334,1,3
1463,335,1,3
1463,336,1,3
1463,337,1,3
1463,338,1,3
1463,339,1,3
1463,340,1,3
1463,341,1,3
1463,342,1,3
1463,343,1,3
1463,344,1,3
1463,345,1,3
1463,346,1,3
1463,347,1,3
1463,348,1,3
1463,349,1,3
1463,350,1,3
1463,351,1,3
1463,352,1,3
1463,353,1,3
1463,354,1,3
1463,355,1,3
1463,356,1,3
1463,357,1,3
1463,358,1,3
1463,359,1,3
1463,360,1,3
1463,361,1,3
1463,362,1,3
1463,363,1,3
1463,364,1,3
1463,365,1,3
1463,366,1,3
1463,367,1,3
1463,368,1,3
1463,369,1,3
1463,370,1,3
1463,371,1,3
1463,372,1,3
1463,373,1,3
1463,374,1,3
1463,375,1,3
1463,376,1,3
1463,377,1,3
1463,378,1,3
1463,379,1,3
1463,380,1,3
1463,381,1,3
1463,382,1,3
1463,383,1,3
1463,384,1,3
1463,385,1,3
1463,386,1,3
1463,387,1,3
1463,388,1,3
1463,389,1,3
1463,390,1,3
1463,391,1,2
1463,392,1,2
1463,393,1,2
1463,394,1,2
1463,395,1,2
1463,396,1,2
1463,397,1,2
1463,398,1,2
1463,399,1,2
1463,400,1,2
1463,401,1,2
1463,402,1,2
1463,403,1,2
1463,404,1,2
1463,405,1,2
1463,406,1,2
1463,407,1,2
1463,408,1,2
1463,409,1,2
1463,410,1,2
1463,411,1,2
1463,412,1,2
1463,413,1,2
1463,414,1,2
1463,415,1,2
1463,416,1,2
1463,417,1,2
1463,418,1,2
1463,419,1,2
1463,420,1,2
1463,421,1,2
1463,422,1,2
1463,423,1,2
1463,424,1,2
1463,425,1,2
1463,426,1,2
1463,427,1,2
1463,428,1,2
1463,429,1,2
1463,430,1,2
1463,431,1,2
1463,432,1,2
1463,433,1,2
1463,434,1,2
1463,435,1,2
1463,436,1,2
1463,437,1,2
1463,438,1,2
1463,439,1,2
1463,440,1,2
1463,441,1,2
1463,442,1,2
1463,443,1,2
1463,444,1,2
1463,445,1,2
1463,446,1,2
1463,447,1,2
1463,448,1,2
1463,449,1,2
1463,450,1,2
1463,451,1,2
1463,452,1,2
1463,453,1,2
1463,454,1,2
1463,455,1,2
1463,456,1,2
1463,457,1,2
1463,458,1,2
1463,459,1,2
1463,460,1,2
1463,461,1,2
1463,462,1,2
1463,463,1,2
1463,464,1,2
1463,465,1,2
1463,466,1,3
1464,134,1,3
1464,135,1,3
1464,136,1,3
1464,137,1,3
1464,138,1,3
1464,139,1,3
1464,140,1,3
1464,141,1,3
1464,142,1,3
1464,143,1,3
1464,144,1,3
1464,145,1,3
1464,146,1,3
1464,147,1,3
1464,148,1,3
1464,149,1,3
1464,150,1,3
1464,151,1,3
1464,152,1,3
1464,153,1,3
1464,154,1,3
1464,155,1,3
1464,156,1,3
1464,157,1,3
1464,158,1,3
1464,159,1,3
1464,160,1,3
1464,161,1,3
1464,162,1,3
1464,163,1,3
1464,164,1,3
1464,165,1,3
1464,166,1,3
1464,167,1,3
1464,168,1,3
1464,169,1,3
1464,170,1,3
1464,171,1,3
1464,172,1,3
1464,173,1,3
1464,174,1,3
1464,175,1,3
1464,176,1,3
1464,177,1,3
1464,178,1,3
1464,179,1,3
1464,180,1,3
1464,181,1,3
1464,182,1,3
1464,183,1,3
1464,184,1,3
1464,185,1,3
1464,186,1,3
1464,187,1,3
1464,188,1,3
1464,189,1,3
1464,190,1,3
1464,191,1,3
1464,192,1,3
1464,193,1,3
1464,194,1,3
1464,195,1,3
1464,196,1,3
1464,197,1,3
1464,198,1,3
1464,199,1,3
1464,200,1,3
1464,201,1,3
1464,202,1,3
1464,203,1,3
1464,204,1,3
1464,205,1,3
1464,206,1,3
1464,207,1,3
1464,208,1,3
1464,209,1,3
1464,210,1,3
1464,211,1,3
1464,212,1,3
1464,213,1,3
1464,214,1,3
1464,215,1,3
1464,216,1,3
1464,217,1,3
1464,218,1,3
1464,219,1,3
1464,220,1,3
1464,221,1,3
1464,222,1,3
1464,223,1,3
1464,224,1,3
1464,225,1,3
1464,226,1,3
1464,227,1,3
1464,228,1,3
1464,229,1,3
1464,230,1,3
1464,231,1,3
1464,232,1,3
1464,233,1,3
1464,234,1,3
1464,235,1,3
1464,236,1,3
1464,237,1,3
1464,238,1,3
1464,239,1,3
1464,240,1,3
1464,241,1,3
1464,242,1,3
1464,243,1,3
1464,244,1,3
1464,245,1,3
1464,246,1,3
1464,247,1,3
1464,248,1,3
1464,249,1,3
1464,250,1,3
1464,251,1,3
1464,252,1,3
1464,253,1,3
1464,254,1,3
1464,255,1,3
1464,256,1,3
1464,257,1,3
1464,258,1,3
1464,259,1,3
1464,260,1,3
1464,261,1,3
1464,262,1,3
1464,263,1,3
1464,264,1,3
1464,265,1,3
1464,266,1,3
1464,267,1,3
1464,268,1,3
1464,269,1,3
1464,270,1,3
1464,271,1,3
1464,272,1,3
1464,273,1,3
1464,274,1,3
1464,275,1,3
1464,276,1,3
1464,277,1,3
1464,278,1,3
1464,279,1,3
1464,280,1,3
1464,281,1,3
1464,282,1,3
1464,283,1,3
1464,284,1,3
1464,285,1,3
1464,286,1,3
1464,287,1,3
1464,288,1,3
1464,289,1,3
1464,290,1,3
1464,291,1,3
1464,292,1,3
1464,293,1,3
1464,294,1,3
1464,295,1,3
1464,296,1,3
1464,297,1,3
1464,298,1,3
1464,299,1,3
1464,300,1,3
1464,301,1,3
1464,302,1,3
1464,303,1,3
1464,304,1,3
1464,305,1,3
1464,306,1,3
1464,307,1,3
1464,308,1,3
1464,309,1,3
1464,310,1,3
1464,311,1,3
1464,312,1,3
1464,313,1,3
1464,314,1,3
1464,315,1,3
1464,316,1,3
1464,317,1,3
1464,318,1,3
1464,319,1,3
1464,320,1,3
1464,321,1,3
1464,322,1,3
1464,323,1,3
1464,324,1,3
1464,325,1,3
1464,326,1,3
1464,327,1,3
1464,328,1,3
1464,329,1,3
1464,330,1,3
1464,331,1,3
1464,332,1,3
1464,333,1,3
1464,334,1,3
1464,335,1,3
1464,336,1,3
1464,337,1,3
1464,338,1,3
1464,339,1,3
1464,340,1,3
1464,341,1,3
1464,342,1,3
1464,343,1,3
1464,344,1,3
1464,345,1,3
1464,346,1,3
1464,347,1,3
1464,348,1,3
1464,349,1,3
1464,350,1,3
1464,351,1,3
1464,352,1,3
1464,353,1,3
1464,354,1,3
1464,355,1,3
1464,356,1,3
1464,357,1,3
1464,358,1,3
1464,359,1,3
1464,360,1,3
1464,361,1,3
1464,362,1,3
1464,363,1,3
1464,364,1,3
1464,365,1,3
1464,366,1,3
1464,367,1,3
1464,368,1,3
1464,369,1,3
1464,370,1,3
1464,371,1,3
1464,372,1,3
1464,373,1,3
1464,374,1,3
1464,375,1,3
1464,376,1,3
1464,377,1,3
1464,378,1,3
1464,379,1,3
1464,380,1,3
1464,381,1,3
1464,382,1,3
1464,383,1,3
1464,384,1,3
1464,385,1,3
1464,386,1,3
1464,387,1,3
1464,388,1,3
1464,389,1,3
1464,390,1,3
1464,391,1,2
1464,392,1,2
1464,393,1,2
1464,394,1,2
1464,395,1,2
1464,396,1,2
1464,397,1,2
1464,398,1,2
1464,399,1,2
1464,400,1,2
1464,401,1,2
1464,402,1,2
1464,403,1,2
1464,404,1,2
1464,405,1,2
1464,406,1,2
1464,407,1,2
1464,408,1,2
1464,409,1,2
1464,410,1,2
1464,411,1,2
1464,412,1,2
1464,413,1,2
1464,414,1,2
1464,415,1,2
1464,416,1,2
1464,417,1,2
1464,418,1,2
1464,419,1,2
1464,420,1,2
1464,421,1,2
1464,422,1,2
1464,423,1,2
1464,424,1,2
1464,425,1,2
1464,426,1,2
1464,427,1,2
1464,428,1,2
1464,429,1,2
1464,430,1,2
1464,431,1,2
1464,432,1,2
1464,433,1,2
1464,434,1,2
1464,435,1,2
1464,436,1,2
1464,437,1,2
1464,438,1,2
1464,439,1,2
1464,440,1,2
1464,441,1,2
1464,442,1,2
1464,443,1,2
1464,444,1,2
1464,445,1,2
1464,446,1,2
1464,447,1,2
1464,448,1,2
1464,449,1,2
1464,450,1,2
1464,451,1,2
1464,452,1,2
1464,453,1,2
1464,454,1,2
1464,455,1,2
1464,456,1,2
1464,457,1,2
1464,458,1,2
1464,459,1,2
1464,460,1,2
1464,461,1,2
1464,462,1,2
1464,463,1,2
1464,464,1,2
1464,465,1,2
1464,466,1,3
1465,132,1,3
1465,133,1,3
1465,134,1,3
1465,135,1,3
1465,136,1,3
1465,137,1,3
1465,138,1,3
1465,139,1,3
1465,140,1,3
1465,141,1,3
1465,142,1,3
1465,143,1,3
1465,144,1,3
1465,145,1,3
1465,146,1,3
1465,147,1,3
1465,148,1,3
1465,149,1,3
1465,150,1,3
1465,151,1,3
1465,152,1,3
1465,153,1,3
1465,154,1,3
1465,155,1,3
1465,156,1,3
1465,157,1,3
1465,158,1,3
1465,159,1,3
1465,160,1,3
1465,161,1,3
1465,162,1,3
1465,163,1,3
1465,164,1,3
1465,165,1,3
1465,166,1,3
1465,167,1,3
1465,168,1,3
1465,169,1,3
1465,170,1,3
1465,171,1,3
1465,172,1,3
1465,173,1,3
1465,174,1,3
1465,175,1,3
1465,176,1,3
1465,177,1,3
1465,178,1,3
1465,179,1,3
1465,180,1,3
1465,181,1,3
1465,182,1,3
1465,183,1,3
1465,184,1,3
1465,185,1,3
1465,186,1,3
1465,187,1,3
1465,188,1,3
1465,189,1,3
1465,190,1,3
1465,191,1,3
1465,192,1,3
1465,193,1,3
1465,194,1,3
1465,195,1,3
1465,196,1,3
1465,197,1,3
1465,198,1,3
1465,199,1,3
1465,200,1,3
1465,201,1,3
1465,202,1,3
1465,203,1,3
1465,204,1,3
1465,205,1,3
1465,206,1,3
1465,207,1,3
1465,208,1,3
1465,209,1,3
1465,210,1,3
1465,211,1,3
1465,212,1,3
1465,213,1,3
1465,214,1,3
1465,215,1,3
1465,216,1,3
1465,217,1,3
1465,218,1,3
1465,219,1,3
1465,220,1,3
1465,221,1,3
1465,222,1,3
1465,223,1,3
1465,224,1,3
1465,225,1,3
1465,226,1,3
1465,227,1,3
1465,228,1,3
1465,229,1,3
1465,230,1,3
1465,231,1,3
1465,232,1,3
1465,233,1,3
1465,234,1,3
1465,235,1,3
1465,236,1,3
1465,237,1,3
1465,238,1,3
1465,239,1,3
1465,240,1,3
1465,241,1,3
1465,242,1,3
1465,243,1,3
1465,244,1,3
1465,245,1,3
1465,246,1,3
1465,247,1,3
1465,248,1,3
1465,249,1,3
1465,250,1,3
1465,251,1,3
1465,252,1,3
1465,253,1,3
1465,254,1,3
1465,255,1,3
1465,256,1,3
1465,257,1,3
1465,258,1,3
1465,259,1,3
1465,260,1,3
1465,261,1,3
1465,262,1,3
1465,263,1,3
1465,264,1,3
1465,265,1,3
1465,266,1,3
1465,267,1,3
1465,268,1,3
1465,269,1,3
1465,270,1,3
1465,271,1,3
1465,272,1,3
1465,273,1,3
1465,274,1,3
1465,275,1,3
1465,276,1,3
1465,277,1,3
1465,278,1,3
1465,279,1,3
1465,280,1,3
1465,281,1,3
1465,282,1,3
1465,283,1,3
1465,284,1,3
1465,285,1,3
1465,286,1,3
1465,287,1,3
1465,288,1,3
1465,289,1,3
1465,290,1,3
1465,291,1,3
1465,292,1,3
1465,293,1,3
1465,294,1,3
1465,295,1,3
1465,296,1,3
1465,297,1,3
1465,298,1,3
1465,299,1,3
1465,300,1,3
1465,301,1,3
1465,302,1,3
1465,303,1,3
1465,304,1,3
1465,305,1,3
1465,306,1,3
1465,307,1,3
1465,308,1,3
1465,309,1,3
1465,310,1,3
1465,311,1,3
1465,312,1,3
1465,313,1,3
1465,314,1,3
1465,315,1,3
1465,316,1,3
1465,317,1,3
1465,318,1,3
1465,319,1,3
1465,320,1,3
1465,321,1,3
1465,322,1,3
1465,323,1,3
1465,324,1,3
1465,325,1,3
1465,326,1,3
1465,327,1,3
1465,328,1,3
1465,329,1,3
1465,330,1,3
1465,331,1,3
1465,332,1,3
1465,333,1,3
1465,334,1,3
1465,335,1,3
1465,336,1,3
1465,337,1,3
1465,338,1,3
1465,339,1,3
1465,340,1,3
1465,341,1,3
1465,342,1,3
1465,343,1,3
1465,344,1,3
1465,345,1,3
1465,346,1,3
1465,347,1,3
1465,348,1,3
1465,349,1,3
1465,350,1,3
1465,351,1,3
1465,352,1,3
1465,353,1,3
1465,354,1,3
1465,355,1,3
1465,356,1,3
1465,357,1,3
1465,358,1,3
1465,359,1,3
1465,360,1,3
1465,361,1,3
1465,362,1,3
1465,363,1,3
1465,364,1,3
1465,365,1,3
1465,366,1,3
1465,367,1,3
1465,368,1,3
1465,369,1,3
1465,370,1,3
1465,371,1,3
1465,372,1,3
1465,373,1,3
1465,374,1,3
1465,375,1,3
1465,376,1,3
1465,377,1,3
1465,378,1,3
1465,379,1,3
1465,380,1,3
1465,381,1,3
1465,382,1,3
1465,383,1,3
1465,384,1,3
1465,385,1,3
1465,386,1,3
1465,387,1,3
1465,388,1,3
1465,389,1,3
1465,390,1,3
1465,391,1,2
1465,392,1,2
1465,393,1,2
1465,394,1,2
1465,395,1,2
1465,396,1,2
1465,397,1,2
1465,398,1,2
1465,399,1,2
1465,400,1,2
1465,401,1,2
1465,402,1,2
1465,403,1,2
1465,404,1,2
1465,405,1,2
1465,406,1,2
1465,407,1,2
1465,408,1,2
1465,409,1,2
1465,410,1,2
1465,411,1,2
1465,412,1,2
1465,413,1,2
1465,414,1,2
1465,415,1,2
1465,416,1,2
1465,417,1,2
1465,418,1,2
1465,419,1,2
1465,420,1,2
1465,421,1,2
1465,422,1,2
1465,423,1,2
1465,424,1,2
1465,425,1,2
1465,426,1,2
1465,427,1,2
1465,428,1,2
1465,429,1,2
1465,430,1,2
1465,431,1,2
1465,432,1,2
1465,433,1,2
1465,434,1,2
1465,435,1,2
1465,436,1,2
1465,437,1,2
1465,438,1,2
1465,439,1,2
1465,440,1,2
1465,441,1,2
1465,442,1,2
1465,443,1,2
1465,444,1,2
1465,445,1,2
1465,446,1,2
1465,447,1,2
1465,448,1,2
1465,449,1,2
1465,450,1,2
1465,451,1,2
1465,452,1,2
1465,453,1,2
1465,454,1,2
1465,455,1,2
1465,456,1,2
1465,457,1,2
1465,458,1,2
1465,459,1,2
1465,460,1,2
1465,461,1,2
1465,462,1,2
1465,463,1,2
1465,464,1,2
1465,465,1,2
1465,466,1,3
1466,130,1,3
1466,131,1,3
1466,132,1,3
1466,133,1,3
1466,134,1,3
1466,135,1,3
1466,136,1,3
1466,137,1,3
1466,138,1,3
1466,139,1,3
1466,140,1,3
1466,141,1,3
1466,142,1,3
1466,143,1,3
1466,144,1,3
1466,145,1,3
1466,146,1,3
1466,147,1,3
1466,148,1,3
1466,149,1,3
1466,150,1,3
1466,151,1,3
1466,152,1,3
1466,153,1,3
1466,154,1,3
1466,155,1,3
1466,156,1,3
1466,157,1,3
1466,158,1,3
1466,159,1,3
1466,160,1,3
1466,161,1,3
1466,162,1,3
1466,163,1,3
1466,164,1,3
1466,165,1,3
1466,166,1,3
1466,167,1,3
1466,168,1,3
1466,169,1,3
1466,170,1,3
1466,171,1,3
1466,172,1,3
1466,173,1,3
1466,174,1,3
1466,175,1,3
1466,176,1,3
1466,177,1,3
1466,178,1,3
1466,179,1,3
1466,180,1,3
1466,181,1,3
1466,182,1,3
1466,183,1,3
1466,184,1,3
1466,185,1,3
1466,186,1,3
1466,187,1,3
1466,188,1,3
1466,189,1,3
1466,190,1,3
1466,191,1,3
1466,192,1,3
1466,193,1,3
1466,194,1,3
1466,195,1,3
1466,196,1,3
1466,197,1,3
1466,198,1,3
1466,199,1,3
1466,200,1,3
1466,201,1,3
1466,202,1,3
1466,203,1,3
1466,204,1,3
1466,205,1,3
1466,206,1,3
1466,207,1,3
1466,208,1,3
1466,209,1,3
1466,210,1,3
1466,211,1,3
1466,212,1,3
1466,213,1,3
1466,214,1,3
1466,215,1,3
1466,216,1,3
1466,217,1,3
1466,218,1,3
1466,219,1,3
1466,220,1,3
1466,221,1,3
1466,222,1,3
1466,223,1,3
1466,224,1,3
1466,225,1,3
1466,226,1,3
1466,227,1,3
1466,228,1,3
1466,229,1,3
1466,230,1,3
1466,231,1,3
1466,232,1,3
1466,233,1,3
1466,234,1,3
1466,235,1,3
1466,236,1,3
1466,237,1,3
1466,238,1,3
1466,239,1,3
1466,240,1,3
1466,241,1,3
1466,242,1,3
1466,243,1,3
1466,244,1,3
1466,245,1,3
1466,246,1,3
1466,247,1,3
1466,248,1,3
1466,249,1,3
1466,250,1,3
1466,251,1,3
1466,252,1,3
1466,253,1,3
1466,254,1,3
1466,255,1,3
1466,256,1,3
1466,257,1,3
1466,258,1,3
1466,259,1,3
1466,260,1,3
1466,261,1,3
1466,262,1,3
1466,263,1,3
1466,264,1,3
1466,265,1,3
1466,266,1,3
1466,267,1,3
1466,268,1,3
1466,269,1,3
1466,270,1,3
1466,271,1,3
1466,272,1,3
1466,273,1,3
1466,274,1,3
1466,275,1,3
1466,276,1,3
1466,277,1,3
1466,278,1,3
1466,279,1,3
1466,280,1,3
1466,281,1,3
1466,282,1,3
1466,283,1,3
1466,284,1,3
1466,285,1,3
1466,286,1,3
1466,287,1,3
1466,288,1,3
1466,289,1,3
1466,290,1,3
1466,291,1,3
1466,292,1,3
1466,293,1,3
1466,294,1,3
1466,295,1,3
1466,296,1,3
1466,297,1,3
1466,298,1,3
1466,299,1,3
1466,300,1,3
1466,301,1,3
1466,302,1,3
1466,303,1,3
1466,304,1,3
1466,305,1,3
1466,306,1,3
1466,307,1,3
1466,308,1,3
1466,309,1,3
1466,310,1,3
1466,311,1,3
1466,312,1,3
1466,313,1,3
1466,314,1,3
1466,315,1,3
1466,316,1,3
1466,317,1,3
1466,318,1,3
1466,319,1,3
1466,320,1,3
1466,321,1,3
1466,322,1,3
1466,323,1,3
1466,324,1,3
1466,325,1,3
1466,326,1,3
1466,327,1,3
1466,328,1,3
1466,329,1,3
1466,330,1,3
1466,331,1,3
1466,332,1,3
1466,333,1,3
1466,334,1,3
1466,335,1,3
1466,336,1,3
1466,337,1,3
1466,338,1,3
1466,339,1,3
1466,340,1,3
1466,341,1,3
1466,342,1,3
1466,343,1,3
1466,344,1,3
1466,345,1,3
1466,346,1,3
1466,347,1,3
1466,348,1,3
1466,349,1,3
1466,350,1,3
1466,351,1,3
1466,352,1,3
1466,353,1,3
1466,354,1,3
1466,355,1,3
1466,356,1,3
1466,357,1,3
1466,358,1,3
1466,359,1,3
1466,360,1,3
1466,361,1,3
1466,362,1,3
1466,363,1,3
1466,364,1,3
1466,365,1,3
1466,366,1,3
1466,367,1,3
1466,368,1,3
1466,369,1,3
1466,370,1,3
1466,371,1,3
1466,372,1,3
1466,373,1,3
1466,374,1,3
1466,375,1,3
1466,376,1,3
1466,377,1,3
1466,378,1,3
1466,379,1,3
1466,380,1,3
1466,381,1,3
1466,382,1,3
1466,383,1,3
1466,384,1,3
1466,385,1,3
1466,386,1,3
1466,387,1,3
1466,388,1,3
1466,389,1,3
1466,390,1,3
1466,391,1,3
1466,392,1,2
1466,393,1,2
1466,394,1,2
1466,395,1,2
1466,396,1,2
1466,397,1,2
1466,398,1,2
1466,399,1,2
1466,400,1,2
1466,401,1,2
1466,402,1,2
1466,403,1,2
1466,404,1,2
1466,405,1,2
1466,406,1,2
1466,407,1,2
1466,408,1,2
1466,409,1,2
1466,410,1,2
1466,411,1,2
1466,412,1,2
1466,413,1,2
1466,414,1,2
1466,415,1,2
1466,416,1,2
1466,417,1,2
1466,418,1,2
1466,419,1,2
1466,420,1,2
1466,421,1,2
1466,422,1,2
1466,423,1,2
1466,424,1,2
1466,425,1,2
1466,426,1,2
1466,427,1,2
1466,428,1,2
1466,429,1,2
1466,430,1,2
1466,431,1,2
1466,432,1,2
1466,433,1,2
1466,434,1,2
1466,435,1,2
1466,436,1,2
1466,437,1,2
1466,438,1,2
1466,439,1,2
1466,440,1,2
1466,441,1,2
1466,442,1,2
1466,443,1,2
1466,444,1,2
1466,445,1,2
1466,446,1,2
1466,447,1,2
1466,448,1,2
1466,449,1,2
1466,450,1,2
1466,451,1,2
1466,452,1,2
1466,453,1,2
1466,454,1,2
1466,455,1,2
1466,456,1,2
1466,457,1,2
1466,458,1,2
1466,459,1,2
1466,460,1,2
1466,461,1,2
1466,462,1,2
1466,463,1,2
1466,464,1,2
1466,465,1,2
1466,466,1,3
1467,129,1,3
1467,130,1,3
1467,131,1,3
1467,132,1,3
1467,133,1,3
1467,134,1,3
1467,135,1,3
1467,136,1,3
1467,137,1,3
1467,138,1,3
1467,139,1,3
1467,140,1,3
1467,141,1,3
1467,142,1,3
1467,143,1,3
1467,144,1,3
1467,145,1,3
1467,146,1,3
1467,147,1,3
1467,148,1,3
1467,149,1,3
1467,150,1,3
1467,151,1,3
1467,152,1,3
1467,153,1,3
1467,154,1,3
1467,155,1,3
1467,156,1,3
1467,157,1,3
1467,158,1,3
1467,159,1,3
1467,160,1,3
1467,161,1,3
1467,162,1,3
1467,163,1,3
1467,164,1,3
1467,165,1,3
1467,166,1,3
1467,167,1,3
1467,168,1,3
1467,169,1,3
1467,170,1,3
1467,171,1,3
1467,172,1,3
1467,173,1,3
1467,174,1,3
1467,175,1,3
1467,176,1,3
1467,177,1,3
1467,178,1,3
1467,179,1,3
1467,180,1,3
1467,181,1,3
1467,182,1,3
1467,183,1,3
1467,184,1,3
1467,185,1,3
1467,186,1,3
1467,187,1,3
1467,188,1,3
1467,189,1,3
1467,190,1,3
1467,191,1,3
1467,192,1,3
1467,193,1,3
1467,194,1,3
1467,195,1,3
1467,196,1,3
1467,197,1,3
1467,198,1,3
1467,199,1,3
1467,200,1,3
1467,201,1,3
1467,202,1,3
1467,203,1,3
1467,204,1,3
1467,205,1,3
1467,206,1,3
1467,207,1,3
1467,208,1,3
1467,209,1,3
1467,210,1,3
1467,211,1,3
1467,212,1,3
1467,213,1,3
1467,214,1,3
1467,215,1,3
1467,216,1,3
1467,217,1,3
1467,218,1,3
1467,219,1,3
1467,220,1,3
1467,221,1,3
1467,222,1,3
1467,223,1,3
1467,224,1,3
1467,225,1,3
1467,226,1,3
1467,227,1,3
1467,228,1,3
1467,229,1,3
1467,230,1,3
1467,231,1,3
1467,232,1,3
1467,233,1,3
1467,234,1,3
1467,235,1,3
1467,236,1,3
1467,237,1,3
1467,238,1,3
1467,239,1,3
1467,240,1,3
1467,241,1,3
1467,242,1,3
1467,243,1,3
1467,244,1,3
1467,245,1,3
1467,246,1,3
1467,247,1,3
1467,248,1,3
1467,249,1,3
1467,250,1,3
1467,251,1,3
1467,252,1,3
1467,253,1,3
1467,254,1,3
1467,255,1,3
1467,256,1,3
1467,257,1,3
1467,258,1,3
1467,259,1,3
1467,260,1,3
1467,261,1,3
1467,262,1,3
1467,263,1,3
1467,264,1,3
1467,265,1,3
1467,266,1,3
1467,267,1,3
1467,268,1,3
1467,269,1,3
1467,270,1,3
1467,271,1,3
1467,272,1,3
1467,273,1,3
1467,274,1,3
1467,275,1,3
1467,276,1,3
1467,277,1,3
1467,278,1,3
1467,279,1,3
1467,280,1,3
1467,281,1,3
1467,282,1,3
1467,283,1,3
1467,284,1,3
1467,285,1,3
1467,286,1,3
1467,287,1,3
1467,288,1,3
1467,289,1,3
1467,290,1,3
1467,291,1,3
1467,292,1,3
1467,293,1,3
1467,294,1,3
1467,295,1,3
1467,296,1,3
1467,297,1,3
1467,298,1,3
1467,299,1,3
1467,300,1,3
1467,301,1,3
1467,302,1,3
1467,303,1,3
1467,304,1,3
1467,305,1,3
1467,306,1,3
1467,307,1,3
1467,308,1,3
1467,309,1,3
1467,310,1,3
1467,311,1,3
1467,312,1,3
1467,313,1,3
1467,314,1,3
1467,315,1,3
1467,316,1,3
1467,317,1,3
1467,318,1,3
1467,319,1,3
1467,320,1,3
1467,321,1,3
1467,322,1,3
1467,323,1,3
1467,324,1,3
1467,325,1,3
1467,326,1,3
1467,327,1,3
1467,328,1,3
1467,329,1,3
1467,330,1,3
1467,331,1,3
1467,332,1,3
1467,333,1,3
1467,334,1,3
1467,335,1,3
1467,336,1,3
1467,337,1,3
1467,338,1,3
1467,339,1,3
1467,340,1,3
1467,341,1,3
1467,342,1,3
1467,343,1,3
1467,344,1,3
1467,345,1,3
1467,346,1,3
1467,347,1,3
1467,348,1,3
1467,349,1,3
1467,350,1,3
1467,351,1,3
1467,352,1,3
1467,353,1,3
1467,354,1,3
1467,355,1,3
1467,356,1,3
1467,357,1,3
1467,358,1,3
1467,359,1,3
1467,360,1,3
1467,361,1,3
1467,362,1,3
1467,363,1,3
1467,364,1,3
1467,365,1,3
1467,366,1,3
1467,367,1,3
1467,368,1,3
1467,369,1,3
1467,370,1,3
1467,371,1,3
1467,372,1,3
1467,373,1,3
1467,374,1,3
1467,375,1,3
1467,376,1,3
1467,377,1,3
1467,378,1,3
1467,379,1,3
1467,380,1,3
1467,381,1,3
1467,382,1,3
1467,383,1,3
1467,384,1,3
1467,385,1,3
1467,386,1,3
1467,387,1,3
1467,388,1,3
1467,389,1,3
1467,390,1,3
1467,391,1,3
1467,392,1,2
1467,393,1,2
1467,394,1,2
1467,395,1,2
1467,396,1,2
1467,397,1,2
1467,398,1,2
1467,399,1,2
1467,400,1,2
1467,401,1,2
1467,402,1,2
1467,403,1,2
1467,404,1,2
1467,405,1,2
1467,406,1,2
1467,407,1,2
1467,408,1,2
1467,409,1,2
1467,410,1,2
1467,411,1,2
1467,412,1,2
1467,413,1,2
1467,414,1,2
1467,415,1,2
1467,416,1,2
1467,417,1,2
1467,418,1,2
1467,419,1,2
1467,420,1,2
1467,421,1,2
1467,422,1,2
1467,423,1,2
1467,424,1,2
1467,425,1,2
1467,426,1,2
1467,427,1,2
1467,428,1,2
1467,429,1,2
1467,430,1,2
1467,431,1,2
1467,432,1,2
1467,433,1,2
1467,434,1,2
1467,435,1,2
1467,436,1,2
1467,437,1,2
1467,438,1,2
1467,439,1,2
1467,440,1,2
1467,441,1,2
1467,442,1,2
1467,443,1,2
1467,444,1,2
1467,445,1,2
1467,446,1,2
1467,447,1,2
1467,448,1,2
1467,449,1,2
1467,450,1,2
1467,451,1,2
1467,452,1,2
1467,453,1,2
1467,454,1,2
1467,455,1,2
1467,456,1,2
1467,457,1,2
1467,458,1,2
1467,459,1,2
1467,460,1,2
1467,461,1,2
1467,462,1,2
1467,463,1,2
1467,464,1,2
1467,465,1,2
1467,466,1,3
1468,127,1,3
1468,128,1,3
1468,129,1,3
1468,130,1,3
1468,131,1,3
1468,132,1,3
1468,133,1,3
1468,134,1,3
1468,135,1,3
1468,136,1,3
1468,137,1,3
1468,138,1,3
1468,139,1,3
1468,140,1,3
1468,141,1,3
1468,142,1,3
1468,143,1,3
1468,144,1,3
1468,145,1,3
1468,146,1,3
1468,147,1,3
1468,148,1,3
1468,149,1,3
1468,150,1,3
1468,151,1,3
1468,152,1,3
1468,153,1,3
1468,154,1,3
1468,155,1,3
1468,156,1,3
1468,157,1,3
1468,158,1,3
1468,159,1,3
1468,160,1,3
1468,161,1,3
1468,162,1,3
1468,163,1,3
1468,164,1,3
1468,165,1,3
1468,166,1,3
1468,167,1,3
1468,168,1,3
1468,169,1,3
1468,170,1,3
1468,171,1,3
1468,172,1,3
1468,173,1,3
1468,174,1,3
1468,175,1,3
1468,176,1,3
1468,177,1,3
1468,178,1,3
1468,179,1,3
1468,180,1,3
1468,181,1,3
1468,182,1,3
1468,183,1,3
1468,184,1,3
1468,185,1,3
1468,186,1,3
1468,187,1,3
1468,188,1,3
1468,189,1,3
1468,190,1,3
1468,191,1,3
1468,192,1,3
1468,193,1,3
1468,194,1,3
1468,195,1,3
1468,196,1,3
1468,197,1,3
1468,198,1,3
1468,199,1,3
1468,200,1,3
1468,201,1,3
1468,202,1,3
1468,203,1,3
1468,204,1,3
1468,205,1,3
1468,206,1,3
1468,207,1,3
1468,208,1,3
1468,209,1,3
1468,210,1,3
1468,211,1,3
1468,212,1,3
1468,213,1,3
1468,214,1,3
1468,215,1,3
1468,216,1,3
1468,217,1,3
1468,218,1,3
1468,219,1,3
1468,220,1,3
1468,221,1,3
1468,222,1,3
1468,223,1,3
1468,224,1,3
1468,225,1,3
1468,226,1,3
1468,227,1,3
1468,228,1,3
1468,229,1,3
1468,230,1,3
1468,231,1,3
1468,232,1,3
1468,233,1,3
1468,234,1,3
1468,235,1,3
1468,236,1,3
1468,237,1,3
1468,238,1,3
1468,239,1,3
1468,240,1,3
1468,241,1,3
1468,242,1,3
1468,243,1,3
1468,244,1,3
1468,245,1,3
1468,246,1,3
1468,247,1,3
1468,248,1,3
1468,249,1,3
1468,250,1,3
1468,251,1,3
1468,252,1,3
1468,253,1,3
1468,254,1,3
1468,255,1,3
1468,256,1,3
1468,257,1,3
1468,258,1,3
1468,259,1,3
1468,260,1,3
1468,261,1,3
1468,262,1,3
1468,263,1,3
1468,264,1,3
1468,265,1,3
1468,266,1,3
1468,267,1,3
1468,268,1,3
1468,269,1,3
1468,270,1,3
1468,271,1,3
1468,272,1,3
1468,273,1,3
1468,274,1,3
1468,275,1,3
1468,276,1,3
1468,277,1,3
1468,278,1,3
1468,279,1,3
1468,280,1,3
1468,281,1,3
1468,282,1,3
1468,283,1,3
1468,284,1,3
1468,285,1,3
1468,286,1,3
1468,287,1,3
1468,288,1,3
1468,289,1,3
1468,290,1,3
1468,291,1,3
1468,292,1,3
1468,293,1,3
1468,294,1,3
1468,295,1,3
1468,296,1,3
1468,297,1,3
1468,298,1,3
1468,299,1,3
1468,300,1,3
1468,301,1,3
1468,302,1,3
1468,303,1,3
1468,304,1,3
1468,305,1,3
1468,306,1,3
1468,307,1,3
1468,308,1,3
1468,309,1,3
1468,310,1,3
1468,311,1,3
1468,312,1,3
1468,313,1,3
1468,314,1,3
1468,315,1,3
1468,316,1,3
1468,317,1,3
1468,318,1,3
1468,319,1,3
1468,320,1,3
1468,321,1,3
1468,322,1,3
1468,323,1,3
1468,324,1,3
1468,325,1,3
1468,326,1,3
1468,327,1,3
1468,328,1,3
1468,329,1,3
1468,330,1,3
1468,331,1,3
1468,332,1,3
1468,333,1,3
1468,334,1,3
1468,335,1,3
1468,336,1,3
1468,337,1,3
1468,338,1,3
1468,339,1,3
1468,340,1,3
1468,341,1,3
1468,342,1,3
1468,343,1,3
1468,344,1,3
1468,345,1,3
1468,346,1,3
1468,347,1,3
1468,348,1,3
1468,349,1,3
1468,350,1,3
1468,351,1,3
1468,352,1,3
1468,353,1,3
1468,354,1,3
1468,355,1,3
1468,356,1,3
1468,357,1,3
1468,358,1,3
1468,359,1,3
1468,360,1,3
1468,361,1,3
1468,362,1,3
1468,363,1,3
1468,364,1,3
1468,365,1,3
1468,366,1,3
1468,367,1,3
1468,368,1,3
1468,369,1,3
1468,370,1,3
1468,371,1,3
1468,372,1,3
1468,373,1,3
1468,374,1,3
1468,375,1,3
1468,376,1,3
1468,377,1,3
1468,378,1,3
1468,379,1,3
1468,380,1,3
1468,381,1,3
1468,382,1,3
1468,383,1,3
1468,384,1,3
1468,385,1,3
1468,386,1,3
1468,387,1,3
1468,388,1,3
1468,389,1,3
1468,390,1,3
1468,391,1,3
1468,392,1,2
1468,393,1,2
1468,394,1,2
1468,395,1,2
1468,396,1,2
1468,397,1,2
1468,398,1,2
1468,399,1,2
1468,400,1,2
1468,401,1,2
1468,402,1,2
1468,403,1,2
1468,404,1,2
1468,405,1,2
1468,406,1,2
1468,407,1,2
1468,408,1,2
1468,409,1,2
1468,410,1,2
1468,411,1,2
1468,412,1,2
1468,413,1,2
1468,414,1,2
1468,415,1,2
1468,416,1,2
1468,417,1,2
1468,418,1,2
1468,419,1,2
1468,420,1,2
1468,421,1,2
1468,422,1,2
1468,423,1,2
1468,424,1,2
1468,425,1,2
1468,426,1,2
1468,427,1,2
1468,428,1,2
1468,429,1,2
1468,430,1,2
1468,431,1,2
1468,432,1,2
1468,433,1,2
1468,434,1,2
1468,435,1,2
1468,436,1,2
1468,437,1,2
1468,438,1,2
1468,439,1,2
1468,440,1,2
1468,441,1,2
1468,442,1,2
1468,443,1,2
1468,444,1,2
1468,445,1,2
1468,446,1,2
1468,447,1,2
1468,448,1,2
1468,449,1,2
1468,450,1,2
1468,451,1,2
1468,452,1,2
1468,453,1,2
1468,454,1,2
1468,455,1,2
1468,456,1,2
1468,457,1,2
1468,458,1,2
1468,459,1,2
1468,460,1,2
1468,461,1,2
1468,462,1,2
1468,463,1,2
1468,464,1,2
1468,465,1,2
1468,466,1,3
1469,125,1,3
1469,126,1,3
1469,127,1,3
1469,128,1,3
1469,129,1,3
1469,130,1,3
1469,131,1,3
1469,132,1,3
1469,133,1,3
1469,134,1,3
1469,135,1,3
1469,136,1,3
1469,137,1,3
1469,138,1,3
1469,139,1,3
1469,140,1,3
1469,141,1,3
1469,142,1,3
1469,143,1,3
1469,144,1,3
1469,145,1,3
1469,146,1,3
1469,147,1,3
1469,148,1,3
1469,149,1,3
1469,150,1,3
1469,151,1,3
1469,152,1,3
1469,153,1,3
1469,154,1,3
1469,155,1,3
1469,156,1,3
1469,157,1,3
1469,158,1,3
1469,159,1,3
1469,160,1,3
1469,161,1,3
1469,162,1,3
1469,163,1,3
1469,164,1,3
1469,165,1,3
1469,166,1,3
1469,167,1,3
1469,168,1,3
1469,169,1,3
1469,170,1,3
1469,171,1,3
1469,172,1,3
1469,173,1,3
1469,174,1,3
1469,175,1,3
1469,176,1,3
1469,177,1,3
1469,178,1,3
1469,179,1,3
1469,180,1,3
1469,181,1,3
1469,182,1,3
1469,183,1,3
1469,184,1,3
1469,185,1,3
1469,186,1,3
1469,187,1,3
1469,188,1,3
1469,189,1,3
1469,190,1,3
1469,191,1,3
1469,192,1,3
1469,193,1,3
1469,194,1,3
1469,195,1,3
1469,196,1,3
1469,197,1,3
1469,198,1,3
1469,199,1,3
1469,200,1,3
1469,201,1,3
1469,202,1,3
1469,203,1,3
1469,204,1,3
1469,205,1,3
1469,206,1,3
1469,207,1,3
1469,208,1,3
1469,209,1,3
1469,210,1,3
1469,211,1,3
1469,212,1,3
1469,213,1,3
1469,214,1,3
1469,215,1,3
1469,216,1,3
1469,217,1,3
1469,218,1,3
1469,219,1,3
1469,220,1,3
1469,221,1,3
1469,222,1,3
1469,223,1,3
1469,224,1,3
1469,225,1,3
1469,226,1,3
1469,227,1,3
1469,228,1,3
1469,229,1,3
1469,230,1,3
1469,231,1,3
1469,232,1,3
1469,233,1,3
1469,234,1,3
1469,235,1,3
1469,236,1,3
1469,237,1,3
1469,238,1,3
1469,239,1,3
1469,240,1,3
1469,241,1,3
1469,242,1,3
1469,243,1,3
1469,244,1,3
1469,245,1,3
1469,246,1,3
1469,247,1,3
1469,248,1,3
1469,249,1,3
1469,250,1,3
1469,251,1,3
1469,252,1,3
1469,253,1,3
1469,254,1,3
1469,255,1,3
1469,256,1,3
1469,257,1,3
1469,258,1,3
1469,259,1,3
1469,260,1,3
1469,261,1,3
1469,262,1,3
1469,263,1,3
1469,264,1,3
1469,265,1,3
1469,266,1,3
1469,267,1,3
1469,268,1,3
1469,269,1,3
1469,270,1,3
1469,271,1,3
1469,272,1,3
1469,273,1,3
1469,274,1,3
1469,275,1,3
1469,276,1,3
1469,277,1,3
1469,278,1,3
1469,279,1,3
1469,280,1,3
1469,281,1,3
1469,282,1,3
1469,283,1,3
1469,284,1,3
1469,285,1,3
1469,286,1,3
1469,287,1,3
1469,288,1,3
1469,289,1,3
1469,290,1,3
1469,291,1,3
1469,292,1,3
1469,293,1,3
1469,294,1,3
1469,295,1,3
1469,296,1,3
1469,297,1,3
1469,298,1,3
1469,299,1,3
1469,300,1,3
1469,301,1,3
1469,302,1,3
1469,303,1,3
1469,304,1,3
1469,305,1,3
1469,306,1,3
1469,307,1,3
1469,308,1,3
1469,309,1,3
1469,310,1,3
1469,311,1,3
1469,312,1,3
1469,313,1,3
1469,314,1,3
1469,315,1,3
1469,316,1,3
1469,317,1,3
1469,318,1,3
1469,319,1,3
1469,320,1,3
1469,321,1,3
1469,322,1,3
1469,323,1,3
1469,324,1,3
1469,325,1,3
1469,326,1,3
1469,327,1,3
1469,328,1,3
1469,329,1,3
1469,330,1,3
1469,331,1,3
1469,332,1,3
1469,333,1,3
1469,334,1,3
1469,335,1,3
1469,336,1,3
1469,337,1,3
1469,338,1,3
1469,339,1,3
1469,340,1,3
1469,341,1,3
1469,342,1,3
1469,343,1,3
1469,344,1,3
1469,345,1,3
1469,346,1,3
1469,347,1,3
1469,348,1,3
1469,349,1,3
1469,350,1,3
1469,351,1,3
1469,352,1,3
1469,353,1,3
1469,354,1,3
1469,355,1,3
1469,356,1,3
1469,357,1,3
1469,358,1,3
1469,359,1,3
1469,360,1,3
1469,361,1,3
1469,362,1,3
1469,363,1,3
1469,364,1,3
1469,365,1,3
1469,366,1,3
1469,367,1,3
1469,368,1,3
1469,369,1,3
1469,370,1,3
1469,371,1,3
1469,372,1,3
1469,373,1,3
1469,374,1,3
1469,375,1,3
1469,376,1,3
1469,377,1,3
1469,378,1,3
1469,379,1,3
1469,380,1,3
1469,381,1,3
1469,382,1,3
1469,383,1,3
1469,384,1,3
1469,385,1,3
1469,386,1,3
1469,387,1,3
1469,388,1,3
1469,389,1,3
1469,390,1,3
1469,391,1,3
1469,392,1,2
1469,393,1,2
1469,394,1,2
1469,395,1,2
1469,396,1,2
1469,397,1,2
1469,398,1,2
1469,399,1,2
1469,400,1,2
1469,401,1,2
1469,402,1,2
1469,403,1,2
1469,404,1,2
1469,405,1,2
1469,406,1,2
1469,407,1,2
1469,408,1,2
1469,409,1,2
1469,410,1,2
1469,411,1,2
1469,412,1,2
1469,413,1,2
1469,414,1,2
1469,415,1,2
1469,416,1,2
1469,417,1,2
1469,418,1,2
1469,419,1,2
1469,420,1,2
1469,421,1,2
1469,422,1,2
1469,423,1,2
1469,424,1,2
1469,425,1,2
1469,426,1,2
1469,427,1,2
1469,428,1,2
1469,429,1,2
1469,430,1,2
1469,431,1,2
1469,432,1,2
1469,433,1,2
1469,434,1,2
1469,435,1,2
1469,436,1,2
1469,437,1,2
1469,438,1,2
1469,439,1,2
1469,440,1,2
1469,441,1,2
1469,442,1,2
1469,443,1,2
1469,444,1,2
1469,445,1,2
1469,446,1,2
1469,447,1,2
1469,448,1,2
1469,449,1,2
1469,450,1,2
1469,451,1,2
1469,452,1,2
1469,453,1,2
1469,454,1,2
1469,455,1,2
1469,456,1,2
1469,457,1,2
1469,458,1,2
1469,459,1,3
1469,460,1,3
1469,461,1,2
1469,462,1,2
1469,463,1,2
1469,464,1,2
1469,465,1,2
1469,466,1,3
1470,124,1,3
1470,125,1,3
1470,126,1,3
1470,127,1,3
1470,128,1,3
1470,129,1,3
1470,130,1,3
1470,131,1,3
1470,132,1,3
1470,133,1,3
1470,134,1,3
1470,135,1,3
1470,136,1,3
1470,137,1,3
1470,138,1,3
1470,139,1,3
1470,140,1,3
1470,141,1,3
1470,142,1,3
1470,143,1,3
1470,144,1,3
1470,145,1,3
1470,146,1,3
1470,147,1,3
1470,148,1,3
1470,149,1,3
1470,150,1,3
1470,151,1,3
1470,152,1,3
1470,153,1,3
1470,154,1,3
1470,155,1,3
1470,156,1,3
1470,157,1,3
1470,158,1,3
1470,159,1,3
1470,160,1,3
1470,161,1,3
1470,162,1,3
1470,163,1,3
1470,164,1,3
1470,165,1,3
1470,166,1,3
1470,167,1,3
1470,168,1,3
1470,169,1,3
1470,170,1,3
1470,171,1,3
1470,172,1,3
1470,173,1,3
1470,174,1,3
1470,175,1,3
1470,176,1,3
1470,177,1,3
1470,178,1,3
1470,179,1,3
1470,180,1,3
1470,181,1,3
1470,182,1,3
1470,183,1,3
1470,184,1,3
1470,185,1,3
1470,186,1,3
1470,187,1,3
1470,188,1,3
1470,189,1,3
1470,190,1,3
1470,191,1,3
1470,192,1,3
1470,193,1,3
1470,194,1,3
1470,195,1,3
1470,196,1,3
1470,197,1,3
1470,198,1,3
1470,199,1,3
1470,200,1,3
1470,201,1,3
1470,202,1,3
1470,203,1,3
1470,204,1,3
1470,205,1,3
1470,206,1,3
1470,207,1,3
1470,208,1,3
1470,209,1,3
1470,210,1,3
1470,211,1,3
1470,212,1,3
1470,213,1,3
1470,214,1,3
1470,215,1,3
1470,216,1,3
1470,217,1,3
1470,218,1,3
1470,219,1,3
1470,220,1,3
1470,221,1,3
1470,222,1,3
1470,223,1,3
1470,224,1,3
1470,225,1,3
1470,226,1,3
1470,227,1,3
1470,228,1,3
1470,229,1,3
1470,230,1,3
1470,231,1,3
1470,232,1,3
1470,233,1,3
1470,234,1,3
1470,235,1,3
1470,236,1,3
1470,237,1,3
1470,238,1,3
1470,239,1,3
1470,240,1,3
1470,241,1,3
1470,242,1,3
1470,243,1,3
1470,244,1,3
1470,245,1,3
1470,246,1,3
1470,247,1,3
1470,248,1,3
1470,249,1,3
1470,250,1,3
1470,251,1,3
1470,252,1,3
1470,253,1,3
1470,254,1,3
1470,255,1,3
1470,256,1,3
1470,257,1,3
1470,258,1,3
1470,259,1,3
1470,260,1,3
1470,261,1,3
1470,262,1,3
1470,263,1,3
1470,264,1,3
1470,265,1,3
1470,266,1,3
1470,267,1,3
1470,268,1,3
1470,269,1,3
1470,270,1,3
1470,271,1,3
1470,272,1,3
1470,273,1,3
1470,274,1,3
1470,275,1,3
1470,276,1,3
1470,277,1,3
1470,278,1,3
1470,279,1,3
1470,280,1,3
1470,281,1,3
1470,282,1,3
1470,283,1,3
1470,284,1,3
1470,285,1,3
1470,286,1,3
1470,287,1,3
1470,288,1,3
1470,289,1,3
1470,290,1,3
1470,291,1,3
1470,292,1,3
1470,293,1,3
1470,294,1,3
1470,295,1,3
1470,296,1,3
1470,297,1,3
1470,298,1,3
1470,299,1,3
1470,300,1,3
1470,301,1,3
1470,302,1,3
1470,303,1,3
1470,304,1,3
1470,305,1,3
1470,306,1,3
1470,307,1,3
1470,308,1,3
1470,309,1,3
1470,310,1,3
1470,311,1,3
1470,312,1,3
1470,313,1,3
1470,314,1,3
1470,315,1,3
1470,316,1,3
1470,317,1,3
1470,318,1,3
1470,319,1,3
1470,320,1,3
1470,321,1,3
1470,322,1,3
1470,323,1,3
1470,324,1,3
1470,325,1,3
1470,326,1,3
1470,327,1,3
1470,328,1,3
1470,329,1,3
1470,330,1,3
1470,331,1,3
1470,332,1,3
1470,333,1,3
1470,334,1,3
1470,335,1,3
1470,336,1,3
1470,337,1,3
1470,338,1,3
1470,339,1,3
1470,340,1,3
1470,341,1,3
1470,342,1,3
1470,343,1,3
1470,344,1,3
1470,345,1,3
1470,346,1,3
1470,347,1,3
1470,348,1,3
1470,349,1,3
1470,350,1,3
1470,351,1,3
1470,352,1,3
1470,353,1,3
1470,354,1,3
1470,355,1,3
1470,356,1,3
1470,357,1,3
1470,358,1,3
1470,359,1,3
1470,360,1,3
1470,361,1,3
1470,362,1,3
1470,363,1,3
1470,364,1,3
1470,365,1,3
1470,366,1,3
1470,367,1,3
1470,368,1,3
1470,369,1,3
1470,370,1,3
1470,371,1,3
1470,372,1,3
1470,373,1,3
1470,374,1,3
1470,375,1,3
1470,376,1,3
1470,377,1,3
1470,378,1,3
1470,379,1,3
1470,380,1,3
1470,381,1,3
1470,382,1,3
1470,383,1,3
1470,384,1,3
1470,385,1,3
1470,386,1,3
1470,387,1,3
1470,388,1,3
1470,389,1,3
1470,390,1,3
1470,391,1,3
1470,392,1,2
1470,393,1,2
1470,394,1,2
1470,395,1,2
1470,396,1,2
1470,397,1,2
1470,398,1,2
1470,399,1,2
1470,400,1,2
1470,401,1,2
1470,402,1,2
1470,403,1,2
1470,404,1,2
1470,405,1,2
1470,406,1,2
1470,407,1,2
1470,408,1,2
1470,409,1,2
1470,410,1,2
1470,411,1,2
1470,412,1,2
1470,413,1,2
1470,414,1,2
1470,415,1,2
1470,416,1,2
1470,417,1,2
1470,418,1,2
1470,419,1,2
1470,420,1,2
1470,421,1,2
1470,422,1,2
1470,423,1,2
1470,424,1,2
1470,425,1,2
1470,426,1,2
1470,427,1,2
1470,428,1,2
1470,429,1,2
1470,430,1,2
1470,431,1,2
1470,432,1,2
1470,433,1,2
1470,434,1,2
1470,435,1,2
1470,436,1,2
1470,437,1,2
1470,438,1,2
1470,439,1,2
1470,440,1,2
1470,441,1,2
1470,442,1,2
1470,443,1,2
1470,444,1,2
1470,445,1,2
1470,446,1,2
1470,447,1,2
1470,448,1,2
1470,449,1,2
1470,450,1,2
1470,451,1,2
1470,452,1,2
1470,453,1,2
1470,454,1,2
1470,455,1,2
1470,456,1,2
1470,457,1,3
1470,458,1,3
1470,459,1,3
1470,460,1,3
1470,461,1,3
1470,462,1,3
1470,463,1,3
1470,464,1,3
1470,465,1,2
1470,466,1,3
1471,124,1,3
1471,125,1,3
1471,126,1,3
1471,127,1,3
1471,128,1,3
1471,129,1,3
1471,130,1,3
1471,131,1,3
1471,132,1,3
1471,133,1,3
1471,134,1,3
1471,135,1,3
1471,136,1,3
1471,137,1,3
1471,138,1,3
1471,139,1,3
1471,140,1,3
1471,141,1,3
1471,142,1,3
1471,143,1,3
1471,144,1,3
1471,145,1,3
1471,146,1,3
1471,147,1,3
1471,148,1,3
1471,149,1,3
1471,150,1,3
1471,151,1,3
1471,152,1,3
1471,153,1,3
1471,154,1,3
1471,155,1,3
1471,156,1,3
1471,157,1,3
1471,158,1,3
1471,159,1,3
1471,160,1,3
1471,161,1,3
1471,162,1,3
1471,163,1,3
1471,164,1,3
1471,165,1,3
1471,166,1,3
1471,167,1,3
1471,168,1,3
1471,169,1,3
1471,170,1,3
1471,171,1,3
1471,172,1,3
1471,173,1,3
1471,174,1,3
1471,175,1,3
1471,176,1,3
1471,177,1,3
1471,178,1,3
1471,179,1,3
1471,180,1,3
1471,181,1,3
1471,182,1,3
1471,183,1,3
1471,184,1,3
1471,185,1,3
1471,186,1,3
1471,187,1,3
1471,188,1,3
1471,189,1,3
1471,190,1,3
1471,191,1,3
1471,192,1,3
1471,193,1,3
1471,194,1,3
1471,195,1,3
1471,196,1,3
1471,197,1,3
1471,198,1,3
1471,199,1,3
1471,200,1,3
1471,201,1,3
1471,202,1,3
1471,203,1,3
1471,204,1,3
1471,205,1,3
1471,206,1,3
1471,207,1,3
1471,208,1,3
1471,209,1,3
1471,210,1,3
1471,211,1,3
1471,212,1,3
1471,213,1,3
1471,214,1,3
1471,215,1,3
1471,216,1,3
1471,217,1,3
1471,218,1,3
1471,219,1,3
1471,220,1,3
1471,221,1,3
1471,222,1,3
1471,223,1,3
1471,224,1,3
1471,225,1,3
1471,226,1,3
1471,227,1,3
1471,228,1,3
1471,229,1,3
1471,230,1,3
1471,231,1,3
1471,232,1,3
1471,233,1,3
1471,234,1,3
1471,235,1,3
1471,236,1,3
1471,237,1,3
1471,238,1,3
1471,239,1,3
1471,240,1,3
1471,241,1,3
1471,242,1,3
1471,243,1,3
1471,244,1,3
1471,245,1,3
1471,246,1,3
1471,247,1,3
1471,248,1,3
1471,249,1,3
1471,250,1,3
1471,251,1,3
1471,252,1,3
1471,253,1,3
1471,254,1,3
1471,255,1,3
1471,256,1,3
1471,257,1,3
1471,258,1,3
1471,259,1,3
1471,260,1,3
1471,261,1,3
1471,262,1,3
1471,263,1,3
1471,264,1,3
1471,265,1,3
1471,266,1,3
1471,267,1,3
1471,268,1,3
1471,269,1,3
1471,270,1,3
1471,271,1,3
1471,272,1,3
1471,273,1,3
1471,274,1,3
1471,275,1,3
1471,276,1,3
1471,277,1,3
1471,278,1,3
1471,279,1,3
1471,280,1,3
1471,281,1,3
1471,282,1,3
1471,283,1,3
1471,284,1,3
1471,285,1,3
1471,286,1,3
1471,287,1,3
1471,288,1,3
1471,289,1,3
1471,290,1,3
1471,291,1,3
1471,292,1,3
1471,293,1,3
1471,294,1,3
1471,295,1,3
1471,296,1,3
1471,297,1,3
1471,298,1,3
1471,299,1,3
1471,300,1,3
1471,301,1,3
1471,302,1,3
1471,303,1,3
1471,304,1,3
1471,305,1,3
1471,306,1,3
1471,307,1,3
1471,308,1,3
1471,309,1,3
1471,310,1,3
1471,311,1,3
1471,312,1,3
1471,313,1,3
1471,314,1,3
1471,315,1,3
1471,316,1,3
1471,317,1,3
1471,318,1,3
1471,319,1,3
1471,320,1,3
1471,321,1,3
1471,322,1,3
1471,323,1,3
1471,324,1,3
1471,325,1,3
1471,326,1,3
1471,327,1,3
1471,328,1,3
1471,329,1,3
1471,330,1,3
1471,331,1,3
1471,332,1,3
1471,333,1,3
1471,334,1,3
1471,335,1,3
1471,336,1,3
1471,337,1,3
1471,338,1,3
1471,339,1,3
1471,340,1,3
1471,341,1,3
1471,342,1,3
1471,343,1,3
1471,344,1,3
1471,345,1,3
1471,346,1,3
1471,347,1,3
1471,348,1,3
1471,349,1,3
1471,350,1,3
1471,351,1,3
1471,352,1,3
1471,353,1,3
1471,354,1,3
1471,355,1,3
1471,356,1,3
1471,357,1,3
1471,358,1,3
1471,359,1,3
1471,360,1,3
1471,361,1,3
1471,362,1,3
1471,363,1,3
1471,364,1,3
1471,365,1,3
1471,366,1,3
1471,367,1,3
1471,368,1,3
1471,369,1,3
1471,370,1,3
1471,371,1,3
1471,372,1,3
1471,373,1,3
1471,374,1,3
1471,375,1,3
1471,376,1,3
1471,377,1,3
1471,378,1,3
1471,379,1,3
1471,380,1,3
1471,381,1,3
1471,382,1,3
1471,383,1,3
1471,384,1,3
1471,385,1,3
1471,386,1,3
1471,387,1,3
1471,388,1,3
1471,389,1,3
1471,390,1,3
1471,391,1,3
1471,392,1,2
1471,393,1,2
1471,394,1,2
1471,395,1,2
1471,396,1,2
1471,397,1,2
1471,398,1,2
1471,399,1,2
1471,400,1,2
1471,401,1,2
1471,402,1,2
1471,403,1,2
1471,404,1,2
1471,405,1,2
1471,406,1,2
1471,407,1,2
1471,408,1,2
1471,409,1,2
1471,410,1,2
1471,411,1,2
1471,412,1,2
1471,413,1,2
1471,414,1,2
1471,415,1,2
1471,416,1,2
1471,417,1,2
1471,418,1,2
1471,419,1,2
1471,420,1,2
1471,421,1,2
1471,422,1,2
1471,423,1,2
1471,424,1,2
1471,425,1,2
1471,426,1,2
1471,427,1,2
1471,428,1,2
1471,429,1,2
1471,430,1,2
1471,431,1,2
1471,432,1,2
1471,433,1,2
1471,434,1,2
1471,435,1,2
1471,436,1,2
1471,437,1,2
1471,438,1,2
1471,439,1,2
1471,440,1,2
1471,441,1,2
1471,442,1,2
1471,443,1,2
1471,444,1,2
1471,445,1,2
1471,446,1,2
1471,447,1,2
1471,448,1,2
1471,449,1,2
1471,450,1,2
1471,451,1,2
1471,452,1,2
1471,453,1,2
1471,454,1,2
1471,455,1,3
1471,456,1,3
1471,457,1,3
1471,458,1,3
1471,459,1,3
1471,460,1,3
1471,461,1,3
1471,462,1,3
1471,463,1,3
1471,464,1,3
1471,465,1,2
1472,122,1,3
1472,123,1,3
1472,124,1,3
1472,125,1,3
1472,126,1,3
1472,127,1,3
1472,128,1,3
1472,129,1,3
1472,130,1,3
1472,131,1,3
1472,132,1,3
1472,133,1,3
1472,134,1,3
1472,135,1,3
1472,136,1,3
1472,137,1,3
1472,138,1,3
1472,139,1,3
1472,140,1,3
1472,141,1,3
1472,142,1,3
1472,143,1,3
1472,144,1,3
1472,145,1,3
1472,146,1,3
1472,147,1,3
1472,148,1,3
1472,149,1,3
1472,150,1,3
1472,151,1,3
1472,152,1,3
1472,153,1,3
1472,154,1,3
1472,155,1,3
1472,156,1,3
1472,157,1,3
1472,158,1,3
1472,159,1,3
1472,160,1,3
1472,161,1,3
1472,162,1,3
1472,163,1,3
1472,164,1,3
1472,165,1,3
1472,166,1,3
1472,167,1,3
1472,168,1,3
1472,169,1,3
1472,170,1,3
1472,171,1,3
1472,172,1,3
1472,173,1,3
1472,174,1,3
1472,175,1,3
1472,176,1,3
1472,177,1,3
1472,178,1,3
1472,179,1,3
1472,180,1,3
1472,181,1,3
1472,182,1,3
1472,183,1,3
1472,184,1,3
1472,185,1,3
1472,186,1,3
1472,187,1,3
1472,188,1,3
1472,189,1,3
1472,190,1,3
1472,191,1,3
1472,192,1,3
1472,193,1,3
1472,194,1,3
1472,195,1,3
1472,196,1,3
1472,197,1,3
1472,198,1,3
1472,199,1,3
1472,200,1,3
1472,201,1,3
1472,202,1,3
1472,203,1,3
1472,204,1,3
1472,205,1,3
1472,206,1,3
1472,207,1,3
1472,208,1,3
1472,209,1,3
1472,210,1,3
1472,211,1,3
1472,212,1,3
1472,213,1,3
1472,214,1,3
1472,215,1,3
1472,216,1,3
1472,217,1,3
1472,218,1,3
1472,219,1,3
1472,220,1,3
1472,221,1,3
1472,222,1,3
1472,223,1,3
1472,224,1,3
1472,225,1,3
1472,226,1,3
1472,227,1,3
1472,228,1,3
1472,229,1,3
1472,230,1,3
1472,231,1,3
1472,232,1,3
1472,233,1,3
1472,234,1,3
1472,235,1,3
1472,236,1,3
1472,237,1,3
1472,238,1,3
1472,239,1,3
1472,240,1,3
1472,241,1,3
1472,242,1,3
1472,243,1,3
1472,244,1,3
1472,245,1,3
1472,246,1,3
1472,247,1,3
1472,248,1,3
1472,249,1,3
1472,250,1,3
1472,251,1,3
1472,252,1,3
1472,253,1,3
1472,254,1,3
1472,255,1,3
1472,256,1,3
1472,257,1,3
1472,258,1,3
1472,259,1,3
1472,260,1,3
1472,261,1,3
1472,262,1,3
1472,263,1,3
1472,264,1,3
1472,265,1,3
1472,266,1,3
1472,267,1,3
1472,268,1,3
1472,269,1,3
1472,270,1,3
1472,271,1,3
1472,272,1,3
1472,273,1,3
1472,274,1,3
1472,275,1,3
1472,276,1,3
1472,277,1,3
1472,278,1,3
1472,279,1,3
1472,280,1,3
1472,281,1,3
1472,282,1,3
1472,283,1,3
1472,284,1,3
1472,285,1,3
1472,286,1,3
1472,287,1,3
1472,288,1,3
1472,289,1,3
1472,290,1,3
1472,291,1,3
1472,292,1,3
1472,293,1,3
1472,294,1,3
1472,295,1,3
1472,296,1,3
1472,297,1,3
1472,298,1,3
1472,299,1,3
1472,300,1,3
1472,301,1,3
1472,302,1,3
1472,303,1,3
1472,304,1,3
1472,305,1,3
1472,306,1,3
1472,307,1,3
1472,308,1,3
1472,309,1,3
1472,310,1,3
1472,311,1,3
1472,312,1,3
1472,313,1,3
1472,314,1,3
1472,315,1,3
1472,316,1,3
1472,317,1,3
1472,318,1,3
1472,319,1,3
1472,320,1,3
1472,321,1,3
1472,322,1,3
1472,323,1,3
1472,324,1,3
1472,325,1,3
1472,326,1,3
1472,327,1,3
1472,328,1,3
1472,329,1,3
1472,330,1,3
1472,331,1,3
1472,332,1,3
1472,333,1,3
1472,334,1,3
1472,335,1,3
1472,336,1,3
1472,337,1,3
1472,338,1,3
1472,339,1,3
1472,340,1,3
1472,341,1,3
1472,342,1,3
1472,343,1,3
1472,344,1,3
1472,345,1,3
1472,346,1,3
1472,347,1,3
1472,348,1,3
1472,349,1,3
1472,350,1,3
1472,351,1,3
1472,352,1,3
1472,353,1,3
1472,354,1,3
1472,355,1,3
1472,356,1,3
1472,357,1,3
1472,358,1,3
1472,359,1,3
1472,360,1,3
1472,361,1,3
1472,362,1,3
1472,363,1,3
1472,364,1,3
1472,365,1,3
1472,366,1,3
1472,367,1,3
1472,368,1,3
1472,369,1,3
1472,370,1,3
1472,371,1,3
1472,372,1,3
1472,373,1,3
1472,374,1,3
1472,375,1,3
1472,376,1,3
1472,377,1,3
1472,378,1,3
1472,379,1,3
1472,380,1,3
1472,381,1,3
1472,382,1,3
1472,383,1,3
1472,384,1,3
1472,385,1,3
1472,386,1,3
1472,387,1,3
1472,388,1,3
1472,389,1,3
1472,390,1,3
1472,391,1,3
1472,392,1,2
1472,393,1,2
1472,394,1,2
1472,395,1,2
1472,396,1,2
1472,397,1,2
1472,398,1,2
1472,399,1,2
1472,400,1,2
1472,401,1,2
1472,402,1,2
1472,403,1,2
1472,404,1,2
1472,405,1,2
1472,406,1,2
1472,407,1,2
1472,408,1,2
1472,409,1,2
1472,410,1,2
1472,411,1,2
1472,412,1,2
1472,413,1,2
1472,414,1,2
1472,415,1,2
1472,416,1,2
1472,417,1,2
1472,418,1,2
1472,419,1,2
1472,420,1,2
1472,421,1,2
1472,422,1,2
1472,423,1,2
1472,424,1,2
1472,425,1,2
1472,426,1,2
1472,427,1,2
1472,428,1,2
1472,429,1,2
1472,430,1,2
1472,431,1,2
1472,432,1,2
1472,433,1,2
1472,434,1,2
1472,435,1,2
1472,436,1,2
1472,437,1,2
1472,438,1,2
1472,439,1,2
1472,440,1,2
1472,441,1,2
1472,442,1,2
1472,443,1,2
1472,444,1,2
1472,445,1,2
1472,446,1,2
1472,447,1,2
1472,448,1,2
1472,449,1,2
1472,450,1,2
1472,451,1,2
1472,452,1,2
1472,453,1,2
1472,454,1,3
1472,455,1,3
1472,456,1,3
1472,457,1,3
1472,458,1,3
1472,459,1,3
1472,460,1,3
1472,461,1,3
1472,462,1,3
1472,463,1,3
1472,464,1,3
1472,465,1,2
1472,466,1,3
1473,121,1,3
1473,122,1,3
1473,123,1,3
1473,124,1,3
1473,125,1,3
1473,126,1,3
1473,127,1,3
1473,128,1,3
1473,129,1,3
1473,130,1,3
1473,131,1,3
1473,132,1,3
1473,133,1,3
1473,134,1,3
1473,135,1,3
1473,136,1,3
1473,137,1,3
1473,138,1,3
1473,139,1,3
1473,140,1,3
1473,141,1,3
1473,142,1,3
1473,143,1,3
1473,144,1,3
1473,145,1,3
1473,146,1,3
1473,147,1,3
1473,148,1,3
1473,149,1,3
1473,150,1,3
1473,151,1,3
1473,152,1,3
1473,153,1,3
1473,154,1,3
1473,155,1,3
1473,156,1,3
1473,157,1,3
1473,158,1,3
1473,159,1,3
1473,160,1,3
1473,161,1,3
1473,162,1,3
1473,163,1,3
1473,164,1,3
1473,165,1,3
1473,166,1,3
1473,167,1,3
1473,168,1,3
1473,169,1,3
1473,170,1,3
1473,171,1,3
1473,172,1,3
1473,173,1,3
1473,174,1,3
1473,175,1,3
1473,176,1,3
1473,177,1,3
1473,178,1,3
1473,179,1,3
1473,180,1,3
1473,181,1,3
1473,182,1,3
1473,183,1,3
1473,184,1,3
1473,185,1,3
1473,186,1,3
1473,187,1,3
1473,188,1,3
1473,189,1,3
1473,190,1,3
1473,191,1,3
1473,192,1,3
1473,193,1,3
1473,194,1,3
1473,195,1,3
1473,196,1,3
1473,197,1,3
1473,198,1,3
1473,199,1,3
1473,200,1,3
1473,201,1,3
1473,202,1,3
1473,203,1,3
1473,204,1,3
1473,205,1,3
1473,206,1,3
1473,207,1,3
1473,208,1,3
1473,209,1,3
1473,210,1,3
1473,211,1,3
1473,212,1,3
1473,213,1,3
1473,214,1,3
1473,215,1,3
1473,216,1,3
1473,217,1,3
1473,218,1,3
1473,219,1,3
1473,220,1,3
1473,221,1,3
1473,222,1,3
1473,223,1,3
1473,224,1,3
1473,225,1,3
1473,226,1,3
1473,227,1,3
1473,228,1,3
1473,229,1,3
1473,230,1,3
1473,231,1,3
1473,232,1,3
1473,233,1,3
1473,234,1,3
1473,235,1,3
1473,236,1,3
1473,237,1,3
1473,238,1,3
1473,239,1,3
1473,240,1,3
1473,241,1,3
1473,242,1,3
1473,243,1,3
1473,244,1,3
1473,245,1,3
1473,246,1,3
1473,247,1,3
1473,248,1,3
1473,249,1,3
1473,250,1,3
1473,251,1,3
1473,252,1,3
1473,253,1,3
1473,254,1,3
1473,255,1,3
1473,256,1,3
1473,257,1,3
1473,258,1,3
1473,259,1,3
1473,260,1,3
1473,261,1,3
1473,262,1,3
1473,263,1,3
1473,264,1,3
1473,265,1,3
1473,266,1,3
1473,267,1,3
1473,268,1,3
1473,269,1,3
1473,270,1,3
1473,271,1,3
1473,272,1,3
1473,273,1,3
1473,274,1,3
1473,275,1,3
1473,276,1,3
1473,277,1,3
1473,278,1,3
1473,279,1,3
1473,280,1,3
1473,281,1,3
1473,282,1,3
1473,283,1,3
1473,284,1,3
1473,285,1,3
1473,286,1,3
1473,287,1,3
1473,288,1,3
1473,289,1,3
1473,290,1,3
1473,291,1,3
1473,292,1,3
1473,293,1,3
1473,294,1,3
1473,295,1,3
1473,296,1,3
1473,297,1,3
1473,298,1,3
1473,299,1,3
1473,300,1,3
1473,301,1,3
1473,302,1,3
1473,303,1,3
1473,304,1,3
1473,305,1,3
1473,306,1,3
1473,307,1,3
1473,308,1,3
1473,309,1,3
1473,310,1,3
1473,311,1,3
1473,312,1,3
1473,313,1,3
1473,314,1,3
1473,315,1,3
1473,316,1,3
1473,317,1,3
1473,318,1,3
1473,319,1,3
1473,320,1,3
1473,321,1,3
1473,322,1,3
1473,323,1,3
1473,324,1,3
1473,325,1,3
1473,326,1,3
1473,327,1,3
1473,328,1,3
1473,329,1,3
1473,330,1,3
1473,331,1,3
1473,332,1,3
1473,333,1,3
1473,334,1,3
1473,335,1,3
1473,336,1,3
1473,337,1,3
1473,338,1,3
1473,339,1,3
1473,340,1,3
1473,341,1,3
1473,342,1,3
1473,343,1,3
1473,344,1,3
1473,345,1,3
1473,346,1,3
1473,347,1,3
1473,348,1,3
1473,349,1,3
1473,350,1,3
1473,351,1,3
1473,352,1,3
1473,353,1,3
1473,354,1,3
1473,355,1,3
1473,356,1,3
1473,357,1,3
1473,358,1,3
1473,359,1,3
1473,360,1,3
1473,361,1,3
1473,362,1,3
1473,363,1,3
1473,364,1,3
1473,365,1,3
1473,366,1,3
1473,367,1,3
1473,368,1,3
1473,369,1,3
1473,370,1,3
1473,371,1,3
1473,372,1,3
1473,373,1,3
1473,374,1,3
1473,375,1,3
1473,376,1,3
1473,377,1,3
1473,378,1,3
1473,379,1,3
1473,380,1,3
1473,381,1,3
1473,382,1,3
1473,383,1,3
1473,384,1,3
1473,385,1,3
1473,386,1,3
1473,387,1,3
1473,388,1,3
1473,389,1,3
1473,390,1,3
1473,391,1,2
1473,392,1,2
1473,393,1,2
1473,394,1,2
1473,395,1,2
1473,396,1,2
1473,397,1,2
1473,398,1,2
1473,399,1,2
1473,400,1,2
1473,401,1,2
1473,402,1,2
1473,403,1,2
1473,404,1,2
1473,405,1,2
1473,406,1,2
1473,407,1,2
1473,408,1,2
1473,409,1,2
1473,410,1,2
1473,411,1,2
1473,412,1,2
1473,413,1,2
1473,414,1,2
1473,415,1,2
1473,416,1,2
1473,417,1,2
1473,418,1,2
1473,419,1,2
1473,420,1,2
1473,421,1,2
1473,422,1,2
1473,423,1,2
1473,424,1,2
1473,425,1,2
1473,426,1,2
1473,427,1,2
1473,428,1,2
1473,429,1,2
1473,430,1,2
1473,431,1,2
1473,432,1,2
1473,433,1,2
1473,434,1,2
1473,435,1,2
1473,436,1,2
1473,437,1,2
1473,438,1,2
1473,439,1,2
1473,440,1,2
1473,441,1,2
1473,442,1,2
1473,443,1,2
1473,444,1,2
1473,445,1,2
1473,446,1,2
1473,447,1,2
1473,448,1,2
1473,449,1,2
1473,450,1,2
1473,451,1,2
1473,452,1,3
1473,453,1,3
1473,454,1,3
1473,455,1,3
1473,456,1,3
1473,457,1,3
1473,458,1,3
1473,459,1,3
1473,460,1,3
1473,461,1,3
1473,462,1,3
1473,463,1,3
1473,464,1,3
1473,465,1,3
1473,466,1,3
1474,119,1,3
1474,120,1,3
1474,121,1,3
1474,122,1,3
1474,123,1,3
1474,124,1,3
1474,125,1,3
1474,126,1,3
1474,127,1,3
1474,128,1,3
1474,129,1,3
1474,130,1,3
1474,131,1,3
1474,132,1,3
1474,133,1,3
1474,134,1,3
1474,135,1,3
1474,136,1,3
1474,137,1,3
1474,138,1,3
1474,139,1,3
1474,140,1,3
1474,141,1,3
1474,142,1,3
1474,143,1,3
1474,144,1,3
1474,145,1,3
1474,146,1,3
1474,147,1,3
1474,148,1,3
1474,149,1,3
1474,150,1,3
1474,151,1,3
1474,152,1,3
1474,153,1,3
1474,154,1,3
1474,155,1,3
1474,156,1,3
1474,157,1,3
1474,158,1,3
1474,159,1,3
1474,160,1,3
1474,161,1,3
1474,162,1,3
1474,163,1,3
1474,164,1,3
1474,165,1,3
1474,166,1,3
1474,167,1,3
1474,168,1,3
1474,169,1,3
1474,170,1,3
1474,171,1,3
1474,172,1,3
1474,173,1,3
1474,174,1,3
1474,175,1,3
1474,176,1,3
1474,177,1,3
1474,178,1,3
1474,179,1,3
1474,180,1,3
1474,181,1,3
1474,182,1,3
1474,183,1,3
1474,184,1,3
1474,185,1,3
1474,186,1,3
1474,187,1,3
1474,188,1,3
1474,189,1,3
1474,190,1,3
1474,191,1,3
1474,192,1,3
1474,193,1,3
1474,194,1,3
1474,195,1,3
1474,196,1,3
1474,197,1,3
1474,198,1,3
1474,199,1,3
1474,200,1,3
1474,201,1,3
1474,202,1,3
1474,203,1,3
1474,204,1,3
1474,205,1,3
1474,206,1,3
1474,207,1,3
1474,208,1,3
1474,209,1,3
1474,210,1,3
1474,211,1,3
1474,212,1,3
1474,213,1,3
1474,214,1,3
1474,215,1,3
1474,216,1,3
1474,217,1,3
1474,218,1,3
1474,219,1,3
1474,220,1,3
1474,221,1,3
1474,222,1,3
1474,223,1,3
1474,224,1,3
1474,225,1,3
1474,226,1,3
1474,227,1,3
1474,228,1,3
1474,229,1,3
1474,230,1,3
1474,231,1,3
1474,232,1,3
1474,233,1,3
1474,234,1,3
1474,235,1,3
1474,236,1,3
1474,237,1,3
1474,238,1,3
1474,239,1,3
1474,240,1,3
1474,241,1,3
1474,242,1,3
1474,243,1,3
1474,244,1,3
1474,245,1,3
1474,246,1,3
1474,247,1,3
1474,248,1,3
1474,249,1,3
1474,250,1,3
1474,251,1,3
1474,252,1,3
1474,253,1,3
1474,254,1,3
1474,255,1,3
1474,256,1,3
1474,257,1,3
1474,258,1,3
1474,259,1,3
1474,260,1,3
1474,261,1,3
1474,262,1,3
1474,263,1,3
1474,264,1,3
1474,265,1,3
1474,266,1,3
1474,267,1,3
1474,268,1,3
1474,269,1,3
1474,270,1,3
1474,271,1,3
1474,272,1,3
1474,273,1,3
1474,274,1,3
1474,275,1,3
1474,276,1,3
1474,277,1,3
1474,278,1,3
1474,279,1,3
1474,280,1,3
1474,281,1,3
1474,282,1,3
1474,283,1,3
1474,284,1,3
1474,285,1,3
1474,286,1,3
1474,287,1,3
1474,288,1,3
1474,289,1,3
1474,290,1,3
1474,291,1,3
1474,292,1,3
1474,293,1,3
1474,294,1,3
1474,295,1,3
1474,296,1,3
1474,297,1,3
1474,298,1,3
1474,299,1,3
1474,300,1,3
1474,301,1,3
1474,302,1,3
1474,303,1,3
1474,304,1,3
1474,305,1,3
1474,306,1,3
1474,307,1,3
1474,308,1,3
1474,309,1,3
1474,310,1,3
1474,311,1,3
1474,312,1,3
1474,313,1,3
1474,314,1,3
1474,315,1,3
1474,316,1,3
1474,317,1,3
1474,318,1,3
1474,319,1,3
1474,320,1,3
1474,321,1,3
1474,322,1,3
1474,323,1,3
1474,324,1,3
1474,325,1,3
1474,326,1,3
1474,327,1,3
1474,328,1,3
1474,329,1,3
1474,330,1,3
1474,331,1,3
1474,332,1,3
1474,333,1,3
1474,334,1,3
1474,335,1,3
1474,336,1,3
1474,337,1,3
1474,338,1,3
1474,339,1,3
1474,340,1,3
1474,341,1,3
1474,342,1,3
1474,343,1,3
1474,344,1,3
1474,345,1,3
1474,346,1,3
1474,347,1,3
1474,348,1,3
1474,349,1,3
1474,350,1,3
1474,351,1,3
1474,352,1,3
1474,353,1,3
1474,354,1,3
1474,355,1,3
1474,356,1,3
1474,357,1,3
1474,358,1,3
1474,359,1,3
1474,360,1,3
1474,361,1,3
1474,362,1,3
1474,363,1,3
1474,364,1,3
1474,365,1,3
1474,366,1,3
1474,367,1,3
1474,368,1,3
1474,369,1,3
1474,370,1,3
1474,371,1,3
1474,372,1,3
1474,373,1,3
1474,374,1,3
1474,375,1,3
1474,376,1,3
1474,377,1,3
1474,378,1,3
1474,379,1,3
1474,380,1,3
1474,381,1,3
1474,382,1,3
1474,383,1,3
1474,384,1,3
1474,385,1,3
1474,386,1,3
1474,387,1,3
1474,388,1,3
1474,389,1,3
1474,390,1,3
1474,391,1,2
1474,392,1,2
1474,393,1,2
1474,394,1,2
1474,395,1,2
1474,396,1,2
1474,397,1,2
1474,398,1,2
1474,399,1,2
1474,400,1,2
1474,401,1,2
1474,402,1,2
1474,403,1,2
1474,404,1,2
1474,405,1,2
1474,406,1,2
1474,407,1,2
1474,408,1,2
1474,409,1,2
1474,410,1,2
1474,411,1,2
1474,412,1,2
1474,413,1,2
1474,414,1,2
1474,415,1,2
1474,416,1,2
1474,417,1,2
1474,418,1,2
1474,419,1,2
1474,420,1,2
1474,421,1,2
1474,422,1,2
1474,423,1,2
1474,424,1,2
1474,425,1,2
1474,426,1,2
1474,427,1,2
1474,428,1,2
1474,429,1,2
1474,430,1,2
1474,431,1,2
1474,432,1,2
1474,433,1,2
1474,434,1,2
1474,435,1,2
1474,436,1,2
1474,437,1,2
1474,438,1,2
1474,439,1,2
1474,440,1,2
1474,441,1,2
1474,442,1,2
1474,443,1,2
1474,444,1,2
1474,445,1,2
1474,446,1,2
1474,447,1,2
1474,448,1,2
1474,449,1,2
1474,450,1,2
1474,451,1,3
1474,452,1,3
1474,453,1,3
1474,454,1,3
1474,455,1,3
1474,456,1,3
1474,457,1,3
1474,458,1,3
1474,459,1,3
1474,460,1,3
1474,461,1,3
1474,462,1,3
1474,463,1,3
1474,464,1,3
1474,465,1,3
1474,466,1,3
1475,119,1,3
1475,120,1,3
1475,121,1,3
1475,122,1,3
1475,123,1,3
1475,124,1,3
1475,125,1,3
1475,126,1,3
1475,127,1,3
1475,128,1,3
1475,129,1,3
1475,130,1,3
1475,131,1,3
1475,132,1,3
1475,133,1,3
1475,134,1,3
1475,135,1,3
1475,136,1,3
1475,137,1,3
1475,138,1,3
1475,139,1,3
1475,140,1,3
1475,141,1,3
1475,142,1,3
1475,143,1,3
1475,144,1,3
1475,145,1,3
1475,146,1,3
1475,147,1,3
1475,148,1,3
1475,149,1,3
1475,150,1,3
1475,151,1,3
1475,152,1,3
1475,153,1,3
1475,154,1,3
1475,155,1,3
1475,156,1,3
1475,157,1,3
1475,158,1,3
1475,159,1,3
1475,160,1,3
1475,161,1,3
1475,162,1,3
1475,163,1,3
1475,164,1,3
1475,165,1,3
1475,166,1,3
1475,167,1,3
1475,168,1,3
1475,169,1,3
1475,170,1,3
1475,171,1,3
1475,172,1,3
1475,173,1,3
1475,174,1,3
1475,175,1,3
1475,176,1,3
1475,177,1,3
1475,178,1,3
1475,179,1,3
1475,180,1,3
1475,181,1,3
1475,182,1,3
1475,183,1,3
1475,184,1,3
1475,185,1,3
1475,186,1,3
1475,187,1,3
1475,188,1,3
1475,189,1,3
1475,190,1,3
1475,191,1,3
1475,192,1,3
1475,193,1,3
1475,194,1,3
1475,195,1,3
1475,196,1,3
1475,197,1,3
1475,198,1,3
1475,199,1,3
1475,200,1,3
1475,201,1,3
1475,202,1,3
1475,203,1,3
1475,204,1,3
1475,205,1,3
1475,206,1,3
1475,207,1,3
1475,208,1,3
1475,209,1,3
1475,210,1,3
1475,211,1,3
1475,212,1,3
1475,213,1,3
1475,214,1,3
1475,215,1,3
1475,216,1,3
1475,217,1,3
1475,218,1,3
1475,219,1,3
1475,220,1,3
1475,221,1,3
1475,222,1,3
1475,223,1,3
1475,224,1,3
1475,225,1,3
1475,226,1,3
1475,227,1,3
1475,228,1,3
1475,229,1,3
1475,230,1,3
1475,231,1,3
1475,232,1,3
1475,233,1,3
1475,234,1,3
1475,235,1,3
1475,236,1,3
1475,237,1,3
1475,238,1,3
1475,239,1,3
1475,240,1,3
1475,241,1,3
1475,242,1,3
1475,243,1,3
1475,244,1,3
1475,245,1,3
1475,246,1,3
1475,247,1,3
1475,248,1,3
1475,249,1,3
1475,250,1,3
1475,251,1,3
1475,252,1,3
1475,253,1,3
1475,254,1,3
1475,255,1,3
1475,256,1,3
1475,257,1,3
1475,258,1,3
1475,259,1,3
1475,260,1,3
1475,261,1,3
1475,262,1,3
1475,263,1,3
1475,264,1,3
1475,265,1,3
1475,266,1,3
1475,267,1,3
1475,268,1,3
1475,269,1,3
1475,270,1,3
1475,271,1,3
1475,272,1,3
1475,273,1,3
1475,274,1,3
1475,275,1,3
1475,276,1,3
1475,277,1,3
1475,278,1,3
1475,279,1,3
1475,280,1,3
1475,281,1,3
1475,282,1,3
1475,283,1,3
1475,284,1,3
1475,285,1,3
1475,286,1,3
1475,287,1,3
1475,288,1,3
1475,289,1,3
1475,290,1,3
1475,291,1,3
1475,292,1,3
1475,293,1,3
1475,294,1,3
1475,295,1,3
1475,296,1,3
1475,297,1,3
1475,298,1,3
1475,299,1,3
1475,300,1,3
1475,301,1,3
1475,302,1,3
1475,303,1,3
1475,304,1,3
1475,305,1,3
1475,306,1,3
1475,307,1,3
1475,308,1,3
1475,309,1,3
1475,310,1,3
1475,311,1,3
1475,312,1,3
1475,313,1,3
1475,314,1,3
1475,315,1,3
1475,316,1,3
1475,317,1,3
1475,318,1,3
1475,319,1,3
1475,320,1,3
1475,321,1,3
1475,322,1,3
1475,323,1,3
1475,324,1,3
1475,325,1,3
1475,326,1,3
1475,327,1,3
1475,328,1,3
1475,329,1,3
1475,330,1,3
1475,331,1,3
1475,332,1,3
1475,333,1,3
1475,334,1,3
1475,335,1,3
1475,336,1,3
1475,337,1,3
1475,338,1,3
1475,339,1,3
1475,340,1,3
1475,341,1,3
1475,342,1,3
1475,343,1,3
1475,344,1,3
1475,345,1,3
1475,346,1,3
1475,347,1,3
1475,348,1,3
1475,349,1,3
1475,350,1,3
1475,351,1,3
1475,352,1,3
1475,353,1,3
1475,354,1,3
1475,355,1,3
1475,356,1,3
1475,357,1,3
1475,358,1,3
1475,359,1,3
1475,360,1,3
1475,361,1,3
1475,362,1,3
1475,363,1,3
1475,364,1,3
1475,365,1,3
1475,366,1,3
1475,367,1,3
1475,368,1,3
1475,369,1,3
1475,370,1,3
1475,371,1,3
1475,372,1,3
1475,373,1,3
1475,374,1,3
1475,375,1,3
1475,376,1,3
1475,377,1,3
1475,378,1,3
1475,379,1,3
1475,380,1,3
1475,381,1,3
1475,382,1,3
1475,383,1,3
1475,384,1,3
1475,385,1,3
1475,386,1,3
1475,387,1,3
1475,388,1,3
1475,389,1,3
1475,390,1,2
1475,391,1,2
1475,392,1,2
1475,393,1,2
1475,394,1,2
1475,395,1,2
1475,396,1,2
1475,397,1,2
1475,398,1,2
1475,399,1,2
1475,400,1,2
1475,401,1,2
1475,402,1,2
1475,403,1,2
1475,404,1,2
1475,405,1,2
1475,406,1,2
1475,407,1,2
1475,408,1,2
1475,409,1,2
1475,410,1,2
1475,411,1,2
1475,412,1,2
1475,413,1,2
1475,414,1,2
1475,415,1,2
1475,416,1,2
1475,417,1,2
1475,418,1,2
1475,419,1,2
1475,420,1,2
1475,421,1,2
1475,422,1,2
1475,423,1,2
1475,424,1,2
1475,425,1,2
1475,426,1,2
1475,427,1,2
1475,428,1,2
1475,429,1,2
1475,430,1,2
1475,431,1,2
1475,432,1,2
1475,433,1,2
1475,434,1,2
1475,435,1,2
1475,436,1,2
1475,437,1,2
1475,438,1,2
1475,439,1,2
1475,440,1,2
1475,441,1,2
1475,442,1,2
1475,443,1,2
1475,444,1,2
1475,445,1,2
1475,446,1,2
1475,447,1,2
1475,448,1,2
1475,449,1,2
1475,450,1,2
1475,451,1,3
1475,452,1,3
1475,453,1,3
1475,454,1,3
1475,455,1,3
1475,456,1,3
1475,457,1,3
1475,458,1,3
1475,459,1,3
1475,460,1,3
1475,461,1,3
1475,462,1,3
1475,463,1,3
1475,464,1,3
1475,465,1,3
1475,466,1,3
1476,118,1,3
1476,119,1,3
1476,120,1,3
1476,121,1,3
1476,122,1,3
1476,123,1,3
1476,124,1,3
1476,125,1,3
1476,126,1,3
1476,127,1,3
1476,128,1,3
1476,129,1,3
1476,130,1,3
1476,131,1,3
1476,132,1,3
1476,133,1,3
1476,134,1,3
1476,135,1,3
1476,136,1,3
1476,137,1,3
1476,138,1,3
1476,139,1,3
1476,140,1,3
1476,141,1,3
1476,142,1,3
1476,143,1,3
1476,144,1,3
1476,145,1,3
1476,146,1,3
1476,147,1,3
1476,148,1,3
1476,149,1,3
1476,150,1,3
1476,151,1,3
1476,152,1,3
1476,153,1,3
1476,154,1,3
1476,155,1,3
1476,156,1,3
1476,157,1,3
1476,158,1,3
1476,159,1,3
1476,160,1,3
1476,161,1,3
1476,162,1,3
1476,163,1,3
1476,164,1,3
1476,165,1,3
1476,166,1,3
1476,167,1,3
1476,168,1,3
1476,169,1,3
1476,170,1,3
1476,171,1,3
1476,172,1,3
1476,173,1,3
1476,174,1,3
1476,175,1,3
1476,176,1,3
1476,177,1,3
1476,178,1,3
1476,179,1,3
1476,180,1,3
1476,181,1,3
1476,182,1,3
1476,183,1,3
1476,184,1,3
1476,185,1,3
1476,186,1,3
1476,187,1,3
1476,188,1,3
1476,189,1,3
1476,190,1,3
1476,191,1,3
1476,192,1,3
1476,193,1,3
1476,194,1,3
1476,195,1,3
1476,196,1,3
1476,197,1,3
1476,198,1,3
1476,199,1,3
1476,200,1,3
1476,201,1,3
1476,202,1,3
1476,203,1,3
1476,204,1,3
1476,205,1,3
1476,206,1,3
1476,207,1,3
1476,208,1,3
1476,209,1,3
1476,210,1,3
1476,211,1,3
1476,212,1,3
1476,213,1,3
1476,214,1,3
1476,215,1,3
1476,216,1,3
1476,217,1,3
1476,218,1,3
1476,219,1,3
1476,220,1,3
1476,221,1,3
1476,222,1,3
1476,223,1,3
1476,224,1,3
1476,225,1,3
1476,226,1,3
1476,227,1,3
1476,228,1,3
1476,229,1,3
1476,230,1,3
1476,231,1,3
1476,232,1,3
1476,233,1,3
1476,234,1,3
1476,235,1,3
1476,236,1,3
1476,237,1,3
1476,238,1,3
1476,239,1,3
1476,240,1,3
1476,241,1,3
1476,242,1,3
1476,243,1,3
1476,244,1,3
1476,245,1,3
1476,246,1,3
1476,247,1,3
1476,248,1,3
1476,249,1,3
1476,250,1,3
1476,251,1,3
1476,252,1,3
1476,253,1,3
1476,254,1,3
1476,255,1,3
1476,256,1,3
1476,257,1,3
1476,258,1,3
1476,259,1,3
1476,260,1,3
1476,261,1,3
1476,262,1,3
1476,263,1,3
1476,264,1,3
1476,265,1,3
1476,266,1,3
1476,267,1,3
1476,268,1,3
1476,269,1,3
1476,270,1,3
1476,271,1,3
1476,272,1,3
1476,273,1,3
1476,274,1,3
1476,275,1,3
1476,276,1,3
1476,277,1,3
1476,278,1,3
1476,279,1,3
1476,280,1,3
1476,281,1,3
1476,282,1,3
1476,283,1,3
1476,284,1,3
1476,285,1,3
1476,286,1,3
1476,287,1,3
1476,288,1,3
1476,289,1,3
1476,290,1,3
1476,291,1,3
1476,292,1,3
1476,293,1,3
1476,294,1,3
1476,295,1,3
1476,296,1,3
1476,297,1,3
1476,298,1,3
1476,299,1,3
1476,300,1,3
1476,301,1,3
1476,302,1,3
1476,303,1,3
1476,304,1,3
1476,305,1,3
1476,306,1,3
1476,307,1,3
1476,308,1,3
1476,309,1,3
1476,310,1,3
1476,311,1,3
1476,312,1,3
1476,313,1,3
1476,314,1,3
1476,315,1,3
1476,316,1,3
1476,317,1,3
1476,318,1,3
1476,319,1,3
1476,320,1,3
1476,321,1,3
1476,322,1,3
1476,323,1,3
1476,324,1,3
1476,325,1,3
1476,326,1,3
1476,327,1,3
1476,328,1,3
1476,329,1,3
1476,330,1,3
1476,331,1,3
1476,332,1,3
1476,333,1,3
1476,334,1,3
1476,335,1,3
1476,336,1,3
1476,337,1,3
1476,338,1,3
1476,339,1,3
1476,340,1,3
1476,341,1,3
1476,342,1,3
1476,343,1,3
1476,344,1,3
1476,345,1,3
1476,346,1,3
1476,347,1,3
1476,348,1,3
1476,349,1,3
1476,350,1,3
1476,351,1,3
1476,352,1,3
1476,353,1,3
1476,354,1,3
1476,355,1,3
1476,356,1,3
1476,357,1,3
1476,358,1,3
1476,359,1,3
1476,360,1,3
1476,361,1,3
1476,362,1,3
1476,363,1,3
1476,364,1,3
1476,365,1,3
1476,366,1,3
1476,367,1,3
1476,368,1,3
1476,369,1,3
1476,370,1,3
1476,371,1,3
1476,372,1,3
1476,373,1,3
1476,374,1,3
1476,375,1,3
1476,376,1,3
1476,377,1,3
1476,378,1,3
1476,379,1,3
1476,380,1,3
1476,381,1,3
1476,382,1,3
1476,383,1,3
1476,384,1,3
1476,385,1,3
1476,386,1,3
1476,387,1,3
1476,388,1,3
1476,389,1,3
1476,390,1,2
1476,391,1,2
1476,392,1,2
1476,393,1,2
1476,394,1,2
1476,395,1,2
1476,396,1,2
1476,397,1,2
1476,398,1,2
1476,399,1,2
1476,400,1,2
1476,401,1,2
1476,402,1,2
1476,403,1,2
1476,404,1,2
1476,405,1,2
1476,406,1,2
1476,407,1,2
1476,408,1,2
1476,409,1,2
1476,410,1,2
1476,411,1,2
1476,412,1,2
1476,413,1,2
1476,414,1,2
1476,415,1,2
1476,416,1,2
1476,417,1,2
1476,418,1,2
1476,419,1,2
1476,420,1,2
1476,421,1,2
1476,422,1,2
1476,423,1,2
1476,424,1,2
1476,425,1,2
1476,426,1,2
1476,427,1,2
1476,428,1,2
1476,429,1,2
1476,430,1,2
1476,431,1,2
1476,432,1,2
1476,433,1,2
1476,434,1,2
1476,435,1,2
1476,436,1,2
1476,437,1,2
1476,438,1,2
1476,439,1,2
1476,440,1,2
1476,441,1,2
1476,442,1,2
1476,443,1,2
1476,444,1,2
1476,445,1,2
1476,446,1,2
1476,447,1,2
1476,448,1,2
1476,449,1,2
1476,450,1,3
1476,451,1,3
1476,452,1,3
1476,453,1,3
1476,454,1,3
1476,455,1,3
1476,456,1,3
1476,457,1,3
1476,458,1,3
1476,459,1,3
1476,460,1,3
1476,461,1,3
1476,462,1,3
1476,463,1,3
1476,464,1,3
1476,465,1,3
1476,466,1,3
1477,117,1,3
1477,118,1,3
1477,119,1,3
1477,120,1,3
1477,121,1,3
1477,122,1,3
1477,123,1,3
1477,124,1,3
1477,125,1,3
1477,126,1,3
1477,127,1,3
1477,128,1,3
1477,129,1,3
1477,130,1,3
1477,131,1,3
1477,132,1,3
1477,133,1,3
1477,134,1,3
1477,135,1,3
1477,136,1,3
1477,137,1,3
1477,138,1,3
1477,139,1,3
1477,140,1,3
1477,141,1,3
1477,142,1,3
1477,143,1,3
1477,144,1,3
1477,145,1,3
1477,146,1,3
1477,147,1,3
1477,148,1,3
1477,149,1,3
1477,150,1,3
1477,151,1,3
1477,152,1,3
1477,153,1,3
1477,154,1,3
1477,155,1,3
1477,156,1,3
1477,157,1,3
1477,158,1,3
1477,159,1,3
1477,160,1,3
1477,161,1,3
1477,162,1,3
1477,163,1,3
1477,164,1,3
1477,165,1,3
1477,166,1,3
1477,167,1,3
1477,168,1,3
1477,169,1,3
1477,170,1,3
1477,171,1,3
1477,172,1,3
1477,173,1,3
1477,174,1,3
1477,175,1,3
1477,176,1,3
1477,177,1,3
1477,178,1,3
1477,179,1,3
1477,180,1,3
1477,181,1,3
1477,182,1,3
1477,183,1,3
1477,184,1,3
1477,185,1,3
1477,186,1,3
1477,187,1,3
1477,188,1,3
1477,189,1,3
1477,190,1,3
1477,191,1,3
1477,192,1,3
1477,193,1,3
1477,194,1,3
1477,195,1,3
1477,196,1,3
1477,197,1,3
1477,198,1,3
1477,199,1,3
1477,200,1,3
1477,201,1,3
1477,202,1,3
1477,203,1,3
1477,204,1,3
1477,205,1,3
1477,206,1,3
1477,207,1,3
1477,208,1,3
1477,209,1,3
1477,210,1,3
1477,211,1,3
1477,212,1,3
1477,213,1,3
1477,214,1,3
1477,215,1,3
1477,216,1,3
1477,217,1,3
1477,218,1,3
1477,219,1,3
1477,220,1,3
1477,221,1,3
1477,222,1,3
1477,223,1,3
1477,224,1,3
1477,225,1,3
1477,226,1,3
1477,227,1,3
1477,228,1,3
1477,229,1,3
1477,230,1,3
1477,231,1,3
1477,232,1,3
1477,233,1,3
1477,234,1,3
1477,235,1,3
1477,236,1,3
1477,237,1,3
1477,238,1,3
1477,239,1,3
1477,240,1,3
1477,241,1,3
1477,242,1,3
1477,243,1,3
1477,244,1,3
1477,245,1,3
1477,246,1,3
1477,247,1,3
1477,248,1,3
1477,249,1,3
1477,250,1,3
1477,251,1,3
1477,252,1,3
1477,253,1,3
1477,254,1,3
1477,255,1,3
1477,256,1,3
1477,257,1,3
1477,258,1,3
1477,259,1,3
1477,260,1,3
1477,261,1,3
1477,262,1,3
1477,263,1,3
1477,264,1,3
1477,265,1,3
1477,266,1,3
1477,267,1,3
1477,268,1,3
1477,269,1,3
1477,270,1,3
1477,271,1,3
1477,272,1,3
1477,273,1,3
1477,274,1,3
1477,275,1,3
1477,276,1,3
1477,277,1,3
1477,278,1,3
1477,279,1,3
1477,280,1,3
1477,281,1,3
1477,282,1,3
1477,283,1,3
1477,284,1,3
1477,285,1,3
1477,286,1,3
1477,287,1,3
1477,288,1,3
1477,289,1,3
1477,290,1,3
1477,291,1,3
1477,292,1,3
1477,293,1,3
1477,294,1,3
1477,295,1,3
1477,296,1,3
1477,297,1,3
1477,298,1,3
1477,299,1,3
1477,300,1,3
1477,301,1,3
1477,302,1,3
1477,303,1,3
1477,304,1,3
1477,305,1,3
1477,306,1,3
1477,307,1,3
1477,308,1,3
1477,309,1,3
1477,310,1,3
1477,311,1,3
1477,312,1,3
1477,313,1,3
1477,314,1,3
1477,315,1,3
1477,316,1,3
1477,317,1,3
1477,318,1,3
1477,319,1,3
1477,320,1,3
1477,321,1,3
1477,322,1,3
1477,323,1,3
1477,324,1,3
1477,325,1,3
1477,326,1,3
1477,327,1,3
1477,328,1,3
1477,329,1,3
1477,330,1,3
1477,331,1,3
1477,332,1,3
1477,333,1,3
1477,334,1,3
1477,335,1,3
1477,336,1,3
1477,337,1,3
1477,338,1,3
1477,339,1,3
1477,340,1,3
1477,341,1,3
1477,342,1,3
1477,343,1,3
1477,344,1,3
1477,345,1,3
1477,346,1,3
1477,347,1,3
1477,348,1,3
1477,349,1,3
1477,350,1,3
1477,351,1,3
1477,352,1,3
1477,353,1,3
1477,354,1,3
1477,355,1,3
1477,356,1,3
1477,357,1,3
1477,358,1,3
1477,359,1,3
1477,360,1,3
1477,361,1,3
1477,362,1,3
1477,363,1,3
1477,364,1,3
1477,365,1,3
1477,366,1,3
1477,367,1,3
1477,368,1,3
1477,369,1,3
1477,370,1,3
1477,371,1,3
1477,372,1,3
1477,373,1,3
1477,374,1,3
1477,375,1,3
1477,376,1,3
1477,377,1,3
1477,378,1,3
1477,379,1,3
1477,380,1,3
1477,381,1,3
1477,382,1,3
1477,383,1,3
1477,384,1,3
1477,385,1,3
1477,386,1,3
1477,387,1,3
1477,388,1,3
1477,389,1,2
1477,390,1,2
1477,391,1,2
1477,392,1,2
1477,393,1,2
1477,394,1,2
1477,395,1,2
1477,396,1,2
1477,397,1,2
1477,398,1,2
1477,399,1,2
1477,400,1,2
1477,401,1,2
1477,402,1,2
1477,403,1,2
1477,404,1,2
1477,405,1,2
1477,406,1,2
1477,407,1,2
1477,408,1,2
1477,409,1,2
1477,410,1,2
1477,411,1,2
1477,412,1,2
1477,413,1,2
1477,414,1,2
1477,415,1,2
1477,416,1,2
1477,417,1,2
1477,418,1,2
1477,419,1,2
1477,420,1,2
1477,421,1,2
1477,422,1,2
1477,423,1,2
1477,424,1,2
1477,425,1,2
1477,426,1,2
1477,427,1,2
1477,428,1,2
1477,429,1,2
1477,430,1,2
1477,431,1,2
1477,432,1,2
1477,433,1,2
1477,434,1,2
1477,435,1,2
1477,436,1,2
1477,437,1,2
1477,438,1,2
1477,439,1,2
1477,440,1,2
1477,441,1,2
1477,442,1,2
1477,443,1,2
1477,444,1,2
1477,445,1,2
1477,446,1,2
1477,447,1,2
1477,448,1,2
1477,449,1,3
1477,450,1,3
1477,451,1,3
1477,452,1,3
1477,453,1,3
1477,454,1,3
1477,455,1,3
1477,456,1,3
1477,457,1,3
1477,458,1,3
1477,459,1,3
1477,460,1,3
1477,461,1,3
1477,462,1,3
1477,463,1,3
1477,464,1,3
1477,465,1,3
1477,466,1,3
1478,116,1,3
1478,117,1,3
1478,118,1,3
1478,119,1,3
1478,120,1,3
1478,121,1,3
1478,122,1,3
1478,123,1,3
1478,124,1,3
1478,125,1,3
1478,126,1,3
1478,127,1,3
1478,128,1,3
1478,129,1,3
1478,130,1,3
1478,131,1,3
1478,132,1,3
1478,133,1,3
1478,134,1,3
1478,135,1,3
1478,136,1,3
1478,137,1,3
1478,138,1,3
1478,139,1,3
1478,140,1,3
1478,141,1,3
1478,142,1,3
1478,143,1,3
1478,144,1,3
1478,145,1,3
1478,146,1,3
1478,147,1,3
1478,148,1,3
1478,149,1,3
1478,150,1,3
1478,151,1,3
1478,152,1,3
1478,153,1,3
1478,154,1,3
1478,155,1,3
1478,156,1,3
1478,157,1,3
1478,158,1,3
1478,159,1,3
1478,160,1,3
1478,161,1,3
1478,162,1,3
1478,163,1,3
1478,164,1,3
1478,165,1,3
1478,166,1,3
1478,167,1,3
1478,168,1,3
1478,169,1,3
1478,170,1,3
1478,171,1,3
1478,172,1,3
1478,173,1,3
1478,174,1,3
1478,175,1,3
1478,176,1,3
1478,177,1,3
1478,178,1,3
1478,179,1,3
1478,180,1,3
1478,181,1,3
1478,182,1,3
1478,183,1,3
1478,184,1,3
1478,185,1,3
1478,186,1,3
1478,187,1,3
1478,188,1,3
1478,189,1,3
1478,190,1,3
1478,191,1,3
1478,192,1,3
1478,193,1,3
1478,194,1,3
1478,195,1,3
1478,196,1,3
1478,197,1,3
1478,198,1,3
1478,199,1,3
1478,200,1,3
1478,201,1,3
1478,202,1,3
1478,203,1,3
1478,204,1,3
1478,205,1,3
1478,206,1,3
1478,207,1,3
1478,208,1,3
1478,209,1,3
1478,210,1,3
1478,211,1,3
1478,212,1,3
1478,213,1,3
1478,214,1,3
1478,215,1,3
1478,216,1,3
1478,217,1,3
1478,218,1,3
1478,219,1,3
1478,220,1,3
1478,221,1,3
1478,222,1,3
1478,223,1,3
1478,224,1,3
1478,225,1,3
1478,226,1,3
1478,227,1,3
1478,228,1,3
1478,229,1,3
1478,230,1,3
1478,231,1,3
1478,232,1,3
1478,233,1,3
1478,234,1,3
1478,235,1,3
1478,236,1,3
1478,237,1,3
1478,238,1,3
1478,239,1,3
1478,240,1,3
1478,241,1,3
1478,242,1,3
1478,243,1,3
1478,244,1,3
1478,245,1,3
1478,246,1,3
1478,247,1,3
1478,248,1,3
1478,249,1,3
1478,250,1,3
1478,251,1,3
1478,252,1,3
1478,253,1,3
1478,254,1,3
1478,255,1,3
1478,256,1,3
1478,257,1,3
1478,258,1,3
1478,259,1,3
1478,260,1,3
1478,261,1,3
1478,262,1,3
1478,263,1,3
1478,264,1,3
1478,265,1,3
1478,266,1,3
1478,267,1,3
1478,268,1,3
1478,269,1,3
1478,270,1,3
1478,271,1,3
1478,272,1,3
1478,273,1,3
1478,274,1,3
1478,275,1,3
1478,276,1,3
1478,277,1,3
1478,278,1,3
1478,279,1,3
1478,280,1,3
1478,281,1,3
1478,282,1,3
1478,283,1,3
1478,284,1,3
1478,285,1,3
1478,286,1,3
1478,287,1,3
1478,288,1,3
1478,289,1,3
1478,290,1,3
1478,291,1,3
1478,292,1,3
1478,293,1,3
1478,294,1,3
1478,295,1,3
1478,296,1,3
1478,297,1,3
1478,298,1,3
1478,299,1,3
1478,300,1,3
1478,301,1,3
1478,302,1,3
1478,303,1,3
1478,304,1,3
1478,305,1,3
1478,306,1,3
1478,307,1,3
1478,308,1,3
1478,309,1,3
1478,310,1,3
1478,311,1,3
1478,312,1,3
1478,313,1,3
1478,314,1,3
1478,315,1,3
1478,316,1,3
1478,317,1,3
1478,318,1,3
1478,319,1,3
1478,320,1,3
1478,321,1,3
1478,322,1,3
1478,323,1,3
1478,324,1,3
1478,325,1,3
1478,326,1,3
1478,327,1,3
1478,328,1,3
1478,329,1,3
1478,330,1,3
1478,331,1,3
1478,332,1,3
1478,333,1,3
1478,334,1,3
1478,335,1,3
1478,336,1,3
1478,337,1,3
1478,338,1,3
1478,339,1,3
1478,340,1,3
1478,341,1,3
1478,342,1,3
1478,343,1,3
1478,344,1,3
1478,345,1,3
1478,346,1,3
1478,347,1,3
1478,348,1,3
1478,349,1,3
1478,350,1,3
1478,351,1,3
1478,352,1,3
1478,353,1,3
1478,354,1,3
1478,355,1,3
1478,356,1,3
1478,357,1,3
1478,358,1,3
1478,359,1,3
1478,360,1,3
1478,361,1,3
1478,362,1,3
1478,363,1,3
1478,364,1,3
1478,365,1,3
1478,366,1,3
1478,367,1,3
1478,368,1,3
1478,369,1,3
1478,370,1,3
1478,371,1,3
1478,372,1,3
1478,373,1,3
1478,374,1,3
1478,375,1,3
1478,376,1,3
1478,377,1,3
1478,378,1,3
1478,379,1,3
1478,380,1,3
1478,381,1,3
1478,382,1,3
1478,383,1,3
1478,384,1,3
1478,385,1,3
1478,386,1,3
1478,387,1,3
1478,388,1,3
1478,389,1,2
1478,390,1,2
1478,391,1,2
1478,392,1,2
1478,393,1,2
1478,394,1,2
1478,395,1,2
1478,396,1,2
1478,397,1,2
1478,398,1,2
1478,399,1,2
1478,400,1,2
1478,401,1,2
1478,402,1,2
1478,403,1,2
1478,404,1,2
1478,405,1,2
1478,406,1,2
1478,407,1,2
1478,408,1,2
1478,409,1,2
1478,410,1,2
1478,411,1,2
1478,412,1,2
1478,413,1,2
1478,414,1,2
1478,415,1,2
1478,416,1,2
1478,417,1,2
1478,418,1,2
1478,419,1,2
1478,420,1,2
1478,421,1,2
1478,422,1,2
1478,423,1,2
1478,424,1,2
1478,425,1,2
1478,426,1,2
1478,427,1,2
1478,428,1,2
1478,429,1,2
1478,430,1,2
1478,431,1,2
1478,432,1,2
1478,433,1,2
1478,434,1,2
1478,435,1,2
1478,436,1,2
1478,437,1,2
1478,438,1,2
1478,439,1,2
1478,440,1,2
1478,441,1,2
1478,442,1,2
1478,443,1,2
1478,444,1,2
1478,445,1,2
1478,446,1,2
1478,447,1,2
1478,448,1,2
1478,449,1,3
1478,450,1,3
1478,451,1,3
1478,452,1,3
1478,453,1,3
1478,454,1,3
1478,455,1,3
1478,456,1,3
1478,457,1,3
1478,458,1,3
1478,459,1,3
1478,460,1,3
1478,461,1,3
1478,462,1,3
1478,463,1,3
1478,464,1,3
1478,465,1,3
1478,466,1,3
1479,115,1,3
1479,116,1,3
1479,117,1,3
1479,118,1,3
1479,119,1,3
1479,120,1,3
1479,121,1,3
1479,122,1,3
1479,123,1,3
1479,124,1,3
1479,125,1,3
1479,126,1,3
1479,127,1,3
1479,128,1,3
1479,129,1,3
1479,130,1,3
1479,131,1,3
1479,132,1,3
1479,133,1,3
1479,134,1,3
1479,135,1,3
1479,136,1,3
1479,137,1,3
1479,138,1,3
1479,139,1,3
1479,140,1,3
1479,141,1,3
1479,142,1,3
1479,143,1,3
1479,144,1,3
1479,145,1,3
1479,146,1,3
1479,147,1,3
1479,148,1,3
1479,149,1,3
1479,150,1,3
1479,151,1,3
1479,152,1,3
1479,153,1,3
1479,154,1,3
1479,155,1,3
1479,156,1,3
1479,157,1,3
1479,158,1,3
1479,159,1,3
1479,160,1,3
1479,161,1,3
1479,162,1,3
1479,163,1,3
1479,164,1,3
1479,165,1,3
1479,166,1,3
1479,167,1,3
1479,168,1,3
1479,169,1,3
1479,170,1,3
1479,171,1,3
1479,172,1,3
1479,173,1,3
1479,174,1,3
1479,175,1,3
1479,176,1,3
1479,177,1,3
1479,178,1,3
1479,179,1,3
1479,180,1,3
1479,181,1,3
1479,182,1,3
1479,183,1,3
1479,184,1,3
1479,185,1,3
1479,186,1,3
1479,187,1,3
1479,188,1,3
1479,189,1,3
1479,190,1,3
1479,191,1,3
1479,192,1,3
1479,193,1,3
1479,194,1,3
1479,195,1,3
1479,196,1,3
1479,197,1,3
1479,198,1,3
1479,199,1,3
1479,200,1,3
1479,201,1,3
1479,202,1,3
1479,203,1,3
1479,204,1,3
1479,205,1,3
1479,206,1,3
1479,207,1,3
1479,208,1,3
1479,209,1,3
1479,210,1,3
1479,211,1,3
1479,212,1,3
1479,213,1,3
1479,214,1,3
1479,215,1,3
1479,216,1,3
1479,217,1,3
1479,218,1,3
1479,219,1,3
1479,220,1,3
1479,221,1,3
1479,222,1,3
1479,223,1,3
1479,224,1,3
1479,225,1,3
1479,226,1,3
1479,227,1,3
1479,228,1,3
1479,229,1,3
1479,230,1,3
1479,231,1,3
1479,232,1,3
1479,233,1,3
1479,234,1,3
1479,235,1,3
1479,236,1,3
1479,237,1,3
1479,238,1,3
1479,239,1,3
1479,240,1,3
1479,241,1,3
1479,242,1,3
1479,243,1,3
1479,244,1,3
1479,245,1,3
1479,246,1,3
1479,247,1,3
1479,248,1,3
1479,249,1,3
1479,250,1,3
1479,251,1,3
1479,252,1,3
1479,253,1,3
1479,254,1,3
1479,255,1,3
1479,256,1,3
1479,257,1,3
1479,258,1,3
1479,259,1,3
1479,260,1,3
1479,261,1,3
1479,262,1,3
1479,263,1,3
1479,264,1,3
1479,265,1,3
1479,266,1,3
1479,267,1,3
1479,268,1,3
1479,269,1,3
1479,270,1,3
1479,271,1,3
1479,272,1,3
1479,273,1,3
1479,274,1,3
1479,275,1,3
1479,276,1,3
1479,277,1,3
1479,278,1,3
1479,279,1,3
1479,280,1,3
1479,281,1,3
1479,282,1,3
1479,283,1,3
1479,284,1,3
1479,285,1,3
1479,286,1,3
1479,287,1,3
1479,288,1,3
1479,289,1,3
1479,290,1,3
1479,291,1,3
1479,292,1,3
1479,293,1,3
1479,294,1,3
1479,295,1,3
1479,296,1,3
1479,297,1,3
1479,298,1,3
1479,299,1,3
1479,300,1,3
1479,301,1,3
1479,302,1,3
1479,303,1,3
1479,304,1,3
1479,305,1,3
1479,306,1,3
1479,307,1,3
1479,308,1,3
1479,309,1,3
1479,310,1,3
1479,311,1,3
1479,312,1,3
1479,313,1,3
1479,314,1,3
1479,315,1,3
1479,316,1,3
1479,317,1,3
1479,318,1,3
1479,319,1,3
1479,320,1,3
1479,321,1,3
1479,322,1,3
1479,323,1,3
1479,324,1,3
1479,325,1,3
1479,326,1,3
1479,327,1,3
1479,328,1,3
1479,329,1,3
1479,330,1,3
1479,331,1,3
1479,332,1,3
1479,333,1,3
1479,334,1,3
1479,335,1,3
1479,336,1,3
1479,337,1,3
1479,338,1,3
1479,339,1,3
1479,340,1,3
1479,341,1,3
1479,342,1,3
1479,343,1,3
1479,344,1,3
1479,345,1,3
1479,346,1,3
1479,347,1,3
1479,348,1,3
1479,349,1,3
1479,350,1,3
1479,351,1,3
1479,352,1,3
1479,353,1,3
1479,354,1,3
1479,355,1,3
1479,356,1,3
1479,357,1,3
1479,358,1,3
1479,359,1,3
1479,360,1,3
1479,361,1,3
1479,362,1,3
1479,363,1,3
1479,364,1,3
1479,365,1,3
1479,366,1,3
1479,367,1,3
1479,368,1,3
1479,369,1,3
1479,370,1,3
1479,371,1,3
1479,372,1,3
1479,373,1,3
1479,374,1,3
1479,375,1,3
1479,376,1,3
1479,377,1,3
1479,378,1,3
1479,379,1,3
1479,380,1,3
1479,381,1,3
1479,382,1,3
1479,383,1,3
1479,384,1,3
1479,385,1,3
1479,386,1,3
1479,387,1,3
1479,388,1,3
1479,389,1,2
1479,390,1,2
1479,391,1,2
1479,392,1,2
1479,393,1,2
1479,394,1,2
1479,395,1,2
1479,396,1,2
1479,397,1,2
1479,398,1,2
1479,399,1,2
1479,400,1,2
1479,401,1,2
1479,402,1,2
1479,403,1,2
1479,404,1,2
1479,405,1,2
1479,406,1,2
1479,407,1,2
1479,408,1,2
1479,409,1,2
1479,410,1,2
1479,411,1,2
1479,412,1,2
1479,413,1,2
1479,414,1,2
1479,415,1,2
1479,416,1,2
1479,417,1,2
1479,418,1,2
1479,419,1,2
1479,420,1,2
1479,421,1,2
1479,422,1,2
1479,423,1,2
1479,424,1,2
1479,425,1,2
1479,426,1,2
1479,427,1,2
1479,428,1,2
1479,429,1,2
1479,430,1,2
1479,431,1,2
1479,432,1,2
1479,433,1,2
1479,434,1,2
1479,435,1,2
1479,436,1,2
1479,437,1,2
1479,438,1,2
1479,439,1,2
1479,440,1,2
1479,441,1,2
1479,442,1,2
1479,443,1,2
1479,444,1,2
1479,445,1,2
1479,446,1,2
1479,447,1,2
1479,448,1,3
1479,449,1,3
1479,450,1,3
1479,451,1,3
1479,452,1,3
1479,453,1,3
1479,454,1,3
1479,455,1,3
1479,456,1,3
1479,457,1,3
1479,458,1,3
1479,459,1,3
1479,460,1,3
1479,461,1,3
1479,462,1,3
1479,463,1,3
1479,464,1,3
1479,465,1,3
1479,466,1,3
1480,113,1,2
1480,114,1,3
1480,115,1,3
1480,116,1,3
1480,117,1,3
1480,118,1,3
1480,119,1,3
1480,120,1,3
1480,121,1,3
1480,122,1,3
1480,123,1,3
1480,124,1,3
1480,125,1,3
1480,126,1,3
1480,127,1,3
1480,128,1,3
1480,129,1,3
1480,130,1,3
1480,131,1,3
1480,132,1,3
1480,133,1,3
1480,134,1,3
1480,135,1,3
1480,136,1,3
1480,137,1,3
1480,138,1,3
1480,139,1,3
1480,140,1,3
1480,141,1,3
1480,142,1,3
1480,143,1,3
1480,144,1,3
1480,145,1,3
1480,146,1,3
1480,147,1,3
1480,148,1,3
1480,149,1,3
1480,150,1,3
1480,151,1,3
1480,152,1,3
1480,153,1,3
1480,154,1,3
1480,155,1,3
1480,156,1,3
1480,157,1,3
1480,158,1,3
1480,159,1,3
1480,160,1,3
1480,161,1,3
1480,162,1,3
1480,163,1,3
1480,164,1,3
1480,165,1,3
1480,166,1,3
1480,167,1,3
1480,168,1,3
1480,169,1,3
1480,170,1,3
1480,171,1,3
1480,172,1,3
1480,173,1,3
1480,174,1,3
1480,175,1,3
1480,176,1,3
1480,177,1,3
1480,178,1,3
1480,179,1,3
1480,180,1,3
1480,181,1,3
1480,182,1,3
1480,183,1,3
1480,184,1,3
1480,185,1,3
1480,186,1,3
1480,187,1,3
1480,188,1,3
1480,189,1,3
1480,190,1,3
1480,191,1,3
1480,192,1,3
1480,193,1,3
1480,194,1,3
1480,195,1,3
1480,196,1,3
1480,197,1,3
1480,198,1,3
1480,199,1,3
1480,200,1,3
1480,201,1,3
1480,202,1,3
1480,203,1,3
1480,204,1,3
1480,205,1,3
1480,206,1,3
1480,207,1,3
1480,208,1,3
1480,209,1,3
1480,210,1,3
1480,211,1,3
1480,212,1,3
1480,213,1,3
1480,214,1,3
1480,215,1,3
1480,216,1,3
1480,217,1,3
1480,218,1,3
1480,219,1,3
1480,220,1,3
1480,221,1,3
1480,222,1,3
1480,223,1,3
1480,224,1,3
1480,225,1,3
1480,226,1,3
1480,227,1,3
1480,228,1,3
1480,229,1,3
1480,230,1,3
1480,231,1,3
1480,232,1,3
1480,233,1,3
1480,234,1,3
1480,235,1,3
1480,236,1,3
1480,237,1,3
1480,238,1,3
1480,239,1,3
1480,240,1,3
1480,241,1,3
1480,242,1,3
1480,243,1,3
1480,244,1,3
1480,245,1,3
1480,246,1,3
1480,247,1,3
1480,248,1,3
1480,249,1,3
1480,250,1,3
1480,251,1,3
1480,252,1,3
1480,253,1,3
1480,254,1,3
1480,255,1,3
1480,256,1,3
1480,257,1,3
1480,258,1,3
1480,259,1,3
1480,260,1,3
1480,261,1,3
1480,262,1,3
1480,263,1,3
1480,264,1,3
1480,265,1,3
1480,266,1,3
1480,267,1,3
1480,268,1,3
1480,269,1,3
1480,270,1,3
1480,271,1,3
1480,272,1,3
1480,273,1,3
1480,274,1,3
1480,275,1,3
1480,276,1,3
1480,277,1,3
1480,278,1,3
1480,279,1,3
1480,280,1,3
1480,281,1,3
1480,282,1,3
1480,283,1,3
1480,284,1,3
1480,285,1,3
1480,286,1,3
1480,287,1,3
1480,288,1,3
1480,289,1,3
1480,290,1,3
1480,291,1,3
1480,292,1,3
1480,293,1,3
1480,294,1,3
1480,295,1,3
1480,296,1,3
1480,297,1,3
1480,298,1,3
1480,299,1,3
1480,300,1,3
1480,301,1,3
1480,302,1,3
1480,303,1,3
1480,304,1,3
1480,305,1,3
1480,306,1,3
1480,307,1,3
1480,308,1,3
1480,309,1,3
1480,310,1,3
1480,311,1,3
1480,312,1,3
1480,313,1,3
1480,314,1,3
1480,315,1,3
1480,316,1,3
1480,317,1,3
1480,318,1,3
1480,319,1,3
1480,320,1,3
1480,321,1,3
1480,322,1,3
1480,323,1,3
1480,324,1,3
1480,325,1,3
1480,326,1,3
1480,327,1,3
1480,328,1,3
1480,329,1,3
1480,330,1,3
1480,331,1,3
1480,332,1,3
1480,333,1,3
1480,334,1,3
1480,335,1,3
1480,336,1,3
1480,337,1,3
1480,338,1,3
1480,339,1,3
1480,340,1,3
1480,341,1,3
1480,342,1,3
1480,343,1,3
1480,344,1,3
1480,345,1,3
1480,346,1,3
1480,347,1,3
1480,348,1,3
1480,349,1,3
1480,350,1,3
1480,351,1,3
1480,352,1,3
1480,353,1,3
1480,354,1,3
1480,355,1,3
1480,356,1,3
1480,357,1,3
1480,358,1,3
1480,359,1,3
1480,360,1,3
1480,361,1,3
1480,362,1,3
1480,363,1,3
1480,364,1,3
1480,365,1,3
1480,366,1,3
1480,367,1,3
1480,368,1,3
1480,369,1,3
1480,370,1,3
1480,371,1,3
1480,372,1,3
1480,373,1,3
1480,374,1,3
1480,375,1,3
1480,376,1,3
1480,377,1,3
1480,378,1,3
1480,379,1,3
1480,380,1,3
1480,381,1,3
1480,382,1,3
1480,383,1,3
1480,384,1,3
1480,385,1,3
1480,386,1,3
1480,387,1,3
1480,388,1,2
1480,389,1,2
1480,390,1,2
1480,391,1,2
1480,392,1,2
1480,393,1,2
1480,394,1,2
1480,395,1,2
1480,396,1,2
1480,397,1,2
1480,398,1,2
1480,399,1,2
1480,400,1,2
1480,401,1,2
1480,402,1,2
1480,403,1,2
1480,404,1,2
1480,405,1,2
1480,406,1,2
1480,407,1,2
1480,408,1,2
1480,409,1,2
1480,410,1,2
1480,411,1,2
1480,412,1,2
1480,413,1,2
1480,414,1,2
1480,415,1,2
1480,416,1,2
1480,417,1,2
1480,418,1,2
1480,419,1,2
1480,420,1,2
1480,421,1,2
1480,422,1,2
1480,423,1,2
1480,424,1,2
1480,425,1,2
1480,426,1,2
1480,427,1,2
1480,428,1,2
1480,429,1,2
1480,430,1,2
1480,431,1,2
1480,432,1,2
1480,433,1,2
1480,434,1,2
1480,435,1,2
1480,436,1,2
1480,437,1,2
1480,438,1,2
1480,439,1,2
1480,440,1,2
1480,441,1,2
1480,442,1,2
1480,443,1,2
1480,444,1,2
1480,445,1,2
1480,446,1,2
1480,447,1,2
1480,448,1,3
1480,449,1,3
1480,450,1,3
1480,451,1,3
1480,452,1,3
1480,453,1,3
1480,454,1,3
1480,455,1,3
1480,456,1,3
1480,457,1,3
1480,458,1,3
1480,459,1,3
1480,460,1,3
1480,461,1,3
1480,462,1,3
1480,463,1,3
1480,464,1,3
1480,465,1,3
1480,466,1,3
1481,112,1,3
1481,113,1,2
1481,114,1,3
1481,115,1,3
1481,116,1,3
1481,117,1,3
1481,118,1,3
1481,119,1,3
1481,120,1,3
1481,121,1,3
1481,122,1,3
1481,123,1,3
1481,124,1,3
1481,125,1,3
1481,126,1,3
1481,127,1,3
1481,128,1,3
1481,129,1,3
1481,130,1,3
1481,131,1,3
1481,132,1,3
1481,133,1,3
1481,134,1,3
1481,135,1,3
1481,136,1,3
1481,137,1,3
1481,138,1,3
1481,139,1,3
1481,140,1,3
1481,141,1,3
1481,142,1,3
1481,143,1,3
1481,144,1,3
1481,145,1,3
1481,146,1,3
1481,147,1,3
1481,148,1,3
1481,149,1,3
1481,150,1,3
1481,151,1,3
1481,152,1,3
1481,153,1,3
1481,154,1,3
1481,155,1,3
1481,156,1,3
1481,157,1,3
1481,158,1,3
1481,159,1,3
1481,160,1,3
1481,161,1,3
1481,162,1,3
1481,163,1,3
1481,164,1,3
1481,165,1,3
1481,166,1,3
1481,167,1,3
1481,168,1,3
1481,169,1,3
1481,170,1,3
1481,171,1,3
1481,172,1,3
1481,173,1,3
1481,174,1,3
1481,175,1,3
1481,176,1,3
1481,177,1,3
1481,178,1,3
1481,179,1,3
1481,180,1,3
1481,181,1,3
1481,182,1,3
1481,183,1,3
1481,184,1,3
1481,185,1,3
1481,186,1,3
1481,187,1,3
1481,188,1,3
1481,189,1,3
1481,190,1,3
1481,191,1,3
1481,192,1,3
1481,193,1,3
1481,194,1,3
1481,195,1,3
1481,196,1,3
1481,197,1,3
1481,198,1,3
1481,199,1,3
1481,200,1,3
1481,201,1,3
1481,202,1,3
1481,203,1,3
1481,204,1,3
1481,205,1,3
1481,206,1,3
1481,207,1,3
1481,208,1,3
1481,209,1,3
1481,210,1,3
1481,211,1,3
1481,212,1,3
1481,213,1,3
1481,214,1,3
1481,215,1,3
1481,216,1,3
1481,217,1,3
1481,218,1,3
1481,219,1,3
1481,220,1,3
1481,221,1,3
1481,222,1,3
1481,223,1,3
1481,224,1,3
1481,225,1,3
1481,226,1,3
1481,227,1,3
1481,228,1,3
1481,229,1,3
1481,230,1,3
1481,231,1,3
1481,232,1,3
1481,233,1,3
1481,234,1,3
1481,235,1,3
1481,236,1,3
1481,237,1,3
1481,238,1,3
1481,239,1,3
1481,240,1,3
1481,241,1,3
1481,242,1,3
1481,243,1,3
1481,244,1,3
1481,245,1,3
1481,246,1,3
1481,247,1,3
1481,248,1,3
1481,249,1,3
1481,250,1,3
1481,251,1,3
1481,252,1,3
1481,253,1,3
1481,254,1,3
1481,255,1,3
1481,256,1,3
1481,257,1,3
1481,258,1,3
1481,259,1,3
1481,260,1,3
1481,261,1,3
1481,262,1,3
1481,263,1,3
1481,264,1,3
1481,265,1,3
1481,266,1,3
1481,267,1,3
1481,268,1,3
1481,269,1,3
1481,270,1,3
1481,271,1,3
1481,272,1,3
1481,273,1,3
1481,274,1,3
1481,275,1,3
1481,276,1,3
1481,277,1,3
1481,278,1,3
1481,279,1,3
1481,280,1,3
1481,281,1,3
1481,282,1,3
1481,283,1,3
1481,284,1,3
1481,285,1,3
1481,286,1,3
1481,287,1,3
1481,288,1,3
1481,289,1,3
1481,290,1,3
1481,291,1,3
1481,292,1,3
1481,293,1,3
1481,294,1,3
1481,295,1,3
1481,296,1,3
1481,297,1,3
1481,298,1,3
1481,299,1,3
1481,300,1,3
1481,301,1,3
1481,302,1,3
1481,303,1,3
1481,304,1,3
1481,305,1,3
1481,306,1,3
1481,307,1,3
1481,308,1,3
1481,309,1,3
1481,310,1,3
1481,311,1,3
1481,312,1,3
1481,313,1,3
1481,314,1,3
1481,315,1,3
1481,316,1,3
1481,317,1,3
1481,318,1,3
1481,319,1,3
1481,320,1,3
1481,321,1,3
1481,322,1,3
1481,323,1,3
1481,324,1,3
1481,325,1,3
1481,326,1,3
1481,327,1,3
1481,328,1,3
1481,329,1,3
1481,330,1,3
1481,331,1,3
1481,332,1,3
1481,333,1,3
1481,334,1,3
1481,335,1,3
1481,336,1,3
1481,337,1,3
1481,338,1,3
1481,339,1,3
1481,340,1,3
1481,341,1,3
1481,342,1,3
1481,343,1,3
1481,344,1,3
1481,345,1,3
1481,346,1,3
1481,347,1,3
1481,348,1,3
1481,349,1,3
1481,350,1,3
1481,351,1,3
1481,352,1,3
1481,353,1,3
1481,354,1,3
1481,355,1,3
1481,356,1,3
1481,357,1,3
1481,358,1,3
1481,359,1,3
1481,360,1,3
1481,361,1,3
1481,362,1,3
1481,363,1,3
1481,364,1,3
1481,365,1,3
1481,366,1,3
1481,367,1,3
1481,368,1,3
1481,369,1,3
1481,370,1,3
1481,371,1,3
1481,372,1,3
1481,373,1,3
1481,374,1,3
1481,375,1,3
1481,376,1,3
1481,377,1,3
1481,378,1,3
1481,379,1,3
1481,380,1,3
1481,381,1,3
1481,382,1,3
1481,383,1,3
1481,384,1,3
1481,385,1,3
1481,386,1,2
1481,387,1,2
1481,388,1,2
1481,389,1,2
1481,390,1,2
1481,391,1,2
1481,392,1,2
1481,393,1,2
1481,394,1,2
1481,395,1,2
1481,396,1,2
1481,397,1,2
1481,398,1,2
1481,399,1,2
1481,400,1,2
1481,401,1,2
1481,402,1,2
1481,403,1,2
1481,404,1,2
1481,405,1,2
1481,406,1,2
1481,407,1,2
1481,408,1,2
1481,409,1,2
1481,410,1,2
1481,411,1,2
1481,412,1,2
1481,413,1,2
1481,414,1,2
1481,415,1,2
1481,416,1,2
1481,417,1,2
1481,418,1,2
1481,419,1,2
1481,420,1,2
1481,421,1,2
1481,422,1,2
1481,423,1,2
1481,424,1,2
1481,425,1,2
1481,426,1,2
1481,427,1,2
1481,428,1,2
1481,429,1,2
1481,430,1,2
1481,431,1,2
1481,432,1,2
1481,433,1,2
1481,434,1,2
1481,435,1,2
1481,436,1,2
1481,437,1,2
1481,438,1,2
1481,439,1,2
1481,440,1,2
1481,441,1,2
1481,442,1,2
1481,443,1,2
1481,444,1,2
1481,445,1,2
1481,446,1,2
1481,447,1,2
1481,448,1,3
1481,449,1,3
1481,450,1,3
1481,451,1,3
1481,452,1,3
1481,453,1,3
1481,454,1,3
1481,455,1,3
1481,456,1,3
1481,457,1,3
1481,458,1,3
1481,459,1,3
1481,460,1,3
1481,461,1,3
1481,462,1,3
1481,463,1,3
1481,464,1,3
1481,465,1,3
1481,466,1,3
1482,111,1,3
1482,112,1,3
1482,113,1,3
1482,114,1,3
1482,115,1,3
1482,116,1,3
1482,117,1,3
1482,118,1,3
1482,119,1,3
1482,120,1,3
1482,121,1,3
1482,122,1,3
1482,123,1,3
1482,124,1,3
1482,125,1,3
1482,126,1,3
1482,127,1,3
1482,128,1,3
1482,129,1,3
1482,130,1,3
1482,131,1,3
1482,132,1,3
1482,133,1,3
1482,134,1,3
1482,135,1,3
1482,136,1,3
1482,137,1,3
1482,138,1,3
1482,139,1,3
1482,140,1,3
1482,141,1,3
1482,142,1,3
1482,143,1,3
1482,144,1,3
1482,145,1,3
1482,146,1,3
1482,147,1,3
1482,148,1,3
1482,149,1,3
1482,150,1,3
1482,151,1,3
1482,152,1,3
1482,153,1,3
1482,154,1,3
1482,155,1,3
1482,156,1,3
1482,157,1,3
1482,158,1,3
1482,159,1,3
1482,160,1,3
1482,161,1,3
1482,162,1,3
1482,163,1,3
1482,164,1,3
1482,165,1,3
1482,166,1,3
1482,167,1,3
1482,168,1,3
1482,169,1,3
1482,170,1,3
1482,171,1,3
1482,172,1,3
1482,173,1,3
1482,174,1,3
1482,175,1,3
1482,176,1,3
1482,177,1,3
1482,178,1,3
1482,179,1,3
1482,180,1,3
1482,181,1,3
1482,182,1,3
1482,183,1,3
1482,184,1,3
1482,185,1,3
1482,186,1,3
1482,187,1,3
1482,188,1,3
1482,189,1,3
1482,190,1,3
1482,191,1,3
1482,192,1,3
1482,193,1,3
1482,194,1,3
1482,195,1,3
1482,196,1,3
1482,197,1,3
1482,198,1,3
1482,199,1,3
1482,200,1,3
1482,201,1,3
1482,202,1,3
1482,203,1,3
1482,204,1,3
1482,205,1,3
1482,206,1,3
1482,207,1,3
1482,208,1,3
1482,209,1,3
1482,210,1,3
1482,211,1,3
1482,212,1,3
1482,213,1,3
1482,214,1,3
1482,215,1,3
1482,216,1,3
1482,217,1,3
1482,218,1,3
1482,219,1,3
1482,220,1,3
1482,221,1,3
1482,222,1,3
1482,223,1,3
1482,224,1,3
1482,225,1,3
1482,226,1,3
1482,227,1,3
1482,228,1,3
1482,229,1,3
1482,230,1,3
1482,231,1,3
1482,232,1,3
1482,233,1,3
1482,234,1,3
1482,235,1,3
1482,236,1,3
1482,237,1,3
1482,238,1,3
1482,239,1,3
1482,240,1,3
1482,241,1,3
1482,242,1,3
1482,243,1,3
1482,244,1,3
1482,245,1,3
1482,246,1,3
1482,247,1,3
1482,248,1,3
1482,249,1,3
1482,250,1,3
1482,251,1,3
1482,252,1,3
1482,253,1,3
1482,254,1,3
1482,255,1,3
1482,256,1,3
1482,257,1,3
1482,258,1,3
1482,259,1,3
1482,260,1,3
1482,261,1,3
1482,262,1,3
1482,263,1,3
1482,264,1,3
1482,265,1,3
1482,266,1,3
1482,267,1,3
1482,268,1,3
1482,269,1,3
1482,270,1,3
1482,271,1,3
1482,272,1,3
1482,273,1,3
1482,274,1,3
1482,275,1,3
1482,276,1,3
1482,277,1,3
1482,278,1,3
1482,279,1,3
1482,280,1,3
1482,281,1,3
1482,282,1,3
1482,283,1,3
1482,284,1,3
1482,285,1,3
1482,286,1,3
1482,287,1,3
1482,288,1,3
1482,289,1,3
1482,290,1,3
1482,291,1,3
1482,292,1,3
1482,293,1,3
1482,294,1,3
1482,295,1,3
1482,296,1,3
1482,297,1,3
1482,298,1,3
1482,299,1,3
1482,300,1,3
1482,301,1,3
1482,302,1,3
1482,303,1,3
1482,304,1,3
1482,305,1,3
1482,306,1,3
1482,307,1,3
1482,308,1,3
1482,309,1,3
1482,310,1,3
1482,311,1,3
1482,312,1,3
1482,313,1,3
1482,314,1,3
1482,315,1,3
1482,316,1,3
1482,317,1,3
1482,318,1,3
1482,319,1,3
1482,320,1,3
1482,321,1,3
1482,322,1,3
1482,323,1,3
1482,324,1,3
1482,325,1,3
1482,326,1,3
1482,327,1,3
1482,328,1,3
1482,329,1,3
1482,330,1,3
1482,331,1,3
1482,332,1,3
1482,333,1,3
1482,334,1,3
1482,335,1,3
1482,336,1,3
1482,337,1,3
1482,338,1,3
1482,339,1,3
1482,340,1,3
1482,341,1,3
1482,342,1,3
1482,343,1,3
1482,344,1,3
1482,345,1,3
1482,346,1,3
1482,347,1,3
1482,348,1,3
1482,349,1,3
1482,350,1,3
1482,351,1,3
1482,352,1,3
1482,353,1,3
1482,354,1,3
1482,355,1,3
1482,356,1,3
1482,357,1,3
1482,358,1,3
1482,359,1,3
1482,360,1,3
1482,361,1,3
1482,362,1,3
1482,363,1,3
1482,364,1,3
1482,365,1,3
1482,366,1,3
1482,367,1,3
1482,368,1,3
1482,369,1,3
1482,370,1,3
1482,371,1,3
1482,372,1,3
1482,373,1,3
1482,374,1,3
1482,375,1,3
1482,376,1,3
1482,377,1,3
1482,378,1,3
1482,379,1,3
1482,380,1,3
1482,381,1,3
1482,382,1,3
1482,383,1,3
1482,384,1,3
1482,385,1,2
1482,386,1,2
1482,387,1,2
1482,388,1,2
1482,389,1,2
1482,390,1,2
1482,391,1,2
1482,392,1,2
1482,393,1,2
1482,394,1,2
1482,395,1,2
1482,396,1,2
1482,397,1,2
1482,398,1,2
1482,399,1,2
1482,400,1,2
1482,401,1,2
1482,402,1,2
1482,403,1,2
1482,404,1,2
1482,405,1,2
1482,406,1,2
1482,407,1,2
1482,408,1,2
1482,409,1,2
1482,410,1,2
1482,411,1,2
1482,412,1,2
1482,413,1,2
1482,414,1,2
1482,415,1,2
1482,416,1,2
1482,417,1,2
1482,418,1,2
1482,419,1,2
1482,420,1,2
1482,421,1,2
1482,422,1,2
1482,423,1,2
1482,424,1,2
1482,425,1,2
1482,426,1,2
1482,427,1,2
1482,428,1,2
1482,429,1,2
1482,430,1,2
1482,431,1,2
1482,432,1,2
1482,433,1,2
1482,434,1,2
1482,435,1,2
1482,436,1,2
1482,437,1,2
1482,438,1,2
1482,439,1,2
1482,440,1,2
1482,441,1,2
1482,442,1,2
1482,443,1,2
1482,444,1,2
1482,445,1,2
1482,446,1,2
1482,447,1,2
1482,448,1,3
1482,449,1,3
1482,450,1,3
1482,451,1,3
1482,452,1,3
1482,453,1,3
1482,454,1,3
1482,455,1,3
1482,456,1,3
1482,457,1,3
1482,458,1,3
1482,459,1,3
1482,460,1,3
1482,461,1,3
1482,462,1,3
1482,463,1,3
1482,464,1,3
1482,465,1,3
1482,466,1,3
1483,111,1,3
1483,112,1,3
1483,113,1,3
1483,114,1,3
1483,115,1,3
1483,116,1,3
1483,117,1,3
1483,118,1,3
1483,119,1,3
1483,120,1,3
1483,121,1,3
1483,122,1,3
1483,123,1,3
1483,124,1,3
1483,125,1,3
1483,126,1,3
1483,127,1,3
1483,128,1,3
1483,129,1,3
1483,130,1,3
1483,131,1,3
1483,132,1,3
1483,133,1,3
1483,134,1,3
1483,135,1,3
1483,136,1,3
1483,137,1,3
1483,138,1,3
1483,139,1,3
1483,140,1,3
1483,141,1,3
1483,142,1,3
1483,143,1,3
1483,144,1,3
1483,145,1,3
1483,146,1,3
1483,147,1,3
1483,148,1,3
1483,149,1,3
1483,150,1,3
1483,151,1,3
1483,152,1,3
1483,153,1,3
1483,154,1,3
1483,155,1,3
1483,156,1,3
1483,157,1,3
1483,158,1,3
1483,159,1,3
1483,160,1,3
1483,161,1,3
1483,162,1,3
1483,163,1,3
1483,164,1,3
1483,165,1,3
1483,166,1,3
1483,167,1,3
1483,168,1,3
1483,169,1,3
1483,170,1,3
1483,171,1,3
1483,172,1,3
1483,173,1,3
1483,174,1,3
1483,175,1,3
1483,176,1,3
1483,177,1,3
1483,178,1,3
1483,179,1,3
1483,180,1,3
1483,181,1,3
1483,182,1,3
1483,183,1,3
1483,184,1,3
1483,185,1,3
1483,186,1,3
1483,187,1,3
1483,188,1,3
1483,189,1,3
1483,190,1,3
1483,191,1,3
1483,192,1,3
1483,193,1,3
1483,194,1,3
1483,195,1,3
1483,196,1,3
1483,197,1,3
1483,198,1,3
1483,199,1,3
1483,200,1,3
1483,201,1,3
1483,202,1,3
1483,203,1,3
1483,204,1,3
1483,205,1,3
1483,206,1,3
1483,207,1,3
1483,208,1,3
1483,209,1,3
1483,210,1,3
1483,211,1,3
1483,212,1,3
1483,213,1,3
1483,214,1,3
1483,215,1,3
1483,216,1,3
1483,217,1,3
1483,218,1,3
1483,219,1,3
1483,220,1,3
1483,221,1,3
1483,222,1,3
1483,223,1,3
1483,224,1,3
1483,225,1,3
1483,226,1,3
1483,227,1,3
1483,228,1,3
1483,229,1,3
1483,230,1,3
1483,231,1,3
1483,232,1,3
1483,233,1,3
1483,234,1,3
1483,235,1,3
1483,236,1,3
1483,237,1,3
1483,238,1,3
1483,239,1,3
1483,240,1,3
1483,241,1,3
1483,242,1,3
1483,243,1,3
1483,244,1,3
1483,245,1,3
1483,246,1,3
1483,247,1,3
1483,248,1,3
1483,249,1,3
1483,250,1,3
1483,251,1,3
1483,252,1,3
1483,253,1,3
1483,254,1,3
1483,255,1,3
1483,256,1,3
1483,257,1,3
1483,258,1,3
1483,259,1,3
1483,260,1,3
1483,261,1,3
1483,262,1,3
1483,263,1,3
1483,264,1,3
1483,265,1,3
1483,266,1,3
1483,267,1,3
1483,268,1,3
1483,269,1,3
1483,270,1,3
1483,271,1,3
1483,272,1,3
1483,273,1,3
1483,274,1,3
1483,275,1,3
1483,276,1,3
1483,277,1,3
1483,278,1,3
1483,279,1,3
1483,280,1,3
1483,281,1,3
1483,282,1,3
1483,283,1,3
1483,284,1,3
1483,285,1,3
1483,286,1,3
1483,287,1,3
1483,288,1,3
1483,289,1,3
1483,290,1,3
1483,291,1,3
1483,292,1,3
1483,293,1,3
1483,294,1,3
1483,295,1,3
1483,296,1,3
1483,297,1,3
1483,298,1,3
1483,299,1,3
1483,300,1,3
1483,301,1,3
1483,302,1,3
1483,303,1,3
1483,304,1,3
1483,305,1,3
1483,306,1,3
1483,307,1,3
1483,308,1,3
1483,309,1,3
1483,310,1,3
1483,311,1,3
1483,312,1,3
1483,313,1,3
1483,314,1,3
1483,315,1,3
1483,316,1,3
1483,317,1,3
1483,318,1,3
1483,319,1,3
1483,320,1,3
1483,321,1,3
1483,322,1,3
1483,323,1,3
1483,324,1,3
1483,325,1,3
1483,326,1,3
1483,327,1,3
1483,328,1,3
1483,329,1,3
1483,330,1,3
1483,331,1,3
1483,332,1,3
1483,333,1,3
1483,334,1,3
1483,335,1,3
1483,336,1,3
1483,337,1,3
1483,338,1,3
1483,339,1,3
1483,340,1,3
1483,341,1,3
1483,342,1,3
1483,343,1,3
1483,344,1,3
1483,345,1,3
1483,346,1,3
1483,347,1,3
1483,348,1,3
1483,349,1,3
1483,350,1,3
1483,351,1,3
1483,352,1,3
1483,353,1,3
1483,354,1,3
1483,355,1,3
1483,356,1,3
1483,357,1,3
1483,358,1,3
1483,359,1,3
1483,360,1,3
1483,361,1,3
1483,362,1,3
1483,363,1,3
1483,364,1,3
1483,365,1,3
1483,366,1,3
1483,367,1,3
1483,368,1,3
1483,369,1,3
1483,370,1,3
1483,371,1,3
1483,372,1,3
1483,373,1,3
1483,374,1,3
1483,375,1,3
1483,376,1,3
1483,377,1,3
1483,378,1,3
1483,379,1,3
1483,380,1,3
1483,381,1,3
1483,382,1,3
1483,383,1,3
1483,384,1,2
1483,385,1,2
1483,386,1,2
1483,387,1,2
1483,388,1,2
1483,389,1,2
1483,390,1,2
1483,391,1,2
1483,392,1,2
1483,393,1,2
1483,394,1,2
1483,395,1,2
1483,396,1,2
1483,397,1,2
1483,398,1,2
1483,399,1,2
1483,400,1,2
1483,401,1,2
1483,402,1,2
1483,403,1,2
1483,404,1,2
1483,405,1,2
1483,406,1,2
1483,407,1,2
1483,408,1,2
1483,409,1,2
1483,410,1,2
1483,411,1,2
1483,412,1,2
1483,413,1,2
1483,414,1,2
1483,415,1,2
1483,416,1,2
1483,417,1,2
1483,418,1,2
1483,419,1,2
1483,420,1,2
1483,421,1,2
1483,422,1,2
1483,423,1,2
1483,424,1,2
1483,425,1,2
1483,426,1,2
1483,427,1,2
1483,428,1,2
1483,429,1,2
1483,430,1,2
1483,431,1,2
1483,432,1,2
1483,433,1,2
1483,434,1,2
1483,435,1,2
1483,436,1,2
1483,437,1,2
1483,438,1,2
1483,439,1,2
1483,440,1,2
1483,441,1,2
1483,442,1,2
1483,443,1,2
1483,444,1,2
1483,445,1,2
1483,446,1,2
1483,447,1,2
1483,448,1,3
1483,449,1,3
1483,450,1,3
1483,451,1,3
1483,452,1,3
1483,453,1,3
1483,454,1,3
1483,455,1,3
1483,456,1,3
1483,457,1,3
1483,458,1,3
1483,459,1,3
1483,460,1,3
1483,461,1,3
1483,462,1,3
1483,463,1,3
1483,464,1,3
1483,465,1,3
1483,466,1,3
1484,110,1,3
1484,111,1,3
1484,112,1,3
1484,113,1,3
1484,114,1,3
1484,115,1,3
1484,116,1,3
1484,117,1,3
1484,118,1,3
1484,119,1,3
1484,120,1,3
1484,121,1,3
1484,122,1,3
1484,123,1,3
1484,124,1,3
1484,125,1,3
1484,126,1,3
1484,127,1,3
1484,128,1,3
1484,129,1,3
1484,130,1,3
1484,131,1,3
1484,132,1,3
1484,133,1,3
1484,134,1,3
1484,135,1,3
1484,136,1,3
1484,137,1,3
1484,138,1,3
1484,139,1,3
1484,140,1,3
1484,141,1,3
1484,142,1,3
1484,143,1,3
1484,144,1,3
1484,145,1,3
1484,146,1,3
1484,147,1,3
1484,148,1,3
1484,149,1,3
1484,150,1,3
1484,151,1,3
1484,152,1,3
1484,153,1,3
1484,154,1,3
1484,155,1,3
1484,156,1,3
1484,157,1,3
1484,158,1,3
1484,159,1,3
1484,160,1,3
1484,161,1,3
1484,162,1,3
1484,163,1,3
1484,164,1,3
1484,165,1,3
1484,166,1,3
1484,167,1,3
1484,168,1,3
1484,169,1,3
1484,170,1,3
1484,171,1,3
1484,172,1,3
1484,173,1,3
1484,174,1,3
1484,175,1,3
1484,176,1,3
1484,177,1,3
1484,178,1,3
1484,179,1,3
1484,180,1,3
1484,181,1,3
1484,182,1,3
1484,183,1,3
1484,184,1,3
1484,185,1,3
1484,186,1,3
1484,187,1,3
1484,188,1,3
1484,189,1,3
1484,190,1,3
1484,191,1,3
1484,192,1,3
1484,193,1,3
1484,194,1,3
1484,195,1,3
1484,196,1,3
1484,197,1,3
1484,198,1,3
1484,199,1,3
1484,200,1,3
1484,201,1,3
1484,202,1,3
1484,203,1,3
1484,204,1,3
1484,205,1,3
1484,206,1,3
1484,207,1,3
1484,208,1,3
1484,209,1,3
1484,210,1,3
1484,211,1,3
1484,212,1,3
1484,213,1,3
1484,214,1,3
1484,215,1,3
1484,216,1,3
1484,217,1,3
1484,218,1,3
1484,219,1,3
1484,220,1,3
1484,221,1,3
1484,222,1,3
1484,223,1,3
1484,224,1,3
1484,225,1,3
1484,226,1,3
1484,227,1,3
1484,228,1,3
1484,229,1,3
1484,230,1,3
1484,231,1,3
1484,232,1,3
1484,233,1,3
1484,234,1,3
1484,235,1,3
1484,236,1,3
1484,237,1,3
1484,238,1,3
1484,239,1,3
1484,240,1,3
1484,241,1,3
1484,242,1,3
1484,243,1,3
1484,244,1,3
1484,245,1,3
1484,246,1,3
1484,247,1,3
1484,248,1,3
1484,249,1,3
1484,250,1,3
1484,251,1,3
1484,252,1,3
1484,253,1,3
1484,254,1,3
1484,255,1,3
1484,256,1,3
1484,257,1,3
1484,258,1,3
1484,259,1,3
1484,260,1,3
1484,261,1,3
1484,262,1,3
1484,263,1,3
1484,264,1,3
1484,265,1,3
1484,266,1,3
1484,267,1,3
1484,268,1,3
1484,269,1,3
1484,270,1,3
1484,271,1,3
1484,272,1,3
1484,273,1,3
1484,274,1,3
1484,275,1,3
1484,276,1,3
1484,277,1,3
1484,278,1,3
1484,279,1,3
1484,280,1,3
1484,281,1,3
1484,282,1,3
1484,283,1,3
1484,284,1,3
1484,285,1,3
1484,286,1,3
1484,287,1,3
1484,288,1,3
1484,289,1,3
1484,290,1,3
1484,291,1,3
1484,292,1,3
1484,293,1,3
1484,294,1,3
1484,295,1,3
1484,296,1,3
1484,297,1,3
1484,298,1,3
1484,299,1,3
1484,300,1,3
1484,301,1,3
1484,302,1,3
1484,303,1,3
1484,304,1,3
1484,305,1,3
1484,306,1,3
1484,307,1,3
1484,308,1,3
1484,309,1,3
1484,310,1,3
1484,311,1,3
1484,312,1,3
1484,313,1,3
1484,314,1,3
1484,315,1,3
1484,316,1,3
1484,317,1,3
1484,318,1,3
1484,319,1,3
1484,320,1,3
1484,321,1,3
1484,322,1,3
1484,323,1,3
1484,324,1,3
1484,325,1,3
1484,326,1,3
1484,327,1,3
1484,328,1,3
1484,329,1,3
1484,330,1,3
1484,331,1,3
1484,332,1,3
1484,333,1,3
1484,334,1,3
1484,335,1,3
1484,336,1,3
1484,337,1,3
1484,338,1,3
1484,339,1,3
1484,340,1,3
1484,341,1,3
1484,342,1,3
1484,343,1,3
1484,344,1,3
1484,345,1,3
1484,346,1,3
1484,347,1,3
1484,348,1,3
1484,349,1,3
1484,350,1,3
1484,351,1,3
1484,352,1,3
1484,353,1,3
1484,354,1,3
1484,355,1,3
1484,356,1,3
1484,357,1,3
1484,358,1,3
1484,359,1,3
1484,360,1,3
1484,361,1,3
1484,362,1,3
1484,363,1,3
1484,364,1,3
1484,365,1,3
1484,366,1,3
1484,367,1,3
1484,368,1,3
1484,369,1,3
1484,370,1,3
1484,371,1,3
1484,372,1,3
1484,373,1,3
1484,374,1,3
1484,375,1,3
1484,376,1,3
1484,377,1,3
1484,378,1,3
1484,379,1,3
1484,380,1,3
1484,381,1,3
1484,382,1,3
1484,383,1,2
1484,384,1,2
1484,385,1,2
1484,386,1,2
1484,387,1,2
1484,388,1,2
1484,389,1,2
1484,390,1,2
1484,391,1,2
1484,392,1,2
1484,393,1,2
1484,394,1,2
1484,395,1,2
1484,396,1,2
1484,397,1,2
1484,398,1,2
1484,399,1,2
1484,400,1,2
1484,401,1,2
1484,402,1,2
1484,403,1,2
1484,404,1,2
1484,405,1,2
1484,406,1,2
1484,407,1,2
1484,408,1,2
1484,409,1,2
1484,410,1,2
1484,411,1,2
1484,412,1,2
1484,413,1,2
1484,414,1,2
1484,415,1,2
1484,416,1,2
1484,417,1,2
1484,418,1,2
1484,419,1,2
1484,420,1,2
1484,421,1,2
1484,422,1,2
1484,423,1,2
1484,424,1,2
1484,425,1,2
1484,426,1,2
1484,427,1,2
1484,428,1,2
1484,429,1,2
1484,430,1,2
1484,431,1,2
1484,432,1,2
1484,433,1,2
1484,434,1,2
1484,435,1,2
1484,436,1,2
1484,437,1,2
1484,438,1,2
1484,439,1,2
1484,440,1,2
1484,441,1,2
1484,442,1,2
1484,443,1,2
1484,444,1,2
1484,445,1,2
1484,446,1,2
1484,447,1,2
1484,448,1,3
1484,449,1,3
1484,450,1,3
1484,451,1,3
1484,452,1,3
1484,453,1,3
1484,454,1,3
1484,455,1,3
1484,456,1,3
1484,457,1,3
1484,458,1,3
1484,459,1,3
1484,460,1,3
1484,461,1,3
1484,462,1,3
1484,463,1,3
1484,464,1,3
1484,465,1,3
1484,466,1,3
1485,109,1,3
1485,110,1,3
1485,111,1,3
1485,112,1,2
1485,113,1,3
1485,114,1,3
1485,115,1,3
1485,116,1,3
1485,117,1,3
1485,118,1,3
1485,119,1,3
1485,120,1,3
1485,121,1,3
1485,122,1,3
1485,123,1,3
1485,124,1,3
1485,125,1,3
1485,126,1,3
1485,127,1,3
1485,128,1,3
1485,129,1,3
1485,130,1,3
1485,131,1,3
1485,132,1,3
1485,133,1,3
1485,134,1,3
1485,135,1,3
1485,136,1,3
1485,137,1,3
1485,138,1,3
1485,139,1,3
1485,140,1,3
1485,141,1,3
1485,142,1,3
1485,143,1,3
1485,144,1,3
1485,145,1,3
1485,146,1,3
1485,147,1,3
1485,148,1,3
1485,149,1,3
1485,150,1,3
1485,151,1,3
1485,152,1,3
1485,153,1,3
1485,154,1,3
1485,155,1,3
1485,156,1,3
1485,157,1,3
1485,158,1,3
1485,159,1,3
1485,160,1,3
1485,161,1,3
1485,162,1,3
1485,163,1,3
1485,164,1,3
1485,165,1,3
1485,166,1,3
1485,167,1,3
1485,168,1,3
1485,169,1,3
1485,170,1,3
1485,171,1,3
1485,172,1,3
1485,173,1,3
1485,174,1,3
1485,175,1,3
1485,176,1,3
1485,177,1,3
1485,178,1,3
1485,179,1,3
1485,180,1,3
1485,181,1,3
1485,182,1,3
1485,183,1,3
1485,184,1,3
1485,185,1,3
1485,186,1,3
1485,187,1,3
1485,188,1,3
1485,189,1,3
1485,190,1,3
1485,191,1,3
1485,192,1,3
1485,193,1,3
1485,194,1,3
1485,195,1,3
1485,196,1,3
1485,197,1,3
1485,198,1,3
1485,199,1,3
1485,200,1,3
1485,201,1,3
1485,202,1,3
1485,203,1,3
1485,204,1,3
1485,205,1,3
1485,206,1,3
1485,207,1,3
1485,208,1,3
1485,209,1,3
1485,210,1,3
1485,211,1,3
1485,212,1,3
1485,213,1,3
1485,214,1,3
1485,215,1,3
1485,216,1,3
1485,217,1,3
1485,218,1,3
1485,219,1,3
1485,220,1,3
1485,221,1,3
1485,222,1,3
1485,223,1,3
1485,224,1,3
1485,225,1,3
1485,226,1,3
1485,227,1,3
1485,228,1,3
1485,229,1,3
1485,230,1,3
1485,231,1,3
1485,232,1,3
1485,233,1,3
1485,234,1,3
1485,235,1,3
1485,236,1,3
1485,237,1,3
1485,238,1,3
1485,239,1,3
1485,240,1,3
1485,241,1,3
1485,242,1,3
1485,243,1,3
1485,244,1,3
1485,245,1,3
1485,246,1,3
1485,247,1,3
1485,248,1,3
1485,249,1,3
1485,250,1,3
1485,251,1,3
1485,252,1,3
1485,253,1,3
1485,254,1,3
1485,255,1,3
1485,256,1,3
1485,257,1,3
1485,258,1,3
1485,259,1,3
1485,260,1,3
1485,261,1,3
1485,262,1,3
1485,263,1,3
1485,264,1,3
1485,265,1,3
1485,266,1,3
1485,267,1,3
1485,268,1,3
1485,269,1,3
1485,270,1,3
1485,271,1,3
1485,272,1,3
1485,273,1,3
1485,274,1,3
1485,275,1,3
1485,276,1,3
1485,277,1,3
1485,278,1,3
1485,279,1,3
1485,280,1,3
1485,281,1,3
1485,282,1,3
1485,283,1,3
1485,284,1,3
1485,285,1,3
1485,286,1,3
1485,287,1,3
1485,288,1,3
1485,289,1,3
1485,290,1,3
1485,291,1,3
1485,292,1,3
1485,293,1,3
1485,294,1,3
1485,295,1,3
1485,296,1,3
1485,297,1,3
1485,298,1,3
1485,299,1,3
1485,300,1,3
1485,301,1,3
1485,302,1,3
1485,303,1,3
1485,304,1,3
1485,305,1,3
1485,306,1,3
1485,307,1,3
1485,308,1,3
1485,309,1,3
1485,310,1,3
1485,311,1,3
1485,312,1,3
1485,313,1,3
1485,314,1,3
1485,315,1,3
1485,316,1,3
1485,317,1,3
1485,318,1,3
1485,319,1,3
1485,320,1,3
1485,321,1,3
1485,322,1,3
1485,323,1,3
1485,324,1,3
1485,325,1,3
1485,326,1,3
1485,327,1,3
1485,328,1,3
1485,329,1,3
1485,330,1,3
1485,331,1,3
1485,332,1,3
1485,333,1,3
1485,334,1,3
1485,335,1,3
1485,336,1,3
1485,337,1,3
1485,338,1,3
1485,339,1,3
1485,340,1,3
1485,341,1,3
1485,342,1,3
1485,343,1,3
1485,344,1,3
1485,345,1,3
1485,346,1,3
1485,347,1,3
1485,348,1,3
1485,349,1,3
1485,350,1,3
1485,351,1,3
1485,352,1,3
1485,353,1,3
1485,354,1,3
1485,355,1,3
1485,356,1,3
1485,357,1,3
1485,358,1,3
1485,359,1,3
1485,360,1,3
1485,361,1,3
1485,362,1,3
1485,363,1,3
1485,364,1,3
1485,365,1,3
1485,366,1,3
1485,367,1,3
1485,368,1,3
1485,369,1,3
1485,370,1,3
1485,371,1,3
1485,372,1,3
1485,373,1,3
1485,374,1,3
1485,375,1,3
1485,376,1,3
1485,377,1,3
1485,378,1,3
1485,379,1,3
1485,380,1,3
1485,381,1,3
1485,382,1,3
1485,383,1,2
1485,384,1,2
1485,385,1,2
1485,386,1,2
1485,387,1,2
1485,388,1,2
1485,389,1,2
1485,390,1,2
1485,391,1,2
1485,392,1,2
1485,393,1,2
1485,394,1,2
1485,395,1,2
1485,396,1,2
1485,397,1,2
1485,398,1,2
1485,399,1,2
1485,400,1,2
1485,401,1,2
1485,402,1,2
1485,403,1,2
1485,404,1,2
1485,405,1,2
1485,406,1,2
1485,407,1,2
1485,408,1,2
1485,409,1,2
1485,410,1,2
1485,411,1,2
1485,412,1,2
1485,413,1,2
1485,414,1,2
1485,415,1,2
1485,416,1,2
1485,417,1,2
1485,418,1,2
1485,419,1,2
1485,420,1,2
1485,421,1,2
1485,422,1,2
1485,423,1,2
1485,424,1,2
1485,425,1,2
1485,426,1,2
1485,427,1,2
1485,428,1,2
1485,429,1,2
1485,430,1,2
1485,431,1,2
1485,432,1,2
1485,433,1,2
1485,434,1,2
1485,435,1,2
1485,436,1,2
1485,437,1,2
1485,438,1,2
1485,439,1,2
1485,440,1,2
1485,441,1,2
1485,442,1,2
1485,443,1,2
1485,444,1,2
1485,445,1,2
1485,446,1,2
1485,447,1,2
1485,448,1,3
1485,449,1,3
1485,450,1,3
1485,451,1,3
1485,452,1,3
1485,453,1,3
1485,454,1,3
1485,455,1,3
1485,456,1,3
1485,457,1,3
1485,458,1,3
1485,459,1,3
1485,460,1,3
1485,461,1,3
1485,462,1,3
1485,463,1,3
1485,464,1,3
1485,465,1,3
1485,466,1,3
1486,108,1,3
1486,109,1,3
1486,110,1,3
1486,111,1,3
1486,112,1,3
1486,113,1,3
1486,114,1,3
1486,115,1,3
1486,116,1,3
1486,117,1,3
1486,118,1,3
1486,119,1,3
1486,120,1,3
1486,121,1,3
1486,122,1,3
1486,123,1,3
1486,124,1,3
1486,125,1,3
1486,126,1,3
1486,127,1,3
1486,128,1,3
1486,129,1,3
1486,130,1,3
1486,131,1,3
1486,132,1,3
1486,133,1,3
1486,134,1,3
1486,135,1,3
1486,136,1,3
1486,137,1,3
1486,138,1,3
1486,139,1,3
1486,140,1,3
1486,141,1,3
1486,142,1,3
1486,143,1,3
1486,144,1,3
1486,145,1,3
1486,146,1,3
1486,147,1,3
1486,148,1,3
1486,149,1,3
1486,150,1,3
1486,151,1,3
1486,152,1,3
1486,153,1,3
1486,154,1,3
1486,155,1,3
1486,156,1,3
1486,157,1,3
1486,158,1,3
1486,159,1,3
1486,160,1,3
1486,161,1,3
1486,162,1,3
1486,163,1,3
1486,164,1,3
1486,165,1,3
1486,166,1,3
1486,167,1,3
1486,168,1,3
1486,169,1,3
1486,170,1,3
1486,171,1,3
1486,172,1,3
1486,173,1,3
1486,174,1,3
1486,175,1,3
1486,176,1,3
1486,177,1,3
1486,178,1,3
1486,179,1,3
1486,180,1,3
1486,181,1,3
1486,182,1,3
1486,183,1,3
1486,184,1,3
1486,185,1,3
1486,186,1,3
1486,187,1,3
1486,188,1,3
1486,189,1,3
1486,190,1,3
1486,191,1,3
1486,192,1,3
1486,193,1,3
1486,194,1,3
1486,195,1,3
1486,196,1,3
1486,197,1,3
1486,198,1,3
1486,199,1,3
1486,200,1,3
1486,201,1,3
1486,202,1,3
1486,203,1,3
1486,204,1,3
1486,205,1,3
1486,206,1,3
1486,207,1,3
1486,208,1,3
1486,209,1,3
1486,210,1,3
1486,211,1,3
1486,212,1,3
1486,213,1,3
1486,214,1,3
1486,215,1,3
1486,216,1,3
1486,217,1,3
1486,218,1,3
1486,219,1,3
1486,220,1,3
1486,221,1,3
1486,222,1,3
1486,223,1,3
1486,224,1,3
1486,225,1,3
1486,226,1,3
1486,227,1,3
1486,228,1,3
1486,229,1,3
1486,230,1,3
1486,231,1,3
1486,232,1,3
1486,233,1,3
1486,234,1,3
1486,235,1,3
1486,236,1,3
1486,237,1,3
1486,238,1,3
1486,239,1,3
1486,240,1,3
1486,241,1,3
1486,242,1,3
1486,243,1,3
1486,244,1,3
1486,245,1,3
1486,246,1,3
1486,247,1,3
1486,248,1,3
1486,249,1,3
1486,250,1,3
1486,251,1,3
1486,252,1,3
1486,253,1,3
1486,254,1,3
1486,255,1,3
1486,256,1,3
1486,257,1,3
1486,258,1,3
1486,259,1,3
1486,260,1,3
1486,261,1,3
1486,262,1,3
1486,263,1,3
1486,264,1,3
1486,265,1,3
1486,266,1,3
1486,267,1,3
1486,268,1,3
1486,269,1,3
1486,270,1,3
1486,271,1,3
1486,272,1,3
1486,273,1,3
1486,274,1,3
1486,275,1,3
1486,276,1,3
1486,277,1,3
1486,278,1,3
1486,279,1,3
1486,280,1,3
1486,281,1,3
1486,282,1,3
1486,283,1,3
1486,284,1,3
1486,285,1,3
1486,286,1,3
1486,287,1,3
1486,288,1,3
1486,289,1,3
1486,290,1,3
1486,291,1,3
1486,292,1,3
1486,293,1,3
1486,294,1,3
1486,295,1,3
1486,296,1,3
1486,297,1,3
1486,298,1,3
1486,299,1,3
1486,300,1,3
1486,301,1,3
1486,302,1,3
1486,303,1,3
1486,304,1,3
1486,305,1,3
1486,306,1,3
1486,307,1,3
1486,308,1,3
1486,309,1,3
1486,310,1,3
1486,311,1,3
1486,312,1,3
1486,313,1,3
1486,314,1,3
1486,315,1,3
1486,316,1,3
1486,317,1,3
1486,318,1,3
1486,319,1,3
1486,320,1,3
1486,321,1,3
1486,322,1,3
1486,323,1,3
1486,324,1,3
1486,325,1,3
1486,326,1,3
1486,327,1,3
1486,328,1,3
1486,329,1,3
1486,330,1,3
1486,331,1,3
1486,332,1,3
1486,333,1,3
1486,334,1,3
1486,335,1,3
1486,336,1,3
1486,337,1,3
1486,338,1,3
1486,339,1,3
1486,340,1,3
1486,341,1,3
1486,342,1,3
1486,343,1,3
1486,344,1,3
1486,345,1,3
1486,346,1,3
1486,347,1,3
1486,348,1,3
1486,349,1,3
1486,350,1,3
1486,351,1,3
1486,352,1,3
1486,353,1,3
1486,354,1,3
1486,355,1,3
1486,356,1,3
1486,357,1,3
1486,358,1,3
1486,359,1,3
1486,360,1,3
1486,361,1,3
1486,362,1,3
1486,363,1,3
1486,364,1,3
1486,365,1,3
1486,366,1,3
1486,367,1,3
1486,368,1,3
1486,369,1,3
1486,370,1,3
1486,371,1,3
1486,372,1,3
1486,373,1,3
1486,374,1,3
1486,375,1,3
1486,376,1,3
1486,377,1,3
1486,378,1,3
1486,379,1,3
1486,380,1,3
1486,381,1,3
1486,382,1,2
1486,383,1,2
1486,384,1,2
1486,385,1,2
1486,386,1,2
1486,387,1,2
1486,388,1,2
1486,389,1,2
1486,390,1,2
1486,391,1,2
1486,392,1,2
1486,393,1,2
1486,394,1,2
1486,395,1,2
1486,396,1,2
1486,397,1,2
1486,398,1,2
1486,399,1,2
1486,400,1,2
1486,401,1,2
1486,402,1,2
1486,403,1,2
1486,404,1,2
1486,405,1,2
1486,406,1,2
1486,407,1,2
1486,408,1,2
1486,409,1,2
1486,410,1,2
1486,411,1,2
1486,412,1,2
1486,413,1,2
1486,414,1,2
1486,415,1,2
1486,416,1,2
1486,417,1,2
1486,418,1,2
1486,419,1,2
1486,420,1,2
1486,421,1,2
1486,422,1,2
1486,423,1,2
1486,424,1,2
1486,425,1,2
1486,426,1,2
1486,427,1,2
1486,428,1,2
1486,429,1,2
1486,430,1,2
1486,431,1,2
1486,432,1,2
1486,433,1,2
1486,434,1,2
1486,435,1,2
1486,436,1,2
1486,437,1,2
1486,438,1,2
1486,439,1,2
1486,440,1,2
1486,441,1,2
1486,442,1,2
1486,443,1,2
1486,444,1,2
1486,445,1,2
1486,446,1,2
1486,447,1,2
1486,448,1,3
1486,449,1,3
1486,450,1,3
1486,451,1,3
1486,452,1,3
1486,453,1,3
1486,454,1,3
1486,455,1,3
1486,456,1,3
1486,457,1,3
1486,458,1,3
1486,459,1,3
1486,460,1,3
1486,461,1,3
1486,462,1,3
1486,463,1,3
1486,464,1,3
1486,465,1,3
1486,466,1,3
1487,107,1,3
1487,108,1,3
1487,109,1,3
1487,110,1,3
1487,111,1,3
1487,112,1,3
1487,113,1,3
1487,114,1,3
1487,115,1,3
1487,116,1,3
1487,117,1,3
1487,118,1,3
1487,119,1,3
1487,120,1,3
1487,121,1,3
1487,122,1,3
1487,123,1,3
1487,124,1,3
1487,125,1,3
1487,126,1,3
1487,127,1,3
1487,128,1,3
1487,129,1,3
1487,130,1,3
1487,131,1,3
1487,132,1,3
1487,133,1,3
1487,134,1,3
1487,135,1,3
1487,136,1,3
1487,137,1,3
1487,138,1,3
1487,139,1,3
1487,140,1,3
1487,141,1,3
1487,142,1,3
1487,143,1,3
1487,144,1,3
1487,145,1,3
1487,146,1,3
1487,147,1,3
1487,148,1,3
1487,149,1,3
1487,150,1,3
1487,151,1,3
1487,152,1,3
1487,153,1,3
1487,154,1,3
1487,155,1,3
1487,156,1,3
1487,157,1,3
1487,158,1,3
1487,159,1,3
1487,160,1,3
1487,161,1,3
1487,162,1,3
1487,163,1,3
1487,164,1,3
1487,165,1,3
1487,166,1,3
1487,167,1,3
1487,168,1,3
1487,169,1,3
1487,170,1,3
1487,171,1,3
1487,172,1,3
1487,173,1,3
1487,174,1,3
1487,175,1,3
1487,176,1,3
1487,177,1,3
1487,178,1,3
1487,179,1,3
1487,180,1,3
1487,181,1,3
1487,182,1,3
1487,183,1,3
1487,184,1,3
1487,185,1,3
1487,186,1,3
1487,187,1,3
1487,188,1,3
1487,189,1,3
1487,190,1,3
1487,191,1,3
1487,192,1,3
1487,193,1,3
1487,194,1,3
1487,195,1,3
1487,196,1,3
1487,197,1,3
1487,198,1,3
1487,199,1,3
1487,200,1,3
1487,201,1,3
1487,202,1,3
1487,203,1,3
1487,204,1,3
1487,205,1,3
1487,206,1,3
1487,207,1,3
1487,208,1,3
1487,209,1,3
1487,210,1,3
1487,211,1,3
1487,212,1,3
1487,213,1,3
1487,214,1,3
1487,215,1,3
1487,216,1,3
1487,217,1,3
1487,218,1,3
1487,219,1,3
1487,220,1,3
1487,221,1,3
1487,222,1,3
1487,223,1,3
1487,224,1,3
1487,225,1,3
1487,226,1,3
1487,227,1,3
1487,228,1,3
1487,229,1,3
1487,230,1,3
1487,231,1,3
1487,232,1,3
1487,233,1,3
1487,234,1,3
1487,235,1,3
1487,236,1,3
1487,237,1,3
1487,238,1,3
1487,239,1,3
1487,240,1,3
1487,241,1,3
1487,242,1,3
1487,243,1,3
1487,244,1,3
1487,245,1,3
1487,246,1,3
1487,247,1,3
1487,248,1,3
1487,249,1,3
1487,250,1,3
1487,251,1,3
1487,252,1,3
1487,253,1,3
1487,254,1,3
1487,255,1,3
1487,256,1,3
1487,257,1,3
1487,258,1,3
1487,259,1,3
1487,260,1,3
1487,261,1,3
1487,262,1,3
1487,263,1,3
1487,264,1,3
1487,265,1,3
1487,266,1,3
1487,267,1,3
1487,268,1,3
1487,269,1,3
1487,270,1,3
1487,271,1,3
1487,272,1,3
1487,273,1,3
1487,274,1,3
1487,275,1,3
1487,276,1,3
1487,277,1,3
1487,278,1,3
1487,279,1,3
1487,280,1,3
1487,281,1,3
1487,282,1,3
1487,283,1,3
1487,284,1,3
1487,285,1,3
1487,286,1,3
1487,287,1,3
1487,288,1,3
1487,289,1,3
1487,290,1,3
1487,291,1,3
1487,292,1,3
1487,293,1,3
1487,294,1,3
1487,295,1,3
1487,296,1,3
1487,297,1,3
1487,298,1,3
1487,299,1,3
1487,300,1,3
1487,301,1,3
1487,302,1,3
1487,303,1,3
1487,304,1,3
1487,305,1,3
1487,306,1,3
1487,307,1,3
1487,308,1,3
1487,309,1,3
1487,310,1,3
1487,311,1,3
1487,312,1,3
1487,313,1,3
1487,314,1,3
1487,315,1,3
1487,316,1,3
1487,317,1,3
1487,318,1,3
1487,319,1,3
1487,320,1,3
1487,321,1,3
1487,322,1,3
1487,323,1,3
1487,324,1,3
1487,325,1,3
1487,326,1,3
1487,327,1,3
1487,328,1,3
1487,329,1,3
1487,330,1,3
1487,331,1,3
1487,332,1,3
1487,333,1,3
1487,334,1,3
1487,335,1,3
1487,336,1,3
1487,337,1,3
1487,338,1,3
1487,339,1,3
1487,340,1,3
1487,341,1,3
1487,342,1,3
1487,343,1,3
1487,344,1,3
1487,345,1,3
1487,346,1,3
1487,347,1,3
1487,348,1,3
1487,349,1,3
1487,350,1,3
1487,351,1,3
1487,352,1,3
1487,353,1,3
1487,354,1,3
1487,355,1,3
1487,356,1,3
1487,357,1,3
1487,358,1,3
1487,359,1,3
1487,360,1,3
1487,361,1,3
1487,362,1,3
1487,363,1,3
1487,364,1,3
1487,365,1,3
1487,366,1,3
1487,367,1,3
1487,368,1,3
1487,369,1,3
1487,370,1,3
1487,371,1,3
1487,372,1,3
1487,373,1,3
1487,374,1,3
1487,375,1,3
1487,376,1,3
1487,377,1,3
1487,378,1,3
1487,379,1,3
1487,380,1,3
1487,381,1,2
1487,382,1,2
1487,383,1,2
1487,384,1,2
1487,385,1,2
1487,386,1,2
1487,387,1,2
1487,388,1,2
1487,389,1,2
1487,390,1,2
1487,391,1,2
1487,392,1,2
1487,393,1,2
1487,394,1,2
1487,395,1,2
1487,396,1,2
1487,397,1,2
1487,398,1,2
1487,399,1,2
1487,400,1,2
1487,401,1,2
1487,402,1,2
1487,403,1,2
1487,404,1,2
1487,405,1,2
1487,406,1,2
1487,407,1,2
1487,408,1,2
1487,409,1,2
1487,410,1,2
1487,411,1,2
1487,412,1,2
1487,413,1,2
1487,414,1,2
1487,415,1,2
1487,416,1,2
1487,417,1,2
1487,418,1,2
1487,419,1,2
1487,420,1,2
1487,421,1,2
1487,422,1,2
1487,423,1,2
1487,424,1,2
1487,425,1,2
1487,426,1,2
1487,427,1,2
1487,428,1,2
1487,429,1,2
1487,430,1,2
1487,431,1,2
1487,432,1,2
1487,433,1,2
1487,434,1,2
1487,435,1,2
1487,436,1,2
1487,437,1,2
1487,438,1,2
1487,439,1,2
1487,440,1,2
1487,441,1,2
1487,442,1,2
1487,443,1,2
1487,444,1,2
1487,445,1,2
1487,446,1,2
1487,447,1,2
1487,448,1,3
1487,449,1,3
1487,450,1,3
1487,451,1,3
1487,452,1,3
1487,453,1,3
1487,454,1,3
1487,455,1,3
1487,456,1,3
1487,457,1,3
1487,458,1,3
1487,459,1,3
1487,460,1,3
1487,461,1,3
1487,462,1,3
1487,463,1,3
1487,464,1,3
1487,465,1,3
1488,106,1,3
1488,107,1,3
1488,108,1,3
1488,109,1,3
1488,110,1,3
1488,111,1,3
1488,112,1,3
1488,113,1,3
1488,114,1,3
1488,115,1,3
1488,116,1,3
1488,117,1,3
1488,118,1,3
1488,119,1,3
1488,120,1,3
1488,121,1,3
1488,122,1,3
1488,123,1,3
1488,124,1,3
1488,125,1,3
1488,126,1,3
1488,127,1,3
1488,128,1,3
1488,129,1,3
1488,130,1,3
1488,131,1,3
1488,132,1,3
1488,133,1,3
1488,134,1,3
1488,135,1,3
1488,136,1,3
1488,137,1,3
1488,138,1,3
1488,139,1,3
1488,140,1,3
1488,141,1,3
1488,142,1,3
1488,143,1,3
1488,144,1,3
1488,145,1,3
1488,146,1,3
1488,147,1,3
1488,148,1,3
1488,149,1,3
1488,150,1,3
1488,151,1,3
1488,152,1,3
1488,153,1,3
1488,154,1,3
1488,155,1,3
1488,156,1,3
1488,157,1,3
1488,158,1,3
1488,159,1,3
1488,160,1,3
1488,161,1,3
1488,162,1,3
1488,163,1,3
1488,164,1,3
1488,165,1,3
1488,166,1,3
1488,167,1,3
1488,168,1,3
1488,169,1,3
1488,170,1,3
1488,171,1,3
1488,172,1,3
1488,173,1,3
1488,174,1,3
1488,175,1,3
1488,176,1,3
1488,177,1,3
1488,178,1,3
1488,179,1,3
1488,180,1,3
1488,181,1,3
1488,182,1,3
1488,183,1,3
1488,184,1,3
1488,185,1,3
1488,186,1,3
1488,187,1,3
1488,188,1,3
1488,189,1,3
1488,190,1,3
1488,191,1,3
1488,192,1,3
1488,193,1,3
1488,194,1,3
1488,195,1,3
1488,196,1,3
1488,197,1,3
1488,198,1,3
1488,199,1,3
1488,200,1,3
1488,201,1,3
1488,202,1,3
1488,203,1,3
1488,204,1,3
1488,205,1,3
1488,206,1,3
1488,207,1,3
1488,208,1,3
1488,209,1,3
1488,210,1,3
1488,211,1,3
1488,212,1,3
1488,213,1,3
1488,214,1,3
1488,215,1,3
1488,216,1,3
1488,217,1,3
1488,218,1,3
1488,219,1,3
1488,220,1,3
1488,221,1,3
1488,222,1,3
1488,223,1,3
1488,224,1,3
1488,225,1,3
1488,226,1,3
1488,227,1,3
1488,228,1,3
1488,229,1,3
1488,230,1,3
1488,231,1,3
1488,232,1,3
1488,233,1,3
1488,234,1,3
1488,235,1,3
1488,236,1,3
1488,237,1,3
1488,238,1,3
1488,239,1,3
1488,240,1,3
1488,241,1,3
1488,242,1,3
1488,243,1,3
1488,244,1,3
1488,245,1,3
1488,246,1,3
1488,247,1,3
1488,248,1,3
1488,249,1,3
1488,250,1,3
1488,251,1,3
1488,252,1,3
1488,253,1,3
1488,254,1,3
1488,255,1,3
1488,256,1,3
1488,257,1,3
1488,258,1,3
1488,259,1,3
1488,260,1,3
1488,261,1,3
1488,262,1,3
1488,263,1,3
1488,264,1,3
1488,265,1,3
1488,266,1,3
1488,267,1,3
1488,268,1,3
1488,269,1,3
1488,270,1,3
1488,271,1,3
1488,272,1,3
1488,273,1,3
1488,274,1,3
1488,275,1,3
1488,276,1,3
1488,277,1,3
1488,278,1,3
1488,279,1,3
1488,280,1,3
1488,281,1,3
1488,282,1,3
1488,283,1,3
1488,284,1,3
1488,285,1,3
1488,286,1,3
1488,287,1,3
1488,288,1,3
1488,289,1,3
1488,290,1,3
1488,291,1,3
1488,292,1,3
1488,293,1,3
1488,294,1,3
1488,295,1,3
1488,296,1,3
1488,297,1,3
1488,298,1,3
1488,299,1,3
1488,300,1,3
1488,301,1,3
1488,302,1,3
1488,303,1,3
1488,304,1,3
1488,305,1,3
1488,306,1,3
1488,307,1,3
1488,308,1,3
1488,309,1,3
1488,310,1,3
1488,311,1,3
1488,312,1,3
1488,313,1,3
1488,314,1,3
1488,315,1,3
1488,316,1,3
1488,317,1,3
1488,318,1,3
1488,319,1,3
1488,320,1,3
1488,321,1,3
1488,322,1,3
1488,323,1,3
1488,324,1,3
1488,325,1,3
1488,326,1,3
1488,327,1,3
1488,328,1,3
1488,329,1,3
1488,330,1,3
1488,331,1,3
1488,332,1,3
1488,333,1,3
1488,334,1,3
1488,335,1,3
1488,336,1,3
1488,337,1,3
1488,338,1,3
1488,339,1,3
1488,340,1,3
1488,341,1,3
1488,342,1,3
1488,343,1,3
1488,344,1,3
1488,345,1,3
1488,346,1,3
1488,347,1,3
1488,348,1,3
1488,349,1,3
1488,350,1,3
1488,351,1,3
1488,352,1,3
1488,353,1,3
1488,354,1,3
1488,355,1,3
1488,356,1,3
1488,357,1,3
1488,358,1,3
1488,359,1,3
1488,360,1,3
1488,361,1,3
1488,362,1,3
1488,363,1,3
1488,364,1,3
1488,365,1,3
1488,366,1,3
1488,367,1,3
1488,368,1,3
1488,369,1,3
1488,370,1,3
1488,371,1,3
1488,372,1,3
1488,373,1,3
1488,374,1,3
1488,375,1,3
1488,376,1,3
1488,377,1,3
1488,378,1,3
1488,379,1,3
1488,380,1,2
1488,381,1,2
1488,382,1,2
1488,383,1,2
1488,384,1,2
1488,385,1,2
1488,386,1,2
1488,387,1,2
1488,388,1,2
1488,389,1,2
1488,390,1,2
1488,391,1,2
1488,392,1,2
1488,393,1,2
1488,394,1,2
1488,395,1,2
1488,396,1,2
1488,397,1,2
1488,398,1,2
1488,399,1,2
1488,400,1,2
1488,401,1,2
1488,402,1,2
1488,403,1,2
1488,404,1,2
1488,405,1,2
1488,406,1,2
1488,407,1,2
1488,408,1,2
1488,409,1,2
1488,410,1,2
1488,411,1,2
1488,412,1,2
1488,413,1,2
1488,414,1,2
1488,415,1,2
1488,416,1,2
1488,417,1,2
1488,418,1,2
1488,419,1,2
1488,420,1,2
1488,421,1,2
1488,422,1,2
1488,423,1,2
1488,424,1,2
1488,425,1,2
1488,426,1,2
1488,427,1,2
1488,428,1,2
1488,429,1,2
1488,430,1,2
1488,431,1,2
1488,432,1,2
1488,433,1,2
1488,434,1,2
1488,435,1,2
1488,436,1,2
1488,437,1,2
1488,438,1,2
1488,439,1,2
1488,440,1,2
1488,441,1,2
1488,442,1,2
1488,443,1,2
1488,444,1,2
1488,445,1,2
1488,446,1,2
1488,447,1,2
1488,448,1,3
1488,449,1,3
1488,450,1,3
1488,451,1,3
1488,452,1,3
1488,453,1,3
1488,454,1,3
1488,455,1,3
1488,456,1,3
1488,457,1,3
1488,458,1,3
1488,459,1,3
1488,460,1,3
1488,461,1,3
1488,462,1,3
1488,463,1,3
1488,464,1,3
1488,465,1,3
1489,106,1,3
1489,107,1,3
1489,108,1,2
1489,109,1,3
1489,110,1,2
1489,111,1,2
1489,112,1,2
1489,113,1,3
1489,114,1,3
1489,115,1,3
1489,116,1,3
1489,117,1,3
1489,118,1,3
1489,119,1,3
1489,120,1,3
1489,121,1,3
1489,122,1,3
1489,123,1,3
1489,124,1,3
1489,125,1,3
1489,126,1,3
1489,127,1,3
1489,128,1,3
1489,129,1,3
1489,130,1,3
1489,131,1,3
1489,132,1,3
1489,133,1,3
1489,134,1,3
1489,135,1,3
1489,136,1,3
1489,137,1,3
1489,138,1,3
1489,139,1,3
1489,140,1,3
1489,141,1,3
1489,142,1,3
1489,143,1,3
1489,144,1,3
1489,145,1,3
1489,146,1,3
1489,147,1,3
1489,148,1,3
1489,149,1,3
1489,150,1,3
1489,151,1,3
1489,152,1,3
1489,153,1,3
1489,154,1,3
1489,155,1,3
1489,156,1,3
1489,157,1,3
1489,158,1,3
1489,159,1,3
1489,160,1,3
1489,161,1,3
1489,162,1,3
1489,163,1,3
1489,164,1,3
1489,165,1,3
1489,166,1,3
1489,167,1,3
1489,168,1,3
1489,169,1,3
1489,170,1,3
1489,171,1,3
1489,172,1,3
1489,173,1,3
1489,174,1,3
1489,175,1,3
1489,176,1,3
1489,177,1,3
1489,178,1,3
1489,179,1,3
1489,180,1,3
1489,181,1,3
1489,182,1,3
1489,183,1,3
1489,184,1,3
1489,185,1,3
1489,186,1,3
1489,187,1,3
1489,188,1,3
1489,189,1,3
1489,190,1,3
1489,191,1,3
1489,192,1,3
1489,193,1,3
1489,194,1,3
1489,195,1,3
1489,196,1,3
1489,197,1,3
1489,198,1,3
1489,199,1,3
1489,200,1,3
1489,201,1,3
1489,202,1,3
1489,203,1,3
1489,204,1,3
1489,205,1,3
1489,206,1,3
1489,207,1,3
1489,208,1,3
1489,209,1,3
1489,210,1,3
1489,211,1,3
1489,212,1,3
1489,213,1,3
1489,214,1,3
1489,215,1,3
1489,216,1,3
1489,217,1,3
1489,218,1,3
1489,219,1,3
1489,220,1,3
1489,221,1,3
1489,222,1,3
1489,223,1,3
1489,224,1,3
1489,225,1,3
1489,226,1,3
1489,227,1,3
1489,228,1,3
1489,229,1,3
1489,230,1,3
1489,231,1,3
1489,232,1,3
1489,233,1,3
1489,234,1,3
1489,235,1,3
1489,236,1,3
1489,237,1,3
1489,238,1,3
1489,239,1,3
1489,240,1,3
1489,241,1,3
1489,242,1,3
1489,243,1,3
1489,244,1,3
1489,245,1,3
1489,246,1,3
1489,247,1,3
1489,248,1,3
1489,249,1,3
1489,250,1,3
1489,251,1,3
1489,252,1,3
1489,253,1,3
1489,254,1,3
1489,255,1,3
1489,256,1,3
1489,257,1,3
1489,258,1,3
1489,259,1,3
1489,260,1,3
1489,261,1,3
1489,262,1,3
1489,263,1,3
1489,264,1,3
1489,265,1,3
1489,266,1,3
1489,267,1,3
1489,268,1,3
1489,269,1,3
1489,270,1,3
1489,271,1,3
1489,272,1,3
1489,273,1,3
1489,274,1,3
1489,275,1,3
1489,276,1,3
1489,277,1,3
1489,278,1,3
1489,279,1,3
1489,280,1,3
1489,281,1,3
1489,282,1,3
1489,283,1,3
1489,284,1,3
1489,285,1,3
1489,286,1,3
1489,287,1,3
1489,288,1,3
1489,289,1,3
1489,290,1,3
1489,291,1,3
1489,292,1,3
1489,293,1,3
1489,294,1,3
1489,295,1,3
1489,296,1,3
1489,297,1,3
1489,298,1,3
1489,299,1,3
1489,300,1,3
1489,301,1,3
1489,302,1,3
1489,303,1,3
1489,304,1,3
1489,305,1,3
1489,306,1,3
1489,307,1,3
1489,308,1,3
1489,309,1,3
1489,310,1,3
1489,311,1,3
1489,312,1,3
1489,313,1,3
1489,314,1,3
1489,315,1,3
1489,316,1,3
1489,317,1,3
1489,318,1,3
1489,319,1,3
1489,320,1,3
1489,321,1,3
1489,322,1,3
1489,323,1,3
1489,324,1,3
1489,325,1,3
1489,326,1,3
1489,327,1,3
1489,328,1,3
1489,329,1,3
1489,330,1,3
1489,331,1,3
1489,332,1,3
1489,333,1,3
1489,334,1,3
1489,335,1,3
1489,336,1,3
1489,337,1,3
1489,338,1,3
1489,339,1,3
1489,340,1,3
1489,341,1,3
1489,342,1,3
1489,343,1,3
1489,344,1,3
1489,345,1,3
1489,346,1,3
1489,347,1,3
1489,348,1,3
1489,349,1,3
1489,350,1,3
1489,351,1,3
1489,352,1,3
1489,353,1,3
1489,354,1,3
1489,355,1,3
1489,356,1,3
1489,357,1,3
1489,358,1,3
1489,359,1,3
1489,360,1,3
1489,361,1,3
1489,362,1,3
1489,363,1,3
1489,364,1,3
1489,365,1,3
1489,366,1,3
1489,367,1,3
1489,368,1,3
1489,369,1,3
1489,370,1,3
1489,371,1,3
1489,372,1,3
1489,373,1,3
1489,374,1,3
1489,375,1,3
1489,376,1,3
1489,377,1,3
1489,378,1,3
1489,379,1,2
1489,380,1,2
1489,381,1,2
1489,382,1,2
1489,383,1,2
1489,384,1,2
1489,385,1,2
1489,386,1,2
1489,387,1,2
1489,388,1,2
1489,389,1,2
1489,390,1,2
1489,391,1,2
1489,392,1,2
1489,393,1,2
1489,394,1,2
1489,395,1,2
1489,396,1,2
1489,397,1,2
1489,398,1,2
1489,399,1,2
1489,400,1,2
1489,401,1,2
1489,402,1,2
1489,403,1,2
1489,404,1,2
1489,405,1,2
1489,406,1,2
1489,407,1,2
1489,408,1,2
1489,409,1,2
1489,410,1,2
1489,411,1,2
1489,412,1,2
1489,413,1,2
1489,414,1,2
1489,415,1,2
1489,416,1,2
1489,417,1,2
1489,418,1,2
1489,419,1,2
1489,420,1,2
1489,421,1,2
1489,422,1,2
1489,423,1,2
1489,424,1,2
1489,425,1,2
1489,426,1,2
1489,427,1,2
1489,428,1,2
1489,429,1,2
1489,430,1,2
1489,431,1,2
1489,432,1,2
1489,433,1,2
1489,434,1,2
1489,435,1,2
1489,436,1,2
1489,437,1,2
1489,438,1,2
1489,439,1,2
1489,440,1,2
1489,441,1,2
1489,442,1,2
1489,443,1,2
1489,444,1,2
1489,445,1,2
1489,446,1,2
1489,447,1,2
1489,448,1,3
1489,449,1,3
1489,450,1,3
1489,451,1,3
1489,452,1,3
1489,453,1,3
1489,454,1,3
1489,455,1,3
1489,456,1,3
1489,457,1,3
1489,458,1,3
1489,459,1,3
1489,460,1,3
1489,461,1,3
1489,462,1,3
1489,463,1,3
1489,464,1,3
1489,465,1,3
1490,104,1,3
1490,106,1,3
1490,107,1,3
1490,108,1,3
1490,109,1,3
1490,110,1,2
1490,111,1,2
1490,112,1,2
1490,113,1,3
1490,114,1,3
1490,115,1,3
1490,116,1,3
1490,117,1,3
1490,118,1,3
1490,119,1,3
1490,120,1,3
1490,121,1,3
1490,122,1,3
1490,123,1,3
1490,124,1,3
1490,125,1,3
1490,126,1,3
1490,127,1,3
1490,128,1,3
1490,129,1,3
1490,130,1,3
1490,131,1,3
1490,132,1,3
1490,133,1,3
1490,134,1,3
1490,135,1,3
1490,136,1,3
1490,137,1,3
1490,138,1,3
1490,139,1,3
1490,140,1,3
1490,141,1,3
1490,142,1,3
1490,143,1,3
1490,144,1,3
1490,145,1,3
1490,146,1,3
1490,147,1,3
1490,148,1,3
1490,149,1,3
1490,150,1,3
1490,151,1,3
1490,152,1,3
1490,153,1,3
1490,154,1,3
1490,155,1,3
1490,156,1,3
1490,157,1,3
1490,158,1,3
1490,159,1,3
1490,160,1,3
1490,161,1,3
1490,162,1,3
1490,163,1,3
1490,164,1,3
1490,165,1,3
1490,166,1,3
1490,167,1,3
1490,168,1,3
1490,169,1,3
1490,170,1,3
1490,171,1,3
1490,172,1,3
1490,173,1,3
1490,174,1,3
1490,175,1,3
1490,176,1,3
1490,177,1,3
1490,178,1,3
1490,179,1,3
1490,180,1,3
1490,181,1,3
1490,182,1,3
1490,183,1,3
1490,184,1,3
1490,185,1,3
1490,186,1,3
1490,187,1,3
1490,188,1,3
1490,189,1,3
1490,190,1,3
1490,191,1,3
1490,192,1,3
1490,193,1,3
1490,194,1,3
1490,195,1,3
1490,196,1,3
1490,197,1,3
1490,198,1,3
1490,199,1,3
1490,200,1,3
1490,201,1,3
1490,202,1,3
1490,203,1,3
1490,204,1,3
1490,205,1,3
1490,206,1,3
1490,207,1,3
1490,208,1,3
1490,209,1,3
1490,210,1,3
1490,211,1,3
1490,212,1,3
1490,213,1,3
1490,214,1,3
1490,215,1,3
1490,216,1,3
1490,217,1,3
1490,218,1,3
1490,219,1,3
1490,220,1,3
1490,221,1,3
1490,222,1,3
1490,223,1,3
1490,224,1,3
1490,225,1,3
1490,226,1,3
1490,227,1,3
1490,228,1,3
1490,229,1,3
1490,230,1,3
1490,231,1,3
1490,232,1,3
1490,233,1,3
1490,234,1,3
1490,235,1,3
1490,236,1,3
1490,237,1,3
1490,238,1,3
1490,239,1,3
1490,240,1,3
1490,241,1,3
1490,242,1,3
1490,243,1,3
1490,244,1,3
1490,245,1,3
1490,246,1,3
1490,247,1,3
1490,248,1,3
1490,249,1,3
1490,250,1,3
1490,251,1,3
1490,252,1,3
1490,253,1,3
1490,254,1,3
1490,255,1,3
1490,256,1,3
1490,257,1,3
1490,258,1,3
1490,259,1,3
1490,260,1,3
1490,261,1,3
1490,262,1,3
1490,263,1,3
1490,264,1,3
1490,265,1,3
1490,266,1,3
1490,267,1,3
1490,268,1,3
1490,269,1,3
1490,270,1,3
1490,271,1,3
1490,272,1,3
1490,273,1,3
1490,274,1,3
1490,275,1,3
1490,276,1,3
1490,277,1,3
1490,278,1,3
1490,279,1,3
1490,280,1,3
1490,281,1,3
1490,282,1,3
1490,283,1,3
1490,284,1,3
1490,285,1,3
1490,286,1,3
1490,287,1,3
1490,288,1,3
1490,289,1,3
1490,290,1,3
1490,291,1,3
1490,292,1,3
1490,293,1,3
1490,294,1,3
1490,295,1,3
1490,296,1,3
1490,297,1,3
1490,298,1,3
1490,299,1,3
1490,300,1,3
1490,301,1,3
1490,302,1,3
1490,303,1,3
1490,304,1,3
1490,305,1,3
1490,306,1,3
1490,307,1,3
1490,308,1,3
1490,309,1,3
1490,310,1,3
1490,311,1,3
1490,312,1,3
1490,313,1,3
1490,314,1,3
1490,315,1,3
1490,316,1,3
1490,317,1,3
1490,318,1,3
1490,319,1,3
1490,320,1,3
1490,321,1,3
1490,322,1,3
1490,323,1,3
1490,324,1,3
1490,325,1,3
1490,326,1,3
1490,327,1,3
1490,328,1,3
1490,329,1,3
1490,330,1,3
1490,331,1,3
1490,332,1,3
1490,333,1,3
1490,334,1,3
1490,335,1,3
1490,336,1,3
1490,337,1,3
1490,338,1,3
1490,339,1,3
1490,340,1,3
1490,341,1,3
1490,342,1,3
1490,343,1,3
1490,344,1,3
1490,345,1,3
1490,346,1,3
1490,347,1,3
1490,348,1,3
1490,349,1,3
1490,350,1,3
1490,351,1,3
1490,352,1,3
1490,353,1,3
1490,354,1,3
1490,355,1,3
1490,356,1,3
1490,357,1,3
1490,358,1,3
1490,359,1,3
1490,360,1,3
1490,361,1,3
1490,362,1,3
1490,363,1,3
1490,364,1,3
1490,365,1,3
1490,366,1,3
1490,367,1,3
1490,368,1,3
1490,369,1,3
1490,370,1,3
1490,371,1,3
1490,372,1,3
1490,373,1,3
1490,374,1,3
1490,375,1,3
1490,376,1,3
1490,377,1,3
1490,378,1,3
1490,379,1,2
1490,380,1,2
1490,381,1,2
1490,382,1,2
1490,383,1,2
1490,384,1,2
1490,385,1,2
1490,386,1,2
1490,387,1,2
1490,388,1,2
1490,389,1,2
1490,390,1,2
1490,391,1,2
1490,392,1,2
1490,393,1,2
1490,394,1,2
1490,395,1,2
1490,396,1,2
1490,397,1,2
1490,398,1,2
1490,399,1,2
1490,400,1,2
1490,401,1,2
1490,402,1,2
1490,403,1,2
1490,404,1,2
1490,405,1,2
1490,406,1,2
1490,407,1,2
1490,408,1,2
1490,409,1,2
1490,410,1,2
1490,411,1,2
1490,412,1,2
1490,413,1,2
1490,414,1,2
1490,415,1,2
1490,416,1,2
1490,417,1,2
1490,418,1,2
1490,419,1,2
1490,420,1,2
1490,421,1,2
1490,422,1,2
1490,423,1,2
1490,424,1,2
1490,425,1,2
1490,426,1,2
1490,427,1,2
1490,428,1,2
1490,429,1,2
1490,430,1,2
1490,431,1,2
1490,432,1,2
1490,433,1,2
1490,434,1,2
1490,435,1,2
1490,436,1,2
1490,437,1,2
1490,438,1,2
1490,439,1,2
1490,440,1,2
1490,441,1,2
1490,442,1,2
1490,443,1,2
1490,444,1,2
1490,445,1,2
1490,446,1,2
1490,447,1,2
1490,448,1,3
1490,449,1,3
1490,450,1,3
1490,451,1,3
1490,452,1,3
1490,453,1,3
1490,454,1,3
1490,455,1,3
1490,456,1,3
1490,457,1,3
1490,458,1,3
1490,459,1,3
1490,460,1,3
1490,461,1,3
1490,462,1,3
1490,463,1,3
1490,464,1,3
1490,465,1,3
1491,104,1,3
1491,105,1,3
1491,106,1,3
1491,107,1,3
1491,108,1,3
1491,109,1,3
1491,110,1,3
1491,111,1,3
1491,112,1,2
1491,113,1,3
1491,114,1,3
1491,115,1,3
1491,116,1,3
1491,117,1,3
1491,118,1,3
1491,119,1,3
1491,120,1,3
1491,121,1,3
1491,122,1,3
1491,123,1,3
1491,124,1,3
1491,125,1,3
1491,126,1,3
1491,127,1,3
1491,128,1,3
1491,129,1,3
1491,130,1,3
1491,131,1,3
1491,132,1,3
1491,133,1,3
1491,134,1,3
1491,135,1,3
1491,136,1,3
1491,137,1,3
1491,138,1,3
1491,139,1,3
1491,140,1,3
1491,141,1,3
1491,142,1,3
1491,143,1,3
1491,144,1,3
1491,145,1,3
1491,146,1,3
1491,147,1,3
1491,148,1,3
1491,149,1,3
1491,150,1,3
1491,151,1,3
1491,152,1,3
1491,153,1,3
1491,154,1,3
1491,155,1,3
1491,156,1,3
1491,157,1,3
1491,158,1,3
1491,159,1,3
1491,160,1,3
1491,161,1,3
1491,162,1,3
1491,163,1,3
1491,164,1,3
1491,165,1,3
1491,166,1,3
1491,167,1,3
1491,168,1,3
1491,169,1,3
1491,170,1,3
1491,171,1,3
1491,172,1,3
1491,173,1,3
1491,174,1,3
1491,175,1,3
1491,176,1,3
1491,177,1,3
1491,178,1,3
1491,179,1,3
1491,180,1,3
1491,181,1,3
1491,182,1,3
1491,183,1,3
1491,184,1,3
1491,185,1,3
1491,186,1,3
1491,187,1,3
1491,188,1,3
1491,189,1,3
1491,190,1,3
1491,191,1,3
1491,192,1,3
1491,193,1,3
1491,194,1,3
1491,195,1,3
1491,196,1,3
1491,197,1,3
1491,198,1,3
1491,199,1,3
1491,200,1,3
1491,201,1,3
1491,202,1,3
1491,203,1,3
1491,204,1,3
1491,205,1,3
1491,206,1,3
1491,207,1,3
1491,208,1,3
1491,209,1,3
1491,210,1,3
1491,211,1,3
1491,212,1,3
1491,213,1,3
1491,214,1,3
1491,215,1,3
1491,216,1,3
1491,217,1,3
1491,218,1,3
1491,219,1,3
1491,220,1,3
1491,221,1,3
1491,222,1,3
1491,223,1,3
1491,224,1,3
1491,225,1,3
1491,226,1,3
1491,227,1,3
1491,228,1,3
1491,229,1,3
1491,230,1,3
1491,231,1,3
1491,232,1,3
1491,233,1,3
1491,234,1,3
1491,235,1,3
1491,236,1,3
1491,237,1,3
1491,238,1,3
1491,239,1,3
1491,240,1,3
1491,241,1,3
1491,242,1,3
1491,243,1,3
1491,244,1,3
1491,245,1,3
1491,246,1,3
1491,247,1,3
1491,248,1,3
1491,249,1,3
1491,250,1,3
1491,251,1,3
1491,252,1,3
1491,253,1,3
1491,254,1,3
1491,255,1,3
1491,256,1,3
1491,257,1,3
1491,258,1,3
1491,259,1,3
1491,260,1,3
1491,261,1,3
1491,262,1,3
1491,263,1,3
1491,264,1,3
1491,265,1,3
1491,266,1,3
1491,267,1,3
1491,268,1,3
1491,269,1,3
1491,270,1,3
1491,271,1,3
1491,272,1,3
1491,273,1,3
1491,274,1,3
1491,275,1,3
1491,276,1,3
1491,277,1,3
1491,278,1,3
1491,279,1,3
1491,280,1,3
1491,281,1,3
1491,282,1,3
1491,283,1,3
1491,284,1,3
1491,285,1,3
1491,286,1,3
1491,287,1,3
1491,288,1,3
1491,289,1,3
1491,290,1,3
1491,291,1,3
1491,292,1,3
1491,293,1,3
1491,294,1,3
1491,295,1,3
1491,296,1,3
1491,297,1,3
1491,298,1,3
1491,299,1,3
1491,300,1,3
1491,301,1,3
1491,302,1,3
1491,303,1,3
1491,304,1,3
1491,305,1,3
1491,306,1,3
1491,307,1,3
1491,308,1,3
1491,309,1,3
1491,310,1,3
1491,311,1,3
1491,312,1,3
1491,313,1,3
1491,314,1,3
1491,315,1,3
1491,316,1,3
1491,317,1,3
1491,318,1,3
1491,319,1,3
1491,320,1,3
1491,321,1,3
1491,322,1,3
1491,323,1,3
1491,324,1,3
1491,325,1,3
1491,326,1,3
1491,327,1,3
1491,328,1,3
1491,329,1,3
1491,330,1,3
1491,331,1,3
1491,332,1,3
1491,333,1,3
1491,334,1,3
1491,335,1,3
1491,336,1,3
1491,337,1,3
1491,338,1,3
1491,339,1,3
1491,340,1,3
1491,341,1,3
1491,342,1,3
1491,343,1,3
1491,344,1,3
1491,345,1,3
1491,346,1,3
1491,347,1,3
1491,348,1,3
1491,349,1,3
1491,350,1,3
1491,351,1,3
1491,352,1,3
1491,353,1,3
1491,354,1,3
1491,355,1,3
1491,356,1,3
1491,357,1,3
1491,358,1,3
1491,359,1,3
1491,360,1,3
1491,361,1,3
1491,362,1,3
1491,363,1,3
1491,364,1,3
1491,365,1,3
1491,366,1,3
1491,367,1,3
1491,368,1,3
1491,369,1,3
1491,370,1,3
1491,371,1,3
1491,372,1,3
1491,373,1,3
1491,374,1,3
1491,375,1,3
1491,376,1,3
1491,377,1,3
1491,378,1,3
1491,379,1,2
1491,380,1,2
1491,381,1,2
1491,382,1,2
1491,383,1,2
1491,384,1,2
1491,385,1,2
1491,386,1,2
1491,387,1,2
1491,388,1,2
1491,389,1,2
1491,390,1,2
1491,391,1,2
1491,392,1,2
1491,393,1,2
1491,394,1,2
1491,395,1,2
1491,396,1,2
1491,397,1,2
1491,398,1,2
1491,399,1,2
1491,400,1,2
1491,401,1,2
1491,402,1,2
1491,403,1,2
1491,404,1,2
1491,405,1,2
1491,406,1,2
1491,407,1,2
1491,408,1,2
1491,409,1,2
1491,410,1,2
1491,411,1,2
1491,412,1,2
1491,413,1,2
1491,414,1,2
1491,415,1,2
1491,416,1,2
1491,417,1,2
1491,418,1,2
1491,419,1,2
1491,420,1,2
1491,421,1,2
1491,422,1,2
1491,423,1,2
1491,424,1,2
1491,425,1,2
1491,426,1,2
1491,427,1,2
1491,428,1,2
1491,429,1,2
1491,430,1,2
1491,431,1,2
1491,432,1,2
1491,433,1,2
1491,434,1,2
1491,435,1,2
1491,436,1,2
1491,437,1,2
1491,438,1,2
1491,439,1,2
1491,440,1,2
1491,441,1,2
1491,442,1,2
1491,443,1,2
1491,444,1,2
1491,445,1,2
1491,446,1,2
1491,447,1,2
1491,448,1,3
1491,449,1,3
1491,450,1,3
1491,451,1,3
1491,452,1,3
1491,453,1,3
1491,454,1,3
1491,455,1,3
1491,456,1,3
1491,457,1,3
1491,458,1,3
1491,459,1,3
1491,460,1,3
1491,461,1,3
1491,462,1,3
1491,463,1,3
1491,464,1,3
1491,465,1,3
1491,466,1,3
1492,104,1,3
1492,105,1,3
1492,106,1,3
1492,107,1,3
1492,108,1,3
1492,109,1,3
1492,110,1,3
1492,111,1,3
1492,112,1,3
1492,113,1,3
1492,114,1,3
1492,115,1,3
1492,116,1,3
1492,117,1,3
1492,118,1,3
1492,119,1,3
1492,120,1,3
1492,121,1,3
1492,122,1,3
1492,123,1,3
1492,124,1,3
1492,125,1,3
1492,126,1,3
1492,127,1,3
1492,128,1,3
1492,129,1,3
1492,130,1,3
1492,131,1,3
1492,132,1,3
1492,133,1,3
1492,134,1,3
1492,135,1,3
1492,136,1,3
1492,137,1,3
1492,138,1,3
1492,139,1,3
1492,140,1,3
1492,141,1,3
1492,142,1,3
1492,143,1,3
1492,144,1,3
1492,145,1,3
1492,146,1,3
1492,147,1,3
1492,148,1,3
1492,149,1,3
1492,150,1,3
1492,151,1,3
1492,152,1,3
1492,153,1,3
1492,154,1,3
1492,155,1,3
1492,156,1,3
1492,157,1,3
1492,158,1,3
1492,159,1,3
1492,160,1,3
1492,161,1,3
1492,162,1,3
1492,163,1,3
1492,164,1,3
1492,165,1,3
1492,166,1,3
1492,167,1,3
1492,168,1,3
1492,169,1,3
1492,170,1,3
1492,171,1,3
1492,172,1,3
1492,173,1,3
1492,174,1,3
1492,175,1,3
1492,176,1,3
1492,177,1,3
1492,178,1,3
1492,179,1,3
1492,180,1,3
1492,181,1,3
1492,182,1,3
1492,183,1,3
1492,184,1,3
1492,185,1,3
1492,186,1,3
1492,187,1,3
1492,188,1,3
1492,189,1,3
1492,190,1,3
1492,191,1,3
1492,192,1,3
1492,193,1,3
1492,194,1,3
1492,195,1,3
1492,196,1,3
1492,197,1,3
1492,198,1,3
1492,199,1,3
1492,200,1,3
1492,201,1,3
1492,202,1,3
1492,203,1,3
1492,204,1,3
1492,205,1,3
1492,206,1,3
1492,207,1,3
1492,208,1,3
1492,209,1,3
1492,210,1,3
1492,211,1,3
1492,212,1,3
1492,213,1,3
1492,214,1,3
1492,215,1,3
1492,216,1,3
1492,217,1,3
1492,218,1,3
1492,219,1,3
1492,220,1,3
1492,221,1,3
1492,222,1,3
1492,223,1,3
1492,224,1,3
1492,225,1,3
1492,226,1,3
1492,227,1,3
1492,228,1,3
1492,229,1,3
1492,230,1,3
1492,231,1,3
1492,232,1,3
1492,233,1,3
1492,234,1,3
1492,235,1,3
1492,236,1,3
1492,237,1,3
1492,238,1,3
1492,239,1,3
1492,240,1,3
1492,241,1,3
1492,242,1,3
1492,243,1,3
1492,244,1,3
1492,245,1,3
1492,246,1,3
1492,247,1,3
1492,248,1,3
1492,249,1,3
1492,250,1,3
1492,251,1,3
1492,252,1,3
1492,253,1,3
1492,254,1,3
1492,255,1,3
1492,256,1,3
1492,257,1,3
1492,258,1,3
1492,259,1,3
1492,260,1,3
1492,261,1,3
1492,262,1,3
1492,263,1,3
1492,264,1,3
1492,265,1,3
1492,266,1,3
1492,267,1,3
1492,268,1,3
1492,269,1,3
1492,270,1,3
1492,271,1,3
1492,272,1,3
1492,273,1,3
1492,274,1,3
1492,275,1,3
1492,276,1,3
1492,277,1,3
1492,278,1,3
1492,279,1,3
1492,280,1,3
1492,281,1,3
1492,282,1,3
1492,283,1,3
1492,284,1,3
1492,285,1,3
1492,286,1,3
1492,287,1,3
1492,288,1,3
1492,289,1,3
1492,290,1,3
1492,291,1,3
1492,292,1,3
1492,293,1,3
1492,294,1,3
1492,295,1,3
1492,296,1,3
1492,297,1,3
1492,298,1,3
1492,299,1,3
1492,300,1,3
1492,301,1,3
1492,302,1,3
1492,303,1,3
1492,304,1,3
1492,305,1,3
1492,306,1,3
1492,307,1,3
1492,308,1,3
1492,309,1,3
1492,310,1,3
1492,311,1,3
1492,312,1,3
1492,313,1,3
1492,314,1,3
1492,315,1,3
1492,316,1,3
1492,317,1,3
1492,318,1,3
1492,319,1,3
1492,320,1,3
1492,321,1,3
1492,322,1,3
1492,323,1,3
1492,324,1,3
1492,325,1,3
1492,326,1,3
1492,327,1,3
1492,328,1,3
1492,329,1,3
1492,330,1,3
1492,331,1,3
1492,332,1,3
1492,333,1,3
1492,334,1,3
1492,335,1,3
1492,336,1,3
1492,337,1,3
1492,338,1,3
1492,339,1,3
1492,340,1,3
1492,341,1,3
1492,342,1,3
1492,343,1,3
1492,344,1,3
1492,345,1,3
1492,346,1,3
1492,347,1,3
1492,348,1,3
1492,349,1,3
1492,350,1,3
1492,351,1,3
1492,352,1,3
1492,353,1,3
1492,354,1,3
1492,355,1,3
1492,356,1,3
1492,357,1,3
1492,358,1,3
1492,359,1,3
1492,360,1,3
1492,361,1,3
1492,362,1,3
1492,363,1,3
1492,364,1,3
1492,365,1,3
1492,366,1,3
1492,367,1,3
1492,368,1,3
1492,369,1,3
1492,370,1,3
1492,371,1,3
1492,372,1,3
1492,373,1,3
1492,374,1,3
1492,375,1,3
1492,376,1,3
1492,377,1,3
1492,378,1,2
1492,379,1,2
1492,380,1,2
1492,381,1,2
1492,382,1,2
1492,383,1,2
1492,384,1,2
1492,385,1,2
1492,386,1,2
1492,387,1,2
1492,388,1,2
1492,389,1,2
1492,390,1,2
1492,391,1,2
1492,392,1,2
1492,393,1,2
1492,394,1,2
1492,395,1,2
1492,396,1,2
1492,397,1,2
1492,398,1,2
1492,399,1,2
1492,400,1,2
1492,401,1,2
1492,402,1,2
1492,403,1,2
1492,404,1,2
1492,405,1,2
1492,406,1,2
1492,407,1,2
1492,408,1,2
1492,409,1,2
1492,410,1,2
1492,411,1,2
1492,412,1,2
1492,413,1,2
1492,414,1,2
1492,415,1,2
1492,416,1,2
1492,417,1,2
1492,418,1,2
1492,419,1,2
1492,420,1,2
1492,421,1,2
1492,422,1,2
1492,423,1,2
1492,424,1,2
1492,425,1,2
1492,426,1,2
1492,427,1,2
1492,428,1,2
1492,429,1,2
1492,430,1,2
1492,431,1,2
1492,432,1,2
1492,433,1,2
1492,434,1,2
1492,435,1,2
1492,436,1,2
1492,437,1,2
1492,438,1,2
1492,439,1,2
1492,440,1,2
1492,441,1,2
1492,442,1,2
1492,443,1,2
1492,444,1,2
1492,445,1,2
1492,446,1,2
1492,447,1,2
1492,448,1,3
1492,449,1,3
1492,450,1,3
1492,451,1,3
1492,452,1,3
1492,453,1,3
1492,454,1,3
1492,455,1,3
1492,456,1,3
1492,457,1,3
1492,458,1,3
1492,459,1,3
1492,460,1,3
1492,461,1,3
1492,462,1,3
1492,463,1,3
1492,464,1,3
1492,465,1,3
1492,466,1,3
1493,104,1,3
1493,105,1,3
1493,106,1,3
1493,107,1,3
1493,108,1,3
1493,109,1,3
1493,110,1,3
1493,111,1,3
1493,112,1,3
1493,113,1,3
1493,114,1,3
1493,115,1,3
1493,116,1,3
1493,117,1,3
1493,118,1,3
1493,119,1,3
1493,120,1,3
1493,121,1,3
1493,122,1,3
1493,123,1,3
1493,124,1,3
1493,125,1,3
1493,126,1,3
1493,127,1,3
1493,128,1,3
1493,129,1,3
1493,130,1,3
1493,131,1,3
1493,132,1,3
1493,133,1,3
1493,134,1,3
1493,135,1,3
1493,136,1,3
1493,137,1,3
1493,138,1,3
1493,139,1,3
1493,140,1,3
1493,141,1,3
1493,142,1,3
1493,143,1,3
1493,144,1,3
1493,145,1,3
1493,146,1,3
1493,147,1,3
1493,148,1,3
1493,149,1,3
1493,150,1,3
1493,151,1,3
1493,152,1,3
1493,153,1,3
1493,154,1,3
1493,155,1,3
1493,156,1,3
1493,157,1,3
1493,158,1,3
1493,159,1,3
1493,160,1,3
1493,161,1,3
1493,162,1,3
1493,163,1,3
1493,164,1,3
1493,165,1,3
1493,166,1,3
1493,167,1,3
1493,168,1,3
1493,169,1,3
1493,170,1,3
1493,171,1,3
1493,172,1,3
1493,173,1,3
1493,174,1,3
1493,175,1,3
1493,176,1,3
1493,177,1,3
1493,178,1,3
1493,179,1,3
1493,180,1,3
1493,181,1,3
1493,182,1,3
1493,183,1,3
1493,184,1,3
1493,185,1,3
1493,186,1,3
1493,187,1,3
1493,188,1,3
1493,189,1,3
1493,190,1,3
1493,191,1,3
1493,192,1,3
1493,193,1,3
1493,194,1,3
1493,195,1,3
1493,196,1,3
1493,197,1,3
1493,198,1,3
1493,199,1,3
1493,200,1,3
1493,201,1,3
1493,202,1,3
1493,203,1,3
1493,204,1,3
1493,205,1,3
1493,206,1,3
1493,207,1,3
1493,208,1,3
1493,209,1,3
1493,210,1,3
1493,211,1,3
1493,212,1,3
1493,213,1,3
1493,214,1,3
1493,215,1,3
1493,216,1,3
1493,217,1,3
1493,218,1,3
1493,219,1,3
1493,220,1,3
1493,221,1,3
1493,222,1,3
1493,223,1,3
1493,224,1,3
1493,225,1,3
1493,226,1,3
1493,227,1,3
1493,228,1,3
1493,229,1,3
1493,230,1,3
1493,231,1,3
1493,232,1,3
1493,233,1,3
1493,234,1,3
1493,235,1,3
1493,236,1,3
1493,237,1,3
1493,238,1,3
1493,239,1,3
1493,240,1,3
1493,241,1,3
1493,242,1,3
1493,243,1,3
1493,244,1,3
1493,245,1,3
1493,246,1,3
1493,247,1,3
1493,248,1,3
1493,249,1,3
1493,250,1,3
1493,251,1,3
1493,252,1,3
1493,253,1,3
1493,254,1,3
1493,255,1,3
1493,256,1,3
1493,257,1,3
1493,258,1,3
1493,259,1,3
1493,260,1,3
1493,261,1,3
1493,262,1,3
1493,263,1,3
1493,264,1,3
1493,265,1,3
1493,266,1,3
1493,267,1,3
1493,268,1,3
1493,269,1,3
1493,270,1,3
1493,271,1,3
1493,272,1,3
1493,273,1,3
1493,274,1,3
1493,275,1,3
1493,276,1,3
1493,277,1,3
1493,278,1,3
1493,279,1,3
1493,280,1,3
1493,281,1,3
1493,282,1,3
1493,283,1,3
1493,284,1,3
1493,285,1,3
1493,286,1,3
1493,287,1,3
1493,288,1,3
1493,289,1,3
1493,290,1,3
1493,291,1,3
1493,292,1,3
1493,293,1,3
1493,294,1,3
1493,295,1,3
1493,296,1,3
1493,297,1,3
1493,298,1,3
1493,299,1,3
1493,300,1,3
1493,301,1,3
1493,302,1,3
1493,303,1,3
1493,304,1,3
1493,305,1,3
1493,306,1,3
1493,307,1,3
1493,308,1,3
1493,309,1,3
1493,310,1,3
1493,311,1,3
1493,312,1,3
1493,313,1,3
1493,314,1,3
1493,315,1,3
1493,316,1,3
1493,317,1,3
1493,318,1,3
1493,319,1,3
1493,320,1,3
1493,321,1,3
1493,322,1,3
1493,323,1,3
1493,324,1,3
1493,325,1,3
1493,326,1,3
1493,327,1,3
1493,328,1,3
1493,329,1,3
1493,330,1,3
1493,331,1,3
1493,332,1,3
1493,333,1,3
1493,334,1,3
1493,335,1,3
1493,336,1,3
1493,337,1,3
1493,338,1,3
1493,339,1,3
1493,340,1,3
1493,341,1,3
1493,342,1,3
1493,343,1,3
1493,344,1,3
1493,345,1,3
1493,346,1,3
1493,347,1,3
1493,348,1,3
1493,349,1,3
1493,350,1,3
1493,351,1,3
1493,352,1,3
1493,353,1,3
1493,354,1,3
1493,355,1,3
1493,356,1,3
1493,357,1,3
1493,358,1,3
1493,359,1,3
1493,360,1,3
1493,361,1,3
1493,362,1,3
1493,363,1,3
1493,364,1,3
1493,365,1,3
1493,366,1,3
1493,367,1,3
1493,368,1,3
1493,369,1,3
1493,370,1,3
1493,371,1,3
1493,372,1,3
1493,373,1,3
1493,374,1,3
1493,375,1,3
1493,376,1,3
1493,377,1,2
1493,378,1,2
1493,379,1,2
1493,380,1,2
1493,381,1,2
1493,382,1,2
1493,383,1,2
1493,384,1,2
1493,385,1,2
1493,386,1,2
1493,387,1,2
1493,388,1,2
1493,389,1,2
1493,390,1,2
1493,391,1,2
1493,392,1,2
1493,393,1,2
1493,394,1,2
1493,395,1,2
1493,396,1,2
1493,397,1,2
1493,398,1,2
1493,399,1,2
1493,400,1,2
1493,401,1,2
1493,402,1,2
1493,403,1,2
1493,404,1,2
1493,405,1,2
1493,406,1,2
1493,407,1,2
1493,408,1,2
1493,409,1,2
1493,410,1,2
1493,411,1,2
1493,412,1,2
1493,413,1,2
1493,414,1,2
1493,415,1,2
1493,416,1,2
1493,417,1,2
1493,418,1,2
1493,419,1,2
1493,420,1,2
1493,421,1,2
1493,422,1,2
1493,423,1,2
1493,424,1,2
1493,425,1,2
1493,426,1,2
1493,427,1,2
1493,428,1,2
1493,429,1,2
1493,430,1,2
1493,431,1,2
1493,432,1,2
1493,433,1,2
1493,434,1,2
1493,435,1,2
1493,436,1,2
1493,437,1,2
1493,438,1,2
1493,439,1,2
1493,440,1,2
1493,441,1,2
1493,442,1,2
1493,443,1,2
1493,444,1,2
1493,445,1,2
1493,446,1,2
1493,447,1,2
1493,448,1,2
1493,449,1,3
1493,450,1,3
1493,451,1,3
1493,452,1,3
1493,453,1,3
1493,454,1,3
1493,455,1,3
1493,456,1,3
1493,457,1,3
1493,458,1,3
1493,459,1,3
1493,460,1,3
1493,461,1,3
1493,462,1,3
1493,463,1,3
1493,464,1,3
1493,465,1,3
1493,466,1,3
1494,104,1,3
1494,105,1,3
1494,106,1,3
1494,107,1,3
1494,108,1,3
1494,109,1,3
1494,110,1,3
1494,111,1,3
1494,112,1,3
1494,113,1,3
1494,114,1,3
1494,115,1,3
1494,116,1,3
1494,117,1,3
1494,118,1,3
1494,119,1,3
1494,120,1,3
1494,121,1,3
1494,122,1,3
1494,123,1,3
1494,124,1,3
1494,125,1,3
1494,126,1,3
1494,127,1,3
1494,128,1,3
1494,129,1,3
1494,130,1,3
1494,131,1,3
1494,132,1,3
1494,133,1,3
1494,134,1,3
1494,135,1,3
1494,136,1,3
1494,137,1,3
1494,138,1,3
1494,139,1,3
1494,140,1,3
1494,141,1,3
1494,142,1,3
1494,143,1,3
1494,144,1,3
1494,145,1,3
1494,146,1,3
1494,147,1,3
1494,148,1,3
1494,149,1,3
1494,150,1,3
1494,151,1,3
1494,152,1,3
1494,153,1,3
1494,154,1,3
1494,155,1,3
1494,156,1,3
1494,157,1,3
1494,158,1,3
1494,159,1,3
1494,160,1,3
1494,161,1,3
1494,162,1,3
1494,163,1,3
1494,164,1,3
1494,165,1,3
1494,166,1,3
1494,167,1,3
1494,168,1,3
1494,169,1,3
1494,170,1,3
1494,171,1,3
1494,172,1,3
1494,173,1,3
1494,174,1,3
1494,175,1,3
1494,176,1,3
1494,177,1,3
1494,178,1,3
1494,179,1,3
1494,180,1,3
1494,181,1,3
1494,182,1,3
1494,183,1,3
1494,184,1,3
1494,185,1,3
1494,186,1,3
1494,187,1,3
1494,188,1,3
1494,189,1,3
1494,190,1,3
1494,191,1,3
1494,192,1,3
1494,193,1,3
1494,194,1,3
1494,195,1,3
1494,196,1,3
1494,197,1,3
1494,198,1,3
1494,199,1,3
1494,200,1,3
1494,201,1,3
1494,202,1,3
1494,203,1,3
1494,204,1,3
1494,205,1,3
1494,206,1,3
1494,207,1,3
1494,208,1,3
1494,209,1,3
1494,210,1,3
1494,211,1,3
1494,212,1,3
1494,213,1,3
1494,214,1,3
1494,215,1,3
1494,216,1,3
1494,217,1,3
1494,218,1,3
1494,219,1,3
1494,220,1,3
1494,221,1,3
1494,222,1,3
1494,223,1,3
1494,224,1,3
1494,225,1,3
1494,226,1,3
1494,227,1,3
1494,228,1,3
1494,229,1,3
1494,230,1,3
1494,231,1,3
1494,232,1,3
1494,233,1,3
1494,234,1,3
1494,235,1,3
1494,236,1,3
1494,237,1,3
1494,238,1,3
1494,239,1,3
1494,240,1,3
1494,241,1,3
1494,242,1,3
1494,243,1,3
1494,244,1,3
1494,245,1,3
1494,246,1,3
1494,247,1,3
1494,248,1,3
1494,249,1,3
1494,250,1,3
1494,251,1,3
1494,252,1,3
1494,253,1,3
1494,254,1,3
1494,255,1,3
1494,256,1,3
1494,257,1,3
1494,258,1,3
1494,259,1,3
1494,260,1,3
1494,261,1,3
1494,262,1,3
1494,263,1,3
1494,264,1,3
1494,265,1,3
1494,266,1,3
1494,267,1,3
1494,268,1,3
1494,269,1,3
1494,270,1,3
1494,271,1,3
1494,272,1,3
1494,273,1,3
1494,274,1,3
1494,275,1,3
1494,276,1,3
1494,277,1,3
1494,278,1,3
1494,279,1,3
1494,280,1,3
1494,281,1,3
1494,282,1,3
1494,283,1,3
1494,284,1,3
1494,285,1,3
1494,286,1,3
1494,287,1,3
1494,288,1,3
1494,289,1,3
1494,290,1,3
1494,291,1,3
1494,292,1,3
1494,293,1,3
1494,294,1,3
1494,295,1,3
1494,296,1,3
1494,297,1,3
1494,298,1,3
1494,299,1,3
1494,300,1,3
1494,301,1,3
1494,302,1,3
1494,303,1,3
1494,304,1,3
1494,305,1,3
1494,306,1,3
1494,307,1,3
1494,308,1,3
1494,309,1,3
1494,310,1,3
1494,311,1,3
1494,312,1,3
1494,313,1,3
1494,314,1,3
1494,315,1,3
1494,316,1,3
1494,317,1,3
1494,318,1,3
1494,319,1,3
1494,320,1,3
1494,321,1,3
1494,322,1,3
1494,323,1,3
1494,324,1,3
1494,325,1,3
1494,326,1,3
1494,327,1,3
1494,328,1,3
1494,329,1,3
1494,330,1,3
1494,331,1,3
1494,332,1,3
1494,333,1,3
1494,334,1,3
1494,335,1,3
1494,336,1,3
1494,337,1,3
1494,338,1,3
1494,339,1,3
1494,340,1,3
1494,341,1,3
1494,342,1,3
1494,343,1,3
1494,344,1,3
1494,345,1,3
1494,346,1,3
1494,347,1,3
1494,348,1,3
1494,349,1,3
1494,350,1,3
1494,351,1,3
1494,352,1,3
1494,353,1,3
1494,354,1,3
1494,355,1,3
1494,356,1,3
1494,357,1,3
1494,358,1,3
1494,359,1,3
1494,360,1,3
1494,361,1,3
1494,362,1,3
1494,363,1,3
1494,364,1,3
1494,365,1,3
1494,366,1,3
1494,367,1,3
1494,368,1,3
1494,369,1,3
1494,370,1,3
1494,371,1,3
1494,372,1,3
1494,373,1,3
1494,374,1,3
1494,375,1,3
1494,376,1,3
1494,377,1,2
1494,378,1,2
1494,379,1,2
1494,380,1,2
1494,381,1,2
1494,382,1,2
1494,383,1,2
1494,384,1,2
1494,385,1,2
1494,386,1,2
1494,387,1,2
1494,388,1,2
1494,389,1,2
1494,390,1,2
1494,391,1,2
1494,392,1,2
1494,393,1,2
1494,394,1,2
1494,395,1,2
1494,396,1,2
1494,397,1,2
1494,398,1,2
1494,399,1,2
1494,400,1,2
1494,401,1,2
1494,402,1,2
1494,403,1,2
1494,404,1,2
1494,405,1,2
1494,406,1,2
1494,407,1,2
1494,408,1,2
1494,409,1,2
1494,410,1,2
1494,411,1,2
1494,412,1,2
1494,413,1,2
1494,414,1,2
1494,415,1,2
1494,416,1,2
1494,417,1,2
1494,418,1,2
1494,419,1,2
1494,420,1,2
1494,421,1,2
1494,422,1,2
1494,423,1,2
1494,424,1,2
1494,425,1,2
1494,426,1,2
1494,427,1,2
1494,428,1,2
1494,429,1,2
1494,430,1,2
1494,431,1,2
1494,432,1,2
1494,433,1,2
1494,434,1,2
1494,435,1,2
1494,436,1,2
1494,437,1,2
1494,438,1,2
1494,439,1,2
1494,440,1,2
1494,441,1,2
1494,442,1,2
1494,443,1,2
1494,444,1,2
1494,445,1,2
1494,446,1,2
1494,447,1,2
1494,448,1,2
1494,449,1,3
1494,450,1,3
1494,451,1,3
1494,452,1,3
1494,453,1,3
1494,454,1,3
1494,455,1,3
1494,456,1,3
1494,457,1,3
1494,458,1,3
1494,459,1,3
1494,460,1,3
1494,461,1,3
1494,462,1,3
1494,463,1,3
1494,464,1,3
1494,465,1,3
1495,104,1,3
1495,105,1,3
1495,106,1,3
1495,107,1,3
1495,108,1,3
1495,109,1,3
1495,110,1,3
1495,111,1,3
1495,112,1,3
1495,113,1,3
1495,114,1,3
1495,115,1,3
1495,116,1,3
1495,117,1,3
1495,118,1,3
1495,119,1,3
1495,120,1,3
1495,121,1,3
1495,122,1,3
1495,123,1,3
1495,124,1,3
1495,125,1,3
1495,126,1,3
1495,127,1,3
1495,128,1,3
1495,129,1,3
1495,130,1,3
1495,131,1,3
1495,132,1,3
1495,133,1,3
1495,134,1,3
1495,135,1,3
1495,136,1,3
1495,137,1,3
1495,138,1,3
1495,139,1,3
1495,140,1,3
1495,141,1,3
1495,142,1,3
1495,143,1,3
1495,144,1,3
1495,145,1,3
1495,146,1,3
1495,147,1,3
1495,148,1,3
1495,149,1,3
1495,150,1,3
1495,151,1,3
1495,152,1,3
1495,153,1,3
1495,154,1,3
1495,155,1,3
1495,156,1,3
1495,157,1,3
1495,158,1,3
1495,159,1,3
1495,160,1,3
1495,161,1,3
1495,162,1,3
1495,163,1,3
1495,164,1,3
1495,165,1,3
1495,166,1,3
1495,167,1,3
1495,168,1,3
1495,169,1,3
1495,170,1,3
1495,171,1,3
1495,172,1,3
1495,173,1,3
1495,174,1,3
1495,175,1,3
1495,176,1,3
1495,177,1,2
1495,178,1,2
1495,179,1,2
1495,180,1,2
1495,181,1,2
1495,182,1,2
1495,183,1,2
1495,184,1,2
1495,185,1,2
1495,186,1,2
1495,187,1,2
1495,188,1,3
1495,189,1,3
1495,190,1,3
1495,191,1,3
1495,192,1,3
1495,193,1,3
1495,194,1,3
1495,195,1,3
1495,196,1,3
1495,197,1,3
1495,198,1,3
1495,199,1,3
1495,200,1,3
1495,201,1,3
1495,202,1,3
1495,203,1,3
1495,204,1,3
1495,205,1,3
1495,206,1,3
1495,207,1,3
1495,208,1,3
1495,209,1,3
1495,210,1,3
1495,211,1,3
1495,212,1,3
1495,213,1,3
1495,214,1,3
1495,215,1,3
1495,216,1,3
1495,217,1,3
1495,218,1,3
1495,219,1,3
1495,220,1,3
1495,221,1,3
1495,222,1,3
1495,223,1,3
1495,224,1,3
1495,225,1,3
1495,226,1,3
1495,227,1,3
1495,228,1,3
1495,229,1,3
1495,230,1,3
1495,231,1,3
1495,232,1,3
1495,233,1,3
1495,234,1,3
1495,235,1,3
1495,236,1,3
1495,237,1,3
1495,238,1,3
1495,239,1,3
1495,240,1,3
1495,241,1,3
1495,242,1,3
1495,243,1,3
1495,244,1,3
1495,245,1,3
1495,246,1,3
1495,247,1,3
1495,248,1,3
1495,249,1,3
1495,250,1,3
1495,251,1,3
1495,252,1,3
1495,253,1,3
1495,254,1,3
1495,255,1,3
1495,256,1,3
1495,257,1,3
1495,258,1,3
1495,259,1,3
1495,260,1,3
1495,261,1,3
1495,262,1,3
1495,263,1,3
1495,264,1,3
1495,265,1,3
1495,266,1,3
1495,267,1,3
1495,268,1,3
1495,269,1,3
1495,270,1,3
1495,271,1,3
1495,272,1,3
1495,273,1,3
1495,274,1,3
1495,275,1,3
1495,276,1,3
1495,277,1,3
1495,278,1,3
1495,279,1,3
1495,280,1,3
1495,281,1,3
1495,282,1,3
1495,283,1,3
1495,284,1,3
1495,285,1,3
1495,286,1,3
1495,287,1,3
1495,288,1,3
1495,289,1,3
1495,290,1,3
1495,291,1,3
1495,292,1,3
1495,293,1,3
1495,294,1,3
1495,295,1,3
1495,296,1,3
1495,297,1,3
1495,298,1,3
1495,299,1,3
1495,300,1,3
1495,301,1,3
1495,302,1,3
1495,303,1,3
1495,304,1,3
1495,305,1,3
1495,306,1,3
1495,307,1,3
1495,308,1,3
1495,309,1,3
1495,310,1,3
1495,311,1,3
1495,312,1,3
1495,313,1,3
1495,314,1,3
1495,315,1,3
1495,316,1,3
1495,317,1,3
1495,318,1,3
1495,319,1,3
1495,320,1,3
1495,321,1,3
1495,322,1,3
1495,323,1,3
1495,324,1,3
1495,325,1,3
1495,326,1,3
1495,327,1,3
1495,328,1,3
1495,329,1,3
1495,330,1,3
1495,331,1,3
1495,332,1,3
1495,333,1,3
1495,334,1,3
1495,335,1,3
1495,336,1,3
1495,337,1,3
1495,338,1,3
1495,339,1,3
1495,340,1,3
1495,341,1,3
1495,342,1,3
1495,343,1,3
1495,344,1,3
1495,345,1,3
1495,346,1,3
1495,347,1,3
1495,348,1,3
1495,349,1,3
1495,350,1,3
1495,351,1,3
1495,352,1,3
1495,353,1,3
1495,354,1,3
1495,355,1,3
1495,356,1,3
1495,357,1,3
1495,358,1,3
1495,359,1,3
1495,360,1,3
1495,361,1,3
1495,362,1,3
1495,363,1,3
1495,364,1,3
1495,365,1,3
1495,366,1,3
1495,367,1,3
1495,368,1,3
1495,369,1,3
1495,370,1,3
1495,371,1,3
1495,372,1,3
1495,373,1,3
1495,374,1,3
1495,375,1,3
1495,376,1,3
1495,377,1,2
1495,378,1,2
1495,379,1,2
1495,380,1,2
1495,381,1,2
1495,382,1,2
1495,383,1,2
1495,384,1,2
1495,385,1,2
1495,386,1,2
1495,387,1,2
1495,388,1,2
1495,389,1,2
1495,390,1,2
1495,391,1,2
1495,392,1,2
1495,393,1,2
1495,394,1,2
1495,395,1,2
1495,396,1,2
1495,397,1,2
1495,398,1,2
1495,399,1,2
1495,400,1,2
1495,401,1,2
1495,402,1,2
1495,403,1,2
1495,404,1,2
1495,405,1,2
1495,406,1,2
1495,407,1,2
1495,408,1,2
1495,409,1,2
1495,410,1,2
1495,411,1,2
1495,412,1,2
1495,413,1,2
1495,414,1,2
1495,415,1,2
1495,416,1,2
1495,417,1,2
1495,418,1,2
1495,419,1,2
1495,420,1,2
1495,421,1,2
1495,422,1,2
1495,423,1,2
1495,424,1,2
1495,425,1,2
1495,426,1,2
1495,427,1,2
1495,428,1,2
1495,429,1,2
1495,430,1,2
1495,431,1,2
1495,432,1,2
1495,433,1,2
1495,434,1,2
1495,435,1,2
1495,436,1,2
1495,437,1,2
1495,438,1,2
1495,439,1,2
1495,440,1,2
1495,441,1,2
1495,442,1,2
1495,443,1,2
1495,444,1,2
1495,445,1,2
1495,446,1,2
1495,447,1,2
1495,448,1,2
1495,449,1,2
1495,450,1,3
1495,451,1,3
1495,452,1,3
1495,453,1,3
1495,454,1,3
1495,455,1,3
1495,456,1,3
1495,457,1,3
1495,458,1,3
1495,459,1,3
1495,460,1,3
1495,461,1,3
1495,462,1,3
1495,463,1,3
1495,464,1,3
1495,465,1,3
1495,466,1,3
1496,103,1,3
1496,104,1,3
1496,105,1,3
1496,106,1,3
1496,107,1,3
1496,108,1,3
1496,109,1,3
1496,110,1,3
1496,111,1,3
1496,112,1,3
1496,113,1,3
1496,114,1,3
1496,115,1,3
1496,116,1,3
1496,117,1,3
1496,118,1,3
1496,119,1,3
1496,120,1,3
1496,121,1,3
1496,122,1,3
1496,123,1,3
1496,124,1,3
1496,125,1,3
1496,126,1,3
1496,127,1,3
1496,128,1,3
1496,129,1,3
1496,130,1,3
1496,131,1,3
1496,132,1,3
1496,133,1,3
1496,134,1,3
1496,135,1,3
1496,136,1,3
1496,137,1,3
1496,138,1,3
1496,139,1,3
1496,140,1,3
1496,141,1,3
1496,142,1,3
1496,143,1,3
1496,144,1,3
1496,145,1,3
1496,146,1,3
1496,147,1,3
1496,148,1,3
1496,149,1,3
1496,150,1,3
1496,151,1,3
1496,152,1,3
1496,153,1,3
1496,154,1,3
1496,155,1,3
1496,156,1,3
1496,157,1,3
1496,158,1,3
1496,159,1,3
1496,160,1,3
1496,161,1,3
1496,162,1,3
1496,163,1,3
1496,164,1,3
1496,165,1,3
1496,166,1,3
1496,167,1,3
1496,168,1,3
1496,169,1,3
1496,170,1,3
1496,171,1,3
1496,172,1,3
1496,173,1,3
1496,174,1,3
1496,175,1,2
1496,176,1,2
1496,177,1,2
1496,178,1,2
1496,179,1,2
1496,180,1,2
1496,181,1,2
1496,182,1,2
1496,183,1,2
1496,184,1,2
1496,185,1,2
1496,186,1,2
1496,187,1,2
1496,188,1,2
1496,189,1,3
1496,190,1,2
1496,191,1,3
1496,192,1,2
1496,193,1,3
1496,194,1,3
1496,195,1,3
1496,196,1,3
1496,197,1,3
1496,198,1,3
1496,199,1,3
1496,200,1,3
1496,201,1,3
1496,202,1,3
1496,203,1,3
1496,204,1,3
1496,205,1,3
1496,206,1,3
1496,207,1,3
1496,208,1,3
1496,209,1,3
1496,210,1,3
1496,211,1,3
1496,212,1,3
1496,213,1,3
1496,214,1,3
1496,215,1,3
1496,216,1,3
1496,217,1,3
1496,218,1,3
1496,219,1,3
1496,220,1,3
1496,221,1,3
1496,222,1,3
1496,223,1,3
1496,224,1,3
1496,225,1,3
1496,226,1,3
1496,227,1,3
1496,228,1,3
1496,229,1,3
1496,230,1,3
1496,231,1,3
1496,232,1,3
1496,233,1,3
1496,234,1,3
1496,235,1,3
1496,236,1,3
1496,237,1,3
1496,238,1,3
1496,239,1,3
1496,240,1,3
1496,241,1,3
1496,242,1,3
1496,243,1,3
1496,244,1,3
1496,245,1,3
1496,246,1,3
1496,247,1,3
1496,248,1,3
1496,249,1,3
1496,250,1,3
1496,251,1,3
1496,252,1,3
1496,253,1,3
1496,254,1,3
1496,255,1,3
1496,256,1,3
1496,257,1,3
1496,258,1,3
1496,259,1,3
1496,260,1,3
1496,261,1,3
1496,262,1,3
1496,263,1,3
1496,264,1,3
1496,265,1,3
1496,266,1,3
1496,267,1,3
1496,268,1,3
1496,269,1,3
1496,270,1,3
1496,271,1,3
1496,272,1,3
1496,273,1,3
1496,274,1,3
1496,275,1,3
1496,276,1,3
1496,277,1,3
1496,278,1,3
1496,279,1,3
1496,280,1,3
1496,281,1,3
1496,282,1,3
1496,283,1,3
1496,284,1,3
1496,285,1,3
1496,286,1,3
1496,287,1,3
1496,288,1,3
1496,289,1,3
1496,290,1,3
1496,291,1,3
1496,292,1,3
1496,293,1,3
1496,294,1,3
1496,295,1,3
1496,296,1,3
1496,297,1,3
1496,298,1,3
1496,299,1,3
1496,300,1,3
1496,301,1,3
1496,302,1,3
1496,303,1,3
1496,304,1,3
1496,305,1,3
1496,306,1,3
1496,307,1,3
1496,308,1,3
1496,309,1,3
1496,310,1,3
1496,311,1,3
1496,312,1,3
1496,313,1,3
1496,314,1,3
1496,315,1,3
1496,316,1,3
1496,317,1,3
1496,318,1,3
1496,319,1,3
1496,320,1,3
1496,321,1,3
1496,322,1,3
1496,323,1,3
1496,324,1,3
1496,325,1,3
1496,326,1,3
1496,327,1,3
1496,328,1,3
1496,329,1,3
1496,330,1,3
1496,331,1,3
1496,332,1,3
1496,333,1,3
1496,334,1,3
1496,335,1,3
1496,336,1,3
1496,337,1,3
1496,338,1,3
1496,339,1,3
1496,340,1,3
1496,341,1,3
1496,342,1,3
1496,343,1,3
1496,344,1,3
1496,345,1,3
1496,346,1,3
1496,347,1,3
1496,348,1,3
1496,349,1,3
1496,350,1,3
1496,351,1,3
1496,352,1,3
1496,353,1,3
1496,354,1,3
1496,355,1,3
1496,356,1,3
1496,357,1,3
1496,358,1,3
1496,359,1,3
1496,360,1,3
1496,361,1,3
1496,362,1,3
1496,363,1,3
1496,364,1,3
1496,365,1,3
1496,366,1,3
1496,367,1,3
1496,368,1,3
1496,369,1,3
1496,370,1,3
1496,371,1,3
1496,372,1,3
1496,373,1,3
1496,374,1,3
1496,375,1,3
1496,376,1,2
1496,377,1,2
1496,378,1,2
1496,379,1,2
1496,380,1,2
1496,381,1,2
1496,382,1,2
1496,383,1,2
1496,384,1,2
1496,385,1,2
1496,386,1,2
1496,387,1,2
1496,388,1,2
1496,389,1,2
1496,390,1,2
1496,391,1,2
1496,392,1,2
1496,393,1,2
1496,394,1,2
1496,395,1,2
1496,396,1,2
1496,397,1,2
1496,398,1,2
1496,399,1,2
1496,400,1,2
1496,401,1,2
1496,402,1,2
1496,403,1,2
1496,404,1,2
1496,405,1,2
1496,406,1,2
1496,407,1,2
1496,408,1,2
1496,409,1,2
1496,410,1,2
1496,411,1,2
1496,412,1,2
1496,413,1,2
1496,414,1,2
1496,415,1,2
1496,416,1,2
1496,417,1,2
1496,418,1,2
1496,419,1,2
1496,420,1,2
1496,421,1,2
1496,422,1,2
1496,423,1,2
1496,424,1,2
1496,425,1,2
1496,426,1,2
1496,427,1,2
1496,428,1,2
1496,429,1,2
1496,430,1,2
1496,431,1,2
1496,432,1,2
1496,433,1,2
1496,434,1,2
1496,435,1,2
1496,436,1,2
1496,437,1,2
1496,438,1,2
1496,439,1,2
1496,440,1,2
1496,441,1,2
1496,442,1,2
1496,443,1,2
1496,444,1,2
1496,445,1,2
1496,446,1,2
1496,447,1,2
1496,448,1,2
1496,449,1,2
1496,450,1,3
1496,451,1,3
1496,452,1,3
1496,453,1,3
1496,454,1,3
1496,455,1,3
1496,456,1,3
1496,457,1,3
1496,458,1,3
1496,459,1,3
1496,460,1,3
1496,461,1,3
1496,462,1,3
1496,463,1,3
1496,464,1,3
1496,465,1,3
1496,466,1,3
1497,103,1,3
1497,104,1,3
1497,105,1,3
1497,106,1,3
1497,107,1,3
1497,108,1,3
1497,109,1,3
1497,110,1,3
1497,111,1,3
1497,112,1,3
1497,113,1,3
1497,114,1,3
1497,115,1,3
1497,116,1,3
1497,117,1,3
1497,118,1,3
1497,119,1,3
1497,120,1,3
1497,121,1,3
1497,122,1,3
1497,123,1,3
1497,124,1,3
1497,125,1,3
1497,126,1,3
1497,127,1,3
1497,128,1,3
1497,129,1,3
1497,130,1,3
1497,131,1,3
1497,132,1,3
1497,133,1,3
1497,134,1,3
1497,135,1,3
1497,136,1,3
1497,137,1,3
1497,138,1,3
1497,139,1,3
1497,140,1,3
1497,141,1,3
1497,142,1,3
1497,143,1,3
1497,144,1,3
1497,145,1,3
1497,146,1,3
1497,147,1,3
1497,148,1,3
1497,149,1,3
1497,150,1,3
1497,151,1,3
1497,152,1,3
1497,153,1,3
1497,154,1,3
1497,155,1,3
1497,156,1,3
1497,157,1,3
1497,158,1,3
1497,159,1,3
1497,160,1,3
1497,161,1,3
1497,162,1,3
1497,163,1,3
1497,164,1,3
1497,165,1,3
1497,166,1,3
1497,167,1,3
1497,168,1,3
1497,169,1,3
1497,170,1,3
1497,171,1,3
1497,172,1,2
1497,173,1,2
1497,174,1,2
1497,175,1,2
1497,176,1,2
1497,177,1,2
1497,178,1,2
1497,179,1,2
1497,180,1,2
1497,181,1,2
1497,182,1,2
1497,183,1,2
1497,184,1,2
1497,185,1,2
1497,186,1,2
1497,187,1,2
1497,188,1,2
1497,189,1,2
1497,190,1,2
1497,191,1,2
1497,192,1,2
1497,193,1,2
1497,194,1,2
1497,195,1,2
1497,196,1,2
1497,197,1,2
1497,198,1,3
1497,199,1,3
1497,200,1,3
1497,201,1,3
1497,202,1,3
1497,203,1,3
1497,204,1,3
1497,205,1,3
1497,206,1,3
1497,207,1,3
1497,208,1,3
1497,209,1,3
1497,210,1,3
1497,211,1,3
1497,212,1,3
1497,213,1,3
1497,214,1,3
1497,215,1,3
1497,216,1,3
1497,217,1,3
1497,218,1,3
1497,219,1,3
1497,220,1,3
1497,221,1,3
1497,222,1,3
1497,223,1,3
1497,224,1,3
1497,225,1,3
1497,226,1,3
1497,227,1,3
1497,228,1,3
1497,229,1,3
1497,230,1,3
1497,231,1,3
1497,232,1,3
1497,233,1,3
1497,234,1,3
1497,235,1,3
1497,236,1,3
1497,237,1,3
1497,238,1,3
1497,239,1,3
1497,240,1,3
1497,241,1,3
1497,242,1,3
1497,243,1,3
1497,244,1,3
1497,245,1,3
1497,246,1,3
1497,247,1,3
1497,248,1,3
1497,249,1,3
1497,250,1,3
1497,251,1,3
1497,252,1,3
1497,253,1,3
1497,254,1,3
1497,255,1,3
1497,256,1,3
1497,257,1,3
1497,258,1,3
1497,259,1,3
1497,260,1,3
1497,261,1,3
1497,262,1,3
1497,263,1,3
1497,264,1,3
1497,265,1,3
1497,266,1,3
1497,267,1,3
1497,268,1,3
1497,269,1,3
1497,270,1,3
1497,271,1,3
1497,272,1,3
1497,273,1,3
1497,274,1,3
1497,275,1,3
1497,276,1,3
1497,277,1,3
1497,278,1,3
1497,279,1,3
1497,280,1,3
1497,281,1,3
1497,282,1,3
1497,283,1,3
1497,284,1,3
1497,285,1,3
1497,286,1,3
1497,287,1,3
1497,288,1,3
1497,289,1,3
1497,290,1,3
1497,291,1,3
1497,292,1,3
1497,293,1,3
1497,294,1,3
1497,295,1,3
1497,296,1,3
1497,297,1,3
1497,298,1,3
1497,299,1,3
1497,300,1,3
1497,301,1,3
1497,302,1,3
1497,303,1,3
1497,304,1,3
1497,305,1,3
1497,306,1,3
1497,307,1,3
1497,308,1,3
1497,309,1,3
1497,310,1,3
1497,311,1,3
1497,312,1,3
1497,313,1,3
1497,314,1,3
1497,315,1,3
1497,316,1,3
1497,317,1,3
1497,318,1,3
1497,319,1,3
1497,320,1,3
1497,321,1,3
1497,322,1,3
1497,323,1,3
1497,324,1,3
1497,325,1,3
1497,326,1,3
1497,327,1,3
1497,328,1,3
1497,329,1,3
1497,330,1,3
1497,331,1,3
1497,332,1,3
1497,333,1,3
1497,334,1,3
1497,335,1,3
1497,336,1,3
1497,337,1,3
1497,338,1,3
1497,339,1,3
1497,340,1,3
1497,341,1,3
1497,342,1,3
1497,343,1,3
1497,344,1,3
1497,345,1,3
1497,346,1,3
1497,347,1,3
1497,348,1,3
1497,349,1,3
1497,350,1,3
1497,351,1,3
1497,352,1,3
1497,353,1,3
1497,354,1,3
1497,355,1,3
1497,356,1,3
1497,357,1,3
1497,358,1,3
1497,359,1,3
1497,360,1,3
1497,361,1,3
1497,362,1,3
1497,363,1,3
1497,364,1,3
1497,365,1,3
1497,366,1,3
1497,367,1,3
1497,368,1,3
1497,369,1,3
1497,370,1,3
1497,371,1,3
1497,372,1,3
1497,373,1,3
1497,374,1,3
1497,375,1,3
1497,376,1,2
1497,377,1,2
1497,378,1,2
1497,379,1,2
1497,380,1,2
1497,381,1,2
1497,382,1,2
1497,383,1,2
1497,384,1,2
1497,385,1,2
1497,386,1,2
1497,387,1,2
1497,388,1,2
1497,389,1,2
1497,390,1,2
1497,391,1,2
1497,392,1,2
1497,393,1,2
1497,394,1,2
1497,395,1,2
1497,396,1,2
1497,397,1,2
1497,398,1,2
1497,399,1,2
1497,400,1,2
1497,401,1,2
1497,402,1,2
1497,403,1,2
1497,404,1,2
1497,405,1,2
1497,406,1,2
1497,407,1,2
1497,408,1,2
1497,409,1,2
1497,410,1,2
1497,411,1,2
1497,412,1,2
1497,413,1,2
1497,414,1,2
1497,415,1,2
1497,416,1,2
1497,417,1,2
1497,418,1,2
1497,419,1,2
1497,420,1,2
1497,421,1,2
1497,422,1,2
1497,423,1,2
1497,424,1,2
1497,425,1,2
1497,426,1,2
1497,427,1,2
1497,428,1,2
1497,429,1,2
1497,430,1,2
1497,431,1,2
1497,432,1,2
1497,433,1,2
1497,434,1,2
1497,435,1,2
1497,436,1,2
1497,437,1,2
1497,438,1,2
1497,439,1,2
1497,440,1,2
1497,441,1,2
1497,442,1,2
1497,443,1,2
1497,444,1,2
1497,445,1,2
1497,446,1,2
1497,447,1,2
1497,448,1,2
1497,449,1,2
1497,450,1,3
1497,451,1,3
1497,452,1,3
1497,453,1,3
1497,454,1,3
1497,455,1,3
1497,456,1,3
1497,457,1,3
1497,458,1,3
1497,459,1,3
1497,460,1,3
1497,461,1,3
1497,462,1,3
1497,463,1,3
1497,464,1,3
1497,465,1,3
1497,466,1,3
1498,103,1,3
1498,104,1,3
1498,105,1,3
1498,106,1,3
1498,107,1,3
1498,108,1,3
1498,109,1,3
1498,110,1,3
1498,111,1,3
1498,112,1,3
1498,113,1,3
1498,114,1,3
1498,115,1,3
1498,116,1,3
1498,117,1,3
1498,118,1,3
1498,119,1,3
1498,120,1,3
1498,121,1,3
1498,122,1,3
1498,123,1,3
1498,124,1,3
1498,125,1,3
1498,126,1,3
1498,127,1,3
1498,128,1,3
1498,129,1,3
1498,130,1,3
1498,131,1,3
1498,132,1,3
1498,133,1,3
1498,134,1,3
1498,135,1,3
1498,136,1,3
1498,137,1,3
1498,138,1,3
1498,139,1,3
1498,140,1,3
1498,141,1,3
1498,142,1,3
1498,143,1,3
1498,144,1,3
1498,145,1,3
1498,146,1,3
1498,147,1,3
1498,148,1,3
1498,149,1,3
1498,150,1,3
1498,151,1,3
1498,152,1,3
1498,153,1,3
1498,154,1,3
1498,155,1,3
1498,156,1,3
1498,157,1,3
1498,158,1,3
1498,159,1,3
1498,160,1,3
1498,161,1,3
1498,162,1,3
1498,163,1,3
1498,164,1,3
1498,165,1,3
1498,166,1,3
1498,167,1,3
1498,168,1,3
1498,169,1,2
1498,170,1,2
1498,171,1,2
1498,172,1,2
1498,173,1,2
1498,174,1,2
1498,175,1,2
1498,176,1,2
1498,177,1,2
1498,178,1,2
1498,179,1,2
1498,180,1,2
1498,181,1,2
1498,182,1,2
1498,183,1,2
1498,184,1,2
1498,185,1,2
1498,186,1,2
1498,187,1,2
1498,188,1,2
1498,189,1,2
1498,190,1,2
1498,191,1,2
1498,192,1,2
1498,193,1,2
1498,194,1,2
1498,195,1,2
1498,196,1,2
1498,197,1,2
1498,198,1,2
1498,199,1,3
1498,200,1,3
1498,201,1,3
1498,202,1,3
1498,203,1,3
1498,204,1,3
1498,205,1,3
1498,206,1,3
1498,207,1,3
1498,208,1,3
1498,209,1,3
1498,210,1,3
1498,211,1,3
1498,212,1,3
1498,213,1,3
1498,214,1,3
1498,215,1,3
1498,216,1,3
1498,217,1,3
1498,218,1,3
1498,219,1,3
1498,220,1,3
1498,221,1,3
1498,222,1,3
1498,223,1,3
1498,224,1,3
1498,225,1,3
1498,226,1,3
1498,227,1,3
1498,228,1,3
1498,229,1,3
1498,230,1,3
1498,231,1,3
1498,232,1,3
1498,233,1,3
1498,234,1,3
1498,235,1,3
1498,236,1,3
1498,237,1,3
1498,238,1,3
1498,239,1,3
1498,240,1,3
1498,241,1,3
1498,242,1,3
1498,243,1,3
1498,244,1,3
1498,245,1,3
1498,246,1,3
1498,247,1,3
1498,248,1,3
1498,249,1,3
1498,250,1,3
1498,251,1,3
1498,252,1,3
1498,253,1,3
1498,254,1,3
1498,255,1,3
1498,256,1,3
1498,257,1,3
1498,258,1,3
1498,259,1,3
1498,260,1,3
1498,261,1,3
1498,262,1,3
1498,263,1,3
1498,264,1,3
1498,265,1,3
1498,266,1,3
1498,267,1,3
1498,268,1,3
1498,269,1,3
1498,270,1,3
1498,271,1,3
1498,272,1,3
1498,273,1,3
1498,274,1,3
1498,275,1,3
1498,276,1,3
1498,277,1,3
1498,278,1,3
1498,279,1,3
1498,280,1,3
1498,281,1,3
1498,282,1,3
1498,283,1,3
1498,284,1,3
1498,285,1,3
1498,286,1,3
1498,287,1,3
1498,288,1,3
1498,289,1,3
1498,290,1,3
1498,291,1,3
1498,292,1,3
1498,293,1,3
1498,294,1,3
1498,295,1,3
1498,296,1,3
1498,297,1,3
1498,298,1,3
1498,299,1,3
1498,300,1,3
1498,301,1,3
1498,302,1,3
1498,303,1,3
1498,304,1,3
1498,305,1,3
1498,306,1,3
1498,307,1,3
1498,308,1,3
1498,309,1,3
1498,310,1,3
1498,311,1,3
1498,312,1,3
1498,313,1,3
1498,314,1,3
1498,315,1,3
1498,316,1,3
1498,317,1,3
1498,318,1,3
1498,319,1,3
1498,320,1,3
1498,321,1,3
1498,322,1,3
1498,323,1,3
1498,324,1,3
1498,325,1,3
1498,326,1,3
1498,327,1,3
1498,328,1,3
1498,329,1,3
1498,330,1,3
1498,331,1,3
1498,332,1,3
1498,333,1,3
1498,334,1,3
1498,335,1,3
1498,336,1,3
1498,337,1,3
1498,338,1,3
1498,339,1,3
1498,340,1,3
1498,341,1,3
1498,342,1,3
1498,343,1,3
1498,344,1,3
1498,345,1,3
1498,346,1,3
1498,347,1,3
1498,348,1,3
1498,349,1,3
1498,350,1,3
1498,351,1,3
1498,352,1,3
1498,353,1,3
1498,354,1,3
1498,355,1,3
1498,356,1,3
1498,357,1,3
1498,358,1,3
1498,359,1,3
1498,360,1,3
1498,361,1,3
1498,362,1,3
1498,363,1,3
1498,364,1,3
1498,365,1,3
1498,366,1,3
1498,367,1,3
1498,368,1,3
1498,369,1,3
1498,370,1,3
1498,371,1,3
1498,372,1,3
1498,373,1,3
1498,374,1,3
1498,375,1,3
1498,376,1,2
1498,377,1,2
1498,378,1,2
1498,379,1,2
1498,380,1,2
1498,381,1,2
1498,382,1,2
1498,383,1,2
1498,384,1,2
1498,385,1,2
1498,386,1,2
1498,387,1,2
1498,388,1,2
1498,389,1,2
1498,390,1,2
1498,391,1,2
1498,392,1,2
1498,393,1,2
1498,394,1,2
1498,395,1,2
1498,396,1,2
1498,397,1,2
1498,398,1,2
1498,399,1,2
1498,400,1,2
1498,401,1,2
1498,402,1,2
1498,403,1,2
1498,404,1,2
1498,405,1,2
1498,406,1,2
1498,407,1,2
1498,408,1,2
1498,409,1,2
1498,410,1,2
1498,411,1,2
1498,412,1,2
1498,413,1,2
1498,414,1,2
1498,415,1,2
1498,416,1,2
1498,417,1,2
1498,418,1,2
1498,419,1,2
1498,420,1,2
1498,421,1,2
1498,422,1,2
1498,423,1,2
1498,424,1,2
1498,425,1,2
1498,426,1,2
1498,427,1,2
1498,428,1,2
1498,429,1,2
1498,430,1,2
1498,431,1,2
1498,432,1,2
1498,433,1,2
1498,434,1,2
1498,435,1,2
1498,436,1,2
1498,437,1,2
1498,438,1,2
1498,439,1,2
1498,440,1,2
1498,441,1,2
1498,442,1,2
1498,443,1,2
1498,444,1,2
1498,445,1,2
1498,446,1,2
1498,447,1,2
1498,448,1,2
1498,449,1,2
1498,450,1,3
1498,451,1,3
1498,452,1,3
1498,453,1,3
1498,454,1,3
1498,455,1,3
1498,456,1,3
1498,457,1,3
1498,458,1,3
1498,459,1,3
1498,460,1,3
1498,461,1,3
1498,462,1,3
1498,463,1,3
1498,464,1,3
1498,465,1,3
1498,466,1,3
1499,103,1,3
1499,104,1,3
1499,105,1,3
1499,106,1,3
1499,107,1,3
1499,108,1,3
1499,109,1,3
1499,110,1,3
1499,111,1,3
1499,112,1,3
1499,113,1,3
1499,114,1,3
1499,115,1,3
1499,116,1,3
1499,117,1,3
1499,118,1,3
1499,119,1,3
1499,120,1,3
1499,121,1,3
1499,122,1,3
1499,123,1,3
1499,124,1,3
1499,125,1,3
1499,126,1,3
1499,127,1,3
1499,128,1,3
1499,129,1,3
1499,130,1,3
1499,131,1,3
1499,132,1,3
1499,133,1,3
1499,134,1,3
1499,135,1,3
1499,136,1,3
1499,137,1,3
1499,138,1,3
1499,139,1,3
1499,140,1,3
1499,141,1,3
1499,142,1,3
1499,143,1,3
1499,144,1,3
1499,145,1,3
1499,146,1,3
1499,147,1,3
1499,148,1,3
1499,149,1,3
1499,150,1,3
1499,151,1,3
1499,152,1,3
1499,153,1,3
1499,154,1,3
1499,155,1,3
1499,156,1,3
1499,157,1,3
1499,158,1,3
1499,159,1,3
1499,160,1,3
1499,161,1,3
1499,162,1,3
1499,163,1,3
1499,164,1,3
1499,165,1,3
1499,166,1,3
1499,167,1,3
1499,168,1,2
1499,169,1,2
1499,170,1,2
1499,171,1,2
1499,172,1,2
1499,173,1,2
1499,174,1,2
1499,175,1,2
1499,176,1,2
1499,177,1,2
1499,178,1,2
1499,179,1,2
1499,180,1,2
1499,181,1,2
1499,182,1,2
1499,183,1,2
1499,184,1,2
1499,185,1,2
1499,186,1,2
1499,187,1,2
1499,188,1,2
1499,189,1,2
1499,190,1,2
1499,191,1,2
1499,192,1,2
1499,193,1,2
1499,194,1,2
1499,195,1,2
1499,196,1,2
1499,197,1,2
1499,198,1,2
1499,199,1,2
1499,200,1,2
1499,201,1,3
1499,202,1,3
1499,203,1,2
1499,204,1,2
1499,205,1,2
1499,206,1,3
1499,207,1,2
1499,208,1,2
1499,209,1,2
1499,210,1,3
1499,211,1,3
1499,212,1,3
1499,213,1,2
1499,214,1,2
1499,215,1,2
1499,216,1,2
1499,217,1,3
1499,218,1,3
1499,219,1,3
1499,220,1,3
1499,221,1,3
1499,222,1,3
1499,223,1,3
1499,224,1,3
1499,225,1,3
1499,226,1,3
1499,227,1,3
1499,228,1,3
1499,229,1,3
1499,230,1,3
1499,231,1,3
1499,232,1,3
1499,233,1,3
1499,234,1,3
1499,235,1,3
1499,236,1,3
1499,237,1,3
1499,238,1,3
1499,239,1,3
1499,240,1,3
1499,241,1,3
1499,242,1,3
1499,243,1,3
1499,244,1,3
1499,245,1,3
1499,246,1,3
1499,247,1,3
1499,248,1,3
1499,249,1,3
1499,250,1,3
1499,251,1,3
1499,252,1,3
1499,253,1,3
1499,254,1,3
1499,255,1,3
1499,256,1,3
1499,257,1,3
1499,258,1,3
1499,259,1,3
1499,260,1,3
1499,261,1,3
1499,262,1,3
1499,263,1,3
1499,264,1,3
1499,265,1,3
1499,266,1,3
1499,267,1,3
1499,268,1,3
1499,269,1,3
1499,270,1,3
1499,271,1,3
1499,272,1,3
1499,273,1,3
1499,274,1,3
1499,275,1,3
1499,276,1,3
1499,277,1,3
1499,278,1,3
1499,279,1,3
1499,280,1,3
1499,281,1,3
1499,282,1,3
1499,283,1,3
1499,284,1,3
1499,285,1,3
1499,286,1,3
1499,287,1,3
1499,288,1,3
1499,289,1,3
1499,290,1,3
1499,291,1,3
1499,292,1,3
1499,293,1,3
1499,294,1,3
1499,295,1,3
1499,296,1,3
1499,297,1,3
1499,298,1,3
1499,299,1,3
1499,300,1,3
1499,301,1,3
1499,302,1,3
1499,303,1,3
1499,304,1,3
1499,305,1,3
1499,306,1,3
1499,307,1,3
1499,308,1,3
1499,309,1,3
1499,310,1,3
1499,311,1,3
1499,312,1,3
1499,313,1,3
1499,314,1,3
1499,315,1,3
1499,316,1,3
1499,317,1,3
1499,318,1,3
1499,319,1,3
1499,320,1,3
1499,321,1,3
1499,322,1,3
1499,323,1,3
1499,324,1,3
1499,325,1,3
1499,326,1,3
1499,327,1,3
1499,328,1,3
1499,329,1,3
1499,330,1,3
1499,331,1,3
1499,332,1,3
1499,333,1,3
1499,334,1,3
1499,335,1,3
1499,336,1,3
1499,337,1,3
1499,338,1,3
1499,339,1,3
1499,340,1,3
1499,341,1,3
1499,342,1,3
1499,343,1,3
1499,344,1,3
1499,345,1,3
1499,346,1,3
1499,347,1,3
1499,348,1,3
1499,349,1,3
1499,350,1,3
1499,351,1,3
1499,352,1,3
1499,353,1,3
1499,354,1,3
1499,355,1,3
1499,356,1,3
1499,357,1,3
1499,358,1,3
1499,359,1,3
1499,360,1,3
1499,361,1,3
1499,362,1,3
1499,363,1,3
1499,364,1,3
1499,365,1,3
1499,366,1,3
1499,367,1,3
1499,368,1,3
1499,369,1,3
1499,370,1,3
1499,371,1,3
1499,372,1,3
1499,373,1,3
1499,374,1,3
1499,375,1,3
1499,376,1,3
1499,377,1,2
1499,378,1,2
1499,379,1,2
1499,380,1,2
1499,381,1,2
1499,382,1,2
1499,383,1,2
1499,384,1,2
1499,385,1,2
1499,386,1,2
1499,387,1,2
1499,388,1,2
1499,389,1,2
1499,390,1,2
1499,391,1,2
1499,392,1,2
1499,393,1,2
1499,394,1,2
1499,395,1,2
1499,396,1,2
1499,397,1,2
1499,398,1,2
1499,399,1,2
1499,400,1,2
1499,401,1,2
1499,402,1,2
1499,403,1,2
1499,404,1,2
1499,405,1,2
1499,406,1,2
1499,407,1,2
1499,408,1,2
1499,409,1,2
1499,410,1,2
1499,411,1,2
1499,412,1,2
1499,413,1,2
1499,414,1,2
1499,415,1,2
1499,416,1,2
1499,417,1,2
1499,418,1,2
1499,419,1,2
1499,420,1,2
1499,421,1,2
1499,422,1,2
1499,423,1,2
1499,424,1,2
1499,425,1,2
1499,426,1,2
1499,427,1,2
1499,428,1,2
1499,429,1,2
1499,430,1,2
1499,431,1,2
1499,432,1,2
1499,433,1,2
1499,434,1,2
1499,435,1,2
1499,436,1,2
1499,437,1,2
1499,438,1,2
1499,439,1,2
1499,440,1,2
1499,441,1,2
1499,442,1,2
1499,443,1,2
1499,444,1,2
1499,445,1,2
1499,446,1,2
1499,447,1,2
1499,448,1,2
1499,449,1,2
1499,450,1,2
1499,451,1,3
1499,452,1,3
1499,453,1,3
1499,454,1,3
1499,455,1,3
1499,456,1,3
1499,457,1,3
1499,458,1,3
1499,459,1,3
1499,460,1,3
1499,461,1,3
1499,462,1,3
1499,463,1,3
1499,464,1,3
1499,465,1,3
1499,466,1,3
1500,103,1,3
1500,104,1,3
1500,105,1,3
1500,106,1,3
1500,107,1,3
1500,108,1,3
1500,109,1,3
1500,110,1,3
1500,111,1,3
1500,112,1,3
1500,113,1,3
1500,114,1,3
1500,115,1,3
1500,116,1,3
1500,117,1,3
1500,118,1,3
1500,119,1,3
1500,120,1,3
1500,121,1,3
1500,122,1,3
1500,123,1,3
1500,124,1,3
1500,125,1,3
1500,126,1,3
1500,127,1,3
1500,128,1,3
1500,129,1,3
1500,130,1,3
1500,131,1,3
1500,132,1,3
1500,133,1,3
1500,134,1,3
1500,135,1,3
1500,136,1,3
1500,137,1,3
1500,138,1,3
1500,139,1,3
1500,140,1,3
1500,141,1,3
1500,142,1,3
1500,143,1,3
1500,144,1,3
1500,145,1,3
1500,146,1,3
1500,147,1,3
1500,148,1,3
1500,149,1,3
1500,150,1,3
1500,151,1,3
1500,152,1,3
1500,153,1,3
1500,154,1,3
1500,155,1,3
1500,156,1,3
1500,157,1,3
1500,158,1,3
1500,159,1,3
1500,160,1,3
1500,161,1,3
1500,162,1,3
1500,163,1,3
1500,164,1,3
1500,165,1,3
1500,166,1,2
1500,167,1,2
1500,168,1,2
1500,169,1,2
1500,170,1,2
1500,171,1,2
1500,172,1,2
1500,173,1,2
1500,174,1,2
1500,175,1,2
1500,176,1,2
1500,177,1,2
1500,178,1,2
1500,179,1,2
1500,180,1,2
1500,181,1,2
1500,182,1,2
1500,183,1,2
1500,184,1,2
1500,185,1,2
1500,186,1,2
1500,187,1,2
1500,188,1,2
1500,189,1,2
1500,190,1,2
1500,191,1,2
1500,192,1,2
1500,193,1,2
1500,194,1,2
1500,195,1,2
1500,196,1,2
1500,197,1,2
1500,198,1,2
1500,199,1,2
1500,200,1,2
1500,201,1,2
1500,202,1,2
1500,203,1,2
1500,204,1,2
1500,205,1,2
1500,206,1,2
1500,207,1,2
1500,208,1,2
1500,209,1,2
1500,210,1,2
1500,211,1,2
1500,212,1,2
1500,213,1,2
1500,214,1,2
1500,215,1,2
1500,216,1,2
1500,217,1,3
1500,218,1,3
1500,219,1,2
1500,220,1,3
1500,221,1,3
1500,222,1,3
1500,223,1,3
1500,224,1,3
1500,225,1,3
1500,226,1,3
1500,227,1,3
1500,228,1,3
1500,229,1,3
1500,230,1,3
1500,231,1,3
1500,232,1,3
1500,233,1,3
1500,234,1,3
1500,235,1,3
1500,236,1,3
1500,237,1,3
1500,238,1,3
1500,239,1,3
1500,240,1,3
1500,241,1,3
1500,242,1,3
1500,243,1,3
1500,244,1,3
1500,245,1,3
1500,246,1,3
1500,247,1,3
1500,248,1,3
1500,249,1,3
1500,250,1,3
1500,251,1,3
1500,252,1,3
1500,253,1,3
1500,254,1,3
1500,255,1,3
1500,256,1,3
1500,257,1,3
1500,258,1,3
1500,259,1,3
1500,260,1,3
1500,261,1,3
1500,262,1,3
1500,263,1,3
1500,264,1,3
1500,265,1,3
1500,266,1,3
1500,267,1,3
1500,268,1,3
1500,269,1,3
1500,270,1,3
1500,271,1,3
1500,272,1,3
1500,273,1,3
1500,274,1,3
1500,275,1,3
1500,276,1,3
1500,277,1,3
1500,278,1,3
1500,279,1,3
1500,280,1,3
1500,281,1,3
1500,282,1,3
1500,283,1,3
1500,284,1,3
1500,285,1,3
1500,286,1,3
1500,287,1,3
1500,288,1,3
1500,289,1,3
1500,290,1,3
1500,291,1,3
1500,292,1,3
1500,293,1,3
1500,294,1,3
1500,295,1,3
1500,296,1,3
1500,297,1,3
1500,298,1,3
1500,299,1,3
1500,300,1,3
1500,301,1,3
1500,302,1,3
1500,303,1,3
1500,304,1,3
1500,305,1,3
1500,306,1,3
1500,307,1,3
1500,308,1,3
1500,309,1,3
1500,310,1,3
1500,311,1,3
1500,312,1,3
1500,313,1,3
1500,314,1,3
1500,315,1,3
1500,316,1,3
1500,317,1,3
1500,318,1,3
1500,319,1,3
1500,320,1,3
1500,321,1,3
1500,322,1,3
1500,323,1,3
1500,324,1,3
1500,325,1,3
1500,326,1,3
1500,327,1,3
1500,328,1,3
1500,329,1,3
1500,330,1,3
1500,331,1,3
1500,332,1,3
1500,333,1,3
1500,334,1,3
1500,335,1,3
1500,336,1,3
1500,337,1,3
1500,338,1,3
1500,339,1,3
1500,340,1,3
1500,341,1,3
1500,342,1,3
1500,343,1,3
1500,344,1,3
1500,345,1,3
1500,346,1,3
1500,347,1,3
1500,348,1,3
1500,349,1,3
1500,350,1,3
1500,351,1,3
1500,352,1,3
1500,353,1,3
1500,354,1,3
1500,355,1,3
1500,356,1,3
1500,357,1,3
1500,358,1,3
1500,359,1,3
1500,360,1,3
1500,361,1,3
1500,362,1,3
1500,363,1,3
1500,364,1,3
1500,365,1,3
1500,366,1,3
1500,367,1,3
1500,368,1,3
1500,369,1,3
1500,370,1,3
1500,371,1,3
1500,372,1,3
1500,373,1,3
1500,374,1,3
1500,375,1,3
1500,376,1,3
1500,377,1,2
1500,378,1,2
1500,379,1,2
1500,380,1,2
1500,381,1,2
1500,382,1,2
1500,383,1,2
1500,384,1,2
1500,385,1,2
1500,386,1,2
1500,387,1,2
1500,388,1,2
1500,389,1,2
1500,390,1,2
1500,391,1,2
1500,392,1,2
1500,393,1,2
1500,394,1,2
1500,395,1,2
1500,396,1,2
1500,397,1,2
1500,398,1,2
1500,399,1,2
1500,400,1,2
1500,401,1,2
1500,402,1,2
1500,403,1,2
1500,404,1,2
1500,405,1,2
1500,406,1,2
1500,407,1,2
1500,408,1,2
1500,409,1,2
1500,410,1,2
1500,411,1,2
1500,412,1,2
1500,413,1,2
1500,414,1,2
1500,415,1,2
1500,416,1,2
1500,417,1,2
1500,418,1,2
1500,419,1,2
1500,420,1,2
1500,421,1,2
1500,422,1,2
1500,423,1,2
1500,424,1,2
1500,425,1,2
1500,426,1,2
1500,427,1,2
1500,428,1,2
1500,429,1,2
1500,430,1,2
1500,431,1,2
1500,432,1,2
1500,433,1,2
1500,434,1,2
1500,435,1,2
1500,436,1,2
1500,437,1,2
1500,438,1,2
1500,439,1,2
1500,440,1,2
1500,441,1,2
1500,442,1,2
1500,443,1,2
1500,444,1,2
1500,445,1,2
1500,446,1,2
1500,447,1,2
1500,448,1,2
1500,449,1,2
1500,450,1,2
1500,451,1,3
1500,452,1,3
1500,453,1,3
1500,454,1,3
1500,455,1,3
1500,456,1,3
1500,457,1,3
1500,458,1,3
1500,459,1,3
1500,460,1,3
1500,461,1,3
1500,462,1,3
1500,463,1,3
1500,464,1,3
1500,465,1,3
1500,466,1,3
1501,103,1,3
1501,104,1,3
1501,105,1,3
1501,106,1,3
1501,107,1,3
1501,108,1,3
1501,109,1,3
1501,110,1,3
1501,111,1,3
1501,112,1,3
1501,113,1,3
1501,114,1,3
1501,115,1,3
1501,116,1,3
1501,117,1,3
1501,118,1,3
1501,119,1,3
1501,120,1,3
1501,121,1,3
1501,122,1,3
1501,123,1,3
1501,124,1,3
1501,125,1,3
1501,126,1,3
1501,127,1,3
1501,128,1,3
1501,129,1,3
1501,130,1,3
1501,131,1,3
1501,132,1,3
1501,133,1,3
1501,134,1,3
1501,135,1,3
1501,136,1,3
1501,137,1,3
1501,138,1,3
1501,139,1,3
1501,140,1,3
1501,141,1,3
1501,142,1,3
1501,143,1,3
1501,144,1,3
1501,145,1,3
1501,146,1,3
1501,147,1,3
1501,148,1,3
1501,149,1,3
1501,150,1,3
1501,151,1,3
1501,152,1,3
1501,153,1,3
1501,154,1,3
1501,155,1,3
1501,156,1,3
1501,157,1,3
1501,158,1,3
1501,159,1,3
1501,160,1,3
1501,161,1,3
1501,162,1,3
1501,163,1,3
1501,164,1,3
1501,165,1,2
1501,166,1,2
1501,167,1,2
1501,168,1,2
1501,169,1,2
1501,170,1,2
1501,171,1,2
1501,172,1,2
1501,173,1,2
1501,174,1,2
1501,175,1,2
1501,176,1,2
1501,177,1,2
1501,178,1,2
1501,179,1,2
1501,180,1,2
1501,181,1,2
1501,182,1,2
1501,183,1,2
1501,184,1,2
1501,185,1,2
1501,186,1,2
1501,187,1,2
1501,188,1,2
1501,189,1,2
1501,190,1,2
1501,191,1,2
1501,192,1,2
1501,193,1,2
1501,194,1,2
1501,195,1,2
1501,196,1,2
1501,197,1,2
1501,198,1,2
1501,199,1,2
1501,200,1,2
1501,201,1,2
1501,202,1,2
1501,203,1,2
1501,204,1,2
1501,205,1,2
1501,206,1,2
1501,207,1,2
1501,208,1,2
1501,209,1,2
1501,210,1,2
1501,211,1,2
1501,212,1,2
1501,213,1,2
1501,214,1,2
1501,215,1,2
1501,216,1,2
1501,217,1,2
1501,218,1,2
1501,219,1,2
1501,220,1,2
1501,221,1,2
1501,222,1,3
1501,223,1,3
1501,224,1,3
1501,225,1,3
1501,226,1,3
1501,227,1,3
1501,228,1,3
1501,229,1,3
1501,230,1,3
1501,231,1,3
1501,232,1,3
1501,233,1,3
1501,234,1,3
1501,235,1,3
1501,236,1,3
1501,237,1,3
1501,238,1,3
1501,239,1,3
1501,240,1,3
1501,241,1,3
1501,242,1,3
1501,243,1,3
1501,244,1,3
1501,245,1,3
1501,246,1,3
1501,247,1,3
1501,248,1,3
1501,249,1,3
1501,250,1,3
1501,251,1,3
1501,252,1,3
1501,253,1,3
1501,254,1,3
1501,255,1,3
1501,256,1,3
1501,257,1,3
1501,258,1,3
1501,259,1,3
1501,260,1,3
1501,261,1,3
1501,262,1,3
1501,263,1,3
1501,264,1,3
1501,265,1,3
1501,266,1,3
1501,267,1,3
1501,268,1,3
1501,269,1,3
1501,270,1,3
1501,271,1,3
1501,272,1,3
1501,273,1,3
1501,274,1,3
1501,275,1,3
1501,276,1,3
1501,277,1,3
1501,278,1,3
1501,279,1,3
1501,280,1,3
1501,281,1,3
1501,282,1,3
1501,283,1,3
1501,284,1,3
1501,285,1,3
1501,286,1,3
1501,287,1,3
1501,288,1,3
1501,289,1,3
1501,290,1,3
1501,291,1,3
1501,292,1,3
1501,293,1,3
1501,294,1,3
1501,295,1,3
1501,296,1,3
1501,297,1,3
1501,298,1,3
1501,299,1,3
1501,300,1,3
1501,301,1,3
1501,302,1,3
1501,303,1,3
1501,304,1,3
1501,305,1,3
1501,306,1,3
1501,307,1,3
1501,308,1,3
1501,309,1,3
1501,310,1,3
1501,311,1,3
1501,312,1,3
1501,313,1,3
1501,314,1,3
1501,315,1,3
1501,316,1,3
1501,317,1,3
1501,318,1,3
1501,319,1,3
1501,320,1,3
1501,321,1,3
1501,322,1,3
1501,323,1,3
1501,324,1,3
1501,325,1,3
1501,326,1,3
1501,327,1,3
1501,328,1,3
1501,329,1,3
1501,330,1,3
1501,331,1,3
1501,332,1,3
1501,333,1,3
1501,334,1,3
1501,335,1,3
1501,336,1,3
1501,337,1,3
1501,338,1,3
1501,339,1,3
1501,340,1,3
1501,341,1,3
1501,342,1,3
1501,343,1,3
1501,344,1,3
1501,345,1,3
1501,346,1,3
1501,347,1,3
1501,348,1,3
1501,349,1,3
1501,350,1,3
1501,351,1,3
1501,352,1,3
1501,353,1,3
1501,354,1,3
1501,355,1,3
1501,356,1,3
1501,357,1,3
1501,358,1,3
1501,359,1,3
1501,360,1,3
1501,361,1,3
1501,362,1,3
1501,363,1,3
1501,364,1,3
1501,365,1,3
1501,366,1,3
1501,367,1,3
1501,368,1,3
1501,369,1,3
1501,370,1,3
1501,371,1,3
1501,372,1,3
1501,373,1,3
1501,374,1,3
1501,375,1,3
1501,376,1,3
1501,377,1,2
1501,378,1,2
1501,379,1,2
1501,380,1,2
1501,381,1,2
1501,382,1,2
1501,383,1,2
1501,384,1,2
1501,385,1,2
1501,386,1,2
1501,387,1,2
1501,388,1,2
1501,389,1,2
1501,390,1,2
1501,391,1,2
1501,392,1,2
1501,393,1,2
1501,394,1,2
1501,395,1,2
1501,396,1,2
1501,397,1,2
1501,398,1,2
1501,399,1,2
1501,400,1,2
1501,401,1,2
1501,402,1,2
1501,403,1,2
1501,404,1,2
1501,405,1,2
1501,406,1,2
1501,407,1,2
1501,408,1,2
1501,409,1,2
1501,410,1,2
1501,411,1,2
1501,412,1,2
1501,413,1,2
1501,414,1,2
1501,415,1,2
1501,416,1,2
1501,417,1,2
1501,418,1,2
1501,419,1,2
1501,420,1,2
1501,421,1,2
1501,422,1,2
1501,423,1,2
1501,424,1,2
1501,425,1,2
1501,426,1,2
1501,427,1,2
1501,428,1,2
1501,429,1,2
1501,430,1,2
1501,431,1,2
1501,432,1,2
1501,433,1,2
1501,434,1,2
1501,435,1,2
1501,436,1,2
1501,437,1,2
1501,438,1,2
1501,439,1,2
1501,440,1,2
1501,441,1,2
1501,442,1,2
1501,443,1,2
1501,444,1,2
1501,445,1,2
1501,446,1,2
1501,447,1,2
1501,448,1,2
1501,449,1,2
1501,450,1,2
1501,451,1,3
1501,452,1,3
1501,453,1,3
1501,454,1,3
1501,455,1,3
1501,456,1,3
1501,457,1,3
1501,458,1,3
1501,459,1,3
1501,460,1,3
1501,461,1,3
1501,462,1,3
1501,463,1,3
1501,464,1,3
1501,465,1,3
1501,466,1,3
1502,103,1,3
1502,104,1,3
1502,105,1,3
1502,106,1,3
1502,107,1,3
1502,108,1,3
1502,109,1,3
1502,110,1,3
1502,111,1,3
1502,112,1,3
1502,113,1,3
1502,114,1,3
1502,115,1,3
1502,116,1,3
1502,117,1,3
1502,118,1,3
1502,119,1,3
1502,120,1,3
1502,121,1,3
1502,122,1,3
1502,123,1,3
1502,124,1,3
1502,125,1,3
1502,126,1,3
1502,127,1,3
1502,128,1,3
1502,129,1,3
1502,130,1,3
1502,131,1,3
1502,132,1,3
1502,133,1,3
1502,134,1,3
1502,135,1,3
1502,136,1,3
1502,137,1,3
1502,138,1,3
1502,139,1,3
1502,140,1,3
1502,141,1,3
1502,142,1,3
1502,143,1,3
1502,144,1,3
1502,145,1,3
1502,146,1,3
1502,147,1,3
1502,148,1,3
1502,149,1,3
1502,150,1,3
1502,151,1,3
1502,152,1,3
1502,153,1,3
1502,154,1,3
1502,155,1,3
1502,156,1,3
1502,157,1,3
1502,158,1,3
1502,159,1,3
1502,160,1,3
1502,161,1,3
1502,162,1,2
1502,163,1,2
1502,164,1,2
1502,165,1,2
1502,166,1,2
1502,167,1,2
1502,168,1,2
1502,169,1,2
1502,170,1,2
1502,171,1,2
1502,172,1,2
1502,173,1,2
1502,174,1,2
1502,175,1,2
1502,176,1,2
1502,177,1,2
1502,178,1,2
1502,179,1,2
1502,180,1,2
1502,181,1,2
1502,182,1,2
1502,183,1,2
1502,184,1,2
1502,185,1,2
1502,186,1,2
1502,187,1,2
1502,188,1,2
1502,189,1,2
1502,190,1,2
1502,191,1,2
1502,192,1,2
1502,193,1,2
1502,194,1,2
1502,195,1,2
1502,196,1,2
1502,197,1,2
1502,198,1,2
1502,199,1,2
1502,200,1,2
1502,201,1,2
1502,202,1,2
1502,203,1,2
1502,204,1,2
1502,205,1,2
1502,206,1,2
1502,207,1,2
1502,208,1,2
1502,209,1,2
1502,210,1,2
1502,211,1,2
1502,212,1,2
1502,213,1,2
1502,214,1,2
1502,215,1,2
1502,216,1,2
1502,217,1,2
1502,218,1,2
1502,219,1,2
1502,220,1,2
1502,221,1,2
1502,222,1,2
1502,223,1,3
1502,224,1,3
1502,225,1,3
1502,226,1,3
1502,227,1,3
1502,228,1,3
1502,229,1,3
1502,230,1,3
1502,231,1,3
1502,232,1,3
1502,233,1,3
1502,234,1,3
1502,235,1,3
1502,236,1,3
1502,237,1,3
1502,238,1,3
1502,239,1,3
1502,240,1,3
1502,241,1,3
1502,242,1,3
1502,243,1,3
1502,244,1,3
1502,245,1,3
1502,246,1,3
1502,247,1,3
1502,248,1,3
1502,249,1,3
1502,250,1,3
1502,251,1,3
1502,252,1,3
1502,253,1,3
1502,254,1,3
1502,255,1,3
1502,256,1,3
1502,257,1,3
1502,258,1,3
1502,259,1,3
1502,260,1,3
1502,261,1,3
1502,262,1,3
1502,263,1,3
1502,264,1,3
1502,265,1,3
1502,266,1,3
1502,267,1,3
1502,268,1,3
1502,269,1,3
1502,270,1,3
1502,271,1,3
1502,272,1,3
1502,273,1,3
1502,274,1,3
1502,275,1,3
1502,276,1,3
1502,277,1,3
1502,278,1,3
1502,279,1,3
1502,280,1,3
1502,281,1,3
1502,282,1,3
1502,283,1,3
1502,284,1,3
1502,285,1,3
1502,286,1,3
1502,287,1,3
1502,288,1,3
1502,289,1,3
1502,290,1,3
1502,291,1,3
1502,292,1,3
1502,293,1,3
1502,294,1,3
1502,295,1,3
1502,296,1,3
1502,297,1,3
1502,298,1,3
1502,299,1,3
1502,300,1,3
1502,301,1,3
1502,302,1,3
1502,303,1,3
1502,304,1,3
1502,305,1,3
1502,306,1,3
1502,307,1,3
1502,308,1,3
1502,309,1,3
1502,310,1,3
1502,311,1,3
1502,312,1,3
1502,313,1,3
1502,314,1,3
1502,315,1,3
1502,316,1,3
1502,317,1,3
1502,318,1,3
1502,319,1,3
1502,320,1,3
1502,321,1,3
1502,322,1,3
1502,323,1,3
1502,324,1,3
1502,325,1,3
1502,326,1,3
1502,327,1,3
1502,328,1,3
1502,329,1,3
1502,330,1,3
1502,331,1,3
1502,332,1,3
1502,333,1,3
1502,334,1,3
1502,335,1,3
1502,336,1,3
1502,337,1,3
1502,338,1,3
1502,339,1,3
1502,340,1,3
1502,341,1,3
1502,342,1,3
1502,343,1,3
1502,344,1,3
1502,345,1,3
1502,346,1,3
1502,347,1,3
1502,348,1,3
1502,349,1,3
1502,350,1,3
1502,351,1,3
1502,352,1,3
1502,353,1,3
1502,354,1,3
1502,355,1,3
1502,356,1,3
1502,357,1,3
1502,358,1,3
1502,359,1,3
1502,360,1,3
1502,361,1,3
1502,362,1,3
1502,363,1,3
1502,364,1,3
1502,365,1,3
1502,366,1,3
1502,367,1,3
1502,368,1,3
1502,369,1,3
1502,370,1,3
1502,371,1,3
1502,372,1,3
1502,373,1,3
1502,374,1,3
1502,375,1,3
1502,376,1,3
1502,377,1,2
1502,378,1,2
1502,379,1,2
1502,380,1,2
1502,381,1,2
1502,382,1,2
1502,383,1,2
1502,384,1,2
1502,385,1,2
1502,386,1,2
1502,387,1,2
1502,388,1,2
1502,389,1,2
1502,390,1,2
1502,391,1,2
1502,392,1,2
1502,393,1,2
1502,394,1,2
1502,395,1,2
1502,396,1,2
1502,397,1,2
1502,398,1,2
1502,399,1,2
1502,400,1,2
1502,401,1,2
1502,402,1,2
1502,403,1,2
1502,404,1,2
1502,405,1,2
1502,406,1,2
1502,407,1,2
1502,408,1,2
1502,409,1,2
1502,410,1,2
1502,411,1,2
1502,412,1,2
1502,413,1,2
1502,414,1,2
1502,415,1,2
1502,416,1,2
1502,417,1,2
1502,418,1,2
1502,419,1,2
1502,420,1,2
1502,421,1,2
1502,422,1,2
1502,423,1,2
1502,424,1,2
1502,425,1,2
1502,426,1,2
1502,427,1,2
1502,428,1,2
1502,429,1,2
1502,430,1,2
1502,431,1,2
1502,432,1,2
1502,433,1,2
1502,434,1,2
1502,435,1,2
1502,436,1,2
1502,437,1,2
1502,438,1,2
1502,439,1,2
1502,440,1,2
1502,441,1,2
1502,442,1,2
1502,443,1,2
1502,444,1,2
1502,445,1,2
1502,446,1,2
1502,447,1,2
1502,448,1,2
1502,449,1,2
1502,450,1,2
1502,451,1,3
1502,452,1,3
1502,453,1,3
1502,454,1,3
1502,455,1,3
1502,456,1,3
1502,457,1,3
1502,458,1,3
1502,459,1,3
1502,460,1,3
1502,461,1,3
1502,462,1,3
1502,463,1,3
1502,464,1,3
1502,465,1,3
1502,466,1,3
1503,103,1,3
1503,104,1,3
1503,105,1,3
1503,106,1,3
1503,107,1,3
1503,108,1,3
1503,109,1,3
1503,110,1,3
1503,111,1,3
1503,112,1,3
1503,113,1,3
1503,114,1,3
1503,115,1,3
1503,116,1,3
1503,117,1,3
1503,118,1,3
1503,119,1,3
1503,120,1,3
1503,121,1,3
1503,122,1,3
1503,123,1,3
1503,124,1,3
1503,125,1,3
1503,126,1,3
1503,127,1,3
1503,128,1,3
1503,129,1,3
1503,130,1,3
1503,131,1,3
1503,132,1,3
1503,133,1,3
1503,134,1,3
1503,135,1,3
1503,136,1,3
1503,137,1,3
1503,138,1,3
1503,139,1,3
1503,140,1,3
1503,141,1,3
1503,142,1,3
1503,143,1,3
1503,144,1,3
1503,145,1,3
1503,146,1,3
1503,147,1,3
1503,148,1,3
1503,149,1,3
1503,150,1,3
1503,151,1,3
1503,152,1,3
1503,153,1,3
1503,154,1,3
1503,155,1,3
1503,156,1,3
1503,157,1,3
1503,158,1,3
1503,159,1,3
1503,160,1,3
1503,161,1,2
1503,162,1,2
1503,163,1,2
1503,164,1,2
1503,165,1,2
1503,166,1,2
1503,167,1,2
1503,168,1,2
1503,169,1,2
1503,170,1,2
1503,171,1,2
1503,172,1,2
1503,173,1,2
1503,174,1,2
1503,175,1,2
1503,176,1,2
1503,177,1,2
1503,178,1,2
1503,179,1,2
1503,180,1,2
1503,181,1,2
1503,182,1,2
1503,183,1,2
1503,184,1,2
1503,185,1,2
1503,186,1,2
1503,187,1,2
1503,188,1,2
1503,189,1,2
1503,190,1,2
1503,191,1,2
1503,192,1,2
1503,193,1,2
1503,194,1,2
1503,195,1,2
1503,196,1,2
1503,197,1,2
1503,198,1,2
1503,199,1,2
1503,200,1,2
1503,201,1,2
1503,202,1,2
1503,203,1,2
1503,204,1,2
1503,205,1,2
1503,206,1,2
1503,207,1,2
1503,208,1,2
1503,209,1,2
1503,210,1,2
1503,211,1,2
1503,212,1,2
1503,213,1,2
1503,214,1,2
1503,215,1,2
1503,216,1,2
1503,217,1,2
1503,218,1,2
1503,219,1,2
1503,220,1,2
1503,221,1,2
1503,222,1,2
1503,223,1,2
1503,224,1,2
1503,225,1,3
1503,226,1,3
1503,227,1,3
1503,228,1,3
1503,229,1,3
1503,230,1,3
1503,231,1,3
1503,232,1,3
1503,233,1,3
1503,234,1,3
1503,235,1,3
1503,236,1,3
1503,237,1,3
1503,238,1,3
1503,239,1,3
1503,240,1,3
1503,241,1,3
1503,242,1,3
1503,243,1,3
1503,244,1,3
1503,245,1,3
1503,246,1,3
1503,247,1,3
1503,248,1,3
1503,249,1,3
1503,250,1,3
1503,251,1,3
1503,252,1,3
1503,253,1,3
1503,254,1,3
1503,255,1,3
1503,256,1,3
1503,257,1,3
1503,258,1,3
1503,259,1,3
1503,260,1,3
1503,261,1,3
1503,262,1,3
1503,263,1,3
1503,264,1,3
1503,265,1,3
1503,266,1,3
1503,267,1,3
1503,268,1,3
1503,269,1,3
1503,270,1,3
1503,271,1,3
1503,272,1,3
1503,273,1,3
1503,274,1,3
1503,275,1,3
1503,276,1,3
1503,277,1,3
1503,278,1,3
1503,279,1,3
1503,280,1,3
1503,281,1,3
1503,282,1,3
1503,283,1,3
1503,284,1,3
1503,285,1,3
1503,286,1,3
1503,287,1,3
1503,288,1,3
1503,289,1,3
1503,290,1,3
1503,291,1,3
1503,292,1,3
1503,293,1,3
1503,294,1,3
1503,295,1,3
1503,296,1,3
1503,297,1,3
1503,298,1,3
1503,299,1,3
1503,300,1,3
1503,301,1,3
1503,302,1,3
1503,303,1,3
1503,304,1,3
1503,305,1,3
1503,306,1,3
1503,307,1,3
1503,308,1,3
1503,309,1,3
1503,310,1,3
1503,311,1,3
1503,312,1,3
1503,313,1,3
1503,314,1,3
1503,315,1,3
1503,316,1,3
1503,317,1,3
1503,318,1,3
1503,319,1,3
1503,320,1,3
1503,321,1,3
1503,322,1,3
1503,323,1,3
1503,324,1,3
1503,325,1,3
1503,326,1,3
1503,327,1,3
1503,328,1,3
1503,329,1,3
1503,330,1,3
1503,331,1,3
1503,332,1,3
1503,333,1,3
1503,334,1,3
1503,335,1,3
1503,336,1,3
1503,337,1,3
1503,338,1,3
1503,339,1,3
1503,340,1,3
1503,341,1,3
1503,342,1,3
1503,343,1,3
1503,344,1,3
1503,345,1,3
1503,346,1,3
1503,347,1,3
1503,348,1,3
1503,349,1,3
1503,350,1,3
1503,351,1,3
1503,352,1,3
1503,353,1,3
1503,354,1,3
1503,355,1,3
1503,356,1,3
1503,357,1,3
1503,358,1,3
1503,359,1,3
1503,360,1,3
1503,361,1,3
1503,362,1,3
1503,363,1,3
1503,364,1,3
1503,365,1,3
1503,366,1,3
1503,367,1,3
1503,368,1,3
1503,369,1,3
1503,370,1,3
1503,371,1,3
1503,372,1,3
1503,373,1,3
1503,374,1,3
1503,375,1,3
1503,376,1,3
1503,377,1,2
1503,378,1,2
1503,379,1,2
1503,380,1,2
1503,381,1,2
1503,382,1,2
1503,383,1,2
1503,384,1,2
1503,385,1,2
1503,386,1,2
1503,387,1,2
1503,388,1,2
1503,389,1,2
1503,390,1,2
1503,391,1,2
1503,392,1,2
1503,393,1,2
1503,394,1,2
1503,395,1,2
1503,396,1,2
1503,397,1,2
1503,398,1,2
1503,399,1,2
1503,400,1,2
1503,401,1,2
1503,402,1,2
1503,403,1,2
1503,404,1,2
1503,405,1,2
1503,406,1,2
1503,407,1,2
1503,408,1,2
1503,409,1,2
1503,410,1,2
1503,411,1,2
1503,412,1,2
1503,413,1,2
1503,414,1,2
1503,415,1,2
1503,416,1,2
1503,417,1,2
1503,418,1,2
1503,419,1,2
1503,420,1,2
1503,421,1,2
1503,422,1,2
1503,423,1,2
1503,424,1,2
1503,425,1,2
1503,426,1,2
1503,427,1,2
1503,428,1,2
1503,429,1,2
1503,430,1,2
1503,431,1,2
1503,432,1,2
1503,433,1,2
1503,434,1,2
1503,435,1,2
1503,436,1,2
1503,437,1,2
1503,438,1,2
1503,439,1,2
1503,440,1,2
1503,441,1,2
1503,442,1,2
1503,443,1,2
1503,444,1,2
1503,445,1,2
1503,446,1,2
1503,447,1,2
1503,448,1,2
1503,449,1,2
1503,450,1,2
1503,451,1,3
1503,452,1,3
1503,453,1,3
1503,454,1,3
1503,455,1,3
1503,456,1,3
1503,457,1,3
1503,458,1,3
1503,459,1,3
1503,460,1,3
1503,461,1,3
1503,462,1,3
1503,463,1,3
1503,464,1,3
1503,465,1,3
1503,466,1,3
1504,102,1,3
1504,103,1,3
1504,104,1,3
1504,105,1,3
1504,106,1,3
1504,107,1,3
1504,108,1,3
1504,109,1,3
1504,110,1,3
1504,111,1,3
1504,112,1,3
1504,113,1,3
1504,114,1,3
1504,115,1,3
1504,116,1,3
1504,117,1,3
1504,118,1,3
1504,119,1,3
1504,120,1,3
1504,121,1,3
1504,122,1,3
1504,123,1,3
1504,124,1,3
1504,125,1,3
1504,126,1,3
1504,127,1,3
1504,128,1,3
1504,129,1,3
1504,130,1,3
1504,131,1,3
1504,132,1,3
1504,133,1,3
1504,134,1,3
1504,135,1,3
1504,136,1,3
1504,137,1,3
1504,138,1,3
1504,139,1,3
1504,140,1,3
1504,141,1,3
1504,142,1,3
1504,143,1,3
1504,144,1,3
1504,145,1,3
1504,146,1,3
1504,147,1,3
1504,148,1,3
1504,149,1,3
1504,150,1,3
1504,151,1,3
1504,152,1,3
1504,153,1,3
1504,154,1,3
1504,155,1,3
1504,156,1,3
1504,157,1,3
1504,158,1,3
1504,159,1,3
1504,160,1,3
1504,161,1,2
1504,162,1,2
1504,163,1,2
1504,164,1,2
1504,165,1,2
1504,166,1,2
1504,167,1,2
1504,168,1,2
1504,169,1,2
1504,170,1,2
1504,171,1,2
1504,172,1,2
1504,173,1,2
1504,174,1,2
1504,175,1,2
1504,176,1,2
1504,177,1,2
1504,178,1,2
1504,179,1,2
1504,180,1,2
1504,181,1,2
1504,182,1,2
1504,183,1,2
1504,184,1,2
1504,185,1,2
1504,186,1,2
1504,187,1,2
1504,188,1,2
1504,189,1,2
1504,190,1,2
1504,191,1,2
1504,192,1,2
1504,193,1,2
1504,194,1,2
1504,195,1,2
1504,196,1,2
1504,197,1,2
1504,198,1,2
1504,199,1,2
1504,200,1,2
1504,201,1,2
1504,202,1,2
1504,203,1,2
1504,204,1,2
1504,205,1,2
1504,206,1,2
1504,207,1,2
1504,208,1,2
1504,209,1,2
1504,210,1,2
1504,211,1,2
1504,212,1,2
1504,213,1,2
1504,214,1,2
1504,215,1,2
1504,216,1,2
1504,217,1,2
1504,218,1,2
1504,219,1,2
1504,220,1,2
1504,221,1,2
1504,222,1,2
1504,223,1,2
1504,224,1,2
1504,225,1,3
1504,226,1,3
1504,227,1,3
1504,228,1,3
1504,229,1,3
1504,230,1,3
1504,231,1,3
1504,232,1,3
1504,233,1,3
1504,234,1,3
1504,235,1,3
1504,236,1,3
1504,237,1,3
1504,238,1,3
1504,239,1,3
1504,240,1,3
1504,241,1,3
1504,242,1,3
1504,243,1,3
1504,244,1,3
1504,245,1,3
1504,246,1,3
1504,247,1,3
1504,248,1,3
1504,249,1,3
1504,250,1,3
1504,251,1,3
1504,252,1,3
1504,253,1,3
1504,254,1,3
1504,255,1,3
1504,256,1,3
1504,257,1,3
1504,258,1,3
1504,259,1,3
1504,260,1,3
1504,261,1,3
1504,262,1,3
1504,263,1,3
1504,264,1,3
1504,265,1,3
1504,266,1,3
1504,267,1,3
1504,268,1,3
1504,269,1,3
1504,270,1,3
1504,271,1,3
1504,272,1,3
1504,273,1,3
1504,274,1,3
1504,275,1,3
1504,276,1,3
1504,277,1,3
1504,278,1,3
1504,279,1,3
1504,280,1,3
1504,281,1,3
1504,282,1,3
1504,283,1,3
1504,284,1,3
1504,285,1,3
1504,286,1,3
1504,287,1,3
1504,288,1,3
1504,289,1,3
1504,290,1,3
1504,291,1,3
1504,292,1,3
1504,293,1,3
1504,294,1,3
1504,295,1,3
1504,296,1,3
1504,297,1,3
1504,298,1,3
1504,299,1,3
1504,300,1,3
1504,301,1,3
1504,302,1,3
1504,303,1,3
1504,304,1,3
1504,305,1,3
1504,306,1,3
1504,307,1,3
1504,308,1,3
1504,309,1,3
1504,310,1,3
1504,311,1,3
1504,312,1,3
1504,313,1,3
1504,314,1,3
1504,315,1,3
1504,316,1,3
1504,317,1,3
1504,318,1,3
1504,319,1,3
1504,320,1,3
1504,321,1,3
1504,322,1,3
1504,323,1,3
1504,324,1,3
1504,325,1,3
1504,326,1,3
1504,327,1,3
1504,328,1,3
1504,329,1,3
1504,330,1,3
1504,331,1,3
1504,332,1,3
1504,333,1,3
1504,334,1,3
1504,335,1,3
1504,336,1,3
1504,337,1,3
1504,338,1,3
1504,339,1,3
1504,340,1,3
1504,341,1,3
1504,342,1,3
1504,343,1,3
1504,344,1,3
1504,345,1,3
1504,346,1,3
1504,347,1,3
1504,348,1,3
1504,349,1,3
1504,350,1,3
1504,351,1,3
1504,352,1,3
1504,353,1,3
1504,354,1,3
1504,355,1,3
1504,356,1,3
1504,357,1,3
1504,358,1,3
1504,359,1,3
1504,360,1,3
1504,361,1,3
1504,362,1,3
1504,363,1,3
1504,364,1,3
1504,365,1,3
1504,366,1,3
1504,367,1,3
1504,368,1,3
1504,369,1,3
1504,370,1,3
1504,371,1,3
1504,372,1,3
1504,373,1,3
1504,374,1,3
1504,375,1,3
1504,376,1,3
1504,377,1,2
1504,378,1,2
1504,379,1,2
1504,380,1,2
1504,381,1,2
1504,382,1,2
1504,383,1,2
1504,384,1,2
1504,385,1,2
1504,386,1,2
1504,387,1,2
1504,388,1,2
1504,389,1,2
1504,390,1,2
1504,391,1,2
1504,392,1,2
1504,393,1,2
1504,394,1,2
1504,395,1,2
1504,396,1,2
1504,397,1,2
1504,398,1,2
1504,399,1,2
1504,400,1,2
1504,401,1,2
1504,402,1,2
1504,403,1,2
1504,404,1,2
1504,405,1,2
1504,406,1,2
1504,407,1,2
1504,408,1,2
1504,409,1,2
1504,410,1,2
1504,411,1,2
1504,412,1,2
1504,413,1,2
1504,414,1,2
1504,415,1,2
1504,416,1,2
1504,417,1,2
1504,418,1,2
1504,419,1,2
1504,420,1,2
1504,421,1,2
1504,422,1,2
1504,423,1,2
1504,424,1,2
1504,425,1,2
1504,426,1,2
1504,427,1,2
1504,428,1,2
1504,429,1,2
1504,430,1,2
1504,431,1,2
1504,432,1,2
1504,433,1,2
1504,434,1,2
1504,435,1,2
1504,436,1,2
1504,437,1,2
1504,438,1,2
1504,439,1,2
1504,440,1,2
1504,441,1,2
1504,442,1,2
1504,443,1,2
1504,444,1,2
1504,445,1,2
1504,446,1,2
1504,447,1,2
1504,448,1,2
1504,449,1,2
1504,450,1,2
1504,451,1,3
1504,452,1,3
1504,453,1,3
1504,454,1,3
1504,455,1,3
1504,456,1,3
1504,457,1,3
1504,458,1,3
1504,459,1,3
1504,460,1,3
1504,461,1,3
1504,462,1,3
1504,463,1,3
1504,464,1,3
1504,465,1,3
1504,466,1,3
1505,102,1,3
1505,103,1,3
1505,104,1,3
1505,105,1,3
1505,106,1,3
1505,107,1,3
1505,108,1,3
1505,109,1,3
1505,110,1,3
1505,111,1,3
1505,112,1,3
1505,113,1,3
1505,114,1,3
1505,115,1,3
1505,116,1,3
1505,117,1,3
1505,118,1,3
1505,119,1,3
1505,120,1,3
1505,121,1,3
1505,122,1,3
1505,123,1,3
1505,124,1,3
1505,125,1,3
1505,126,1,3
1505,127,1,3
1505,128,1,3
1505,129,1,3
1505,130,1,3
1505,131,1,3
1505,132,1,3
1505,133,1,3
1505,134,1,3
1505,135,1,3
1505,136,1,3
1505,137,1,3
1505,138,1,3
1505,139,1,3
1505,140,1,3
1505,141,1,3
1505,142,1,3
1505,143,1,3
1505,144,1,3
1505,145,1,3
1505,146,1,3
1505,147,1,3
1505,148,1,3
1505,149,1,3
1505,150,1,3
1505,151,1,3
1505,152,1,3
1505,153,1,3
1505,154,1,3
1505,155,1,3
1505,156,1,3
1505,157,1,3
1505,158,1,2
1505,159,1,2
1505,160,1,2
1505,161,1,2
1505,162,1,2
1505,163,1,2
1505,164,1,2
1505,165,1,2
1505,166,1,2
1505,167,1,2
1505,168,1,2
1505,169,1,2
1505,170,1,2
1505,171,1,2
1505,172,1,2
1505,173,1,2
1505,174,1,2
1505,175,1,2
1505,176,1,2
1505,177,1,2
1505,178,1,2
1505,179,1,2
1505,180,1,2
1505,181,1,2
1505,182,1,2
1505,183,1,2
1505,184,1,2
1505,185,1,2
1505,186,1,2
1505,187,1,2
1505,188,1,2
1505,189,1,2
1505,190,1,2
1505,191,1,2
1505,192,1,2
1505,193,1,2
1505,194,1,2
1505,195,1,2
1505,196,1,2
1505,197,1,2
1505,198,1,2
1505,199,1,2
1505,200,1,2
1505,201,1,2
1505,202,1,2
1505,203,1,2
1505,204,1,2
1505,205,1,2
1505,206,1,2
1505,207,1,2
1505,208,1,2
1505,209,1,2
1505,210,1,2
1505,211,1,2
1505,212,1,2
1505,213,1,2
1505,214,1,2
1505,215,1,2
1505,216,1,2
1505,217,1,2
1505,218,1,2
1505,219,1,2
1505,220,1,2
1505,221,1,2
1505,222,1,2
1505,223,1,2
1505,224,1,2
1505,225,1,2
1505,226,1,2
1505,227,1,3
1505,228,1,3
1505,229,1,3
1505,230,1,3
1505,231,1,3
1505,232,1,3
1505,233,1,3
1505,234,1,3
1505,235,1,3
1505,236,1,3
1505,237,1,3
1505,238,1,3
1505,239,1,3
1505,240,1,3
1505,241,1,3
1505,242,1,3
1505,243,1,3
1505,244,1,3
1505,245,1,3
1505,246,1,3
1505,247,1,3
1505,248,1,3
1505,249,1,3
1505,250,1,3
1505,251,1,3
1505,252,1,3
1505,253,1,3
1505,254,1,3
1505,255,1,3
1505,256,1,3
1505,257,1,3
1505,258,1,3
1505,259,1,3
1505,260,1,3
1505,261,1,3
1505,262,1,3
1505,263,1,3
1505,264,1,3
1505,265,1,3
1505,266,1,3
1505,267,1,3
1505,268,1,3
1505,269,1,3
1505,270,1,3
1505,271,1,3
1505,272,1,3
1505,273,1,3
1505,274,1,3
1505,275,1,3
1505,276,1,3
1505,277,1,3
1505,278,1,3
1505,279,1,3
1505,280,1,3
1505,281,1,3
1505,282,1,3
1505,283,1,3
1505,284,1,3
1505,285,1,3
1505,286,1,3
1505,287,1,3
1505,288,1,3
1505,289,1,3
1505,290,1,3
1505,291,1,3
1505,292,1,3
1505,293,1,3
1505,294,1,3
1505,295,1,3
1505,296,1,3
1505,297,1,3
1505,298,1,3
1505,299,1,3
1505,300,1,3
1505,301,1,3
1505,302,1,3
1505,303,1,3
1505,304,1,3
1505,305,1,3
1505,306,1,3
1505,307,1,3
1505,308,1,3
1505,309,1,3
1505,310,1,3
1505,311,1,3
1505,312,1,3
1505,313,1,3
1505,314,1,3
1505,315,1,3
1505,316,1,3
1505,317,1,3
1505,318,1,3
1505,319,1,3
1505,320,1,3
1505,321,1,3
1505,322,1,3
1505,323,1,3
1505,324,1,3
1505,325,1,3
1505,326,1,3
1505,327,1,3
1505,328,1,3
1505,329,1,3
1505,330,1,3
1505,331,1,3
1505,332,1,3
1505,333,1,3
1505,334,1,3
1505,335,1,3
1505,336,1,3
1505,337,1,3
1505,338,1,3
1505,339,1,3
1505,340,1,3
1505,341,1,3
1505,342,1,3
1505,343,1,3
1505,344,1,3
1505,345,1,3
1505,346,1,3
1505,347,1,3
1505,348,1,3
1505,349,1,3
1505,350,1,3
1505,351,1,3
1505,352,1,3
1505,353,1,3
1505,354,1,3
1505,355,1,3
1505,356,1,3
1505,357,1,3
1505,358,1,3
1505,359,1,3
1505,360,1,3
1505,361,1,3
1505,362,1,3
1505,363,1,3
1505,364,1,3
1505,365,1,3
1505,366,1,3
1505,367,1,3
1505,368,1,3
1505,369,1,3
1505,370,1,3
1505,371,1,3
1505,372,1,3
1505,373,1,3
1505,374,1,3
1505,375,1,3
1505,376,1,3
1505,377,1,3
1505,378,1,2
1505,379,1,2
1505,380,1,2
1505,381,1,2
1505,382,1,2
1505,383,1,2
1505,384,1,2
1505,385,1,2
1505,386,1,2
1505,387,1,2
1505,388,1,2
1505,389,1,2
1505,390,1,2
1505,391,1,2
1505,392,1,2
1505,393,1,2
1505,394,1,2
1505,395,1,2
1505,396,1,2
1505,397,1,2
1505,398,1,2
1505,399,1,2
1505,400,1,2
1505,401,1,2
1505,402,1,2
1505,403,1,2
1505,404,1,2
1505,405,1,2
1505,406,1,2
1505,407,1,2
1505,408,1,2
1505,409,1,2
1505,410,1,2
1505,411,1,2
1505,412,1,2
1505,413,1,2
1505,414,1,2
1505,415,1,2
1505,416,1,2
1505,417,1,2
1505,418,1,2
1505,419,1,2
1505,420,1,2
1505,421,1,2
1505,422,1,2
1505,423,1,2
1505,424,1,2
1505,425,1,2
1505,426,1,2
1505,427,1,2
1505,428,1,2
1505,429,1,2
1505,430,1,2
1505,431,1,2
1505,432,1,2
1505,433,1,2
1505,434,1,2
1505,435,1,2
1505,436,1,2
1505,437,1,2
1505,438,1,2
1505,439,1,2
1505,440,1,2
1505,441,1,2
1505,442,1,2
1505,443,1,2
1505,444,1,2
1505,445,1,2
1505,446,1,2
1505,447,1,2
1505,448,1,2
1505,449,1,2
1505,450,1,2
1505,451,1,3
1505,452,1,3
1505,453,1,3
1505,454,1,3
1505,455,1,3
1505,456,1,3
1505,457,1,3
1505,458,1,3
1505,459,1,3
1505,460,1,3
1505,461,1,3
1505,462,1,3
1505,463,1,3
1505,464,1,3
1505,465,1,3
1505,466,1,3
1506,102,1,3
1506,103,1,3
1506,104,1,3
1506,105,1,3
1506,106,1,3
1506,107,1,3
1506,108,1,3
1506,109,1,3
1506,110,1,3
1506,111,1,3
1506,112,1,3
1506,113,1,3
1506,114,1,3
1506,115,1,3
1506,116,1,3
1506,117,1,3
1506,118,1,3
1506,119,1,3
1506,120,1,3
1506,121,1,3
1506,122,1,3
1506,123,1,3
1506,124,1,3
1506,125,1,3
1506,126,1,3
1506,127,1,3
1506,128,1,3
1506,129,1,3
1506,130,1,3
1506,131,1,3
1506,132,1,3
1506,133,1,3
1506,134,1,3
1506,135,1,3
1506,136,1,3
1506,137,1,3
1506,138,1,3
1506,139,1,3
1506,140,1,3
1506,141,1,3
1506,142,1,3
1506,143,1,3
1506,144,1,3
1506,145,1,3
1506,146,1,3
1506,147,1,3
1506,148,1,3
1506,149,1,3
1506,150,1,3
1506,151,1,3
1506,152,1,3
1506,153,1,3
1506,154,1,3
1506,155,1,3
1506,156,1,2
1506,157,1,2
1506,158,1,2
1506,159,1,2
1506,160,1,2
1506,161,1,2
1506,162,1,2
1506,163,1,2
1506,164,1,2
1506,165,1,2
1506,166,1,2
1506,167,1,2
1506,168,1,2
1506,169,1,2
1506,170,1,2
1506,171,1,2
1506,172,1,2
1506,173,1,2
1506,174,1,2
1506,175,1,2
1506,176,1,2
1506,177,1,2
1506,178,1,2
1506,179,1,2
1506,180,1,2
1506,181,1,2
1506,182,1,2
1506,183,1,2
1506,184,1,2
1506,185,1,2
1506,186,1,2
1506,187,1,2
1506,188,1,2
1506,189,1,2
1506,190,1,2
1506,191,1,2
1506,192,1,2
1506,193,1,2
1506,194,1,2
1506,195,1,2
1506,196,1,2
1506,197,1,2
1506,198,1,2
1506,199,1,2
1506,200,1,2
1506,201,1,2
1506,202,1,2
1506,203,1,2
1506,204,1,2
1506,205,1,2
1506,206,1,2
1506,207,1,2
1506,208,1,2
1506,209,1,2
1506,210,1,2
1506,211,1,2
1506,212,1,2
1506,213,1,2
1506,214,1,2
1506,215,1,2
1506,216,1,2
1506,217,1,2
1506,218,1,2
1506,219,1,2
1506,220,1,2
1506,221,1,2
1506,222,1,2
1506,223,1,2
1506,224,1,2
1506,225,1,2
1506,226,1,2
1506,227,1,2
1506,228,1,2
1506,229,1,3
1506,230,1,3
1506,231,1,3
1506,232,1,3
1506,233,1,3
1506,234,1,3
1506,235,1,3
1506,236,1,3
1506,237,1,3
1506,238,1,3
1506,239,1,3
1506,240,1,3
1506,241,1,3
1506,242,1,3
1506,243,1,3
1506,244,1,3
1506,245,1,3
1506,246,1,3
1506,247,1,3
1506,248,1,3
1506,249,1,3
1506,250,1,3
1506,251,1,3
1506,252,1,3
1506,253,1,3
1506,254,1,3
1506,255,1,3
1506,256,1,3
1506,257,1,3
1506,258,1,3
1506,259,1,3
1506,260,1,3
1506,261,1,3
1506,262,1,3
1506,263,1,3
1506,264,1,3
1506,265,1,3
1506,266,1,3
1506,267,1,3
1506,268,1,3
1506,269,1,3
1506,270,1,3
1506,271,1,3
1506,272,1,3
1506,273,1,3
1506,274,1,3
1506,275,1,3
1506,276,1,3
1506,277,1,3
1506,278,1,3
1506,279,1,3
1506,280,1,3
1506,281,1,3
1506,282,1,3
1506,283,1,3
1506,284,1,3
1506,285,1,3
1506,286,1,3
1506,287,1,3
1506,288,1,3
1506,289,1,3
1506,290,1,3
1506,291,1,3
1506,292,1,3
1506,293,1,3
1506,294,1,3
1506,295,1,3
1506,296,1,3
1506,297,1,3
1506,298,1,3
1506,299,1,3
1506,300,1,3
1506,301,1,3
1506,302,1,3
1506,303,1,3
1506,304,1,3
1506,305,1,3
1506,306,1,3
1506,307,1,3
1506,308,1,3
1506,309,1,3
1506,310,1,3
1506,311,1,3
1506,312,1,3
1506,313,1,3
1506,314,1,3
1506,315,1,3
1506,316,1,3
1506,317,1,3
1506,318,1,3
1506,319,1,3
1506,320,1,3
1506,321,1,3
1506,322,1,3
1506,323,1,3
1506,324,1,3
1506,325,1,3
1506,326,1,3
1506,327,1,3
1506,328,1,3
1506,329,1,3
1506,330,1,3
1506,331,1,3
1506,332,1,3
1506,333,1,3
1506,334,1,3
1506,335,1,3
1506,336,1,3
1506,337,1,3
1506,338,1,3
1506,339,1,3
1506,340,1,3
1506,341,1,3
1506,342,1,3
1506,343,1,3
1506,344,1,3
1506,345,1,3
1506,346,1,3
1506,347,1,3
1506,348,1,3
1506,349,1,3
1506,350,1,3
1506,351,1,3
1506,352,1,3
1506,353,1,3
1506,354,1,3
1506,355,1,3
1506,356,1,3
1506,357,1,3
1506,358,1,3
1506,359,1,3
1506,360,1,3
1506,361,1,3
1506,362,1,3
1506,363,1,3
1506,364,1,3
1506,365,1,3
1506,366,1,3
1506,367,1,3
1506,368,1,3
1506,369,1,3
1506,370,1,3
1506,371,1,3
1506,372,1,3
1506,373,1,3
1506,374,1,3
1506,375,1,3
1506,376,1,3
1506,377,1,3
1506,378,1,2
1506,379,1,2
1506,380,1,2
1506,381,1,2
1506,382,1,2
1506,383,1,2
1506,384,1,2
1506,385,1,2
1506,386,1,2
1506,387,1,2
1506,388,1,2
1506,389,1,2
1506,390,1,2
1506,391,1,2
1506,392,1,2
1506,393,1,2
1506,394,1,2
1506,395,1,2
1506,396,1,2
1506,397,1,2
1506,398,1,2
1506,399,1,2
1506,400,1,2
1506,401,1,2
1506,402,1,2
1506,403,1,2
1506,404,1,2
1506,405,1,2
1506,406,1,2
1506,407,1,2
1506,408,1,2
1506,409,1,2
1506,410,1,2
1506,411,1,2
1506,412,1,2
1506,413,1,2
1506,414,1,2
1506,415,1,2
1506,416,1,2
1506,417,1,2
1506,418,1,2
1506,419,1,2
1506,420,1,2
1506,421,1,2
1506,422,1,2
1506,423,1,2
1506,424,1,2
1506,425,1,2
1506,426,1,2
1506,427,1,2
1506,428,1,2
1506,429,1,2
1506,430,1,2
1506,431,1,2
1506,432,1,2
1506,433,1,2
1506,434,1,2
1506,435,1,2
1506,436,1,2
1506,437,1,2
1506,438,1,2
1506,439,1,2
1506,440,1,2
1506,441,1,2
1506,442,1,2
1506,443,1,2
1506,444,1,2
1506,445,1,2
1506,446,1,2
1506,447,1,2
1506,448,1,2
1506,449,1,2
1506,450,1,2
1506,451,1,3
1506,452,1,3
1506,453,1,3
1506,454,1,3
1506,455,1,3
1506,456,1,3
1506,457,1,3
1506,458,1,3
1506,459,1,3
1506,460,1,3
1506,461,1,3
1506,462,1,3
1506,463,1,3
1506,464,1,3
1506,465,1,3
1506,466,1,3
1507,102,1,3
1507,103,1,3
1507,104,1,3
1507,105,1,3
1507,106,1,3
1507,107,1,3
1507,108,1,3
1507,109,1,3
1507,110,1,3
1507,111,1,3
1507,112,1,3
1507,113,1,3
1507,114,1,3
1507,115,1,3
1507,116,1,3
1507,117,1,3
1507,118,1,3
1507,119,1,3
1507,120,1,3
1507,121,1,3
1507,122,1,3
1507,123,1,3
1507,124,1,3
1507,125,1,3
1507,126,1,3
1507,127,1,3
1507,128,1,3
1507,129,1,3
1507,130,1,3
1507,131,1,3
1507,132,1,3
1507,133,1,3
1507,134,1,3
1507,135,1,3
1507,136,1,3
1507,137,1,3
1507,138,1,3
1507,139,1,3
1507,140,1,3
1507,141,1,3
1507,142,1,3
1507,143,1,3
1507,144,1,3
1507,145,1,3
1507,146,1,3
1507,147,1,3
1507,148,1,3
1507,149,1,3
1507,150,1,3
1507,151,1,3
1507,152,1,3
1507,153,1,3
1507,154,1,2
1507,155,1,2
1507,156,1,2
1507,157,1,2
1507,158,1,2
1507,159,1,2
1507,160,1,2
1507,161,1,2
1507,162,1,2
1507,163,1,2
1507,164,1,2
1507,165,1,2
1507,166,1,2
1507,167,1,2
1507,168,1,2
1507,169,1,2
1507,170,1,2
1507,171,1,2
1507,172,1,2
1507,173,1,2
1507,174,1,2
1507,175,1,2
1507,176,1,2
1507,177,1,2
1507,178,1,2
1507,179,1,2
1507,180,1,2
1507,181,1,2
1507,182,1,2
1507,183,1,2
1507,184,1,2
1507,185,1,2
1507,186,1,2
1507,187,1,2
1507,188,1,2
1507,189,1,2
1507,190,1,2
1507,191,1,2
1507,192,1,2
1507,193,1,2
1507,194,1,2
1507,195,1,2
1507,196,1,2
1507,197,1,2
1507,198,1,2
1507,199,1,2
1507,200,1,2
1507,201,1,2
1507,202,1,2
1507,203,1,2
1507,204,1,2
1507,205,1,2
1507,206,1,2
1507,207,1,2
1507,208,1,2
1507,209,1,2
1507,210,1,2
1507,211,1,2
1507,212,1,2
1507,213,1,2
1507,214,1,2
1507,215,1,2
1507,216,1,2
1507,217,1,2
1507,218,1,2
1507,219,1,2
1507,220,1,2
1507,221,1,2
1507,222,1,2
1507,223,1,2
1507,224,1,2
1507,225,1,2
1507,226,1,2
1507,227,1,2
1507,228,1,2
1507,229,1,2
1507,230,1,3
1507,231,1,3
1507,232,1,3
1507,233,1,3
1507,234,1,3
1507,235,1,3
1507,236,1,3
1507,237,1,3
1507,238,1,3
1507,239,1,3
1507,240,1,3
1507,241,1,3
1507,242,1,3
1507,243,1,3
1507,244,1,3
1507,245,1,3
1507,246,1,3
1507,247,1,3
1507,248,1,3
1507,249,1,3
1507,250,1,3
1507,251,1,3
1507,252,1,3
1507,253,1,3
1507,254,1,3
1507,255,1,3
1507,256,1,3
1507,257,1,3
1507,258,1,3
1507,259,1,3
1507,260,1,3
1507,261,1,3
1507,262,1,3
1507,263,1,3
1507,264,1,3
1507,265,1,3
1507,266,1,3
1507,267,1,3
1507,268,1,3
1507,269,1,3
1507,270,1,3
1507,271,1,3
1507,272,1,3
1507,273,1,3
1507,274,1,3
1507,275,1,3
1507,276,1,3
1507,277,1,3
1507,278,1,3
1507,279,1,3
1507,280,1,3
1507,281,1,3
1507,282,1,3
1507,283,1,3
1507,284,1,3
1507,285,1,3
1507,286,1,3
1507,287,1,3
1507,288,1,3
1507,289,1,3
1507,290,1,3
1507,291,1,3
1507,292,1,3
1507,293,1,3
1507,294,1,3
1507,295,1,3
1507,296,1,3
1507,297,1,3
1507,298,1,3
1507,299,1,3
1507,300,1,3
1507,301,1,3
1507,302,1,3
1507,303,1,3
1507,304,1,3
1507,305,1,3
1507,306,1,3
1507,307,1,3
1507,308,1,3
1507,309,1,3
1507,310,1,3
1507,311,1,3
1507,312,1,3
1507,313,1,3
1507,314,1,3
1507,315,1,3
1507,316,1,3
1507,317,1,3
1507,318,1,3
1507,319,1,3
1507,320,1,3
1507,321,1,3
1507,322,1,3
1507,323,1,3
1507,324,1,3
1507,325,1,3
1507,326,1,3
1507,327,1,3
1507,328,1,3
1507,329,1,3
1507,330,1,3
1507,331,1,3
1507,332,1,3
1507,333,1,3
1507,334,1,3
1507,335,1,3
1507,336,1,3
1507,337,1,3
1507,338,1,3
1507,339,1,3
1507,340,1,3
1507,341,1,3
1507,342,1,3
1507,343,1,3
1507,344,1,3
1507,345,1,3
1507,346,1,3
1507,347,1,3
1507,348,1,3
1507,349,1,3
1507,350,1,3
1507,351,1,3
1507,352,1,3
1507,353,1,3
1507,354,1,3
1507,355,1,3
1507,356,1,3
1507,357,1,3
1507,358,1,3
1507,359,1,3
1507,360,1,3
1507,361,1,3
1507,362,1,3
1507,363,1,3
1507,364,1,3
1507,365,1,3
1507,366,1,3
1507,367,1,3
1507,368,1,3
1507,369,1,3
1507,370,1,3
1507,371,1,3
1507,372,1,3
1507,373,1,3
1507,374,1,3
1507,375,1,3
1507,376,1,3
1507,377,1,3
1507,378,1,3
1507,379,1,2
1507,380,1,2
1507,381,1,2
1507,382,1,2
1507,383,1,2
1507,384,1,2
1507,385,1,2
1507,386,1,2
1507,387,1,2
1507,388,1,2
1507,389,1,2
1507,390,1,2
1507,391,1,2
1507,392,1,2
1507,393,1,2
1507,394,1,2
1507,395,1,2
1507,396,1,2
1507,397,1,2
1507,398,1,2
1507,399,1,2
1507,400,1,2
1507,401,1,2
1507,402,1,2
1507,403,1,2
1507,404,1,2
1507,405,1,2
1507,406,1,2
1507,407,1,2
1507,408,1,2
1507,409,1,2
1507,410,1,2
1507,411,1,2
1507,412,1,2
1507,413,1,2
1507,414,1,2
1507,415,1,2
1507,416,1,2
1507,417,1,2
1507,418,1,2
1507,419,1,2
1507,420,1,2
1507,421,1,2
1507,422,1,2
1507,423,1,2
1507,424,1,2
1507,425,1,2
1507,426,1,2
1507,427,1,2
1507,428,1,2
1507,429,1,2
1507,430,1,2
1507,431,1,2
1507,432,1,2
1507,433,1,2
1507,434,1,2
1507,435,1,2
1507,436,1,2
1507,437,1,2
1507,438,1,2
1507,439,1,2
1507,440,1,2
1507,441,1,2
1507,442,1,2
1507,443,1,2
1507,444,1,2
1507,445,1,2
1507,446,1,2
1507,447,1,2
1507,448,1,2
1507,449,1,2
1507,450,1,2
1507,451,1,3
1507,452,1,3
1507,453,1,3
1507,454,1,3
1507,455,1,3
1507,456,1,3
1507,457,1,3
1507,458,1,3
1507,459,1,3
1507,460,1,3
1507,461,1,3
1507,462,1,3
1507,463,1,3
1507,464,1,3
1507,465,1,3
1507,466,1,3
1508,101,1,3
1508,102,1,3
1508,103,1,3
1508,104,1,3
1508,105,1,3
1508,106,1,3
1508,107,1,3
1508,108,1,3
1508,109,1,3
1508,110,1,3
1508,111,1,3
1508,112,1,3
1508,113,1,3
1508,114,1,3
1508,115,1,3
1508,116,1,3
1508,117,1,3
1508,118,1,3
1508,119,1,3
1508,120,1,3
1508,121,1,3
1508,122,1,3
1508,123,1,3
1508,124,1,3
1508,125,1,3
1508,126,1,3
1508,127,1,3
1508,128,1,3
1508,129,1,3
1508,130,1,3
1508,131,1,3
1508,132,1,3
1508,133,1,3
1508,134,1,3
1508,135,1,3
1508,136,1,3
1508,137,1,3
1508,138,1,3
1508,139,1,3
1508,140,1,3
1508,141,1,3
1508,142,1,3
1508,143,1,3
1508,144,1,3
1508,145,1,3
1508,146,1,3
1508,147,1,3
1508,148,1,3
1508,149,1,3
1508,150,1,3
1508,151,1,3
1508,152,1,3
1508,153,1,2
1508,154,1,2
1508,155,1,2
1508,156,1,2
1508,157,1,2
1508,158,1,2
1508,159,1,2
1508,160,1,2
1508,161,1,2
1508,162,1,2
1508,163,1,2
1508,164,1,2
1508,165,1,2
1508,166,1,2
1508,167,1,2
1508,168,1,2
1508,169,1,2
1508,170,1,2
1508,171,1,2
1508,172,1,2
1508,173,1,2
1508,174,1,2
1508,175,1,2
1508,176,1,2
1508,177,1,2
1508,178,1,2
1508,179,1,2
1508,180,1,2
1508,181,1,2
1508,182,1,2
1508,183,1,2
1508,184,1,2
1508,185,1,2
1508,186,1,2
1508,187,1,2
1508,188,1,2
1508,189,1,2
1508,190,1,2
1508,191,1,2
1508,192,1,2
1508,193,1,2
1508,194,1,2
1508,195,1,2
1508,196,1,2
1508,197,1,2
1508,198,1,2
1508,199,1,2
1508,200,1,2
1508,201,1,2
1508,202,1,2
1508,203,1,2
1508,204,1,2
1508,205,1,2
1508,206,1,2
1508,207,1,2
1508,208,1,2
1508,209,1,2
1508,210,1,2
1508,211,1,2
1508,212,1,2
1508,213,1,2
1508,214,1,2
1508,215,1,2
1508,216,1,2
1508,217,1,2
1508,218,1,2
1508,219,1,2
1508,220,1,2
1508,221,1,2
1508,222,1,2
1508,223,1,2
1508,224,1,2
1508,225,1,2
1508,226,1,2
1508,227,1,2
1508,228,1,2
1508,229,1,2
1508,230,1,2
1508,231,1,3
1508,232,1,3
1508,233,1,3
1508,234,1,3
1508,235,1,3
1508,236,1,3
1508,237,1,3
1508,238,1,3
1508,239,1,3
1508,240,1,3
1508,241,1,3
1508,242,1,3
1508,243,1,3
1508,244,1,3
1508,245,1,3
1508,246,1,3
1508,247,1,3
1508,248,1,3
1508,249,1,3
1508,250,1,3
1508,251,1,3
1508,252,1,3
1508,253,1,3
1508,254,1,3
1508,255,1,3
1508,256,1,3
1508,257,1,3
1508,258,1,3
1508,259,1,3
1508,260,1,3
1508,261,1,3
1508,262,1,3
1508,263,1,3
1508,264,1,3
1508,265,1,3
1508,266,1,3
1508,267,1,3
1508,268,1,3
1508,269,1,3
1508,270,1,3
1508,271,1,3
1508,272,1,3
1508,273,1,3
1508,274,1,3
1508,275,1,3
1508,276,1,3
1508,277,1,3
1508,278,1,3
1508,279,1,3
1508,280,1,3
1508,281,1,3
1508,282,1,3
1508,283,1,3
1508,284,1,3
1508,285,1,3
1508,286,1,3
1508,287,1,3
1508,288,1,3
1508,289,1,3
1508,290,1,3
1508,291,1,3
1508,292,1,3
1508,293,1,3
1508,294,1,3
1508,295,1,3
1508,296,1,3
1508,297,1,3
1508,298,1,3
1508,299,1,3
1508,300,1,3
1508,301,1,3
1508,302,1,3
1508,303,1,3
1508,304,1,3
1508,305,1,3
1508,306,1,3
1508,307,1,3
1508,308,1,3
1508,309,1,3
1508,310,1,3
1508,311,1,3
1508,312,1,3
1508,313,1,3
1508,314,1,3
1508,315,1,3
1508,316,1,3
1508,317,1,3
1508,318,1,3
1508,319,1,3
1508,320,1,3
1508,321,1,3
1508,322,1,3
1508,323,1,3
1508,324,1,3
1508,325,1,3
1508,326,1,3
1508,327,1,3
1508,328,1,3
1508,329,1,3
1508,330,1,3
1508,331,1,3
1508,332,1,3
1508,333,1,3
1508,334,1,3
1508,335,1,3
1508,336,1,3
1508,337,1,3
1508,338,1,3
1508,339,1,3
1508,340,1,3
1508,341,1,3
1508,342,1,3
1508,343,1,3
1508,344,1,3
1508,345,1,3
1508,346,1,3
1508,347,1,3
1508,348,1,3
1508,349,1,3
1508,350,1,3
1508,351,1,3
1508,352,1,3
1508,353,1,3
1508,354,1,3
1508,355,1,3
1508,356,1,3
1508,357,1,3
1508,358,1,3
1508,359,1,3
1508,360,1,3
1508,361,1,3
1508,362,1,3
1508,363,1,3
1508,364,1,3
1508,365,1,3
1508,366,1,3
1508,367,1,3
1508,368,1,3
1508,369,1,3
1508,370,1,3
1508,371,1,3
1508,372,1,3
1508,373,1,3
1508,374,1,3
1508,375,1,3
1508,376,1,3
1508,377,1,3
1508,378,1,2
1508,379,1,2
1508,380,1,2
1508,381,1,2
1508,382,1,2
1508,383,1,2
1508,384,1,2
1508,385,1,2
1508,386,1,2
1508,387,1,2
1508,388,1,2
1508,389,1,2
1508,390,1,2
1508,391,1,2
1508,392,1,2
1508,393,1,2
1508,394,1,2
1508,395,1,2
1508,396,1,2
1508,397,1,2
1508,398,1,2
1508,399,1,2
1508,400,1,2
1508,401,1,2
1508,402,1,2
1508,403,1,2
1508,404,1,2
1508,405,1,2
1508,406,1,2
1508,407,1,2
1508,408,1,2
1508,409,1,2
1508,410,1,2
1508,411,1,2
1508,412,1,2
1508,413,1,2
1508,414,1,2
1508,415,1,2
1508,416,1,2
1508,417,1,2
1508,418,1,2
1508,419,1,2
1508,420,1,2
1508,421,1,2
1508,422,1,2
1508,423,1,2
1508,424,1,2
1508,425,1,2
1508,426,1,2
1508,427,1,2
1508,428,1,2
1508,429,1,2
1508,430,1,2
1508,431,1,2
1508,432,1,2
1508,433,1,2
1508,434,1,2
1508,435,1,2
1508,436,1,2
1508,437,1,2
1508,438,1,2
1508,439,1,2
1508,440,1,2
1508,441,1,2
1508,442,1,2
1508,443,1,2
1508,444,1,2
1508,445,1,2
1508,446,1,2
1508,447,1,2
1508,448,1,2
1508,449,1,2
1508,450,1,2
1508,451,1,3
1508,452,1,3
1508,453,1,3
1508,454,1,3
1508,455,1,3
1508,456,1,3
1508,457,1,3
1508,458,1,3
1508,459,1,3
1508,460,1,3
1508,461,1,3
1508,462,1,3
1508,463,1,3
1508,464,1,3
1508,465,1,3
1508,466,1,3
1509,101,1,3
1509,102,1,3
1509,103,1,3
1509,104,1,3
1509,105,1,3
1509,106,1,3
1509,107,1,3
1509,108,1,3
1509,109,1,3
1509,110,1,3
1509,111,1,3
1509,112,1,3
1509,113,1,3
1509,114,1,3
1509,115,1,3
1509,116,1,3
1509,117,1,3
1509,118,1,3
1509,119,1,3
1509,120,1,3
1509,121,1,3
1509,122,1,3
1509,123,1,3
1509,124,1,3
1509,125,1,3
1509,126,1,3
1509,127,1,3
1509,128,1,3
1509,129,1,3
1509,130,1,3
1509,131,1,3
1509,132,1,3
1509,133,1,3
1509,134,1,3
1509,135,1,3
1509,136,1,3
1509,137,1,3
1509,138,1,3
1509,139,1,3
1509,140,1,3
1509,141,1,3
1509,142,1,3
1509,143,1,3
1509,144,1,3
1509,145,1,3
1509,146,1,3
1509,147,1,3
1509,148,1,3
1509,149,1,3
1509,150,1,2
1509,151,1,2
1509,152,1,2
1509,153,1,2
1509,154,1,2
1509,155,1,2
1509,156,1,2
1509,157,1,2
1509,158,1,2
1509,159,1,2
1509,160,1,2
1509,161,1,2
1509,162,1,2
1509,163,1,2
1509,164,1,2
1509,165,1,2
1509,166,1,2
1509,167,1,2
1509,168,1,2
1509,169,1,2
1509,170,1,2
1509,171,1,2
1509,172,1,2
1509,173,1,2
1509,174,1,2
1509,175,1,2
1509,176,1,2
1509,177,1,2
1509,178,1,2
1509,179,1,2
1509,180,1,2
1509,181,1,2
1509,182,1,2
1509,183,1,2
1509,184,1,2
1509,185,1,2
1509,186,1,2
1509,187,1,2
1509,188,1,2
1509,189,1,2
1509,190,1,2
1509,191,1,2
1509,192,1,2
1509,193,1,2
1509,194,1,2
1509,195,1,2
1509,196,1,2
1509,197,1,2
1509,198,1,2
1509,199,1,2
1509,200,1,2
1509,201,1,2
1509,202,1,2
1509,203,1,2
1509,204,1,2
1509,205,1,2
1509,206,1,2
1509,207,1,2
1509,208,1,2
1509,209,1,2
1509,210,1,2
1509,211,1,2
1509,212,1,2
1509,213,1,2
1509,214,1,2
1509,215,1,2
1509,216,1,2
1509,217,1,2
1509,218,1,2
1509,219,1,2
1509,220,1,2
1509,221,1,2
1509,222,1,2
1509,223,1,2
1509,224,1,2
1509,225,1,2
1509,226,1,2
1509,227,1,2
1509,228,1,2
1509,229,1,2
1509,230,1,2
1509,231,1,2
1509,232,1,2
1509,233,1,3
1509,234,1,3
1509,235,1,3
1509,236,1,3
1509,237,1,3
1509,238,1,3
1509,239,1,3
1509,240,1,3
1509,241,1,3
1509,242,1,3
1509,243,1,3
1509,244,1,3
1509,245,1,3
1509,246,1,3
1509,247,1,3
1509,248,1,3
1509,249,1,3
1509,250,1,3
1509,251,1,3
1509,252,1,3
1509,253,1,3
1509,254,1,3
1509,255,1,3
1509,256,1,3
1509,257,1,3
1509,258,1,3
1509,259,1,3
1509,260,1,3
1509,261,1,3
1509,262,1,3
1509,263,1,3
1509,264,1,3
1509,265,1,3
1509,266,1,3
1509,267,1,3
1509,268,1,3
1509,269,1,3
1509,270,1,3
1509,271,1,3
1509,272,1,3
1509,273,1,3
1509,274,1,3
1509,275,1,3
1509,276,1,3
1509,277,1,3
1509,278,1,3
1509,279,1,3
1509,280,1,3
1509,281,1,3
1509,282,1,3
1509,283,1,3
1509,284,1,3
1509,285,1,3
1509,286,1,3
1509,287,1,3
1509,288,1,3
1509,289,1,3
1509,290,1,3
1509,291,1,3
1509,292,1,3
1509,293,1,3
1509,294,1,3
1509,295,1,3
1509,296,1,3
1509,297,1,3
1509,298,1,3
1509,299,1,3
1509,300,1,3
1509,301,1,3
1509,302,1,3
1509,303,1,3
1509,304,1,3
1509,305,1,3
1509,306,1,3
1509,307,1,3
1509,308,1,3
1509,309,1,3
1509,310,1,3
1509,311,1,3
1509,312,1,3
1509,313,1,3
1509,314,1,3
1509,315,1,3
1509,316,1,3
1509,317,1,3
1509,318,1,3
1509,319,1,3
1509,320,1,3
1509,321,1,3
1509,322,1,3
1509,323,1,3
1509,324,1,3
1509,325,1,3
1509,326,1,3
1509,327,1,3
1509,328,1,3
1509,329,1,3
1509,330,1,3
1509,331,1,3
1509,332,1,3
1509,333,1,3
1509,334,1,3
1509,335,1,3
1509,336,1,3
1509,337,1,3
1509,338,1,3
1509,339,1,3
1509,340,1,3
1509,341,1,3
1509,342,1,3
1509,343,1,3
1509,344,1,3
1509,345,1,3
1509,346,1,3
1509,347,1,3
1509,348,1,3
1509,349,1,3
1509,350,1,3
1509,351,1,3
1509,352,1,3
1509,353,1,3
1509,354,1,3
1509,355,1,3
1509,356,1,3
1509,357,1,3
1509,358,1,3
1509,359,1,3
1509,360,1,3
1509,361,1,3
1509,362,1,3
1509,363,1,3
1509,364,1,3
1509,365,1,3
1509,366,1,3
1509,367,1,3
1509,368,1,3
1509,369,1,3
1509,370,1,3
1509,371,1,3
1509,372,1,3
1509,373,1,3
1509,374,1,3
1509,375,1,3
1509,376,1,3
1509,377,1,3
1509,378,1,2
1509,379,1,2
1509,380,1,2
1509,381,1,2
1509,382,1,2
1509,383,1,2
1509,384,1,2
1509,385,1,2
1509,386,1,2
1509,387,1,2
1509,388,1,2
1509,389,1,2
1509,390,1,2
1509,391,1,2
1509,392,1,2
1509,393,1,2
1509,394,1,2
1509,395,1,2
1509,396,1,2
1509,397,1,2
1509,398,1,2
1509,399,1,2
1509,400,1,2
1509,401,1,2
1509,402,1,2
1509,403,1,2
1509,404,1,2
1509,405,1,2
1509,406,1,2
1509,407,1,2
1509,408,1,2
1509,409,1,2
1509,410,1,2
1509,411,1,2
1509,412,1,2
1509,413,1,2
1509,414,1,2
1509,415,1,2
1509,416,1,2
1509,417,1,2
1509,418,1,2
1509,419,1,2
1509,420,1,2
1509,421,1,2
1509,422,1,2
1509,423,1,2
1509,424,1,2
1509,425,1,2
1509,426,1,2
1509,427,1,2
1509,428,1,2
1509,429,1,2
1509,430,1,2
1509,431,1,2
1509,432,1,2
1509,433,1,2
1509,434,1,2
1509,435,1,2
1509,436,1,2
1509,437,1,2
1509,438,1,2
1509,439,1,2
1509,440,1,2
1509,441,1,2
1509,442,1,2
1509,443,1,2
1509,444,1,2
1509,445,1,2
1509,446,1,2
1509,447,1,2
1509,448,1,2
1509,449,1,2
1509,450,1,2
1509,451,1,3
1509,452,1,3
1509,453,1,3
1509,454,1,3
1509,455,1,3
1509,456,1,3
1509,457,1,3
1509,458,1,3
1509,459,1,3
1509,460,1,3
1509,461,1,3
1509,462,1,3
1509,463,1,3
1509,464,1,3
1509,465,1,3
1509,466,1,3
1510,101,1,3
1510,102,1,3
1510,103,1,3
1510,104,1,3
1510,105,1,3
1510,106,1,3
1510,107,1,3
1510,108,1,3
1510,109,1,3
1510,110,1,3
1510,111,1,3
1510,112,1,3
1510,113,1,3
1510,114,1,3
1510,115,1,3
1510,116,1,3
1510,117,1,3
1510,118,1,3
1510,119,1,3
1510,120,1,3
1510,121,1,3
1510,122,1,3
1510,123,1,3
1510,124,1,3
1510,125,1,3
1510,126,1,3
1510,127,1,3
1510,128,1,3
1510,129,1,3
1510,130,1,3
1510,131,1,3
1510,132,1,3
1510,133,1,3
1510,134,1,3
1510,135,1,3
1510,136,1,3
1510,137,1,3
1510,138,1,3
1510,139,1,3
1510,140,1,3
1510,141,1,3
1510,142,1,3
1510,143,1,3
1510,144,1,3
1510,145,1,3
1510,146,1,3
1510,147,1,3
1510,148,1,2
1510,149,1,2
1510,150,1,2
1510,151,1,2
1510,152,1,2
1510,153,1,2
1510,154,1,2
1510,155,1,2
1510,156,1,2
1510,157,1,2
1510,158,1,2
1510,159,1,2
1510,160,1,2
1510,161,1,2
1510,162,1,2
1510,163,1,2
1510,164,1,2
1510,165,1,2
1510,166,1,2
1510,167,1,2
1510,168,1,2
1510,169,1,2
1510,170,1,2
1510,171,1,2
1510,172,1,2
1510,173,1,2
1510,174,1,2
1510,175,1,2
1510,176,1,2
1510,177,1,2
1510,178,1,2
1510,179,1,2
1510,180,1,2
1510,181,1,2
1510,182,1,2
1510,183,1,2
1510,184,1,2
1510,185,1,2
1510,186,1,2
1510,187,1,2
1510,188,1,2
1510,189,1,2
1510,190,1,2
1510,191,1,2
1510,192,1,2
1510,193,1,2
1510,194,1,2
1510,195,1,2
1510,196,1,2
1510,197,1,2
1510,198,1,2
1510,199,1,2
1510,200,1,2
1510,201,1,2
1510,202,1,2
1510,203,1,2
1510,204,1,2
1510,205,1,2
1510,206,1,2
1510,207,1,2
1510,208,1,2
1510,209,1,2
1510,210,1,2
1510,211,1,2
1510,212,1,2
1510,213,1,2
1510,214,1,2
1510,215,1,2
1510,216,1,2
1510,217,1,2
1510,218,1,2
1510,219,1,2
1510,220,1,2
1510,221,1,2
1510,222,1,2
1510,223,1,2
1510,224,1,2
1510,225,1,2
1510,226,1,2
1510,227,1,2
1510,228,1,2
1510,229,1,2
1510,230,1,2
1510,231,1,2
1510,232,1,2
1510,233,1,3
1510,234,1,3
1510,235,1,3
1510,236,1,3
1510,237,1,3
1510,238,1,3
1510,239,1,3
1510,240,1,3
1510,241,1,3
1510,242,1,3
1510,243,1,3
1510,244,1,3
1510,245,1,3
1510,246,1,3
1510,247,1,3
1510,248,1,3
1510,249,1,3
1510,250,1,3
1510,251,1,3
1510,252,1,3
1510,253,1,3
1510,254,1,3
1510,255,1,3
1510,256,1,3
1510,257,1,3
1510,258,1,3
1510,259,1,3
1510,260,1,3
1510,261,1,3
1510,262,1,3
1510,263,1,3
1510,264,1,3
1510,265,1,3
1510,266,1,3
1510,267,1,3
1510,268,1,3
1510,269,1,3
1510,270,1,3
1510,271,1,3
1510,272,1,3
1510,273,1,3
1510,274,1,3
1510,275,1,3
1510,276,1,3
1510,277,1,3
1510,278,1,3
1510,279,1,3
1510,280,1,3
1510,281,1,3
1510,282,1,3
1510,283,1,3
1510,284,1,3
1510,285,1,3
1510,286,1,3
1510,287,1,3
1510,288,1,3
1510,289,1,3
1510,290,1,3
1510,291,1,3
1510,292,1,3
1510,293,1,3
1510,294,1,3
1510,295,1,3
1510,296,1,3
1510,297,1,3
1510,298,1,3
1510,299,1,3
1510,300,1,3
1510,301,1,3
1510,302,1,3
1510,303,1,3
1510,304,1,3
1510,305,1,3
1510,306,1,3
1510,307,1,3
1510,308,1,3
1510,309,1,3
1510,310,1,3
1510,311,1,3
1510,312,1,3
1510,313,1,3
1510,314,1,3
1510,315,1,3
1510,316,1,3
1510,317,1,3
1510,318,1,3
1510,319,1,3
1510,320,1,3
1510,321,1,3
1510,322,1,3
1510,323,1,3
1510,324,1,3
1510,325,1,3
1510,326,1,3
1510,327,1,3
1510,328,1,3
1510,329,1,3
1510,330,1,3
1510,331,1,3
1510,332,1,3
1510,333,1,3
1510,334,1,3
1510,335,1,3
1510,336,1,3
1510,337,1,3
1510,338,1,3
1510,339,1,3
1510,340,1,3
1510,341,1,3
1510,342,1,3
1510,343,1,3
1510,344,1,3
1510,345,1,3
1510,346,1,3
1510,347,1,3
1510,348,1,3
1510,349,1,3
1510,350,1,3
1510,351,1,3
1510,352,1,3
1510,353,1,3
1510,354,1,3
1510,355,1,3
1510,356,1,3
1510,357,1,3
1510,358,1,3
1510,359,1,3
1510,360,1,3
1510,361,1,3
1510,362,1,3
1510,363,1,3
1510,364,1,3
1510,365,1,3
1510,366,1,3
1510,367,1,3
1510,368,1,3
1510,369,1,3
1510,370,1,3
1510,371,1,3
1510,372,1,3
1510,373,1,3
1510,374,1,3
1510,375,1,3
1510,376,1,3
1510,377,1,3
1510,378,1,2
1510,379,1,2
1510,380,1,2
1510,381,1,2
1510,382,1,2
1510,383,1,2
1510,384,1,2
1510,385,1,2
1510,386,1,2
1510,387,1,2
1510,388,1,2
1510,389,1,2
1510,390,1,2
1510,391,1,2
1510,392,1,2
1510,393,1,2
1510,394,1,2
1510,395,1,2
1510,396,1,2
1510,397,1,2
1510,398,1,2
1510,399,1,2
1510,400,1,2
1510,401,1,2
1510,402,1,2
1510,403,1,2
1510,404,1,2
1510,405,1,2
1510,406,1,2
1510,407,1,2
1510,408,1,2
1510,409,1,2
1510,410,1,2
1510,411,1,2
1510,412,1,2
1510,413,1,2
1510,414,1,2
1510,415,1,2
1510,416,1,2
1510,417,1,2
1510,418,1,2
1510,419,1,2
1510,420,1,2
1510,421,1,2
1510,422,1,2
1510,423,1,2
1510,424,1,2
1510,425,1,2
1510,426,1,2
1510,427,1,2
1510,428,1,2
1510,429,1,2
1510,430,1,2
1510,431,1,2
1510,432,1,2
1510,433,1,2
1510,434,1,2
1510,435,1,2
1510,436,1,2
1510,437,1,2
1510,438,1,2
1510,439,1,2
1510,440,1,2
1510,441,1,2
1510,442,1,2
1510,443,1,2
1510,444,1,2
1510,445,1,2
1510,446,1,2
1510,447,1,2
1510,448,1,2
1510,449,1,2
1510,450,1,2
1510,451,1,3
1510,452,1,3
1510,453,1,3
1510,454,1,3
1510,455,1,3
1510,456,1,3
1510,457,1,3
1510,458,1,3
1510,459,1,3
1510,460,1,3
1510,461,1,3
1510,462,1,3
1510,463,1,3
1510,464,1,3
1510,465,1,3
1510,466,1,3
1511,101,1,3
1511,102,1,3
1511,103,1,3
1511,104,1,3
1511,105,1,3
1511,106,1,3
1511,107,1,3
1511,108,1,3
1511,109,1,3
1511,110,1,3
1511,111,1,3
1511,112,1,3
1511,113,1,3
1511,114,1,3
1511,115,1,3
1511,116,1,3
1511,117,1,3
1511,118,1,3
1511,119,1,3
1511,120,1,3
1511,121,1,3
1511,122,1,3
1511,123,1,3
1511,124,1,3
1511,125,1,3
1511,126,1,3
1511,127,1,3
1511,128,1,3
1511,129,1,3
1511,130,1,3
1511,131,1,3
1511,132,1,3
1511,133,1,3
1511,134,1,3
1511,135,1,3
1511,136,1,3
1511,137,1,3
1511,138,1,3
1511,139,1,3
1511,140,1,3
1511,141,1,3
1511,142,1,3
1511,143,1,3
1511,144,1,3
1511,145,1,3
1511,146,1,2
1511,147,1,2
1511,148,1,2
1511,149,1,2
1511,150,1,2
1511,151,1,2
1511,152,1,2
1511,153,1,2
1511,154,1,2
1511,155,1,2
1511,156,1,2
1511,157,1,2
1511,158,1,2
1511,159,1,2
1511,160,1,2
1511,161,1,2
1511,162,1,2
1511,163,1,2
1511,164,1,2
1511,165,1,2
1511,166,1,2
1511,167,1,2
1511,168,1,2
1511,169,1,2
1511,170,1,2
1511,171,1,2
1511,172,1,2
1511,173,1,2
1511,174,1,2
1511,175,1,2
1511,176,1,2
1511,177,1,2
1511,178,1,2
1511,179,1,2
1511,180,1,2
1511,181,1,2
1511,182,1,2
1511,183,1,2
1511,184,1,2
1511,185,1,2
1511,186,1,2
1511,187,1,2
1511,188,1,2
1511,189,1,2
1511,190,1,2
1511,191,1,2
1511,192,1,2
1511,193,1,2
1511,194,1,2
1511,195,1,2
1511,196,1,2
1511,197,1,2
1511,198,1,2
1511,199,1,2
1511,200,1,2
1511,201,1,2
1511,202,1,2
1511,203,1,2
1511,204,1,2
1511,205,1,2
1511,206,1,2
1511,207,1,2
1511,208,1,2
1511,209,1,2
1511,210,1,2
1511,211,1,2
1511,212,1,2
1511,213,1,2
1511,214,1,2
1511,215,1,2
1511,216,1,2
1511,217,1,2
1511,218,1,2
1511,219,1,2
1511,220,1,2
1511,221,1,2
1511,222,1,2
1511,223,1,2
1511,224,1,2
1511,225,1,2
1511,226,1,2
1511,227,1,2
1511,228,1,2
1511,229,1,2
1511,230,1,2
1511,231,1,2
1511,232,1,2
1511,233,1,2
1511,234,1,3
1511,235,1,3
1511,236,1,3
1511,237,1,3
1511,238,1,3
1511,239,1,3
1511,240,1,3
1511,241,1,3
1511,242,1,3
1511,243,1,3
1511,244,1,3
1511,245,1,3
1511,246,1,3
1511,247,1,3
1511,248,1,3
1511,249,1,3
1511,250,1,3
1511,251,1,3
1511,252,1,3
1511,253,1,3
1511,254,1,3
1511,255,1,3
1511,256,1,3
1511,257,1,3
1511,258,1,3
1511,259,1,3
1511,260,1,3
1511,261,1,3
1511,262,1,3
1511,263,1,3
1511,264,1,3
1511,265,1,3
1511,266,1,3
1511,267,1,3
1511,268,1,3
1511,269,1,3
1511,270,1,3
1511,271,1,3
1511,272,1,3
1511,273,1,3
1511,274,1,3
1511,275,1,3
1511,276,1,3
1511,277,1,3
1511,278,1,3
1511,279,1,3
1511,280,1,3
1511,281,1,3
1511,282,1,3
1511,283,1,3
1511,284,1,3
1511,285,1,3
1511,286,1,3
1511,287,1,3
1511,288,1,3
1511,289,1,3
1511,290,1,3
1511,291,1,3
1511,292,1,3
1511,293,1,3
1511,294,1,3
1511,295,1,3
1511,296,1,3
1511,297,1,3
1511,298,1,3
1511,299,1,3
1511,300,1,3
1511,301,1,3
1511,302,1,3
1511,303,1,3
1511,304,1,3
1511,305,1,3
1511,306,1,3
1511,307,1,3
1511,308,1,3
1511,309,1,3
1511,310,1,3
1511,311,1,3
1511,312,1,3
1511,313,1,3
1511,314,1,3
1511,315,1,3
1511,316,1,3
1511,317,1,3
1511,318,1,3
1511,319,1,3
1511,320,1,3
1511,321,1,3
1511,322,1,3
1511,323,1,3
1511,324,1,3
1511,325,1,3
1511,326,1,3
1511,327,1,3
1511,328,1,3
1511,329,1,3
1511,330,1,3
1511,331,1,3
1511,332,1,3
1511,333,1,3
1511,334,1,3
1511,335,1,3
1511,336,1,3
1511,337,1,3
1511,338,1,3
1511,339,1,3
1511,340,1,3
1511,341,1,3
1511,342,1,3
1511,343,1,3
1511,344,1,3
1511,345,1,3
1511,346,1,3
1511,347,1,3
1511,348,1,3
1511,349,1,3
1511,350,1,3
1511,351,1,3
1511,352,1,3
1511,353,1,3
1511,354,1,3
1511,355,1,3
1511,356,1,3
1511,357,1,3
1511,358,1,3
1511,359,1,3
1511,360,1,3
1511,361,1,3
1511,362,1,3
1511,363,1,3
1511,364,1,3
1511,365,1,3
1511,366,1,3
1511,367,1,3
1511,368,1,3
1511,369,1,3
1511,370,1,3
1511,371,1,3
1511,372,1,3
1511,373,1,3
1511,374,1,3
1511,375,1,3
1511,376,1,3
1511,377,1,3
1511,378,1,2
1511,379,1,2
1511,380,1,2
1511,381,1,2
1511,382,1,2
1511,383,1,2
1511,384,1,2
1511,385,1,2
1511,386,1,2
1511,387,1,2
1511,388,1,2
1511,389,1,2
1511,390,1,2
1511,391,1,2
1511,392,1,2
1511,393,1,2
1511,394,1,2
1511,395,1,2
1511,396,1,2
1511,397,1,2
1511,398,1,2
1511,399,1,2
1511,400,1,2
1511,401,1,2
1511,402,1,2
1511,403,1,2
1511,404,1,2
1511,405,1,2
1511,406,1,2
1511,407,1,2
1511,408,1,2
1511,409,1,2
1511,410,1,2
1511,411,1,2
1511,412,1,2
1511,413,1,2
1511,414,1,2
1511,415,1,2
1511,416,1,2
1511,417,1,2
1511,418,1,2
1511,419,1,2
1511,420,1,2
1511,421,1,2
1511,422,1,2
1511,423,1,2
1511,424,1,2
1511,425,1,2
1511,426,1,2
1511,427,1,2
1511,428,1,2
1511,429,1,2
1511,430,1,2
1511,431,1,2
1511,432,1,2
1511,433,1,2
1511,434,1,2
1511,435,1,2
1511,436,1,2
1511,437,1,2
1511,438,1,2
1511,439,1,2
1511,440,1,2
1511,441,1,2
1511,442,1,2
1511,443,1,2
1511,444,1,2
1511,445,1,2
1511,446,1,2
1511,447,1,2
1511,448,1,2
1511,449,1,2
1511,450,1,2
1511,451,1,2
1511,452,1,3
1511,453,1,3
1511,454,1,3
1511,455,1,3
1511,456,1,3
1511,457,1,3
1511,458,1,3
1511,459,1,3
1511,460,1,3
1511,461,1,3
1511,462,1,3
1511,463,1,3
1511,464,1,3
1511,465,1,3
1511,466,1,3
1512,101,1,3
1512,102,1,3
1512,103,1,3
1512,104,1,3
1512,105,1,3
1512,106,1,3
1512,107,1,3
1512,108,1,3
1512,109,1,3
1512,110,1,3
1512,111,1,3
1512,112,1,3
1512,113,1,3
1512,114,1,3
1512,115,1,3
1512,116,1,3
1512,117,1,3
1512,118,1,3
1512,119,1,3
1512,120,1,3
1512,121,1,3
1512,122,1,3
1512,123,1,3
1512,124,1,3
1512,125,1,3
1512,126,1,3
1512,127,1,3
1512,128,1,3
1512,129,1,3
1512,130,1,3
1512,131,1,3
1512,132,1,3
1512,133,1,3
1512,134,1,3
1512,135,1,3
1512,136,1,3
1512,137,1,3
1512,138,1,3
1512,139,1,3
1512,140,1,3
1512,141,1,3
1512,142,1,3
1512,143,1,3
1512,144,1,3
1512,145,1,3
1512,146,1,2
1512,147,1,2
1512,148,1,2
1512,149,1,2
1512,150,1,2
1512,151,1,2
1512,152,1,2
1512,153,1,2
1512,154,1,2
1512,155,1,2
1512,156,1,2
1512,157,1,2
1512,158,1,2
1512,159,1,2
1512,160,1,2
1512,161,1,2
1512,162,1,2
1512,163,1,2
1512,164,1,2
1512,165,1,2
1512,166,1,2
1512,167,1,2
1512,168,1,2
1512,169,1,2
1512,170,1,2
1512,171,1,2
1512,172,1,2
1512,173,1,2
1512,174,1,2
1512,175,1,2
1512,176,1,2
1512,177,1,2
1512,178,1,2
1512,179,1,2
1512,180,1,2
1512,181,1,2
1512,182,1,2
1512,183,1,2
1512,184,1,2
1512,185,1,2
1512,186,1,2
1512,187,1,2
1512,188,1,2
1512,189,1,2
1512,190,1,2
1512,191,1,2
1512,192,1,2
1512,193,1,2
1512,194,1,2
1512,195,1,2
1512,196,1,2
1512,197,1,2
1512,198,1,2
1512,199,1,2
1512,200,1,2
1512,201,1,2
1512,202,1,2
1512,203,1,2
1512,204,1,2
1512,205,1,2
1512,206,1,2
1512,207,1,2
1512,208,1,2
1512,209,1,2
1512,210,1,2
1512,211,1,2
1512,212,1,2
1512,213,1,2
1512,214,1,2
1512,215,1,2
1512,216,1,2
1512,217,1,2
1512,218,1,2
1512,219,1,2
1512,220,1,2
1512,221,1,2
1512,222,1,2
1512,223,1,2
1512,224,1,2
1512,225,1,2
1512,226,1,2
1512,227,1,2
1512,228,1,2
1512,229,1,2
1512,230,1,2
1512,231,1,2
1512,232,1,2
1512,233,1,2
1512,234,1,3
1512,235,1,3
1512,236,1,3
1512,237,1,3
1512,238,1,3
1512,239,1,3
1512,240,1,3
1512,241,1,3
1512,242,1,3
1512,243,1,3
1512,244,1,3
1512,245,1,3
1512,246,1,3
1512,247,1,3
1512,248,1,3
1512,249,1,3
1512,250,1,3
1512,251,1,3
1512,252,1,3
1512,253,1,3
1512,254,1,3
1512,255,1,3
1512,256,1,3
1512,257,1,3
1512,258,1,3
1512,259,1,3
1512,260,1,3
1512,261,1,3
1512,262,1,3
1512,263,1,3
1512,264,1,3
1512,265,1,3
1512,266,1,3
1512,267,1,3
1512,268,1,3
1512,269,1,3
1512,270,1,3
1512,271,1,3
1512,272,1,3
1512,273,1,3
1512,274,1,3
1512,275,1,3
1512,276,1,3
1512,277,1,3
1512,278,1,3
1512,279,1,3
1512,280,1,3
1512,281,1,3
1512,282,1,3
1512,283,1,3
1512,284,1,3
1512,285,1,3
1512,286,1,3
1512,287,1,3
1512,288,1,3
1512,289,1,3
1512,290,1,3
1512,291,1,3
1512,292,1,3
1512,293,1,3
1512,294,1,3
1512,295,1,3
1512,296,1,3
1512,297,1,3
1512,298,1,3
1512,299,1,3
1512,300,1,3
1512,301,1,3
1512,302,1,3
1512,303,1,3
1512,304,1,3
1512,305,1,3
1512,306,1,3
1512,307,1,3
1512,308,1,3
1512,309,1,3
1512,310,1,3
1512,311,1,3
1512,312,1,3
1512,313,1,3
1512,314,1,3
1512,315,1,3
1512,316,1,3
1512,317,1,3
1512,318,1,3
1512,319,1,3
1512,320,1,3
1512,321,1,3
1512,322,1,3
1512,323,1,3
1512,324,1,3
1512,325,1,3
1512,326,1,3
1512,327,1,3
1512,328,1,3
1512,329,1,3
1512,330,1,3
1512,331,1,3
1512,332,1,3
1512,333,1,3
1512,334,1,3
1512,335,1,3
1512,336,1,3
1512,337,1,3
1512,338,1,3
1512,339,1,3
1512,340,1,3
1512,341,1,3
1512,342,1,3
1512,343,1,3
1512,344,1,3
1512,345,1,3
1512,346,1,3
1512,347,1,3
1512,348,1,3
1512,349,1,3
1512,350,1,3
1512,351,1,3
1512,352,1,3
1512,353,1,3
1512,354,1,3
1512,355,1,3
1512,356,1,3
1512,357,1,3
1512,358,1,3
1512,359,1,3
1512,360,1,3
1512,361,1,3
1512,362,1,3
1512,363,1,3
1512,364,1,3
1512,365,1,3
1512,366,1,3
1512,367,1,3
1512,368,1,3
1512,369,1,3
1512,370,1,3
1512,371,1,3
1512,372,1,3
1512,373,1,3
1512,374,1,3
1512,375,1,3
1512,376,1,3
1512,377,1,3
1512,378,1,2
1512,379,1,2
1512,380,1,2
1512,381,1,2
1512,382,1,2
1512,383,1,2
1512,384,1,2
1512,385,1,2
1512,386,1,2
1512,387,1,2
1512,388,1,2
1512,389,1,2
1512,390,1,2
1512,391,1,2
1512,392,1,2
1512,393,1,2
1512,394,1,2
1512,395,1,2
1512,396,1,2
1512,397,1,2
1512,398,1,2
1512,399,1,2
1512,400,1,2
1512,401,1,2
1512,402,1,2
1512,403,1,2
1512,404,1,2
1512,405,1,2
1512,406,1,2
1512,407,1,2
1512,408,1,2
1512,409,1,2
1512,410,1,2
1512,411,1,2
1512,412,1,2
1512,413,1,2
1512,414,1,2
1512,415,1,2
1512,416,1,2
1512,417,1,2
1512,418,1,2
1512,419,1,2
1512,420,1,2
1512,421,1,2
1512,422,1,2
1512,423,1,2
1512,424,1,2
1512,425,1,2
1512,426,1,2
1512,427,1,2
1512,428,1,2
1512,429,1,2
1512,430,1,2
1512,431,1,2
1512,432,1,2
1512,433,1,2
1512,434,1,2
1512,435,1,2
1512,436,1,2
1512,437,1,2
1512,438,1,2
1512,439,1,2
1512,440,1,2
1512,441,1,2
1512,442,1,2
1512,443,1,2
1512,444,1,2
1512,445,1,2
1512,446,1,2
1512,447,1,2
1512,448,1,2
1512,449,1,2
1512,450,1,2
1512,451,1,3
1512,452,1,3
1512,453,1,3
1512,454,1,3
1512,455,1,3
1512,456,1,3
1512,457,1,3
1512,458,1,3
1512,459,1,3
1512,460,1,3
1512,461,1,3
1512,462,1,3
1512,463,1,3
1512,464,1,3
1512,465,1,3
1512,466,1,3
1513,101,1,3
1513,102,1,3
1513,103,1,3
1513,104,1,3
1513,105,1,3
1513,106,1,3
1513,107,1,3
1513,108,1,3
1513,109,1,3
1513,110,1,3
1513,111,1,3
1513,112,1,3
1513,113,1,3
1513,114,1,3
1513,115,1,3
1513,116,1,3
1513,117,1,3
1513,118,1,3
1513,119,1,3
1513,120,1,3
1513,121,1,3
1513,122,1,3
1513,123,1,3
1513,124,1,3
1513,125,1,3
1513,126,1,3
1513,127,1,3
1513,128,1,3
1513,129,1,3
1513,130,1,3
1513,131,1,3
1513,132,1,3
1513,133,1,3
1513,134,1,3
1513,135,1,3
1513,136,1,3
1513,137,1,3
1513,138,1,3
1513,139,1,3
1513,140,1,3
1513,141,1,3
1513,142,1,3
1513,143,1,3
1513,144,1,2
1513,145,1,2
1513,146,1,2
1513,147,1,2
1513,148,1,2
1513,149,1,2
1513,150,1,2
1513,151,1,2
1513,152,1,2
1513,153,1,2
1513,154,1,2
1513,155,1,2
1513,156,1,2
1513,157,1,2
1513,158,1,2
1513,159,1,2
1513,160,1,2
1513,161,1,2
1513,162,1,2
1513,163,1,2
1513,164,1,2
1513,165,1,2
1513,166,1,2
1513,167,1,2
1513,168,1,2
1513,169,1,2
1513,170,1,2
1513,171,1,2
1513,172,1,2
1513,173,1,2
1513,174,1,2
1513,175,1,2
1513,176,1,2
1513,177,1,2
1513,178,1,2
1513,179,1,2
1513,180,1,2
1513,181,1,2
1513,182,1,2
1513,183,1,2
1513,184,1,2
1513,185,1,2
1513,186,1,2
1513,187,1,2
1513,188,1,2
1513,189,1,2
1513,190,1,2
1513,191,1,2
1513,192,1,2
1513,193,1,2
1513,194,1,2
1513,195,1,2
1513,196,1,2
1513,197,1,2
1513,198,1,2
1513,199,1,2
1513,200,1,2
1513,201,1,2
1513,202,1,2
1513,203,1,2
1513,204,1,2
1513,205,1,2
1513,206,1,2
1513,207,1,2
1513,208,1,2
1513,209,1,2
1513,210,1,2
1513,211,1,2
1513,212,1,2
1513,213,1,2
1513,214,1,2
1513,215,1,2
1513,216,1,2
1513,217,1,2
1513,218,1,2
1513,219,1,2
1513,220,1,2
1513,221,1,2
1513,222,1,2
1513,223,1,2
1513,224,1,2
1513,225,1,2
1513,226,1,2
1513,227,1,2
1513,228,1,2
1513,229,1,2
1513,230,1,2
1513,231,1,2
1513,232,1,2
1513,233,1,2
1513,234,1,2
1513,235,1,2
1513,236,1,2
1513,237,1,2
1513,238,1,2
1513,239,1,3
1513,240,1,3
1513,241,1,3
1513,242,1,3
1513,243,1,3
1513,244,1,3
1513,245,1,3
1513,246,1,3
1513,247,1,3
1513,248,1,3
1513,249,1,3
1513,250,1,3
1513,251,1,3
1513,252,1,3
1513,253,1,3
1513,254,1,3
1513,255,1,3
1513,256,1,3
1513,257,1,3
1513,258,1,3
1513,259,1,3
1513,260,1,3
1513,261,1,3
1513,262,1,3
1513,263,1,3
1513,264,1,3
1513,265,1,3
1513,266,1,3
1513,267,1,3
1513,268,1,3
1513,269,1,3
1513,270,1,3
1513,271,1,3
1513,272,1,3
1513,273,1,3
1513,274,1,3
1513,275,1,3
1513,276,1,3
1513,277,1,3
1513,278,1,3
1513,279,1,3
1513,280,1,3
1513,281,1,3
1513,282,1,3
1513,283,1,3
1513,284,1,3
1513,285,1,3
1513,286,1,3
1513,287,1,3
1513,288,1,3
1513,289,1,3
1513,290,1,3
1513,291,1,3
1513,292,1,3
1513,293,1,3
1513,294,1,3
1513,295,1,3
1513,296,1,3
1513,297,1,3
1513,298,1,3
1513,299,1,3
1513,300,1,3
1513,301,1,3
1513,302,1,3
1513,303,1,3
1513,304,1,3
1513,305,1,3
1513,306,1,3
1513,307,1,3
1513,308,1,3
1513,309,1,3
1513,310,1,3
1513,311,1,3
1513,312,1,3
1513,313,1,3
1513,314,1,3
1513,315,1,3
1513,316,1,3
1513,317,1,3
1513,318,1,3
1513,319,1,3
1513,320,1,3
1513,321,1,3
1513,322,1,3
1513,323,1,3
1513,324,1,3
1513,325,1,3
1513,326,1,3
1513,327,1,3
1513,328,1,3
1513,329,1,3
1513,330,1,3
1513,331,1,3
1513,332,1,3
1513,333,1,3
1513,334,1,3
1513,335,1,3
1513,336,1,3
1513,337,1,3
1513,338,1,3
1513,339,1,3
1513,340,1,3
1513,341,1,3
1513,342,1,3
1513,343,1,3
1513,344,1,3
1513,345,1,3
1513,346,1,3
1513,347,1,3
1513,348,1,3
1513,349,1,3
1513,350,1,3
1513,351,1,3
1513,352,1,3
1513,353,1,3
1513,354,1,3
1513,355,1,3
1513,356,1,3
1513,357,1,3
1513,358,1,3
1513,359,1,3
1513,360,1,3
1513,361,1,3
1513,362,1,3
1513,363,1,3
1513,364,1,3
1513,365,1,3
1513,366,1,3
1513,367,1,3
1513,368,1,3
1513,369,1,3
1513,370,1,3
1513,371,1,3
1513,372,1,3
1513,373,1,3
1513,374,1,3
1513,375,1,3
1513,376,1,3
1513,377,1,3
1513,378,1,2
1513,379,1,2
1513,380,1,2
1513,381,1,2
1513,382,1,2
1513,383,1,2
1513,384,1,2
1513,385,1,2
1513,386,1,2
1513,387,1,2
1513,388,1,2
1513,389,1,2
1513,390,1,2
1513,391,1,2
1513,392,1,2
1513,393,1,2
1513,394,1,2
1513,395,1,2
1513,396,1,2
1513,397,1,2
1513,398,1,2
1513,399,1,2
1513,400,1,2
1513,401,1,2
1513,402,1,2
1513,403,1,2
1513,404,1,2
1513,405,1,2
1513,406,1,2
1513,407,1,2
1513,408,1,2
1513,409,1,2
1513,410,1,2
1513,411,1,2
1513,412,1,2
1513,413,1,2
1513,414,1,2
1513,415,1,2
1513,416,1,2
1513,417,1,2
1513,418,1,2
1513,419,1,2
1513,420,1,2
1513,421,1,2
1513,422,1,2
1513,423,1,2
1513,424,1,2
1513,425,1,2
1513,426,1,2
1513,427,1,2
1513,428,1,2
1513,429,1,2
1513,430,1,2
1513,431,1,2
1513,432,1,2
1513,433,1,2
1513,434,1,2
1513,435,1,2
1513,436,1,2
1513,437,1,2
1513,438,1,2
1513,439,1,2
1513,440,1,2
1513,441,1,2
1513,442,1,2
1513,443,1,2
1513,444,1,2
1513,445,1,2
1513,446,1,2
1513,447,1,2
1513,448,1,2
1513,449,1,2
1513,450,1,2
1513,451,1,2
1513,452,1,3
1513,453,1,3
1513,454,1,3
1513,455,1,3
1513,456,1,3
1513,457,1,3
1513,458,1,3
1513,459,1,3
1513,460,1,3
1513,461,1,3
1513,462,1,3
1513,463,1,3
1513,464,1,3
1513,465,1,3
1513,466,1,3
1513,467,1,3
1514,101,1,3
1514,102,1,3
1514,103,1,3
1514,104,1,3
1514,105,1,3
1514,106,1,3
1514,107,1,3
1514,108,1,3
1514,109,1,3
1514,110,1,3
1514,111,1,3
1514,112,1,3
1514,113,1,3
1514,114,1,3
1514,115,1,3
1514,116,1,3
1514,117,1,3
1514,118,1,3
1514,119,1,3
1514,120,1,3
1514,121,1,3
1514,122,1,3
1514,123,1,3
1514,124,1,3
1514,125,1,3
1514,126,1,3
1514,127,1,3
1514,128,1,3
1514,129,1,3
1514,130,1,3
1514,131,1,3
1514,132,1,3
1514,133,1,3
1514,134,1,3
1514,135,1,3
1514,136,1,3
1514,137,1,3
1514,138,1,3
1514,139,1,3
1514,140,1,3
1514,141,1,3
1514,142,1,3
1514,143,1,2
1514,144,1,2
1514,145,1,2
1514,146,1,2
1514,147,1,2
1514,148,1,2
1514,149,1,2
1514,150,1,2
1514,151,1,2
1514,152,1,2
1514,153,1,2
1514,154,1,2
1514,155,1,2
1514,156,1,2
1514,157,1,2
1514,158,1,2
1514,159,1,2
1514,160,1,2
1514,161,1,2
1514,162,1,2
1514,163,1,2
1514,164,1,2
1514,165,1,2
1514,166,1,2
1514,167,1,2
1514,168,1,2
1514,169,1,2
1514,170,1,2
1514,171,1,2
1514,172,1,2
1514,173,1,2
1514,174,1,2
1514,175,1,2
1514,176,1,2
1514,177,1,2
1514,178,1,2
1514,179,1,2
1514,180,1,2
1514,181,1,2
1514,182,1,2
1514,183,1,2
1514,184,1,2
1514,185,1,2
1514,186,1,2
1514,187,1,2
1514,188,1,2
1514,189,1,2
1514,190,1,2
1514,191,1,2
1514,192,1,2
1514,193,1,2
1514,194,1,2
1514,195,1,2
1514,196,1,2
1514,197,1,2
1514,198,1,2
1514,199,1,2
1514,200,1,2
1514,201,1,2
1514,202,1,2
1514,203,1,2
1514,204,1,2
1514,205,1,2
1514,206,1,2
1514,207,1,2
1514,208,1,2
1514,209,1,2
1514,210,1,2
1514,211,1,2
1514,212,1,2
1514,213,1,2
1514,214,1,2
1514,215,1,2
1514,216,1,2
1514,217,1,2
1514,218,1,2
1514,219,1,2
1514,220,1,2
1514,221,1,2
1514,222,1,2
1514,223,1,2
1514,224,1,2
1514,225,1,2
1514,226,1,2
1514,227,1,2
1514,228,1,2
1514,229,1,2
1514,230,1,2
1514,231,1,2
1514,232,1,2
1514,233,1,2
1514,234,1,2
1514,235,1,2
1514,236,1,2
1514,237,1,2
1514,238,1,2
1514,239,1,2
1514,240,1,3
1514,241,1,2
1514,242,1,2
1514,243,1,2
1514,244,1,2
1514,245,1,2
1514,246,1,2
1514,247,1,2
1514,248,1,2
1514,249,1,2
1514,250,1,3
1514,251,1,3
1514,252,1,3
1514,253,1,3
1514,254,1,3
1514,255,1,3
1514,256,1,3
1514,257,1,3
1514,258,1,3
1514,259,1,3
1514,260,1,3
1514,261,1,3
1514,262,1,3
1514,263,1,3
1514,264,1,3
1514,265,1,3
1514,266,1,3
1514,267,1,3
1514,268,1,3
1514,269,1,3
1514,270,1,3
1514,271,1,3
1514,272,1,3
1514,273,1,3
1514,274,1,3
1514,275,1,3
1514,276,1,3
1514,277,1,3
1514,278,1,3
1514,279,1,3
1514,280,1,3
1514,281,1,3
1514,282,1,3
1514,283,1,3
1514,284,1,3
1514,285,1,3
1514,286,1,3
1514,287,1,3
1514,288,1,3
1514,289,1,3
1514,290,1,3
1514,291,1,3
1514,292,1,3
1514,293,1,3
1514,294,1,3
1514,295,1,3
1514,296,1,3
1514,297,1,3
1514,298,1,3
1514,299,1,3
1514,300,1,3
1514,301,1,3
1514,302,1,3
1514,303,1,3
1514,304,1,3
1514,305,1,3
1514,306,1,3
1514,307,1,3
1514,308,1,3
1514,309,1,3
1514,310,1,3
1514,311,1,3
1514,312,1,3
1514,313,1,3
1514,314,1,3
1514,315,1,3
1514,316,1,3
1514,317,1,3
1514,318,1,3
1514,319,1,3
1514,320,1,3
1514,321,1,3
1514,322,1,3
1514,323,1,3
1514,324,1,3
1514,325,1,3
1514,326,1,3
1514,327,1,3
1514,328,1,3
1514,329,1,3
1514,330,1,3
1514,331,1,3
1514,332,1,3
1514,333,1,3
1514,334,1,3
1514,335,1,3
1514,336,1,3
1514,337,1,3
1514,338,1,3
1514,339,1,3
1514,340,1,3
1514,341,1,3
1514,342,1,3
1514,343,1,3
1514,344,1,3
1514,345,1,3
1514,346,1,3
1514,347,1,3
1514,348,1,3
1514,349,1,3
1514,350,1,3
1514,351,1,3
1514,352,1,3
1514,353,1,3
1514,354,1,3
1514,355,1,3
1514,356,1,3
1514,357,1,3
1514,358,1,3
1514,359,1,3
1514,360,1,3
1514,361,1,3
1514,362,1,3
1514,363,1,3
1514,364,1,3
1514,365,1,3
1514,366,1,3
1514,367,1,3
1514,368,1,3
1514,369,1,3
1514,370,1,3
1514,371,1,3
1514,372,1,3
1514,373,1,3
1514,374,1,3
1514,375,1,3
1514,376,1,3
1514,377,1,3
1514,378,1,2
1514,379,1,2
1514,380,1,2
1514,381,1,2
1514,382,1,2
1514,383,1,2
1514,384,1,2
1514,385,1,2
1514,386,1,2
1514,387,1,2
1514,388,1,2
1514,389,1,2
1514,390,1,2
1514,391,1,2
1514,392,1,2
1514,393,1,2
1514,394,1,2
1514,395,1,2
1514,396,1,2
1514,397,1,2
1514,398,1,2
1514,399,1,2
1514,400,1,2
1514,401,1,2
1514,402,1,2
1514,403,1,2
1514,404,1,2
1514,405,1,2
1514,406,1,2
1514,407,1,2
1514,408,1,2
1514,409,1,2
1514,410,1,2
1514,411,1,2
1514,412,1,2
1514,413,1,2
1514,414,1,2
1514,415,1,2
1514,416,1,2
1514,417,1,2
1514,418,1,2
1514,419,1,2
1514,420,1,2
1514,421,1,2
1514,422,1,2
1514,423,1,2
1514,424,1,2
1514,425,1,2
1514,426,1,2
1514,427,1,2
1514,428,1,2
1514,429,1,2
1514,430,1,2
1514,431,1,2
1514,432,1,2
1514,433,1,2
1514,434,1,2
1514,435,1,2
1514,436,1,2
1514,437,1,2
1514,438,1,2
1514,439,1,2
1514,440,1,2
1514,441,1,2
1514,442,1,2
1514,443,1,2
1514,444,1,2
1514,445,1,2
1514,446,1,2
1514,447,1,2
1514,448,1,2
1514,449,1,2
1514,450,1,2
1514,451,1,2
1514,452,1,3
1514,453,1,3
1514,454,1,3
1514,455,1,3
1514,456,1,3
1514,457,1,3
1514,458,1,3
1514,459,1,3
1514,460,1,3
1514,461,1,3
1514,462,1,3
1514,463,1,3
1514,464,1,3
1514,465,1,3
1514,466,1,3
1514,467,1,3
1515,100,1,3
1515,101,1,3
1515,102,1,3
1515,103,1,3
1515,104,1,3
1515,105,1,3
1515,106,1,3
1515,107,1,3
1515,108,1,3
1515,109,1,3
1515,110,1,3
1515,111,1,3
1515,112,1,3
1515,113,1,3
1515,114,1,3
1515,115,1,3
1515,116,1,3
1515,117,1,3
1515,118,1,3
1515,119,1,3
1515,120,1,3
1515,121,1,3
1515,122,1,3
1515,123,1,3
1515,124,1,3
1515,125,1,3
1515,126,1,3
1515,127,1,3
1515,128,1,3
1515,129,1,3
1515,130,1,3
1515,131,1,3
1515,132,1,3
1515,133,1,3
1515,134,1,3
1515,135,1,3
1515,136,1,3
1515,137,1,3
1515,138,1,3
1515,139,1,3
1515,140,1,3
1515,141,1,2
1515,142,1,2
1515,143,1,2
1515,144,1,2
1515,145,1,2
1515,146,1,2
1515,147,1,2
1515,148,1,2
1515,149,1,2
1515,150,1,2
1515,151,1,2
1515,152,1,2
1515,153,1,2
1515,154,1,2
1515,155,1,2
1515,156,1,2
1515,157,1,2
1515,158,1,2
1515,159,1,2
1515,160,1,2
1515,161,1,2
1515,162,1,2
1515,163,1,2
1515,164,1,2
1515,165,1,2
1515,166,1,2
1515,167,1,2
1515,168,1,2
1515,169,1,2
1515,170,1,2
1515,171,1,2
1515,172,1,2
1515,173,1,2
1515,174,1,2
1515,175,1,2
1515,176,1,2
1515,177,1,2
1515,178,1,2
1515,179,1,2
1515,180,1,2
1515,181,1,2
1515,182,1,2
1515,183,1,2
1515,184,1,2
1515,185,1,2
1515,186,1,2
1515,187,1,2
1515,188,1,2
1515,189,1,2
1515,190,1,2
1515,191,1,2
1515,192,1,2
1515,193,1,2
1515,194,1,2
1515,195,1,2
1515,196,1,2
1515,197,1,2
1515,198,1,2
1515,199,1,2
1515,200,1,2
1515,201,1,2
1515,202,1,2
1515,203,1,2
1515,204,1,2
1515,205,1,2
1515,206,1,2
1515,207,1,2
1515,208,1,2
1515,209,1,2
1515,210,1,2
1515,211,1,2
1515,212,1,2
1515,213,1,2
1515,214,1,2
1515,215,1,2
1515,216,1,2
1515,217,1,2
1515,218,1,2
1515,219,1,2
1515,220,1,2
1515,221,1,2
1515,222,1,2
1515,223,1,2
1515,224,1,2
1515,225,1,2
1515,226,1,2
1515,227,1,2
1515,228,1,2
1515,229,1,2
1515,230,1,2
1515,231,1,2
1515,232,1,2
1515,233,1,2
1515,234,1,2
1515,235,1,2
1515,236,1,2
1515,237,1,2
1515,238,1,2
1515,239,1,2
1515,240,1,2
1515,241,1,2
1515,242,1,2
1515,243,1,2
1515,244,1,2
1515,245,1,2
1515,246,1,2
1515,247,1,2
1515,248,1,2
1515,249,1,2
1515,250,1,2
1515,251,1,2
1515,252,1,3
1515,253,1,3
1515,254,1,3
1515,255,1,3
1515,256,1,3
1515,257,1,3
1515,258,1,3
1515,259,1,3
1515,260,1,3
1515,261,1,3
1515,262,1,3
1515,263,1,3
1515,264,1,3
1515,265,1,3
1515,266,1,3
1515,267,1,3
1515,268,1,3
1515,269,1,3
1515,270,1,3
1515,271,1,3
1515,272,1,3
1515,273,1,3
1515,274,1,3
1515,275,1,3
1515,276,1,3
1515,277,1,3
1515,278,1,3
1515,279,1,3
1515,280,1,3
1515,281,1,3
1515,282,1,3
1515,283,1,3
1515,284,1,3
1515,285,1,3
1515,286,1,3
1515,287,1,3
1515,288,1,3
1515,289,1,3
1515,290,1,3
1515,291,1,3
1515,292,1,3
1515,293,1,3
1515,294,1,3
1515,295,1,3
1515,296,1,3
1515,297,1,3
1515,298,1,3
1515,299,1,3
1515,300,1,3
1515,301,1,3
1515,302,1,3
1515,303,1,3
1515,304,1,3
1515,305,1,3
1515,306,1,3
1515,307,1,3
1515,308,1,3
1515,309,1,3
1515,310,1,3
1515,311,1,3
1515,312,1,3
1515,313,1,3
1515,314,1,3
1515,315,1,3
1515,316,1,3
1515,317,1,3
1515,318,1,3
1515,319,1,3
1515,320,1,3
1515,321,1,3
1515,322,1,3
1515,323,1,3
1515,324,1,3
1515,325,1,3
1515,326,1,3
1515,327,1,3
1515,328,1,3
1515,329,1,3
1515,330,1,3
1515,331,1,3
1515,332,1,3
1515,333,1,3
1515,334,1,3
1515,335,1,3
1515,336,1,3
1515,337,1,3
1515,338,1,3
1515,339,1,3
1515,340,1,3
1515,341,1,3
1515,342,1,3
1515,343,1,3
1515,344,1,3
1515,345,1,3
1515,346,1,3
1515,347,1,3
1515,348,1,3
1515,349,1,3
1515,350,1,3
1515,351,1,3
1515,352,1,3
1515,353,1,3
1515,354,1,3
1515,355,1,3
1515,356,1,3
1515,357,1,3
1515,358,1,3
1515,359,1,3
1515,360,1,3
1515,361,1,3
1515,362,1,3
1515,363,1,3
1515,364,1,3
1515,365,1,3
1515,366,1,3
1515,367,1,3
1515,368,1,3
1515,369,1,3
1515,370,1,3
1515,371,1,3
1515,372,1,3
1515,373,1,3
1515,374,1,3
1515,375,1,3
1515,376,1,3
1515,377,1,2
1515,378,1,2
1515,379,1,2
1515,380,1,2
1515,381,1,2
1515,382,1,2
1515,383,1,2
1515,384,1,2
1515,385,1,2
1515,386,1,2
1515,387,1,2
1515,388,1,2
1515,389,1,2
1515,390,1,2
1515,391,1,2
1515,392,1,2
1515,393,1,2
1515,394,1,2
1515,395,1,2
1515,396,1,2
1515,397,1,2
1515,398,1,2
1515,399,1,2
1515,400,1,2
1515,401,1,2
1515,402,1,2
1515,403,1,2
1515,404,1,2
1515,405,1,2
1515,406,1,2
1515,407,1,2
1515,408,1,2
1515,409,1,2
1515,410,1,2
1515,411,1,2
1515,412,1,2
1515,413,1,2
1515,414,1,2
1515,415,1,2
1515,416,1,2
1515,417,1,2
1515,418,1,2
1515,419,1,2
1515,420,1,2
1515,421,1,2
1515,422,1,2
1515,423,1,2
1515,424,1,2
1515,425,1,2
1515,426,1,2
1515,427,1,2
1515,428,1,2
1515,429,1,2
1515,430,1,2
1515,431,1,2
1515,432,1,2
1515,433,1,2
1515,434,1,2
1515,435,1,2
1515,436,1,2
1515,437,1,2
1515,438,1,2
1515,439,1,2
1515,440,1,2
1515,441,1,2
1515,442,1,2
1515,443,1,2
1515,444,1,2
1515,445,1,2
1515,446,1,2
1515,447,1,2
1515,448,1,2
1515,449,1,2
1515,450,1,2
1515,451,1,2
1515,452,1,2
1515,453,1,2
1515,454,1,3
1515,455,1,3
1515,456,1,3
1515,457,1,3
1515,458,1,3
1515,459,1,3
1515,460,1,3
1515,461,1,3
1515,462,1,3
1515,463,1,3
1515,464,1,3
1515,465,1,3
1515,466,1,3
1515,467,1,3
1516,100,1,3
1516,101,1,3
1516,102,1,3
1516,103,1,3
1516,104,1,3
1516,105,1,3
1516,106,1,3
1516,107,1,3
1516,108,1,3
1516,109,1,3
1516,110,1,3
1516,111,1,3
1516,112,1,3
1516,113,1,3
1516,114,1,3
1516,115,1,3
1516,116,1,3
1516,117,1,3
1516,118,1,3
1516,119,1,3
1516,120,1,3
1516,121,1,3
1516,122,1,3
1516,123,1,3
1516,124,1,3
1516,125,1,3
1516,126,1,3
1516,127,1,3
1516,128,1,3
1516,129,1,3
1516,130,1,3
1516,131,1,3
1516,132,1,3
1516,133,1,3
1516,134,1,3
1516,135,1,3
1516,136,1,3
1516,137,1,3
1516,138,1,3
1516,139,1,3
1516,140,1,3
1516,141,1,2
1516,142,1,2
1516,143,1,2
1516,144,1,2
1516,145,1,2
1516,146,1,2
1516,147,1,2
1516,148,1,2
1516,149,1,2
1516,150,1,2
1516,151,1,2
1516,152,1,2
1516,153,1,2
1516,154,1,2
1516,155,1,2
1516,156,1,2
1516,157,1,2
1516,158,1,2
1516,159,1,2
1516,160,1,2
1516,161,1,2
1516,162,1,2
1516,163,1,2
1516,164,1,2
1516,165,1,2
1516,166,1,2
1516,167,1,2
1516,168,1,2
1516,169,1,2
1516,170,1,2
1516,171,1,2
1516,172,1,2
1516,173,1,2
1516,174,1,2
1516,175,1,2
1516,176,1,2
1516,177,1,2
1516,178,1,2
1516,179,1,2
1516,180,1,2
1516,181,1,2
1516,182,1,2
1516,183,1,2
1516,184,1,2
1516,185,1,2
1516,186,1,2
1516,187,1,2
1516,188,1,2
1516,189,1,2
1516,190,1,2
1516,191,1,2
1516,192,1,2
1516,193,1,2
1516,194,1,2
1516,195,1,2
1516,196,1,2
1516,197,1,2
1516,198,1,2
1516,199,1,2
1516,200,1,2
1516,201,1,2
1516,202,1,2
1516,203,1,2
1516,204,1,2
1516,205,1,2
1516,206,1,2
1516,207,1,2
1516,208,1,2
1516,209,1,2
1516,210,1,2
1516,211,1,2
1516,212,1,2
1516,213,1,2
1516,214,1,2
1516,215,1,2
1516,216,1,2
1516,217,1,2
1516,218,1,2
1516,219,1,2
1516,220,1,2
1516,221,1,2
1516,222,1,2
1516,223,1,2
1516,224,1,2
1516,225,1,2
1516,226,1,2
1516,227,1,2
1516,228,1,2
1516,229,1,2
1516,230,1,2
1516,231,1,2
1516,232,1,2
1516,233,1,2
1516,234,1,2
1516,235,1,2
1516,236,1,2
1516,237,1,2
1516,238,1,2
1516,239,1,2
1516,240,1,2
1516,241,1,2
1516,242,1,2
1516,243,1,2
1516,244,1,2
1516,245,1,2
1516,246,1,2
1516,247,1,2
1516,248,1,2
1516,249,1,2
1516,250,1,2
1516,251,1,2
1516,252,1,2
1516,253,1,2
1516,254,1,2
1516,255,1,3
1516,256,1,3
1516,257,1,3
1516,258,1,3
1516,259,1,3
1516,260,1,3
1516,261,1,3
1516,262,1,3
1516,263,1,3
1516,264,1,3
1516,265,1,3
1516,266,1,3
1516,267,1,3
1516,268,1,3
1516,269,1,3
1516,270,1,3
1516,271,1,3
1516,272,1,3
1516,273,1,3
1516,274,1,3
1516,275,1,3
1516,276,1,3
1516,277,1,3
1516,278,1,3
1516,279,1,3
1516,280,1,3
1516,281,1,3
1516,282,1,3
1516,283,1,3
1516,284,1,3
1516,285,1,3
1516,286,1,3
1516,287,1,3
1516,288,1,3
1516,289,1,3
1516,290,1,3
1516,291,1,3
1516,292,1,3
1516,293,1,3
1516,294,1,3
1516,295,1,3
1516,296,1,3
1516,297,1,3
1516,298,1,3
1516,299,1,3
1516,300,1,3
1516,301,1,3
1516,302,1,3
1516,303,1,3
1516,304,1,3
1516,305,1,3
1516,306,1,3
1516,307,1,3
1516,308,1,3
1516,309,1,3
1516,310,1,3
1516,311,1,3
1516,312,1,3
1516,313,1,3
1516,314,1,3
1516,315,1,3
1516,316,1,3
1516,317,1,3
1516,318,1,3
1516,319,1,3
1516,320,1,3
1516,321,1,3
1516,322,1,3
1516,323,1,3
1516,324,1,3
1516,325,1,3
1516,326,1,3
1516,327,1,3
1516,328,1,3
1516,329,1,3
1516,330,1,3
1516,331,1,3
1516,332,1,3
1516,333,1,3
1516,334,1,3
1516,335,1,3
1516,336,1,3
1516,337,1,3
1516,338,1,3
1516,339,1,3
1516,340,1,3
1516,341,1,3
1516,342,1,3
1516,343,1,3
1516,344,1,3
1516,345,1,3
1516,346,1,3
1516,347,1,3
1516,348,1,3
1516,349,1,3
1516,350,1,3
1516,351,1,3
1516,352,1,3
1516,353,1,3
1516,354,1,3
1516,355,1,3
1516,356,1,3
1516,357,1,3
1516,358,1,3
1516,359,1,3
1516,360,1,3
1516,361,1,3
1516,362,1,3
1516,363,1,3
1516,364,1,3
1516,365,1,3
1516,366,1,3
1516,367,1,3
1516,368,1,3
1516,369,1,3
1516,370,1,3
1516,371,1,3
1516,372,1,3
1516,373,1,3
1516,374,1,3
1516,375,1,3
1516,376,1,3
1516,377,1,2
1516,378,1,2
1516,379,1,2
1516,380,1,2
1516,381,1,2
1516,382,1,2
1516,383,1,2
1516,384,1,2
1516,385,1,2
1516,386,1,2
1516,387,1,2
1516,388,1,2
1516,389,1,2
1516,390,1,2
1516,391,1,2
1516,392,1,2
1516,393,1,2
1516,394,1,2
1516,395,1,2
1516,396,1,2
1516,397,1,2
1516,398,1,2
1516,399,1,2
1516,400,1,2
1516,401,1,2
1516,402,1,2
1516,403,1,2
1516,404,1,2
1516,405,1,2
1516,406,1,2
1516,407,1,2
1516,408,1,2
1516,409,1,2
1516,410,1,2
1516,411,1,2
1516,412,1,2
1516,413,1,2
1516,414,1,2
1516,415,1,2
1516,416,1,2
1516,417,1,2
1516,418,1,2
1516,419,1,2
1516,420,1,2
1516,421,1,2
1516,422,1,2
1516,423,1,2
1516,424,1,2
1516,425,1,2
1516,426,1,2
1516,427,1,2
1516,428,1,2
1516,429,1,2
1516,430,1,2
1516,431,1,2
1516,432,1,2
1516,433,1,2
1516,434,1,2
1516,435,1,2
1516,436,1,2
1516,437,1,2
1516,438,1,2
1516,439,1,2
1516,440,1,2
1516,441,1,2
1516,442,1,2
1516,443,1,2
1516,444,1,2
1516,445,1,2
1516,446,1,2
1516,447,1,2
1516,448,1,2
1516,449,1,2
1516,450,1,2
1516,451,1,2
1516,452,1,2
1516,453,1,2
1516,454,1,3
1516,455,1,3
1516,456,1,3
1516,457,1,3
1516,458,1,3
1516,459,1,3
1516,460,1,3
1516,461,1,3
1516,462,1,3
1516,463,1,3
1516,464,1,3
1516,465,1,3
1516,466,1,3
1516,467,1,3
1517,100,1,3
1517,101,1,3
1517,102,1,3
1517,103,1,3
1517,104,1,3
1517,105,1,3
1517,106,1,3
1517,107,1,3
1517,108,1,3
1517,109,1,3
1517,110,1,3
1517,111,1,3
1517,112,1,3
1517,113,1,3
1517,114,1,3
1517,115,1,3
1517,116,1,3
1517,117,1,3
1517,118,1,3
1517,119,1,3
1517,120,1,3
1517,121,1,3
1517,122,1,3
1517,123,1,3
1517,124,1,3
1517,125,1,3
1517,126,1,3
1517,127,1,3
1517,128,1,3
1517,129,1,3
1517,130,1,3
1517,131,1,3
1517,132,1,3
1517,133,1,3
1517,134,1,3
1517,135,1,3
1517,136,1,3
1517,137,1,3
1517,138,1,3
1517,139,1,3
1517,140,1,3
1517,141,1,2
1517,142,1,2
1517,143,1,2
1517,144,1,2
1517,145,1,2
1517,146,1,2
1517,147,1,2
1517,148,1,2
1517,149,1,2
1517,150,1,2
1517,151,1,2
1517,152,1,2
1517,153,1,2
1517,154,1,2
1517,155,1,2
1517,156,1,2
1517,157,1,2
1517,158,1,2
1517,159,1,2
1517,160,1,2
1517,161,1,2
1517,162,1,2
1517,163,1,2
1517,164,1,2
1517,165,1,2
1517,166,1,2
1517,167,1,2
1517,168,1,2
1517,169,1,2
1517,170,1,2
1517,171,1,2
1517,172,1,2
1517,173,1,2
1517,174,1,2
1517,175,1,2
1517,176,1,2
1517,177,1,2
1517,178,1,2
1517,179,1,2
1517,180,1,2
1517,181,1,2
1517,182,1,2
1517,183,1,2
1517,184,1,2
1517,185,1,2
1517,186,1,2
1517,187,1,2
1517,188,1,2
1517,189,1,2
1517,190,1,2
1517,191,1,2
1517,192,1,2
1517,193,1,2
1517,194,1,2
1517,195,1,2
1517,196,1,2
1517,197,1,2
1517,198,1,2
1517,199,1,2
1517,200,1,2
1517,201,1,2
1517,202,1,2
1517,203,1,2
1517,204,1,2
1517,205,1,2
1517,206,1,2
1517,207,1,2
1517,208,1,2
1517,209,1,2
1517,210,1,2
1517,211,1,2
1517,212,1,2
1517,213,1,2
1517,214,1,2
1517,215,1,2
1517,216,1,2
1517,217,1,2
1517,218,1,2
1517,219,1,2
1517,220,1,2
1517,221,1,2
1517,222,1,2
1517,223,1,2
1517,224,1,2
1517,225,1,2
1517,226,1,2
1517,227,1,2
1517,228,1,2
1517,229,1,2
1517,230,1,2
1517,231,1,2
1517,232,1,2
1517,233,1,2
1517,234,1,2
1517,235,1,2
1517,236,1,2
1517,237,1,2
1517,238,1,2
1517,239,1,2
1517,240,1,2
1517,241,1,2
1517,242,1,2
1517,243,1,2
1517,244,1,2
1517,245,1,2
1517,246,1,2
1517,247,1,2
1517,248,1,2
1517,249,1,2
1517,250,1,2
1517,251,1,2
1517,252,1,2
1517,253,1,2
1517,254,1,2
1517,255,1,2
1517,256,1,2
1517,257,1,3
1517,258,1,3
1517,259,1,3
1517,260,1,3
1517,261,1,3
1517,262,1,3
1517,263,1,3
1517,264,1,3
1517,265,1,3
1517,266,1,3
1517,267,1,3
1517,268,1,3
1517,269,1,3
1517,270,1,3
1517,271,1,3
1517,272,1,3
1517,273,1,3
1517,274,1,3
1517,275,1,3
1517,276,1,3
1517,277,1,3
1517,278,1,3
1517,279,1,3
1517,280,1,3
1517,281,1,3
1517,282,1,3
1517,283,1,3
1517,284,1,3
1517,285,1,3
1517,286,1,3
1517,287,1,3
1517,288,1,3
1517,289,1,3
1517,290,1,3
1517,291,1,3
1517,292,1,3
1517,293,1,3
1517,294,1,3
1517,295,1,3
1517,296,1,3
1517,297,1,3
1517,298,1,3
1517,299,1,3
1517,300,1,3
1517,301,1,3
1517,302,1,3
1517,303,1,3
1517,304,1,3
1517,305,1,3
1517,306,1,3
1517,307,1,3
1517,308,1,3
1517,309,1,3
1517,310,1,3
1517,311,1,3
1517,312,1,3
1517,313,1,3
1517,314,1,3
1517,315,1,3
1517,316,1,3
1517,317,1,3
1517,318,1,3
1517,319,1,3
1517,320,1,3
1517,321,1,3
1517,322,1,3
1517,323,1,3
1517,324,1,3
1517,325,1,3
1517,326,1,3
1517,327,1,3
1517,328,1,3
1517,329,1,3
1517,330,1,3
1517,331,1,3
1517,332,1,3
1517,333,1,3
1517,334,1,3
1517,335,1,3
1517,336,1,3
1517,337,1,3
1517,338,1,3
1517,339,1,3
1517,340,1,3
1517,341,1,3
1517,342,1,3
1517,343,1,3
1517,344,1,3
1517,345,1,3
1517,346,1,3
1517,347,1,3
1517,348,1,3
1517,349,1,3
1517,350,1,3
1517,351,1,3
1517,352,1,3
1517,353,1,3
1517,354,1,3
1517,355,1,3
1517,356,1,3
1517,357,1,3
1517,358,1,3
1517,359,1,3
1517,360,1,3
1517,361,1,3
1517,362,1,3
1517,363,1,3
1517,364,1,3
1517,365,1,3
1517,366,1,3
1517,367,1,3
1517,368,1,3
1517,369,1,3
1517,370,1,3
1517,371,1,3
1517,372,1,3
1517,373,1,3
1517,374,1,3
1517,375,1,3
1517,376,1,3
1517,377,1,2
1517,378,1,2
1517,379,1,2
1517,380,1,2
1517,381,1,2
1517,382,1,2
1517,383,1,2
1517,384,1,2
1517,385,1,2
1517,386,1,2
1517,387,1,2
1517,388,1,2
1517,389,1,2
1517,390,1,2
1517,391,1,2
1517,392,1,2
1517,393,1,2
1517,394,1,2
1517,395,1,2
1517,396,1,2
1517,397,1,2
1517,398,1,2
1517,399,1,2
1517,400,1,2
1517,401,1,2
1517,402,1,2
1517,403,1,2
1517,404,1,2
1517,405,1,2
1517,406,1,2
1517,407,1,2
1517,408,1,2
1517,409,1,2
1517,410,1,2
1517,411,1,2
1517,412,1,2
1517,413,1,2
1517,414,1,2
1517,415,1,2
1517,416,1,2
1517,417,1,2
1517,418,1,2
1517,419,1,2
1517,420,1,2
1517,421,1,2
1517,422,1,2
1517,423,1,2
1517,424,1,2
1517,425,1,2
1517,426,1,2
1517,427,1,2
1517,428,1,2
1517,429,1,2
1517,430,1,2
1517,431,1,2
1517,432,1,2
1517,433,1,2
1517,434,1,2
1517,435,1,2
1517,436,1,2
1517,437,1,2
1517,438,1,2
1517,439,1,2
1517,440,1,2
1517,441,1,2
1517,442,1,2
1517,443,1,2
1517,444,1,2
1517,445,1,2
1517,446,1,2
1517,447,1,2
1517,448,1,2
1517,449,1,2
1517,450,1,2
1517,451,1,2
1517,452,1,2
1517,453,1,2
1517,454,1,3
1517,455,1,3
1517,456,1,3
1517,457,1,3
1517,458,1,3
1517,459,1,3
1517,460,1,3
1517,461,1,3
1517,462,1,3
1517,463,1,3
1517,464,1,3
1517,465,1,3
1517,466,1,3
1517,467,1,3
1518,100,1,3
1518,101,1,3
1518,102,1,3
1518,103,1,3
1518,104,1,3
1518,105,1,3
1518,106,1,3
1518,107,1,3
1518,108,1,3
1518,109,1,3
1518,110,1,3
1518,111,1,3
1518,112,1,3
1518,113,1,3
1518,114,1,3
1518,115,1,3
1518,116,1,3
1518,117,1,3
1518,118,1,3
1518,119,1,3
1518,120,1,3
1518,121,1,3
1518,122,1,3
1518,123,1,3
1518,124,1,3
1518,125,1,3
1518,126,1,3
1518,127,1,3
1518,128,1,3
1518,129,1,3
1518,130,1,3
1518,131,1,3
1518,132,1,3
1518,133,1,3
1518,134,1,3
1518,135,1,3
1518,136,1,3
1518,137,1,3
1518,138,1,3
1518,139,1,3
1518,140,1,3
1518,141,1,2
1518,142,1,2
1518,143,1,2
1518,144,1,2
1518,145,1,2
1518,146,1,2
1518,147,1,2
1518,148,1,2
1518,149,1,2
1518,150,1,2
1518,151,1,2
1518,152,1,2
1518,153,1,2
1518,154,1,2
1518,155,1,2
1518,156,1,2
1518,157,1,2
1518,158,1,2
1518,159,1,2
1518,160,1,2
1518,161,1,2
1518,162,1,2
1518,163,1,2
1518,164,1,2
1518,165,1,2
1518,166,1,2
1518,167,1,2
1518,168,1,2
1518,169,1,2
1518,170,1,2
1518,171,1,2
1518,172,1,2
1518,173,1,2
1518,174,1,2
1518,175,1,2
1518,176,1,2
1518,177,1,2
1518,178,1,2
1518,179,1,2
1518,180,1,2
1518,181,1,2
1518,182,1,2
1518,183,1,2
1518,184,1,2
1518,185,1,2
1518,186,1,2
1518,187,1,2
1518,188,1,2
1518,189,1,2
1518,190,1,2
1518,191,1,2
1518,192,1,2
1518,193,1,2
1518,194,1,2
1518,195,1,2
1518,196,1,2
1518,197,1,2
1518,198,1,2
1518,199,1,2
1518,200,1,2
1518,201,1,2
1518,202,1,2
1518,203,1,2
1518,204,1,2
1518,205,1,2
1518,206,1,2
1518,207,1,2
1518,208,1,2
1518,209,1,2
1518,210,1,2
1518,211,1,2
1518,212,1,2
1518,213,1,2
1518,214,1,2
1518,215,1,2
1518,216,1,2
1518,217,1,2
1518,218,1,2
1518,219,1,2
1518,220,1,2
1518,221,1,2
1518,222,1,2
1518,223,1,2
1518,224,1,2
1518,225,1,2
1518,226,1,2
1518,227,1,2
1518,228,1,2
1518,229,1,2
1518,230,1,2
1518,231,1,2
1518,232,1,2
1518,233,1,2
1518,234,1,2
1518,235,1,2
1518,236,1,2
1518,237,1,2
1518,238,1,2
1518,239,1,2
1518,240,1,2
1518,241,1,2
1518,242,1,2
1518,243,1,2
1518,244,1,2
1518,245,1,2
1518,246,1,2
1518,247,1,2
1518,248,1,2
1518,249,1,2
1518,250,1,2
1518,251,1,2
1518,252,1,2
1518,253,1,2
1518,254,1,2
1518,255,1,2
1518,256,1,2
1518,257,1,2
1518,258,1,2
1518,259,1,2
1518,260,1,3
1518,261,1,3
1518,262,1,3
1518,263,1,3
1518,264,1,3
1518,265,1,3
1518,266,1,3
1518,267,1,3
1518,268,1,3
1518,269,1,3
1518,270,1,3
1518,271,1,3
1518,272,1,3
1518,273,1,3
1518,274,1,3
1518,275,1,3
1518,276,1,3
1518,277,1,3
1518,278,1,3
1518,279,1,3
1518,280,1,3
1518,281,1,3
1518,282,1,3
1518,283,1,3
1518,284,1,3
1518,285,1,3
1518,286,1,3
1518,287,1,3
1518,288,1,3
1518,289,1,3
1518,290,1,3
1518,291,1,3
1518,292,1,3
1518,293,1,3
1518,294,1,3
1518,295,1,3
1518,296,1,3
1518,297,1,3
1518,298,1,3
1518,299,1,3
1518,300,1,3
1518,301,1,3
1518,302,1,3
1518,303,1,3
1518,304,1,3
1518,305,1,3
1518,306,1,3
1518,307,1,3
1518,308,1,3
1518,309,1,3
1518,310,1,3
1518,311,1,3
1518,312,1,3
1518,313,1,3
1518,314,1,3
1518,315,1,3
1518,316,1,3
1518,317,1,3
1518,318,1,3
1518,319,1,3
1518,320,1,3
1518,321,1,3
1518,322,1,3
1518,323,1,3
1518,324,1,3
1518,325,1,3
1518,326,1,3
1518,327,1,3
1518,328,1,3
1518,329,1,3
1518,330,1,3
1518,331,1,3
1518,332,1,3
1518,333,1,3
1518,334,1,3
1518,335,1,3
1518,336,1,3
1518,337,1,3
1518,338,1,3
1518,339,1,3
1518,340,1,3
1518,341,1,3
1518,342,1,3
1518,343,1,3
1518,344,1,3
1518,345,1,3
1518,346,1,3
1518,347,1,3
1518,348,1,3
1518,349,1,3
1518,350,1,3
1518,351,1,3
1518,352,1,3
1518,353,1,3
1518,354,1,3
1518,355,1,3
1518,356,1,3
1518,357,1,3
1518,358,1,3
1518,359,1,3
1518,360,1,3
1518,361,1,3
1518,362,1,3
1518,363,1,3
1518,364,1,3
1518,365,1,3
1518,366,1,3
1518,367,1,3
1518,368,1,3
1518,369,1,3
1518,370,1,3
1518,371,1,3
1518,372,1,3
1518,373,1,3
1518,374,1,3
1518,375,1,3
1518,376,1,2
1518,377,1,2
1518,378,1,2
1518,379,1,2
1518,380,1,2
1518,381,1,2
1518,382,1,2
1518,383,1,2
1518,384,1,2
1518,385,1,2
1518,386,1,2
1518,387,1,2
1518,388,1,2
1518,389,1,2
1518,390,1,2
1518,391,1,2
1518,392,1,2
1518,393,1,2
1518,394,1,2
1518,395,1,2
1518,396,1,2
1518,397,1,2
1518,398,1,2
1518,399,1,2
1518,400,1,2
1518,401,1,2
1518,402,1,2
1518,403,1,2
1518,404,1,2
1518,405,1,2
1518,406,1,2
1518,407,1,2
1518,408,1,2
1518,409,1,2
1518,410,1,2
1518,411,1,2
1518,412,1,2
1518,413,1,2
1518,414,1,2
1518,415,1,2
1518,416,1,2
1518,417,1,2
1518,418,1,2
1518,419,1,2
1518,420,1,2
1518,421,1,2
1518,422,1,2
1518,423,1,2
1518,424,1,2
1518,425,1,2
1518,426,1,2
1518,427,1,2
1518,428,1,2
1518,429,1,2
1518,430,1,2
1518,431,1,2
1518,432,1,2
1518,433,1,2
1518,434,1,2
1518,435,1,2
1518,436,1,2
1518,437,1,2
1518,438,1,2
1518,439,1,2
1518,440,1,2
1518,441,1,2
1518,442,1,2
1518,443,1,2
1518,444,1,2
1518,445,1,2
1518,446,1,2
1518,447,1,2
1518,448,1,2
1518,449,1,2
1518,450,1,2
1518,451,1,2
1518,452,1,2
1518,453,1,2
1518,454,1,3
1518,455,1,3
1518,456,1,3
1518,457,1,3
1518,458,1,3
1518,459,1,3
1518,460,1,3
1518,461,1,3
1518,462,1,3
1518,463,1,3
1518,464,1,3
1518,465,1,3
1518,466,1,3
1518,467,1,3
1519,100,1,3
1519,101,1,3
1519,102,1,3
1519,103,1,3
1519,104,1,3
1519,105,1,3
1519,106,1,3
1519,107,1,3
1519,108,1,3
1519,109,1,3
1519,110,1,3
1519,111,1,3
1519,112,1,3
1519,113,1,3
1519,114,1,3
1519,115,1,3
1519,116,1,3
1519,117,1,3
1519,118,1,3
1519,119,1,3
1519,120,1,3
1519,121,1,3
1519,122,1,3
1519,123,1,3
1519,124,1,3
1519,125,1,3
1519,126,1,3
1519,127,1,3
1519,128,1,3
1519,129,1,3
1519,130,1,3
1519,131,1,3
1519,132,1,3
1519,133,1,3
1519,134,1,3
1519,135,1,3
1519,136,1,3
1519,137,1,3
1519,138,1,3
1519,139,1,3
1519,140,1,2
1519,141,1,2
1519,142,1,2
1519,143,1,2
1519,144,1,2
1519,145,1,2
1519,146,1,2
1519,147,1,2
1519,148,1,2
1519,149,1,2
1519,150,1,2
1519,151,1,2
1519,152,1,2
1519,153,1,2
1519,154,1,2
1519,155,1,2
1519,156,1,2
1519,157,1,2
1519,158,1,2
1519,159,1,2
1519,160,1,2
1519,161,1,2
1519,162,1,2
1519,163,1,2
1519,164,1,2
1519,165,1,2
1519,166,1,2
1519,167,1,2
1519,168,1,2
1519,169,1,2
1519,170,1,2
1519,171,1,2
1519,172,1,2
1519,173,1,2
1519,174,1,2
1519,175,1,2
1519,176,1,2
1519,177,1,2
1519,178,1,2
1519,179,1,2
1519,180,1,2
1519,181,1,2
1519,182,1,2
1519,183,1,2
1519,184,1,2
1519,185,1,2
1519,186,1,2
1519,187,1,2
1519,188,1,2
1519,189,1,2
1519,190,1,2
1519,191,1,2
1519,192,1,2
1519,193,1,2
1519,194,1,2
1519,195,1,2
1519,196,1,2
1519,197,1,2
1519,198,1,2
1519,199,1,2
1519,200,1,2
1519,201,1,2
1519,202,1,2
1519,203,1,2
1519,204,1,2
1519,205,1,2
1519,206,1,2
1519,207,1,2
1519,208,1,2
1519,209,1,2
1519,210,1,2
1519,211,1,2
1519,212,1,2
1519,213,1,2
1519,214,1,2
1519,215,1,2
1519,216,1,2
1519,217,1,2
1519,218,1,2
1519,219,1,2
1519,220,1,2
1519,221,1,2
1519,222,1,2
1519,223,1,2
1519,224,1,2
1519,225,1,2
1519,226,1,2
1519,227,1,2
1519,228,1,2
1519,229,1,2
1519,230,1,2
1519,231,1,2
1519,232,1,2
1519,233,1,2
1519,234,1,2
1519,235,1,2
1519,236,1,2
1519,237,1,2
1519,238,1,2
1519,239,1,2
1519,240,1,2
1519,241,1,2
1519,242,1,2
1519,243,1,2
1519,244,1,2
1519,245,1,2
1519,246,1,2
1519,247,1,2
1519,248,1,2
1519,249,1,2
1519,250,1,2
1519,251,1,2
1519,252,1,2
1519,253,1,2
1519,254,1,2
1519,255,1,2
1519,256,1,2
1519,257,1,2
1519,258,1,2
1519,259,1,2
1519,260,1,2
1519,261,1,3
1519,262,1,3
1519,263,1,3
1519,264,1,3
1519,265,1,3
1519,266,1,3
1519,267,1,3
1519,268,1,3
1519,269,1,3
1519,270,1,3
1519,271,1,3
1519,272,1,3
1519,273,1,3
1519,274,1,3
1519,275,1,3
1519,276,1,3
1519,277,1,3
1519,278,1,3
1519,279,1,3
1519,280,1,3
1519,281,1,3
1519,282,1,3
1519,283,1,3
1519,284,1,3
1519,285,1,3
1519,286,1,3
1519,287,1,3
1519,288,1,3
1519,289,1,3
1519,290,1,3
1519,291,1,3
1519,292,1,3
1519,293,1,3
1519,294,1,3
1519,295,1,3
1519,296,1,3
1519,297,1,3
1519,298,1,3
1519,299,1,3
1519,300,1,3
1519,301,1,3
1519,302,1,3
1519,303,1,3
1519,304,1,3
1519,305,1,3
1519,306,1,3
1519,307,1,3
1519,308,1,3
1519,309,1,3
1519,310,1,3
1519,311,1,3
1519,312,1,3
1519,313,1,3
1519,314,1,3
1519,315,1,3
1519,316,1,3
1519,317,1,3
1519,318,1,3
1519,319,1,3
1519,320,1,3
1519,321,1,3
1519,322,1,3
1519,323,1,3
1519,324,1,3
1519,325,1,3
1519,326,1,3
1519,327,1,3
1519,328,1,3
1519,329,1,3
1519,330,1,3
1519,331,1,3
1519,332,1,3
1519,333,1,3
1519,334,1,3
1519,335,1,3
1519,336,1,3
1519,337,1,3
1519,338,1,3
1519,339,1,3
1519,340,1,3
1519,341,1,3
1519,342,1,3
1519,343,1,3
1519,344,1,3
1519,345,1,3
1519,346,1,3
1519,347,1,3
1519,348,1,3
1519,349,1,3
1519,350,1,3
1519,351,1,3
1519,352,1,3
1519,353,1,3
1519,354,1,3
1519,355,1,3
1519,356,1,3
1519,357,1,3
1519,358,1,3
1519,359,1,3
1519,360,1,3
1519,361,1,3
1519,362,1,3
1519,363,1,3
1519,364,1,3
1519,365,1,3
1519,366,1,3
1519,367,1,3
1519,368,1,3
1519,369,1,3
1519,370,1,3
1519,371,1,3
1519,372,1,3
1519,373,1,3
1519,374,1,3
1519,375,1,2
1519,376,1,2
1519,377,1,2
1519,378,1,2
1519,379,1,2
1519,380,1,2
1519,381,1,2
1519,382,1,2
1519,383,1,2
1519,384,1,2
1519,385,1,2
1519,386,1,2
1519,387,1,2
1519,388,1,2
1519,389,1,2
1519,390,1,2
1519,391,1,2
1519,392,1,2
1519,393,1,2
1519,394,1,2
1519,395,1,2
1519,396,1,2
1519,397,1,2
1519,398,1,2
1519,399,1,2
1519,400,1,2
1519,401,1,2
1519,402,1,2
1519,403,1,2
1519,404,1,2
1519,405,1,2
1519,406,1,2
1519,407,1,2
1519,408,1,2
1519,409,1,2
1519,410,1,2
1519,411,1,2
1519,412,1,2
1519,413,1,2
1519,414,1,2
1519,415,1,2
1519,416,1,2
1519,417,1,2
1519,418,1,2
1519,419,1,2
1519,420,1,2
1519,421,1,2
1519,422,1,2
1519,423,1,2
1519,424,1,2
1519,425,1,2
1519,426,1,2
1519,427,1,2
1519,428,1,2
1519,429,1,2
1519,430,1,2
1519,431,1,2
1519,432,1,2
1519,433,1,2
1519,434,1,2
1519,435,1,2
1519,436,1,2
1519,437,1,2
1519,438,1,2
1519,439,1,2
1519,440,1,2
1519,441,1,2
1519,442,1,2
1519,443,1,2
1519,444,1,2
1519,445,1,2
1519,446,1,2
1519,447,1,2
1519,448,1,2
1519,449,1,2
1519,450,1,2
1519,451,1,2
1519,452,1,2
1519,453,1,2
1519,454,1,2
1519,455,1,3
1519,456,1,3
1519,457,1,3
1519,458,1,3
1519,459,1,3
1519,460,1,3
1519,461,1,3
1519,462,1,3
1519,463,1,3
1519,464,1,3
1519,465,1,3
1519,466,1,3
1519,467,1,3
1520,100,1,3
1520,101,1,3
1520,102,1,3
1520,103,1,3
1520,104,1,3
1520,105,1,3
1520,106,1,3
1520,107,1,3
1520,108,1,3
1520,109,1,3
1520,110,1,3
1520,111,1,3
1520,112,1,3
1520,113,1,3
1520,114,1,3
1520,115,1,3
1520,116,1,3
1520,117,1,3
1520,118,1,3
1520,119,1,3
1520,120,1,3
1520,121,1,3
1520,122,1,3
1520,123,1,3
1520,124,1,3
1520,125,1,3
1520,126,1,3
1520,127,1,3
1520,128,1,3
1520,129,1,3
1520,130,1,3
1520,131,1,3
1520,132,1,3
1520,133,1,3
1520,134,1,3
1520,135,1,3
1520,136,1,3
1520,137,1,3
1520,138,1,3
1520,139,1,3
1520,140,1,2
1520,141,1,2
1520,142,1,2
1520,143,1,2
1520,144,1,2
1520,145,1,2
1520,146,1,2
1520,147,1,2
1520,148,1,2
1520,149,1,2
1520,150,1,2
1520,151,1,2
1520,152,1,2
1520,153,1,2
1520,154,1,2
1520,155,1,2
1520,156,1,2
1520,157,1,2
1520,158,1,2
1520,159,1,2
1520,160,1,2
1520,161,1,2
1520,162,1,2
1520,163,1,2
1520,164,1,2
1520,165,1,2
1520,166,1,2
1520,167,1,2
1520,168,1,2
1520,169,1,2
1520,170,1,2
1520,171,1,2
1520,172,1,2
1520,173,1,2
1520,174,1,2
1520,175,1,2
1520,176,1,2
1520,177,1,2
1520,178,1,2
1520,179,1,2
1520,180,1,2
1520,181,1,2
1520,182,1,2
1520,183,1,2
1520,184,1,2
1520,185,1,2
1520,186,1,2
1520,187,1,2
1520,188,1,2
1520,189,1,2
1520,190,1,2
1520,191,1,2
1520,192,1,2
1520,193,1,2
1520,194,1,2
1520,195,1,2
1520,196,1,2
1520,197,1,2
1520,198,1,2
1520,199,1,2
1520,200,1,2
1520,201,1,2
1520,202,1,2
1520,203,1,2
1520,204,1,2
1520,205,1,2
1520,206,1,2
1520,207,1,2
1520,208,1,2
1520,209,1,2
1520,210,1,2
1520,211,1,2
1520,212,1,2
1520,213,1,2
1520,214,1,2
1520,215,1,2
1520,216,1,2
1520,217,1,2
1520,218,1,2
1520,219,1,2
1520,220,1,2
1520,221,1,2
1520,222,1,2
1520,223,1,2
1520,224,1,2
1520,225,1,2
1520,226,1,2
1520,227,1,2
1520,228,1,2
1520,229,1,2
1520,230,1,2
1520,231,1,2
1520,232,1,2
1520,233,1,2
1520,234,1,2
1520,235,1,2
1520,236,1,2
1520,237,1,2
1520,238,1,2
1520,239,1,2
1520,240,1,2
1520,241,1,2
1520,242,1,2
1520,243,1,2
1520,244,1,2
1520,245,1,2
1520,246,1,2
1520,247,1,2
1520,248,1,2
1520,249,1,2
1520,250,1,2
1520,251,1,2
1520,252,1,2
1520,253,1,2
1520,254,1,2
1520,255,1,2
1520,256,1,2
1520,257,1,2
1520,258,1,2
1520,259,1,2
1520,260,1,2
1520,261,1,2
1520,262,1,2
1520,263,1,3
1520,264,1,3
1520,265,1,3
1520,266,1,3
1520,267,1,3
1520,268,1,3
1520,269,1,3
1520,270,1,3
1520,271,1,3
1520,272,1,3
1520,273,1,3
1520,274,1,3
1520,275,1,3
1520,276,1,3
1520,277,1,3
1520,278,1,3
1520,279,1,3
1520,280,1,3
1520,281,1,3
1520,282,1,3
1520,283,1,3
1520,284,1,3
1520,285,1,3
1520,286,1,3
1520,287,1,3
1520,288,1,3
1520,289,1,3
1520,290,1,3
1520,291,1,3
1520,292,1,3
1520,293,1,3
1520,294,1,3
1520,295,1,3
1520,296,1,3
1520,297,1,3
1520,298,1,3
1520,299,1,3
1520,300,1,3
1520,301,1,3
1520,302,1,3
1520,303,1,3
1520,304,1,3
1520,305,1,3
1520,306,1,3
1520,307,1,3
1520,308,1,3
1520,309,1,3
1520,310,1,3
1520,311,1,3
1520,312,1,3
1520,313,1,3
1520,314,1,3
1520,315,1,3
1520,316,1,3
1520,317,1,3
1520,318,1,3
1520,319,1,3
1520,320,1,3
1520,321,1,3
1520,322,1,3
1520,323,1,3
1520,324,1,3
1520,325,1,3
1520,326,1,3
1520,327,1,3
1520,328,1,3
1520,329,1,3
1520,330,1,3
1520,331,1,3
1520,332,1,3
1520,333,1,3
1520,334,1,3
1520,335,1,3
1520,336,1,3
1520,337,1,3
1520,338,1,3
1520,339,1,3
1520,340,1,3
1520,341,1,3
1520,342,1,3
1520,343,1,3
1520,344,1,3
1520,345,1,3
1520,346,1,3
1520,347,1,3
1520,348,1,3
1520,349,1,3
1520,350,1,3
1520,351,1,3
1520,352,1,3
1520,353,1,3
1520,354,1,3
1520,355,1,3
1520,356,1,3
1520,357,1,3
1520,358,1,3
1520,359,1,3
1520,360,1,3
1520,361,1,3
1520,362,1,3
1520,363,1,3
1520,364,1,3
1520,365,1,3
1520,366,1,3
1520,367,1,3
1520,368,1,3
1520,369,1,3
1520,370,1,3
1520,371,1,3
1520,372,1,3
1520,373,1,3
1520,374,1,3
1520,375,1,2
1520,376,1,2
1520,377,1,2
1520,378,1,2
1520,379,1,2
1520,380,1,2
1520,381,1,2
1520,382,1,2
1520,383,1,2
1520,384,1,2
1520,385,1,2
1520,386,1,2
1520,387,1,2
1520,388,1,2
1520,389,1,2
1520,390,1,2
1520,391,1,2
1520,392,1,2
1520,393,1,2
1520,394,1,2
1520,395,1,2
1520,396,1,2
1520,397,1,2
1520,398,1,2
1520,399,1,2
1520,400,1,2
1520,401,1,2
1520,402,1,2
1520,403,1,2
1520,404,1,2
1520,405,1,2
1520,406,1,2
1520,407,1,2
1520,408,1,2
1520,409,1,2
1520,410,1,2
1520,411,1,2
1520,412,1,2
1520,413,1,2
1520,414,1,2
1520,415,1,2
1520,416,1,2
1520,417,1,2
1520,418,1,2
1520,419,1,2
1520,420,1,2
1520,421,1,2
1520,422,1,2
1520,423,1,2
1520,424,1,2
1520,425,1,2
1520,426,1,2
1520,427,1,2
1520,428,1,2
1520,429,1,2
1520,430,1,2
1520,431,1,2
1520,432,1,2
1520,433,1,2
1520,434,1,2
1520,435,1,2
1520,436,1,2
1520,437,1,2
1520,438,1,2
1520,439,1,2
1520,440,1,2
1520,441,1,2
1520,442,1,2
1520,443,1,2
1520,444,1,2
1520,445,1,2
1520,446,1,2
1520,447,1,2
1520,448,1,2
1520,449,1,2
1520,450,1,2
1520,451,1,2
1520,452,1,2
1520,453,1,2
1520,454,1,2
1520,455,1,3
1520,456,1,3
1520,457,1,3
1520,458,1,3
1520,459,1,3
1520,460,1,3
1520,461,1,3
1520,462,1,3
1520,463,1,3
1520,464,1,3
1520,465,1,3
1520,466,1,3
1520,467,1,3
1521,100,1,3
1521,101,1,3
1521,102,1,3
1521,103,1,3
1521,104,1,3
1521,105,1,3
1521,106,1,3
1521,107,1,3
1521,108,1,3
1521,109,1,3
1521,110,1,3
1521,111,1,3
1521,112,1,3
1521,113,1,3
1521,114,1,3
1521,115,1,3
1521,116,1,3
1521,117,1,3
1521,118,1,3
1521,119,1,3
1521,120,1,3
1521,121,1,3
1521,122,1,3
1521,123,1,3
1521,124,1,3
1521,125,1,3
1521,126,1,3
1521,127,1,3
1521,128,1,3
1521,129,1,3
1521,130,1,3
1521,131,1,3
1521,132,1,3
1521,133,1,3
1521,134,1,3
1521,135,1,3
1521,136,1,3
1521,137,1,3
1521,138,1,3
1521,139,1,3
1521,140,1,2
1521,141,1,2
1521,142,1,2
1521,143,1,2
1521,144,1,2
1521,145,1,2
1521,146,1,2
1521,147,1,2
1521,148,1,2
1521,149,1,2
1521,150,1,2
1521,151,1,2
1521,152,1,2
1521,153,1,2
1521,154,1,2
1521,155,1,2
1521,156,1,2
1521,157,1,2
1521,158,1,2
1521,159,1,2
1521,160,1,2
1521,161,1,2
1521,162,1,2
1521,163,1,2
1521,164,1,2
1521,165,1,2
1521,166,1,2
1521,167,1,2
1521,168,1,2
1521,169,1,2
1521,170,1,2
1521,171,1,2
1521,172,1,2
1521,173,1,2
1521,174,1,2
1521,175,1,2
1521,176,1,2
1521,177,1,2
1521,178,1,2
1521,179,1,2
1521,180,1,2
1521,181,1,2
1521,182,1,2
1521,183,1,2
1521,184,1,2
1521,185,1,2
1521,186,1,2
1521,187,1,2
1521,188,1,2
1521,189,1,2
1521,190,1,2
1521,191,1,2
1521,192,1,2
1521,193,1,2
1521,194,1,2
1521,195,1,2
1521,196,1,2
1521,197,1,2
1521,198,1,2
1521,199,1,2
1521,200,1,2
1521,201,1,2
1521,202,1,2
1521,203,1,2
1521,204,1,2
1521,205,1,2
1521,206,1,2
1521,207,1,2
1521,208,1,2
1521,209,1,2
1521,210,1,2
1521,211,1,2
1521,212,1,2
1521,213,1,2
1521,214,1,2
1521,215,1,2
1521,216,1,2
1521,217,1,2
1521,218,1,2
1521,219,1,2
1521,220,1,2
1521,221,1,2
1521,222,1,2
1521,223,1,2
1521,224,1,2
1521,225,1,2
1521,226,1,2
1521,227,1,2
1521,228,1,2
1521,229,1,2
1521,230,1,2
1521,231,1,2
1521,232,1,2
1521,233,1,2
1521,234,1,2
1521,235,1,2
1521,236,1,2
1521,237,1,2
1521,238,1,2
1521,239,1,2
1521,240,1,2
1521,241,1,2
1521,242,1,2
1521,243,1,2
1521,244,1,2
1521,245,1,2
1521,246,1,2
1521,247,1,2
1521,248,1,2
1521,249,1,2
1521,250,1,2
1521,251,1,2
1521,252,1,2
1521,253,1,2
1521,254,1,2
1521,255,1,2
1521,256,1,2
1521,257,1,2
1521,258,1,2
1521,259,1,2
1521,260,1,2
1521,261,1,2
1521,262,1,2
1521,263,1,2
1521,264,1,2
1521,265,1,2
1521,266,1,3
1521,267,1,3
1521,268,1,3
1521,269,1,3
1521,270,1,3
1521,271,1,3
1521,272,1,3
1521,273,1,3
1521,274,1,3
1521,275,1,3
1521,276,1,3
1521,277,1,3
1521,278,1,3
1521,279,1,3
1521,280,1,3
1521,281,1,3
1521,282,1,3
1521,283,1,3
1521,284,1,3
1521,285,1,3
1521,286,1,3
1521,287,1,3
1521,288,1,3
1521,289,1,3
1521,290,1,3
1521,291,1,3
1521,292,1,3
1521,293,1,3
1521,294,1,3
1521,295,1,3
1521,296,1,3
1521,297,1,3
1521,298,1,3
1521,299,1,3
1521,300,1,3
1521,301,1,3
1521,302,1,3
1521,303,1,3
1521,304,1,3
1521,305,1,3
1521,306,1,3
1521,307,1,3
1521,308,1,3
1521,309,1,3
1521,310,1,3
1521,311,1,3
1521,312,1,3
1521,313,1,3
1521,314,1,3
1521,315,1,3
1521,316,1,3
1521,317,1,3
1521,318,1,3
1521,319,1,3
1521,320,1,3
1521,321,1,3
1521,322,1,3
1521,323,1,3
1521,324,1,3
1521,325,1,3
1521,326,1,3
1521,327,1,3
1521,328,1,3
1521,329,1,3
1521,330,1,3
1521,331,1,3
1521,332,1,3
1521,333,1,3
1521,334,1,3
1521,335,1,3
1521,336,1,3
1521,337,1,3
1521,338,1,3
1521,339,1,3
1521,340,1,3
1521,341,1,3
1521,342,1,3
1521,343,1,3
1521,344,1,3
1521,345,1,3
1521,346,1,3
1521,347,1,3
1521,348,1,3
1521,349,1,3
1521,350,1,3
1521,351,1,3
1521,352,1,3
1521,353,1,3
1521,354,1,3
1521,355,1,3
1521,356,1,3
1521,357,1,3
1521,358,1,3
1521,359,1,3
1521,360,1,3
1521,361,1,3
1521,362,1,3
1521,363,1,3
1521,364,1,3
1521,365,1,3
1521,366,1,3
1521,367,1,3
1521,368,1,3
1521,369,1,3
1521,370,1,3
1521,371,1,3
1521,372,1,3
1521,373,1,3
1521,374,1,2
1521,375,1,2
1521,376,1,2
1521,377,1,2
1521,378,1,2
1521,379,1,2
1521,380,1,2
1521,381,1,2
1521,382,1,2
1521,383,1,2
1521,384,1,2
1521,385,1,2
1521,386,1,2
1521,387,1,2
1521,388,1,2
1521,389,1,2
1521,390,1,2
1521,391,1,2
1521,392,1,2
1521,393,1,2
1521,394,1,2
1521,395,1,2
1521,396,1,2
1521,397,1,2
1521,398,1,2
1521,399,1,2
1521,400,1,2
1521,401,1,2
1521,402,1,2
1521,403,1,2
1521,404,1,2
1521,405,1,2
1521,406,1,2
1521,407,1,2
1521,408,1,2
1521,409,1,2
1521,410,1,2
1521,411,1,2
1521,412,1,2
1521,413,1,2
1521,414,1,2
1521,415,1,2
1521,416,1,2
1521,417,1,2
1521,418,1,2
1521,419,1,2
1521,420,1,2
1521,421,1,2
1521,422,1,2
1521,423,1,2
1521,424,1,2
1521,425,1,2
1521,426,1,2
1521,427,1,2
1521,428,1,2
1521,429,1,2
1521,430,1,2
1521,431,1,2
1521,432,1,2
1521,433,1,2
1521,434,1,2
1521,435,1,2
1521,436,1,2
1521,437,1,2
1521,438,1,2
1521,439,1,2
1521,440,1,2
1521,441,1,2
1521,442,1,2
1521,443,1,2
1521,444,1,2
1521,445,1,2
1521,446,1,2
1521,447,1,2
1521,448,1,2
1521,449,1,2
1521,450,1,2
1521,451,1,2
1521,452,1,2
1521,453,1,2
1521,454,1,2
1521,455,1,2
1521,456,1,2
1521,457,1,3
1521,458,1,3
1521,459,1,3
1521,460,1,3
1521,461,1,3
1521,462,1,3
1521,463,1,3
1521,464,1,3
1521,465,1,2
1521,466,1,3
1521,467,1,3
1522,99,1,3
1522,100,1,3
1522,101,1,3
1522,102,1,3
1522,103,1,3
1522,104,1,3
1522,105,1,3
1522,106,1,3
1522,107,1,3
1522,108,1,3
1522,109,1,3
1522,110,1,3
1522,111,1,3
1522,112,1,3
1522,113,1,3
1522,114,1,3
1522,115,1,3
1522,116,1,3
1522,117,1,3
1522,118,1,3
1522,119,1,3
1522,120,1,3
1522,121,1,3
1522,122,1,3
1522,123,1,3
1522,124,1,3
1522,125,1,3
1522,126,1,3
1522,127,1,3
1522,128,1,3
1522,129,1,3
1522,130,1,3
1522,131,1,3
1522,132,1,3
1522,133,1,3
1522,134,1,3
1522,135,1,3
1522,136,1,3
1522,137,1,3
1522,138,1,3
1522,139,1,2
1522,140,1,2
1522,141,1,2
1522,142,1,2
1522,143,1,2
1522,144,1,2
1522,145,1,2
1522,146,1,2
1522,147,1,2
1522,148,1,2
1522,149,1,2
1522,150,1,2
1522,151,1,2
1522,152,1,2
1522,153,1,2
1522,154,1,2
1522,155,1,2
1522,156,1,2
1522,157,1,2
1522,158,1,2
1522,159,1,2
1522,160,1,2
1522,161,1,2
1522,162,1,2
1522,163,1,2
1522,164,1,2
1522,165,1,2
1522,166,1,2
1522,167,1,2
1522,168,1,2
1522,169,1,2
1522,170,1,2
1522,171,1,2
1522,172,1,2
1522,173,1,2
1522,174,1,2
1522,175,1,2
1522,176,1,2
1522,177,1,2
1522,178,1,2
1522,179,1,2
1522,180,1,2
1522,181,1,2
1522,182,1,2
1522,183,1,2
1522,184,1,2
1522,185,1,2
1522,186,1,2
1522,187,1,2
1522,188,1,2
1522,189,1,2
1522,190,1,2
1522,191,1,2
1522,192,1,2
1522,193,1,2
1522,194,1,2
1522,195,1,2
1522,196,1,2
1522,197,1,2
1522,198,1,2
1522,199,1,2
1522,200,1,2
1522,201,1,2
1522,202,1,2
1522,203,1,2
1522,204,1,2
1522,205,1,2
1522,206,1,2
1522,207,1,2
1522,208,1,2
1522,209,1,2
1522,210,1,2
1522,211,1,2
1522,212,1,2
1522,213,1,2
1522,214,1,2
1522,215,1,2
1522,216,1,2
1522,217,1,2
1522,218,1,2
1522,219,1,2
1522,220,1,2
1522,221,1,2
1522,222,1,2
1522,223,1,2
1522,224,1,2
1522,225,1,2
1522,226,1,2
1522,227,1,2
1522,228,1,2
1522,229,1,2
1522,230,1,2
1522,231,1,2
1522,232,1,2
1522,233,1,2
1522,234,1,2
1522,235,1,2
1522,236,1,2
1522,237,1,2
1522,238,1,2
1522,239,1,2
1522,240,1,2
1522,241,1,2
1522,242,1,2
1522,243,1,2
1522,244,1,2
1522,245,1,2
1522,246,1,2
1522,247,1,2
1522,248,1,2
1522,249,1,2
1522,250,1,2
1522,251,1,2
1522,252,1,2
1522,253,1,2
1522,254,1,2
1522,255,1,2
1522,256,1,2
1522,257,1,2
1522,258,1,2
1522,259,1,2
1522,260,1,2
1522,261,1,2
1522,262,1,2
1522,263,1,2
1522,264,1,2
1522,265,1,2
1522,266,1,2
1522,267,1,2
1522,268,1,2
1522,269,1,2
1522,270,1,2
1522,271,1,3
1522,272,1,3
1522,273,1,3
1522,274,1,3
1522,275,1,3
1522,276,1,3
1522,277,1,3
1522,278,1,3
1522,279,1,3
1522,280,1,3
1522,281,1,3
1522,282,1,3
1522,283,1,3
1522,284,1,3
1522,285,1,3
1522,286,1,3
1522,287,1,3
1522,288,1,3
1522,289,1,3
1522,290,1,3
1522,291,1,3
1522,292,1,3
1522,293,1,3
1522,294,1,3
1522,295,1,3
1522,296,1,3
1522,297,1,3
1522,298,1,3
1522,299,1,3
1522,300,1,3
1522,301,1,3
1522,302,1,3
1522,303,1,3
1522,304,1,3
1522,305,1,3
1522,306,1,3
1522,307,1,3
1522,308,1,3
1522,309,1,3
1522,310,1,3
1522,311,1,3
1522,312,1,3
1522,313,1,3
1522,314,1,3
1522,315,1,3
1522,316,1,3
1522,317,1,3
1522,318,1,3
1522,319,1,3
1522,320,1,3
1522,321,1,3
1522,322,1,3
1522,323,1,3
1522,324,1,3
1522,325,1,3
1522,326,1,3
1522,327,1,3
1522,328,1,3
1522,329,1,3
1522,330,1,3
1522,331,1,3
1522,332,1,3
1522,333,1,3
1522,334,1,3
1522,335,1,3
1522,336,1,3
1522,337,1,3
1522,338,1,3
1522,339,1,3
1522,340,1,3
1522,341,1,3
1522,342,1,3
1522,343,1,3
1522,344,1,3
1522,345,1,3
1522,346,1,3
1522,347,1,3
1522,348,1,3
1522,349,1,3
1522,350,1,3
1522,351,1,3
1522,352,1,3
1522,353,1,3
1522,354,1,3
1522,355,1,3
1522,356,1,3
1522,357,1,3
1522,358,1,3
1522,359,1,3
1522,360,1,3
1522,361,1,3
1522,362,1,3
1522,363,1,3
1522,364,1,3
1522,365,1,3
1522,366,1,3
1522,367,1,3
1522,368,1,3
1522,369,1,3
1522,370,1,3
1522,371,1,3
1522,372,1,3
1522,373,1,2
1522,374,1,2
1522,375,1,2
1522,376,1,2
1522,377,1,2
1522,378,1,2
1522,379,1,2
1522,380,1,2
1522,381,1,2
1522,382,1,2
1522,383,1,2
1522,384,1,2
1522,385,1,2
1522,386,1,2
1522,387,1,2
1522,388,1,2
1522,389,1,2
1522,390,1,2
1522,391,1,2
1522,392,1,2
1522,393,1,2
1522,394,1,2
1522,395,1,2
1522,396,1,2
1522,397,1,2
1522,398,1,2
1522,399,1,2
1522,400,1,2
1522,401,1,2
1522,402,1,2
1522,403,1,2
1522,404,1,2
1522,405,1,2
1522,406,1,2
1522,407,1,2
1522,408,1,2
1522,409,1,2
1522,410,1,2
1522,411,1,2
1522,412,1,2
1522,413,1,2
1522,414,1,2
1522,415,1,2
1522,416,1,2
1522,417,1,2
1522,418,1,2
1522,419,1,2
1522,420,1,2
1522,421,1,2
1522,422,1,2
1522,423,1,2
1522,424,1,2
1522,425,1,2
1522,426,1,2
1522,427,1,2
1522,428,1,2
1522,429,1,2
1522,430,1,2
1522,431,1,2
1522,432,1,2
1522,433,1,2
1522,434,1,2
1522,435,1,2
1522,436,1,2
1522,437,1,2
1522,438,1,2
1522,439,1,2
1522,440,1,2
1522,441,1,2
1522,442,1,2
1522,443,1,2
1522,444,1,2
1522,445,1,2
1522,446,1,2
1522,447,1,2
1522,448,1,2
1522,449,1,2
1522,450,1,2
1522,451,1,2
1522,452,1,2
1522,453,1,2
1522,454,1,2
1522,455,1,2
1522,456,1,2
1522,457,1,2
1522,458,1,3
1522,459,1,3
1522,460,1,3
1522,461,1,3
1522,462,1,3
1522,463,1,3
1522,464,1,3
1522,465,1,2
1522,466,1,3
1522,467,1,3
1523,99,1,3
1523,100,1,3
1523,101,1,3
1523,102,1,3
1523,103,1,3
1523,104,1,3
1523,105,1,3
1523,106,1,3
1523,107,1,3
1523,108,1,3
1523,109,1,3
1523,110,1,3
1523,111,1,3
1523,112,1,3
1523,113,1,3
1523,114,1,3
1523,115,1,3
1523,116,1,3
1523,117,1,3
1523,118,1,3
1523,119,1,3
1523,120,1,3
1523,121,1,3
1523,122,1,3
1523,123,1,3
1523,124,1,3
1523,125,1,3
1523,126,1,3
1523,127,1,3
1523,128,1,3
1523,129,1,3
1523,130,1,3
1523,131,1,3
1523,132,1,3
1523,133,1,3
1523,134,1,3
1523,135,1,3
1523,136,1,3
1523,137,1,3
1523,138,1,3
1523,139,1,2
1523,140,1,2
1523,141,1,2
1523,142,1,2
1523,143,1,2
1523,144,1,2
1523,145,1,2
1523,146,1,2
1523,147,1,2
1523,148,1,2
1523,149,1,2
1523,150,1,2
1523,151,1,2
1523,152,1,2
1523,153,1,2
1523,154,1,2
1523,155,1,2
1523,156,1,2
1523,157,1,2
1523,158,1,2
1523,159,1,2
1523,160,1,2
1523,161,1,2
1523,162,1,2
1523,163,1,2
1523,164,1,2
1523,165,1,2
1523,166,1,2
1523,167,1,2
1523,168,1,2
1523,169,1,2
1523,170,1,2
1523,171,1,2
1523,172,1,2
1523,173,1,2
1523,174,1,2
1523,175,1,2
1523,176,1,2
1523,177,1,2
1523,178,1,2
1523,179,1,2
1523,180,1,2
1523,181,1,2
1523,182,1,2
1523,183,1,2
1523,184,1,2
1523,185,1,2
1523,186,1,2
1523,187,1,2
1523,188,1,2
1523,189,1,2
1523,190,1,2
1523,191,1,2
1523,192,1,2
1523,193,1,2
1523,194,1,2
1523,195,1,2
1523,196,1,2
1523,197,1,2
1523,198,1,2
1523,199,1,2
1523,200,1,2
1523,201,1,2
1523,202,1,2
1523,203,1,2
1523,204,1,2
1523,205,1,2
1523,206,1,2
1523,207,1,2
1523,208,1,2
1523,209,1,2
1523,210,1,2
1523,211,1,2
1523,212,1,2
1523,213,1,2
1523,214,1,2
1523,215,1,2
1523,216,1,2
1523,217,1,2
1523,218,1,2
1523,219,1,2
1523,220,1,2
1523,221,1,2
1523,222,1,2
1523,223,1,2
1523,224,1,2
1523,225,1,2
1523,226,1,2
1523,227,1,2
1523,228,1,2
1523,229,1,2
1523,230,1,2
1523,231,1,2
1523,232,1,2
1523,233,1,2
1523,234,1,2
1523,235,1,2
1523,236,1,2
1523,237,1,2
1523,238,1,2
1523,239,1,2
1523,240,1,2
1523,241,1,2
1523,242,1,2
1523,243,1,2
1523,244,1,2
1523,245,1,2
1523,246,1,2
1523,247,1,2
1523,248,1,2
1523,249,1,2
1523,250,1,2
1523,251,1,2
1523,252,1,2
1523,253,1,2
1523,254,1,2
1523,255,1,2
1523,256,1,2
1523,257,1,2
1523,258,1,2
1523,259,1,2
1523,260,1,2
1523,261,1,2
1523,262,1,2
1523,263,1,2
1523,264,1,2
1523,265,1,2
1523,266,1,2
1523,267,1,2
1523,268,1,2
1523,269,1,2
1523,270,1,2
1523,271,1,2
1523,272,1,3
1523,273,1,3
1523,274,1,3
1523,275,1,3
1523,276,1,3
1523,277,1,3
1523,278,1,3
1523,279,1,3
1523,280,1,3
1523,281,1,3
1523,282,1,3
1523,283,1,3
1523,284,1,3
1523,285,1,2
1523,286,1,3
1523,287,1,3
1523,288,1,2
1523,289,1,2
1523,290,1,2
1523,291,1,2
1523,292,1,2
1523,293,1,2
1523,294,1,2
1523,295,1,2
1523,296,1,2
1523,297,1,3
1523,298,1,3
1523,299,1,3
1523,300,1,3
1523,301,1,3
1523,302,1,3
1523,303,1,3
1523,304,1,3
1523,305,1,3
1523,306,1,3
1523,307,1,3
1523,308,1,3
1523,309,1,3
1523,310,1,3
1523,311,1,3
1523,312,1,3
1523,313,1,3
1523,314,1,3
1523,315,1,3
1523,316,1,3
1523,317,1,3
1523,318,1,3
1523,319,1,3
1523,320,1,3
1523,321,1,3
1523,322,1,3
1523,323,1,3
1523,324,1,3
1523,325,1,3
1523,326,1,3
1523,327,1,3
1523,328,1,3
1523,329,1,3
1523,330,1,3
1523,331,1,3
1523,332,1,3
1523,333,1,3
1523,334,1,3
1523,335,1,3
1523,336,1,3
1523,337,1,3
1523,338,1,3
1523,339,1,3
1523,340,1,3
1523,341,1,3
1523,342,1,3
1523,343,1,3
1523,344,1,3
1523,345,1,3
1523,346,1,3
1523,347,1,3
1523,348,1,3
1523,349,1,3
1523,350,1,3
1523,351,1,3
1523,352,1,3
1523,353,1,3
1523,354,1,3
1523,355,1,3
1523,356,1,3
1523,357,1,3
1523,358,1,3
1523,359,1,3
1523,360,1,3
1523,361,1,3
1523,362,1,3
1523,363,1,3
1523,364,1,3
1523,365,1,3
1523,366,1,3
1523,367,1,3
1523,368,1,3
1523,369,1,3
1523,370,1,3
1523,371,1,3
1523,372,1,3
1523,373,1,2
1523,374,1,2
1523,375,1,2
1523,376,1,2
1523,377,1,2
1523,378,1,2
1523,379,1,2
1523,380,1,2
1523,381,1,2
1523,382,1,2
1523,383,1,2
1523,384,1,2
1523,385,1,2
1523,386,1,2
1523,387,1,2
1523,388,1,2
1523,389,1,2
1523,390,1,2
1523,391,1,2
1523,392,1,2
1523,393,1,2
1523,394,1,2
1523,395,1,2
1523,396,1,2
1523,397,1,2
1523,398,1,2
1523,399,1,2
1523,400,1,2
1523,401,1,2
1523,402,1,2
1523,403,1,2
1523,404,1,2
1523,405,1,2
1523,406,1,2
1523,407,1,2
1523,408,1,2
1523,409,1,2
1523,410,1,2
1523,411,1,2
1523,412,1,2
1523,413,1,2
1523,414,1,2
1523,415,1,2
1523,416,1,2
1523,417,1,2
1523,418,1,2
1523,419,1,2
1523,420,1,2
1523,421,1,2
1523,422,1,2
1523,423,1,2
1523,424,1,2
1523,425,1,2
1523,426,1,2
1523,427,1,2
1523,428,1,2
1523,429,1,2
1523,430,1,2
1523,431,1,2
1523,432,1,2
1523,433,1,2
1523,434,1,2
1523,435,1,2
1523,436,1,2
1523,437,1,2
1523,438,1,2
1523,439,1,2
1523,440,1,2
1523,441,1,2
1523,442,1,2
1523,443,1,2
1523,444,1,2
1523,445,1,2
1523,446,1,2
1523,447,1,2
1523,448,1,2
1523,449,1,2
1523,450,1,2
1523,451,1,2
1523,452,1,2
1523,453,1,2
1523,454,1,2
1523,455,1,2
1523,456,1,2
1523,457,1,2
1523,458,1,2
1523,459,1,2
1523,460,1,3
1523,461,1,3
1523,462,1,3
1523,463,1,3
1523,464,1,3
1523,465,1,2
1523,466,1,2
1523,467,1,2
1524,99,1,3
1524,100,1,3
1524,101,1,3
1524,102,1,3
1524,103,1,3
1524,104,1,3
1524,105,1,3
1524,106,1,3
1524,107,1,3
1524,108,1,3
1524,109,1,3
1524,110,1,3
1524,111,1,3
1524,112,1,3
1524,113,1,3
1524,114,1,3
1524,115,1,3
1524,116,1,3
1524,117,1,3
1524,118,1,3
1524,119,1,3
1524,120,1,3
1524,121,1,3
1524,122,1,3
1524,123,1,3
1524,124,1,3
1524,125,1,3
1524,126,1,3
1524,127,1,3
1524,128,1,3
1524,129,1,3
1524,130,1,3
1524,131,1,3
1524,132,1,3
1524,133,1,3
1524,134,1,3
1524,135,1,3
1524,136,1,3
1524,137,1,3
1524,138,1,3
1524,139,1,2
1524,140,1,2
1524,141,1,2
1524,142,1,2
1524,143,1,2
1524,144,1,2
1524,145,1,2
1524,146,1,2
1524,147,1,2
1524,148,1,2
1524,149,1,2
1524,150,1,2
1524,151,1,2
1524,152,1,2
1524,153,1,2
1524,154,1,2
1524,155,1,2
1524,156,1,2
1524,157,1,2
1524,158,1,2
1524,159,1,2
1524,160,1,2
1524,161,1,2
1524,162,1,2
1524,163,1,2
1524,164,1,2
1524,165,1,2
1524,166,1,2
1524,167,1,2
1524,168,1,2
1524,169,1,2
1524,170,1,2
1524,171,1,2
1524,172,1,2
1524,173,1,2
1524,174,1,2
1524,175,1,2
1524,176,1,2
1524,177,1,2
1524,178,1,2
1524,179,1,2
1524,180,1,2
1524,181,1,2
1524,182,1,2
1524,183,1,2
1524,184,1,2
1524,185,1,2
1524,186,1,2
1524,187,1,2
1524,188,1,2
1524,189,1,2
1524,190,1,2
1524,191,1,2
1524,192,1,2
1524,193,1,2
1524,194,1,2
1524,195,1,2
1524,196,1,2
1524,197,1,2
1524,198,1,2
1524,199,1,2
1524,200,1,2
1524,201,1,2
1524,202,1,2
1524,203,1,2
1524,204,1,2
1524,205,1,2
1524,206,1,2
1524,207,1,2
1524,208,1,2
1524,209,1,2
1524,210,1,2
1524,211,1,2
1524,212,1,2
1524,213,1,2
1524,214,1,2
1524,215,1,2
1524,216,1,2
1524,217,1,2
1524,218,1,2
1524,219,1,2
1524,220,1,2
1524,221,1,2
1524,222,1,2
1524,223,1,2
1524,224,1,2
1524,225,1,2
1524,226,1,2
1524,227,1,2
1524,228,1,2
1524,229,1,2
1524,230,1,2
1524,231,1,2
1524,232,1,2
1524,233,1,2
1524,234,1,2
1524,235,1,2
1524,236,1,2
1524,237,1,2
1524,238,1,2
1524,239,1,2
1524,240,1,2
1524,241,1,2
1524,242,1,2
1524,243,1,2
1524,244,1,2
1524,245,1,2
1524,246,1,2
1524,247,1,2
1524,248,1,2
1524,249,1,2
1524,250,1,2
1524,251,1,2
1524,252,1,2
1524,253,1,2
1524,254,1,2
1524,255,1,2
1524,256,1,2
1524,257,1,2
1524,258,1,2
1524,259,1,2
1524,260,1,2
1524,261,1,2
1524,262,1,2
1524,263,1,2
1524,264,1,2
1524,265,1,2
1524,266,1,2
1524,267,1,2
1524,268,1,2
1524,269,1,2
1524,270,1,2
1524,271,1,2
1524,272,1,2
1524,273,1,2
1524,274,1,2
1524,275,1,3
1524,276,1,3
1524,277,1,3
1524,278,1,3
1524,279,1,3
1524,280,1,3
1524,281,1,2
1524,282,1,2
1524,283,1,2
1524,284,1,2
1524,285,1,2
1524,286,1,2
1524,287,1,2
1524,288,1,2
1524,289,1,2
1524,290,1,2
1524,291,1,2
1524,292,1,2
1524,293,1,2
1524,294,1,2
1524,295,1,2
1524,296,1,2
1524,297,1,2
1524,298,1,2
1524,299,1,2
1524,300,1,2
1524,301,1,2
1524,302,1,2
1524,303,1,2
1524,304,1,2
1524,305,1,2
1524,306,1,2
1524,307,1,2
1524,308,1,3
1524,309,1,3
1524,310,1,3
1524,311,1,3
1524,312,1,3
1524,313,1,3
1524,314,1,3
1524,315,1,3
1524,316,1,3
1524,317,1,3
1524,318,1,3
1524,319,1,3
1524,320,1,3
1524,321,1,3
1524,322,1,3
1524,323,1,3
1524,324,1,3
1524,325,1,3
1524,326,1,3
1524,327,1,3
1524,328,1,3
1524,329,1,3
1524,330,1,3
1524,331,1,3
1524,332,1,3
1524,333,1,3
1524,334,1,3
1524,335,1,3
1524,336,1,3
1524,337,1,3
1524,338,1,3
1524,339,1,3
1524,340,1,3
1524,341,1,3
1524,342,1,3
1524,343,1,3
1524,344,1,3
1524,345,1,3
1524,346,1,3
1524,347,1,3
1524,348,1,3
1524,349,1,3
1524,350,1,3
1524,351,1,3
1524,352,1,3
1524,353,1,3
1524,354,1,3
1524,355,1,3
1524,356,1,3
1524,357,1,3
1524,358,1,3
1524,359,1,3
1524,360,1,3
1524,361,1,3
1524,362,1,3
1524,363,1,3
1524,364,1,3
1524,365,1,3
1524,366,1,3
1524,367,1,3
1524,368,1,3
1524,369,1,3
1524,370,1,3
1524,371,1,3
1524,372,1,2
1524,373,1,2
1524,374,1,2
1524,375,1,2
1524,376,1,2
1524,377,1,2
1524,378,1,2
1524,379,1,2
1524,380,1,2
1524,381,1,2
1524,382,1,2
1524,383,1,2
1524,384,1,2
1524,385,1,2
1524,386,1,2
1524,387,1,2
1524,388,1,2
1524,389,1,2
1524,390,1,2
1524,391,1,2
1524,392,1,2
1524,393,1,2
1524,394,1,2
1524,395,1,2
1524,396,1,2
1524,397,1,2
1524,398,1,2
1524,399,1,2
1524,400,1,2
1524,401,1,2
1524,402,1,2
1524,403,1,2
1524,404,1,2
1524,405,1,2
1524,406,1,2
1524,407,1,2
1524,408,1,2
1524,409,1,2
1524,410,1,2
1524,411,1,2
1524,412,1,2
1524,413,1,2
1524,414,1,2
1524,415,1,2
1524,416,1,2
1524,417,1,2
1524,418,1,2
1524,419,1,2
1524,420,1,2
1524,421,1,2
1524,422,1,2
1524,423,1,2
1524,424,1,2
1524,425,1,2
1524,426,1,2
1524,427,1,2
1524,428,1,2
1524,429,1,2
1524,430,1,2
1524,431,1,2
1524,432,1,2
1524,433,1,2
1524,434,1,2
1524,435,1,2
1524,436,1,2
1524,437,1,2
1524,438,1,2
1524,439,1,2
1524,440,1,2
1524,441,1,2
1524,442,1,2
1524,443,1,2
1524,444,1,2
1524,445,1,2
1524,446,1,2
1524,447,1,2
1524,448,1,2
1524,449,1,2
1524,450,1,2
1524,451,1,2
1524,452,1,2
1524,453,1,2
1524,454,1,2
1524,455,1,2
1524,456,1,2
1524,457,1,2
1524,458,1,2
1524,459,1,2
1524,460,1,2
1524,461,1,2
1524,462,1,3
1524,463,1,2
1524,464,1,2
1524,465,1,2
1524,466,1,2
1524,467,1,2
1525,99,1,3
1525,100,1,3
1525,101,1,3
1525,102,1,3
1525,103,1,3
1525,104,1,3
1525,105,1,3
1525,106,1,3
1525,107,1,3
1525,108,1,3
1525,109,1,3
1525,110,1,3
1525,111,1,3
1525,112,1,3
1525,113,1,3
1525,114,1,3
1525,115,1,3
1525,116,1,3
1525,117,1,3
1525,118,1,3
1525,119,1,3
1525,120,1,3
1525,121,1,3
1525,122,1,3
1525,123,1,3
1525,124,1,3
1525,125,1,3
1525,126,1,3
1525,127,1,3
1525,128,1,3
1525,129,1,3
1525,130,1,3
1525,131,1,3
1525,132,1,3
1525,133,1,3
1525,134,1,3
1525,135,1,3
1525,136,1,3
1525,137,1,3
1525,138,1,3
1525,139,1,3
1525,140,1,2
1525,141,1,2
1525,142,1,2
1525,143,1,2
1525,144,1,2
1525,145,1,2
1525,146,1,2
1525,147,1,2
1525,148,1,2
1525,149,1,2
1525,150,1,2
1525,151,1,2
1525,152,1,2
1525,153,1,2
1525,154,1,2
1525,155,1,2
1525,156,1,2
1525,157,1,2
1525,158,1,2
1525,159,1,2
1525,160,1,2
1525,161,1,2
1525,162,1,2
1525,163,1,2
1525,164,1,2
1525,165,1,2
1525,166,1,2
1525,167,1,2
1525,168,1,2
1525,169,1,2
1525,170,1,2
1525,171,1,2
1525,172,1,2
1525,173,1,2
1525,174,1,2
1525,175,1,2
1525,176,1,2
1525,177,1,2
1525,178,1,2
1525,179,1,2
1525,180,1,2
1525,181,1,2
1525,182,1,2
1525,183,1,2
1525,184,1,2
1525,185,1,2
1525,186,1,2
1525,187,1,2
1525,188,1,2
1525,189,1,2
1525,190,1,2
1525,191,1,2
1525,192,1,2
1525,193,1,2
1525,194,1,2
1525,195,1,2
1525,196,1,2
1525,197,1,2
1525,198,1,2
1525,199,1,2
1525,200,1,2
1525,201,1,2
1525,202,1,2
1525,203,1,2
1525,204,1,2
1525,205,1,2
1525,206,1,2
1525,207,1,2
1525,208,1,2
1525,209,1,2
1525,210,1,2
1525,211,1,2
1525,212,1,2
1525,213,1,2
1525,214,1,2
1525,215,1,2
1525,216,1,2
1525,217,1,2
1525,218,1,2
1525,219,1,2
1525,220,1,2
1525,221,1,2
1525,222,1,2
1525,223,1,2
1525,224,1,2
1525,225,1,2
1525,226,1,2
1525,227,1,2
1525,228,1,2
1525,229,1,2
1525,230,1,2
1525,231,1,2
1525,232,1,2
1525,233,1,2
1525,234,1,2
1525,235,1,2
1525,236,1,2
1525,237,1,2
1525,238,1,2
1525,239,1,2
1525,240,1,2
1525,241,1,2
1525,242,1,2
1525,243,1,2
1525,244,1,2
1525,245,1,2
1525,246,1,2
1525,247,1,2
1525,248,1,2
1525,249,1,2
1525,250,1,2
1525,251,1,2
1525,252,1,2
1525,253,1,2
1525,254,1,2
1525,255,1,2
1525,256,1,2
1525,257,1,2
1525,258,1,2
1525,259,1,2
1525,260,1,2
1525,261,1,2
1525,262,1,2
1525,263,1,2
1525,264,1,2
1525,265,1,2
1525,266,1,2
1525,267,1,2
1525,268,1,2
1525,269,1,2
1525,270,1,2
1525,271,1,2
1525,272,1,2
1525,273,1,2
1525,274,1,2
1525,275,1,2
1525,276,1,2
1525,277,1,2
1525,278,1,2
1525,279,1,2
1525,280,1,2
1525,281,1,2
1525,282,1,2
1525,283,1,2
1525,284,1,2
1525,285,1,2
1525,286,1,2
1525,287,1,2
1525,288,1,2
1525,289,1,2
1525,290,1,2
1525,291,1,2
1525,292,1,2
1525,293,1,2
1525,294,1,2
1525,295,1,2
1525,296,1,2
1525,297,1,2
1525,298,1,2
1525,299,1,2
1525,300,1,2
1525,301,1,2
1525,302,1,2
1525,303,1,2
1525,304,1,2
1525,305,1,2
1525,306,1,2
1525,307,1,2
1525,308,1,2
1525,309,1,2
1525,310,1,2
1525,311,1,2
1525,312,1,2
1525,313,1,3
1525,314,1,3
1525,315,1,3
1525,316,1,3
1525,317,1,3
1525,318,1,3
1525,319,1,3
1525,320,1,3
1525,321,1,3
1525,322,1,3
1525,323,1,3
1525,324,1,3
1525,325,1,3
1525,326,1,3
1525,327,1,3
1525,328,1,3
1525,329,1,3
1525,330,1,3
1525,331,1,3
1525,332,1,3
1525,333,1,3
1525,334,1,3
1525,335,1,3
1525,336,1,3
1525,337,1,3
1525,338,1,3
1525,339,1,3
1525,340,1,3
1525,341,1,3
1525,342,1,3
1525,343,1,3
1525,344,1,3
1525,345,1,3
1525,346,1,3
1525,347,1,3
1525,348,1,3
1525,349,1,3
1525,350,1,3
1525,351,1,3
1525,352,1,3
1525,353,1,3
1525,354,1,3
1525,355,1,3
1525,356,1,3
1525,357,1,3
1525,358,1,3
1525,359,1,3
1525,360,1,3
1525,361,1,3
1525,362,1,3
1525,363,1,3
1525,364,1,3
1525,365,1,3
1525,366,1,3
1525,367,1,3
1525,368,1,3
1525,369,1,3
1525,370,1,3
1525,371,1,2
1525,372,1,2
1525,373,1,2
1525,374,1,2
1525,375,1,2
1525,376,1,2
1525,377,1,2
1525,378,1,2
1525,379,1,2
1525,380,1,2
1525,381,1,2
1525,382,1,2
1525,383,1,2
1525,384,1,2
1525,385,1,2
1525,386,1,2
1525,387,1,2
1525,388,1,2
1525,389,1,2
1525,390,1,2
1525,391,1,2
1525,392,1,2
1525,393,1,2
1525,394,1,2
1525,395,1,2
1525,396,1,2
1525,397,1,2
1525,398,1,2
1525,399,1,2
1525,400,1,2
1525,401,1,2
1525,402,1,2
1525,403,1,2
1525,404,1,2
1525,405,1,2
1525,406,1,2
1525,407,1,2
1525,408,1,2
1525,409,1,2
1525,410,1,2
1525,411,1,2
1525,412,1,2
1525,413,1,2
1525,414,1,2
1525,415,1,2
1525,416,1,2
1525,417,1,2
1525,418,1,2
1525,419,1,2
1525,420,1,2
1525,421,1,2
1525,422,1,2
1525,423,1,2
1525,424,1,2
1525,425,1,2
1525,426,1,2
1525,427,1,2
1525,428,1,2
1525,429,1,2
1525,430,1,2
1525,431,1,2
1525,432,1,2
1525,433,1,2
1525,434,1,2
1525,435,1,2
1525,436,1,2
1525,437,1,2
1525,438,1,2
1525,439,1,2
1525,440,1,2
1525,441,1,2
1525,442,1,2
1525,443,1,2
1525,444,1,2
1525,445,1,2
1525,446,1,2
1525,447,1,2
1525,448,1,2
1525,449,1,2
1525,450,1,2
1525,451,1,2
1525,452,1,2
1525,453,1,2
1525,454,1,2
1525,455,1,2
1525,456,1,2
1525,457,1,2
1525,458,1,2
1525,459,1,2
1525,460,1,2
1525,461,1,2
1525,462,1,2
1525,463,1,2
1525,464,1,2
1525,465,1,2
1525,466,1,2
1525,467,1,2
1525,468,1,3
1526,99,1,3
1526,100,1,3
1526,101,1,3
1526,102,1,3
1526,103,1,3
1526,104,1,3
1526,105,1,3
1526,106,1,3
1526,107,1,3
1526,108,1,3
1526,109,1,3
1526,110,1,3
1526,111,1,3
1526,112,1,3
1526,113,1,3
1526,114,1,3
1526,115,1,3
1526,116,1,3
1526,117,1,3
1526,118,1,3
1526,119,1,3
1526,120,1,3
1526,121,1,3
1526,122,1,3
1526,123,1,3
1526,124,1,3
1526,125,1,3
1526,126,1,3
1526,127,1,3
1526,128,1,3
1526,129,1,3
1526,130,1,3
1526,131,1,3
1526,132,1,3
1526,133,1,3
1526,134,1,3
1526,135,1,3
1526,136,1,3
1526,137,1,3
1526,138,1,3
1526,139,1,3
1526,140,1,2
1526,141,1,2
1526,142,1,2
1526,143,1,2
1526,144,1,2
1526,145,1,2
1526,146,1,2
1526,147,1,2
1526,148,1,2
1526,149,1,2
1526,150,1,2
1526,151,1,2
1526,152,1,2
1526,153,1,2
1526,154,1,2
1526,155,1,2
1526,156,1,2
1526,157,1,2
1526,158,1,2
1526,159,1,2
1526,160,1,2
1526,161,1,2
1526,162,1,2
1526,163,1,2
1526,164,1,2
1526,165,1,2
1526,166,1,2
1526,167,1,2
1526,168,1,2
1526,169,1,2
1526,170,1,2
1526,171,1,2
1526,172,1,2
1526,173,1,2
1526,174,1,2
1526,175,1,2
1526,176,1,2
1526,177,1,2
1526,178,1,2
1526,179,1,2
1526,180,1,2
1526,181,1,2
1526,182,1,2
1526,183,1,2
1526,184,1,2
1526,185,1,2
1526,186,1,2
1526,187,1,2
1526,188,1,2
1526,189,1,2
1526,190,1,2
1526,191,1,2
1526,192,1,2
1526,193,1,2
1526,194,1,2
1526,195,1,2
1526,196,1,2
1526,197,1,2
1526,198,1,2
1526,199,1,2
1526,200,1,2
1526,201,1,2
1526,202,1,2
1526,203,1,2
1526,204,1,2
1526,205,1,2
1526,206,1,2
1526,207,1,2
1526,208,1,2
1526,209,1,2
1526,210,1,2
1526,211,1,2
1526,212,1,2
1526,213,1,2
1526,214,1,2
1526,215,1,2
1526,216,1,2
1526,217,1,2
1526,218,1,2
1526,219,1,2
1526,220,1,2
1526,221,1,2
1526,222,1,2
1526,223,1,2
1526,224,1,2
1526,225,1,2
1526,226,1,2
1526,227,1,2
1526,228,1,2
1526,229,1,2
1526,230,1,2
1526,231,1,2
1526,232,1,2
1526,233,1,2
1526,234,1,2
1526,235,1,2
1526,236,1,2
1526,237,1,2
1526,238,1,2
1526,239,1,2
1526,240,1,2
1526,241,1,2
1526,242,1,2
1526,243,1,2
1526,244,1,2
1526,245,1,2
1526,246,1,2
1526,247,1,2
1526,248,1,2
1526,249,1,2
1526,250,1,2
1526,251,1,2
1526,252,1,2
1526,253,1,2
1526,254,1,2
1526,255,1,2
1526,256,1,2
1526,257,1,2
1526,258,1,2
1526,259,1,2
1526,260,1,2
1526,261,1,2
1526,262,1,2
1526,263,1,2
1526,264,1,2
1526,265,1,2
1526,266,1,2
1526,267,1,2
1526,268,1,2
1526,269,1,2
1526,270,1,2
1526,271,1,2
1526,272,1,2
1526,273,1,2
1526,274,1,2
1526,275,1,2
1526,276,1,2
1526,277,1,2
1526,278,1,2
1526,279,1,2
1526,280,1,2
1526,281,1,2
1526,282,1,2
1526,283,1,2
1526,284,1,2
1526,285,1,2
1526,286,1,2
1526,287,1,2
1526,288,1,2
1526,289,1,2
1526,290,1,2
1526,291,1,2
1526,292,1,2
1526,293,1,2
1526,294,1,2
1526,295,1,2
1526,296,1,2
1526,297,1,2
1526,298,1,2
1526,299,1,2
1526,300,1,2
1526,301,1,2
1526,302,1,2
1526,303,1,2
1526,304,1,2
1526,305,1,2
1526,306,1,2
1526,307,1,2
1526,308,1,2
1526,309,1,2
1526,310,1,2
1526,311,1,2
1526,312,1,2
1526,313,1,2
1526,314,1,2
1526,315,1,2
1526,316,1,2
1526,317,1,2
1526,318,1,3
1526,319,1,2
1526,320,1,3
1526,321,1,3
1526,322,1,3
1526,323,1,3
1526,324,1,3
1526,325,1,3
1526,326,1,3
1526,327,1,3
1526,328,1,3
1526,329,1,3
1526,330,1,3
1526,331,1,3
1526,332,1,3
1526,333,1,3
1526,334,1,3
1526,335,1,3
1526,336,1,3
1526,337,1,3
1526,338,1,3
1526,339,1,3
1526,340,1,3
1526,341,1,3
1526,342,1,3
1526,343,1,3
1526,344,1,3
1526,345,1,3
1526,346,1,3
1526,347,1,3
1526,348,1,3
1526,349,1,3
1526,350,1,3
1526,351,1,3
1526,352,1,3
1526,353,1,3
1526,354,1,3
1526,355,1,3
1526,356,1,3
1526,357,1,3
1526,358,1,3
1526,359,1,3
1526,360,1,3
1526,361,1,3
1526,362,1,3
1526,363,1,3
1526,364,1,3
1526,365,1,3
1526,366,1,3
1526,367,1,3
1526,368,1,3
1526,369,1,2
1526,370,1,2
1526,371,1,2
1526,372,1,2
1526,373,1,2
1526,374,1,2
1526,375,1,2
1526,376,1,2
1526,377,1,2
1526,378,1,2
1526,379,1,2
1526,380,1,2
1526,381,1,2
1526,382,1,2
1526,383,1,2
1526,384,1,2
1526,385,1,2
1526,386,1,2
1526,387,1,2
1526,388,1,2
1526,389,1,2
1526,390,1,2
1526,391,1,2
1526,392,1,2
1526,393,1,2
1526,394,1,2
1526,395,1,2
1526,396,1,2
1526,397,1,2
1526,398,1,2
1526,399,1,2
1526,400,1,2
1526,401,1,2
1526,402,1,2
1526,403,1,2
1526,404,1,2
1526,405,1,2
1526,406,1,2
1526,407,1,2
1526,408,1,2
1526,409,1,2
1526,410,1,2
1526,411,1,2
1526,412,1,2
1526,413,1,2
1526,414,1,2
1526,415,1,2
1526,416,1,2
1526,417,1,2
1526,418,1,2
1526,419,1,2
1526,420,1,2
1526,421,1,2
1526,422,1,2
1526,423,1,2
1526,424,1,2
1526,425,1,2
1526,426,1,2
1526,427,1,2
1526,428,1,2
1526,429,1,2
1526,430,1,2
1526,431,1,2
1526,432,1,2
1526,433,1,2
1526,434,1,2
1526,435,1,2
1526,436,1,2
1526,437,1,2
1526,438,1,2
1526,439,1,2
1526,440,1,2
1526,441,1,2
1526,442,1,2
1526,443,1,2
1526,444,1,2
1526,445,1,2
1526,446,1,2
1526,447,1,2
1526,448,1,2
1526,449,1,2
1526,450,1,2
1526,451,1,2
1526,452,1,2
1526,453,1,2
1526,454,1,2
1526,455,1,2
1526,456,1,2
1526,457,1,2
1526,458,1,2
1526,459,1,2
1526,460,1,2
1526,461,1,2
1526,462,1,2
1526,463,1,2
1526,464,1,2
1526,465,1,2
1526,466,1,2
1526,467,1,2
1526,468,1,3
1527,99,1,3
1527,100,1,3
1527,101,1,3
1527,102,1,3
1527,103,1,3
1527,104,1,3
1527,105,1,3
1527,106,1,3
1527,107,1,3
1527,108,1,3
1527,109,1,3
1527,110,1,3
1527,111,1,3
1527,112,1,3
1527,113,1,3
1527,114,1,3
1527,115,1,3
1527,116,1,3
1527,117,1,3
1527,118,1,3
1527,119,1,3
1527,120,1,3
1527,121,1,3
1527,122,1,3
1527,123,1,3
1527,124,1,3
1527,125,1,3
1527,126,1,3
1527,127,1,3
1527,128,1,3
1527,129,1,3
1527,130,1,3
1527,131,1,3
1527,132,1,3
1527,133,1,3
1527,134,1,3
1527,135,1,3
1527,136,1,3
1527,137,1,3
1527,138,1,3
1527,139,1,3
1527,140,1,2
1527,141,1,2
1527,142,1,2
1527,143,1,2
1527,144,1,2
1527,145,1,2
1527,146,1,2
1527,147,1,2
1527,148,1,2
1527,149,1,2
1527,150,1,2
1527,151,1,2
1527,152,1,2
1527,153,1,2
1527,154,1,2
1527,155,1,2
1527,156,1,2
1527,157,1,2
1527,158,1,2
1527,159,1,2
1527,160,1,2
1527,161,1,2
1527,162,1,2
1527,163,1,2
1527,164,1,2
1527,165,1,2
1527,166,1,2
1527,167,1,2
1527,168,1,2
1527,169,1,2
1527,170,1,2
1527,171,1,2
1527,172,1,2
1527,173,1,2
1527,174,1,2
1527,175,1,2
1527,176,1,2
1527,177,1,2
1527,178,1,2
1527,179,1,2
1527,180,1,2
1527,181,1,2
1527,182,1,2
1527,183,1,2
1527,184,1,2
1527,185,1,2
1527,186,1,2
1527,187,1,2
1527,188,1,2
1527,189,1,2
1527,190,1,2
1527,191,1,2
1527,192,1,2
1527,193,1,2
1527,194,1,2
1527,195,1,2
1527,196,1,2
1527,197,1,2
1527,198,1,2
1527,199,1,2
1527,200,1,2
1527,201,1,2
1527,202,1,2
1527,203,1,2
1527,204,1,2
1527,205,1,2
1527,206,1,2
1527,207,1,2
1527,208,1,2
1527,209,1,2
1527,210,1,2
1527,211,1,2
1527,212,1,2
1527,213,1,2
1527,214,1,2
1527,215,1,2
1527,216,1,2
1527,217,1,2
1527,218,1,2
1527,219,1,2
1527,220,1,2
1527,221,1,2
1527,222,1,2
1527,223,1,2
1527,224,1,2
1527,225,1,2
1527,226,1,2
1527,227,1,2
1527,228,1,2
1527,229,1,2
1527,230,1,2
1527,231,1,2
1527,232,1,2
1527,233,1,2
1527,234,1,2
1527,235,1,2
1527,236,1,2
1527,237,1,2
1527,238,1,2
1527,239,1,2
1527,240,1,2
1527,241,1,2
1527,242,1,2
1527,243,1,2
1527,244,1,2
1527,245,1,2
1527,246,1,2
1527,247,1,2
1527,248,1,2
1527,249,1,2
1527,250,1,2
1527,251,1,2
1527,252,1,2
1527,253,1,2
1527,254,1,2
1527,255,1,2
1527,256,1,2
1527,257,1,2
1527,258,1,2
1527,259,1,2
1527,260,1,2
1527,261,1,2
1527,262,1,2
1527,263,1,2
1527,264,1,2
1527,265,1,2
1527,266,1,2
1527,267,1,2
1527,268,1,2
1527,269,1,2
1527,270,1,2
1527,271,1,2
1527,272,1,2
1527,273,1,2
1527,274,1,2
1527,275,1,2
1527,276,1,2
1527,277,1,2
1527,278,1,2
1527,279,1,2
1527,280,1,2
1527,281,1,2
1527,282,1,2
1527,283,1,2
1527,284,1,2
1527,285,1,2
1527,286,1,2
1527,287,1,2
1527,288,1,2
1527,289,1,2
1527,290,1,2
1527,291,1,2
1527,292,1,2
1527,293,1,2
1527,294,1,2
1527,295,1,2
1527,296,1,2
1527,297,1,2
1527,298,1,2
1527,299,1,2
1527,300,1,2
1527,301,1,2
1527,302,1,2
1527,303,1,2
1527,304,1,2
1527,305,1,2
1527,306,1,2
1527,307,1,2
1527,308,1,2
1527,309,1,2
1527,310,1,2
1527,311,1,2
1527,312,1,2
1527,313,1,2
1527,314,1,2
1527,315,1,2
1527,316,1,2
1527,317,1,2
1527,318,1,2
1527,319,1,2
1527,320,1,2
1527,321,1,2
1527,322,1,2
1527,323,1,3
1527,324,1,3
1527,325,1,3
1527,326,1,3
1527,327,1,3
1527,328,1,3
1527,329,1,3
1527,330,1,3
1527,331,1,3
1527,332,1,3
1527,333,1,3
1527,334,1,3
1527,335,1,3
1527,336,1,3
1527,337,1,3
1527,338,1,3
1527,339,1,3
1527,340,1,3
1527,341,1,3
1527,342,1,3
1527,343,1,3
1527,344,1,3
1527,345,1,3
1527,346,1,3
1527,347,1,3
1527,348,1,3
1527,349,1,3
1527,350,1,3
1527,351,1,3
1527,352,1,3
1527,353,1,3
1527,354,1,3
1527,355,1,3
1527,356,1,3
1527,357,1,3
1527,358,1,3
1527,359,1,3
1527,360,1,3
1527,361,1,3
1527,362,1,3
1527,363,1,3
1527,364,1,3
1527,365,1,3
1527,366,1,3
1527,367,1,3
1527,368,1,2
1527,369,1,2
1527,370,1,2
1527,371,1,2
1527,372,1,2
1527,373,1,2
1527,374,1,2
1527,375,1,2
1527,376,1,2
1527,377,1,2
1527,378,1,2
1527,379,1,2
1527,380,1,2
1527,381,1,2
1527,382,1,2
1527,383,1,2
1527,384,1,2
1527,385,1,2
1527,386,1,2
1527,387,1,2
1527,388,1,2
1527,389,1,2
1527,390,1,2
1527,391,1,2
1527,392,1,2
1527,393,1,2
1527,394,1,2
1527,395,1,2
1527,396,1,2
1527,397,1,2
1527,398,1,2
1527,399,1,2
1527,400,1,2
1527,401,1,2
1527,402,1,2
1527,403,1,2
1527,404,1,2
1527,405,1,2
1527,406,1,2
1527,407,1,2
1527,408,1,2
1527,409,1,2
1527,410,1,2
1527,411,1,2
1527,412,1,2
1527,413,1,2
1527,414,1,2
1527,415,1,2
1527,416,1,2
1527,417,1,2
1527,418,1,2
1527,419,1,2
1527,420,1,2
1527,421,1,2
1527,422,1,2
1527,423,1,2
1527,424,1,2
1527,425,1,2
1527,426,1,2
1527,427,1,2
1527,428,1,2
1527,429,1,2
1527,430,1,2
1527,431,1,2
1527,432,1,2
1527,433,1,2
1527,434,1,2
1527,435,1,2
1527,436,1,2
1527,437,1,2
1527,438,1,2
1527,439,1,2
1527,440,1,2
1527,441,1,2
1527,442,1,2
1527,443,1,2
1527,444,1,2
1527,445,1,2
1527,446,1,2
1527,447,1,2
1527,448,1,2
1527,449,1,2
1527,450,1,2
1527,451,1,2
1527,452,1,2
1527,453,1,2
1527,454,1,2
1527,455,1,2
1527,456,1,2
1527,457,1,2
1527,458,1,2
1527,459,1,2
1527,460,1,2
1527,461,1,2
1527,462,1,2
1527,463,1,2
1527,464,1,2
1527,465,1,2
1527,466,1,2
1527,467,1,2
1527,468,1,2
1528,99,1,3
1528,100,1,3
1528,101,1,3
1528,102,1,3
1528,103,1,3
1528,104,1,3
1528,105,1,3
1528,106,1,3
1528,107,1,3
1528,108,1,3
1528,109,1,3
1528,110,1,3
1528,111,1,3
1528,112,1,3
1528,113,1,3
1528,114,1,3
1528,115,1,3
1528,116,1,3
1528,117,1,3
1528,118,1,3
1528,119,1,3
1528,120,1,3
1528,121,1,3
1528,122,1,3
1528,123,1,3
1528,124,1,3
1528,125,1,3
1528,126,1,3
1528,127,1,3
1528,128,1,3
1528,129,1,3
1528,130,1,3
1528,131,1,3
1528,132,1,3
1528,133,1,3
1528,134,1,3
1528,135,1,3
1528,136,1,3
1528,137,1,3
1528,138,1,3
1528,139,1,3
1528,140,1,2
1528,141,1,2
1528,142,1,2
1528,143,1,2
1528,144,1,2
1528,145,1,2
1528,146,1,2
1528,147,1,2
1528,148,1,2
1528,149,1,2
1528,150,1,2
1528,151,1,2
1528,152,1,2
1528,153,1,2
1528,154,1,2
1528,155,1,2
1528,156,1,2
1528,157,1,2
1528,158,1,2
1528,159,1,2
1528,160,1,2
1528,161,1,2
1528,162,1,2
1528,163,1,2
1528,164,1,2
1528,165,1,2
1528,166,1,2
1528,167,1,2
1528,168,1,2
1528,169,1,2
1528,170,1,2
1528,171,1,2
1528,172,1,2
1528,173,1,2
1528,174,1,2
1528,175,1,2
1528,176,1,2
1528,177,1,2
1528,178,1,2
1528,179,1,2
1528,180,1,2
1528,181,1,2
1528,182,1,2
1528,183,1,2
1528,184,1,2
1528,185,1,2
1528,186,1,2
1528,187,1,2
1528,188,1,2
1528,189,1,2
1528,190,1,2
1528,191,1,2
1528,192,1,2
1528,193,1,2
1528,194,1,2
1528,195,1,2
1528,196,1,2
1528,197,1,2
1528,198,1,2
1528,199,1,2
1528,200,1,2
1528,201,1,2
1528,202,1,2
1528,203,1,2
1528,204,1,2
1528,205,1,2
1528,206,1,2
1528,207,1,2
1528,208,1,2
1528,209,1,2
1528,210,1,2
1528,211,1,2
1528,212,1,2
1528,213,1,2
1528,214,1,2
1528,215,1,2
1528,216,1,2
1528,217,1,2
1528,218,1,2
1528,219,1,2
1528,220,1,2
1528,221,1,2
1528,222,1,2
1528,223,1,2
1528,224,1,2
1528,225,1,2
1528,226,1,2
1528,227,1,2
1528,228,1,2
1528,229,1,2
1528,230,1,2
1528,231,1,2
1528,232,1,2
1528,233,1,2
1528,234,1,2
1528,235,1,2
1528,236,1,2
1528,237,1,2
1528,238,1,2
1528,239,1,2
1528,240,1,2
1528,241,1,2
1528,242,1,2
1528,243,1,2
1528,244,1,2
1528,245,1,2
1528,246,1,2
1528,247,1,2
1528,248,1,2
1528,249,1,2
1528,250,1,2
1528,251,1,2
1528,252,1,2
1528,253,1,2
1528,254,1,2
1528,255,1,2
1528,256,1,2
1528,257,1,2
1528,258,1,2
1528,259,1,2
1528,260,1,2
1528,261,1,2
1528,262,1,2
1528,263,1,2
1528,264,1,2
1528,265,1,2
1528,266,1,2
1528,267,1,2
1528,268,1,2
1528,269,1,2
1528,270,1,2
1528,271,1,2
1528,272,1,2
1528,273,1,2
1528,274,1,2
1528,275,1,2
1528,276,1,2
1528,277,1,2
1528,278,1,2
1528,279,1,2
1528,280,1,2
1528,281,1,2
1528,282,1,2
1528,283,1,2
1528,284,1,2
1528,285,1,2
1528,286,1,2
1528,287,1,2
1528,288,1,2
1528,289,1,2
1528,290,1,2
1528,291,1,2
1528,292,1,2
1528,293,1,2
1528,294,1,2
1528,295,1,2
1528,296,1,2
1528,297,1,2
1528,298,1,2
1528,299,1,2
1528,300,1,2
1528,301,1,2
1528,302,1,2
1528,303,1,2
1528,304,1,2
1528,305,1,2
1528,306,1,2
1528,307,1,2
1528,308,1,2
1528,309,1,2
1528,310,1,2
1528,311,1,2
1528,312,1,2
1528,313,1,2
1528,314,1,2
1528,315,1,2
1528,316,1,2
1528,317,1,2
1528,318,1,2
1528,319,1,2
1528,320,1,2
1528,321,1,2
1528,322,1,2
1528,323,1,2
1528,324,1,2
1528,325,1,3
1528,326,1,3
1528,327,1,3
1528,328,1,3
1528,329,1,3
1528,330,1,3
1528,331,1,3
1528,332,1,3
1528,333,1,3
1528,334,1,3
1528,335,1,3
1528,336,1,3
1528,337,1,3
1528,338,1,3
1528,339,1,3
1528,340,1,3
1528,341,1,3
1528,342,1,3
1528,343,1,3
1528,344,1,3
1528,345,1,3
1528,346,1,3
1528,347,1,3
1528,348,1,3
1528,349,1,3
1528,350,1,3
1528,351,1,3
1528,352,1,3
1528,353,1,3
1528,354,1,3
1528,355,1,3
1528,356,1,3
1528,357,1,3
1528,358,1,3
1528,359,1,3
1528,360,1,3
1528,361,1,3
1528,362,1,3
1528,363,1,3
1528,364,1,3
1528,365,1,3
1528,366,1,3
1528,367,1,2
1528,368,1,2
1528,369,1,2
1528,370,1,2
1528,371,1,2
1528,372,1,2
1528,373,1,2
1528,374,1,2
1528,375,1,2
1528,376,1,2
1528,377,1,2
1528,378,1,2
1528,379,1,2
1528,380,1,2
1528,381,1,2
1528,382,1,2
1528,383,1,2
1528,384,1,2
1528,385,1,2
1528,386,1,2
1528,387,1,2
1528,388,1,2
1528,389,1,2
1528,390,1,2
1528,391,1,2
1528,392,1,2
1528,393,1,2
1528,394,1,2
1528,395,1,2
1528,396,1,2
1528,397,1,2
1528,398,1,2
1528,399,1,2
1528,400,1,2
1528,401,1,2
1528,402,1,2
1528,403,1,2
1528,404,1,2
1528,405,1,2
1528,406,1,2
1528,407,1,2
1528,408,1,2
1528,409,1,2
1528,410,1,2
1528,411,1,2
1528,412,1,2
1528,413,1,2
1528,414,1,2
1528,415,1,2
1528,416,1,2
1528,417,1,2
1528,418,1,2
1528,419,1,2
1528,420,1,2
1528,421,1,2
1528,422,1,2
1528,423,1,2
1528,424,1,2
1528,425,1,2
1528,426,1,2
1528,427,1,2
1528,428,1,2
1528,429,1,2
1528,430,1,2
1528,431,1,2
1528,432,1,2
1528,433,1,2
1528,434,1,2
1528,435,1,2
1528,436,1,2
1528,437,1,2
1528,438,1,2
1528,439,1,2
1528,440,1,2
1528,441,1,2
1528,442,1,2
1528,443,1,2
1528,444,1,2
1528,445,1,2
1528,446,1,2
1528,447,1,2
1528,448,1,2
1528,449,1,2
1528,450,1,2
1528,451,1,2
1528,452,1,2
1528,453,1,2
1528,454,1,2
1528,455,1,2
1528,456,1,2
1528,457,1,2
1528,458,1,2
1528,459,1,2
1528,460,1,2
1528,461,1,2
1528,462,1,2
1528,463,1,2
1528,464,1,2
1528,465,1,2
1528,466,1,2
1528,467,1,2
1528,468,1,2
1529,99,1,3
1529,100,1,3
1529,101,1,3
1529,102,1,3
1529,103,1,3
1529,104,1,3
1529,105,1,3
1529,106,1,3
1529,107,1,3
1529,108,1,3
1529,109,1,3
1529,110,1,3
1529,111,1,3
1529,112,1,3
1529,113,1,3
1529,114,1,3
1529,115,1,3
1529,116,1,3
1529,117,1,3
1529,118,1,3
1529,119,1,3
1529,120,1,3
1529,121,1,3
1529,122,1,3
1529,123,1,3
1529,124,1,3
1529,125,1,3
1529,126,1,3
1529,127,1,3
1529,128,1,3
1529,129,1,3
1529,130,1,3
1529,131,1,3
1529,132,1,3
1529,133,1,3
1529,134,1,3
1529,135,1,3
1529,136,1,3
1529,137,1,3
1529,138,1,3
1529,139,1,3
1529,140,1,3
1529,141,1,2
1529,142,1,2
1529,143,1,2
1529,144,1,2
1529,145,1,2
1529,146,1,2
1529,147,1,2
1529,148,1,2
1529,149,1,2
1529,150,1,2
1529,151,1,2
1529,152,1,2
1529,153,1,2
1529,154,1,2
1529,155,1,2
1529,156,1,2
1529,157,1,2
1529,158,1,2
1529,159,1,2
1529,160,1,2
1529,161,1,2
1529,162,1,2
1529,163,1,2
1529,164,1,2
1529,165,1,2
1529,166,1,2
1529,167,1,2
1529,168,1,2
1529,169,1,2
1529,170,1,2
1529,171,1,2
1529,172,1,2
1529,173,1,2
1529,174,1,2
1529,175,1,2
1529,176,1,2
1529,177,1,2
1529,178,1,2
1529,179,1,2
1529,180,1,2
1529,181,1,2
1529,182,1,2
1529,183,1,2
1529,184,1,2
1529,185,1,2
1529,186,1,2
1529,187,1,2
1529,188,1,2
1529,189,1,2
1529,190,1,2
1529,191,1,2
1529,192,1,2
1529,193,1,2
1529,194,1,2
1529,195,1,2
1529,196,1,2
1529,197,1,2
1529,198,1,2
1529,199,1,2
1529,200,1,2
1529,201,1,2
1529,202,1,2
1529,203,1,2
1529,204,1,2
1529,205,1,2
1529,206,1,2
1529,207,1,2
1529,208,1,2
1529,209,1,2
1529,210,1,2
1529,211,1,2
1529,212,1,2
1529,213,1,2
1529,214,1,2
1529,215,1,2
1529,216,1,2
1529,217,1,2
1529,218,1,2
1529,219,1,2
1529,220,1,2
1529,221,1,2
1529,222,1,2
1529,223,1,2
1529,224,1,2
1529,225,1,2
1529,226,1,2
1529,227,1,2
1529,228,1,2
1529,229,1,2
1529,230,1,2
1529,231,1,2
1529,232,1,2
1529,233,1,2
1529,234,1,2
1529,235,1,2
1529,236,1,2
1529,237,1,2
1529,238,1,2
1529,239,1,2
1529,240,1,2
1529,241,1,2
1529,242,1,2
1529,243,1,2
1529,244,1,2
1529,245,1,2
1529,246,1,2
1529,247,1,2
1529,248,1,2
1529,249,1,2
1529,250,1,2
1529,251,1,2
1529,252,1,2
1529,253,1,2
1529,254,1,2
1529,255,1,2
1529,256,1,2
1529,257,1,2
1529,258,1,2
1529,259,1,2
1529,260,1,2
1529,261,1,2
1529,262,1,2
1529,263,1,2
1529,264,1,2
1529,265,1,2
1529,266,1,2
1529,267,1,2
1529,268,1,2
1529,269,1,2
1529,270,1,2
1529,271,1,2
1529,272,1,2
1529,273,1,2
1529,274,1,2
1529,275,1,2
1529,276,1,2
1529,277,1,2
1529,278,1,2
1529,279,1,2
1529,280,1,2
1529,281,1,2
1529,282,1,2
1529,283,1,2
1529,284,1,2
1529,285,1,2
1529,286,1,2
1529,287,1,2
1529,288,1,2
1529,289,1,2
1529,290,1,2
1529,291,1,2
1529,292,1,2
1529,293,1,2
1529,294,1,2
1529,295,1,2
1529,296,1,2
1529,297,1,2
1529,298,1,2
1529,299,1,2
1529,300,1,2
1529,301,1,2
1529,302,1,2
1529,303,1,2
1529,304,1,2
1529,305,1,2
1529,306,1,2
1529,307,1,2
1529,308,1,2
1529,309,1,2
1529,310,1,2
1529,311,1,2
1529,312,1,2
1529,313,1,2
1529,314,1,2
1529,315,1,2
1529,316,1,2
1529,317,1,2
1529,318,1,2
1529,319,1,2
1529,320,1,2
1529,321,1,2
1529,322,1,2
1529,323,1,2
1529,324,1,2
1529,325,1,3
1529,326,1,3
1529,327,1,3
1529,328,1,3
1529,329,1,3
1529,330,1,3
1529,331,1,3
1529,332,1,3
1529,333,1,3
1529,334,1,3
1529,335,1,3
1529,336,1,3
1529,337,1,3
1529,338,1,3
1529,339,1,3
1529,340,1,3
1529,341,1,3
1529,342,1,3
1529,343,1,3
1529,344,1,3
1529,345,1,3
1529,346,1,3
1529,347,1,3
1529,348,1,3
1529,349,1,3
1529,350,1,3
1529,351,1,3
1529,352,1,3
1529,353,1,3
1529,354,1,3
1529,355,1,3
1529,356,1,3
1529,357,1,3
1529,358,1,3
1529,359,1,3
1529,360,1,3
1529,361,1,3
1529,362,1,3
1529,363,1,3
1529,364,1,3
1529,365,1,2
1529,366,1,2
1529,367,1,2
1529,368,1,2
1529,369,1,2
1529,370,1,2
1529,371,1,2
1529,372,1,2
1529,373,1,2
1529,374,1,2
1529,375,1,2
1529,376,1,2
1529,377,1,2
1529,378,1,2
1529,379,1,2
1529,380,1,2
1529,381,1,2
1529,382,1,2
1529,383,1,2
1529,384,1,2
1529,385,1,2
1529,386,1,2
1529,387,1,2
1529,388,1,2
1529,389,1,2
1529,390,1,2
1529,391,1,2
1529,392,1,2
1529,393,1,2
1529,394,1,2
1529,395,1,2
1529,396,1,2
1529,397,1,2
1529,398,1,2
1529,399,1,2
1529,400,1,2
1529,401,1,2
1529,402,1,2
1529,403,1,2
1529,404,1,2
1529,405,1,2
1529,406,1,2
1529,407,1,2
1529,408,1,2
1529,409,1,2
1529,410,1,2
1529,411,1,2
1529,412,1,2
1529,413,1,2
1529,414,1,2
1529,415,1,2
1529,416,1,2
1529,417,1,2
1529,418,1,2
1529,419,1,2
1529,420,1,2
1529,421,1,2
1529,422,1,2
1529,423,1,2
1529,424,1,2
1529,425,1,2
1529,426,1,2
1529,427,1,2
1529,428,1,2
1529,429,1,2
1529,430,1,2
1529,431,1,2
1529,432,1,2
1529,433,1,2
1529,434,1,2
1529,435,1,2
1529,436,1,2
1529,437,1,2
1529,438,1,2
1529,439,1,2
1529,440,1,2
1529,441,1,2
1529,442,1,2
1529,443,1,2
1529,444,1,2
1529,445,1,2
1529,446,1,2
1529,447,1,2
1529,448,1,2
1529,449,1,2
1529,450,1,2
1529,451,1,2
1529,452,1,2
1529,453,1,2
1529,454,1,2
1529,455,1,2
1529,456,1,2
1529,457,1,2
1529,458,1,2
1529,459,1,2
1529,460,1,2
1529,461,1,2
1529,462,1,2
1529,463,1,2
1529,464,1,2
1529,465,1,2
1529,466,1,2
1529,467,1,2
1529,468,1,2
1530,99,1,3
1530,100,1,3
1530,101,1,3
1530,102,1,3
1530,103,1,3
1530,104,1,3
1530,105,1,3
1530,106,1,3
1530,107,1,3
1530,108,1,3
1530,109,1,3
1530,110,1,3
1530,111,1,3
1530,112,1,3
1530,113,1,3
1530,114,1,3
1530,115,1,3
1530,116,1,3
1530,117,1,3
1530,118,1,3
1530,119,1,3
1530,120,1,3
1530,121,1,3
1530,122,1,3
1530,123,1,3
1530,124,1,3
1530,125,1,3
1530,126,1,3
1530,127,1,3
1530,128,1,3
1530,129,1,3
1530,130,1,3
1530,131,1,3
1530,132,1,3
1530,133,1,3
1530,134,1,3
1530,135,1,3
1530,136,1,3
1530,137,1,3
1530,138,1,3
1530,139,1,3
1530,140,1,3
1530,141,1,2
1530,142,1,2
1530,143,1,2
1530,144,1,2
1530,145,1,2
1530,146,1,2
1530,147,1,2
1530,148,1,2
1530,149,1,2
1530,150,1,2
1530,151,1,2
1530,152,1,2
1530,153,1,2
1530,154,1,2
1530,155,1,2
1530,156,1,2
1530,157,1,2
1530,158,1,2
1530,159,1,2
1530,160,1,2
1530,161,1,2
1530,162,1,2
1530,163,1,2
1530,164,1,2
1530,165,1,2
1530,166,1,2
1530,167,1,2
1530,168,1,2
1530,169,1,2
1530,170,1,2
1530,171,1,2
1530,172,1,2
1530,173,1,2
1530,174,1,2
1530,175,1,2
1530,176,1,2
1530,177,1,2
1530,178,1,2
1530,179,1,2
1530,180,1,2
1530,181,1,2
1530,182,1,2
1530,183,1,2
1530,184,1,2
1530,185,1,2
1530,186,1,2
1530,187,1,2
1530,188,1,2
1530,189,1,2
1530,190,1,2
1530,191,1,2
1530,192,1,2
1530,193,1,2
1530,194,1,2
1530,195,1,2
1530,196,1,2
1530,197,1,2
1530,198,1,2
1530,199,1,2
1530,200,1,2
1530,201,1,2
1530,202,1,2
1530,203,1,2
1530,204,1,2
1530,205,1,2
1530,206,1,2
1530,207,1,2
1530,208,1,2
1530,209,1,2
1530,210,1,2
1530,211,1,2
1530,212,1,2
1530,213,1,2
1530,214,1,2
1530,215,1,2
1530,216,1,2
1530,217,1,2
1530,218,1,2
1530,219,1,2
1530,220,1,2
1530,221,1,2
1530,222,1,2
1530,223,1,2
1530,224,1,2
1530,225,1,2
1530,226,1,2
1530,227,1,2
1530,228,1,2
1530,229,1,2
1530,230,1,2
1530,231,1,2
1530,232,1,2
1530,233,1,2
1530,234,1,2
1530,235,1,2
1530,236,1,2
1530,237,1,2
1530,238,1,2
1530,239,1,2
1530,240,1,2
1530,241,1,2
1530,242,1,2
1530,243,1,2
1530,244,1,2
1530,245,1,2
1530,246,1,2
1530,247,1,2
1530,248,1,2
1530,249,1,2
1530,250,1,2
1530,251,1,2
1530,252,1,2
1530,253,1,2
1530,254,1,2
1530,255,1,2
1530,256,1,2
1530,257,1,2
1530,258,1,2
1530,259,1,2
1530,260,1,2
1530,261,1,2
1530,262,1,2
1530,263,1,2
1530,264,1,2
1530,265,1,2
1530,266,1,2
1530,267,1,2
1530,268,1,2
1530,269,1,2
1530,270,1,2
1530,271,1,2
1530,272,1,2
1530,273,1,2
1530,274,1,2
1530,275,1,2
1530,276,1,2
1530,277,1,2
1530,278,1,2
1530,279,1,2
1530,280,1,2
1530,281,1,2
1530,282,1,2
1530,283,1,2
1530,284,1,2
1530,285,1,2
1530,286,1,2
1530,287,1,2
1530,288,1,2
1530,289,1,2
1530,290,1,2
1530,291,1,2
1530,292,1,2
1530,293,1,2
1530,294,1,2
1530,295,1,2
1530,296,1,2
1530,297,1,2
1530,298,1,2
1530,299,1,2
1530,300,1,2
1530,301,1,2
1530,302,1,2
1530,303,1,2
1530,304,1,2
1530,305,1,2
1530,306,1,2
1530,307,1,2
1530,308,1,2
1530,309,1,2
1530,310,1,2
1530,311,1,2
1530,312,1,2
1530,313,1,2
1530,314,1,2
1530,315,1,2
1530,316,1,2
1530,317,1,2
1530,318,1,2
1530,319,1,2
1530,320,1,2
1530,321,1,2
1530,322,1,2
1530,323,1,2
1530,324,1,2
1530,325,1,2
1530,326,1,3
1530,327,1,3
1530,328,1,3
1530,329,1,3
1530,330,1,3
1530,331,1,3
1530,332,1,3
1530,333,1,3
1530,334,1,3
1530,335,1,3
1530,336,1,3
1530,337,1,3
1530,338,1,3
1530,339,1,3
1530,340,1,3
1530,341,1,3
1530,342,1,3
1530,343,1,3
1530,344,1,3
1530,345,1,3
1530,346,1,3
1530,347,1,3
1530,348,1,3
1530,349,1,3
1530,350,1,3
1530,351,1,3
1530,352,1,3
1530,353,1,3
1530,354,1,3
1530,355,1,3
1530,356,1,3
1530,357,1,3
1530,358,1,3
1530,359,1,3
1530,360,1,3
1530,361,1,3
1530,362,1,3
1530,363,1,3
1530,364,1,2
1530,365,1,2
1530,366,1,2
1530,367,1,2
1530,368,1,2
1530,369,1,2
1530,370,1,2
1530,371,1,2
1530,372,1,2
1530,373,1,2
1530,374,1,2
1530,375,1,2
1530,376,1,2
1530,377,1,2
1530,378,1,2
1530,379,1,2
1530,380,1,2
1530,381,1,2
1530,382,1,2
1530,383,1,2
1530,384,1,2
1530,385,1,2
1530,386,1,2
1530,387,1,2
1530,388,1,2
1530,389,1,2
1530,390,1,2
1530,391,1,2
1530,392,1,2
1530,393,1,2
1530,394,1,2
1530,395,1,2
1530,396,1,2
1530,397,1,2
1530,398,1,2
1530,399,1,2
1530,400,1,2
1530,401,1,2
1530,402,1,2
1530,403,1,2
1530,404,1,2
1530,405,1,2
1530,406,1,2
1530,407,1,2
1530,408,1,2
1530,409,1,2
1530,410,1,2
1530,411,1,2
1530,412,1,2
1530,413,1,2
1530,414,1,2
1530,415,1,2
1530,416,1,2
1530,417,1,2
1530,418,1,2
1530,419,1,2
1530,420,1,2
1530,421,1,2
1530,422,1,2
1530,423,1,2
1530,424,1,2
1530,425,1,2
1530,426,1,2
1530,427,1,2
1530,428,1,2
1530,429,1,2
1530,430,1,2
1530,431,1,2
1530,432,1,2
1530,433,1,2
1530,434,1,2
1530,435,1,2
1530,436,1,2
1530,437,1,2
1530,438,1,2
1530,439,1,2
1530,440,1,2
1530,441,1,2
1530,442,1,2
1530,443,1,2
1530,444,1,2
1530,445,1,2
1530,446,1,2
1530,447,1,2
1530,448,1,2
1530,449,1,2
1530,450,1,2
1530,451,1,2
1530,452,1,2
1530,453,1,2
1530,454,1,2
1530,455,1,2
1530,456,1,2
1530,457,1,2
1530,458,1,2
1530,459,1,2
1530,460,1,2
1530,461,1,2
1530,462,1,2
1530,463,1,2
1530,464,1,2
1530,465,1,2
1530,466,1,2
1530,467,1,2
1530,468,1,2
1531,99,1,3
1531,100,1,3
1531,101,1,3
1531,102,1,3
1531,103,1,3
1531,104,1,3
1531,105,1,3
1531,106,1,3
1531,107,1,3
1531,108,1,3
1531,109,1,3
1531,110,1,3
1531,111,1,3
1531,112,1,3
1531,113,1,3
1531,114,1,3
1531,115,1,3
1531,116,1,3
1531,117,1,3
1531,118,1,3
1531,119,1,3
1531,120,1,3
1531,121,1,3
1531,122,1,3
1531,123,1,3
1531,124,1,3
1531,125,1,3
1531,126,1,3
1531,127,1,3
1531,128,1,3
1531,129,1,3
1531,130,1,3
1531,131,1,3
1531,132,1,3
1531,133,1,3
1531,134,1,3
1531,135,1,3
1531,136,1,3
1531,137,1,3
1531,138,1,3
1531,139,1,3
1531,140,1,3
1531,141,1,2
1531,142,1,2
1531,143,1,2
1531,144,1,2
1531,145,1,2
1531,146,1,2
1531,147,1,2
1531,148,1,2
1531,149,1,2
1531,150,1,2
1531,151,1,2
1531,152,1,2
1531,153,1,2
1531,154,1,2
1531,155,1,2
1531,156,1,2
1531,157,1,2
1531,158,1,2
1531,159,1,2
1531,160,1,2
1531,161,1,2
1531,162,1,2
1531,163,1,2
1531,164,1,2
1531,165,1,2
1531,166,1,2
1531,167,1,2
1531,168,1,2
1531,169,1,2
1531,170,1,2
1531,171,1,2
1531,172,1,2
1531,173,1,2
1531,174,1,2
1531,175,1,2
1531,176,1,2
1531,177,1,2
1531,178,1,2
1531,179,1,2
1531,180,1,2
1531,181,1,2
1531,182,1,2
1531,183,1,2
1531,184,1,2
1531,185,1,2
1531,186,1,2
1531,187,1,2
1531,188,1,2
1531,189,1,2
1531,190,1,2
1531,191,1,2
1531,192,1,2
1531,193,1,2
1531,194,1,2
1531,195,1,2
1531,196,1,2
1531,197,1,2
1531,198,1,2
1531,199,1,2
1531,200,1,2
1531,201,1,2
1531,202,1,2
1531,203,1,2
1531,204,1,2
1531,205,1,2
1531,206,1,2
1531,207,1,2
1531,208,1,2
1531,209,1,2
1531,210,1,2
1531,211,1,2
1531,212,1,2
1531,213,1,2
1531,214,1,2
1531,215,1,2
1531,216,1,2
1531,217,1,2
1531,218,1,2
1531,219,1,2
1531,220,1,2
1531,221,1,2
1531,222,1,2
1531,223,1,2
1531,224,1,2
1531,225,1,2
1531,226,1,2
1531,227,1,2
1531,228,1,2
1531,229,1,2
1531,230,1,2
1531,231,1,2
1531,232,1,2
1531,233,1,2
1531,234,1,2
1531,235,1,2
1531,236,1,2
1531,237,1,2
1531,238,1,2
1531,239,1,2
1531,240,1,2
1531,241,1,2
1531,242,1,2
1531,243,1,2
1531,244,1,2
1531,245,1,2
1531,246,1,2
1531,247,1,2
1531,248,1,2
1531,249,1,2
1531,250,1,2
1531,251,1,2
1531,252,1,2
1531,253,1,2
1531,254,1,2
1531,255,1,2
1531,256,1,2
1531,257,1,2
1531,258,1,2
1531,259,1,2
1531,260,1,2
1531,261,1,2
1531,262,1,2
1531,263,1,2
1531,264,1,2
1531,265,1,2
1531,266,1,2
1531,267,1,2
1531,268,1,2
1531,269,1,2
1531,270,1,2
1531,271,1,2
1531,272,1,2
1531,273,1,2
1531,274,1,2
1531,275,1,2
1531,276,1,2
1531,277,1,2
1531,278,1,2
1531,279,1,2
1531,280,1,2
1531,281,1,2
1531,282,1,2
1531,283,1,2
1531,284,1,2
1531,285,1,2
1531,286,1,2
1531,287,1,2
1531,288,1,2
1531,289,1,2
1531,290,1,2
1531,291,1,2
1531,292,1,2
1531,293,1,2
1531,294,1,2
1531,295,1,2
1531,296,1,2
1531,297,1,2
1531,298,1,2
1531,299,1,2
1531,300,1,2
1531,301,1,2
1531,302,1,2
1531,303,1,2
1531,304,1,2
1531,305,1,2
1531,306,1,2
1531,307,1,2
1531,308,1,2
1531,309,1,2
1531,310,1,2
1531,311,1,2
1531,312,1,2
1531,313,1,2
1531,314,1,2
1531,315,1,2
1531,316,1,2
1531,317,1,2
1531,318,1,2
1531,319,1,2
1531,320,1,2
1531,321,1,2
1531,322,1,2
1531,323,1,2
1531,324,1,2
1531,325,1,2
1531,326,1,2
1531,327,1,3
1531,328,1,3
1531,329,1,3
1531,330,1,3
1531,331,1,3
1531,332,1,3
1531,333,1,3
1531,334,1,3
1531,335,1,3
1531,336,1,3
1531,337,1,3
1531,338,1,3
1531,339,1,3
1531,340,1,3
1531,341,1,3
1531,342,1,3
1531,343,1,3
1531,344,1,3
1531,345,1,3
1531,346,1,3
1531,347,1,3
1531,348,1,3
1531,349,1,3
1531,350,1,3
1531,351,1,3
1531,352,1,3
1531,353,1,3
1531,354,1,3
1531,355,1,3
1531,356,1,3
1531,357,1,3
1531,358,1,3
1531,359,1,3
1531,360,1,3
1531,361,1,2
1531,362,1,2
1531,363,1,2
1531,364,1,2
1531,365,1,2
1531,366,1,2
1531,367,1,2
1531,368,1,2
1531,369,1,2
1531,370,1,2
1531,371,1,2
1531,372,1,2
1531,373,1,2
1531,374,1,2
1531,375,1,2
1531,376,1,2
1531,377,1,2
1531,378,1,2
1531,379,1,2
1531,380,1,2
1531,381,1,2
1531,382,1,2
1531,383,1,2
1531,384,1,2
1531,385,1,2
1531,386,1,2
1531,387,1,2
1531,388,1,2
1531,389,1,2
1531,390,1,2
1531,391,1,2
1531,392,1,2
1531,393,1,2
1531,394,1,2
1531,395,1,2
1531,396,1,2
1531,397,1,2
1531,398,1,2
1531,399,1,2
1531,400,1,2
1531,401,1,2
1531,402,1,2
1531,403,1,2
1531,404,1,2
1531,405,1,2
1531,406,1,2
1531,407,1,2
1531,408,1,2
1531,409,1,2
1531,410,1,2
1531,411,1,2
1531,412,1,2
1531,413,1,2
1531,414,1,2
1531,415,1,2
1531,416,1,2
1531,417,1,2
1531,418,1,2
1531,419,1,2
1531,420,1,2
1531,421,1,2
1531,422,1,2
1531,423,1,2
1531,424,1,2
1531,425,1,2
1531,426,1,2
1531,427,1,2
1531,428,1,2
1531,429,1,2
1531,430,1,2
1531,431,1,2
1531,432,1,2
1531,433,1,2
1531,434,1,2
1531,435,1,2
1531,436,1,2
1531,437,1,2
1531,438,1,2
1531,439,1,2
1531,440,1,2
1531,441,1,2
1531,442,1,2
1531,443,1,2
1531,444,1,2
1531,445,1,2
1531,446,1,2
1531,447,1,2
1531,448,1,2
1531,449,1,2
1531,450,1,2
1531,451,1,2
1531,452,1,2
1531,453,1,2
1531,454,1,2
1531,455,1,2
1531,456,1,2
1531,457,1,2
1531,458,1,2
1531,459,1,2
1531,460,1,2
1531,461,1,2
1531,462,1,2
1531,463,1,2
1531,464,1,2
1531,465,1,2
1531,466,1,2
1531,467,1,2
1531,468,1,2
1532,99,1,3
1532,100,1,3
1532,101,1,3
1532,102,1,3
1532,103,1,3
1532,104,1,3
1532,105,1,3
1532,106,1,3
1532,107,1,3
1532,108,1,3
1532,109,1,3
1532,110,1,3
1532,111,1,3
1532,112,1,3
1532,113,1,3
1532,114,1,3
1532,115,1,3
1532,116,1,3
1532,117,1,3
1532,118,1,3
1532,119,1,3
1532,120,1,3
1532,121,1,3
1532,122,1,3
1532,123,1,3
1532,124,1,3
1532,125,1,3
1532,126,1,3
1532,127,1,3
1532,128,1,3
1532,129,1,3
1532,130,1,3
1532,131,1,3
1532,132,1,3
1532,133,1,3
1532,134,1,3
1532,135,1,3
1532,136,1,3
1532,137,1,3
1532,138,1,3
1532,139,1,3
1532,140,1,3
1532,141,1,2
1532,142,1,2
1532,143,1,2
1532,144,1,2
1532,145,1,2
1532,146,1,2
1532,147,1,2
1532,148,1,2
1532,149,1,2
1532,150,1,2
1532,151,1,2
1532,152,1,2
1532,153,1,2
1532,154,1,2
1532,155,1,2
1532,156,1,2
1532,157,1,2
1532,158,1,2
1532,159,1,2
1532,160,1,2
1532,161,1,2
1532,162,1,2
1532,163,1,2
1532,164,1,2
1532,165,1,2
1532,166,1,2
1532,167,1,2
1532,168,1,2
1532,169,1,2
1532,170,1,2
1532,171,1,2
1532,172,1,2
1532,173,1,2
1532,174,1,2
1532,175,1,2
1532,176,1,2
1532,177,1,2
1532,178,1,2
1532,179,1,2
1532,180,1,2
1532,181,1,2
1532,182,1,2
1532,183,1,2
1532,184,1,2
1532,185,1,2
1532,186,1,2
1532,187,1,2
1532,188,1,2
1532,189,1,2
1532,190,1,2
1532,191,1,2
1532,192,1,2
1532,193,1,2
1532,194,1,2
1532,195,1,2
1532,196,1,2
1532,197,1,2
1532,198,1,2
1532,199,1,2
1532,200,1,2
1532,201,1,2
1532,202,1,2
1532,203,1,2
1532,204,1,2
1532,205,1,2
1532,206,1,2
1532,207,1,2
1532,208,1,2
1532,209,1,2
1532,210,1,2
1532,211,1,2
1532,212,1,2
1532,213,1,2
1532,214,1,2
1532,215,1,2
1532,216,1,2
1532,217,1,2
1532,218,1,2
1532,219,1,2
1532,220,1,2
1532,221,1,2
1532,222,1,2
1532,223,1,2
1532,224,1,2
1532,225,1,2
1532,226,1,2
1532,227,1,2
1532,228,1,2
1532,229,1,2
1532,230,1,2
1532,231,1,2
1532,232,1,2
1532,233,1,2
1532,234,1,2
1532,235,1,2
1532,236,1,2
1532,237,1,2
1532,238,1,2
1532,239,1,2
1532,240,1,2
1532,241,1,2
1532,242,1,2
1532,243,1,2
1532,244,1,2
1532,245,1,2
1532,246,1,2
1532,247,1,2
1532,248,1,2
1532,249,1,2
1532,250,1,2
1532,251,1,2
1532,252,1,2
1532,253,1,2
1532,254,1,2
1532,255,1,2
1532,256,1,2
1532,257,1,2
1532,258,1,2
1532,259,1,2
1532,260,1,2
1532,261,1,2
1532,262,1,2
1532,263,1,2
1532,264,1,2
1532,265,1,2
1532,266,1,2
1532,267,1,2
1532,268,1,2
1532,269,1,2
1532,270,1,2
1532,271,1,2
1532,272,1,2
1532,273,1,2
1532,274,1,2
1532,275,1,2
1532,276,1,2
1532,277,1,2
1532,278,1,2
1532,279,1,2
1532,280,1,2
1532,281,1,2
1532,282,1,2
1532,283,1,2
1532,284,1,2
1532,285,1,2
1532,286,1,2
1532,287,1,2
1532,288,1,2
1532,289,1,2
1532,290,1,2
1532,291,1,2
1532,292,1,2
1532,293,1,2
1532,294,1,2
1532,295,1,2
1532,296,1,2
1532,297,1,2
1532,298,1,2
1532,299,1,2
1532,300,1,2
1532,301,1,2
1532,302,1,2
1532,303,1,2
1532,304,1,2
1532,305,1,2
1532,306,1,2
1532,307,1,2
1532,308,1,2
1532,309,1,2
1532,310,1,2
1532,311,1,2
1532,312,1,2
1532,313,1,2
1532,314,1,2
1532,315,1,2
1532,316,1,2
1532,317,1,2
1532,318,1,2
1532,319,1,2
1532,320,1,2
1532,321,1,2
1532,322,1,2
1532,323,1,2
1532,324,1,2
1532,325,1,2
1532,326,1,2
1532,327,1,2
1532,328,1,3
1532,329,1,3
1532,330,1,3
1532,331,1,3
1532,332,1,3
1532,333,1,3
1532,334,1,3
1532,335,1,3
1532,336,1,3
1532,337,1,3
1532,338,1,3
1532,339,1,3
1532,340,1,3
1532,341,1,3
1532,342,1,3
1532,343,1,3
1532,344,1,3
1532,345,1,3
1532,346,1,3
1532,347,1,3
1532,348,1,3
1532,349,1,3
1532,350,1,3
1532,351,1,3
1532,352,1,3
1532,353,1,3
1532,354,1,3
1532,355,1,3
1532,356,1,3
1532,357,1,3
1532,358,1,3
1532,359,1,3
1532,360,1,2
1532,361,1,2
1532,362,1,2
1532,363,1,2
1532,364,1,2
1532,365,1,2
1532,366,1,2
1532,367,1,2
1532,368,1,2
1532,369,1,2
1532,370,1,2
1532,371,1,2
1532,372,1,2
1532,373,1,2
1532,374,1,2
1532,375,1,2
1532,376,1,2
1532,377,1,2
1532,378,1,2
1532,379,1,2
1532,380,1,2
1532,381,1,2
1532,382,1,2
1532,383,1,2
1532,384,1,2
1532,385,1,2
1532,386,1,2
1532,387,1,2
1532,388,1,2
1532,389,1,2
1532,390,1,2
1532,391,1,2
1532,392,1,2
1532,393,1,2
1532,394,1,2
1532,395,1,2
1532,396,1,2
1532,397,1,2
1532,398,1,2
1532,399,1,2
1532,400,1,2
1532,401,1,2
1532,402,1,2
1532,403,1,2
1532,404,1,2
1532,405,1,2
1532,406,1,2
1532,407,1,2
1532,408,1,2
1532,409,1,2
1532,410,1,2
1532,411,1,2
1532,412,1,2
1532,413,1,2
1532,414,1,2
1532,415,1,2
1532,416,1,2
1532,417,1,2
1532,418,1,2
1532,419,1,2
1532,420,1,2
1532,421,1,2
1532,422,1,2
1532,423,1,2
1532,424,1,2
1532,425,1,2
1532,426,1,2
1532,427,1,2
1532,428,1,2
1532,429,1,2
1532,430,1,2
1532,431,1,2
1532,432,1,2
1532,433,1,2
1532,434,1,2
1532,435,1,2
1532,436,1,2
1532,437,1,2
1532,438,1,2
1532,439,1,2
1532,440,1,2
1532,441,1,2
1532,442,1,2
1532,443,1,2
1532,444,1,2
1532,445,1,2
1532,446,1,2
1532,447,1,2
1532,448,1,2
1532,449,1,2
1532,450,1,2
1532,451,1,2
1532,452,1,2
1532,453,1,2
1532,454,1,2
1532,455,1,2
1532,456,1,2
1532,457,1,2
1532,458,1,2
1532,459,1,2
1532,460,1,2
1532,461,1,2
1532,462,1,2
1532,463,1,2
1532,464,1,2
1532,465,1,2
1532,466,1,2
1532,467,1,2
1532,468,1,2
1533,99,1,3
1533,100,1,3
1533,101,1,3
1533,102,1,3
1533,103,1,3
1533,104,1,3
1533,105,1,3
1533,106,1,3
1533,107,1,3
1533,108,1,3
1533,109,1,3
1533,110,1,3
1533,111,1,3
1533,112,1,3
1533,113,1,3
1533,114,1,3
1533,115,1,3
1533,116,1,3
1533,117,1,3
1533,118,1,3
1533,119,1,3
1533,120,1,3
1533,121,1,3
1533,122,1,3
1533,123,1,3
1533,124,1,3
1533,125,1,3
1533,126,1,3
1533,127,1,3
1533,128,1,3
1533,129,1,3
1533,130,1,3
1533,131,1,3
1533,132,1,3
1533,133,1,3
1533,134,1,3
1533,135,1,3
1533,136,1,3
1533,137,1,3
1533,138,1,3
1533,139,1,3
1533,140,1,3
1533,141,1,2
1533,142,1,2
1533,143,1,2
1533,144,1,2
1533,145,1,2
1533,146,1,2
1533,147,1,2
1533,148,1,2
1533,149,1,2
1533,150,1,2
1533,151,1,2
1533,152,1,2
1533,153,1,2
1533,154,1,2
1533,155,1,2
1533,156,1,2
1533,157,1,2
1533,158,1,2
1533,159,1,2
1533,160,1,2
1533,161,1,2
1533,162,1,2
1533,163,1,2
1533,164,1,2
1533,165,1,2
1533,166,1,2
1533,167,1,2
1533,168,1,2
1533,169,1,2
1533,170,1,2
1533,171,1,2
1533,172,1,2
1533,173,1,2
1533,174,1,2
1533,175,1,2
1533,176,1,2
1533,177,1,2
1533,178,1,2
1533,179,1,2
1533,180,1,2
1533,181,1,2
1533,182,1,2
1533,183,1,2
1533,184,1,2
1533,185,1,2
1533,186,1,2
1533,187,1,2
1533,188,1,2
1533,189,1,2
1533,190,1,2
1533,191,1,2
1533,192,1,2
1533,193,1,2
1533,194,1,2
1533,195,1,2
1533,196,1,2
1533,197,1,2
1533,198,1,2
1533,199,1,2
1533,200,1,2
1533,201,1,2
1533,202,1,2
1533,203,1,2
1533,204,1,2
1533,205,1,2
1533,206,1,2
1533,207,1,2
1533,208,1,2
1533,209,1,2
1533,210,1,2
1533,211,1,2
1533,212,1,2
1533,213,1,2
1533,214,1,2
1533,215,1,2
1533,216,1,2
1533,217,1,2
1533,218,1,2
1533,219,1,2
1533,220,1,2
1533,221,1,2
1533,222,1,2
1533,223,1,2
1533,224,1,2
1533,225,1,2
1533,226,1,2
1533,227,1,2
1533,228,1,2
1533,229,1,2
1533,230,1,2
1533,231,1,2
1533,232,1,2
1533,233,1,2
1533,234,1,2
1533,235,1,2
1533,236,1,2
1533,237,1,2
1533,238,1,2
1533,239,1,2
1533,240,1,2
1533,241,1,2
1533,242,1,2
1533,243,1,2
1533,244,1,2
1533,245,1,2
1533,246,1,2
1533,247,1,2
1533,248,1,2
1533,249,1,2
1533,250,1,2
1533,251,1,2
1533,252,1,2
1533,253,1,2
1533,254,1,2
1533,255,1,2
1533,256,1,2
1533,257,1,2
1533,258,1,2
1533,259,1,2
1533,260,1,2
1533,261,1,2
1533,262,1,2
1533,263,1,2
1533,264,1,2
1533,265,1,2
1533,266,1,2
1533,267,1,2
1533,268,1,2
1533,269,1,2
1533,270,1,2
1533,271,1,2
1533,272,1,2
1533,273,1,2
1533,274,1,2
1533,275,1,2
1533,276,1,2
1533,277,1,2
1533,278,1,2
1533,279,1,2
1533,280,1,2
1533,281,1,2
1533,282,1,2
1533,283,1,2
1533,284,1,2
1533,285,1,2
1533,286,1,2
1533,287,1,2
1533,288,1,2
1533,289,1,2
1533,290,1,2
1533,291,1,2
1533,292,1,2
1533,293,1,2
1533,294,1,2
1533,295,1,2
1533,296,1,2
1533,297,1,2
1533,298,1,2
1533,299,1,2
1533,300,1,2
1533,301,1,2
1533,302,1,2
1533,303,1,2
1533,304,1,2
1533,305,1,2
1533,306,1,2
1533,307,1,2
1533,308,1,2
1533,309,1,2
1533,310,1,2
1533,311,1,2
1533,312,1,2
1533,313,1,2
1533,314,1,2
1533,315,1,2
1533,316,1,2
1533,317,1,2
1533,318,1,2
1533,319,1,2
1533,320,1,2
1533,321,1,2
1533,322,1,2
1533,323,1,2
1533,324,1,2
1533,325,1,2
1533,326,1,2
1533,327,1,2
1533,328,1,2
1533,329,1,2
1533,330,1,2
1533,331,1,2
1533,332,1,3
1533,333,1,3
1533,334,1,3
1533,335,1,3
1533,336,1,3
1533,337,1,3
1533,338,1,3
1533,339,1,3
1533,340,1,3
1533,341,1,3
1533,342,1,3
1533,343,1,3
1533,344,1,3
1533,345,1,3
1533,346,1,3
1533,347,1,3
1533,348,1,3
1533,349,1,3
1533,350,1,3
1533,351,1,3
1533,352,1,3
1533,353,1,3
1533,354,1,3
1533,355,1,3
1533,356,1,2
1533,357,1,2
1533,358,1,2
1533,359,1,2
1533,360,1,2
1533,361,1,2
1533,362,1,2
1533,363,1,2
1533,364,1,2
1533,365,1,2
1533,366,1,2
1533,367,1,2
1533,368,1,2
1533,369,1,2
1533,370,1,2
1533,371,1,2
1533,372,1,2
1533,373,1,2
1533,374,1,2
1533,375,1,2
1533,376,1,2
1533,377,1,2
1533,378,1,2
1533,379,1,2
1533,380,1,2
1533,381,1,2
1533,382,1,2
1533,383,1,2
1533,384,1,2
1533,385,1,2
1533,386,1,2
1533,387,1,2
1533,388,1,2
1533,389,1,2
1533,390,1,2
1533,391,1,2
1533,392,1,2
1533,393,1,2
1533,394,1,2
1533,395,1,2
1533,396,1,2
1533,397,1,2
1533,398,1,2
1533,399,1,2
1533,400,1,2
1533,401,1,2
1533,402,1,2
1533,403,1,2
1533,404,1,2
1533,405,1,2
1533,406,1,2
1533,407,1,2
1533,408,1,2
1533,409,1,2
1533,410,1,2
1533,411,1,2
1533,412,1,2
1533,413,1,2
1533,414,1,2
1533,415,1,2
1533,416,1,2
1533,417,1,2
1533,418,1,2
1533,419,1,2
1533,420,1,2
1533,421,1,2
1533,422,1,2
1533,423,1,2
1533,424,1,2
1533,425,1,2
1533,426,1,2
1533,427,1,2
1533,428,1,2
1533,429,1,2
1533,430,1,2
1533,431,1,2
1533,432,1,2
1533,433,1,2
1533,434,1,2
1533,435,1,2
1533,436,1,2
1533,437,1,2
1533,438,1,2
1533,439,1,2
1533,440,1,2
1533,441,1,2
1533,442,1,2
1533,443,1,2
1533,444,1,2
1533,445,1,2
1533,446,1,2
1533,447,1,2
1533,448,1,2
1533,449,1,2
1533,450,1,2
1533,451,1,2
1533,452,1,2
1533,453,1,2
1533,454,1,2
1533,455,1,2
1533,456,1,2
1533,457,1,2
1533,458,1,2
1533,459,1,2
1533,460,1,2
1533,461,1,2
1533,462,1,2
1533,463,1,2
1533,464,1,2
1533,465,1,2
1533,466,1,2
1533,467,1,2
1533,468,1,2
1534,99,1,3
1534,100,1,3
1534,101,1,3
1534,102,1,3
1534,103,1,3
1534,104,1,3
1534,105,1,3
1534,106,1,3
1534,107,1,3
1534,108,1,3
1534,109,1,3
1534,110,1,3
1534,111,1,3
1534,112,1,3
1534,113,1,3
1534,114,1,3
1534,115,1,3
1534,116,1,3
1534,117,1,3
1534,118,1,3
1534,119,1,3
1534,120,1,3
1534,121,1,3
1534,122,1,3
1534,123,1,3
1534,124,1,3
1534,125,1,3
1534,126,1,3
1534,127,1,3
1534,128,1,3
1534,129,1,3
1534,130,1,3
1534,131,1,3
1534,132,1,3
1534,133,1,3
1534,134,1,3
1534,135,1,3
1534,136,1,3
1534,137,1,3
1534,138,1,3
1534,139,1,3
1534,140,1,3
1534,141,1,3
1534,142,1,2
1534,143,1,2
1534,144,1,2
1534,145,1,2
1534,146,1,2
1534,147,1,2
1534,148,1,2
1534,149,1,2
1534,150,1,2
1534,151,1,2
1534,152,1,2
1534,153,1,2
1534,154,1,2
1534,155,1,2
1534,156,1,2
1534,157,1,2
1534,158,1,2
1534,159,1,2
1534,160,1,2
1534,161,1,2
1534,162,1,2
1534,163,1,2
1534,164,1,2
1534,165,1,2
1534,166,1,2
1534,167,1,2
1534,168,1,2
1534,169,1,2
1534,170,1,2
1534,171,1,2
1534,172,1,2
1534,173,1,2
1534,174,1,2
1534,175,1,2
1534,176,1,2
1534,177,1,2
1534,178,1,2
1534,179,1,2
1534,180,1,2
1534,181,1,2
1534,182,1,2
1534,183,1,2
1534,184,1,2
1534,185,1,2
1534,186,1,2
1534,187,1,2
1534,188,1,2
1534,189,1,2
1534,190,1,2
1534,191,1,2
1534,192,1,2
1534,193,1,2
1534,194,1,2
1534,195,1,2
1534,196,1,2
1534,197,1,2
1534,198,1,2
1534,199,1,2
1534,200,1,2
1534,201,1,2
1534,202,1,2
1534,203,1,2
1534,204,1,2
1534,205,1,2
1534,206,1,2
1534,207,1,2
1534,208,1,2
1534,209,1,2
1534,210,1,2
1534,211,1,2
1534,212,1,2
1534,213,1,2
1534,214,1,2
1534,215,1,2
1534,216,1,2
1534,217,1,2
1534,218,1,2
1534,219,1,2
1534,220,1,2
1534,221,1,2
1534,222,1,2
1534,223,1,2
1534,224,1,2
1534,225,1,2
1534,226,1,2
1534,227,1,2
1534,228,1,2
1534,229,1,2
1534,230,1,2
1534,231,1,2
1534,232,1,2
1534,233,1,2
1534,234,1,2
1534,235,1,2
1534,236,1,2
1534,237,1,2
1534,238,1,2
1534,239,1,2
1534,240,1,2
1534,241,1,2
1534,242,1,2
1534,243,1,2
1534,244,1,2
1534,245,1,2
1534,246,1,2
1534,247,1,2
1534,248,1,2
1534,249,1,2
1534,250,1,2
1534,251,1,2
1534,252,1,2
1534,253,1,2
1534,254,1,2
1534,255,1,2
1534,256,1,2
1534,257,1,2
1534,258,1,2
1534,259,1,2
1534,260,1,2
1534,261,1,2
1534,262,1,2
1534,263,1,2
1534,264,1,2
1534,265,1,2
1534,266,1,2
1534,267,1,2
1534,268,1,2
1534,269,1,2
1534,270,1,2
1534,271,1,2
1534,272,1,2
1534,273,1,2
1534,274,1,2
1534,275,1,2
1534,276,1,2
1534,277,1,2
1534,278,1,2
1534,279,1,2
1534,280,1,2
1534,281,1,2
1534,282,1,2
1534,283,1,2
1534,284,1,2
1534,285,1,2
1534,286,1,2
1534,287,1,2
1534,288,1,2
1534,289,1,2
1534,290,1,2
1534,291,1,2
1534,292,1,2
1534,293,1,2
1534,294,1,2
1534,295,1,2
1534,296,1,2
1534,297,1,2
1534,298,1,2
1534,299,1,2
1534,300,1,2
1534,301,1,2
1534,302,1,2
1534,303,1,2
1534,304,1,2
1534,305,1,2
1534,306,1,2
1534,307,1,2
1534,308,1,2
1534,309,1,2
1534,310,1,2
1534,311,1,2
1534,312,1,2
1534,313,1,2
1534,314,1,2
1534,315,1,2
1534,316,1,2
1534,317,1,2
1534,318,1,2
1534,319,1,2
1534,320,1,2
1534,321,1,2
1534,322,1,2
1534,323,1,2
1534,324,1,2
1534,325,1,2
1534,326,1,2
1534,327,1,2
1534,328,1,2
1534,329,1,2
1534,330,1,2
1534,331,1,2
1534,332,1,2
1534,333,1,2
1534,334,1,2
1534,335,1,2
1534,336,1,2
1534,337,1,2
1534,338,1,2
1534,339,1,2
1534,340,1,2
1534,341,1,2
1534,342,1,2
1534,343,1,3
1534,344,1,3
1534,345,1,3
1534,346,1,3
1534,347,1,3
1534,348,1,2
1534,349,1,2
1534,350,1,2
1534,351,1,2
1534,352,1,2
1534,353,1,2
1534,354,1,2
1534,355,1,2
1534,356,1,2
1534,357,1,2
1534,358,1,2
1534,359,1,2
1534,360,1,2
1534,361,1,2
1534,362,1,2
1534,363,1,2
1534,364,1,2
1534,365,1,2
1534,366,1,2
1534,367,1,2
1534,368,1,2
1534,369,1,2
1534,370,1,2
1534,371,1,2
1534,372,1,2
1534,373,1,2
1534,374,1,2
1534,375,1,2
1534,376,1,2
1534,377,1,2
1534,378,1,2
1534,379,1,2
1534,380,1,2
1534,381,1,2
1534,382,1,2
1534,383,1,2
1534,384,1,2
1534,385,1,2
1534,386,1,2
1534,387,1,2
1534,388,1,2
1534,389,1,2
1534,390,1,2
1534,391,1,2
1534,392,1,2
1534,393,1,2
1534,394,1,2
1534,395,1,2
1534,396,1,2
1534,397,1,2
1534,398,1,2
1534,399,1,2
1534,400,1,2
1534,401,1,2
1534,402,1,2
1534,403,1,2
1534,404,1,2
1534,405,1,2
1534,406,1,2
1534,407,1,2
1534,408,1,2
1534,409,1,2
1534,410,1,2
1534,411,1,2
1534,412,1,2
1534,413,1,2
1534,414,1,2
1534,415,1,2
1534,416,1,2
1534,417,1,2
1534,418,1,2
1534,419,1,2
1534,420,1,2
1534,421,1,2
1534,422,1,2
1534,423,1,2
1534,424,1,2
1534,425,1,2
1534,426,1,2
1534,427,1,2
1534,428,1,2
1534,429,1,2
1534,430,1,2
1534,431,1,2
1534,432,1,2
1534,433,1,2
1534,434,1,2
1534,435,1,2
1534,436,1,2
1534,437,1,2
1534,438,1,2
1534,439,1,2
1534,440,1,2
1534,441,1,2
1534,442,1,2
1534,443,1,2
1534,444,1,2
1534,445,1,2
1534,446,1,2
1534,447,1,2
1534,448,1,2
1534,449,1,2
1534,450,1,2
1534,451,1,2
1534,452,1,2
1534,453,1,2
1534,454,1,2
1534,455,1,2
1534,456,1,2
1534,457,1,2
1534,458,1,2
1534,459,1,2
1534,460,1,2
1534,461,1,2
1534,462,1,2
1534,463,1,2
1534,464,1,2
1534,465,1,2
1534,466,1,2
1534,467,1,2
1534,468,1,2
1535,99,1,3
1535,100,1,3
1535,101,1,3
1535,102,1,3
1535,103,1,3
1535,104,1,3
1535,105,1,3
1535,106,1,3
1535,107,1,3
1535,108,1,3
1535,109,1,3
1535,110,1,3
1535,111,1,3
1535,112,1,3
1535,113,1,3
1535,114,1,3
1535,115,1,3
1535,116,1,3
1535,117,1,3
1535,118,1,3
1535,119,1,3
1535,120,1,3
1535,121,1,3
1535,122,1,3
1535,123,1,3
1535,124,1,3
1535,125,1,3
1535,126,1,3
1535,127,1,3
1535,128,1,3
1535,129,1,3
1535,130,1,3
1535,131,1,3
1535,132,1,3
1535,133,1,3
1535,134,1,3
1535,135,1,3
1535,136,1,3
1535,137,1,3
1535,138,1,3
1535,139,1,3
1535,140,1,3
1535,141,1,3
1535,142,1,2
1535,143,1,2
1535,144,1,2
1535,145,1,2
1535,146,1,2
1535,147,1,2
1535,148,1,2
1535,149,1,2
1535,150,1,2
1535,151,1,2
1535,152,1,2
1535,153,1,2
1535,154,1,2
1535,155,1,2
1535,156,1,2
1535,157,1,2
1535,158,1,2
1535,159,1,2
1535,160,1,2
1535,161,1,2
1535,162,1,2
1535,163,1,2
1535,164,1,2
1535,165,1,2
1535,166,1,2
1535,167,1,2
1535,168,1,2
1535,169,1,2
1535,170,1,2
1535,171,1,2
1535,172,1,2
1535,173,1,2
1535,174,1,2
1535,175,1,2
1535,176,1,2
1535,177,1,2
1535,178,1,2
1535,179,1,2
1535,180,1,2
1535,181,1,2
1535,182,1,2
1535,183,1,2
1535,184,1,2
1535,185,1,2
1535,186,1,2
1535,187,1,2
1535,188,1,2
1535,189,1,2
1535,190,1,2
1535,191,1,2
1535,192,1,2
1535,193,1,2
1535,194,1,2
1535,195,1,2
1535,196,1,2
1535,197,1,2
1535,198,1,2
1535,199,1,2
1535,200,1,2
1535,201,1,2
1535,202,1,2
1535,203,1,2
1535,204,1,2
1535,205,1,2
1535,206,1,2
1535,207,1,2
1535,208,1,2
1535,209,1,2
1535,210,1,2
1535,211,1,2
1535,212,1,2
1535,213,1,2
1535,214,1,2
1535,215,1,2
1535,216,1,2
1535,217,1,2
1535,218,1,2
1535,219,1,2
1535,220,1,2
1535,221,1,2
1535,222,1,2
1535,223,1,2
1535,224,1,2
1535,225,1,2
1535,226,1,2
1535,227,1,2
1535,228,1,2
1535,229,1,2
1535,230,1,2
1535,231,1,2
1535,232,1,2
1535,233,1,2
1535,234,1,2
1535,235,1,2
1535,236,1,2
1535,237,1,2
1535,238,1,2
1535,239,1,2
1535,240,1,2
1535,241,1,2
1535,242,1,2
1535,243,1,2
1535,244,1,2
1535,245,1,2
1535,246,1,2
1535,247,1,2
1535,248,1,2
1535,249,1,2
1535,250,1,2
1535,251,1,2
1535,252,1,2
1535,253,1,2
1535,254,1,2
1535,255,1,2
1535,256,1,2
1535,257,1,2
1535,258,1,2
1535,259,1,2
1535,260,1,2
1535,261,1,2
1535,262,1,2
1535,263,1,2
1535,264,1,2
1535,265,1,2
1535,266,1,2
1535,267,1,2
1535,268,1,2
1535,269,1,2
1535,270,1,2
1535,271,1,2
1535,272,1,2
1535,273,1,2
1535,274,1,2
1535,275,1,2
1535,276,1,2
1535,277,1,2
1535,278,1,2
1535,279,1,2
1535,280,1,2
1535,281,1,2
1535,282,1,2
1535,283,1,2
1535,284,1,2
1535,285,1,2
1535,286,1,2
1535,287,1,2
1535,288,1,2
1535,289,1,2
1535,290,1,2
1535,291,1,2
1535,292,1,2
1535,293,1,2
1535,294,1,2
1535,295,1,2
1535,296,1,2
1535,297,1,2
1535,298,1,2
1535,299,1,2
1535,300,1,2
1535,301,1,2
1535,302,1,2
1535,303,1,2
1535,304,1,2
1535,305,1,2
1535,306,1,2
1535,307,1,2
1535,308,1,2
1535,309,1,2
1535,310,1,2
1535,311,1,2
1535,312,1,2
1535,313,1,2
1535,314,1,2
1535,315,1,2
1535,316,1,2
1535,317,1,2
1535,318,1,2
1535,319,1,2
1535,320,1,2
1535,321,1,2
1535,322,1,2
1535,323,1,2
1535,324,1,2
1535,325,1,2
1535,326,1,2
1535,327,1,2
1535,328,1,2
1535,329,1,2
1535,330,1,2
1535,331,1,2
1535,332,1,2
1535,333,1,2
1535,334,1,2
1535,335,1,2
1535,336,1,2
1535,337,1,2
1535,338,1,2
1535,339,1,2
1535,340,1,2
1535,341,1,2
1535,342,1,2
1535,343,1,2
1535,344,1,2
1535,345,1,2
1535,346,1,2
1535,347,1,2
1535,348,1,2
1535,349,1,2
1535,350,1,2
1535,351,1,2
1535,352,1,2
1535,353,1,2
1535,354,1,2
1535,355,1,2
1535,356,1,2
1535,357,1,2
1535,358,1,2
1535,359,1,2
1535,360,1,2
1535,361,1,2
1535,362,1,2
1535,363,1,2
1535,364,1,2
1535,365,1,2
1535,366,1,2
1535,367,1,2
1535,368,1,2
1535,369,1,2
1535,370,1,2
1535,371,1,2
1535,372,1,2
1535,373,1,2
1535,374,1,2
1535,375,1,2
1535,376,1,2
1535,377,1,2
1535,378,1,2
1535,379,1,2
1535,380,1,2
1535,381,1,2
1535,382,1,2
1535,383,1,2
1535,384,1,2
1535,385,1,2
1535,386,1,2
1535,387,1,2
1535,388,1,2
1535,389,1,2
1535,390,1,2
1535,391,1,2
1535,392,1,2
1535,393,1,2
1535,394,1,2
1535,395,1,2
1535,396,1,2
1535,397,1,2
1535,398,1,2
1535,399,1,2
1535,400,1,2
1535,401,1,2
1535,402,1,2
1535,403,1,2
1535,404,1,2
1535,405,1,2
1535,406,1,2
1535,407,1,2
1535,408,1,2
1535,409,1,2
1535,410,1,2
1535,411,1,2
1535,412,1,2
1535,413,1,2
1535,414,1,2
1535,415,1,2
1535,416,1,2
1535,417,1,2
1535,418,1,2
1535,419,1,2
1535,420,1,2
1535,421,1,2
1535,422,1,2
1535,423,1,2
1535,424,1,2
1535,425,1,2
1535,426,1,2
1535,427,1,2
1535,428,1,2
1535,429,1,2
1535,430,1,2
1535,431,1,2
1535,432,1,2
1535,433,1,2
1535,434,1,2
1535,435,1,2
1535,436,1,2
1535,437,1,2
1535,438,1,2
1535,439,1,2
1535,440,1,2
1535,441,1,2
1535,442,1,2
1535,443,1,2
1535,444,1,2
1535,445,1,2
1535,446,1,2
1535,447,1,2
1535,448,1,2
1535,449,1,2
1535,450,1,2
1535,451,1,2
1535,452,1,2
1535,453,1,2
1535,454,1,2
1535,455,1,2
1535,456,1,2
1535,457,1,2
1535,458,1,2
1535,459,1,2
1535,460,1,2
1535,461,1,2
1535,462,1,2
1535,463,1,2
1535,464,1,2
1535,465,1,2
1535,466,1,2
1535,467,1,2
1535,468,1,2
1535,469,1,3
1536,99,1,3
1536,100,1,3
1536,101,1,3
1536,102,1,3
1536,103,1,3
1536,104,1,3
1536,105,1,3
1536,106,1,3
1536,107,1,3
1536,108,1,3
1536,109,1,3
1536,110,1,3
1536,111,1,3
1536,112,1,3
1536,113,1,3
1536,114,1,3
1536,115,1,3
1536,116,1,3
1536,117,1,3
1536,118,1,3
1536,119,1,3
1536,120,1,3
1536,121,1,3
1536,122,1,3
1536,123,1,3
1536,124,1,3
1536,125,1,3
1536,126,1,3
1536,127,1,3
1536,128,1,3
1536,129,1,3
1536,130,1,3
1536,131,1,3
1536,132,1,3
1536,133,1,3
1536,134,1,3
1536,135,1,3
1536,136,1,3
1536,137,1,3
1536,138,1,3
1536,139,1,3
1536,140,1,3
1536,141,1,3
1536,142,1,2
1536,143,1,2
1536,144,1,2
1536,145,1,2
1536,146,1,2
1536,147,1,2
1536,148,1,2
1536,149,1,2
1536,150,1,2
1536,151,1,2
1536,152,1,2
1536,153,1,2
1536,154,1,2
1536,155,1,2
1536,156,1,2
1536,157,1,2
1536,158,1,2
1536,159,1,2
1536,160,1,2
1536,161,1,2
1536,162,1,2
1536,163,1,2
1536,164,1,2
1536,165,1,2
1536,166,1,2
1536,167,1,2
1536,168,1,2
1536,169,1,2
1536,170,1,2
1536,171,1,2
1536,172,1,2
1536,173,1,2
1536,174,1,2
1536,175,1,2
1536,176,1,2
1536,177,1,2
1536,178,1,2
1536,179,1,2
1536,180,1,2
1536,181,1,2
1536,182,1,2
1536,183,1,2
1536,184,1,2
1536,185,1,2
1536,186,1,2
1536,187,1,2
1536,188,1,2
1536,189,1,2
1536,190,1,2
1536,191,1,2
1536,192,1,2
1536,193,1,2
1536,194,1,2
1536,195,1,2
1536,196,1,2
1536,197,1,2
1536,198,1,2
1536,199,1,2
1536,200,1,2
1536,201,1,2
1536,202,1,2
1536,203,1,2
1536,204,1,2
1536,205,1,2
1536,206,1,2
1536,207,1,2
1536,208,1,2
1536,209,1,2
1536,210,1,2
1536,211,1,2
1536,212,1,2
1536,213,1,2
1536,214,1,2
1536,215,1,2
1536,216,1,2
1536,217,1,2
1536,218,1,2
1536,219,1,2
1536,220,1,2
1536,221,1,2
1536,222,1,2
1536,223,1,2
1536,224,1,2
1536,225,1,2
1536,226,1,2
1536,227,1,2
1536,228,1,2
1536,229,1,2
1536,230,1,2
1536,231,1,2
1536,232,1,2
1536,233,1,2
1536,234,1,2
1536,235,1,2
1536,236,1,2
1536,237,1,2
1536,238,1,2
1536,239,1,2
1536,240,1,2
1536,241,1,2
1536,242,1,2
1536,243,1,2
1536,244,1,2
1536,245,1,2
1536,246,1,2
1536,247,1,2
1536,248,1,2
1536,249,1,2
1536,250,1,2
1536,251,1,2
1536,252,1,2
1536,253,1,2
1536,254,1,2
1536,255,1,2
1536,256,1,2
1536,257,1,2
1536,258,1,2
1536,259,1,2
1536,260,1,2
1536,261,1,2
1536,262,1,2
1536,263,1,2
1536,264,1,2
1536,265,1,2
1536,266,1,2
1536,267,1,2
1536,268,1,2
1536,269,1,2
1536,270,1,2
1536,271,1,2
1536,272,1,2
1536,273,1,2
1536,274,1,2
1536,275,1,2
1536,276,1,2
1536,277,1,2
1536,278,1,2
1536,279,1,2
1536,280,1,2
1536,281,1,2
1536,282,1,2
1536,283,1,2
1536,284,1,2
1536,285,1,2
1536,286,1,2
1536,287,1,2
1536,288,1,2
1536,289,1,2
1536,290,1,2
1536,291,1,2
1536,292,1,2
1536,293,1,2
1536,294,1,2
1536,295,1,2
1536,296,1,2
1536,297,1,2
1536,298,1,2
1536,299,1,2
1536,300,1,2
1536,301,1,2
1536,302,1,2
1536,303,1,2
1536,304,1,2
1536,305,1,2
1536,306,1,2
1536,307,1,2
1536,308,1,2
1536,309,1,2
1536,310,1,2
1536,311,1,2
1536,312,1,2
1536,313,1,2
1536,314,1,2
1536,315,1,2
1536,316,1,2
1536,317,1,2
1536,318,1,2
1536,319,1,2
1536,320,1,2
1536,321,1,2
1536,322,1,2
1536,323,1,2
1536,324,1,2
1536,325,1,2
1536,326,1,2
1536,327,1,2
1536,328,1,2
1536,329,1,2
1536,330,1,2
1536,331,1,2
1536,332,1,2
1536,333,1,2
1536,334,1,2
1536,335,1,2
1536,336,1,2
1536,337,1,2
1536,338,1,2
1536,339,1,2
1536,340,1,2
1536,341,1,2
1536,342,1,2
1536,343,1,2
1536,344,1,2
1536,345,1,2
1536,346,1,2
1536,347,1,2
1536,348,1,2
1536,349,1,2
1536,350,1,2
1536,351,1,2
1536,352,1,2
1536,353,1,2
1536,354,1,2
1536,355,1,2
1536,356,1,2
1536,357,1,2
1536,358,1,2
1536,359,1,2
1536,360,1,2
1536,361,1,2
1536,362,1,2
1536,363,1,2
1536,364,1,2
1536,365,1,2
1536,366,1,2
1536,367,1,2
1536,368,1,2
1536,369,1,2
1536,370,1,2
1536,371,1,2
1536,372,1,2
1536,373,1,2
1536,374,1,2
1536,375,1,2
1536,376,1,2
1536,377,1,2
1536,378,1,2
1536,379,1,2
1536,380,1,2
1536,381,1,2
1536,382,1,2
1536,383,1,2
1536,384,1,2
1536,385,1,2
1536,386,1,2
1536,387,1,2
1536,388,1,2
1536,389,1,2
1536,390,1,2
1536,391,1,2
1536,392,1,2
1536,393,1,2
1536,394,1,2
1536,395,1,2
1536,396,1,2
1536,397,1,2
1536,398,1,2
1536,399,1,2
1536,400,1,2
1536,401,1,2
1536,402,1,2
1536,403,1,2
1536,404,1,2
1536,405,1,2
1536,406,1,2
1536,407,1,2
1536,408,1,2
1536,409,1,2
1536,410,1,2
1536,411,1,2
1536,412,1,2
1536,413,1,2
1536,414,1,2
1536,415,1,2
1536,416,1,2
1536,417,1,2
1536,418,1,2
1536,419,1,2
1536,420,1,2
1536,421,1,2
1536,422,1,2
1536,423,1,2
1536,424,1,2
1536,425,1,2
1536,426,1,2
1536,427,1,2
1536,428,1,2
1536,429,1,2
1536,430,1,2
1536,431,1,2
1536,432,1,2
1536,433,1,2
1536,434,1,2
1536,435,1,2
1536,436,1,2
1536,437,1,2
1536,438,1,2
1536,439,1,2
1536,440,1,2
1536,441,1,2
1536,442,1,2
1536,443,1,2
1536,444,1,2
1536,445,1,2
1536,446,1,2
1536,447,1,2
1536,448,1,2
1536,449,1,2
1536,450,1,2
1536,451,1,2
1536,452,1,2
1536,453,1,2
1536,454,1,2
1536,455,1,2
1536,456,1,2
1536,457,1,2
1536,458,1,2
1536,459,1,2
1536,460,1,2
1536,461,1,2
1536,462,1,2
1536,463,1,2
1536,464,1,2
1536,465,1,2
1536,466,1,2
1536,467,1,2
1536,468,1,2
1536,469,1,3
1537,99,1,3
1537,100,1,3
1537,101,1,3
1537,102,1,3
1537,103,1,3
1537,104,1,3
1537,105,1,3
1537,106,1,3
1537,107,1,3
1537,108,1,3
1537,109,1,3
1537,110,1,3
1537,111,1,3
1537,112,1,3
1537,113,1,3
1537,114,1,3
1537,115,1,3
1537,116,1,3
1537,117,1,3
1537,118,1,3
1537,119,1,3
1537,120,1,3
1537,121,1,3
1537,122,1,3
1537,123,1,3
1537,124,1,3
1537,125,1,3
1537,126,1,3
1537,127,1,3
1537,128,1,3
1537,129,1,3
1537,130,1,3
1537,131,1,3
1537,132,1,3
1537,133,1,3
1537,134,1,3
1537,135,1,3
1537,136,1,3
1537,137,1,3
1537,138,1,3
1537,139,1,3
1537,140,1,3
1537,141,1,3
1537,142,1,3
1537,143,1,2
1537,144,1,2
1537,145,1,2
1537,146,1,2
1537,147,1,2
1537,148,1,2
1537,149,1,2
1537,150,1,2
1537,151,1,2
1537,152,1,2
1537,153,1,2
1537,154,1,2
1537,155,1,2
1537,156,1,2
1537,157,1,2
1537,158,1,2
1537,159,1,2
1537,160,1,2
1537,161,1,2
1537,162,1,2
1537,163,1,2
1537,164,1,2
1537,165,1,2
1537,166,1,2
1537,167,1,2
1537,168,1,2
1537,169,1,2
1537,170,1,2
1537,171,1,2
1537,172,1,2
1537,173,1,2
1537,174,1,2
1537,175,1,2
1537,176,1,2
1537,177,1,2
1537,178,1,2
1537,179,1,2
1537,180,1,2
1537,181,1,2
1537,182,1,2
1537,183,1,2
1537,184,1,2
1537,185,1,2
1537,186,1,2
1537,187,1,2
1537,188,1,2
1537,189,1,2
1537,190,1,2
1537,191,1,2
1537,192,1,2
1537,193,1,2
1537,194,1,2
1537,195,1,2
1537,196,1,2
1537,197,1,2
1537,198,1,2
1537,199,1,2
1537,200,1,2
1537,201,1,2
1537,202,1,2
1537,203,1,2
1537,204,1,2
1537,205,1,2
1537,206,1,2
1537,207,1,2
1537,208,1,2
1537,209,1,2
1537,210,1,2
1537,211,1,2
1537,212,1,2
1537,213,1,2
1537,214,1,2
1537,215,1,2
1537,216,1,2
1537,217,1,2
1537,218,1,2
1537,219,1,2
1537,220,1,2
1537,221,1,2
1537,222,1,2
1537,223,1,2
1537,224,1,2
1537,225,1,2
1537,226,1,2
1537,227,1,2
1537,228,1,2
1537,229,1,2
1537,230,1,2
1537,231,1,2
1537,232,1,2
1537,233,1,2
1537,234,1,2
1537,235,1,2
1537,236,1,2
1537,237,1,2
1537,238,1,2
1537,239,1,2
1537,240,1,2
1537,241,1,2
1537,242,1,2
1537,243,1,2
1537,244,1,2
1537,245,1,2
1537,246,1,2
1537,247,1,2
1537,248,1,2
1537,249,1,2
1537,250,1,2
1537,251,1,2
1537,252,1,2
1537,253,1,2
1537,254,1,2
1537,255,1,2
1537,256,1,2
1537,257,1,2
1537,258,1,2
1537,259,1,2
1537,260,1,2
1537,261,1,2
1537,262,1,2
1537,263,1,2
1537,264,1,2
1537,265,1,2
1537,266,1,2
1537,267,1,2
1537,268,1,2
1537,269,1,2
1537,270,1,2
1537,271,1,2
1537,272,1,2
1537,273,1,2
1537,274,1,2
1537,275,1,2
1537,276,1,2
1537,277,1,2
1537,278,1,2
1537,279,1,2
1537,280,1,2
1537,281,1,2
1537,282,1,2
1537,283,1,2
1537,284,1,2
1537,285,1,2
1537,286,1,2
1537,287,1,2
1537,288,1,2
1537,289,1,2
1537,290,1,2
1537,291,1,2
1537,292,1,2
1537,293,1,2
1537,294,1,2
1537,295,1,2
1537,296,1,2
1537,297,1,2
1537,298,1,2
1537,299,1,2
1537,300,1,2
1537,301,1,2
1537,302,1,2
1537,303,1,2
1537,304,1,2
1537,305,1,2
1537,306,1,2
1537,307,1,2
1537,308,1,2
1537,309,1,2
1537,310,1,2
1537,311,1,2
1537,312,1,2
1537,313,1,2
1537,314,1,2
1537,315,1,2
1537,316,1,2
1537,317,1,2
1537,318,1,2
1537,319,1,2
1537,320,1,2
1537,321,1,2
1537,322,1,2
1537,323,1,2
1537,324,1,2
1537,325,1,2
1537,326,1,2
1537,327,1,2
1537,328,1,2
1537,329,1,2
1537,330,1,2
1537,331,1,2
1537,332,1,2
1537,333,1,2
1537,334,1,2
1537,335,1,2
1537,336,1,2
1537,337,1,2
1537,338,1,2
1537,339,1,2
1537,340,1,2
1537,341,1,2
1537,342,1,2
1537,343,1,2
1537,344,1,2
1537,345,1,2
1537,346,1,2
1537,347,1,2
1537,348,1,2
1537,349,1,2
1537,350,1,2
1537,351,1,2
1537,352,1,2
1537,353,1,2
1537,354,1,2
1537,355,1,2
1537,356,1,2
1537,357,1,2
1537,358,1,2
1537,359,1,2
1537,360,1,2
1537,361,1,2
1537,362,1,2
1537,363,1,2
1537,364,1,2
1537,365,1,2
1537,366,1,2
1537,367,1,2
1537,368,1,2
1537,369,1,2
1537,370,1,2
1537,371,1,2
1537,372,1,2
1537,373,1,2
1537,374,1,2
1537,375,1,2
1537,376,1,2
1537,377,1,2
1537,378,1,2
1537,379,1,2
1537,380,1,2
1537,381,1,2
1537,382,1,2
1537,383,1,2
1537,384,1,2
1537,385,1,2
1537,386,1,2
1537,387,1,2
1537,388,1,2
1537,389,1,2
1537,390,1,2
1537,391,1,2
1537,392,1,2
1537,393,1,2
1537,394,1,2
1537,395,1,2
1537,396,1,2
1537,397,1,2
1537,398,1,2
1537,399,1,2
1537,400,1,2
1537,401,1,2
1537,402,1,2
1537,403,1,2
1537,404,1,2
1537,405,1,2
1537,406,1,2
1537,407,1,2
1537,408,1,2
1537,409,1,2
1537,410,1,2
1537,411,1,2
1537,412,1,2
1537,413,1,2
1537,414,1,2
1537,415,1,2
1537,416,1,2
1537,417,1,2
1537,418,1,2
1537,419,1,2
1537,420,1,2
1537,421,1,2
1537,422,1,2
1537,423,1,2
1537,424,1,2
1537,425,1,2
1537,426,1,2
1537,427,1,2
1537,428,1,2
1537,429,1,2
1537,430,1,2
1537,431,1,2
1537,432,1,2
1537,433,1,2
1537,434,1,2
1537,435,1,2
1537,436,1,2
1537,437,1,2
1537,438,1,2
1537,439,1,2
1537,440,1,2
1537,441,1,2
1537,442,1,2
1537,443,1,2
1537,444,1,2
1537,445,1,2
1537,446,1,2
1537,447,1,2
1537,448,1,2
1537,449,1,2
1537,450,1,2
1537,451,1,2
1537,452,1,2
1537,453,1,2
1537,454,1,2
1537,455,1,2
1537,456,1,2
1537,457,1,2
1537,458,1,2
1537,459,1,2
1537,460,1,2
1537,461,1,2
1537,462,1,2
1537,463,1,2
1537,464,1,2
1537,465,1,2
1537,466,1,2
1537,467,1,2
1537,468,1,2
1537,469,1,3
1538,99,1,3
1538,100,1,3
1538,101,1,3
1538,102,1,3
1538,103,1,3
1538,104,1,3
1538,105,1,3
1538,106,1,3
1538,107,1,3
1538,108,1,3
1538,109,1,3
1538,110,1,3
1538,111,1,3
1538,112,1,3
1538,113,1,3
1538,114,1,3
1538,115,1,3
1538,116,1,3
1538,117,1,3
1538,118,1,3
1538,119,1,3
1538,120,1,3
1538,121,1,3
1538,122,1,3
1538,123,1,3
1538,124,1,3
1538,125,1,3
1538,126,1,3
1538,127,1,3
1538,128,1,3
1538,129,1,3
1538,130,1,3
1538,131,1,3
1538,132,1,3
1538,133,1,3
1538,134,1,3
1538,135,1,3
1538,136,1,3
1538,137,1,3
1538,138,1,3
1538,139,1,3
1538,140,1,3
1538,141,1,3
1538,142,1,3
1538,143,1,2
1538,144,1,2
1538,145,1,2
1538,146,1,2
1538,147,1,2
1538,148,1,2
1538,149,1,2
1538,150,1,2
1538,151,1,2
1538,152,1,2
1538,153,1,2
1538,154,1,2
1538,155,1,2
1538,156,1,2
1538,157,1,2
1538,158,1,2
1538,159,1,2
1538,160,1,2
1538,161,1,2
1538,162,1,2
1538,163,1,2
1538,164,1,2
1538,165,1,2
1538,166,1,2
1538,167,1,2
1538,168,1,2
1538,169,1,2
1538,170,1,2
1538,171,1,2
1538,172,1,2
1538,173,1,2
1538,174,1,2
1538,175,1,2
1538,176,1,2
1538,177,1,2
1538,178,1,2
1538,179,1,2
1538,180,1,2
1538,181,1,2
1538,182,1,2
1538,183,1,2
1538,184,1,2
1538,185,1,2
1538,186,1,2
1538,187,1,2
1538,188,1,2
1538,189,1,2
1538,190,1,2
1538,191,1,2
1538,192,1,2
1538,193,1,2
1538,194,1,2
1538,195,1,2
1538,196,1,2
1538,197,1,2
1538,198,1,2
1538,199,1,2
1538,200,1,2
1538,201,1,2
1538,202,1,2
1538,203,1,2
1538,204,1,2
1538,205,1,2
1538,206,1,2
1538,207,1,2
1538,208,1,2
1538,209,1,2
1538,210,1,2
1538,211,1,2
1538,212,1,2
1538,213,1,2
1538,214,1,2
1538,215,1,2
1538,216,1,2
1538,217,1,2
1538,218,1,2
1538,219,1,2
1538,220,1,2
1538,221,1,2
1538,222,1,2
1538,223,1,2
1538,224,1,2
1538,225,1,2
1538,226,1,2
1538,227,1,2
1538,228,1,2
1538,229,1,2
1538,230,1,2
1538,231,1,2
1538,232,1,2
1538,233,1,2
1538,234,1,2
1538,235,1,2
1538,236,1,2
1538,237,1,2
1538,238,1,2
1538,239,1,2
1538,240,1,2
1538,241,1,2
1538,242,1,2
1538,243,1,2
1538,244,1,2
1538,245,1,2
1538,246,1,2
1538,247,1,2
1538,248,1,2
1538,249,1,2
1538,250,1,2
1538,251,1,2
1538,252,1,2
1538,253,1,2
1538,254,1,2
1538,255,1,2
1538,256,1,2
1538,257,1,2
1538,258,1,2
1538,259,1,2
1538,260,1,2
1538,261,1,2
1538,262,1,2
1538,263,1,2
1538,264,1,2
1538,265,1,2
1538,266,1,2
1538,267,1,2
1538,268,1,2
1538,269,1,2
1538,270,1,2
1538,271,1,2
1538,272,1,2
1538,273,1,2
1538,274,1,2
1538,275,1,2
1538,276,1,2
1538,277,1,2
1538,278,1,2
1538,279,1,2
1538,280,1,2
1538,281,1,2
1538,282,1,2
1538,283,1,2
1538,284,1,2
1538,285,1,2
1538,286,1,2
1538,287,1,2
1538,288,1,2
1538,289,1,2
1538,290,1,2
1538,291,1,2
1538,292,1,2
1538,293,1,2
1538,294,1,2
1538,295,1,2
1538,296,1,2
1538,297,1,2
1538,298,1,2
1538,299,1,2
1538,300,1,2
1538,301,1,2
1538,302,1,2
1538,303,1,2
1538,304,1,2
1538,305,1,2
1538,306,1,2
1538,307,1,2
1538,308,1,2
1538,309,1,2
1538,310,1,2
1538,311,1,2
1538,312,1,2
1538,313,1,2
1538,314,1,2
1538,315,1,2
1538,316,1,2
1538,317,1,2
1538,318,1,2
1538,319,1,2
1538,320,1,2
1538,321,1,2
1538,322,1,2
1538,323,1,2
1538,324,1,2
1538,325,1,2
1538,326,1,2
1538,327,1,2
1538,328,1,2
1538,329,1,2
1538,330,1,2
1538,331,1,2
1538,332,1,2
1538,333,1,2
1538,334,1,2
1538,335,1,2
1538,336,1,2
1538,337,1,2
1538,338,1,2
1538,339,1,2
1538,340,1,2
1538,341,1,2
1538,342,1,2
1538,343,1,2
1538,344,1,2
1538,345,1,2
1538,346,1,2
1538,347,1,2
1538,348,1,2
1538,349,1,2
1538,350,1,2
1538,351,1,2
1538,352,1,2
1538,353,1,2
1538,354,1,2
1538,355,1,2
1538,356,1,2
1538,357,1,2
1538,358,1,2
1538,359,1,2
1538,360,1,2
1538,361,1,2
1538,362,1,2
1538,363,1,2
1538,364,1,2
1538,365,1,2
1538,366,1,2
1538,367,1,2
1538,368,1,2
1538,369,1,2
1538,370,1,2
1538,371,1,2
1538,372,1,2
1538,373,1,2
1538,374,1,2
1538,375,1,2
1538,376,1,2
1538,377,1,2
1538,378,1,2
1538,379,1,2
1538,380,1,2
1538,381,1,2
1538,382,1,2
1538,383,1,2
1538,384,1,2
1538,385,1,2
1538,386,1,2
1538,387,1,2
1538,388,1,2
1538,389,1,2
1538,390,1,2
1538,391,1,2
1538,392,1,2
1538,393,1,2
1538,394,1,2
1538,395,1,2
1538,396,1,2
1538,397,1,2
1538,398,1,2
1538,399,1,2
1538,400,1,2
1538,401,1,2
1538,402,1,2
1538,403,1,2
1538,404,1,2
1538,405,1,2
1538,406,1,2
1538,407,1,2
1538,408,1,2
1538,409,1,2
1538,410,1,2
1538,411,1,2
1538,412,1,2
1538,413,1,2
1538,414,1,2
1538,415,1,2
1538,416,1,2
1538,417,1,2
1538,418,1,2
1538,419,1,2
1538,420,1,2
1538,421,1,2
1538,422,1,2
1538,423,1,2
1538,424,1,2
1538,425,1,2
1538,426,1,2
1538,427,1,2
1538,428,1,2
1538,429,1,2
1538,430,1,2
1538,431,1,2
1538,432,1,2
1538,433,1,2
1538,434,1,2
1538,435,1,2
1538,436,1,2
1538,437,1,2
1538,438,1,2
1538,439,1,2
1538,440,1,2
1538,441,1,2
1538,442,1,2
1538,443,1,2
1538,444,1,2
1538,445,1,2
1538,446,1,2
1538,447,1,2
1538,448,1,2
1538,449,1,2
1538,450,1,2
1538,451,1,2
1538,452,1,2
1538,453,1,2
1538,454,1,2
1538,455,1,2
1538,456,1,2
1538,457,1,2
1538,458,1,2
1538,459,1,2
1538,460,1,2
1538,461,1,2
1538,462,1,2
1538,463,1,2
1538,464,1,2
1538,465,1,2
1538,466,1,2
1538,467,1,2
1538,468,1,2
1538,469,1,2
1539,99,1,3
1539,100,1,2
1539,101,1,2
1539,102,1,3
1539,103,1,3
1539,104,1,3
1539,105,1,3
1539,106,1,3
1539,107,1,3
1539,108,1,3
1539,109,1,3
1539,110,1,3
1539,111,1,3
1539,112,1,3
1539,113,1,3
1539,114,1,3
1539,115,1,3
1539,116,1,3
1539,117,1,3
1539,118,1,3
1539,119,1,3
1539,120,1,3
1539,121,1,3
1539,122,1,3
1539,123,1,3
1539,124,1,3
1539,125,1,3
1539,126,1,3
1539,127,1,3
1539,128,1,3
1539,129,1,3
1539,130,1,3
1539,131,1,3
1539,132,1,3
1539,133,1,3
1539,134,1,3
1539,135,1,3
1539,136,1,3
1539,137,1,3
1539,138,1,3
1539,139,1,3
1539,140,1,3
1539,141,1,3
1539,142,1,3
1539,143,1,2
1539,144,1,2
1539,145,1,2
1539,146,1,2
1539,147,1,2
1539,148,1,2
1539,149,1,2
1539,150,1,2
1539,151,1,2
1539,152,1,2
1539,153,1,2
1539,154,1,2
1539,155,1,2
1539,156,1,2
1539,157,1,2
1539,158,1,2
1539,159,1,2
1539,160,1,2
1539,161,1,2
1539,162,1,2
1539,163,1,2
1539,164,1,2
1539,165,1,2
1539,166,1,2
1539,167,1,2
1539,168,1,2
1539,169,1,2
1539,170,1,2
1539,171,1,2
1539,172,1,2
1539,173,1,2
1539,174,1,2
1539,175,1,2
1539,176,1,2
1539,177,1,2
1539,178,1,2
1539,179,1,2
1539,180,1,2
1539,181,1,2
1539,182,1,2
1539,183,1,2
1539,184,1,2
1539,185,1,2
1539,186,1,2
1539,187,1,2
1539,188,1,2
1539,189,1,2
1539,190,1,2
1539,191,1,2
1539,192,1,2
1539,193,1,2
1539,194,1,2
1539,195,1,2
1539,196,1,2
1539,197,1,2
1539,198,1,2
1539,199,1,2
1539,200,1,2
1539,201,1,2
1539,202,1,2
1539,203,1,2
1539,204,1,2
1539,205,1,2
1539,206,1,2
1539,207,1,2
1539,208,1,2
1539,209,1,2
1539,210,1,2
1539,211,1,2
1539,212,1,2
1539,213,1,2
1539,214,1,2
1539,215,1,2
1539,216,1,2
1539,217,1,2
1539,218,1,2
1539,219,1,2
1539,220,1,2
1539,221,1,2
1539,222,1,2
1539,223,1,2
1539,224,1,2
1539,225,1,2
1539,226,1,2
1539,227,1,2
1539,228,1,2
1539,229,1,2
1539,230,1,2
1539,231,1,2
1539,232,1,2
1539,233,1,2
1539,234,1,2
1539,235,1,2
1539,236,1,2
1539,237,1,2
1539,238,1,2
1539,239,1,2
1539,240,1,2
1539,241,1,2
1539,242,1,2
1539,243,1,2
1539,244,1,2
1539,245,1,2
1539,246,1,2
1539,247,1,2
1539,248,1,2
1539,249,1,2
1539,250,1,2
1539,251,1,2
1539,252,1,2
1539,253,1,2
1539,254,1,2
1539,255,1,2
1539,256,1,2
1539,257,1,2
1539,258,1,2
1539,259,1,2
1539,260,1,2
1539,261,1,2
1539,262,1,2
1539,263,1,2
1539,264,1,2
1539,265,1,2
1539,266,1,2
1539,267,1,2
1539,268,1,2
1539,269,1,2
1539,270,1,2
1539,271,1,2
1539,272,1,2
1539,273,1,2
1539,274,1,2
1539,275,1,2
1539,276,1,2
1539,277,1,2
1539,278,1,2
1539,279,1,2
1539,280,1,2
1539,281,1,2
1539,282,1,2
1539,283,1,2
1539,284,1,2
1539,285,1,2
1539,286,1,2
1539,287,1,2
1539,288,1,2
1539,289,1,2
1539,290,1,2
1539,291,1,2
1539,292,1,2
1539,293,1,2
1539,294,1,2
1539,295,1,2
1539,296,1,2
1539,297,1,2
1539,298,1,2
1539,299,1,2
1539,300,1,2
1539,301,1,2
1539,302,1,2
1539,303,1,2
1539,304,1,2
1539,305,1,2
1539,306,1,2
1539,307,1,2
1539,308,1,2
1539,309,1,2
1539,310,1,2
1539,311,1,2
1539,312,1,2
1539,313,1,2
1539,314,1,2
1539,315,1,2
1539,316,1,2
1539,317,1,2
1539,318,1,2
1539,319,1,2
1539,320,1,2
1539,321,1,2
1539,322,1,2
1539,323,1,2
1539,324,1,2
1539,325,1,2
1539,326,1,2
1539,327,1,2
1539,328,1,2
1539,329,1,2
1539,330,1,2
1539,331,1,2
1539,332,1,2
1539,333,1,2
1539,334,1,2
1539,335,1,2
1539,336,1,2
1539,337,1,2
1539,338,1,2
1539,339,1,2
1539,340,1,2
1539,341,1,2
1539,342,1,2
1539,343,1,2
1539,344,1,2
1539,345,1,2
1539,346,1,2
1539,347,1,2
1539,348,1,2
1539,349,1,2
1539,350,1,2
1539,351,1,2
1539,352,1,2
1539,353,1,2
1539,354,1,2
1539,355,1,2
1539,356,1,2
1539,357,1,2
1539,358,1,2
1539,359,1,2
1539,360,1,2
1539,361,1,2
1539,362,1,2
1539,363,1,2
1539,364,1,2
1539,365,1,2
1539,366,1,2
1539,367,1,2
1539,368,1,2
1539,369,1,2
1539,370,1,2
1539,371,1,2
1539,372,1,2
1539,373,1,2
1539,374,1,2
1539,375,1,2
1539,376,1,2
1539,377,1,2
1539,378,1,2
1539,379,1,2
1539,380,1,2
1539,381,1,2
1539,382,1,2
1539,383,1,2
1539,384,1,2
1539,385,1,2
1539,386,1,2
1539,387,1,2
1539,388,1,2
1539,389,1,2
1539,390,1,2
1539,391,1,2
1539,392,1,2
1539,393,1,2
1539,394,1,2
1539,395,1,2
1539,396,1,2
1539,397,1,2
1539,398,1,2
1539,399,1,2
1539,400,1,2
1539,401,1,2
1539,402,1,2
1539,403,1,2
1539,404,1,2
1539,405,1,2
1539,406,1,2
1539,407,1,2
1539,408,1,2
1539,409,1,2
1539,410,1,2
1539,411,1,2
1539,412,1,2
1539,413,1,2
1539,414,1,2
1539,415,1,2
1539,416,1,2
1539,417,1,2
1539,418,1,2
1539,419,1,2
1539,420,1,2
1539,421,1,2
1539,422,1,2
1539,423,1,2
1539,424,1,2
1539,425,1,2
1539,426,1,2
1539,427,1,2
1539,428,1,2
1539,429,1,2
1539,430,1,2
1539,431,1,2
1539,432,1,2
1539,433,1,2
1539,434,1,2
1539,435,1,2
1539,436,1,2
1539,437,1,2
1539,438,1,2
1539,439,1,2
1539,440,1,2
1539,441,1,2
1539,442,1,2
1539,443,1,2
1539,444,1,2
1539,445,1,2
1539,446,1,2
1539,447,1,2
1539,448,1,2
1539,449,1,2
1539,450,1,2
1539,451,1,2
1539,452,1,2
1539,453,1,2
1539,454,1,2
1539,455,1,2
1539,456,1,2
1539,457,1,2
1539,458,1,2
1539,459,1,2
1539,460,1,2
1539,461,1,2
1539,462,1,2
1539,463,1,2
1539,464,1,2
1539,465,1,2
1539,466,1,2
1539,467,1,2
1539,468,1,2
1539,469,1,3
1540,99,1,3
1540,100,1,3
1540,101,1,3
1540,102,1,3
1540,103,1,3
1540,104,1,3
1540,105,1,3
1540,106,1,3
1540,107,1,3
1540,108,1,3
1540,109,1,3
1540,110,1,3
1540,111,1,3
1540,112,1,3
1540,113,1,3
1540,114,1,3
1540,115,1,3
1540,116,1,3
1540,117,1,3
1540,118,1,3
1540,119,1,3
1540,120,1,3
1540,121,1,3
1540,122,1,3
1540,123,1,3
1540,124,1,3
1540,125,1,3
1540,126,1,3
1540,127,1,3
1540,128,1,3
1540,129,1,3
1540,130,1,3
1540,131,1,3
1540,132,1,3
1540,133,1,3
1540,134,1,3
1540,135,1,3
1540,136,1,3
1540,137,1,3
1540,138,1,3
1540,139,1,3
1540,140,1,3
1540,141,1,3
1540,142,1,3
1540,143,1,2
1540,144,1,2
1540,145,1,2
1540,146,1,2
1540,147,1,2
1540,148,1,2
1540,149,1,2
1540,150,1,2
1540,151,1,2
1540,152,1,2
1540,153,1,2
1540,154,1,2
1540,155,1,2
1540,156,1,2
1540,157,1,2
1540,158,1,2
1540,159,1,2
1540,160,1,2
1540,161,1,2
1540,162,1,2
1540,163,1,2
1540,164,1,2
1540,165,1,2
1540,166,1,2
1540,167,1,2
1540,168,1,2
1540,169,1,2
1540,170,1,2
1540,171,1,2
1540,172,1,2
1540,173,1,2
1540,174,1,2
1540,175,1,2
1540,176,1,2
1540,177,1,2
1540,178,1,2
1540,179,1,2
1540,180,1,2
1540,181,1,2
1540,182,1,2
1540,183,1,2
1540,184,1,2
1540,185,1,2
1540,186,1,2
1540,187,1,2
1540,188,1,2
1540,189,1,2
1540,190,1,2
1540,191,1,2
1540,192,1,2
1540,193,1,2
1540,194,1,2
1540,195,1,2
1540,196,1,2
1540,197,1,2
1540,198,1,2
1540,199,1,2
1540,200,1,2
1540,201,1,2
1540,202,1,2
1540,203,1,2
1540,204,1,2
1540,205,1,2
1540,206,1,2
1540,207,1,2
1540,208,1,2
1540,209,1,2
1540,210,1,2
1540,211,1,2
1540,212,1,2
1540,213,1,2
1540,214,1,2
1540,215,1,2
1540,216,1,2
1540,217,1,2
1540,218,1,2
1540,219,1,2
1540,220,1,2
1540,221,1,2
1540,222,1,2
1540,223,1,2
1540,224,1,2
1540,225,1,2
1540,226,1,2
1540,227,1,2
1540,228,1,2
1540,229,1,2
1540,230,1,2
1540,231,1,2
1540,232,1,2
1540,233,1,2
1540,234,1,2
1540,235,1,2
1540,236,1,2
1540,237,1,2
1540,238,1,2
1540,239,1,2
1540,240,1,2
1540,241,1,2
1540,242,1,2
1540,243,1,2
1540,244,1,2
1540,245,1,2
1540,246,1,2
1540,247,1,2
1540,248,1,2
1540,249,1,2
1540,250,1,2
1540,251,1,2
1540,252,1,2
1540,253,1,2
1540,254,1,2
1540,255,1,2
1540,256,1,2
1540,257,1,2
1540,258,1,2
1540,259,1,2
1540,260,1,2
1540,261,1,2
1540,262,1,2
1540,263,1,2
1540,264,1,2
1540,265,1,2
1540,266,1,2
1540,267,1,2
1540,268,1,2
1540,269,1,2
1540,270,1,2
1540,271,1,2
1540,272,1,2
1540,273,1,2
1540,274,1,2
1540,275,1,2
1540,276,1,2
1540,277,1,2
1540,278,1,2
1540,279,1,2
1540,280,1,2
1540,281,1,2
1540,282,1,2
1540,283,1,2
1540,284,1,2
1540,285,1,2
1540,286,1,2
1540,287,1,2
1540,288,1,2
1540,289,1,2
1540,290,1,2
1540,291,1,2
1540,292,1,2
1540,293,1,2
1540,294,1,2
1540,295,1,2
1540,296,1,2
1540,297,1,2
1540,298,1,2
1540,299,1,2
1540,300,1,2
1540,301,1,2
1540,302,1,2
1540,303,1,2
1540,304,1,2
1540,305,1,2
1540,306,1,2
1540,307,1,2
1540,308,1,2
1540,309,1,2
1540,310,1,2
1540,311,1,2
1540,312,1,2
1540,313,1,2
1540,314,1,2
1540,315,1,2
1540,316,1,2
1540,317,1,2
1540,318,1,2
1540,319,1,2
1540,320,1,2
1540,321,1,2
1540,322,1,2
1540,323,1,2
1540,324,1,2
1540,325,1,2
1540,326,1,2
1540,327,1,2
1540,328,1,2
1540,329,1,2
1540,330,1,2
1540,331,1,2
1540,332,1,2
1540,333,1,2
1540,334,1,2
1540,335,1,2
1540,336,1,2
1540,337,1,2
1540,338,1,2
1540,339,1,2
1540,340,1,2
1540,341,1,2
1540,342,1,2
1540,343,1,2
1540,344,1,2
1540,345,1,2
1540,346,1,2
1540,347,1,2
1540,348,1,2
1540,349,1,2
1540,350,1,2
1540,351,1,2
1540,352,1,2
1540,353,1,2
1540,354,1,2
1540,355,1,2
1540,356,1,2
1540,357,1,2
1540,358,1,2
1540,359,1,2
1540,360,1,2
1540,361,1,2
1540,362,1,2
1540,363,1,2
1540,364,1,2
1540,365,1,2
1540,366,1,2
1540,367,1,2
1540,368,1,2
1540,369,1,2
1540,370,1,2
1540,371,1,2
1540,372,1,2
1540,373,1,2
1540,374,1,2
1540,375,1,2
1540,376,1,2
1540,377,1,2
1540,378,1,2
1540,379,1,2
1540,380,1,2
1540,381,1,2
1540,382,1,2
1540,383,1,2
1540,384,1,2
1540,385,1,2
1540,386,1,2
1540,387,1,2
1540,388,1,2
1540,389,1,2
1540,390,1,2
1540,391,1,2
1540,392,1,2
1540,393,1,2
1540,394,1,2
1540,395,1,2
1540,396,1,2
1540,397,1,2
1540,398,1,2
1540,399,1,2
1540,400,1,2
1540,401,1,2
1540,402,1,2
1540,403,1,2
1540,404,1,2
1540,405,1,2
1540,406,1,2
1540,407,1,2
1540,408,1,2
1540,409,1,2
1540,410,1,2
1540,411,1,2
1540,412,1,2
1540,413,1,2
1540,414,1,2
1540,415,1,2
1540,416,1,2
1540,417,1,2
1540,418,1,2
1540,419,1,2
1540,420,1,2
1540,421,1,2
1540,422,1,2
1540,423,1,2
1540,424,1,2
1540,425,1,2
1540,426,1,2
1540,427,1,2
1540,428,1,2
1540,429,1,2
1540,430,1,2
1540,431,1,2
1540,432,1,2
1540,433,1,2
1540,434,1,2
1540,435,1,2
1540,436,1,2
1540,437,1,2
1540,438,1,2
1540,439,1,2
1540,440,1,2
1540,441,1,2
1540,442,1,2
1540,443,1,2
1540,444,1,2
1540,445,1,2
1540,446,1,2
1540,447,1,2
1540,448,1,2
1540,449,1,2
1540,450,1,2
1540,451,1,2
1540,452,1,2
1540,453,1,2
1540,454,1,2
1540,455,1,2
1540,456,1,2
1540,457,1,2
1540,458,1,2
1540,459,1,2
1540,460,1,2
1540,461,1,2
1540,462,1,2
1540,463,1,2
1540,464,1,2
1540,465,1,2
1540,466,1,2
1540,467,1,2
1540,468,1,2
1540,469,1,3
1541,99,1,3
1541,100,1,2
1541,101,1,2
1541,102,1,3
1541,103,1,3
1541,104,1,3
1541,105,1,3
1541,106,1,3
1541,107,1,3
1541,108,1,3
1541,109,1,3
1541,110,1,3
1541,111,1,3
1541,112,1,3
1541,113,1,3
1541,114,1,3
1541,115,1,3
1541,116,1,3
1541,117,1,3
1541,118,1,3
1541,119,1,3
1541,120,1,3
1541,121,1,3
1541,122,1,3
1541,123,1,3
1541,124,1,3
1541,125,1,3
1541,126,1,3
1541,127,1,3
1541,128,1,3
1541,129,1,3
1541,130,1,3
1541,131,1,3
1541,132,1,3
1541,133,1,3
1541,134,1,3
1541,135,1,3
1541,136,1,3
1541,137,1,3
1541,138,1,3
1541,139,1,3
1541,140,1,3
1541,141,1,3
1541,142,1,3
1541,143,1,2
1541,144,1,2
1541,145,1,2
1541,146,1,2
1541,147,1,2
1541,148,1,2
1541,149,1,2
1541,150,1,2
1541,151,1,2
1541,152,1,2
1541,153,1,2
1541,154,1,2
1541,155,1,2
1541,156,1,2
1541,157,1,2
1541,158,1,2
1541,159,1,2
1541,160,1,2
1541,161,1,2
1541,162,1,2
1541,163,1,2
1541,164,1,2
1541,165,1,2
1541,166,1,2
1541,167,1,2
1541,168,1,2
1541,169,1,2
1541,170,1,2
1541,171,1,2
1541,172,1,2
1541,173,1,2
1541,174,1,2
1541,175,1,2
1541,176,1,2
1541,177,1,2
1541,178,1,2
1541,179,1,2
1541,180,1,2
1541,181,1,2
1541,182,1,2
1541,183,1,2
1541,184,1,2
1541,185,1,2
1541,186,1,2
1541,187,1,2
1541,188,1,2
1541,189,1,2
1541,190,1,2
1541,191,1,2
1541,192,1,2
1541,193,1,2
1541,194,1,2
1541,195,1,2
1541,196,1,2
1541,197,1,2
1541,198,1,2
1541,199,1,2
1541,200,1,2
1541,201,1,2
1541,202,1,2
1541,203,1,2
1541,204,1,2
1541,205,1,2
1541,206,1,2
1541,207,1,2
1541,208,1,2
1541,209,1,2
1541,210,1,2
1541,211,1,2
1541,212,1,2
1541,213,1,2
1541,214,1,2
1541,215,1,2
1541,216,1,2
1541,217,1,2
1541,218,1,2
1541,219,1,2
1541,220,1,2
1541,221,1,2
1541,222,1,2
1541,223,1,2
1541,224,1,2
1541,225,1,2
1541,226,1,2
1541,227,1,2
1541,228,1,2
1541,229,1,2
1541,230,1,2
1541,231,1,2
1541,232,1,2
1541,233,1,2
1541,234,1,2
1541,235,1,2
1541,236,1,2
1541,237,1,2
1541,238,1,2
1541,239,1,2
1541,240,1,2
1541,241,1,2
1541,242,1,2
1541,243,1,2
1541,244,1,2
1541,245,1,2
1541,246,1,2
1541,247,1,2
1541,248,1,2
1541,249,1,2
1541,250,1,2
1541,251,1,2
1541,252,1,2
1541,253,1,2
1541,254,1,2
1541,255,1,2
1541,256,1,2
1541,257,1,2
1541,258,1,2
1541,259,1,2
1541,260,1,2
1541,261,1,2
1541,262,1,2
1541,263,1,2
1541,264,1,2
1541,265,1,2
1541,266,1,2
1541,267,1,2
1541,268,1,2
1541,269,1,2
1541,270,1,2
1541,271,1,2
1541,272,1,2
1541,273,1,2
1541,274,1,2
1541,275,1,2
1541,276,1,2
1541,277,1,2
1541,278,1,2
1541,279,1,2
1541,280,1,2
1541,281,1,2
1541,282,1,2
1541,283,1,2
1541,284,1,2
1541,285,1,2
1541,286,1,2
1541,287,1,2
1541,288,1,2
1541,289,1,2
1541,290,1,2
1541,291,1,2
1541,292,1,2
1541,293,1,2
1541,294,1,2
1541,295,1,2
1541,296,1,2
1541,297,1,2
1541,298,1,2
1541,299,1,2
1541,300,1,2
1541,301,1,2
1541,302,1,2
1541,303,1,2
1541,304,1,2
1541,305,1,2
1541,306,1,2
1541,307,1,2
1541,308,1,2
1541,309,1,2
1541,310,1,2
1541,311,1,2
1541,312,1,2
1541,313,1,2
1541,314,1,2
1541,315,1,2
1541,316,1,2
1541,317,1,2
1541,318,1,2
1541,319,1,2
1541,320,1,2
1541,321,1,2
1541,322,1,2
1541,323,1,2
1541,324,1,2
1541,325,1,2
1541,326,1,2
1541,327,1,2
1541,328,1,2
1541,329,1,2
1541,330,1,2
1541,331,1,2
1541,332,1,2
1541,333,1,2
1541,334,1,2
1541,335,1,2
1541,336,1,2
1541,337,1,2
1541,338,1,2
1541,339,1,2
1541,340,1,2
1541,341,1,2
1541,342,1,2
1541,343,1,2
1541,344,1,2
1541,345,1,2
1541,346,1,2
1541,347,1,2
1541,348,1,2
1541,349,1,2
1541,350,1,2
1541,351,1,2
1541,352,1,2
1541,353,1,2
1541,354,1,2
1541,355,1,2
1541,356,1,2
1541,357,1,2
1541,358,1,2
1541,359,1,2
1541,360,1,2
1541,361,1,2
1541,362,1,2
1541,363,1,2
1541,364,1,2
1541,365,1,2
1541,366,1,2
1541,367,1,2
1541,368,1,2
1541,369,1,2
1541,370,1,2
1541,371,1,2
1541,372,1,2
1541,373,1,2
1541,374,1,2
1541,375,1,2
1541,376,1,2
1541,377,1,2
1541,378,1,2
1541,379,1,2
1541,380,1,2
1541,381,1,2
1541,382,1,2
1541,383,1,2
1541,384,1,2
1541,385,1,2
1541,386,1,2
1541,387,1,2
1541,388,1,2
1541,389,1,2
1541,390,1,2
1541,391,1,2
1541,392,1,2
1541,393,1,2
1541,394,1,2
1541,395,1,2
1541,396,1,2
1541,397,1,2
1541,398,1,2
1541,399,1,2
1541,400,1,2
1541,401,1,2
1541,402,1,2
1541,403,1,2
1541,404,1,2
1541,405,1,2
1541,406,1,2
1541,407,1,2
1541,408,1,2
1541,409,1,2
1541,410,1,2
1541,411,1,2
1541,412,1,2
1541,413,1,2
1541,414,1,2
1541,415,1,2
1541,416,1,2
1541,417,1,2
1541,418,1,2
1541,419,1,2
1541,420,1,2
1541,421,1,2
1541,422,1,2
1541,423,1,2
1541,424,1,2
1541,425,1,2
1541,426,1,2
1541,427,1,2
1541,428,1,2
1541,429,1,2
1541,430,1,2
1541,431,1,2
1541,432,1,2
1541,433,1,2
1541,434,1,2
1541,435,1,2
1541,436,1,2
1541,437,1,2
1541,438,1,2
1541,439,1,2
1541,440,1,2
1541,441,1,2
1541,442,1,2
1541,443,1,2
1541,444,1,2
1541,445,1,2
1541,446,1,2
1541,447,1,2
1541,448,1,2
1541,449,1,2
1541,450,1,2
1541,451,1,2
1541,452,1,2
1541,453,1,2
1541,454,1,2
1541,455,1,2
1541,456,1,2
1541,457,1,2
1541,458,1,2
1541,459,1,2
1541,460,1,2
1541,461,1,2
1541,462,1,2
1541,463,1,2
1541,464,1,2
1541,465,1,2
1541,466,1,2
1541,467,1,2
1541,468,1,2
1541,469,1,2
1542,99,1,3
1542,100,1,2
1542,101,1,3
1542,102,1,3
1542,103,1,3
1542,104,1,3
1542,105,1,3
1542,106,1,3
1542,107,1,3
1542,108,1,3
1542,109,1,3
1542,110,1,3
1542,111,1,3
1542,112,1,3
1542,113,1,3
1542,114,1,3
1542,115,1,3
1542,116,1,3
1542,117,1,3
1542,118,1,3
1542,119,1,3
1542,120,1,3
1542,121,1,3
1542,122,1,3
1542,123,1,3
1542,124,1,3
1542,125,1,3
1542,126,1,3
1542,127,1,3
1542,128,1,3
1542,129,1,3
1542,130,1,3
1542,131,1,3
1542,132,1,3
1542,133,1,3
1542,134,1,3
1542,135,1,3
1542,136,1,3
1542,137,1,3
1542,138,1,3
1542,139,1,3
1542,140,1,3
1542,141,1,3
1542,142,1,3
1542,143,1,2
1542,144,1,2
1542,145,1,2
1542,146,1,2
1542,147,1,2
1542,148,1,2
1542,149,1,2
1542,150,1,2
1542,151,1,2
1542,152,1,2
1542,153,1,2
1542,154,1,2
1542,155,1,2
1542,156,1,2
1542,157,1,2
1542,158,1,2
1542,159,1,2
1542,160,1,2
1542,161,1,2
1542,162,1,2
1542,163,1,2
1542,164,1,2
1542,165,1,2
1542,166,1,2
1542,167,1,2
1542,168,1,2
1542,169,1,2
1542,170,1,2
1542,171,1,2
1542,172,1,2
1542,173,1,2
1542,174,1,2
1542,175,1,2
1542,176,1,2
1542,177,1,2
1542,178,1,2
1542,179,1,2
1542,180,1,2
1542,181,1,2
1542,182,1,2
1542,183,1,2
1542,184,1,2
1542,185,1,2
1542,186,1,2
1542,187,1,2
1542,188,1,2
1542,189,1,2
1542,190,1,2
1542,191,1,2
1542,192,1,2
1542,193,1,2
1542,194,1,2
1542,195,1,2
1542,196,1,2
1542,197,1,2
1542,198,1,2
1542,199,1,2
1542,200,1,2
1542,201,1,2
1542,202,1,2
1542,203,1,2
1542,204,1,2
1542,205,1,2
1542,206,1,2
1542,207,1,2
1542,208,1,2
1542,209,1,2
1542,210,1,2
1542,211,1,2
1542,212,1,2
1542,213,1,2
1542,214,1,2
1542,215,1,2
1542,216,1,2
1542,217,1,2
1542,218,1,2
1542,219,1,2
1542,220,1,2
1542,221,1,2
1542,222,1,2
1542,223,1,2
1542,224,1,2
1542,225,1,2
1542,226,1,2
1542,227,1,2
1542,228,1,2
1542,229,1,2
1542,230,1,2
1542,231,1,2
1542,232,1,2
1542,233,1,2
1542,234,1,2
1542,235,1,2
1542,236,1,2
1542,237,1,2
1542,238,1,2
1542,239,1,2
1542,240,1,2
1542,241,1,2
1542,242,1,2
1542,243,1,2
1542,244,1,2
1542,245,1,2
1542,246,1,2
1542,247,1,2
1542,248,1,2
1542,249,1,2
1542,250,1,2
1542,251,1,2
1542,252,1,2
1542,253,1,2
1542,254,1,2
1542,255,1,2
1542,256,1,2
1542,257,1,2
1542,258,1,2
1542,259,1,2
1542,260,1,2
1542,261,1,2
1542,262,1,2
1542,263,1,2
1542,264,1,2
1542,265,1,2
1542,266,1,2
1542,267,1,2
1542,268,1,2
1542,269,1,2
1542,270,1,2
1542,271,1,2
1542,272,1,2
1542,273,1,2
1542,274,1,2
1542,275,1,2
1542,276,1,2
1542,277,1,2
1542,278,1,2
1542,279,1,2
1542,280,1,2
1542,281,1,2
1542,282,1,2
1542,283,1,2
1542,284,1,2
1542,285,1,2
1542,286,1,2
1542,287,1,2
1542,288,1,2
1542,289,1,2
1542,290,1,2
1542,291,1,2
1542,292,1,2
1542,293,1,2
1542,294,1,2
1542,295,1,2
1542,296,1,2
1542,297,1,2
1542,298,1,2
1542,299,1,2
1542,300,1,2
1542,301,1,2
1542,302,1,2
1542,303,1,2
1542,304,1,2
1542,305,1,2
1542,306,1,2
1542,307,1,2
1542,308,1,2
1542,309,1,2
1542,310,1,2
1542,311,1,2
1542,312,1,2
1542,313,1,2
1542,314,1,2
1542,315,1,2
1542,316,1,2
1542,317,1,2
1542,318,1,2
1542,319,1,2
1542,320,1,2
1542,321,1,2
1542,322,1,2
1542,323,1,2
1542,324,1,2
1542,325,1,2
1542,326,1,2
1542,327,1,2
1542,328,1,2
1542,329,1,2
1542,330,1,2
1542,331,1,2
1542,332,1,2
1542,333,1,2
1542,334,1,2
1542,335,1,2
1542,336,1,2
1542,337,1,2
1542,338,1,2
1542,339,1,2
1542,340,1,2
1542,341,1,2
1542,342,1,2
1542,343,1,2
1542,344,1,2
1542,345,1,2
1542,346,1,2
1542,347,1,2
1542,348,1,2
1542,349,1,2
1542,350,1,2
1542,351,1,2
1542,352,1,2
1542,353,1,2
1542,354,1,2
1542,355,1,2
1542,356,1,2
1542,357,1,2
1542,358,1,2
1542,359,1,2
1542,360,1,2
1542,361,1,2
1542,362,1,2
1542,363,1,2
1542,364,1,2
1542,365,1,2
1542,366,1,2
1542,367,1,2
1542,368,1,2
1542,369,1,2
1542,370,1,2
1542,371,1,2
1542,372,1,2
1542,373,1,2
1542,374,1,2
1542,375,1,2
1542,376,1,2
1542,377,1,2
1542,378,1,2
1542,379,1,2
1542,380,1,2
1542,381,1,2
1542,382,1,2
1542,383,1,2
1542,384,1,2
1542,385,1,2
1542,386,1,2
1542,387,1,2
1542,388,1,2
1542,389,1,2
1542,390,1,2
1542,391,1,2
1542,392,1,2
1542,393,1,2
1542,394,1,2
1542,395,1,2
1542,396,1,2
1542,397,1,2
1542,398,1,2
1542,399,1,2
1542,400,1,2
1542,401,1,2
1542,402,1,2
1542,403,1,2
1542,404,1,2
1542,405,1,2
1542,406,1,2
1542,407,1,2
1542,408,1,2
1542,409,1,2
1542,410,1,2
1542,411,1,2
1542,412,1,2
1542,413,1,2
1542,414,1,2
1542,415,1,2
1542,416,1,2
1542,417,1,2
1542,418,1,2
1542,419,1,2
1542,420,1,2
1542,421,1,2
1542,422,1,2
1542,423,1,2
1542,424,1,2
1542,425,1,2
1542,426,1,2
1542,427,1,2
1542,428,1,2
1542,429,1,2
1542,430,1,2
1542,431,1,2
1542,432,1,2
1542,433,1,2
1542,434,1,2
1542,435,1,2
1542,436,1,2
1542,437,1,2
1542,438,1,2
1542,439,1,2
1542,440,1,2
1542,441,1,2
1542,442,1,2
1542,443,1,2
1542,444,1,2
1542,445,1,2
1542,446,1,2
1542,447,1,2
1542,448,1,2
1542,449,1,2
1542,450,1,2
1542,451,1,2
1542,452,1,2
1542,453,1,2
1542,454,1,2
1542,455,1,2
1542,456,1,2
1542,457,1,2
1542,458,1,2
1542,459,1,2
1542,460,1,2
1542,461,1,2
1542,462,1,2
1542,463,1,2
1542,464,1,2
1542,465,1,2
1542,466,1,2
1542,467,1,2
1542,468,1,2
1542,469,1,2
1543,100,1,2
1543,101,1,3
1543,102,1,3
1543,103,1,3
1543,104,1,3
1543,105,1,3
1543,106,1,3
1543,107,1,3
1543,108,1,3
1543,109,1,3
1543,110,1,3
1543,111,1,3
1543,112,1,3
1543,113,1,3
1543,114,1,3
1543,115,1,3
1543,116,1,3
1543,117,1,3
1543,118,1,3
1543,119,1,3
1543,120,1,3
1543,121,1,3
1543,122,1,3
1543,123,1,3
1543,124,1,3
1543,125,1,3
1543,126,1,3
1543,127,1,3
1543,128,1,3
1543,129,1,3
1543,130,1,3
1543,131,1,3
1543,132,1,3
1543,133,1,3
1543,134,1,3
1543,135,1,3
1543,136,1,3
1543,137,1,3
1543,138,1,3
1543,139,1,3
1543,140,1,3
1543,141,1,3
1543,142,1,3
1543,143,1,3
1543,144,1,2
1543,145,1,2
1543,146,1,2
1543,147,1,2
1543,148,1,2
1543,149,1,2
1543,150,1,2
1543,151,1,2
1543,152,1,2
1543,153,1,2
1543,154,1,2
1543,155,1,2
1543,156,1,2
1543,157,1,2
1543,158,1,2
1543,159,1,2
1543,160,1,2
1543,161,1,2
1543,162,1,2
1543,163,1,2
1543,164,1,2
1543,165,1,2
1543,166,1,2
1543,167,1,2
1543,168,1,2
1543,169,1,2
1543,170,1,2
1543,171,1,2
1543,172,1,2
1543,173,1,2
1543,174,1,2
1543,175,1,2
1543,176,1,2
1543,177,1,2
1543,178,1,2
1543,179,1,2
1543,180,1,2
1543,181,1,2
1543,182,1,2
1543,183,1,2
1543,184,1,2
1543,185,1,2
1543,186,1,2
1543,187,1,2
1543,188,1,2
1543,189,1,2
1543,190,1,2
1543,191,1,2
1543,192,1,2
1543,193,1,2
1543,194,1,2
1543,195,1,2
1543,196,1,2
1543,197,1,2
1543,198,1,2
1543,199,1,2
1543,200,1,2
1543,201,1,2
1543,202,1,2
1543,203,1,2
1543,204,1,2
1543,205,1,2
1543,206,1,2
1543,207,1,2
1543,208,1,2
1543,209,1,2
1543,210,1,2
1543,211,1,2
1543,212,1,2
1543,213,1,2
1543,214,1,2
1543,215,1,2
1543,216,1,2
1543,217,1,2
1543,218,1,2
1543,219,1,2
1543,220,1,2
1543,221,1,2
1543,222,1,2
1543,223,1,2
1543,224,1,2
1543,225,1,2
1543,226,1,2
1543,227,1,2
1543,228,1,2
1543,229,1,2
1543,230,1,2
1543,231,1,2
1543,232,1,2
1543,233,1,2
1543,234,1,2
1543,235,1,2
1543,236,1,2
1543,237,1,2
1543,238,1,2
1543,239,1,2
1543,240,1,2
1543,241,1,2
1543,242,1,2
1543,243,1,2
1543,244,1,2
1543,245,1,2
1543,246,1,2
1543,247,1,2
1543,248,1,2
1543,249,1,2
1543,250,1,2
1543,251,1,2
1543,252,1,2
1543,253,1,2
1543,254,1,2
1543,255,1,2
1543,256,1,2
1543,257,1,2
1543,258,1,2
1543,259,1,2
1543,260,1,2
1543,261,1,2
1543,262,1,2
1543,263,1,2
1543,264,1,2
1543,265,1,2
1543,266,1,2
1543,267,1,2
1543,268,1,2
1543,269,1,2
1543,270,1,2
1543,271,1,2
1543,272,1,2
1543,273,1,2
1543,274,1,2
1543,275,1,2
1543,276,1,2
1543,277,1,2
1543,278,1,2
1543,279,1,2
1543,280,1,2
1543,281,1,2
1543,282,1,2
1543,283,1,2
1543,284,1,2
1543,285,1,2
1543,286,1,2
1543,287,1,2
1543,288,1,2
1543,289,1,2
1543,290,1,2
1543,291,1,2
1543,292,1,2
1543,293,1,2
1543,294,1,2
1543,295,1,2
1543,296,1,2
1543,297,1,2
1543,298,1,2
1543,299,1,2
1543,300,1,2
1543,301,1,2
1543,302,1,2
1543,303,1,2
1543,304,1,2
1543,305,1,2
1543,306,1,2
1543,307,1,2
1543,308,1,2
1543,309,1,2
1543,310,1,2
1543,311,1,2
1543,312,1,2
1543,313,1,2
1543,314,1,2
1543,315,1,2
1543,316,1,2
1543,317,1,2
1543,318,1,2
1543,319,1,2
1543,320,1,2
1543,321,1,2
1543,322,1,2
1543,323,1,2
1543,324,1,2
1543,325,1,2
1543,326,1,2
1543,327,1,2
1543,328,1,2
1543,329,1,2
1543,330,1,2
1543,331,1,2
1543,332,1,2
1543,333,1,2
1543,334,1,2
1543,335,1,2
1543,336,1,2
1543,337,1,2
1543,338,1,2
1543,339,1,2
1543,340,1,2
1543,341,1,2
1543,342,1,2
1543,343,1,2
1543,344,1,2
1543,345,1,2
1543,346,1,2
1543,347,1,2
1543,348,1,2
1543,349,1,2
1543,350,1,2
1543,351,1,2
1543,352,1,2
1543,353,1,2
1543,354,1,2
1543,355,1,2
1543,356,1,2
1543,357,1,2
1543,358,1,2
1543,359,1,2
1543,360,1,2
1543,361,1,2
1543,362,1,2
1543,363,1,2
1543,364,1,2
1543,365,1,2
1543,366,1,2
1543,367,1,2
1543,368,1,2
1543,369,1,2
1543,370,1,2
1543,371,1,2
1543,372,1,2
1543,373,1,2
1543,374,1,2
1543,375,1,2
1543,376,1,2
1543,377,1,2
1543,378,1,2
1543,379,1,2
1543,380,1,2
1543,381,1,2
1543,382,1,2
1543,383,1,2
1543,384,1,2
1543,385,1,2
1543,386,1,2
1543,387,1,2
1543,388,1,2
1543,389,1,2
1543,390,1,2
1543,391,1,2
1543,392,1,2
1543,393,1,2
1543,394,1,2
1543,395,1,2
1543,396,1,2
1543,397,1,2
1543,398,1,2
1543,399,1,2
1543,400,1,2
1543,401,1,2
1543,402,1,2
1543,403,1,2
1543,404,1,2
1543,405,1,2
1543,406,1,2
1543,407,1,2
1543,408,1,2
1543,409,1,2
1543,410,1,2
1543,411,1,2
1543,412,1,2
1543,413,1,2
1543,414,1,2
1543,415,1,2
1543,416,1,2
1543,417,1,2
1543,418,1,2
1543,419,1,2
1543,420,1,2
1543,421,1,2
1543,422,1,2
1543,423,1,2
1543,424,1,2
1543,425,1,2
1543,426,1,2
1543,427,1,2
1543,428,1,2
1543,429,1,2
1543,430,1,2
1543,431,1,2
1543,432,1,2
1543,433,1,2
1543,434,1,2
1543,435,1,2
1543,436,1,2
1543,437,1,2
1543,438,1,2
1543,439,1,2
1543,440,1,2
1543,441,1,2
1543,442,1,2
1543,443,1,2
1543,444,1,2
1543,445,1,2
1543,446,1,2
1543,447,1,2
1543,448,1,2
1543,449,1,2
1543,450,1,2
1543,451,1,2
1543,452,1,2
1543,453,1,2
1543,454,1,2
1543,455,1,2
1543,456,1,2
1543,457,1,2
1543,458,1,2
1543,459,1,2
1543,460,1,2
1543,461,1,2
1543,462,1,2
1543,463,1,2
1543,464,1,2
1543,465,1,2
1543,466,1,2
1543,467,1,2
1543,468,1,2
1543,469,1,2
1543,470,1,3
1544,100,1,2
1544,101,1,3
1544,102,1,3
1544,103,1,3
1544,104,1,3
1544,105,1,3
1544,106,1,3
1544,107,1,3
1544,108,1,3
1544,109,1,3
1544,110,1,3
1544,111,1,3
1544,112,1,3
1544,113,1,3
1544,114,1,3
1544,115,1,3
1544,116,1,3
1544,117,1,3
1544,118,1,3
1544,119,1,3
1544,120,1,3
1544,121,1,3
1544,122,1,3
1544,123,1,3
1544,124,1,3
1544,125,1,3
1544,126,1,3
1544,127,1,3
1544,128,1,3
1544,129,1,3
1544,130,1,3
1544,131,1,3
1544,132,1,3
1544,133,1,3
1544,134,1,3
1544,135,1,3
1544,136,1,3
1544,137,1,3
1544,138,1,3
1544,139,1,3
1544,140,1,3
1544,141,1,3
1544,142,1,3
1544,143,1,2
1544,144,1,2
1544,145,1,2
1544,146,1,2
1544,147,1,2
1544,148,1,2
1544,149,1,2
1544,150,1,2
1544,151,1,2
1544,152,1,2
1544,153,1,2
1544,154,1,2
1544,155,1,2
1544,156,1,2
1544,157,1,2
1544,158,1,2
1544,159,1,2
1544,160,1,2
1544,161,1,2
1544,162,1,2
1544,163,1,2
1544,164,1,2
1544,165,1,2
1544,166,1,2
1544,167,1,2
1544,168,1,2
1544,169,1,2
1544,170,1,2
1544,171,1,2
1544,172,1,2
1544,173,1,2
1544,174,1,2
1544,175,1,2
1544,176,1,2
1544,177,1,2
1544,178,1,2
1544,179,1,2
1544,180,1,2
1544,181,1,2
1544,182,1,2
1544,183,1,2
1544,184,1,2
1544,185,1,2
1544,186,1,2
1544,187,1,2
1544,188,1,2
1544,189,1,2
1544,190,1,2
1544,191,1,2
1544,192,1,2
1544,193,1,2
1544,194,1,2
1544,195,1,2
1544,196,1,2
1544,197,1,2
1544,198,1,2
1544,199,1,2
1544,200,1,2
1544,201,1,2
1544,202,1,2
1544,203,1,2
1544,204,1,2
1544,205,1,2
1544,206,1,2
1544,207,1,2
1544,208,1,2
1544,209,1,2
1544,210,1,2
1544,211,1,2
1544,212,1,2
1544,213,1,2
1544,214,1,2
1544,215,1,2
1544,216,1,2
1544,217,1,2
1544,218,1,2
1544,219,1,2
1544,220,1,2
1544,221,1,2
1544,222,1,2
1544,223,1,2
1544,224,1,2
1544,225,1,2
1544,226,1,2
1544,227,1,2
1544,228,1,2
1544,229,1,2
1544,230,1,2
1544,231,1,2
1544,232,1,2
1544,233,1,2
1544,234,1,2
1544,235,1,2
1544,236,1,2
1544,237,1,2
1544,238,1,2
1544,239,1,2
1544,240,1,2
1544,241,1,2
1544,242,1,2
1544,243,1,2
1544,244,1,2
1544,245,1,2
1544,246,1,2
1544,247,1,2
1544,248,1,2
1544,249,1,2
1544,250,1,2
1544,251,1,2
1544,252,1,2
1544,253,1,2
1544,254,1,2
1544,255,1,2
1544,256,1,2
1544,257,1,2
1544,258,1,2
1544,259,1,2
1544,260,1,2
1544,261,1,2
1544,262,1,2
1544,263,1,2
1544,264,1,2
1544,265,1,2
1544,266,1,2
1544,267,1,2
1544,268,1,2
1544,269,1,2
1544,270,1,2
1544,271,1,2
1544,272,1,2
1544,273,1,2
1544,274,1,2
1544,275,1,2
1544,276,1,2
1544,277,1,2
1544,278,1,2
1544,279,1,2
1544,280,1,2
1544,281,1,2
1544,282,1,2
1544,283,1,2
1544,284,1,2
1544,285,1,2
1544,286,1,2
1544,287,1,2
1544,288,1,2
1544,289,1,2
1544,290,1,2
1544,291,1,2
1544,292,1,2
1544,293,1,2
1544,294,1,2
1544,295,1,2
1544,296,1,2
1544,297,1,2
1544,298,1,2
1544,299,1,2
1544,300,1,2
1544,301,1,2
1544,302,1,2
1544,303,1,2
1544,304,1,2
1544,305,1,2
1544,306,1,2
1544,307,1,2
1544,308,1,2
1544,309,1,2
1544,310,1,2
1544,311,1,2
1544,312,1,2
1544,313,1,2
1544,314,1,2
1544,315,1,2
1544,316,1,2
1544,317,1,2
1544,318,1,2
1544,319,1,2
1544,320,1,2
1544,321,1,2
1544,322,1,2
1544,323,1,2
1544,324,1,2
1544,325,1,2
1544,326,1,2
1544,327,1,2
1544,328,1,2
1544,329,1,2
1544,330,1,2
1544,331,1,2
1544,332,1,2
1544,333,1,2
1544,334,1,2
1544,335,1,2
1544,336,1,2
1544,337,1,2
1544,338,1,2
1544,339,1,2
1544,340,1,2
1544,341,1,2
1544,342,1,2
1544,343,1,2
1544,344,1,2
1544,345,1,2
1544,346,1,2
1544,347,1,2
1544,348,1,2
1544,349,1,2
1544,350,1,2
1544,351,1,2
1544,352,1,2
1544,353,1,2
1544,354,1,2
1544,355,1,2
1544,356,1,2
1544,357,1,2
1544,358,1,2
1544,359,1,2
1544,360,1,2
1544,361,1,2
1544,362,1,2
1544,363,1,2
1544,364,1,2
1544,365,1,2
1544,366,1,2
1544,367,1,2
1544,368,1,2
1544,369,1,2
1544,370,1,2
1544,371,1,2
1544,372,1,2
1544,373,1,2
1544,374,1,2
1544,375,1,2
1544,376,1,2
1544,377,1,2
1544,378,1,2
1544,379,1,2
1544,380,1,2
1544,381,1,2
1544,382,1,2
1544,383,1,2
1544,384,1,2
1544,385,1,2
1544,386,1,2
1544,387,1,2
1544,388,1,2
1544,389,1,2
1544,390,1,2
1544,391,1,2
1544,392,1,2
1544,393,1,2
1544,394,1,2
1544,395,1,2
1544,396,1,2
1544,397,1,2
1544,398,1,2
1544,399,1,2
1544,400,1,2
1544,401,1,2
1544,402,1,2
1544,403,1,2
1544,404,1,2
1544,405,1,2
1544,406,1,2
1544,407,1,2
1544,408,1,2
1544,409,1,2
1544,410,1,2
1544,411,1,2
1544,412,1,2
1544,413,1,2
1544,414,1,2
1544,415,1,2
1544,416,1,2
1544,417,1,2
1544,418,1,2
1544,419,1,2
1544,420,1,2
1544,421,1,2
1544,422,1,2
1544,423,1,2
1544,424,1,2
1544,425,1,2
1544,426,1,2
1544,427,1,2
1544,428,1,2
1544,429,1,2
1544,430,1,2
1544,431,1,2
1544,432,1,2
1544,433,1,2
1544,434,1,2
1544,435,1,2
1544,436,1,2
1544,437,1,2
1544,438,1,2
1544,439,1,2
1544,440,1,2
1544,441,1,2
1544,442,1,2
1544,443,1,2
1544,444,1,2
1544,445,1,2
1544,446,1,2
1544,447,1,2
1544,448,1,2
1544,449,1,2
1544,450,1,2
1544,451,1,2
1544,452,1,2
1544,453,1,2
1544,454,1,2
1544,455,1,2
1544,456,1,2
1544,457,1,2
1544,458,1,2
1544,459,1,2
1544,460,1,2
1544,461,1,2
1544,462,1,2
1544,463,1,2
1544,464,1,2
1544,465,1,2
1544,466,1,2
1544,467,1,2
1544,468,1,2
1544,469,1,2
1544,470,1,3
1545,100,1,2
1545,101,1,3
1545,102,1,3
1545,103,1,3
1545,104,1,3
1545,105,1,3
1545,106,1,3
1545,107,1,3
1545,108,1,3
1545,109,1,3
1545,110,1,3
1545,111,1,3
1545,112,1,3
1545,113,1,3
1545,114,1,3
1545,115,1,3
1545,116,1,3
1545,117,1,3
1545,118,1,3
1545,119,1,3
1545,120,1,3
1545,121,1,3
1545,122,1,3
1545,123,1,3
1545,124,1,3
1545,125,1,3
1545,126,1,3
1545,127,1,3
1545,128,1,3
1545,129,1,3
1545,130,1,3
1545,131,1,3
1545,132,1,3
1545,133,1,3
1545,134,1,3
1545,135,1,3
1545,136,1,3
1545,137,1,3
1545,138,1,3
1545,139,1,3
1545,140,1,3
1545,141,1,3
1545,142,1,3
1545,143,1,3
1545,144,1,2
1545,145,1,2
1545,146,1,2
1545,147,1,2
1545,148,1,2
1545,149,1,2
1545,150,1,2
1545,151,1,2
1545,152,1,2
1545,153,1,2
1545,154,1,2
1545,155,1,2
1545,156,1,2
1545,157,1,2
1545,158,1,2
1545,159,1,2
1545,160,1,2
1545,161,1,2
1545,162,1,2
1545,163,1,2
1545,164,1,2
1545,165,1,2
1545,166,1,2
1545,167,1,2
1545,168,1,2
1545,169,1,2
1545,170,1,2
1545,171,1,2
1545,172,1,2
1545,173,1,2
1545,174,1,2
1545,175,1,2
1545,176,1,2
1545,177,1,2
1545,178,1,2
1545,179,1,2
1545,180,1,2
1545,181,1,2
1545,182,1,2
1545,183,1,2
1545,184,1,2
1545,185,1,2
1545,186,1,2
1545,187,1,2
1545,188,1,2
1545,189,1,2
1545,190,1,2
1545,191,1,2
1545,192,1,2
1545,193,1,2
1545,194,1,2
1545,195,1,2
1545,196,1,2
1545,197,1,2
1545,198,1,2
1545,199,1,2
1545,200,1,2
1545,201,1,2
1545,202,1,2
1545,203,1,2
1545,204,1,2
1545,205,1,2
1545,206,1,2
1545,207,1,2
1545,208,1,2
1545,209,1,2
1545,210,1,2
1545,211,1,2
1545,212,1,2
1545,213,1,2
1545,214,1,2
1545,215,1,2
1545,216,1,2
1545,217,1,2
1545,218,1,2
1545,219,1,2
1545,220,1,2
1545,221,1,2
1545,222,1,2
1545,223,1,2
1545,224,1,2
1545,225,1,2
1545,226,1,2
1545,227,1,2
1545,228,1,2
1545,229,1,2
1545,230,1,2
1545,231,1,2
1545,232,1,2
1545,233,1,2
1545,234,1,2
1545,235,1,2
1545,236,1,2
1545,237,1,2
1545,238,1,2
1545,239,1,2
1545,240,1,2
1545,241,1,2
1545,242,1,2
1545,243,1,2
1545,244,1,2
1545,245,1,2
1545,246,1,2
1545,247,1,2
1545,248,1,2
1545,249,1,2
1545,250,1,2
1545,251,1,2
1545,252,1,2
1545,253,1,2
1545,254,1,2
1545,255,1,2
1545,256,1,2
1545,257,1,2
1545,258,1,2
1545,259,1,2
1545,260,1,2
1545,261,1,2
1545,262,1,2
1545,263,1,2
1545,264,1,2
1545,265,1,2
1545,266,1,2
1545,267,1,2
1545,268,1,2
1545,269,1,2
1545,270,1,2
1545,271,1,2
1545,272,1,2
1545,273,1,2
1545,274,1,2
1545,275,1,2
1545,276,1,2
1545,277,1,2
1545,278,1,2
1545,279,1,2
1545,280,1,2
1545,281,1,2
1545,282,1,2
1545,283,1,2
1545,284,1,2
1545,285,1,2
1545,286,1,2
1545,287,1,2
1545,288,1,2
1545,289,1,2
1545,290,1,2
1545,291,1,2
1545,292,1,2
1545,293,1,2
1545,294,1,2
1545,295,1,2
1545,296,1,2
1545,297,1,2
1545,298,1,2
1545,299,1,2
1545,300,1,2
1545,301,1,2
1545,302,1,2
1545,303,1,2
1545,304,1,2
1545,305,1,2
1545,306,1,2
1545,307,1,2
1545,308,1,2
1545,309,1,2
1545,310,1,2
1545,311,1,2
1545,312,1,2
1545,313,1,2
1545,314,1,2
1545,315,1,2
1545,316,1,2
1545,317,1,2
1545,318,1,2
1545,319,1,2
1545,320,1,2
1545,321,1,2
1545,322,1,2
1545,323,1,2
1545,324,1,2
1545,325,1,2
1545,326,1,2
1545,327,1,2
1545,328,1,2
1545,329,1,2
1545,330,1,2
1545,331,1,2
1545,332,1,2
1545,333,1,2
1545,334,1,2
1545,335,1,2
1545,336,1,2
1545,337,1,2
1545,338,1,2
1545,339,1,2
1545,340,1,2
1545,341,1,2
1545,342,1,2
1545,343,1,2
1545,344,1,2
1545,345,1,2
1545,346,1,2
1545,347,1,2
1545,348,1,2
1545,349,1,2
1545,350,1,2
1545,351,1,2
1545,352,1,2
1545,353,1,2
1545,354,1,2
1545,355,1,2
1545,356,1,2
1545,357,1,2
1545,358,1,2
1545,359,1,2
1545,360,1,2
1545,361,1,2
1545,362,1,2
1545,363,1,2
1545,364,1,2
1545,365,1,2
1545,366,1,2
1545,367,1,2
1545,368,1,2
1545,369,1,2
1545,370,1,2
1545,371,1,2
1545,372,1,2
1545,373,1,2
1545,374,1,2
1545,375,1,2
1545,376,1,2
1545,377,1,2
1545,378,1,2
1545,379,1,2
1545,380,1,2
1545,381,1,2
1545,382,1,2
1545,383,1,2
1545,384,1,2
1545,385,1,2
1545,386,1,2
1545,387,1,2
1545,388,1,2
1545,389,1,2
1545,390,1,2
1545,391,1,2
1545,392,1,2
1545,393,1,2
1545,394,1,2
1545,395,1,2
1545,396,1,2
1545,397,1,2
1545,398,1,2
1545,399,1,2
1545,400,1,2
1545,401,1,2
1545,402,1,2
1545,403,1,2
1545,404,1,2
1545,405,1,2
1545,406,1,2
1545,407,1,2
1545,408,1,2
1545,409,1,2
1545,410,1,2
1545,411,1,2
1545,412,1,2
1545,413,1,2
1545,414,1,2
1545,415,1,2
1545,416,1,2
1545,417,1,2
1545,418,1,2
1545,419,1,2
1545,420,1,2
1545,421,1,2
1545,422,1,2
1545,423,1,2
1545,424,1,2
1545,425,1,2
1545,426,1,2
1545,427,1,2
1545,428,1,2
1545,429,1,2
1545,430,1,2
1545,431,1,2
1545,432,1,2
1545,433,1,2
1545,434,1,2
1545,435,1,2
1545,436,1,2
1545,437,1,2
1545,438,1,2
1545,439,1,2
1545,440,1,2
1545,441,1,2
1545,442,1,2
1545,443,1,2
1545,444,1,2
1545,445,1,2
1545,446,1,2
1545,447,1,2
1545,448,1,2
1545,449,1,2
1545,450,1,2
1545,451,1,2
1545,452,1,2
1545,453,1,2
1545,454,1,2
1545,455,1,2
1545,456,1,2
1545,457,1,2
1545,458,1,2
1545,459,1,2
1545,460,1,2
1545,461,1,2
1545,462,1,2
1545,463,1,2
1545,464,1,2
1545,465,1,2
1545,466,1,2
1545,467,1,2
1545,468,1,2
1545,469,1,2
1545,470,1,3
1546,100,1,3
1546,101,1,3
1546,102,1,3
1546,103,1,3
1546,104,1,3
1546,105,1,3
1546,106,1,3
1546,107,1,3
1546,108,1,3
1546,109,1,3
1546,110,1,3
1546,111,1,3
1546,112,1,3
1546,113,1,3
1546,114,1,3
1546,115,1,3
1546,116,1,3
1546,117,1,3
1546,118,1,3
1546,119,1,3
1546,120,1,3
1546,121,1,3
1546,122,1,3
1546,123,1,3
1546,124,1,3
1546,125,1,3
1546,126,1,3
1546,127,1,3
1546,128,1,3
1546,129,1,3
1546,130,1,3
1546,131,1,3
1546,132,1,3
1546,133,1,3
1546,134,1,3
1546,135,1,3
1546,136,1,3
1546,137,1,3
1546,138,1,3
1546,139,1,3
1546,140,1,3
1546,141,1,3
1546,142,1,3
1546,143,1,2
1546,144,1,2
1546,145,1,2
1546,146,1,2
1546,147,1,2
1546,148,1,2
1546,149,1,2
1546,150,1,2
1546,151,1,2
1546,152,1,2
1546,153,1,2
1546,154,1,2
1546,155,1,2
1546,156,1,2
1546,157,1,2
1546,158,1,2
1546,159,1,2
1546,160,1,2
1546,161,1,2
1546,162,1,2
1546,163,1,2
1546,164,1,2
1546,165,1,2
1546,166,1,2
1546,167,1,2
1546,168,1,2
1546,169,1,2
1546,170,1,2
1546,171,1,2
1546,172,1,2
1546,173,1,2
1546,174,1,2
1546,175,1,2
1546,176,1,2
1546,177,1,2
1546,178,1,2
1546,179,1,2
1546,180,1,2
1546,181,1,2
1546,182,1,2
1546,183,1,2
1546,184,1,2
1546,185,1,2
1546,186,1,2
1546,187,1,2
1546,188,1,2
1546,189,1,2
1546,190,1,2
1546,191,1,2
1546,192,1,2
1546,193,1,2
1546,194,1,2
1546,195,1,2
1546,196,1,2
1546,197,1,2
1546,198,1,2
1546,199,1,2
1546,200,1,2
1546,201,1,2
1546,202,1,2
1546,203,1,2
1546,204,1,2
1546,205,1,2
1546,206,1,2
1546,207,1,2
1546,208,1,2
1546,209,1,2
1546,210,1,2
1546,211,1,2
1546,212,1,2
1546,213,1,2
1546,214,1,2
1546,215,1,2
1546,216,1,2
1546,217,1,2
1546,218,1,2
1546,219,1,2
1546,220,1,2
1546,221,1,2
1546,222,1,2
1546,223,1,2
1546,224,1,2
1546,225,1,2
1546,226,1,2
1546,227,1,2
1546,228,1,2
1546,229,1,2
1546,230,1,2
1546,231,1,2
1546,232,1,2
1546,233,1,2
1546,234,1,2
1546,235,1,2
1546,236,1,2
1546,237,1,2
1546,238,1,2
1546,239,1,2
1546,240,1,2
1546,241,1,2
1546,242,1,2
1546,243,1,2
1546,244,1,2
1546,245,1,2
1546,246,1,2
1546,247,1,2
1546,248,1,2
1546,249,1,2
1546,250,1,2
1546,251,1,2
1546,252,1,2
1546,253,1,2
1546,254,1,2
1546,255,1,2
1546,256,1,2
1546,257,1,2
1546,258,1,2
1546,259,1,2
1546,260,1,2
1546,261,1,2
1546,262,1,2
1546,263,1,2
1546,264,1,2
1546,265,1,2
1546,266,1,2
1546,267,1,2
1546,268,1,2
1546,269,1,2
1546,270,1,2
1546,271,1,2
1546,272,1,2
1546,273,1,2
1546,274,1,2
1546,275,1,2
1546,276,1,2
1546,277,1,2
1546,278,1,2
1546,279,1,2
1546,280,1,2
1546,281,1,2
1546,282,1,2
1546,283,1,2
1546,284,1,2
1546,285,1,2
1546,286,1,2
1546,287,1,2
1546,288,1,2
1546,289,1,2
1546,290,1,2
1546,291,1,2
1546,292,1,2
1546,293,1,2
1546,294,1,2
1546,295,1,2
1546,296,1,2
1546,297,1,2
1546,298,1,2
1546,299,1,2
1546,300,1,2
1546,301,1,2
1546,302,1,2
1546,303,1,2
1546,304,1,2
1546,305,1,2
1546,306,1,2
1546,307,1,2
1546,308,1,2
1546,309,1,2
1546,310,1,2
1546,311,1,2
1546,312,1,2
1546,313,1,2
1546,314,1,2
1546,315,1,2
1546,316,1,2
1546,317,1,2
1546,318,1,2
1546,319,1,2
1546,320,1,2
1546,321,1,2
1546,322,1,2
1546,323,1,2
1546,324,1,2
1546,325,1,2
1546,326,1,2
1546,327,1,2
1546,328,1,2
1546,329,1,2
1546,330,1,2
1546,331,1,2
1546,332,1,2
1546,333,1,2
1546,334,1,2
1546,335,1,2
1546,336,1,2
1546,337,1,2
1546,338,1,2
1546,339,1,2
1546,340,1,2
1546,341,1,2
1546,342,1,2
1546,343,1,2
1546,344,1,2
1546,345,1,2
1546,346,1,2
1546,347,1,2
1546,348,1,2
1546,349,1,2
1546,350,1,2
1546,351,1,2
1546,352,1,2
1546,353,1,2
1546,354,1,2
1546,355,1,2
1546,356,1,2
1546,357,1,2
1546,358,1,2
1546,359,1,2
1546,360,1,2
1546,361,1,2
1546,362,1,2
1546,363,1,2
1546,364,1,2
1546,365,1,2
1546,366,1,2
1546,367,1,2
1546,368,1,2
1546,369,1,2
1546,370,1,2
1546,371,1,2
1546,372,1,2
1546,373,1,2
1546,374,1,2
1546,375,1,2
1546,376,1,2
1546,377,1,2
1546,378,1,2
1546,379,1,2
1546,380,1,2
1546,381,1,2
1546,382,1,2
1546,383,1,2
1546,384,1,2
1546,385,1,2
1546,386,1,2
1546,387,1,2
1546,388,1,2
1546,389,1,2
1546,390,1,2
1546,391,1,2
1546,392,1,2
1546,393,1,2
1546,394,1,2
1546,395,1,2
1546,396,1,2
1546,397,1,2
1546,398,1,2
1546,399,1,2
1546,400,1,2
1546,401,1,2
1546,402,1,2
1546,403,1,2
1546,404,1,2
1546,405,1,2
1546,406,1,2
1546,407,1,2
1546,408,1,2
1546,409,1,2
1546,410,1,2
1546,411,1,2
1546,412,1,2
1546,413,1,2
1546,414,1,2
1546,415,1,2
1546,416,1,2
1546,417,1,2
1546,418,1,2
1546,419,1,2
1546,420,1,2
1546,421,1,2
1546,422,1,2
1546,423,1,2
1546,424,1,2
1546,425,1,2
1546,426,1,2
1546,427,1,2
1546,428,1,2
1546,429,1,2
1546,430,1,2
1546,431,1,2
1546,432,1,2
1546,433,1,2
1546,434,1,2
1546,435,1,2
1546,436,1,2
1546,437,1,2
1546,438,1,2
1546,439,1,2
1546,440,1,2
1546,441,1,2
1546,442,1,2
1546,443,1,2
1546,444,1,2
1546,445,1,2
1546,446,1,2
1546,447,1,2
1546,448,1,2
1546,449,1,2
1546,450,1,2
1546,451,1,2
1546,452,1,2
1546,453,1,2
1546,454,1,2
1546,455,1,2
1546,456,1,2
1546,457,1,2
1546,458,1,2
1546,459,1,2
1546,460,1,2
1546,461,1,2
1546,462,1,2
1546,463,1,2
1546,464,1,2
1546,465,1,2
1546,466,1,2
1546,467,1,2
1546,468,1,2
1546,469,1,2
1546,470,1,3
1547,100,1,3
1547,101,1,3
1547,102,1,3
1547,103,1,3
1547,104,1,3
1547,105,1,3
1547,106,1,3
1547,107,1,3
1547,108,1,3
1547,109,1,3
1547,110,1,3
1547,111,1,3
1547,112,1,3
1547,113,1,3
1547,114,1,3
1547,115,1,3
1547,116,1,3
1547,117,1,3
1547,118,1,3
1547,119,1,3
1547,120,1,3
1547,121,1,3
1547,122,1,3
1547,123,1,3
1547,124,1,3
1547,125,1,3
1547,126,1,3
1547,127,1,3
1547,128,1,3
1547,129,1,3
1547,130,1,3
1547,131,1,3
1547,132,1,3
1547,133,1,3
1547,134,1,3
1547,135,1,3
1547,136,1,3
1547,137,1,3
1547,138,1,3
1547,139,1,3
1547,140,1,3
1547,141,1,3
1547,142,1,3
1547,143,1,3
1547,144,1,2
1547,145,1,2
1547,146,1,2
1547,147,1,2
1547,148,1,2
1547,149,1,2
1547,150,1,2
1547,151,1,2
1547,152,1,2
1547,153,1,2
1547,154,1,2
1547,155,1,2
1547,156,1,2
1547,157,1,2
1547,158,1,2
1547,159,1,2
1547,160,1,2
1547,161,1,2
1547,162,1,2
1547,163,1,2
1547,164,1,2
1547,165,1,2
1547,166,1,2
1547,167,1,2
1547,168,1,2
1547,169,1,2
1547,170,1,2
1547,171,1,2
1547,172,1,2
1547,173,1,2
1547,174,1,2
1547,175,1,2
1547,176,1,2
1547,177,1,2
1547,178,1,2
1547,179,1,2
1547,180,1,2
1547,181,1,2
1547,182,1,2
1547,183,1,2
1547,184,1,2
1547,185,1,2
1547,186,1,2
1547,187,1,2
1547,188,1,2
1547,189,1,2
1547,190,1,2
1547,191,1,2
1547,192,1,2
1547,193,1,2
1547,194,1,2
1547,195,1,2
1547,196,1,2
1547,197,1,2
1547,198,1,2
1547,199,1,2
1547,200,1,2
1547,201,1,2
1547,202,1,2
1547,203,1,2
1547,204,1,2
1547,205,1,2
1547,206,1,2
1547,207,1,2
1547,208,1,2
1547,209,1,2
1547,210,1,2
1547,211,1,2
1547,212,1,2
1547,213,1,2
1547,214,1,2
1547,215,1,2
1547,216,1,2
1547,217,1,2
1547,218,1,2
1547,219,1,2
1547,220,1,2
1547,221,1,2
1547,222,1,2
1547,223,1,2
1547,224,1,2
1547,225,1,2
1547,226,1,2
1547,227,1,2
1547,228,1,2
1547,229,1,2
1547,230,1,2
1547,231,1,2
1547,232,1,2
1547,233,1,2
1547,234,1,2
1547,235,1,2
1547,236,1,2
1547,237,1,2
1547,238,1,2
1547,239,1,2
1547,240,1,2
1547,241,1,2
1547,242,1,2
1547,243,1,2
1547,244,1,2
1547,245,1,2
1547,246,1,2
1547,247,1,2
1547,248,1,2
1547,249,1,2
1547,250,1,2
1547,251,1,2
1547,252,1,2
1547,253,1,2
1547,254,1,2
1547,255,1,2
1547,256,1,2
1547,257,1,2
1547,258,1,2
1547,259,1,2
1547,260,1,2
1547,261,1,2
1547,262,1,2
1547,263,1,2
1547,264,1,2
1547,265,1,2
1547,266,1,2
1547,267,1,2
1547,268,1,2
1547,269,1,2
1547,270,1,2
1547,271,1,2
1547,272,1,2
1547,273,1,2
1547,274,1,2
1547,275,1,2
1547,276,1,2
1547,277,1,2
1547,278,1,2
1547,279,1,2
1547,280,1,2
1547,281,1,2
1547,282,1,2
1547,283,1,2
1547,284,1,2
1547,285,1,2
1547,286,1,2
1547,287,1,2
1547,288,1,2
1547,289,1,2
1547,290,1,2
1547,291,1,2
1547,292,1,2
1547,293,1,2
1547,294,1,2
1547,295,1,2
1547,296,1,2
1547,297,1,2
1547,298,1,2
1547,299,1,2
1547,300,1,2
1547,301,1,2
1547,302,1,2
1547,303,1,2
1547,304,1,2
1547,305,1,2
1547,306,1,2
1547,307,1,2
1547,308,1,2
1547,309,1,2
1547,310,1,2
1547,311,1,2
1547,312,1,2
1547,313,1,2
1547,314,1,2
1547,315,1,2
1547,316,1,2
1547,317,1,2
1547,318,1,2
1547,319,1,2
1547,320,1,2
1547,321,1,2
1547,322,1,2
1547,323,1,2
1547,324,1,2
1547,325,1,2
1547,326,1,2
1547,327,1,2
1547,328,1,2
1547,329,1,2
1547,330,1,2
1547,331,1,2
1547,332,1,2
1547,333,1,2
1547,334,1,2
1547,335,1,2
1547,336,1,2
1547,337,1,2
1547,338,1,2
1547,339,1,2
1547,340,1,2
1547,341,1,2
1547,342,1,2
1547,343,1,2
1547,344,1,2
1547,345,1,2
1547,346,1,2
1547,347,1,2
1547,348,1,2
1547,349,1,2
1547,350,1,2
1547,351,1,2
1547,352,1,2
1547,353,1,2
1547,354,1,2
1547,355,1,2
1547,356,1,2
1547,357,1,2
1547,358,1,2
1547,359,1,2
1547,360,1,2
1547,361,1,2
1547,362,1,2
1547,363,1,2
1547,364,1,2
1547,365,1,2
1547,366,1,2
1547,367,1,2
1547,368,1,2
1547,369,1,2
1547,370,1,2
1547,371,1,2
1547,372,1,2
1547,373,1,2
1547,374,1,2
1547,375,1,2
1547,376,1,2
1547,377,1,2
1547,378,1,2
1547,379,1,2
1547,380,1,2
1547,381,1,2
1547,382,1,2
1547,383,1,2
1547,384,1,2
1547,385,1,2
1547,386,1,2
1547,387,1,2
1547,388,1,2
1547,389,1,2
1547,390,1,2
1547,391,1,2
1547,392,1,2
1547,393,1,2
1547,394,1,2
1547,395,1,2
1547,396,1,2
1547,397,1,2
1547,398,1,2
1547,399,1,2
1547,400,1,2
1547,401,1,2
1547,402,1,2
1547,403,1,2
1547,404,1,2
1547,405,1,2
1547,406,1,2
1547,407,1,2
1547,408,1,2
1547,409,1,2
1547,410,1,2
1547,411,1,2
1547,412,1,2
1547,413,1,2
1547,414,1,2
1547,415,1,2
1547,416,1,2
1547,417,1,2
1547,418,1,2
1547,419,1,2
1547,420,1,2
1547,421,1,2
1547,422,1,2
1547,423,1,2
1547,424,1,2
1547,425,1,2
1547,426,1,2
1547,427,1,2
1547,428,1,2
1547,429,1,2
1547,430,1,2
1547,431,1,2
1547,432,1,2
1547,433,1,2
1547,434,1,2
1547,435,1,2
1547,436,1,2
1547,437,1,2
1547,438,1,2
1547,439,1,2
1547,440,1,2
1547,441,1,2
1547,442,1,2
1547,443,1,2
1547,444,1,2
1547,445,1,2
1547,446,1,2
1547,447,1,2
1547,448,1,2
1547,449,1,2
1547,450,1,2
1547,451,1,2
1547,452,1,2
1547,453,1,2
1547,454,1,2
1547,455,1,2
1547,456,1,2
1547,457,1,2
1547,458,1,2
1547,459,1,2
1547,460,1,2
1547,461,1,2
1547,462,1,2
1547,463,1,2
1547,464,1,2
1547,465,1,2
1547,466,1,2
1547,467,1,2
1547,468,1,2
1547,469,1,2
1547,470,1,3
1548,100,1,3
1548,101,1,3
1548,102,1,3
1548,103,1,3
1548,104,1,3
1548,105,1,3
1548,106,1,3
1548,107,1,3
1548,108,1,3
1548,109,1,3
1548,110,1,3
1548,111,1,3
1548,112,1,3
1548,113,1,3
1548,114,1,3
1548,115,1,3
1548,116,1,3
1548,117,1,3
1548,118,1,3
1548,119,1,3
1548,120,1,3
1548,121,1,3
1548,122,1,3
1548,123,1,3
1548,124,1,3
1548,125,1,3
1548,126,1,3
1548,127,1,3
1548,128,1,3
1548,129,1,3
1548,130,1,3
1548,131,1,3
1548,132,1,3
1548,133,1,3
1548,134,1,3
1548,135,1,3
1548,136,1,3
1548,137,1,3
1548,138,1,3
1548,139,1,3
1548,140,1,3
1548,141,1,3
1548,142,1,3
1548,143,1,3
1548,144,1,2
1548,145,1,2
1548,146,1,2
1548,147,1,2
1548,148,1,2
1548,149,1,2
1548,150,1,2
1548,151,1,2
1548,152,1,2
1548,153,1,2
1548,154,1,2
1548,155,1,2
1548,156,1,2
1548,157,1,2
1548,158,1,2
1548,159,1,2
1548,160,1,2
1548,161,1,2
1548,162,1,2
1548,163,1,2
1548,164,1,2
1548,165,1,2
1548,166,1,2
1548,167,1,2
1548,168,1,2
1548,169,1,2
1548,170,1,2
1548,171,1,2
1548,172,1,2
1548,173,1,2
1548,174,1,2
1548,175,1,2
1548,176,1,2
1548,177,1,2
1548,178,1,2
1548,179,1,2
1548,180,1,2
1548,181,1,2
1548,182,1,2
1548,183,1,2
1548,184,1,2
1548,185,1,2
1548,186,1,2
1548,187,1,2
1548,188,1,2
1548,189,1,2
1548,190,1,2
1548,191,1,2
1548,192,1,2
1548,193,1,2
1548,194,1,2
1548,195,1,2
1548,196,1,2
1548,197,1,2
1548,198,1,2
1548,199,1,2
1548,200,1,2
1548,201,1,2
1548,202,1,2
1548,203,1,2
1548,204,1,2
1548,205,1,2
1548,206,1,2
1548,207,1,2
1548,208,1,2
1548,209,1,2
1548,210,1,2
1548,211,1,2
1548,212,1,2
1548,213,1,2
1548,214,1,2
1548,215,1,2
1548,216,1,2
1548,217,1,2
1548,218,1,2
1548,219,1,2
1548,220,1,2
1548,221,1,2
1548,222,1,2
1548,223,1,2
1548,224,1,2
1548,225,1,2
1548,226,1,2
1548,227,1,2
1548,228,1,2
1548,229,1,2
1548,230,1,2
1548,231,1,2
1548,232,1,2
1548,233,1,2
1548,234,1,2
1548,235,1,2
1548,236,1,2
1548,237,1,2
1548,238,1,2
1548,239,1,2
1548,240,1,2
1548,241,1,2
1548,242,1,2
1548,243,1,2
1548,244,1,2
1548,245,1,2
1548,246,1,2
1548,247,1,2
1548,248,1,2
1548,249,1,2
1548,250,1,2
1548,251,1,2
1548,252,1,2
1548,253,1,2
1548,254,1,2
1548,255,1,2
1548,256,1,2
1548,257,1,2
1548,258,1,2
1548,259,1,2
1548,260,1,2
1548,261,1,2
1548,262,1,2
1548,263,1,2
1548,264,1,2
1548,265,1,2
1548,266,1,2
1548,267,1,2
1548,268,1,2
1548,269,1,2
1548,270,1,2
1548,271,1,2
1548,272,1,2
1548,273,1,2
1548,274,1,2
1548,275,1,2
1548,276,1,2
1548,277,1,2
1548,278,1,2
1548,279,1,2
1548,280,1,2
1548,281,1,2
1548,282,1,2
1548,283,1,2
1548,284,1,2
1548,285,1,2
1548,286,1,2
1548,287,1,2
1548,288,1,2
1548,289,1,2
1548,290,1,2
1548,291,1,2
1548,292,1,2
1548,293,1,2
1548,294,1,2
1548,295,1,2
1548,296,1,2
1548,297,1,2
1548,298,1,2
1548,299,1,2
1548,300,1,2
1548,301,1,2
1548,302,1,2
1548,303,1,2
1548,304,1,2
1548,305,1,2
1548,306,1,2
1548,307,1,2
1548,308,1,2
1548,309,1,2
1548,310,1,2
1548,311,1,2
1548,312,1,2
1548,313,1,2
1548,314,1,2
1548,315,1,2
1548,316,1,2
1548,317,1,2
1548,318,1,2
1548,319,1,2
1548,320,1,2
1548,321,1,2
1548,322,1,2
1548,323,1,2
1548,324,1,2
1548,325,1,2
1548,326,1,2
1548,327,1,2
1548,328,1,2
1548,329,1,2
1548,330,1,2
1548,331,1,2
1548,332,1,2
1548,333,1,2
1548,334,1,2
1548,335,1,2
1548,336,1,2
1548,337,1,2
1548,338,1,2
1548,339,1,2
1548,340,1,2
1548,341,1,2
1548,342,1,2
1548,343,1,2
1548,344,1,2
1548,345,1,2
1548,346,1,2
1548,347,1,2
1548,348,1,2
1548,349,1,2
1548,350,1,2
1548,351,1,2
1548,352,1,2
1548,353,1,2
1548,354,1,2
1548,355,1,2
1548,356,1,2
1548,357,1,2
1548,358,1,2
1548,359,1,2
1548,360,1,2
1548,361,1,2
1548,362,1,2
1548,363,1,2
1548,364,1,2
1548,365,1,2
1548,366,1,2
1548,367,1,2
1548,368,1,2
1548,369,1,2
1548,370,1,2
1548,371,1,2
1548,372,1,2
1548,373,1,2
1548,374,1,2
1548,375,1,2
1548,376,1,2
1548,377,1,2
1548,378,1,2
1548,379,1,2
1548,380,1,2
1548,381,1,2
1548,382,1,2
1548,383,1,2
1548,384,1,2
1548,385,1,2
1548,386,1,2
1548,387,1,2
1548,388,1,2
1548,389,1,2
1548,390,1,2
1548,391,1,2
1548,392,1,2
1548,393,1,2
1548,394,1,2
1548,395,1,2
1548,396,1,2
1548,397,1,2
1548,398,1,2
1548,399,1,2
1548,400,1,2
1548,401,1,2
1548,402,1,2
1548,403,1,2
1548,404,1,2
1548,405,1,2
1548,406,1,2
1548,407,1,2
1548,408,1,2
1548,409,1,2
1548,410,1,2
1548,411,1,2
1548,412,1,2
1548,413,1,2
1548,414,1,2
1548,415,1,2
1548,416,1,2
1548,417,1,2
1548,418,1,2
1548,419,1,2
1548,420,1,2
1548,421,1,2
1548,422,1,2
1548,423,1,2
1548,424,1,2
1548,425,1,2
1548,426,1,2
1548,427,1,2
1548,428,1,2
1548,429,1,2
1548,430,1,2
1548,431,1,2
1548,432,1,2
1548,433,1,2
1548,434,1,2
1548,435,1,2
1548,436,1,2
1548,437,1,2
1548,438,1,2
1548,439,1,2
1548,440,1,2
1548,441,1,2
1548,442,1,2
1548,443,1,2
1548,444,1,2
1548,445,1,2
1548,446,1,2
1548,447,1,2
1548,448,1,2
1548,449,1,2
1548,450,1,2
1548,451,1,2
1548,452,1,2
1548,453,1,2
1548,454,1,2
1548,455,1,2
1548,456,1,2
1548,457,1,2
1548,458,1,2
1548,459,1,2
1548,460,1,2
1548,461,1,2
1548,462,1,2
1548,463,1,2
1548,464,1,2
1548,465,1,2
1548,466,1,2
1548,467,1,2
1548,468,1,2
1548,469,1,2
1548,470,1,3
1549,101,1,3
1549,102,1,3
1549,103,1,3
1549,104,1,3
1549,105,1,3
1549,106,1,3
1549,107,1,3
1549,108,1,3
1549,109,1,3
1549,110,1,3
1549,111,1,3
1549,112,1,3
1549,113,1,3
1549,114,1,3
1549,115,1,3
1549,116,1,3
1549,117,1,3
1549,118,1,3
1549,119,1,3
1549,120,1,3
1549,121,1,3
1549,122,1,3
1549,123,1,3
1549,124,1,3
1549,125,1,3
1549,126,1,3
1549,127,1,3
1549,128,1,3
1549,129,1,3
1549,130,1,3
1549,131,1,3
1549,132,1,3
1549,133,1,3
1549,134,1,3
1549,135,1,3
1549,136,1,3
1549,137,1,3
1549,138,1,3
1549,139,1,3
1549,140,1,3
1549,141,1,3
1549,142,1,3
1549,143,1,3
1549,144,1,2
1549,145,1,2
1549,146,1,2
1549,147,1,2
1549,148,1,2
1549,149,1,2
1549,150,1,2
1549,151,1,2
1549,152,1,2
1549,153,1,2
1549,154,1,2
1549,155,1,2
1549,156,1,2
1549,157,1,2
1549,158,1,2
1549,159,1,2
1549,160,1,2
1549,161,1,2
1549,162,1,2
1549,163,1,2
1549,164,1,2
1549,165,1,2
1549,166,1,2
1549,167,1,2
1549,168,1,2
1549,169,1,2
1549,170,1,2
1549,171,1,2
1549,172,1,2
1549,173,1,2
1549,174,1,2
1549,175,1,2
1549,176,1,2
1549,177,1,2
1549,178,1,2
1549,179,1,2
1549,180,1,2
1549,181,1,2
1549,182,1,2
1549,183,1,2
1549,184,1,2
1549,185,1,2
1549,186,1,2
1549,187,1,2
1549,188,1,2
1549,189,1,2
1549,190,1,2
1549,191,1,2
1549,192,1,2
1549,193,1,2
1549,194,1,2
1549,195,1,2
1549,196,1,2
1549,197,1,2
1549,198,1,2
1549,199,1,2
1549,200,1,2
1549,201,1,2
1549,202,1,2
1549,203,1,2
1549,204,1,2
1549,205,1,2
1549,206,1,2
1549,207,1,2
1549,208,1,2
1549,209,1,2
1549,210,1,2
1549,211,1,2
1549,212,1,2
1549,213,1,2
1549,214,1,2
1549,215,1,2
1549,216,1,2
1549,217,1,2
1549,218,1,2
1549,219,1,2
1549,220,1,2
1549,221,1,2
1549,222,1,2
1549,223,1,2
1549,224,1,2
1549,225,1,2
1549,226,1,2
1549,227,1,2
1549,228,1,2
1549,229,1,2
1549,230,1,2
1549,231,1,2
1549,232,1,2
1549,233,1,2
1549,234,1,2
1549,235,1,2
1549,236,1,2
1549,237,1,2
1549,238,1,2
1549,239,1,2
1549,240,1,2
1549,241,1,2
1549,242,1,2
1549,243,1,2
1549,244,1,2
1549,245,1,2
1549,246,1,2
1549,247,1,2
1549,248,1,2
1549,249,1,2
1549,250,1,2
1549,251,1,2
1549,252,1,2
1549,253,1,2
1549,254,1,2
1549,255,1,2
1549,256,1,2
1549,257,1,2
1549,258,1,2
1549,259,1,2
1549,260,1,2
1549,261,1,2
1549,262,1,2
1549,263,1,2
1549,264,1,2
1549,265,1,2
1549,266,1,2
1549,267,1,2
1549,268,1,2
1549,269,1,2
1549,270,1,2
1549,271,1,2
1549,272,1,2
1549,273,1,2
1549,274,1,2
1549,275,1,2
1549,276,1,2
1549,277,1,2
1549,278,1,2
1549,279,1,2
1549,280,1,2
1549,281,1,2
1549,282,1,2
1549,283,1,2
1549,284,1,2
1549,285,1,2
1549,286,1,2
1549,287,1,2
1549,288,1,2
1549,289,1,2
1549,290,1,2
1549,291,1,2
1549,292,1,2
1549,293,1,2
1549,294,1,2
1549,295,1,2
1549,296,1,2
1549,297,1,2
1549,298,1,2
1549,299,1,2
1549,300,1,2
1549,301,1,2
1549,302,1,2
1549,303,1,2
1549,304,1,2
1549,305,1,2
1549,306,1,2
1549,307,1,2
1549,308,1,2
1549,309,1,2
1549,310,1,2
1549,311,1,2
1549,312,1,2
1549,313,1,2
1549,314,1,2
1549,315,1,2
1549,316,1,2
1549,317,1,2
1549,318,1,2
1549,319,1,2
1549,320,1,2
1549,321,1,2
1549,322,1,2
1549,323,1,2
1549,324,1,2
1549,325,1,2
1549,326,1,2
1549,327,1,2
1549,328,1,2
1549,329,1,2
1549,330,1,2
1549,331,1,2
1549,332,1,2
1549,333,1,2
1549,334,1,2
1549,335,1,2
1549,336,1,2
1549,337,1,2
1549,338,1,2
1549,339,1,2
1549,340,1,2
1549,341,1,2
1549,342,1,2
1549,343,1,2
1549,344,1,2
1549,345,1,2
1549,346,1,2
1549,347,1,2
1549,348,1,2
1549,349,1,2
1549,350,1,2
1549,351,1,2
1549,352,1,2
1549,353,1,2
1549,354,1,2
1549,355,1,2
1549,356,1,2
1549,357,1,2
1549,358,1,2
1549,359,1,2
1549,360,1,2
1549,361,1,2
1549,362,1,2
1549,363,1,2
1549,364,1,2
1549,365,1,2
1549,366,1,2
1549,367,1,2
1549,368,1,2
1549,369,1,2
1549,370,1,2
1549,371,1,2
1549,372,1,2
1549,373,1,2
1549,374,1,2
1549,375,1,2
1549,376,1,2
1549,377,1,2
1549,378,1,2
1549,379,1,2
1549,380,1,2
1549,381,1,2
1549,382,1,2
1549,383,1,2
1549,384,1,2
1549,385,1,2
1549,386,1,2
1549,387,1,2
1549,388,1,2
1549,389,1,2
1549,390,1,2
1549,391,1,2
1549,392,1,2
1549,393,1,2
1549,394,1,2
1549,395,1,2
1549,396,1,2
1549,397,1,2
1549,398,1,2
1549,399,1,2
1549,400,1,2
1549,401,1,2
1549,402,1,2
1549,403,1,2
1549,404,1,2
1549,405,1,2
1549,406,1,2
1549,407,1,2
1549,408,1,2
1549,409,1,2
1549,410,1,2
1549,411,1,2
1549,412,1,2
1549,413,1,2
1549,414,1,2
1549,415,1,2
1549,416,1,2
1549,417,1,2
1549,418,1,2
1549,419,1,2
1549,420,1,2
1549,421,1,2
1549,422,1,2
1549,423,1,2
1549,424,1,2
1549,425,1,2
1549,426,1,2
1549,427,1,2
1549,428,1,2
1549,429,1,2
1549,430,1,2
1549,431,1,2
1549,432,1,2
1549,433,1,2
1549,434,1,2
1549,435,1,2
1549,436,1,2
1549,437,1,2
1549,438,1,2
1549,439,1,2
1549,440,1,2
1549,441,1,2
1549,442,1,2
1549,443,1,2
1549,444,1,2
1549,445,1,2
1549,446,1,2
1549,447,1,2
1549,448,1,2
1549,449,1,2
1549,450,1,2
1549,451,1,2
1549,452,1,2
1549,453,1,2
1549,454,1,2
1549,455,1,2
1549,456,1,2
1549,457,1,2
1549,458,1,2
1549,459,1,2
1549,460,1,2
1549,461,1,2
1549,462,1,2
1549,463,1,2
1549,464,1,2
1549,465,1,2
1549,466,1,2
1549,467,1,2
1549,468,1,2
1549,469,1,2
1549,470,1,3
1550,101,1,3
1550,102,1,3
1550,103,1,3
1550,104,1,3
1550,105,1,3
1550,106,1,3
1550,107,1,3
1550,108,1,3
1550,109,1,3
1550,110,1,3
1550,111,1,3
1550,112,1,3
1550,113,1,3
1550,114,1,3
1550,115,1,3
1550,116,1,3
1550,117,1,3
1550,118,1,3
1550,119,1,3
1550,120,1,3
1550,121,1,3
1550,122,1,3
1550,123,1,3
1550,124,1,3
1550,125,1,3
1550,126,1,3
1550,127,1,3
1550,128,1,3
1550,129,1,3
1550,130,1,3
1550,131,1,3
1550,132,1,3
1550,133,1,3
1550,134,1,3
1550,135,1,3
1550,136,1,3
1550,137,1,3
1550,138,1,3
1550,139,1,3
1550,140,1,3
1550,141,1,3
1550,142,1,3
1550,143,1,3
1550,144,1,2
1550,145,1,2
1550,146,1,2
1550,147,1,2
1550,148,1,2
1550,149,1,2
1550,150,1,2
1550,151,1,2
1550,152,1,2
1550,153,1,2
1550,154,1,2
1550,155,1,2
1550,156,1,2
1550,157,1,2
1550,158,1,2
1550,159,1,2
1550,160,1,2
1550,161,1,2
1550,162,1,2
1550,163,1,2
1550,164,1,2
1550,165,1,2
1550,166,1,2
1550,167,1,2
1550,168,1,2
1550,169,1,2
1550,170,1,2
1550,171,1,2
1550,172,1,2
1550,173,1,2
1550,174,1,2
1550,175,1,2
1550,176,1,2
1550,177,1,2
1550,178,1,2
1550,179,1,2
1550,180,1,2
1550,181,1,2
1550,182,1,2
1550,183,1,2
1550,184,1,2
1550,185,1,2
1550,186,1,2
1550,187,1,2
1550,188,1,2
1550,189,1,2
1550,190,1,2
1550,191,1,2
1550,192,1,2
1550,193,1,2
1550,194,1,2
1550,195,1,2
1550,196,1,2
1550,197,1,2
1550,198,1,2
1550,199,1,2
1550,200,1,2
1550,201,1,2
1550,202,1,2
1550,203,1,2
1550,204,1,2
1550,205,1,2
1550,206,1,2
1550,207,1,2
1550,208,1,2
1550,209,1,2
1550,210,1,2
1550,211,1,2
1550,212,1,2
1550,213,1,2
1550,214,1,2
1550,215,1,2
1550,216,1,2
1550,217,1,2
1550,218,1,2
1550,219,1,2
1550,220,1,2
1550,221,1,2
1550,222,1,2
1550,223,1,2
1550,224,1,2
1550,225,1,2
1550,226,1,2
1550,227,1,2
1550,228,1,2
1550,229,1,2
1550,230,1,2
1550,231,1,2
1550,232,1,2
1550,233,1,2
1550,234,1,2
1550,235,1,2
1550,236,1,2
1550,237,1,2
1550,238,1,2
1550,239,1,2
1550,240,1,2
1550,241,1,2
1550,242,1,2
1550,243,1,2
1550,244,1,2
1550,245,1,2
1550,246,1,2
1550,247,1,2
1550,248,1,2
1550,249,1,2
1550,250,1,2
1550,251,1,2
1550,252,1,2
1550,253,1,2
1550,254,1,2
1550,255,1,2
1550,256,1,2
1550,257,1,2
1550,258,1,2
1550,259,1,2
1550,260,1,2
1550,261,1,2
1550,262,1,2
1550,263,1,2
1550,264,1,2
1550,265,1,2
1550,266,1,2
1550,267,1,2
1550,268,1,2
1550,269,1,2
1550,270,1,2
1550,271,1,2
1550,272,1,2
1550,273,1,2
1550,274,1,2
1550,275,1,2
1550,276,1,2
1550,277,1,2
1550,278,1,2
1550,279,1,2
1550,280,1,2
1550,281,1,2
1550,282,1,2
1550,283,1,2
1550,284,1,2
1550,285,1,2
1550,286,1,2
1550,287,1,2
1550,288,1,2
1550,289,1,2
1550,290,1,2
1550,291,1,2
1550,292,1,2
1550,293,1,2
1550,294,1,2
1550,295,1,2
1550,296,1,2
1550,297,1,2
1550,298,1,2
1550,299,1,2
1550,300,1,2
1550,301,1,2
1550,302,1,2
1550,303,1,2
1550,304,1,2
1550,305,1,2
1550,306,1,2
1550,307,1,2
1550,308,1,2
1550,309,1,2
1550,310,1,2
1550,311,1,2
1550,312,1,2
1550,313,1,2
1550,314,1,2
1550,315,1,2
1550,316,1,2
1550,317,1,2
1550,318,1,2
1550,319,1,2
1550,320,1,2
1550,321,1,2
1550,322,1,2
1550,323,1,2
1550,324,1,2
1550,325,1,2
1550,326,1,2
1550,327,1,2
1550,328,1,2
1550,329,1,2
1550,330,1,2
1550,331,1,2
1550,332,1,2
1550,333,1,2
1550,334,1,2
1550,335,1,2
1550,336,1,2
1550,337,1,2
1550,338,1,2
1550,339,1,2
1550,340,1,2
1550,341,1,2
1550,342,1,2
1550,343,1,2
1550,344,1,2
1550,345,1,2
1550,346,1,2
1550,347,1,2
1550,348,1,2
1550,349,1,2
1550,350,1,2
1550,351,1,2
1550,352,1,2
1550,353,1,2
1550,354,1,2
1550,355,1,2
1550,356,1,2
1550,357,1,2
1550,358,1,2
1550,359,1,2
1550,360,1,2
1550,361,1,2
1550,362,1,2
1550,363,1,2
1550,364,1,2
1550,365,1,2
1550,366,1,2
1550,367,1,2
1550,368,1,2
1550,369,1,2
1550,370,1,2
1550,371,1,2
1550,372,1,2
1550,373,1,2
1550,374,1,2
1550,375,1,2
1550,376,1,2
1550,377,1,2
1550,378,1,2
1550,379,1,2
1550,380,1,2
1550,381,1,2
1550,382,1,2
1550,383,1,2
1550,384,1,2
1550,385,1,2
1550,386,1,2
1550,387,1,2
1550,388,1,2
1550,389,1,2
1550,390,1,2
1550,391,1,2
1550,392,1,2
1550,393,1,2
1550,394,1,2
1550,395,1,2
1550,396,1,2
1550,397,1,2
1550,398,1,2
1550,399,1,2
1550,400,1,2
1550,401,1,2
1550,402,1,2
1550,403,1,2
1550,404,1,2
1550,405,1,2
1550,406,1,2
1550,407,1,2
1550,408,1,2
1550,409,1,2
1550,410,1,2
1550,411,1,2
1550,412,1,2
1550,413,1,2
1550,414,1,2
1550,415,1,2
1550,416,1,2
1550,417,1,2
1550,418,1,2
1550,419,1,2
1550,420,1,2
1550,421,1,2
1550,422,1,2
1550,423,1,2
1550,424,1,2
1550,425,1,2
1550,426,1,2
1550,427,1,2
1550,428,1,2
1550,429,1,2
1550,430,1,2
1550,431,1,2
1550,432,1,2
1550,433,1,2
1550,434,1,2
1550,435,1,2
1550,436,1,2
1550,437,1,2
1550,438,1,2
1550,439,1,2
1550,440,1,2
1550,441,1,2
1550,442,1,2
1550,443,1,2
1550,444,1,2
1550,445,1,2
1550,446,1,2
1550,447,1,2
1550,448,1,2
1550,449,1,2
1550,450,1,2
1550,451,1,2
1550,452,1,2
1550,453,1,2
1550,454,1,2
1550,455,1,2
1550,456,1,2
1550,457,1,2
1550,458,1,2
1550,459,1,2
1550,460,1,2
1550,461,1,2
1550,462,1,2
1550,463,1,2
1550,464,1,2
1550,465,1,2
1550,466,1,2
1550,467,1,2
1550,468,1,2
1550,469,1,2
1550,470,1,3
1551,101,1,3
1551,102,1,3
1551,103,1,3
1551,104,1,3
1551,105,1,3
1551,106,1,3
1551,107,1,3
1551,108,1,3
1551,109,1,3
1551,110,1,3
1551,111,1,3
1551,112,1,3
1551,113,1,3
1551,114,1,3
1551,115,1,3
1551,116,1,3
1551,117,1,3
1551,118,1,3
1551,119,1,3
1551,120,1,3
1551,121,1,3
1551,122,1,3
1551,123,1,3
1551,124,1,3
1551,125,1,3
1551,126,1,3
1551,127,1,3
1551,128,1,3
1551,129,1,3
1551,130,1,3
1551,131,1,3
1551,132,1,3
1551,133,1,3
1551,134,1,3
1551,135,1,3
1551,136,1,3
1551,137,1,3
1551,138,1,3
1551,139,1,3
1551,140,1,3
1551,141,1,3
1551,142,1,3
1551,143,1,3
1551,144,1,3
1551,145,1,2
1551,146,1,2
1551,147,1,2
1551,148,1,2
1551,149,1,2
1551,150,1,2
1551,151,1,2
1551,152,1,2
1551,153,1,2
1551,154,1,2
1551,155,1,2
1551,156,1,2
1551,157,1,2
1551,158,1,2
1551,159,1,2
1551,160,1,2
1551,161,1,2
1551,162,1,2
1551,163,1,2
1551,164,1,2
1551,165,1,2
1551,166,1,2
1551,167,1,2
1551,168,1,2
1551,169,1,2
1551,170,1,2
1551,171,1,2
1551,172,1,2
1551,173,1,2
1551,174,1,2
1551,175,1,2
1551,176,1,2
1551,177,1,2
1551,178,1,2
1551,179,1,2
1551,180,1,2
1551,181,1,2
1551,182,1,2
1551,183,1,2
1551,184,1,2
1551,185,1,2
1551,186,1,2
1551,187,1,2
1551,188,1,2
1551,189,1,2
1551,190,1,2
1551,191,1,2
1551,192,1,2
1551,193,1,2
1551,194,1,2
1551,195,1,2
1551,196,1,2
1551,197,1,2
1551,198,1,2
1551,199,1,2
1551,200,1,2
1551,201,1,2
1551,202,1,2
1551,203,1,2
1551,204,1,2
1551,205,1,2
1551,206,1,2
1551,207,1,2
1551,208,1,2
1551,209,1,2
1551,210,1,2
1551,211,1,2
1551,212,1,2
1551,213,1,2
1551,214,1,2
1551,215,1,2
1551,216,1,2
1551,217,1,2
1551,218,1,2
1551,219,1,2
1551,220,1,2
1551,221,1,2
1551,222,1,2
1551,223,1,2
1551,224,1,2
1551,225,1,2
1551,226,1,2
1551,227,1,2
1551,228,1,2
1551,229,1,2
1551,230,1,2
1551,231,1,2
1551,232,1,2
1551,233,1,2
1551,234,1,2
1551,235,1,2
1551,236,1,2
1551,237,1,2
1551,238,1,2
1551,239,1,2
1551,240,1,2
1551,241,1,2
1551,242,1,2
1551,243,1,2
1551,244,1,2
1551,245,1,2
1551,246,1,2
1551,247,1,2
1551,248,1,2
1551,249,1,2
1551,250,1,2
1551,251,1,2
1551,252,1,2
1551,253,1,2
1551,254,1,2
1551,255,1,2
1551,256,1,2
1551,257,1,2
1551,258,1,2
1551,259,1,2
1551,260,1,2
1551,261,1,2
1551,262,1,2
1551,263,1,2
1551,264,1,2
1551,265,1,2
1551,266,1,2
1551,267,1,2
1551,268,1,2
1551,269,1,2
1551,270,1,2
1551,271,1,2
1551,272,1,2
1551,273,1,2
1551,274,1,2
1551,275,1,2
1551,276,1,2
1551,277,1,2
1551,278,1,2
1551,279,1,2
1551,280,1,2
1551,281,1,2
1551,282,1,2
1551,283,1,2
1551,284,1,2
1551,285,1,2
1551,286,1,2
1551,287,1,2
1551,288,1,2
1551,289,1,2
1551,290,1,2
1551,291,1,2
1551,292,1,2
1551,293,1,2
1551,294,1,2
1551,295,1,2
1551,296,1,2
1551,297,1,2
1551,298,1,2
1551,299,1,2
1551,300,1,2
1551,301,1,2
1551,302,1,2
1551,303,1,2
1551,304,1,2
1551,305,1,2
1551,306,1,2
1551,307,1,2
1551,308,1,2
1551,309,1,2
1551,310,1,2
1551,311,1,2
1551,312,1,2
1551,313,1,2
1551,314,1,2
1551,315,1,2
1551,316,1,2
1551,317,1,2
1551,318,1,2
1551,319,1,2
1551,320,1,2
1551,321,1,2
1551,322,1,2
1551,323,1,2
1551,324,1,2
1551,325,1,2
1551,326,1,2
1551,327,1,2
1551,328,1,2
1551,329,1,2
1551,330,1,2
1551,331,1,2
1551,332,1,2
1551,333,1,2
1551,334,1,2
1551,335,1,2
1551,336,1,2
1551,337,1,2
1551,338,1,2
1551,339,1,2
1551,340,1,2
1551,341,1,2
1551,342,1,2
1551,343,1,2
1551,344,1,2
1551,345,1,2
1551,346,1,2
1551,347,1,2
1551,348,1,2
1551,349,1,2
1551,350,1,2
1551,351,1,2
1551,352,1,2
1551,353,1,2
1551,354,1,2
1551,355,1,2
1551,356,1,2
1551,357,1,2
1551,358,1,2
1551,359,1,2
1551,360,1,2
1551,361,1,2
1551,362,1,2
1551,363,1,2
1551,364,1,2
1551,365,1,2
1551,366,1,2
1551,367,1,2
1551,368,1,2
1551,369,1,2
1551,370,1,2
1551,371,1,2
1551,372,1,2
1551,373,1,2
1551,374,1,2
1551,375,1,2
1551,376,1,2
1551,377,1,2
1551,378,1,2
1551,379,1,2
1551,380,1,2
1551,381,1,2
1551,382,1,2
1551,383,1,2
1551,384,1,2
1551,385,1,2
1551,386,1,2
1551,387,1,2
1551,388,1,2
1551,389,1,2
1551,390,1,2
1551,391,1,2
1551,392,1,2
1551,393,1,2
1551,394,1,2
1551,395,1,2
1551,396,1,2
1551,397,1,2
1551,398,1,2
1551,399,1,2
1551,400,1,2
1551,401,1,2
1551,402,1,2
1551,403,1,2
1551,404,1,2
1551,405,1,2
1551,406,1,2
1551,407,1,2
1551,408,1,2
1551,409,1,2
1551,410,1,2
1551,411,1,2
1551,412,1,2
1551,413,1,2
1551,414,1,2
1551,415,1,2
1551,416,1,2
1551,417,1,2
1551,418,1,2
1551,419,1,2
1551,420,1,2
1551,421,1,2
1551,422,1,2
1551,423,1,2
1551,424,1,2
1551,425,1,2
1551,426,1,2
1551,427,1,2
1551,428,1,2
1551,429,1,2
1551,430,1,2
1551,431,1,2
1551,432,1,2
1551,433,1,2
1551,434,1,2
1551,435,1,2
1551,436,1,2
1551,437,1,2
1551,438,1,2
1551,439,1,2
1551,440,1,2
1551,441,1,2
1551,442,1,2
1551,443,1,2
1551,444,1,2
1551,445,1,2
1551,446,1,2
1551,447,1,2
1551,448,1,2
1551,449,1,2
1551,450,1,2
1551,451,1,2
1551,452,1,2
1551,453,1,2
1551,454,1,2
1551,455,1,2
1551,456,1,2
1551,457,1,2
1551,458,1,2
1551,459,1,2
1551,460,1,2
1551,461,1,2
1551,462,1,2
1551,463,1,2
1551,464,1,2
1551,465,1,2
1551,466,1,2
1551,467,1,2
1551,468,1,2
1551,469,1,2
1551,470,1,3
1552,101,1,3
1552,102,1,3
1552,103,1,3
1552,104,1,3
1552,105,1,3
1552,106,1,3
1552,107,1,3
1552,108,1,3
1552,109,1,3
1552,110,1,3
1552,111,1,3
1552,112,1,3
1552,113,1,3
1552,114,1,3
1552,115,1,3
1552,116,1,3
1552,117,1,3
1552,118,1,3
1552,119,1,3
1552,120,1,3
1552,121,1,3
1552,122,1,3
1552,123,1,3
1552,124,1,3
1552,125,1,3
1552,126,1,3
1552,127,1,3
1552,128,1,3
1552,129,1,3
1552,130,1,3
1552,131,1,3
1552,132,1,3
1552,133,1,3
1552,134,1,3
1552,135,1,3
1552,136,1,3
1552,137,1,3
1552,138,1,3
1552,139,1,3
1552,140,1,3
1552,141,1,3
1552,142,1,3
1552,143,1,3
1552,144,1,3
1552,145,1,2
1552,146,1,2
1552,147,1,2
1552,148,1,2
1552,149,1,2
1552,150,1,2
1552,151,1,2
1552,152,1,2
1552,153,1,2
1552,154,1,2
1552,155,1,2
1552,156,1,2
1552,157,1,2
1552,158,1,2
1552,159,1,2
1552,160,1,2
1552,161,1,2
1552,162,1,2
1552,163,1,2
1552,164,1,2
1552,165,1,2
1552,166,1,2
1552,167,1,2
1552,168,1,2
1552,169,1,2
1552,170,1,2
1552,171,1,2
1552,172,1,2
1552,173,1,2
1552,174,1,2
1552,175,1,2
1552,176,1,2
1552,177,1,2
1552,178,1,2
1552,179,1,2
1552,180,1,2
1552,181,1,2
1552,182,1,2
1552,183,1,2
1552,184,1,2
1552,185,1,2
1552,186,1,2
1552,187,1,2
1552,188,1,2
1552,189,1,2
1552,190,1,2
1552,191,1,2
1552,192,1,2
1552,193,1,2
1552,194,1,2
1552,195,1,2
1552,196,1,2
1552,197,1,2
1552,198,1,2
1552,199,1,2
1552,200,1,2
1552,201,1,2
1552,202,1,2
1552,203,1,2
1552,204,1,2
1552,205,1,2
1552,206,1,2
1552,207,1,2
1552,208,1,2
1552,209,1,2
1552,210,1,2
1552,211,1,2
1552,212,1,2
1552,213,1,2
1552,214,1,2
1552,215,1,2
1552,216,1,2
1552,217,1,2
1552,218,1,2
1552,219,1,2
1552,220,1,2
1552,221,1,2
1552,222,1,2
1552,223,1,2
1552,224,1,2
1552,225,1,2
1552,226,1,2
1552,227,1,2
1552,228,1,2
1552,229,1,2
1552,230,1,2
1552,231,1,2
1552,232,1,2
1552,233,1,2
1552,234,1,2
1552,235,1,2
1552,236,1,2
1552,237,1,2
1552,238,1,2
1552,239,1,2
1552,240,1,2
1552,241,1,2
1552,242,1,2
1552,243,1,2
1552,244,1,2
1552,245,1,2
1552,246,1,2
1552,247,1,2
1552,248,1,2
1552,249,1,2
1552,250,1,2
1552,251,1,2
1552,252,1,2
1552,253,1,2
1552,254,1,2
1552,255,1,2
1552,256,1,2
1552,257,1,2
1552,258,1,2
1552,259,1,2
1552,260,1,2
1552,261,1,2
1552,262,1,2
1552,263,1,2
1552,264,1,2
1552,265,1,2
1552,266,1,2
1552,267,1,2
1552,268,1,2
1552,269,1,2
1552,270,1,2
1552,271,1,2
1552,272,1,2
1552,273,1,2
1552,274,1,2
1552,275,1,2
1552,276,1,2
1552,277,1,2
1552,278,1,2
1552,279,1,2
1552,280,1,2
1552,281,1,2
1552,282,1,2
1552,283,1,2
1552,284,1,2
1552,285,1,2
1552,286,1,2
1552,287,1,2
1552,288,1,2
1552,289,1,2
1552,290,1,2
1552,291,1,2
1552,292,1,2
1552,293,1,2
1552,294,1,2
1552,295,1,2
1552,296,1,2
1552,297,1,2
1552,298,1,2
1552,299,1,2
1552,300,1,2
1552,301,1,2
1552,302,1,2
1552,303,1,2
1552,304,1,2
1552,305,1,2
1552,306,1,2
1552,307,1,2
1552,308,1,2
1552,309,1,2
1552,310,1,2
1552,311,1,2
1552,312,1,2
1552,313,1,2
1552,314,1,2
1552,315,1,2
1552,316,1,2
1552,317,1,2
1552,318,1,2
1552,319,1,2
1552,320,1,2
1552,321,1,2
1552,322,1,2
1552,323,1,2
1552,324,1,2
1552,325,1,2
1552,326,1,2
1552,327,1,2
1552,328,1,2
1552,329,1,2
1552,330,1,2
1552,331,1,2
1552,332,1,2
1552,333,1,2
1552,334,1,2
1552,335,1,2
1552,336,1,2
1552,337,1,2
1552,338,1,2
1552,339,1,2
1552,340,1,2
1552,341,1,2
1552,342,1,2
1552,343,1,2
1552,344,1,2
1552,345,1,2
1552,346,1,2
1552,347,1,2
1552,348,1,2
1552,349,1,2
1552,350,1,2
1552,351,1,2
1552,352,1,2
1552,353,1,2
1552,354,1,2
1552,355,1,2
1552,356,1,2
1552,357,1,2
1552,358,1,2
1552,359,1,2
1552,360,1,2
1552,361,1,2
1552,362,1,2
1552,363,1,2
1552,364,1,2
1552,365,1,2
1552,366,1,2
1552,367,1,2
1552,368,1,2
1552,369,1,2
1552,370,1,2
1552,371,1,2
1552,372,1,2
1552,373,1,2
1552,374,1,2
1552,375,1,2
1552,376,1,2
1552,377,1,2
1552,378,1,2
1552,379,1,2
1552,380,1,2
1552,381,1,2
1552,382,1,2
1552,383,1,2
1552,384,1,2
1552,385,1,2
1552,386,1,2
1552,387,1,2
1552,388,1,2
1552,389,1,2
1552,390,1,2
1552,391,1,2
1552,392,1,2
1552,393,1,2
1552,394,1,2
1552,395,1,2
1552,396,1,2
1552,397,1,2
1552,398,1,2
1552,399,1,2
1552,400,1,2
1552,401,1,2
1552,402,1,2
1552,403,1,2
1552,404,1,2
1552,405,1,2
1552,406,1,2
1552,407,1,2
1552,408,1,2
1552,409,1,2
1552,410,1,2
1552,411,1,2
1552,412,1,2
1552,413,1,2
1552,414,1,2
1552,415,1,2
1552,416,1,2
1552,417,1,2
1552,418,1,2
1552,419,1,2
1552,420,1,2
1552,421,1,2
1552,422,1,2
1552,423,1,2
1552,424,1,2
1552,425,1,2
1552,426,1,2
1552,427,1,2
1552,428,1,2
1552,429,1,2
1552,430,1,2
1552,431,1,2
1552,432,1,2
1552,433,1,2
1552,434,1,2
1552,435,1,2
1552,436,1,2
1552,437,1,2
1552,438,1,2
1552,439,1,2
1552,440,1,2
1552,441,1,2
1552,442,1,2
1552,443,1,2
1552,444,1,2
1552,445,1,2
1552,446,1,2
1552,447,1,2
1552,448,1,2
1552,449,1,2
1552,450,1,2
1552,451,1,2
1552,452,1,2
1552,453,1,2
1552,454,1,2
1552,455,1,2
1552,456,1,2
1552,457,1,2
1552,458,1,2
1552,459,1,2
1552,460,1,2
1552,461,1,2
1552,462,1,2
1552,463,1,2
1552,464,1,2
1552,465,1,2
1552,466,1,2
1552,467,1,2
1552,468,1,2
1552,469,1,2
1552,470,1,3
1553,101,1,3
1553,102,1,3
1553,103,1,3
1553,104,1,3
1553,105,1,3
1553,106,1,3
1553,107,1,3
1553,108,1,3
1553,109,1,3
1553,110,1,3
1553,111,1,3
1553,112,1,3
1553,113,1,3
1553,114,1,3
1553,115,1,3
1553,116,1,3
1553,117,1,3
1553,118,1,3
1553,119,1,3
1553,120,1,3
1553,121,1,3
1553,122,1,3
1553,123,1,3
1553,124,1,3
1553,125,1,3
1553,126,1,3
1553,127,1,3
1553,128,1,3
1553,129,1,3
1553,130,1,3
1553,131,1,3
1553,132,1,3
1553,133,1,3
1553,134,1,3
1553,135,1,3
1553,136,1,3
1553,137,1,3
1553,138,1,3
1553,139,1,3
1553,140,1,3
1553,141,1,3
1553,142,1,3
1553,143,1,3
1553,144,1,3
1553,145,1,2
1553,146,1,2
1553,147,1,2
1553,148,1,2
1553,149,1,2
1553,150,1,2
1553,151,1,2
1553,152,1,2
1553,153,1,2
1553,154,1,2
1553,155,1,2
1553,156,1,2
1553,157,1,2
1553,158,1,2
1553,159,1,2
1553,160,1,2
1553,161,1,2
1553,162,1,2
1553,163,1,2
1553,164,1,2
1553,165,1,2
1553,166,1,2
1553,167,1,2
1553,168,1,2
1553,169,1,2
1553,170,1,2
1553,171,1,2
1553,172,1,2
1553,173,1,2
1553,174,1,2
1553,175,1,2
1553,176,1,2
1553,177,1,2
1553,178,1,2
1553,179,1,2
1553,180,1,2
1553,181,1,2
1553,182,1,2
1553,183,1,2
1553,184,1,2
1553,185,1,2
1553,186,1,2
1553,187,1,2
1553,188,1,2
1553,189,1,2
1553,190,1,2
1553,191,1,2
1553,192,1,2
1553,193,1,2
1553,194,1,2
1553,195,1,2
1553,196,1,2
1553,197,1,2
1553,198,1,2
1553,199,1,2
1553,200,1,2
1553,201,1,2
1553,202,1,2
1553,203,1,2
1553,204,1,2
1553,205,1,2
1553,206,1,2
1553,207,1,2
1553,208,1,2
1553,209,1,2
1553,210,1,2
1553,211,1,2
1553,212,1,2
1553,213,1,2
1553,214,1,2
1553,215,1,2
1553,216,1,2
1553,217,1,2
1553,218,1,2
1553,219,1,2
1553,220,1,2
1553,221,1,2
1553,222,1,2
1553,223,1,2
1553,224,1,2
1553,225,1,2
1553,226,1,2
1553,227,1,2
1553,228,1,2
1553,229,1,2
1553,230,1,2
1553,231,1,2
1553,232,1,2
1553,233,1,2
1553,234,1,2
1553,235,1,2
1553,236,1,2
1553,237,1,2
1553,238,1,2
1553,239,1,2
1553,240,1,2
1553,241,1,2
1553,242,1,2
1553,243,1,2
1553,244,1,2
1553,245,1,2
1553,246,1,2
1553,247,1,2
1553,248,1,2
1553,249,1,2
1553,250,1,2
1553,251,1,2
1553,252,1,2
1553,253,1,2
1553,254,1,2
1553,255,1,2
1553,256,1,2
1553,257,1,2
1553,258,1,2
1553,259,1,2
1553,260,1,2
1553,261,1,2
1553,262,1,2
1553,263,1,2
1553,264,1,2
1553,265,1,2
1553,266,1,2
1553,267,1,2
1553,268,1,2
1553,269,1,2
1553,270,1,2
1553,271,1,2
1553,272,1,2
1553,273,1,2
1553,274,1,2
1553,275,1,2
1553,276,1,2
1553,277,1,2
1553,278,1,2
1553,279,1,2
1553,280,1,2
1553,281,1,2
1553,282,1,2
1553,283,1,2
1553,284,1,2
1553,285,1,2
1553,286,1,2
1553,287,1,2
1553,288,1,2
1553,289,1,2
1553,290,1,2
1553,291,1,2
1553,292,1,2
1553,293,1,2
1553,294,1,2
1553,295,1,2
1553,296,1,2
1553,297,1,2
1553,298,1,2
1553,299,1,2
1553,300,1,2
1553,301,1,2
1553,302,1,2
1553,303,1,2
1553,304,1,2
1553,305,1,2
1553,306,1,2
1553,307,1,2
1553,308,1,2
1553,309,1,2
1553,310,1,2
1553,311,1,2
1553,312,1,2
1553,313,1,2
1553,314,1,2
1553,315,1,2
1553,316,1,2
1553,317,1,2
1553,318,1,2
1553,319,1,2
1553,320,1,2
1553,321,1,2
1553,322,1,2
1553,323,1,2
1553,324,1,2
1553,325,1,2
1553,326,1,2
1553,327,1,2
1553,328,1,2
1553,329,1,2
1553,330,1,2
1553,331,1,2
1553,332,1,2
1553,333,1,2
1553,334,1,2
1553,335,1,2
1553,336,1,2
1553,337,1,2
1553,338,1,2
1553,339,1,2
1553,340,1,2
1553,341,1,2
1553,342,1,2
1553,343,1,2
1553,344,1,2
1553,345,1,2
1553,346,1,2
1553,347,1,2
1553,348,1,2
1553,349,1,2
1553,350,1,2
1553,351,1,2
1553,352,1,2
1553,353,1,2
1553,354,1,2
1553,355,1,2
1553,356,1,2
1553,357,1,2
1553,358,1,2
1553,359,1,2
1553,360,1,2
1553,361,1,2
1553,362,1,2
1553,363,1,2
1553,364,1,2
1553,365,1,2
1553,366,1,2
1553,367,1,2
1553,368,1,2
1553,369,1,2
1553,370,1,2
1553,371,1,2
1553,372,1,2
1553,373,1,2
1553,374,1,2
1553,375,1,2
1553,376,1,2
1553,377,1,2
1553,378,1,2
1553,379,1,2
1553,380,1,2
1553,381,1,2
1553,382,1,2
1553,383,1,2
1553,384,1,2
1553,385,1,2
1553,386,1,2
1553,387,1,2
1553,388,1,2
1553,389,1,2
1553,390,1,2
1553,391,1,2
1553,392,1,2
1553,393,1,2
1553,394,1,2
1553,395,1,2
1553,396,1,2
1553,397,1,2
1553,398,1,2
1553,399,1,2
1553,400,1,2
1553,401,1,2
1553,402,1,2
1553,403,1,2
1553,404,1,2
1553,405,1,2
1553,406,1,2
1553,407,1,2
1553,408,1,2
1553,409,1,2
1553,410,1,2
1553,411,1,2
1553,412,1,2
1553,413,1,2
1553,414,1,2
1553,415,1,2
1553,416,1,2
1553,417,1,2
1553,418,1,2
1553,419,1,2
1553,420,1,2
1553,421,1,2
1553,422,1,2
1553,423,1,2
1553,424,1,2
1553,425,1,2
1553,426,1,2
1553,427,1,2
1553,428,1,2
1553,429,1,2
1553,430,1,2
1553,431,1,2
1553,432,1,2
1553,433,1,2
1553,434,1,2
1553,435,1,2
1553,436,1,2
1553,437,1,2
1553,438,1,2
1553,439,1,2
1553,440,1,2
1553,441,1,2
1553,442,1,2
1553,443,1,2
1553,444,1,2
1553,445,1,2
1553,446,1,2
1553,447,1,2
1553,448,1,2
1553,449,1,2
1553,450,1,2
1553,451,1,2
1553,452,1,2
1553,453,1,2
1553,454,1,2
1553,455,1,2
1553,456,1,2
1553,457,1,2
1553,458,1,2
1553,459,1,2
1553,460,1,2
1553,461,1,2
1553,462,1,2
1553,463,1,2
1553,464,1,2
1553,465,1,2
1553,466,1,2
1553,467,1,2
1553,468,1,2
1553,469,1,2
1553,470,1,3
1554,101,1,3
1554,102,1,3
1554,103,1,3
1554,104,1,3
1554,105,1,3
1554,106,1,3
1554,107,1,3
1554,108,1,3
1554,109,1,3
1554,110,1,3
1554,111,1,3
1554,112,1,3
1554,113,1,3
1554,114,1,3
1554,115,1,3
1554,116,1,3
1554,117,1,3
1554,118,1,3
1554,119,1,3
1554,120,1,3
1554,121,1,3
1554,122,1,3
1554,123,1,3
1554,124,1,3
1554,125,1,3
1554,126,1,3
1554,127,1,3
1554,128,1,3
1554,129,1,3
1554,130,1,3
1554,131,1,3
1554,132,1,3
1554,133,1,3
1554,134,1,3
1554,135,1,3
1554,136,1,3
1554,137,1,3
1554,138,1,3
1554,139,1,3
1554,140,1,3
1554,141,1,3
1554,142,1,3
1554,143,1,3
1554,144,1,3
1554,145,1,2
1554,146,1,2
1554,147,1,2
1554,148,1,2
1554,149,1,2
1554,150,1,2
1554,151,1,2
1554,152,1,2
1554,153,1,2
1554,154,1,2
1554,155,1,2
1554,156,1,2
1554,157,1,2
1554,158,1,2
1554,159,1,2
1554,160,1,2
1554,161,1,2
1554,162,1,2
1554,163,1,2
1554,164,1,2
1554,165,1,2
1554,166,1,2
1554,167,1,2
1554,168,1,2
1554,169,1,2
1554,170,1,2
1554,171,1,2
1554,172,1,2
1554,173,1,2
1554,174,1,2
1554,175,1,2
1554,176,1,2
1554,177,1,2
1554,178,1,2
1554,179,1,2
1554,180,1,2
1554,181,1,2
1554,182,1,2
1554,183,1,2
1554,184,1,2
1554,185,1,2
1554,186,1,2
1554,187,1,2
1554,188,1,2
1554,189,1,2
1554,190,1,2
1554,191,1,2
1554,192,1,2
1554,193,1,2
1554,194,1,2
1554,195,1,2
1554,196,1,2
1554,197,1,2
1554,198,1,2
1554,199,1,2
1554,200,1,2
1554,201,1,2
1554,202,1,2
1554,203,1,2
1554,204,1,2
1554,205,1,2
1554,206,1,2
1554,207,1,2
1554,208,1,2
1554,209,1,2
1554,210,1,2
1554,211,1,2
1554,212,1,2
1554,213,1,2
1554,214,1,2
1554,215,1,2
1554,216,1,2
1554,217,1,2
1554,218,1,2
1554,219,1,2
1554,220,1,2
1554,221,1,2
1554,222,1,2
1554,223,1,2
1554,224,1,2
1554,225,1,2
1554,226,1,2
1554,227,1,2
1554,228,1,2
1554,229,1,2
1554,230,1,2
1554,231,1,2
1554,232,1,2
1554,233,1,2
1554,234,1,2
1554,235,1,2
1554,236,1,2
1554,237,1,2
1554,238,1,2
1554,239,1,2
1554,240,1,2
1554,241,1,2
1554,242,1,2
1554,243,1,2
1554,244,1,2
1554,245,1,2
1554,246,1,2
1554,247,1,2
1554,248,1,2
1554,249,1,2
1554,250,1,2
1554,251,1,2
1554,252,1,2
1554,253,1,2
1554,254,1,2
1554,255,1,2
1554,256,1,2
1554,257,1,2
1554,258,1,2
1554,259,1,2
1554,260,1,2
1554,261,1,2
1554,262,1,2
1554,263,1,2
1554,264,1,2
1554,265,1,2
1554,266,1,2
1554,267,1,2
1554,268,1,2
1554,269,1,2
1554,270,1,2
1554,271,1,2
1554,272,1,2
1554,273,1,2
1554,274,1,2
1554,275,1,2
1554,276,1,2
1554,277,1,2
1554,278,1,2
1554,279,1,2
1554,280,1,2
1554,281,1,2
1554,282,1,2
1554,283,1,2
1554,284,1,2
1554,285,1,2
1554,286,1,2
1554,287,1,2
1554,288,1,2
1554,289,1,2
1554,290,1,2
1554,291,1,2
1554,292,1,2
1554,293,1,2
1554,294,1,2
1554,295,1,2
1554,296,1,2
1554,297,1,2
1554,298,1,2
1554,299,1,2
1554,300,1,2
1554,301,1,2
1554,302,1,2
1554,303,1,2
1554,304,1,2
1554,305,1,2
1554,306,1,2
1554,307,1,2
1554,308,1,2
1554,309,1,2
1554,310,1,2
1554,311,1,2
1554,312,1,2
1554,313,1,2
1554,314,1,2
1554,315,1,2
1554,316,1,2
1554,317,1,2
1554,318,1,2
1554,319,1,2
1554,320,1,2
1554,321,1,2
1554,322,1,2
1554,323,1,2
1554,324,1,2
1554,325,1,2
1554,326,1,2
1554,327,1,2
1554,328,1,2
1554,329,1,2
1554,330,1,2
1554,331,1,2
1554,332,1,2
1554,333,1,2
1554,334,1,2
1554,335,1,2
1554,336,1,2
1554,337,1,2
1554,338,1,2
1554,339,1,2
1554,340,1,2
1554,341,1,2
1554,342,1,2
1554,343,1,2
1554,344,1,2
1554,345,1,2
1554,346,1,2
1554,347,1,2
1554,348,1,2
1554,349,1,2
1554,350,1,2
1554,351,1,2
1554,352,1,2
1554,353,1,2
1554,354,1,2
1554,355,1,2
1554,356,1,2
1554,357,1,2
1554,358,1,2
1554,359,1,2
1554,360,1,2
1554,361,1,2
1554,362,1,2
1554,363,1,2
1554,364,1,2
1554,365,1,2
1554,366,1,2
1554,367,1,2
1554,368,1,2
1554,369,1,2
1554,370,1,2
1554,371,1,2
1554,372,1,2
1554,373,1,2
1554,374,1,2
1554,375,1,2
1554,376,1,2
1554,377,1,2
1554,378,1,2
1554,379,1,2
1554,380,1,2
1554,381,1,2
1554,382,1,2
1554,383,1,2
1554,384,1,2
1554,385,1,2
1554,386,1,2
1554,387,1,2
1554,388,1,2
1554,389,1,2
1554,390,1,2
1554,391,1,2
1554,392,1,2
1554,393,1,2
1554,394,1,2
1554,395,1,2
1554,396,1,2
1554,397,1,2
1554,398,1,2
1554,399,1,2
1554,400,1,2
1554,401,1,2
1554,402,1,2
1554,403,1,2
1554,404,1,2
1554,405,1,2
1554,406,1,2
1554,407,1,2
1554,408,1,2
1554,409,1,2
1554,410,1,2
1554,411,1,2
1554,412,1,2
1554,413,1,2
1554,414,1,2
1554,415,1,2
1554,416,1,2
1554,417,1,2
1554,418,1,2
1554,419,1,2
1554,420,1,2
1554,421,1,2
1554,422,1,2
1554,423,1,2
1554,424,1,2
1554,425,1,2
1554,426,1,2
1554,427,1,2
1554,428,1,2
1554,429,1,2
1554,430,1,2
1554,431,1,2
1554,432,1,2
1554,433,1,2
1554,434,1,2
1554,435,1,2
1554,436,1,2
1554,437,1,2
1554,438,1,2
1554,439,1,2
1554,440,1,2
1554,441,1,2
1554,442,1,2
1554,443,1,2
1554,444,1,2
1554,445,1,2
1554,446,1,2
1554,447,1,2
1554,448,1,2
1554,449,1,2
1554,450,1,2
1554,451,1,2
1554,452,1,2
1554,453,1,2
1554,454,1,2
1554,455,1,2
1554,456,1,2
1554,457,1,2
1554,458,1,2
1554,459,1,2
1554,460,1,2
1554,461,1,2
1554,462,1,2
1554,463,1,2
1554,464,1,2
1554,465,1,2
1554,466,1,2
1554,467,1,2
1554,468,1,2
1554,469,1,2
1554,470,1,3
1555,101,1,3
1555,102,1,3
1555,103,1,3
1555,104,1,3
1555,105,1,3
1555,106,1,3
1555,107,1,3
1555,108,1,3
1555,109,1,3
1555,110,1,3
1555,111,1,3
1555,112,1,3
1555,113,1,3
1555,114,1,3
1555,115,1,3
1555,116,1,3
1555,117,1,3
1555,118,1,3
1555,119,1,3
1555,120,1,3
1555,121,1,3
1555,122,1,3
1555,123,1,3
1555,124,1,3
1555,125,1,3
1555,126,1,3
1555,127,1,3
1555,128,1,3
1555,129,1,3
1555,130,1,3
1555,131,1,3
1555,132,1,3
1555,133,1,3
1555,134,1,3
1555,135,1,3
1555,136,1,3
1555,137,1,3
1555,138,1,3
1555,139,1,3
1555,140,1,3
1555,141,1,3
1555,142,1,3
1555,143,1,3
1555,144,1,3
1555,145,1,2
1555,146,1,2
1555,147,1,2
1555,148,1,2
1555,149,1,2
1555,150,1,2
1555,151,1,2
1555,152,1,2
1555,153,1,2
1555,154,1,2
1555,155,1,2
1555,156,1,2
1555,157,1,2
1555,158,1,2
1555,159,1,2
1555,160,1,2
1555,161,1,2
1555,162,1,2
1555,163,1,2
1555,164,1,2
1555,165,1,2
1555,166,1,2
1555,167,1,2
1555,168,1,2
1555,169,1,2
1555,170,1,2
1555,171,1,2
1555,172,1,2
1555,173,1,2
1555,174,1,2
1555,175,1,2
1555,176,1,2
1555,177,1,2
1555,178,1,2
1555,179,1,2
1555,180,1,2
1555,181,1,2
1555,182,1,2
1555,183,1,2
1555,184,1,2
1555,185,1,2
1555,186,1,2
1555,187,1,2
1555,188,1,2
1555,189,1,2
1555,190,1,2
1555,191,1,2
1555,192,1,2
1555,193,1,2
1555,194,1,2
1555,195,1,2
1555,196,1,2
1555,197,1,2
1555,198,1,2
1555,199,1,2
1555,200,1,2
1555,201,1,2
1555,202,1,2
1555,203,1,2
1555,204,1,2
1555,205,1,2
1555,206,1,2
1555,207,1,2
1555,208,1,2
1555,209,1,2
1555,210,1,2
1555,211,1,2
1555,212,1,2
1555,213,1,2
1555,214,1,2
1555,215,1,2
1555,216,1,2
1555,217,1,2
1555,218,1,2
1555,219,1,2
1555,220,1,2
1555,221,1,2
1555,222,1,2
1555,223,1,2
1555,224,1,2
1555,225,1,2
1555,226,1,2
1555,227,1,2
1555,228,1,2
1555,229,1,2
1555,230,1,2
1555,231,1,2
1555,232,1,2
1555,233,1,2
1555,234,1,2
1555,235,1,2
1555,236,1,2
1555,237,1,2
1555,238,1,2
1555,239,1,2
1555,240,1,2
1555,241,1,2
1555,242,1,2
1555,243,1,2
1555,244,1,2
1555,245,1,2
1555,246,1,2
1555,247,1,2
1555,248,1,2
1555,249,1,2
1555,250,1,2
1555,251,1,2
1555,252,1,2
1555,253,1,2
1555,254,1,2
1555,255,1,2
1555,256,1,2
1555,257,1,2
1555,258,1,2
1555,259,1,2
1555,260,1,2
1555,261,1,2
1555,262,1,2
1555,263,1,2
1555,264,1,2
1555,265,1,2
1555,266,1,2
1555,267,1,2
1555,268,1,2
1555,269,1,2
1555,270,1,2
1555,271,1,2
1555,272,1,2
1555,273,1,2
1555,274,1,2
1555,275,1,2
1555,276,1,2
1555,277,1,2
1555,278,1,2
1555,279,1,2
1555,280,1,2
1555,281,1,2
1555,282,1,2
1555,283,1,2
1555,284,1,2
1555,285,1,2
1555,286,1,2
1555,287,1,2
1555,288,1,2
1555,289,1,2
1555,290,1,2
1555,291,1,2
1555,292,1,2
1555,293,1,2
1555,294,1,2
1555,295,1,2
1555,296,1,2
1555,297,1,2
1555,298,1,2
1555,299,1,2
1555,300,1,2
1555,301,1,2
1555,302,1,2
1555,303,1,2
1555,304,1,2
1555,305,1,2
1555,306,1,2
1555,307,1,2
1555,308,1,2
1555,309,1,2
1555,310,1,2
1555,311,1,2
1555,312,1,2
1555,313,1,2
1555,314,1,2
1555,315,1,2
1555,316,1,2
1555,317,1,2
1555,318,1,2
1555,319,1,2
1555,320,1,2
1555,321,1,2
1555,322,1,2
1555,323,1,2
1555,324,1,2
1555,325,1,2
1555,326,1,2
1555,327,1,2
1555,328,1,2
1555,329,1,2
1555,330,1,2
1555,331,1,2
1555,332,1,2
1555,333,1,2
1555,334,1,2
1555,335,1,2
1555,336,1,2
1555,337,1,2
1555,338,1,2
1555,339,1,2
1555,340,1,2
1555,341,1,2
1555,342,1,2
1555,343,1,2
1555,344,1,2
1555,345,1,2
1555,346,1,2
1555,347,1,2
1555,348,1,2
1555,349,1,2
1555,350,1,2
1555,351,1,2
1555,352,1,2
1555,353,1,2
1555,354,1,2
1555,355,1,2
1555,356,1,2
1555,357,1,2
1555,358,1,2
1555,359,1,2
1555,360,1,2
1555,361,1,2
1555,362,1,2
1555,363,1,2
1555,364,1,2
1555,365,1,2
1555,366,1,2
1555,367,1,2
1555,368,1,2
1555,369,1,2
1555,370,1,2
1555,371,1,2
1555,372,1,2
1555,373,1,2
1555,374,1,2
1555,375,1,2
1555,376,1,2
1555,377,1,2
1555,378,1,2
1555,379,1,2
1555,380,1,2
1555,381,1,2
1555,382,1,2
1555,383,1,2
1555,384,1,2
1555,385,1,2
1555,386,1,2
1555,387,1,2
1555,388,1,2
1555,389,1,2
1555,390,1,2
1555,391,1,2
1555,392,1,2
1555,393,1,2
1555,394,1,2
1555,395,1,2
1555,396,1,2
1555,397,1,2
1555,398,1,2
1555,399,1,2
1555,400,1,2
1555,401,1,2
1555,402,1,2
1555,403,1,2
1555,404,1,2
1555,405,1,2
1555,406,1,2
1555,407,1,2
1555,408,1,2
1555,409,1,2
1555,410,1,2
1555,411,1,2
1555,412,1,2
1555,413,1,2
1555,414,1,2
1555,415,1,2
1555,416,1,2
1555,417,1,2
1555,418,1,2
1555,419,1,2
1555,420,1,2
1555,421,1,2
1555,422,1,2
1555,423,1,2
1555,424,1,2
1555,425,1,2
1555,426,1,2
1555,427,1,2
1555,428,1,2
1555,429,1,2
1555,430,1,2
1555,431,1,2
1555,432,1,2
1555,433,1,2
1555,434,1,2
1555,435,1,2
1555,436,1,2
1555,437,1,2
1555,438,1,2
1555,439,1,2
1555,440,1,2
1555,441,1,2
1555,442,1,2
1555,443,1,2
1555,444,1,2
1555,445,1,2
1555,446,1,2
1555,447,1,2
1555,448,1,2
1555,449,1,2
1555,450,1,2
1555,451,1,2
1555,452,1,2
1555,453,1,2
1555,454,1,2
1555,455,1,2
1555,456,1,2
1555,457,1,2
1555,458,1,2
1555,459,1,2
1555,460,1,2
1555,461,1,2
1555,462,1,2
1555,463,1,2
1555,464,1,2
1555,465,1,2
1555,466,1,2
1555,467,1,2
1555,468,1,2
1555,469,1,2
1555,470,1,3
1556,101,1,3
1556,102,1,3
1556,103,1,3
1556,104,1,3
1556,105,1,3
1556,106,1,3
1556,107,1,3
1556,108,1,3
1556,109,1,3
1556,110,1,3
1556,111,1,3
1556,112,1,3
1556,113,1,3
1556,114,1,3
1556,115,1,3
1556,116,1,3
1556,117,1,3
1556,118,1,3
1556,119,1,3
1556,120,1,3
1556,121,1,3
1556,122,1,3
1556,123,1,3
1556,124,1,3
1556,125,1,3
1556,126,1,3
1556,127,1,3
1556,128,1,3
1556,129,1,3
1556,130,1,3
1556,131,1,3
1556,132,1,3
1556,133,1,3
1556,134,1,3
1556,135,1,3
1556,136,1,3
1556,137,1,3
1556,138,1,3
1556,139,1,3
1556,140,1,3
1556,141,1,3
1556,142,1,3
1556,143,1,3
1556,144,1,3
1556,145,1,2
1556,146,1,2
1556,147,1,2
1556,148,1,2
1556,149,1,2
1556,150,1,2
1556,151,1,2
1556,152,1,2
1556,153,1,2
1556,154,1,2
1556,155,1,2
1556,156,1,2
1556,157,1,2
1556,158,1,2
1556,159,1,2
1556,160,1,2
1556,161,1,2
1556,162,1,2
1556,163,1,2
1556,164,1,2
1556,165,1,2
1556,166,1,2
1556,167,1,2
1556,168,1,2
1556,169,1,2
1556,170,1,2
1556,171,1,2
1556,172,1,2
1556,173,1,2
1556,174,1,2
1556,175,1,2
1556,176,1,2
1556,177,1,2
1556,178,1,2
1556,179,1,2
1556,180,1,2
1556,181,1,2
1556,182,1,2
1556,183,1,2
1556,184,1,2
1556,185,1,2
1556,186,1,2
1556,187,1,2
1556,188,1,2
1556,189,1,2
1556,190,1,2
1556,191,1,2
1556,192,1,2
1556,193,1,2
1556,194,1,2
1556,195,1,2
1556,196,1,2
1556,197,1,2
1556,198,1,2
1556,199,1,2
1556,200,1,2
1556,201,1,2
1556,202,1,2
1556,203,1,2
1556,204,1,2
1556,205,1,2
1556,206,1,2
1556,207,1,2
1556,208,1,2
1556,209,1,2
1556,210,1,2
1556,211,1,2
1556,212,1,2
1556,213,1,2
1556,214,1,2
1556,215,1,2
1556,216,1,2
1556,217,1,2
1556,218,1,2
1556,219,1,2
1556,220,1,2
1556,221,1,2
1556,222,1,2
1556,223,1,2
1556,224,1,2
1556,225,1,2
1556,226,1,2
1556,227,1,2
1556,228,1,2
1556,229,1,2
1556,230,1,2
1556,231,1,2
1556,232,1,2
1556,233,1,2
1556,234,1,2
1556,235,1,2
1556,236,1,2
1556,237,1,2
1556,238,1,2
1556,239,1,2
1556,240,1,2
1556,241,1,2
1556,242,1,2
1556,243,1,2
1556,244,1,2
1556,245,1,2
1556,246,1,2
1556,247,1,2
1556,248,1,2
1556,249,1,2
1556,250,1,2
1556,251,1,2
1556,252,1,2
1556,253,1,2
1556,254,1,2
1556,255,1,2
1556,256,1,2
1556,257,1,2
1556,258,1,2
1556,259,1,2
1556,260,1,2
1556,261,1,2
1556,262,1,2
1556,263,1,2
1556,264,1,2
1556,265,1,2
1556,266,1,2
1556,267,1,2
1556,268,1,2
1556,269,1,2
1556,270,1,2
1556,271,1,2
1556,272,1,2
1556,273,1,2
1556,274,1,2
1556,275,1,2
1556,276,1,2
1556,277,1,2
1556,278,1,2
1556,279,1,2
1556,280,1,2
1556,281,1,2
1556,282,1,2
1556,283,1,2
1556,284,1,2
1556,285,1,2
1556,286,1,2
1556,287,1,2
1556,288,1,2
1556,289,1,2
1556,290,1,2
1556,291,1,2
1556,292,1,2
1556,293,1,2
1556,294,1,2
1556,295,1,2
1556,296,1,2
1556,297,1,2
1556,298,1,2
1556,299,1,2
1556,300,1,2
1556,301,1,2
1556,302,1,2
1556,303,1,2
1556,304,1,2
1556,305,1,2
1556,306,1,2
1556,307,1,2
1556,308,1,2
1556,309,1,2
1556,310,1,2
1556,311,1,2
1556,312,1,2
1556,313,1,2
1556,314,1,2
1556,315,1,2
1556,316,1,2
1556,317,1,2
1556,318,1,2
1556,319,1,2
1556,320,1,2
1556,321,1,2
1556,322,1,2
1556,323,1,2
1556,324,1,2
1556,325,1,2
1556,326,1,2
1556,327,1,2
1556,328,1,2
1556,329,1,2
1556,330,1,2
1556,331,1,2
1556,332,1,2
1556,333,1,2
1556,334,1,2
1556,335,1,2
1556,336,1,2
1556,337,1,2
1556,338,1,2
1556,339,1,2
1556,340,1,2
1556,341,1,2
1556,342,1,2
1556,343,1,2
1556,344,1,2
1556,345,1,2
1556,346,1,2
1556,347,1,2
1556,348,1,2
1556,349,1,2
1556,350,1,2
1556,351,1,2
1556,352,1,2
1556,353,1,2
1556,354,1,2
1556,355,1,2
1556,356,1,2
1556,357,1,2
1556,358,1,2
1556,359,1,2
1556,360,1,2
1556,361,1,2
1556,362,1,2
1556,363,1,2
1556,364,1,2
1556,365,1,2
1556,366,1,2
1556,367,1,2
1556,368,1,2
1556,369,1,2
1556,370,1,2
1556,371,1,2
1556,372,1,2
1556,373,1,2
1556,374,1,2
1556,375,1,2
1556,376,1,2
1556,377,1,2
1556,378,1,2
1556,379,1,2
1556,380,1,2
1556,381,1,2
1556,382,1,2
1556,383,1,2
1556,384,1,2
1556,385,1,2
1556,386,1,2
1556,387,1,2
1556,388,1,2
1556,389,1,2
1556,390,1,2
1556,391,1,2
1556,392,1,2
1556,393,1,2
1556,394,1,2
1556,395,1,2
1556,396,1,2
1556,397,1,2
1556,398,1,2
1556,399,1,2
1556,400,1,2
1556,401,1,2
1556,402,1,2
1556,403,1,2
1556,404,1,2
1556,405,1,2
1556,406,1,2
1556,407,1,2
1556,408,1,2
1556,409,1,2
1556,410,1,2
1556,411,1,2
1556,412,1,2
1556,413,1,2
1556,414,1,2
1556,415,1,2
1556,416,1,2
1556,417,1,2
1556,418,1,2
1556,419,1,2
1556,420,1,2
1556,421,1,2
1556,422,1,2
1556,423,1,2
1556,424,1,2
1556,425,1,2
1556,426,1,2
1556,427,1,2
1556,428,1,2
1556,429,1,2
1556,430,1,2
1556,431,1,2
1556,432,1,2
1556,433,1,2
1556,434,1,2
1556,435,1,2
1556,436,1,2
1556,437,1,2
1556,438,1,2
1556,439,1,2
1556,440,1,2
1556,441,1,2
1556,442,1,2
1556,443,1,2
1556,444,1,2
1556,445,1,2
1556,446,1,2
1556,447,1,2
1556,448,1,2
1556,449,1,2
1556,450,1,2
1556,451,1,2
1556,452,1,2
1556,453,1,2
1556,454,1,2
1556,455,1,2
1556,456,1,2
1556,457,1,2
1556,458,1,2
1556,459,1,2
1556,460,1,2
1556,461,1,2
1556,462,1,2
1556,463,1,2
1556,464,1,2
1556,465,1,2
1556,466,1,2
1556,467,1,2
1556,468,1,2
1556,469,1,2
1556,470,1,3
1557,101,1,3
1557,102,1,3
1557,103,1,3
1557,104,1,3
1557,105,1,3
1557,106,1,3
1557,107,1,3
1557,108,1,3
1557,109,1,3
1557,110,1,3
1557,111,1,3
1557,112,1,3
1557,113,1,3
1557,114,1,3
1557,115,1,3
1557,116,1,3
1557,117,1,3
1557,118,1,3
1557,119,1,3
1557,120,1,3
1557,121,1,3
1557,122,1,3
1557,123,1,3
1557,124,1,3
1557,125,1,3
1557,126,1,3
1557,127,1,3
1557,128,1,3
1557,129,1,3
1557,130,1,3
1557,131,1,3
1557,132,1,3
1557,133,1,3
1557,134,1,3
1557,135,1,3
1557,136,1,3
1557,137,1,3
1557,138,1,3
1557,139,1,3
1557,140,1,3
1557,141,1,3
1557,142,1,3
1557,143,1,3
1557,144,1,3
1557,145,1,2
1557,146,1,2
1557,147,1,2
1557,148,1,2
1557,149,1,2
1557,150,1,2
1557,151,1,2
1557,152,1,2
1557,153,1,2
1557,154,1,2
1557,155,1,2
1557,156,1,2
1557,157,1,2
1557,158,1,2
1557,159,1,2
1557,160,1,2
1557,161,1,2
1557,162,1,2
1557,163,1,2
1557,164,1,2
1557,165,1,2
1557,166,1,2
1557,167,1,2
1557,168,1,2
1557,169,1,2
1557,170,1,2
1557,171,1,2
1557,172,1,2
1557,173,1,2
1557,174,1,2
1557,175,1,2
1557,176,1,2
1557,177,1,2
1557,178,1,2
1557,179,1,2
1557,180,1,2
1557,181,1,2
1557,182,1,2
1557,183,1,2
1557,184,1,2
1557,185,1,2
1557,186,1,2
1557,187,1,2
1557,188,1,2
1557,189,1,2
1557,190,1,2
1557,191,1,2
1557,192,1,2
1557,193,1,2
1557,194,1,2
1557,195,1,2
1557,196,1,2
1557,197,1,2
1557,198,1,2
1557,199,1,2
1557,200,1,2
1557,201,1,2
1557,202,1,2
1557,203,1,2
1557,204,1,2
1557,205,1,2
1557,206,1,2
1557,207,1,2
1557,208,1,2
1557,209,1,2
1557,210,1,2
1557,211,1,2
1557,212,1,2
1557,213,1,2
1557,214,1,2
1557,215,1,2
1557,216,1,2
1557,217,1,2
1557,218,1,2
1557,219,1,2
1557,220,1,2
1557,221,1,2
1557,222,1,2
1557,223,1,2
1557,224,1,2
1557,225,1,2
1557,226,1,2
1557,227,1,2
1557,228,1,2
1557,229,1,2
1557,230,1,2
1557,231,1,2
1557,232,1,2
1557,233,1,2
1557,234,1,2
1557,235,1,2
1557,236,1,2
1557,237,1,2
1557,238,1,2
1557,239,1,2
1557,240,1,2
1557,241,1,2
1557,242,1,2
1557,243,1,2
1557,244,1,2
1557,245,1,2
1557,246,1,2
1557,247,1,2
1557,248,1,2
1557,249,1,2
1557,250,1,2
1557,251,1,2
1557,252,1,2
1557,253,1,2
1557,254,1,2
1557,255,1,2
1557,256,1,2
1557,257,1,2
1557,258,1,2
1557,259,1,2
1557,260,1,2
1557,261,1,2
1557,262,1,2
1557,263,1,2
1557,264,1,2
1557,265,1,2
1557,266,1,2
1557,267,1,2
1557,268,1,2
1557,269,1,2
1557,270,1,2
1557,271,1,2
1557,272,1,2
1557,273,1,2
1557,274,1,2
1557,275,1,2
1557,276,1,2
1557,277,1,2
1557,278,1,2
1557,279,1,2
1557,280,1,2
1557,281,1,2
1557,282,1,2
1557,283,1,2
1557,284,1,2
1557,285,1,2
1557,286,1,2
1557,287,1,2
1557,288,1,2
1557,289,1,2
1557,290,1,2
1557,291,1,2
1557,292,1,2
1557,293,1,2
1557,294,1,2
1557,295,1,2
1557,296,1,2
1557,297,1,2
1557,298,1,2
1557,299,1,2
1557,300,1,2
1557,301,1,2
1557,302,1,2
1557,303,1,2
1557,304,1,2
1557,305,1,2
1557,306,1,2
1557,307,1,2
1557,308,1,2
1557,309,1,2
1557,310,1,2
1557,311,1,2
1557,312,1,2
1557,313,1,2
1557,314,1,2
1557,315,1,2
1557,316,1,2
1557,317,1,2
1557,318,1,2
1557,319,1,2
1557,320,1,2
1557,321,1,2
1557,322,1,2
1557,323,1,2
1557,324,1,2
1557,325,1,2
1557,326,1,2
1557,327,1,2
1557,328,1,2
1557,329,1,2
1557,330,1,2
1557,331,1,2
1557,332,1,2
1557,333,1,2
1557,334,1,2
1557,335,1,2
1557,336,1,2
1557,337,1,2
1557,338,1,2
1557,339,1,2
1557,340,1,2
1557,341,1,2
1557,342,1,2
1557,343,1,2
1557,344,1,2
1557,345,1,2
1557,346,1,2
1557,347,1,2
1557,348,1,2
1557,349,1,2
1557,350,1,2
1557,351,1,2
1557,352,1,2
1557,353,1,2
1557,354,1,2
1557,355,1,2
1557,356,1,2
1557,357,1,2
1557,358,1,2
1557,359,1,2
1557,360,1,2
1557,361,1,2
1557,362,1,2
1557,363,1,2
1557,364,1,2
1557,365,1,2
1557,366,1,2
1557,367,1,2
1557,368,1,2
1557,369,1,2
1557,370,1,2
1557,371,1,2
1557,372,1,2
1557,373,1,2
1557,374,1,2
1557,375,1,2
1557,376,1,2
1557,377,1,2
1557,378,1,2
1557,379,1,2
1557,380,1,2
1557,381,1,2
1557,382,1,2
1557,383,1,2
1557,384,1,2
1557,385,1,2
1557,386,1,2
1557,387,1,2
1557,388,1,2
1557,389,1,2
1557,390,1,2
1557,391,1,2
1557,392,1,2
1557,393,1,2
1557,394,1,2
1557,395,1,2
1557,396,1,2
1557,397,1,2
1557,398,1,2
1557,399,1,2
1557,400,1,2
1557,401,1,2
1557,402,1,2
1557,403,1,2
1557,404,1,2
1557,405,1,2
1557,406,1,2
1557,407,1,2
1557,408,1,2
1557,409,1,2
1557,410,1,2
1557,411,1,2
1557,412,1,2
1557,413,1,2
1557,414,1,2
1557,415,1,2
1557,416,1,2
1557,417,1,2
1557,418,1,2
1557,419,1,2
1557,420,1,2
1557,421,1,2
1557,422,1,2
1557,423,1,2
1557,424,1,2
1557,425,1,2
1557,426,1,2
1557,427,1,2
1557,428,1,2
1557,429,1,2
1557,430,1,2
1557,431,1,2
1557,432,1,2
1557,433,1,2
1557,434,1,2
1557,435,1,2
1557,436,1,2
1557,437,1,2
1557,438,1,2
1557,439,1,2
1557,440,1,2
1557,441,1,2
1557,442,1,2
1557,443,1,2
1557,444,1,2
1557,445,1,2
1557,446,1,2
1557,447,1,2
1557,448,1,2
1557,449,1,2
1557,450,1,2
1557,451,1,2
1557,452,1,2
1557,453,1,2
1557,454,1,2
1557,455,1,2
1557,456,1,2
1557,457,1,2
1557,458,1,2
1557,459,1,2
1557,460,1,2
1557,461,1,2
1557,462,1,2
1557,463,1,2
1557,464,1,2
1557,465,1,2
1557,466,1,2
1557,467,1,2
1557,468,1,2
1557,469,1,2
1557,470,1,3
1558,101,1,3
1558,102,1,3
1558,103,1,3
1558,104,1,3
1558,105,1,3
1558,106,1,3
1558,107,1,3
1558,108,1,3
1558,109,1,3
1558,110,1,3
1558,111,1,3
1558,112,1,3
1558,113,1,3
1558,114,1,3
1558,115,1,3
1558,116,1,3
1558,117,1,3
1558,118,1,3
1558,119,1,3
1558,120,1,3
1558,121,1,3
1558,122,1,3
1558,123,1,3
1558,124,1,3
1558,125,1,3
1558,126,1,3
1558,127,1,3
1558,128,1,3
1558,129,1,3
1558,130,1,3
1558,131,1,3
1558,132,1,3
1558,133,1,3
1558,134,1,3
1558,135,1,3
1558,136,1,3
1558,137,1,3
1558,138,1,3
1558,139,1,3
1558,140,1,3
1558,141,1,3
1558,142,1,3
1558,143,1,3
1558,144,1,3
1558,145,1,3
1558,146,1,2
1558,147,1,2
1558,148,1,2
1558,149,1,2
1558,150,1,2
1558,151,1,2
1558,152,1,2
1558,153,1,2
1558,154,1,2
1558,155,1,2
1558,156,1,2
1558,157,1,2
1558,158,1,2
1558,159,1,2
1558,160,1,2
1558,161,1,2
1558,162,1,2
1558,163,1,2
1558,164,1,2
1558,165,1,2
1558,166,1,2
1558,167,1,2
1558,168,1,2
1558,169,1,2
1558,170,1,2
1558,171,1,2
1558,172,1,2
1558,173,1,2
1558,174,1,2
1558,175,1,2
1558,176,1,2
1558,177,1,2
1558,178,1,2
1558,179,1,2
1558,180,1,2
1558,181,1,2
1558,182,1,2
1558,183,1,2
1558,184,1,2
1558,185,1,2
1558,186,1,2
1558,187,1,2
1558,188,1,2
1558,189,1,2
1558,190,1,2
1558,191,1,2
1558,192,1,2
1558,193,1,2
1558,194,1,2
1558,195,1,2
1558,196,1,2
1558,197,1,2
1558,198,1,2
1558,199,1,2
1558,200,1,2
1558,201,1,2
1558,202,1,2
1558,203,1,2
1558,204,1,2
1558,205,1,2
1558,206,1,2
1558,207,1,2
1558,208,1,2
1558,209,1,2
1558,210,1,2
1558,211,1,2
1558,212,1,2
1558,213,1,2
1558,214,1,2
1558,215,1,2
1558,216,1,2
1558,217,1,2
1558,218,1,2
1558,219,1,2
1558,220,1,2
1558,221,1,2
1558,222,1,2
1558,223,1,2
1558,224,1,2
1558,225,1,2
1558,226,1,2
1558,227,1,2
1558,228,1,2
1558,229,1,2
1558,230,1,2
1558,231,1,2
1558,232,1,2
1558,233,1,2
1558,234,1,2
1558,235,1,2
1558,236,1,2
1558,237,1,2
1558,238,1,2
1558,239,1,2
1558,240,1,2
1558,241,1,2
1558,242,1,2
1558,243,1,2
1558,244,1,2
1558,245,1,2
1558,246,1,2
1558,247,1,2
1558,248,1,2
1558,249,1,2
1558,250,1,2
1558,251,1,2
1558,252,1,2
1558,253,1,2
1558,254,1,2
1558,255,1,2
1558,256,1,2
1558,257,1,2
1558,258,1,2
1558,259,1,2
1558,260,1,2
1558,261,1,2
1558,262,1,2
1558,263,1,2
1558,264,1,2
1558,265,1,2
1558,266,1,2
1558,267,1,2
1558,268,1,2
1558,269,1,2
1558,270,1,2
1558,271,1,2
1558,272,1,2
1558,273,1,2
1558,274,1,2
1558,275,1,2
1558,276,1,2
1558,277,1,2
1558,278,1,2
1558,279,1,2
1558,280,1,2
1558,281,1,2
1558,282,1,2
1558,283,1,2
1558,284,1,2
1558,285,1,2
1558,286,1,2
1558,287,1,2
1558,288,1,2
1558,289,1,2
1558,290,1,2
1558,291,1,2
1558,292,1,2
1558,293,1,2
1558,294,1,2
1558,295,1,2
1558,296,1,2
1558,297,1,2
1558,298,1,2
1558,299,1,2
1558,300,1,2
1558,301,1,2
1558,302,1,2
1558,303,1,2
1558,304,1,2
1558,305,1,2
1558,306,1,2
1558,307,1,2
1558,308,1,2
1558,309,1,2
1558,310,1,2
1558,311,1,2
1558,312,1,2
1558,313,1,2
1558,314,1,2
1558,315,1,2
1558,316,1,2
1558,317,1,2
1558,318,1,2
1558,319,1,2
1558,320,1,2
1558,321,1,2
1558,322,1,2
1558,323,1,2
1558,324,1,2
1558,325,1,2
1558,326,1,2
1558,327,1,2
1558,328,1,2
1558,329,1,2
1558,330,1,2
1558,331,1,2
1558,332,1,2
1558,333,1,2
1558,334,1,2
1558,335,1,2
1558,336,1,2
1558,337,1,2
1558,338,1,2
1558,339,1,2
1558,340,1,2
1558,341,1,2
1558,342,1,2
1558,343,1,2
1558,344,1,2
1558,345,1,2
1558,346,1,2
1558,347,1,2
1558,348,1,2
1558,349,1,2
1558,350,1,2
1558,351,1,2
1558,352,1,2
1558,353,1,2
1558,354,1,2
1558,355,1,2
1558,356,1,2
1558,357,1,2
1558,358,1,2
1558,359,1,2
1558,360,1,2
1558,361,1,2
1558,362,1,2
1558,363,1,2
1558,364,1,2
1558,365,1,2
1558,366,1,2
1558,367,1,2
1558,368,1,2
1558,369,1,2
1558,370,1,2
1558,371,1,2
1558,372,1,2
1558,373,1,2
1558,374,1,2
1558,375,1,2
1558,376,1,2
1558,377,1,2
1558,378,1,2
1558,379,1,2
1558,380,1,2
1558,381,1,2
1558,382,1,2
1558,383,1,2
1558,384,1,2
1558,385,1,2
1558,386,1,2
1558,387,1,2
1558,388,1,2
1558,389,1,2
1558,390,1,2
1558,391,1,2
1558,392,1,2
1558,393,1,2
1558,394,1,2
1558,395,1,2
1558,396,1,2
1558,397,1,2
1558,398,1,2
1558,399,1,2
1558,400,1,2
1558,401,1,2
1558,402,1,2
1558,403,1,2
1558,404,1,2
1558,405,1,2
1558,406,1,2
1558,407,1,2
1558,408,1,2
1558,409,1,2
1558,410,1,2
1558,411,1,2
1558,412,1,2
1558,413,1,2
1558,414,1,2
1558,415,1,2
1558,416,1,2
1558,417,1,2
1558,418,1,2
1558,419,1,2
1558,420,1,2
1558,421,1,2
1558,422,1,2
1558,423,1,2
1558,424,1,2
1558,425,1,2
1558,426,1,2
1558,427,1,2
1558,428,1,2
1558,429,1,2
1558,430,1,2
1558,431,1,2
1558,432,1,2
1558,433,1,2
1558,434,1,2
1558,435,1,2
1558,436,1,2
1558,437,1,2
1558,438,1,2
1558,439,1,2
1558,440,1,2
1558,441,1,2
1558,442,1,2
1558,443,1,2
1558,444,1,2
1558,445,1,2
1558,446,1,2
1558,447,1,2
1558,448,1,2
1558,449,1,2
1558,450,1,2
1558,451,1,2
1558,452,1,2
1558,453,1,2
1558,454,1,2
1558,455,1,2
1558,456,1,2
1558,457,1,2
1558,458,1,2
1558,459,1,2
1558,460,1,2
1558,461,1,2
1558,462,1,2
1558,463,1,2
1558,464,1,2
1558,465,1,2
1558,466,1,2
1558,467,1,2
1558,468,1,2
1558,469,1,2
1558,470,1,3
1559,101,1,3
1559,102,1,3
1559,103,1,3
1559,104,1,3
1559,105,1,3
1559,106,1,3
1559,107,1,3
1559,108,1,3
1559,109,1,3
1559,110,1,3
1559,111,1,3
1559,112,1,3
1559,113,1,3
1559,114,1,3
1559,115,1,3
1559,116,1,3
1559,117,1,3
1559,118,1,3
1559,119,1,3
1559,120,1,3
1559,121,1,3
1559,122,1,3
1559,123,1,3
1559,124,1,3
1559,125,1,3
1559,126,1,3
1559,127,1,3
1559,128,1,3
1559,129,1,3
1559,130,1,3
1559,131,1,3
1559,132,1,3
1559,133,1,3
1559,134,1,3
1559,135,1,3
1559,136,1,3
1559,137,1,3
1559,138,1,3
1559,139,1,3
1559,140,1,3
1559,141,1,3
1559,142,1,3
1559,143,1,3
1559,144,1,3
1559,145,1,3
1559,146,1,2
1559,147,1,2
1559,148,1,2
1559,149,1,2
1559,150,1,2
1559,151,1,2
1559,152,1,2
1559,153,1,2
1559,154,1,2
1559,155,1,2
1559,156,1,2
1559,157,1,2
1559,158,1,2
1559,159,1,2
1559,160,1,2
1559,161,1,2
1559,162,1,2
1559,163,1,2
1559,164,1,2
1559,165,1,2
1559,166,1,2
1559,167,1,2
1559,168,1,2
1559,169,1,2
1559,170,1,2
1559,171,1,2
1559,172,1,2
1559,173,1,2
1559,174,1,2
1559,175,1,2
1559,176,1,2
1559,177,1,2
1559,178,1,2
1559,179,1,2
1559,180,1,2
1559,181,1,2
1559,182,1,2
1559,183,1,2
1559,184,1,2
1559,185,1,2
1559,186,1,2
1559,187,1,2
1559,188,1,2
1559,189,1,2
1559,190,1,2
1559,191,1,2
1559,192,1,2
1559,193,1,2
1559,194,1,2
1559,195,1,2
1559,196,1,2
1559,197,1,2
1559,198,1,2
1559,199,1,2
1559,200,1,2
1559,201,1,2
1559,202,1,2
1559,203,1,2
1559,204,1,2
1559,205,1,2
1559,206,1,2
1559,207,1,2
1559,208,1,2
1559,209,1,2
1559,210,1,2
1559,211,1,2
1559,212,1,2
1559,213,1,2
1559,214,1,2
1559,215,1,2
1559,216,1,2
1559,217,1,2
1559,218,1,2
1559,219,1,2
1559,220,1,2
1559,221,1,2
1559,222,1,2
1559,223,1,2
1559,224,1,2
1559,225,1,2
1559,226,1,2
1559,227,1,2
1559,228,1,2
1559,229,1,2
1559,230,1,2
1559,231,1,2
1559,232,1,2
1559,233,1,2
1559,234,1,2
1559,235,1,2
1559,236,1,2
1559,237,1,2
1559,238,1,2
1559,239,1,2
1559,240,1,2
1559,241,1,2
1559,242,1,2
1559,243,1,2
1559,244,1,2
1559,245,1,2
1559,246,1,2
1559,247,1,2
1559,248,1,2
1559,249,1,2
1559,250,1,2
1559,251,1,2
1559,252,1,2
1559,253,1,2
1559,254,1,2
1559,255,1,2
1559,256,1,2
1559,257,1,2
1559,258,1,2
1559,259,1,2
1559,260,1,2
1559,261,1,2
1559,262,1,2
1559,263,1,2
1559,264,1,2
1559,265,1,2
1559,266,1,2
1559,267,1,2
1559,268,1,2
1559,269,1,2
1559,270,1,2
1559,271,1,2
1559,272,1,2
1559,273,1,2
1559,274,1,2
1559,275,1,2
1559,276,1,2
1559,277,1,2
1559,278,1,2
1559,279,1,2
1559,280,1,2
1559,281,1,2
1559,282,1,2
1559,283,1,2
1559,284,1,2
1559,285,1,2
1559,286,1,2
1559,287,1,2
1559,288,1,2
1559,289,1,2
1559,290,1,2
1559,291,1,2
1559,292,1,2
1559,293,1,2
1559,294,1,2
1559,295,1,2
1559,296,1,2
1559,297,1,2
1559,298,1,2
1559,299,1,2
1559,300,1,2
1559,301,1,2
1559,302,1,2
1559,303,1,2
1559,304,1,2
1559,305,1,2
1559,306,1,2
1559,307,1,2
1559,308,1,2
1559,309,1,2
1559,310,1,2
1559,311,1,2
1559,312,1,2
1559,313,1,2
1559,314,1,2
1559,315,1,2
1559,316,1,2
1559,317,1,2
1559,318,1,2
1559,319,1,2
1559,320,1,2
1559,321,1,2
1559,322,1,2
1559,323,1,2
1559,324,1,2
1559,325,1,2
1559,326,1,2
1559,327,1,2
1559,328,1,2
1559,329,1,2
1559,330,1,2
1559,331,1,2
1559,332,1,2
1559,333,1,2
1559,334,1,2
1559,335,1,2
1559,336,1,2
1559,337,1,2
1559,338,1,2
1559,339,1,2
1559,340,1,2
1559,341,1,2
1559,342,1,2
1559,343,1,2
1559,344,1,2
1559,345,1,2
1559,346,1,2
1559,347,1,2
1559,348,1,2
1559,349,1,2
1559,350,1,2
1559,351,1,2
1559,352,1,2
1559,353,1,2
1559,354,1,2
1559,355,1,2
1559,356,1,2
1559,357,1,2
1559,358,1,2
1559,359,1,2
1559,360,1,2
1559,361,1,2
1559,362,1,2
1559,363,1,2
1559,364,1,2
1559,365,1,2
1559,366,1,2
1559,367,1,2
1559,368,1,2
1559,369,1,2
1559,370,1,2
1559,371,1,2
1559,372,1,2
1559,373,1,2
1559,374,1,2
1559,375,1,2
1559,376,1,2
1559,377,1,2
1559,378,1,2
1559,379,1,2
1559,380,1,2
1559,381,1,2
1559,382,1,2
1559,383,1,2
1559,384,1,2
1559,385,1,2
1559,386,1,2
1559,387,1,2
1559,388,1,2
1559,389,1,2
1559,390,1,2
1559,391,1,2
1559,392,1,2
1559,393,1,2
1559,394,1,2
1559,395,1,2
1559,396,1,2
1559,397,1,2
1559,398,1,2
1559,399,1,2
1559,400,1,2
1559,401,1,2
1559,402,1,2
1559,403,1,2
1559,404,1,2
1559,405,1,2
1559,406,1,2
1559,407,1,2
1559,408,1,2
1559,409,1,2
1559,410,1,2
1559,411,1,2
1559,412,1,2
1559,413,1,2
1559,414,1,2
1559,415,1,2
1559,416,1,2
1559,417,1,2
1559,418,1,2
1559,419,1,2
1559,420,1,2
1559,421,1,2
1559,422,1,2
1559,423,1,2
1559,424,1,2
1559,425,1,2
1559,426,1,2
1559,427,1,2
1559,428,1,2
1559,429,1,2
1559,430,1,2
1559,431,1,2
1559,432,1,2
1559,433,1,2
1559,434,1,2
1559,435,1,2
1559,436,1,2
1559,437,1,2
1559,438,1,2
1559,439,1,2
1559,440,1,2
1559,441,1,2
1559,442,1,2
1559,443,1,2
1559,444,1,2
1559,445,1,2
1559,446,1,2
1559,447,1,2
1559,448,1,2
1559,449,1,2
1559,450,1,2
1559,451,1,2
1559,452,1,2
1559,453,1,2
1559,454,1,2
1559,455,1,2
1559,456,1,2
1559,457,1,2
1559,458,1,2
1559,459,1,2
1559,460,1,2
1559,461,1,2
1559,462,1,2
1559,463,1,2
1559,464,1,2
1559,465,1,2
1559,466,1,2
1559,467,1,2
1559,468,1,2
1559,469,1,2
1559,470,1,2
1560,101,1,3
1560,102,1,3
1560,103,1,3
1560,104,1,3
1560,105,1,3
1560,106,1,3
1560,107,1,3
1560,108,1,3
1560,109,1,3
1560,110,1,3
1560,111,1,3
1560,112,1,3
1560,113,1,3
1560,114,1,3
1560,115,1,3
1560,116,1,3
1560,117,1,3
1560,118,1,3
1560,119,1,3
1560,120,1,3
1560,121,1,3
1560,122,1,3
1560,123,1,3
1560,124,1,3
1560,125,1,3
1560,126,1,3
1560,127,1,3
1560,128,1,3
1560,129,1,3
1560,130,1,3
1560,131,1,3
1560,132,1,3
1560,133,1,3
1560,134,1,3
1560,135,1,3
1560,136,1,3
1560,137,1,3
1560,138,1,3
1560,139,1,3
1560,140,1,3
1560,141,1,3
1560,142,1,3
1560,143,1,3
1560,144,1,3
1560,145,1,3
1560,146,1,2
1560,147,1,2
1560,148,1,2
1560,149,1,2
1560,150,1,2
1560,151,1,2
1560,152,1,2
1560,153,1,2
1560,154,1,2
1560,155,1,2
1560,156,1,2
1560,157,1,2
1560,158,1,2
1560,159,1,2
1560,160,1,2
1560,161,1,2
1560,162,1,2
1560,163,1,2
1560,164,1,2
1560,165,1,2
1560,166,1,2
1560,167,1,2
1560,168,1,2
1560,169,1,2
1560,170,1,2
1560,171,1,2
1560,172,1,2
1560,173,1,2
1560,174,1,2
1560,175,1,2
1560,176,1,2
1560,177,1,2
1560,178,1,2
1560,179,1,2
1560,180,1,2
1560,181,1,2
1560,182,1,2
1560,183,1,2
1560,184,1,2
1560,185,1,2
1560,186,1,2
1560,187,1,2
1560,188,1,2
1560,189,1,2
1560,190,1,2
1560,191,1,2
1560,192,1,2
1560,193,1,2
1560,194,1,2
1560,195,1,2
1560,196,1,2
1560,197,1,2
1560,198,1,2
1560,199,1,2
1560,200,1,2
1560,201,1,2
1560,202,1,2
1560,203,1,2
1560,204,1,2
1560,205,1,2
1560,206,1,2
1560,207,1,2
1560,208,1,2
1560,209,1,2
1560,210,1,2
1560,211,1,2
1560,212,1,2
1560,213,1,2
1560,214,1,2
1560,215,1,2
1560,216,1,2
1560,217,1,2
1560,218,1,2
1560,219,1,2
1560,220,1,2
1560,221,1,2
1560,222,1,2
1560,223,1,2
1560,224,1,2
1560,225,1,2
1560,226,1,2
1560,227,1,2
1560,228,1,2
1560,229,1,2
1560,230,1,2
1560,231,1,2
1560,232,1,2
1560,233,1,2
1560,234,1,2
1560,235,1,2
1560,236,1,2
1560,237,1,2
1560,238,1,2
1560,239,1,2
1560,240,1,2
1560,241,1,2
1560,242,1,2
1560,243,1,2
1560,244,1,2
1560,245,1,2
1560,246,1,2
1560,247,1,2
1560,248,1,2
1560,249,1,2
1560,250,1,2
1560,251,1,2
1560,252,1,2
1560,253,1,2
1560,254,1,2
1560,255,1,2
1560,256,1,2
1560,257,1,2
1560,258,1,2
1560,259,1,2
1560,260,1,2
1560,261,1,2
1560,262,1,2
1560,263,1,2
1560,264,1,2
1560,265,1,2
1560,266,1,2
1560,267,1,2
1560,268,1,2
1560,269,1,2
1560,270,1,2
1560,271,1,2
1560,272,1,2
1560,273,1,2
1560,274,1,2
1560,275,1,2
1560,276,1,2
1560,277,1,2
1560,278,1,2
1560,279,1,2
1560,280,1,2
1560,281,1,2
1560,282,1,2
1560,283,1,2
1560,284,1,2
1560,285,1,2
1560,286,1,2
1560,287,1,2
1560,288,1,2
1560,289,1,2
1560,290,1,2
1560,291,1,2
1560,292,1,2
1560,293,1,2
1560,294,1,2
1560,295,1,2
1560,296,1,2
1560,297,1,2
1560,298,1,2
1560,299,1,2
1560,300,1,2
1560,301,1,2
1560,302,1,2
1560,303,1,2
1560,304,1,2
1560,305,1,2
1560,306,1,2
1560,307,1,2
1560,308,1,2
1560,309,1,2
1560,310,1,2
1560,311,1,2
1560,312,1,2
1560,313,1,2
1560,314,1,2
1560,315,1,2
1560,316,1,2
1560,317,1,2
1560,318,1,2
1560,319,1,2
1560,320,1,2
1560,321,1,2
1560,322,1,2
1560,323,1,2
1560,324,1,2
1560,325,1,2
1560,326,1,2
1560,327,1,2
1560,328,1,2
1560,329,1,2
1560,330,1,2
1560,331,1,2
1560,332,1,2
1560,333,1,2
1560,334,1,2
1560,335,1,2
1560,336,1,2
1560,337,1,2
1560,338,1,2
1560,339,1,2
1560,340,1,2
1560,341,1,2
1560,342,1,2
1560,343,1,2
1560,344,1,2
1560,345,1,2
1560,346,1,2
1560,347,1,2
1560,348,1,2
1560,349,1,2
1560,350,1,2
1560,351,1,2
1560,352,1,2
1560,353,1,2
1560,354,1,2
1560,355,1,2
1560,356,1,2
1560,357,1,2
1560,358,1,2
1560,359,1,2
1560,360,1,2
1560,361,1,2
1560,362,1,2
1560,363,1,2
1560,364,1,2
1560,365,1,2
1560,366,1,2
1560,367,1,2
1560,368,1,2
1560,369,1,2
1560,370,1,2
1560,371,1,2
1560,372,1,2
1560,373,1,2
1560,374,1,2
1560,375,1,2
1560,376,1,2
1560,377,1,2
1560,378,1,2
1560,379,1,2
1560,380,1,2
1560,381,1,2
1560,382,1,2
1560,383,1,2
1560,384,1,2
1560,385,1,2
1560,386,1,2
1560,387,1,2
1560,388,1,2
1560,389,1,2
1560,390,1,2
1560,391,1,2
1560,392,1,2
1560,393,1,2
1560,394,1,2
1560,395,1,2
1560,396,1,2
1560,397,1,2
1560,398,1,2
1560,399,1,2
1560,400,1,2
1560,401,1,2
1560,402,1,2
1560,403,1,2
1560,404,1,2
1560,405,1,2
1560,406,1,2
1560,407,1,2
1560,408,1,2
1560,409,1,2
1560,410,1,2
1560,411,1,2
1560,412,1,2
1560,413,1,2
1560,414,1,2
1560,415,1,2
1560,416,1,2
1560,417,1,2
1560,418,1,2
1560,419,1,2
1560,420,1,2
1560,421,1,2
1560,422,1,2
1560,423,1,2
1560,424,1,2
1560,425,1,2
1560,426,1,2
1560,427,1,2
1560,428,1,2
1560,429,1,2
1560,430,1,2
1560,431,1,2
1560,432,1,2
1560,433,1,2
1560,434,1,2
1560,435,1,2
1560,436,1,2
1560,437,1,2
1560,438,1,2
1560,439,1,2
1560,440,1,2
1560,441,1,2
1560,442,1,2
1560,443,1,2
1560,444,1,2
1560,445,1,2
1560,446,1,2
1560,447,1,2
1560,448,1,2
1560,449,1,2
1560,450,1,2
1560,451,1,2
1560,452,1,2
1560,453,1,2
1560,454,1,2
1560,455,1,2
1560,456,1,2
1560,457,1,2
1560,458,1,2
1560,459,1,2
1560,460,1,2
1560,461,1,2
1560,462,1,2
1560,463,1,2
1560,464,1,2
1560,465,1,2
1560,466,1,2
1560,467,1,2
1560,468,1,2
1560,469,1,2
1560,470,1,2
1561,101,1,3
1561,102,1,3
1561,103,1,3
1561,104,1,3
1561,105,1,3
1561,106,1,3
1561,107,1,3
1561,108,1,3
1561,109,1,3
1561,110,1,3
1561,111,1,3
1561,112,1,3
1561,113,1,3
1561,114,1,3
1561,115,1,3
1561,116,1,3
1561,117,1,3
1561,118,1,3
1561,119,1,3
1561,120,1,3
1561,121,1,3
1561,122,1,3
1561,123,1,3
1561,124,1,3
1561,125,1,3
1561,126,1,3
1561,127,1,3
1561,128,1,3
1561,129,1,3
1561,130,1,3
1561,131,1,3
1561,132,1,3
1561,133,1,3
1561,134,1,3
1561,135,1,3
1561,136,1,3
1561,137,1,3
1561,138,1,3
1561,139,1,3
1561,140,1,3
1561,141,1,3
1561,142,1,3
1561,143,1,3
1561,144,1,3
1561,145,1,3
1561,146,1,2
1561,147,1,2
1561,148,1,2
1561,149,1,2
1561,150,1,2
1561,151,1,2
1561,152,1,2
1561,153,1,2
1561,154,1,2
1561,155,1,2
1561,156,1,2
1561,157,1,2
1561,158,1,2
1561,159,1,2
1561,160,1,2
1561,161,1,2
1561,162,1,2
1561,163,1,2
1561,164,1,2
1561,165,1,2
1561,166,1,2
1561,167,1,2
1561,168,1,2
1561,169,1,2
1561,170,1,2
1561,171,1,2
1561,172,1,2
1561,173,1,2
1561,174,1,2
1561,175,1,2
1561,176,1,2
1561,177,1,2
1561,178,1,2
1561,179,1,2
1561,180,1,2
1561,181,1,2
1561,182,1,2
1561,183,1,2
1561,184,1,2
1561,185,1,2
1561,186,1,2
1561,187,1,2
1561,188,1,2
1561,189,1,2
1561,190,1,2
1561,191,1,2
1561,192,1,2
1561,193,1,2
1561,194,1,2
1561,195,1,2
1561,196,1,2
1561,197,1,2
1561,198,1,2
1561,199,1,2
1561,200,1,2
1561,201,1,2
1561,202,1,2
1561,203,1,2
1561,204,1,2
1561,205,1,2
1561,206,1,2
1561,207,1,2
1561,208,1,2
1561,209,1,2
1561,210,1,2
1561,211,1,2
1561,212,1,2
1561,213,1,2
1561,214,1,2
1561,215,1,2
1561,216,1,2
1561,217,1,2
1561,218,1,2
1561,219,1,2
1561,220,1,2
1561,221,1,2
1561,222,1,2
1561,223,1,2
1561,224,1,2
1561,225,1,2
1561,226,1,2
1561,227,1,2
1561,228,1,2
1561,229,1,2
1561,230,1,2
1561,231,1,2
1561,232,1,2
1561,233,1,2
1561,234,1,2
1561,235,1,2
1561,236,1,2
1561,237,1,2
1561,238,1,2
1561,239,1,2
1561,240,1,2
1561,241,1,2
1561,242,1,2
1561,243,1,2
1561,244,1,2
1561,245,1,2
1561,246,1,2
1561,247,1,2
1561,248,1,2
1561,249,1,2
1561,250,1,2
1561,251,1,2
1561,252,1,2
1561,253,1,2
1561,254,1,2
1561,255,1,2
1561,256,1,2
1561,257,1,2
1561,258,1,2
1561,259,1,2
1561,260,1,2
1561,261,1,2
1561,262,1,2
1561,263,1,2
1561,264,1,2
1561,265,1,2
1561,266,1,2
1561,267,1,2
1561,268,1,2
1561,269,1,2
1561,270,1,2
1561,271,1,2
1561,272,1,2
1561,273,1,2
1561,274,1,2
1561,275,1,2
1561,276,1,2
1561,277,1,2
1561,278,1,2
1561,279,1,2
1561,280,1,2
1561,281,1,2
1561,282,1,2
1561,283,1,2
1561,284,1,2
1561,285,1,2
1561,286,1,2
1561,287,1,2
1561,288,1,2
1561,289,1,2
1561,290,1,2
1561,291,1,2
1561,292,1,2
1561,293,1,2
1561,294,1,2
1561,295,1,2
1561,296,1,2
1561,297,1,2
1561,298,1,2
1561,299,1,2
1561,300,1,2
1561,301,1,2
1561,302,1,2
1561,303,1,2
1561,304,1,2
1561,305,1,2
1561,306,1,2
1561,307,1,2
1561,308,1,2
1561,309,1,2
1561,310,1,2
1561,311,1,2
1561,312,1,2
1561,313,1,2
1561,314,1,2
1561,315,1,2
1561,316,1,2
1561,317,1,2
1561,318,1,2
1561,319,1,2
1561,320,1,2
1561,321,1,2
1561,322,1,2
1561,323,1,2
1561,324,1,2
1561,325,1,2
1561,326,1,2
1561,327,1,2
1561,328,1,2
1561,329,1,2
1561,330,1,2
1561,331,1,2
1561,332,1,2
1561,333,1,2
1561,334,1,2
1561,335,1,2
1561,336,1,2
1561,337,1,2
1561,338,1,2
1561,339,1,2
1561,340,1,2
1561,341,1,2
1561,342,1,2
1561,343,1,2
1561,344,1,2
1561,345,1,2
1561,346,1,2
1561,347,1,2
1561,348,1,2
1561,349,1,2
1561,350,1,2
1561,351,1,2
1561,352,1,2
1561,353,1,2
1561,354,1,2
1561,355,1,2
1561,356,1,2
1561,357,1,2
1561,358,1,2
1561,359,1,2
1561,360,1,2
1561,361,1,2
1561,362,1,2
1561,363,1,2
1561,364,1,2
1561,365,1,2
1561,366,1,2
1561,367,1,2
1561,368,1,2
1561,369,1,2
1561,370,1,2
1561,371,1,2
1561,372,1,2
1561,373,1,2
1561,374,1,2
1561,375,1,2
1561,376,1,2
1561,377,1,2
1561,378,1,2
1561,379,1,2
1561,380,1,2
1561,381,1,2
1561,382,1,2
1561,383,1,2
1561,384,1,2
1561,385,1,2
1561,386,1,2
1561,387,1,2
1561,388,1,2
1561,389,1,2
1561,390,1,2
1561,391,1,2
1561,392,1,2
1561,393,1,2
1561,394,1,2
1561,395,1,2
1561,396,1,2
1561,397,1,2
1561,398,1,2
1561,399,1,2
1561,400,1,2
1561,401,1,2
1561,402,1,2
1561,403,1,2
1561,404,1,2
1561,405,1,2
1561,406,1,2
1561,407,1,2
1561,408,1,2
1561,409,1,2
1561,410,1,2
1561,411,1,2
1561,412,1,2
1561,413,1,2
1561,414,1,2
1561,415,1,2
1561,416,1,2
1561,417,1,2
1561,418,1,2
1561,419,1,2
1561,420,1,2
1561,421,1,2
1561,422,1,2
1561,423,1,2
1561,424,1,2
1561,425,1,2
1561,426,1,2
1561,427,1,2
1561,428,1,2
1561,429,1,2
1561,430,1,2
1561,431,1,2
1561,432,1,2
1561,433,1,2
1561,434,1,2
1561,435,1,2
1561,436,1,2
1561,437,1,2
1561,438,1,2
1561,439,1,2
1561,440,1,2
1561,441,1,2
1561,442,1,2
1561,443,1,2
1561,444,1,2
1561,445,1,2
1561,446,1,2
1561,447,1,2
1561,448,1,2
1561,449,1,2
1561,450,1,2
1561,451,1,2
1561,452,1,2
1561,453,1,2
1561,454,1,2
1561,455,1,2
1561,456,1,2
1561,457,1,2
1561,458,1,2
1561,459,1,2
1561,460,1,2
1561,461,1,2
1561,462,1,2
1561,463,1,2
1561,464,1,2
1561,465,1,2
1561,466,1,2
1561,467,1,2
1561,468,1,2
1561,469,1,2
1561,470,1,2
1562,101,1,3
1562,102,1,3
1562,103,1,3
1562,104,1,3
1562,105,1,3
1562,106,1,3
1562,107,1,3
1562,108,1,3
1562,109,1,3
1562,110,1,3
1562,111,1,3
1562,112,1,3
1562,113,1,3
1562,114,1,3
1562,115,1,3
1562,116,1,3
1562,117,1,3
1562,118,1,3
1562,119,1,3
1562,120,1,3
1562,121,1,3
1562,122,1,3
1562,123,1,3
1562,124,1,3
1562,125,1,3
1562,126,1,3
1562,127,1,3
1562,128,1,3
1562,129,1,3
1562,130,1,3
1562,131,1,3
1562,132,1,3
1562,133,1,3
1562,134,1,3
1562,135,1,3
1562,136,1,3
1562,137,1,3
1562,138,1,3
1562,139,1,3
1562,140,1,3
1562,141,1,3
1562,142,1,3
1562,143,1,3
1562,144,1,3
1562,145,1,3
1562,146,1,2
1562,147,1,2
1562,148,1,2
1562,149,1,2
1562,150,1,2
1562,151,1,2
1562,152,1,2
1562,153,1,2
1562,154,1,2
1562,155,1,2
1562,156,1,2
1562,157,1,2
1562,158,1,2
1562,159,1,2
1562,160,1,2
1562,161,1,2
1562,162,1,2
1562,163,1,2
1562,164,1,2
1562,165,1,2
1562,166,1,2
1562,167,1,2
1562,168,1,2
1562,169,1,2
1562,170,1,2
1562,171,1,2
1562,172,1,2
1562,173,1,2
1562,174,1,2
1562,175,1,2
1562,176,1,2
1562,177,1,2
1562,178,1,2
1562,179,1,2
1562,180,1,2
1562,181,1,2
1562,182,1,2
1562,183,1,2
1562,184,1,2
1562,185,1,2
1562,186,1,2
1562,187,1,2
1562,188,1,2
1562,189,1,2
1562,190,1,2
1562,191,1,2
1562,192,1,2
1562,193,1,2
1562,194,1,2
1562,195,1,2
1562,196,1,2
1562,197,1,2
1562,198,1,2
1562,199,1,2
1562,200,1,2
1562,201,1,2
1562,202,1,2
1562,203,1,2
1562,204,1,2
1562,205,1,2
1562,206,1,2
1562,207,1,2
1562,208,1,2
1562,209,1,2
1562,210,1,2
1562,211,1,2
1562,212,1,2
1562,213,1,2
1562,214,1,2
1562,215,1,2
1562,216,1,2
1562,217,1,2
1562,218,1,2
1562,219,1,2
1562,220,1,2
1562,221,1,2
1562,222,1,2
1562,223,1,2
1562,224,1,2
1562,225,1,2
1562,226,1,2
1562,227,1,2
1562,228,1,2
1562,229,1,2
1562,230,1,2
1562,231,1,2
1562,232,1,2
1562,233,1,2
1562,234,1,2
1562,235,1,2
1562,236,1,2
1562,237,1,2
1562,238,1,2
1562,239,1,2
1562,240,1,2
1562,241,1,2
1562,242,1,2
1562,243,1,2
1562,244,1,2
1562,245,1,2
1562,246,1,2
1562,247,1,2
1562,248,1,2
1562,249,1,2
1562,250,1,2
1562,251,1,2
1562,252,1,2
1562,253,1,2
1562,254,1,2
1562,255,1,2
1562,256,1,2
1562,257,1,2
1562,258,1,2
1562,259,1,2
1562,260,1,2
1562,261,1,2
1562,262,1,2
1562,263,1,2
1562,264,1,2
1562,265,1,2
1562,266,1,2
1562,267,1,2
1562,268,1,2
1562,269,1,2
1562,270,1,2
1562,271,1,2
1562,272,1,2
1562,273,1,2
1562,274,1,2
1562,275,1,2
1562,276,1,2
1562,277,1,2
1562,278,1,2
1562,279,1,2
1562,280,1,2
1562,281,1,2
1562,282,1,2
1562,283,1,2
1562,284,1,2
1562,285,1,2
1562,286,1,2
1562,287,1,2
1562,288,1,2
1562,289,1,2
1562,290,1,2
1562,291,1,2
1562,292,1,2
1562,293,1,2
1562,294,1,2
1562,295,1,2
1562,296,1,2
1562,297,1,2
1562,298,1,2
1562,299,1,2
1562,300,1,2
1562,301,1,2
1562,302,1,2
1562,303,1,2
1562,304,1,2
1562,305,1,2
1562,306,1,2
1562,307,1,2
1562,308,1,2
1562,309,1,2
1562,310,1,2
1562,311,1,2
1562,312,1,2
1562,313,1,2
1562,314,1,2
1562,315,1,2
1562,316,1,2
1562,317,1,2
1562,318,1,2
1562,319,1,2
1562,320,1,2
1562,321,1,2
1562,322,1,2
1562,323,1,2
1562,324,1,2
1562,325,1,2
1562,326,1,2
1562,327,1,2
1562,328,1,2
1562,329,1,2
1562,330,1,2
1562,331,1,2
1562,332,1,2
1562,333,1,2
1562,334,1,2
1562,335,1,2
1562,336,1,2
1562,337,1,2
1562,338,1,2
1562,339,1,2
1562,340,1,2
1562,341,1,2
1562,342,1,2
1562,343,1,2
1562,344,1,2
1562,345,1,2
1562,346,1,2
1562,347,1,2
1562,348,1,2
1562,349,1,2
1562,350,1,2
1562,351,1,2
1562,352,1,2
1562,353,1,2
1562,354,1,2
1562,355,1,2
1562,356,1,2
1562,357,1,2
1562,358,1,2
1562,359,1,2
1562,360,1,2
1562,361,1,2
1562,362,1,2
1562,363,1,2
1562,364,1,2
1562,365,1,2
1562,366,1,2
1562,367,1,2
1562,368,1,2
1562,369,1,2
1562,370,1,2
1562,371,1,2
1562,372,1,2
1562,373,1,2
1562,374,1,2
1562,375,1,2
1562,376,1,2
1562,377,1,2
1562,378,1,2
1562,379,1,2
1562,380,1,2
1562,381,1,2
1562,382,1,2
1562,383,1,2
1562,384,1,2
1562,385,1,2
1562,386,1,2
1562,387,1,2
1562,388,1,2
1562,389,1,2
1562,390,1,2
1562,391,1,2
1562,392,1,2
1562,393,1,2
1562,394,1,2
1562,395,1,2
1562,396,1,2
1562,397,1,2
1562,398,1,2
1562,399,1,2
1562,400,1,2
1562,401,1,2
1562,402,1,2
1562,403,1,2
1562,404,1,2
1562,405,1,2
1562,406,1,2
1562,407,1,2
1562,408,1,2
1562,409,1,2
1562,410,1,2
1562,411,1,2
1562,412,1,2
1562,413,1,2
1562,414,1,2
1562,415,1,2
1562,416,1,2
1562,417,1,2
1562,418,1,2
1562,419,1,2
1562,420,1,2
1562,421,1,2
1562,422,1,2
1562,423,1,2
1562,424,1,2
1562,425,1,2
1562,426,1,2
1562,427,1,2
1562,428,1,2
1562,429,1,2
1562,430,1,2
1562,431,1,2
1562,432,1,2
1562,433,1,2
1562,434,1,2
1562,435,1,2
1562,436,1,2
1562,437,1,2
1562,438,1,2
1562,439,1,2
1562,440,1,2
1562,441,1,2
1562,442,1,2
1562,443,1,2
1562,444,1,2
1562,445,1,2
1562,446,1,2
1562,447,1,2
1562,448,1,2
1562,449,1,2
1562,450,1,2
1562,451,1,2
1562,452,1,2
1562,453,1,2
1562,454,1,2
1562,455,1,2
1562,456,1,2
1562,457,1,2
1562,458,1,2
1562,459,1,2
1562,460,1,2
1562,461,1,2
1562,462,1,2
1562,463,1,2
1562,464,1,2
1562,465,1,2
1562,466,1,2
1562,467,1,2
1562,468,1,2
1562,469,1,2
1562,470,1,2
1563,101,1,3
1563,102,1,3
1563,103,1,3
1563,104,1,3
1563,105,1,3
1563,106,1,3
1563,107,1,3
1563,108,1,3
1563,109,1,3
1563,110,1,3
1563,111,1,3
1563,112,1,3
1563,113,1,3
1563,114,1,3
1563,115,1,3
1563,116,1,3
1563,117,1,3
1563,118,1,3
1563,119,1,3
1563,120,1,3
1563,121,1,3
1563,122,1,3
1563,123,1,3
1563,124,1,3
1563,125,1,3
1563,126,1,3
1563,127,1,3
1563,128,1,3
1563,129,1,3
1563,130,1,3
1563,131,1,3
1563,132,1,3
1563,133,1,3
1563,134,1,3
1563,135,1,3
1563,136,1,3
1563,137,1,3
1563,138,1,3
1563,139,1,3
1563,140,1,3
1563,141,1,3
1563,142,1,3
1563,143,1,3
1563,144,1,3
1563,145,1,3
1563,146,1,2
1563,147,1,2
1563,148,1,2
1563,149,1,2
1563,150,1,2
1563,151,1,2
1563,152,1,2
1563,153,1,2
1563,154,1,2
1563,155,1,2
1563,156,1,2
1563,157,1,2
1563,158,1,2
1563,159,1,2
1563,160,1,2
1563,161,1,2
1563,162,1,2
1563,163,1,2
1563,164,1,2
1563,165,1,2
1563,166,1,2
1563,167,1,2
1563,168,1,2
1563,169,1,2
1563,170,1,2
1563,171,1,2
1563,172,1,2
1563,173,1,2
1563,174,1,2
1563,175,1,2
1563,176,1,2
1563,177,1,2
1563,178,1,2
1563,179,1,2
1563,180,1,2
1563,181,1,2
1563,182,1,2
1563,183,1,2
1563,184,1,2
1563,185,1,2
1563,186,1,2
1563,187,1,2
1563,188,1,2
1563,189,1,2
1563,190,1,2
1563,191,1,2
1563,192,1,2
1563,193,1,2
1563,194,1,2
1563,195,1,2
1563,196,1,2
1563,197,1,2
1563,198,1,2
1563,199,1,2
1563,200,1,2
1563,201,1,2
1563,202,1,2
1563,203,1,2
1563,204,1,2
1563,205,1,2
1563,206,1,2
1563,207,1,2
1563,208,1,2
1563,209,1,2
1563,210,1,2
1563,211,1,2
1563,212,1,2
1563,213,1,2
1563,214,1,2
1563,215,1,2
1563,216,1,2
1563,217,1,2
1563,218,1,2
1563,219,1,2
1563,220,1,2
1563,221,1,2
1563,222,1,2
1563,223,1,2
1563,224,1,2
1563,225,1,2
1563,226,1,2
1563,227,1,2
1563,228,1,2
1563,229,1,2
1563,230,1,2
1563,231,1,2
1563,232,1,2
1563,233,1,2
1563,234,1,2
1563,235,1,2
1563,236,1,2
1563,237,1,2
1563,238,1,2
1563,239,1,2
1563,240,1,2
1563,241,1,2
1563,242,1,2
1563,243,1,2
1563,244,1,2
1563,245,1,2
1563,246,1,2
1563,247,1,2
1563,248,1,2
1563,249,1,2
1563,250,1,2
1563,251,1,2
1563,252,1,2
1563,253,1,2
1563,254,1,2
1563,255,1,2
1563,256,1,2
1563,257,1,2
1563,258,1,2
1563,259,1,2
1563,260,1,2
1563,261,1,2
1563,262,1,2
1563,263,1,2
1563,264,1,2
1563,265,1,2
1563,266,1,2
1563,267,1,2
1563,268,1,2
1563,269,1,2
1563,270,1,2
1563,271,1,2
1563,272,1,2
1563,273,1,2
1563,274,1,2
1563,275,1,2
1563,276,1,2
1563,277,1,2
1563,278,1,2
1563,279,1,2
1563,280,1,2
1563,281,1,2
1563,282,1,2
1563,283,1,2
1563,284,1,2
1563,285,1,2
1563,286,1,2
1563,287,1,2
1563,288,1,2
1563,289,1,2
1563,290,1,2
1563,291,1,2
1563,292,1,2
1563,293,1,2
1563,294,1,2
1563,295,1,2
1563,296,1,2
1563,297,1,2
1563,298,1,2
1563,299,1,2
1563,300,1,2
1563,301,1,2
1563,302,1,2
1563,303,1,2
1563,304,1,2
1563,305,1,2
1563,306,1,2
1563,307,1,2
1563,308,1,2
1563,309,1,2
1563,310,1,2
1563,311,1,2
1563,312,1,2
1563,313,1,2
1563,314,1,2
1563,315,1,2
1563,316,1,2
1563,317,1,2
1563,318,1,2
1563,319,1,2
1563,320,1,2
1563,321,1,2
1563,322,1,2
1563,323,1,2
1563,324,1,2
1563,325,1,2
1563,326,1,2
1563,327,1,2
1563,328,1,2
1563,329,1,2
1563,330,1,2
1563,331,1,2
1563,332,1,2
1563,333,1,2
1563,334,1,2
1563,335,1,2
1563,336,1,2
1563,337,1,2
1563,338,1,2
1563,339,1,2
1563,340,1,2
1563,341,1,2
1563,342,1,2
1563,343,1,2
1563,344,1,2
1563,345,1,2
1563,346,1,2
1563,347,1,2
1563,348,1,2
1563,349,1,2
1563,350,1,2
1563,351,1,2
1563,352,1,2
1563,353,1,2
1563,354,1,2
1563,355,1,2
1563,356,1,2
1563,357,1,2
1563,358,1,2
1563,359,1,2
1563,360,1,2
1563,361,1,2
1563,362,1,2
1563,363,1,2
1563,364,1,2
1563,365,1,2
1563,366,1,2
1563,367,1,2
1563,368,1,2
1563,369,1,2
1563,370,1,2
1563,371,1,2
1563,372,1,2
1563,373,1,2
1563,374,1,2
1563,375,1,2
1563,376,1,2
1563,377,1,2
1563,378,1,2
1563,379,1,2
1563,380,1,2
1563,381,1,2
1563,382,1,2
1563,383,1,2
1563,384,1,2
1563,385,1,2
1563,386,1,2
1563,387,1,2
1563,388,1,2
1563,389,1,2
1563,390,1,2
1563,391,1,2
1563,392,1,2
1563,393,1,2
1563,394,1,2
1563,395,1,2
1563,396,1,2
1563,397,1,2
1563,398,1,2
1563,399,1,2
1563,400,1,2
1563,401,1,2
1563,402,1,2
1563,403,1,2
1563,404,1,2
1563,405,1,2
1563,406,1,2
1563,407,1,2
1563,408,1,2
1563,409,1,2
1563,410,1,2
1563,411,1,2
1563,412,1,2
1563,413,1,2
1563,414,1,2
1563,415,1,2
1563,416,1,2
1563,417,1,2
1563,418,1,2
1563,419,1,2
1563,420,1,2
1563,421,1,2
1563,422,1,2
1563,423,1,2
1563,424,1,2
1563,425,1,2
1563,426,1,2
1563,427,1,2
1563,428,1,2
1563,429,1,2
1563,430,1,2
1563,431,1,2
1563,432,1,2
1563,433,1,2
1563,434,1,2
1563,435,1,2
1563,436,1,2
1563,437,1,2
1563,438,1,2
1563,439,1,2
1563,440,1,2
1563,441,1,2
1563,442,1,2
1563,443,1,2
1563,444,1,2
1563,445,1,2
1563,446,1,2
1563,447,1,2
1563,448,1,2
1563,449,1,2
1563,450,1,2
1563,451,1,2
1563,452,1,2
1563,453,1,2
1563,454,1,2
1563,455,1,2
1563,456,1,2
1563,457,1,2
1563,458,1,2
1563,459,1,2
1563,460,1,2
1563,461,1,2
1563,462,1,2
1563,463,1,2
1563,464,1,2
1563,465,1,2
1563,466,1,2
1563,467,1,2
1563,468,1,2
1563,469,1,2
1563,470,1,3
1564,101,1,3
1564,102,1,3
1564,103,1,3
1564,104,1,3
1564,105,1,3
1564,106,1,3
1564,107,1,3
1564,108,1,3
1564,109,1,3
1564,110,1,3
1564,111,1,3
1564,112,1,3
1564,113,1,3
1564,114,1,3
1564,115,1,3
1564,116,1,3
1564,117,1,3
1564,118,1,3
1564,119,1,3
1564,120,1,3
1564,121,1,3
1564,122,1,3
1564,123,1,3
1564,124,1,3
1564,125,1,3
1564,126,1,3
1564,127,1,3
1564,128,1,3
1564,129,1,3
1564,130,1,3
1564,131,1,3
1564,132,1,3
1564,133,1,3
1564,134,1,3
1564,135,1,3
1564,136,1,3
1564,137,1,3
1564,138,1,3
1564,139,1,3
1564,140,1,3
1564,141,1,3
1564,142,1,3
1564,143,1,3
1564,144,1,3
1564,145,1,3
1564,146,1,2
1564,147,1,2
1564,148,1,2
1564,149,1,2
1564,150,1,2
1564,151,1,2
1564,152,1,2
1564,153,1,2
1564,154,1,2
1564,155,1,2
1564,156,1,2
1564,157,1,2
1564,158,1,2
1564,159,1,2
1564,160,1,2
1564,161,1,2
1564,162,1,2
1564,163,1,2
1564,164,1,2
1564,165,1,2
1564,166,1,2
1564,167,1,2
1564,168,1,2
1564,169,1,2
1564,170,1,2
1564,171,1,2
1564,172,1,2
1564,173,1,2
1564,174,1,2
1564,175,1,2
1564,176,1,2
1564,177,1,2
1564,178,1,2
1564,179,1,2
1564,180,1,2
1564,181,1,2
1564,182,1,2
1564,183,1,2
1564,184,1,2
1564,185,1,2
1564,186,1,2
1564,187,1,2
1564,188,1,2
1564,189,1,2
1564,190,1,2
1564,191,1,2
1564,192,1,2
1564,193,1,2
1564,194,1,2
1564,195,1,2
1564,196,1,2
1564,197,1,2
1564,198,1,2
1564,199,1,2
1564,200,1,2
1564,201,1,2
1564,202,1,2
1564,203,1,2
1564,204,1,2
1564,205,1,2
1564,206,1,2
1564,207,1,2
1564,208,1,2
1564,209,1,2
1564,210,1,2
1564,211,1,2
1564,212,1,2
1564,213,1,2
1564,214,1,2
1564,215,1,2
1564,216,1,2
1564,217,1,2
1564,218,1,2
1564,219,1,2
1564,220,1,2
1564,221,1,2
1564,222,1,2
1564,223,1,2
1564,224,1,2
1564,225,1,2
1564,226,1,2
1564,227,1,2
1564,228,1,2
1564,229,1,2
1564,230,1,2
1564,231,1,2
1564,232,1,2
1564,233,1,2
1564,234,1,2
1564,235,1,2
1564,236,1,2
1564,237,1,2
1564,238,1,2
1564,239,1,2
1564,240,1,2
1564,241,1,2
1564,242,1,2
1564,243,1,2
1564,244,1,2
1564,245,1,2
1564,246,1,2
1564,247,1,2
1564,248,1,2
1564,249,1,2
1564,250,1,2
1564,251,1,2
1564,252,1,2
1564,253,1,2
1564,254,1,2
1564,255,1,2
1564,256,1,2
1564,257,1,2
1564,258,1,2
1564,259,1,2
1564,260,1,2
1564,261,1,2
1564,262,1,2
1564,263,1,2
1564,264,1,2
1564,265,1,2
1564,266,1,2
1564,267,1,2
1564,268,1,2
1564,269,1,2
1564,270,1,2
1564,271,1,2
1564,272,1,2
1564,273,1,2
1564,274,1,2
1564,275,1,2
1564,276,1,2
1564,277,1,2
1564,278,1,2
1564,279,1,2
1564,280,1,2
1564,281,1,2
1564,282,1,2
1564,283,1,2
1564,284,1,2
1564,285,1,2
1564,286,1,2
1564,287,1,2
1564,288,1,2
1564,289,1,2
1564,290,1,2
1564,291,1,2
1564,292,1,2
1564,293,1,2
1564,294,1,2
1564,295,1,2
1564,296,1,2
1564,297,1,2
1564,298,1,2
1564,299,1,2
1564,300,1,2
1564,301,1,2
1564,302,1,2
1564,303,1,2
1564,304,1,2
1564,305,1,2
1564,306,1,2
1564,307,1,2
1564,308,1,2
1564,309,1,2
1564,310,1,2
1564,311,1,2
1564,312,1,2
1564,313,1,2
1564,314,1,2
1564,315,1,2
1564,316,1,2
1564,317,1,2
1564,318,1,2
1564,319,1,2
1564,320,1,2
1564,321,1,2
1564,322,1,2
1564,323,1,2
1564,324,1,2
1564,325,1,2
1564,326,1,2
1564,327,1,2
1564,328,1,2
1564,329,1,2
1564,330,1,2
1564,331,1,2
1564,332,1,2
1564,333,1,2
1564,334,1,2
1564,335,1,2
1564,336,1,2
1564,337,1,2
1564,338,1,2
1564,339,1,2
1564,340,1,2
1564,341,1,2
1564,342,1,2
1564,343,1,2
1564,344,1,2
1564,345,1,2
1564,346,1,2
1564,347,1,2
1564,348,1,2
1564,349,1,2
1564,350,1,2
1564,351,1,2
1564,352,1,2
1564,353,1,2
1564,354,1,2
1564,355,1,2
1564,356,1,2
1564,357,1,2
1564,358,1,2
1564,359,1,2
1564,360,1,2
1564,361,1,2
1564,362,1,2
1564,363,1,2
1564,364,1,2
1564,365,1,2
1564,366,1,2
1564,367,1,2
1564,368,1,2
1564,369,1,2
1564,370,1,2
1564,371,1,2
1564,372,1,2
1564,373,1,2
1564,374,1,2
1564,375,1,2
1564,376,1,2
1564,377,1,2
1564,378,1,2
1564,379,1,2
1564,380,1,2
1564,381,1,2
1564,382,1,2
1564,383,1,2
1564,384,1,2
1564,385,1,2
1564,386,1,2
1564,387,1,2
1564,388,1,2
1564,389,1,2
1564,390,1,2
1564,391,1,2
1564,392,1,2
1564,393,1,2
1564,394,1,2
1564,395,1,2
1564,396,1,2
1564,397,1,2
1564,398,1,2
1564,399,1,2
1564,400,1,2
1564,401,1,2
1564,402,1,2
1564,403,1,2
1564,404,1,2
1564,405,1,2
1564,406,1,2
1564,407,1,2
1564,408,1,2
1564,409,1,2
1564,410,1,2
1564,411,1,2
1564,412,1,2
1564,413,1,2
1564,414,1,2
1564,415,1,2
1564,416,1,2
1564,417,1,2
1564,418,1,2
1564,419,1,2
1564,420,1,2
1564,421,1,2
1564,422,1,2
1564,423,1,2
1564,424,1,2
1564,425,1,2
1564,426,1,2
1564,427,1,2
1564,428,1,2
1564,429,1,2
1564,430,1,2
1564,431,1,2
1564,432,1,2
1564,433,1,2
1564,434,1,2
1564,435,1,2
1564,436,1,2
1564,437,1,2
1564,438,1,2
1564,439,1,2
1564,440,1,2
1564,441,1,2
1564,442,1,2
1564,443,1,2
1564,444,1,2
1564,445,1,2
1564,446,1,2
1564,447,1,2
1564,448,1,2
1564,449,1,2
1564,450,1,2
1564,451,1,2
1564,452,1,2
1564,453,1,2
1564,454,1,2
1564,455,1,2
1564,456,1,2
1564,457,1,2
1564,458,1,2
1564,459,1,2
1564,460,1,2
1564,461,1,2
1564,462,1,2
1564,463,1,2
1564,464,1,2
1564,465,1,2
1564,466,1,2
1564,467,1,2
1564,468,1,2
1564,469,1,2
1564,470,1,3
1565,101,1,3
1565,102,1,3
1565,103,1,3
1565,104,1,3
1565,105,1,3
1565,106,1,3
1565,107,1,3
1565,108,1,3
1565,109,1,3
1565,110,1,3
1565,111,1,3
1565,112,1,3
1565,113,1,3
1565,114,1,3
1565,115,1,3
1565,116,1,3
1565,117,1,3
1565,118,1,3
1565,119,1,3
1565,120,1,3
1565,121,1,3
1565,122,1,3
1565,123,1,3
1565,124,1,3
1565,125,1,3
1565,126,1,3
1565,127,1,3
1565,128,1,3
1565,129,1,3
1565,130,1,3
1565,131,1,3
1565,132,1,3
1565,133,1,3
1565,134,1,3
1565,135,1,3
1565,136,1,3
1565,137,1,3
1565,138,1,3
1565,139,1,3
1565,140,1,3
1565,141,1,3
1565,142,1,3
1565,143,1,3
1565,144,1,3
1565,145,1,3
1565,146,1,2
1565,147,1,2
1565,148,1,2
1565,149,1,2
1565,150,1,2
1565,151,1,2
1565,152,1,2
1565,153,1,2
1565,154,1,2
1565,155,1,2
1565,156,1,2
1565,157,1,2
1565,158,1,2
1565,159,1,2
1565,160,1,2
1565,161,1,2
1565,162,1,2
1565,163,1,2
1565,164,1,2
1565,165,1,2
1565,166,1,2
1565,167,1,2
1565,168,1,2
1565,169,1,2
1565,170,1,2
1565,171,1,2
1565,172,1,2
1565,173,1,2
1565,174,1,2
1565,175,1,2
1565,176,1,2
1565,177,1,2
1565,178,1,2
1565,179,1,2
1565,180,1,2
1565,181,1,2
1565,182,1,2
1565,183,1,2
1565,184,1,2
1565,185,1,2
1565,186,1,2
1565,187,1,2
1565,188,1,2
1565,189,1,2
1565,190,1,2
1565,191,1,2
1565,192,1,2
1565,193,1,2
1565,194,1,2
1565,195,1,2
1565,196,1,2
1565,197,1,2
1565,198,1,2
1565,199,1,2
1565,200,1,2
1565,201,1,2
1565,202,1,2
1565,203,1,2
1565,204,1,2
1565,205,1,2
1565,206,1,2
1565,207,1,2
1565,208,1,2
1565,209,1,2
1565,210,1,2
1565,211,1,2
1565,212,1,2
1565,213,1,2
1565,214,1,2
1565,215,1,2
1565,216,1,2
1565,217,1,2
1565,218,1,2
1565,219,1,2
1565,220,1,2
1565,221,1,2
1565,222,1,2
1565,223,1,2
1565,224,1,2
1565,225,1,2
1565,226,1,2
1565,227,1,2
1565,228,1,2
1565,229,1,2
1565,230,1,2
1565,231,1,2
1565,232,1,2
1565,233,1,2
1565,234,1,2
1565,235,1,2
1565,236,1,2
1565,237,1,2
1565,238,1,2
1565,239,1,2
1565,240,1,2
1565,241,1,2
1565,242,1,2
1565,243,1,2
1565,244,1,2
1565,245,1,2
1565,246,1,2
1565,247,1,2
1565,248,1,2
1565,249,1,2
1565,250,1,2
1565,251,1,2
1565,252,1,2
1565,253,1,2
1565,254,1,2
1565,255,1,2
1565,256,1,2
1565,257,1,2
1565,258,1,2
1565,259,1,2
1565,260,1,2
1565,261,1,2
1565,262,1,2
1565,263,1,2
1565,264,1,2
1565,265,1,2
1565,266,1,2
1565,267,1,2
1565,268,1,2
1565,269,1,2
1565,270,1,2
1565,271,1,2
1565,272,1,2
1565,273,1,2
1565,274,1,2
1565,275,1,2
1565,276,1,2
1565,277,1,2
1565,278,1,2
1565,279,1,2
1565,280,1,2
1565,281,1,2
1565,282,1,2
1565,283,1,2
1565,284,1,2
1565,285,1,2
1565,286,1,2
1565,287,1,2
1565,288,1,2
1565,289,1,2
1565,290,1,2
1565,291,1,2
1565,292,1,2
1565,293,1,2
1565,294,1,2
1565,295,1,2
1565,296,1,2
1565,297,1,2
1565,298,1,2
1565,299,1,2
1565,300,1,2
1565,301,1,2
1565,302,1,2
1565,303,1,2
1565,304,1,2
1565,305,1,2
1565,306,1,2
1565,307,1,2
1565,308,1,2
1565,309,1,2
1565,310,1,2
1565,311,1,2
1565,312,1,2
1565,313,1,2
1565,314,1,2
1565,315,1,2
1565,316,1,2
1565,317,1,2
1565,318,1,2
1565,319,1,2
1565,320,1,2
1565,321,1,2
1565,322,1,2
1565,323,1,2
1565,324,1,2
1565,325,1,2
1565,326,1,2
1565,327,1,2
1565,328,1,2
1565,329,1,2
1565,330,1,2
1565,331,1,2
1565,332,1,2
1565,333,1,2
1565,334,1,2
1565,335,1,2
1565,336,1,2
1565,337,1,2
1565,338,1,2
1565,339,1,2
1565,340,1,2
1565,341,1,2
1565,342,1,2
1565,343,1,2
1565,344,1,2
1565,345,1,2
1565,346,1,2
1565,347,1,2
1565,348,1,2
1565,349,1,2
1565,350,1,2
1565,351,1,2
1565,352,1,2
1565,353,1,2
1565,354,1,2
1565,355,1,2
1565,356,1,2
1565,357,1,2
1565,358,1,2
1565,359,1,2
1565,360,1,2
1565,361,1,2
1565,362,1,2
1565,363,1,2
1565,364,1,2
1565,365,1,2
1565,366,1,2
1565,367,1,2
1565,368,1,2
1565,369,1,2
1565,370,1,2
1565,371,1,2
1565,372,1,2
1565,373,1,2
1565,374,1,2
1565,375,1,2
1565,376,1,2
1565,377,1,2
1565,378,1,2
1565,379,1,2
1565,380,1,2
1565,381,1,2
1565,382,1,2
1565,383,1,2
1565,384,1,2
1565,385,1,2
1565,386,1,2
1565,387,1,2
1565,388,1,2
1565,389,1,2
1565,390,1,2
1565,391,1,2
1565,392,1,2
1565,393,1,2
1565,394,1,2
1565,395,1,2
1565,396,1,2
1565,397,1,2
1565,398,1,2
1565,399,1,2
1565,400,1,2
1565,401,1,2
1565,402,1,2
1565,403,1,2
1565,404,1,2
1565,405,1,2
1565,406,1,2
1565,407,1,2
1565,408,1,2
1565,409,1,2
1565,410,1,2
1565,411,1,2
1565,412,1,2
1565,413,1,2
1565,414,1,2
1565,415,1,2
1565,416,1,2
1565,417,1,2
1565,418,1,2
1565,419,1,2
1565,420,1,2
1565,421,1,2
1565,422,1,2
1565,423,1,2
1565,424,1,2
1565,425,1,2
1565,426,1,2
1565,427,1,2
1565,428,1,2
1565,429,1,2
1565,430,1,2
1565,431,1,2
1565,432,1,2
1565,433,1,2
1565,434,1,2
1565,435,1,2
1565,436,1,2
1565,437,1,2
1565,438,1,2
1565,439,1,2
1565,440,1,2
1565,441,1,2
1565,442,1,2
1565,443,1,2
1565,444,1,2
1565,445,1,2
1565,446,1,2
1565,447,1,2
1565,448,1,2
1565,449,1,2
1565,450,1,2
1565,451,1,2
1565,452,1,2
1565,453,1,2
1565,454,1,2
1565,455,1,2
1565,456,1,2
1565,457,1,2
1565,458,1,2
1565,459,1,2
1565,460,1,2
1565,461,1,2
1565,462,1,2
1565,463,1,2
1565,464,1,2
1565,465,1,2
1565,466,1,2
1565,467,1,2
1565,468,1,2
1565,469,1,2
1565,470,1,3
1566,101,1,3
1566,102,1,3
1566,103,1,3
1566,104,1,3
1566,105,1,3
1566,106,1,3
1566,107,1,3
1566,108,1,3
1566,109,1,3
1566,110,1,3
1566,111,1,3
1566,112,1,3
1566,113,1,3
1566,114,1,3
1566,115,1,3
1566,116,1,3
1566,117,1,3
1566,118,1,3
1566,119,1,3
1566,120,1,3
1566,121,1,3
1566,122,1,3
1566,123,1,3
1566,124,1,3
1566,125,1,3
1566,126,1,3
1566,127,1,3
1566,128,1,3
1566,129,1,3
1566,130,1,3
1566,131,1,3
1566,132,1,3
1566,133,1,3
1566,134,1,3
1566,135,1,3
1566,136,1,3
1566,137,1,3
1566,138,1,3
1566,139,1,3
1566,140,1,3
1566,141,1,3
1566,142,1,3
1566,143,1,3
1566,144,1,3
1566,145,1,3
1566,146,1,2
1566,147,1,2
1566,148,1,2
1566,149,1,2
1566,150,1,2
1566,151,1,2
1566,152,1,2
1566,153,1,2
1566,154,1,2
1566,155,1,2
1566,156,1,2
1566,157,1,2
1566,158,1,2
1566,159,1,2
1566,160,1,2
1566,161,1,2
1566,162,1,2
1566,163,1,2
1566,164,1,2
1566,165,1,2
1566,166,1,2
1566,167,1,2
1566,168,1,2
1566,169,1,2
1566,170,1,2
1566,171,1,2
1566,172,1,2
1566,173,1,2
1566,174,1,2
1566,175,1,2
1566,176,1,2
1566,177,1,2
1566,178,1,2
1566,179,1,2
1566,180,1,2
1566,181,1,2
1566,182,1,2
1566,183,1,2
1566,184,1,2
1566,185,1,2
1566,186,1,2
1566,187,1,2
1566,188,1,2
1566,189,1,2
1566,190,1,2
1566,191,1,2
1566,192,1,2
1566,193,1,2
1566,194,1,2
1566,195,1,2
1566,196,1,2
1566,197,1,2
1566,198,1,2
1566,199,1,2
1566,200,1,2
1566,201,1,2
1566,202,1,2
1566,203,1,2
1566,204,1,2
1566,205,1,2
1566,206,1,2
1566,207,1,2
1566,208,1,2
1566,209,1,2
1566,210,1,2
1566,211,1,2
1566,212,1,2
1566,213,1,2
1566,214,1,2
1566,215,1,2
1566,216,1,2
1566,217,1,2
1566,218,1,2
1566,219,1,2
1566,220,1,2
1566,221,1,2
1566,222,1,2
1566,223,1,2
1566,224,1,2
1566,225,1,2
1566,226,1,2
1566,227,1,2
1566,228,1,2
1566,229,1,2
1566,230,1,2
1566,231,1,2
1566,232,1,2
1566,233,1,2
1566,234,1,2
1566,235,1,2
1566,236,1,2
1566,237,1,2
1566,238,1,2
1566,239,1,2
1566,240,1,2
1566,241,1,2
1566,242,1,2
1566,243,1,2
1566,244,1,2
1566,245,1,2
1566,246,1,2
1566,247,1,2
1566,248,1,2
1566,249,1,2
1566,250,1,2
1566,251,1,2
1566,252,1,2
1566,253,1,2
1566,254,1,2
1566,255,1,2
1566,256,1,2
1566,257,1,2
1566,258,1,2
1566,259,1,2
1566,260,1,2
1566,261,1,2
1566,262,1,2
1566,263,1,2
1566,264,1,2
1566,265,1,2
1566,266,1,2
1566,267,1,2
1566,268,1,2
1566,269,1,2
1566,270,1,2
1566,271,1,2
1566,272,1,2
1566,273,1,2
1566,274,1,2
1566,275,1,2
1566,276,1,2
1566,277,1,2
1566,278,1,2
1566,279,1,2
1566,280,1,2
1566,281,1,2
1566,282,1,2
1566,283,1,2
1566,284,1,2
1566,285,1,2
1566,286,1,2
1566,287,1,2
1566,288,1,2
1566,289,1,2
1566,290,1,2
1566,291,1,2
1566,292,1,2
1566,293,1,2
1566,294,1,2
1566,295,1,2
1566,296,1,2
1566,297,1,2
1566,298,1,2
1566,299,1,2
1566,300,1,2
1566,301,1,2
1566,302,1,2
1566,303,1,2
1566,304,1,2
1566,305,1,2
1566,306,1,2
1566,307,1,2
1566,308,1,2
1566,309,1,2
1566,310,1,2
1566,311,1,2
1566,312,1,2
1566,313,1,2
1566,314,1,2
1566,315,1,2
1566,316,1,2
1566,317,1,2
1566,318,1,2
1566,319,1,2
1566,320,1,2
1566,321,1,2
1566,322,1,2
1566,323,1,2
1566,324,1,2
1566,325,1,2
1566,326,1,2
1566,327,1,2
1566,328,1,2
1566,329,1,2
1566,330,1,2
1566,331,1,2
1566,332,1,2
1566,333,1,2
1566,334,1,2
1566,335,1,2
1566,336,1,2
1566,337,1,2
1566,338,1,2
1566,339,1,2
1566,340,1,2
1566,341,1,2
1566,342,1,2
1566,343,1,2
1566,344,1,2
1566,345,1,2
1566,346,1,2
1566,347,1,2
1566,348,1,2
1566,349,1,2
1566,350,1,2
1566,351,1,2
1566,352,1,2
1566,353,1,2
1566,354,1,2
1566,355,1,2
1566,356,1,2
1566,357,1,2
1566,358,1,2
1566,359,1,2
1566,360,1,2
1566,361,1,2
1566,362,1,2
1566,363,1,2
1566,364,1,2
1566,365,1,2
1566,366,1,2
1566,367,1,2
1566,368,1,2
1566,369,1,2
1566,370,1,2
1566,371,1,2
1566,372,1,2
1566,373,1,2
1566,374,1,2
1566,375,1,2
1566,376,1,2
1566,377,1,2
1566,378,1,2
1566,379,1,2
1566,380,1,2
1566,381,1,2
1566,382,1,2
1566,383,1,2
1566,384,1,2
1566,385,1,2
1566,386,1,2
1566,387,1,2
1566,388,1,2
1566,389,1,2
1566,390,1,2
1566,391,1,2
1566,392,1,2
1566,393,1,2
1566,394,1,2
1566,395,1,2
1566,396,1,2
1566,397,1,2
1566,398,1,2
1566,399,1,2
1566,400,1,2
1566,401,1,2
1566,402,1,2
1566,403,1,2
1566,404,1,2
1566,405,1,2
1566,406,1,2
1566,407,1,2
1566,408,1,2
1566,409,1,2
1566,410,1,2
1566,411,1,2
1566,412,1,2
1566,413,1,2
1566,414,1,2
1566,415,1,2
1566,416,1,2
1566,417,1,2
1566,418,1,2
1566,419,1,2
1566,420,1,2
1566,421,1,2
1566,422,1,2
1566,423,1,2
1566,424,1,2
1566,425,1,2
1566,426,1,2
1566,427,1,2
1566,428,1,2
1566,429,1,2
1566,430,1,2
1566,431,1,2
1566,432,1,2
1566,433,1,2
1566,434,1,2
1566,435,1,2
1566,436,1,2
1566,437,1,2
1566,438,1,2
1566,439,1,2
1566,440,1,2
1566,441,1,2
1566,442,1,2
1566,443,1,2
1566,444,1,2
1566,445,1,2
1566,446,1,2
1566,447,1,2
1566,448,1,2
1566,449,1,2
1566,450,1,2
1566,451,1,2
1566,452,1,2
1566,453,1,2
1566,454,1,2
1566,455,1,2
1566,456,1,2
1566,457,1,2
1566,458,1,2
1566,459,1,2
1566,460,1,2
1566,461,1,2
1566,462,1,2
1566,463,1,2
1566,464,1,2
1566,465,1,2
1566,466,1,2
1566,467,1,2
1566,468,1,2
1566,469,1,2
1566,470,1,3
1567,102,1,3
1567,103,1,3
1567,104,1,3
1567,105,1,3
1567,106,1,3
1567,107,1,3
1567,108,1,3
1567,109,1,3
1567,110,1,3
1567,111,1,3
1567,112,1,3
1567,113,1,3
1567,114,1,3
1567,115,1,3
1567,116,1,3
1567,117,1,3
1567,118,1,3
1567,119,1,3
1567,120,1,3
1567,121,1,3
1567,122,1,3
1567,123,1,3
1567,124,1,3
1567,125,1,3
1567,126,1,3
1567,127,1,3
1567,128,1,3
1567,129,1,3
1567,130,1,3
1567,131,1,3
1567,132,1,3
1567,133,1,3
1567,134,1,3
1567,135,1,3
1567,136,1,3
1567,137,1,3
1567,138,1,3
1567,139,1,3
1567,140,1,3
1567,141,1,3
1567,142,1,3
1567,143,1,3
1567,144,1,3
1567,145,1,3
1567,146,1,2
1567,147,1,2
1567,148,1,2
1567,149,1,2
1567,150,1,2
1567,151,1,2
1567,152,1,2
1567,153,1,2
1567,154,1,2
1567,155,1,2
1567,156,1,2
1567,157,1,2
1567,158,1,2
1567,159,1,2
1567,160,1,2
1567,161,1,2
1567,162,1,2
1567,163,1,2
1567,164,1,2
1567,165,1,2
1567,166,1,2
1567,167,1,2
1567,168,1,2
1567,169,1,2
1567,170,1,2
1567,171,1,2
1567,172,1,2
1567,173,1,2
1567,174,1,2
1567,175,1,2
1567,176,1,2
1567,177,1,2
1567,178,1,2
1567,179,1,2
1567,180,1,2
1567,181,1,2
1567,182,1,2
1567,183,1,2
1567,184,1,2
1567,185,1,2
1567,186,1,2
1567,187,1,2
1567,188,1,2
1567,189,1,2
1567,190,1,2
1567,191,1,2
1567,192,1,2
1567,193,1,2
1567,194,1,2
1567,195,1,2
1567,196,1,2
1567,197,1,2
1567,198,1,2
1567,199,1,2
1567,200,1,2
1567,201,1,2
1567,202,1,2
1567,203,1,2
1567,204,1,2
1567,205,1,2
1567,206,1,2
1567,207,1,2
1567,208,1,2
1567,209,1,2
1567,210,1,2
1567,211,1,2
1567,212,1,2
1567,213,1,2
1567,214,1,2
1567,215,1,2
1567,216,1,2
1567,217,1,2
1567,218,1,2
1567,219,1,2
1567,220,1,2
1567,221,1,2
1567,222,1,2
1567,223,1,2
1567,224,1,2
1567,225,1,2
1567,226,1,2
1567,227,1,2
1567,228,1,2
1567,229,1,2
1567,230,1,2
1567,231,1,2
1567,232,1,2
1567,233,1,2
1567,234,1,2
1567,235,1,2
1567,236,1,2
1567,237,1,2
1567,238,1,2
1567,239,1,2
1567,240,1,2
1567,241,1,2
1567,242,1,2
1567,243,1,2
1567,244,1,2
1567,245,1,2
1567,246,1,2
1567,247,1,2
1567,248,1,2
1567,249,1,2
1567,250,1,2
1567,251,1,2
1567,252,1,2
1567,253,1,2
1567,254,1,2
1567,255,1,2
1567,256,1,2
1567,257,1,2
1567,258,1,2
1567,259,1,2
1567,260,1,2
1567,261,1,2
1567,262,1,2
1567,263,1,2
1567,264,1,2
1567,265,1,2
1567,266,1,2
1567,267,1,2
1567,268,1,2
1567,269,1,2
1567,270,1,2
1567,271,1,2
1567,272,1,2
1567,273,1,2
1567,274,1,2
1567,275,1,2
1567,276,1,2
1567,277,1,2
1567,278,1,2
1567,279,1,2
1567,280,1,2
1567,281,1,2
1567,282,1,2
1567,283,1,2
1567,284,1,2
1567,285,1,2
1567,286,1,2
1567,287,1,2
1567,288,1,2
1567,289,1,2
1567,290,1,2
1567,291,1,2
1567,292,1,2
1567,293,1,2
1567,294,1,2
1567,295,1,2
1567,296,1,2
1567,297,1,2
1567,298,1,2
1567,299,1,2
1567,300,1,2
1567,301,1,2
1567,302,1,2
1567,303,1,2
1567,304,1,2
1567,305,1,2
1567,306,1,2
1567,307,1,2
1567,308,1,2
1567,309,1,2
1567,310,1,2
1567,311,1,2
1567,312,1,2
1567,313,1,2
1567,314,1,2
1567,315,1,2
1567,316,1,2
1567,317,1,2
1567,318,1,2
1567,319,1,2
1567,320,1,2
1567,321,1,2
1567,322,1,2
1567,323,1,2
1567,324,1,2
1567,325,1,2
1567,326,1,2
1567,327,1,2
1567,328,1,2
1567,329,1,2
1567,330,1,2
1567,331,1,2
1567,332,1,2
1567,333,1,2
1567,334,1,2
1567,335,1,2
1567,336,1,2
1567,337,1,2
1567,338,1,2
1567,339,1,2
1567,340,1,2
1567,341,1,2
1567,342,1,2
1567,343,1,2
1567,344,1,2
1567,345,1,2
1567,346,1,2
1567,347,1,2
1567,348,1,2
1567,349,1,2
1567,350,1,2
1567,351,1,2
1567,352,1,2
1567,353,1,2
1567,354,1,2
1567,355,1,2
1567,356,1,2
1567,357,1,2
1567,358,1,2
1567,359,1,2
1567,360,1,2
1567,361,1,2
1567,362,1,2
1567,363,1,2
1567,364,1,2
1567,365,1,2
1567,366,1,2
1567,367,1,2
1567,368,1,2
1567,369,1,2
1567,370,1,2
1567,371,1,2
1567,372,1,2
1567,373,1,2
1567,374,1,2
1567,375,1,2
1567,376,1,2
1567,377,1,2
1567,378,1,2
1567,379,1,2
1567,380,1,2
1567,381,1,2
1567,382,1,2
1567,383,1,2
1567,384,1,2
1567,385,1,2
1567,386,1,2
1567,387,1,2
1567,388,1,2
1567,389,1,2
1567,390,1,2
1567,391,1,2
1567,392,1,2
1567,393,1,2
1567,394,1,2
1567,395,1,2
1567,396,1,2
1567,397,1,2
1567,398,1,2
1567,399,1,2
1567,400,1,2
1567,401,1,2
1567,402,1,2
1567,403,1,2
1567,404,1,2
1567,405,1,2
1567,406,1,2
1567,407,1,2
1567,408,1,2
1567,409,1,2
1567,410,1,2
1567,411,1,2
1567,412,1,2
1567,413,1,2
1567,414,1,2
1567,415,1,2
1567,416,1,2
1567,417,1,2
1567,418,1,2
1567,419,1,2
1567,420,1,2
1567,421,1,2
1567,422,1,2
1567,423,1,2
1567,424,1,2
1567,425,1,2
1567,426,1,2
1567,427,1,2
1567,428,1,2
1567,429,1,2
1567,430,1,2
1567,431,1,2
1567,432,1,2
1567,433,1,2
1567,434,1,2
1567,435,1,2
1567,436,1,2
1567,437,1,2
1567,438,1,2
1567,439,1,2
1567,440,1,2
1567,441,1,2
1567,442,1,2
1567,443,1,2
1567,444,1,2
1567,445,1,2
1567,446,1,2
1567,447,1,2
1567,448,1,2
1567,449,1,2
1567,450,1,2
1567,451,1,2
1567,452,1,2
1567,453,1,2
1567,454,1,2
1567,455,1,2
1567,456,1,2
1567,457,1,2
1567,458,1,2
1567,459,1,2
1567,460,1,2
1567,461,1,2
1567,462,1,2
1567,463,1,2
1567,464,1,2
1567,465,1,2
1567,466,1,2
1567,467,1,2
1567,468,1,2
1567,469,1,2
1567,470,1,3
1568,102,1,3
1568,103,1,3
1568,104,1,3
1568,105,1,3
1568,106,1,3
1568,107,1,3
1568,108,1,3
1568,109,1,3
1568,110,1,3
1568,111,1,3
1568,112,1,3
1568,113,1,3
1568,114,1,3
1568,115,1,3
1568,116,1,3
1568,117,1,3
1568,118,1,3
1568,119,1,3
1568,120,1,3
1568,121,1,3
1568,122,1,3
1568,123,1,3
1568,124,1,3
1568,125,1,3
1568,126,1,3
1568,127,1,3
1568,128,1,3
1568,129,1,3
1568,130,1,3
1568,131,1,3
1568,132,1,3
1568,133,1,3
1568,134,1,3
1568,135,1,3
1568,136,1,3
1568,137,1,3
1568,138,1,3
1568,139,1,3
1568,140,1,3
1568,141,1,3
1568,142,1,3
1568,143,1,3
1568,144,1,3
1568,145,1,3
1568,146,1,2
1568,147,1,2
1568,148,1,2
1568,149,1,2
1568,150,1,2
1568,151,1,2
1568,152,1,2
1568,153,1,2
1568,154,1,2
1568,155,1,2
1568,156,1,2
1568,157,1,2
1568,158,1,2
1568,159,1,2
1568,160,1,2
1568,161,1,2
1568,162,1,2
1568,163,1,2
1568,164,1,2
1568,165,1,2
1568,166,1,2
1568,167,1,2
1568,168,1,2
1568,169,1,2
1568,170,1,2
1568,171,1,2
1568,172,1,2
1568,173,1,2
1568,174,1,2
1568,175,1,2
1568,176,1,2
1568,177,1,2
1568,178,1,2
1568,179,1,2
1568,180,1,2
1568,181,1,2
1568,182,1,2
1568,183,1,2
1568,184,1,2
1568,185,1,2
1568,186,1,2
1568,187,1,2
1568,188,1,2
1568,189,1,2
1568,190,1,2
1568,191,1,2
1568,192,1,2
1568,193,1,2
1568,194,1,2
1568,195,1,2
1568,196,1,2
1568,197,1,2
1568,198,1,2
1568,199,1,2
1568,200,1,2
1568,201,1,2
1568,202,1,2
1568,203,1,2
1568,204,1,2
1568,205,1,2
1568,206,1,2
1568,207,1,2
1568,208,1,2
1568,209,1,2
1568,210,1,2
1568,211,1,2
1568,212,1,2
1568,213,1,2
1568,214,1,2
1568,215,1,2
1568,216,1,2
1568,217,1,2
1568,218,1,2
1568,219,1,2
1568,220,1,2
1568,221,1,2
1568,222,1,2
1568,223,1,2
1568,224,1,2
1568,225,1,2
1568,226,1,2
1568,227,1,2
1568,228,1,2
1568,229,1,2
1568,230,1,2
1568,231,1,2
1568,232,1,2
1568,233,1,2
1568,234,1,2
1568,235,1,2
1568,236,1,2
1568,237,1,2
1568,238,1,2
1568,239,1,2
1568,240,1,2
1568,241,1,2
1568,242,1,2
1568,243,1,2
1568,244,1,2
1568,245,1,2
1568,246,1,2
1568,247,1,2
1568,248,1,2
1568,249,1,2
1568,250,1,2
1568,251,1,2
1568,252,1,2
1568,253,1,2
1568,254,1,2
1568,255,1,2
1568,256,1,2
1568,257,1,2
1568,258,1,2
1568,259,1,2
1568,260,1,2
1568,261,1,2
1568,262,1,2
1568,263,1,2
1568,264,1,2
1568,265,1,2
1568,266,1,2
1568,267,1,2
1568,268,1,2
1568,269,1,2
1568,270,1,2
1568,271,1,2
1568,272,1,2
1568,273,1,2
1568,274,1,2
1568,275,1,2
1568,276,1,2
1568,277,1,2
1568,278,1,2
1568,279,1,2
1568,280,1,2
1568,281,1,2
1568,282,1,2
1568,283,1,2
1568,284,1,2
1568,285,1,2
1568,286,1,2
1568,287,1,2
1568,288,1,2
1568,289,1,2
1568,290,1,2
1568,291,1,2
1568,292,1,2
1568,293,1,2
1568,294,1,2
1568,295,1,2
1568,296,1,2
1568,297,1,2
1568,298,1,2
1568,299,1,2
1568,300,1,2
1568,301,1,2
1568,302,1,2
1568,303,1,2
1568,304,1,2
1568,305,1,2
1568,306,1,2
1568,307,1,2
1568,308,1,2
1568,309,1,2
1568,310,1,2
1568,311,1,2
1568,312,1,2
1568,313,1,2
1568,314,1,2
1568,315,1,2
1568,316,1,2
1568,317,1,2
1568,318,1,2
1568,319,1,2
1568,320,1,2
1568,321,1,2
1568,322,1,2
1568,323,1,2
1568,324,1,2
1568,325,1,2
1568,326,1,2
1568,327,1,2
1568,328,1,2
1568,329,1,2
1568,330,1,2
1568,331,1,2
1568,332,1,2
1568,333,1,2
1568,334,1,2
1568,335,1,2
1568,336,1,2
1568,337,1,2
1568,338,1,2
1568,339,1,2
1568,340,1,2
1568,341,1,2
1568,342,1,2
1568,343,1,2
1568,344,1,2
1568,345,1,2
1568,346,1,2
1568,347,1,2
1568,348,1,2
1568,349,1,2
1568,350,1,2
1568,351,1,2
1568,352,1,2
1568,353,1,2
1568,354,1,2
1568,355,1,2
1568,356,1,2
1568,357,1,2
1568,358,1,2
1568,359,1,2
1568,360,1,2
1568,361,1,2
1568,362,1,2
1568,363,1,2
1568,364,1,2
1568,365,1,2
1568,366,1,2
1568,367,1,2
1568,368,1,2
1568,369,1,2
1568,370,1,2
1568,371,1,2
1568,372,1,2
1568,373,1,2
1568,374,1,2
1568,375,1,2
1568,376,1,2
1568,377,1,2
1568,378,1,2
1568,379,1,2
1568,380,1,2
1568,381,1,2
1568,382,1,2
1568,383,1,2
1568,384,1,2
1568,385,1,2
1568,386,1,2
1568,387,1,2
1568,388,1,2
1568,389,1,2
1568,390,1,2
1568,391,1,2
1568,392,1,2
1568,393,1,2
1568,394,1,2
1568,395,1,2
1568,396,1,2
1568,397,1,2
1568,398,1,2
1568,399,1,2
1568,400,1,2
1568,401,1,2
1568,402,1,2
1568,403,1,2
1568,404,1,2
1568,405,1,2
1568,406,1,2
1568,407,1,2
1568,408,1,2
1568,409,1,2
1568,410,1,2
1568,411,1,2
1568,412,1,2
1568,413,1,2
1568,414,1,2
1568,415,1,2
1568,416,1,2
1568,417,1,2
1568,418,1,2
1568,419,1,2
1568,420,1,2
1568,421,1,2
1568,422,1,2
1568,423,1,2
1568,424,1,2
1568,425,1,2
1568,426,1,2
1568,427,1,2
1568,428,1,2
1568,429,1,2
1568,430,1,2
1568,431,1,2
1568,432,1,2
1568,433,1,2
1568,434,1,2
1568,435,1,2
1568,436,1,2
1568,437,1,2
1568,438,1,2
1568,439,1,2
1568,440,1,2
1568,441,1,2
1568,442,1,2
1568,443,1,2
1568,444,1,2
1568,445,1,2
1568,446,1,2
1568,447,1,2
1568,448,1,2
1568,449,1,2
1568,450,1,2
1568,451,1,2
1568,452,1,2
1568,453,1,2
1568,454,1,2
1568,455,1,2
1568,456,1,2
1568,457,1,2
1568,458,1,2
1568,459,1,2
1568,460,1,2
1568,461,1,2
1568,462,1,2
1568,463,1,2
1568,464,1,2
1568,465,1,2
1568,466,1,2
1568,467,1,2
1568,468,1,2
1568,469,1,2
1568,470,1,3
1569,102,1,3
1569,103,1,3
1569,104,1,3
1569,105,1,3
1569,106,1,3
1569,107,1,3
1569,108,1,3
1569,109,1,3
1569,110,1,3
1569,111,1,3
1569,112,1,3
1569,113,1,3
1569,114,1,3
1569,115,1,3
1569,116,1,3
1569,117,1,3
1569,118,1,3
1569,119,1,3
1569,120,1,3
1569,121,1,3
1569,122,1,3
1569,123,1,3
1569,124,1,3
1569,125,1,3
1569,126,1,3
1569,127,1,3
1569,128,1,3
1569,129,1,3
1569,130,1,3
1569,131,1,3
1569,132,1,3
1569,133,1,3
1569,134,1,3
1569,135,1,3
1569,136,1,3
1569,137,1,3
1569,138,1,3
1569,139,1,3
1569,140,1,3
1569,141,1,3
1569,142,1,3
1569,143,1,3
1569,144,1,3
1569,145,1,3
1569,146,1,2
1569,147,1,2
1569,148,1,2
1569,149,1,2
1569,150,1,2
1569,151,1,2
1569,152,1,2
1569,153,1,2
1569,154,1,2
1569,155,1,2
1569,156,1,2
1569,157,1,2
1569,158,1,2
1569,159,1,2
1569,160,1,2
1569,161,1,2
1569,162,1,2
1569,163,1,2
1569,164,1,2
1569,165,1,2
1569,166,1,2
1569,167,1,2
1569,168,1,2
1569,169,1,2
1569,170,1,2
1569,171,1,2
1569,172,1,2
1569,173,1,2
1569,174,1,2
1569,175,1,2
1569,176,1,2
1569,177,1,2
1569,178,1,2
1569,179,1,2
1569,180,1,2
1569,181,1,2
1569,182,1,2
1569,183,1,2
1569,184,1,2
1569,185,1,2
1569,186,1,2
1569,187,1,2
1569,188,1,2
1569,189,1,2
1569,190,1,2
1569,191,1,2
1569,192,1,2
1569,193,1,2
1569,194,1,2
1569,195,1,2
1569,196,1,2
1569,197,1,2
1569,198,1,2
1569,199,1,2
1569,200,1,2
1569,201,1,2
1569,202,1,2
1569,203,1,2
1569,204,1,2
1569,205,1,2
1569,206,1,2
1569,207,1,2
1569,208,1,2
1569,209,1,2
1569,210,1,2
1569,211,1,2
1569,212,1,2
1569,213,1,2
1569,214,1,2
1569,215,1,2
1569,216,1,2
1569,217,1,2
1569,218,1,2
1569,219,1,2
1569,220,1,2
1569,221,1,2
1569,222,1,2
1569,223,1,2
1569,224,1,2
1569,225,1,2
1569,226,1,2
1569,227,1,2
1569,228,1,2
1569,229,1,2
1569,230,1,2
1569,231,1,2
1569,232,1,2
1569,233,1,2
1569,234,1,2
1569,235,1,2
1569,236,1,2
1569,237,1,2
1569,238,1,2
1569,239,1,2
1569,240,1,2
1569,241,1,2
1569,242,1,2
1569,243,1,2
1569,244,1,2
1569,245,1,2
1569,246,1,2
1569,247,1,2
1569,248,1,2
1569,249,1,2
1569,250,1,2
1569,251,1,2
1569,252,1,2
1569,253,1,2
1569,254,1,2
1569,255,1,2
1569,256,1,2
1569,257,1,2
1569,258,1,2
1569,259,1,2
1569,260,1,2
1569,261,1,2
1569,262,1,2
1569,263,1,2
1569,264,1,2
1569,265,1,2
1569,266,1,2
1569,267,1,2
1569,268,1,2
1569,269,1,2
1569,270,1,2
1569,271,1,2
1569,272,1,2
1569,273,1,2
1569,274,1,2
1569,275,1,2
1569,276,1,2
1569,277,1,2
1569,278,1,2
1569,279,1,2
1569,280,1,2
1569,281,1,2
1569,282,1,2
1569,283,1,2
1569,284,1,2
1569,285,1,2
1569,286,1,2
1569,287,1,2
1569,288,1,2
1569,289,1,2
1569,290,1,2
1569,291,1,2
1569,292,1,2
1569,293,1,2
1569,294,1,2
1569,295,1,2
1569,296,1,2
1569,297,1,2
1569,298,1,2
1569,299,1,2
1569,300,1,2
1569,301,1,2
1569,302,1,2
1569,303,1,2
1569,304,1,2
1569,305,1,2
1569,306,1,2
1569,307,1,2
1569,308,1,2
1569,309,1,2
1569,310,1,2
1569,311,1,2
1569,312,1,2
1569,313,1,2
1569,314,1,2
1569,315,1,2
1569,316,1,2
1569,317,1,2
1569,318,1,2
1569,319,1,2
1569,320,1,2
1569,321,1,2
1569,322,1,2
1569,323,1,2
1569,324,1,2
1569,325,1,2
1569,326,1,2
1569,327,1,2
1569,328,1,2
1569,329,1,2
1569,330,1,2
1569,331,1,2
1569,332,1,2
1569,333,1,2
1569,334,1,2
1569,335,1,2
1569,336,1,2
1569,337,1,2
1569,338,1,2
1569,339,1,2
1569,340,1,2
1569,341,1,2
1569,342,1,2
1569,343,1,2
1569,344,1,2
1569,345,1,2
1569,346,1,2
1569,347,1,2
1569,348,1,2
1569,349,1,2
1569,350,1,2
1569,351,1,2
1569,352,1,2
1569,353,1,2
1569,354,1,2
1569,355,1,2
1569,356,1,2
1569,357,1,2
1569,358,1,2
1569,359,1,2
1569,360,1,2
1569,361,1,2
1569,362,1,2
1569,363,1,2
1569,364,1,2
1569,365,1,2
1569,366,1,2
1569,367,1,2
1569,368,1,2
1569,369,1,2
1569,370,1,2
1569,371,1,2
1569,372,1,2
1569,373,1,2
1569,374,1,2
1569,375,1,2
1569,376,1,2
1569,377,1,2
1569,378,1,2
1569,379,1,2
1569,380,1,2
1569,381,1,2
1569,382,1,2
1569,383,1,2
1569,384,1,2
1569,385,1,2
1569,386,1,2
1569,387,1,2
1569,388,1,2
1569,389,1,2
1569,390,1,2
1569,391,1,2
1569,392,1,2
1569,393,1,2
1569,394,1,2
1569,395,1,2
1569,396,1,2
1569,397,1,2
1569,398,1,2
1569,399,1,2
1569,400,1,2
1569,401,1,2
1569,402,1,2
1569,403,1,2
1569,404,1,2
1569,405,1,2
1569,406,1,2
1569,407,1,2
1569,408,1,2
1569,409,1,2
1569,410,1,2
1569,411,1,2
1569,412,1,2
1569,413,1,2
1569,414,1,2
1569,415,1,2
1569,416,1,2
1569,417,1,2
1569,418,1,2
1569,419,1,2
1569,420,1,2
1569,421,1,2
1569,422,1,2
1569,423,1,2
1569,424,1,2
1569,425,1,2
1569,426,1,2
1569,427,1,2
1569,428,1,2
1569,429,1,2
1569,430,1,2
1569,431,1,2
1569,432,1,2
1569,433,1,2
1569,434,1,2
1569,435,1,2
1569,436,1,2
1569,437,1,2
1569,438,1,2
1569,439,1,2
1569,440,1,2
1569,441,1,2
1569,442,1,2
1569,443,1,2
1569,444,1,2
1569,445,1,2
1569,446,1,2
1569,447,1,2
1569,448,1,2
1569,449,1,2
1569,450,1,2
1569,451,1,2
1569,452,1,2
1569,453,1,3
1569,454,1,3
1569,455,1,3
1569,456,1,3
1569,457,1,3
1569,458,1,3
1569,459,1,3
1569,460,1,3
1569,461,1,2
1569,462,1,2
1569,463,1,2
1569,464,1,2
1569,465,1,2
1569,466,1,2
1569,467,1,2
1569,468,1,2
1569,469,1,2
1570,102,1,3
1570,103,1,3
1570,104,1,3
1570,105,1,3
1570,106,1,3
1570,107,1,3
1570,108,1,3
1570,109,1,3
1570,110,1,3
1570,111,1,3
1570,112,1,3
1570,113,1,3
1570,114,1,3
1570,115,1,3
1570,116,1,3
1570,117,1,3
1570,118,1,3
1570,119,1,3
1570,120,1,3
1570,121,1,3
1570,122,1,3
1570,123,1,3
1570,124,1,3
1570,125,1,3
1570,126,1,3
1570,127,1,3
1570,128,1,3
1570,129,1,3
1570,130,1,3
1570,131,1,3
1570,132,1,3
1570,133,1,3
1570,134,1,3
1570,135,1,3
1570,136,1,3
1570,137,1,3
1570,138,1,3
1570,139,1,3
1570,140,1,3
1570,141,1,3
1570,142,1,3
1570,143,1,3
1570,144,1,3
1570,145,1,3
1570,146,1,2
1570,147,1,2
1570,148,1,2
1570,149,1,2
1570,150,1,2
1570,151,1,2
1570,152,1,2
1570,153,1,2
1570,154,1,2
1570,155,1,2
1570,156,1,2
1570,157,1,2
1570,158,1,2
1570,159,1,2
1570,160,1,2
1570,161,1,2
1570,162,1,2
1570,163,1,2
1570,164,1,2
1570,165,1,2
1570,166,1,2
1570,167,1,2
1570,168,1,2
1570,169,1,2
1570,170,1,2
1570,171,1,2
1570,172,1,2
1570,173,1,2
1570,174,1,2
1570,175,1,2
1570,176,1,2
1570,177,1,2
1570,178,1,2
1570,179,1,2
1570,180,1,2
1570,181,1,2
1570,182,1,2
1570,183,1,2
1570,184,1,2
1570,185,1,2
1570,186,1,2
1570,187,1,2
1570,188,1,2
1570,189,1,2
1570,190,1,2
1570,191,1,2
1570,192,1,2
1570,193,1,2
1570,194,1,2
1570,195,1,2
1570,196,1,2
1570,197,1,2
1570,198,1,2
1570,199,1,2
1570,200,1,2
1570,201,1,2
1570,202,1,2
1570,203,1,2
1570,204,1,2
1570,205,1,2
1570,206,1,2
1570,207,1,2
1570,208,1,2
1570,209,1,2
1570,210,1,2
1570,211,1,2
1570,212,1,2
1570,213,1,2
1570,214,1,2
1570,215,1,2
1570,216,1,2
1570,217,1,2
1570,218,1,2
1570,219,1,2
1570,220,1,2
1570,221,1,2
1570,222,1,2
1570,223,1,2
1570,224,1,2
1570,225,1,2
1570,226,1,2
1570,227,1,2
1570,228,1,2
1570,229,1,2
1570,230,1,2
1570,231,1,2
1570,232,1,2
1570,233,1,2
1570,234,1,2
1570,235,1,2
1570,236,1,2
1570,237,1,2
1570,238,1,2
1570,239,1,2
1570,240,1,2
1570,241,1,2
1570,242,1,2
1570,243,1,2
1570,244,1,2
1570,245,1,2
1570,246,1,2
1570,247,1,2
1570,248,1,2
1570,249,1,2
1570,250,1,2
1570,251,1,2
1570,252,1,2
1570,253,1,2
1570,254,1,2
1570,255,1,2
1570,256,1,2
1570,257,1,2
1570,258,1,2
1570,259,1,2
1570,260,1,2
1570,261,1,2
1570,262,1,2
1570,263,1,2
1570,264,1,2
1570,265,1,2
1570,266,1,2
1570,267,1,2
1570,268,1,2
1570,269,1,2
1570,270,1,2
1570,271,1,2
1570,272,1,2
1570,273,1,2
1570,274,1,2
1570,275,1,2
1570,276,1,2
1570,277,1,2
1570,278,1,2
1570,279,1,2
1570,280,1,2
1570,281,1,2
1570,282,1,2
1570,283,1,2
1570,284,1,2
1570,285,1,2
1570,286,1,2
1570,287,1,2
1570,288,1,2
1570,289,1,2
1570,290,1,2
1570,291,1,2
1570,292,1,2
1570,293,1,2
1570,294,1,2
1570,295,1,2
1570,296,1,2
1570,297,1,2
1570,298,1,2
1570,299,1,2
1570,300,1,2
1570,301,1,2
1570,302,1,2
1570,303,1,2
1570,304,1,2
1570,305,1,2
1570,306,1,2
1570,307,1,2
1570,308,1,2
1570,309,1,2
1570,310,1,2
1570,311,1,2
1570,312,1,2
1570,313,1,2
1570,314,1,2
1570,315,1,2
1570,316,1,2
1570,317,1,2
1570,318,1,2
1570,319,1,2
1570,320,1,2
1570,321,1,2
1570,322,1,2
1570,323,1,2
1570,324,1,2
1570,325,1,2
1570,326,1,2
1570,327,1,2
1570,328,1,2
1570,329,1,2
1570,330,1,2
1570,331,1,2
1570,332,1,2
1570,333,1,2
1570,334,1,2
1570,335,1,2
1570,336,1,2
1570,337,1,2
1570,338,1,2
1570,339,1,2
1570,340,1,2
1570,341,1,2
1570,342,1,2
1570,343,1,2
1570,344,1,2
1570,345,1,2
1570,346,1,2
1570,347,1,2
1570,348,1,2
1570,349,1,2
1570,350,1,2
1570,351,1,2
1570,352,1,2
1570,353,1,2
1570,354,1,2
1570,355,1,2
1570,356,1,2
1570,357,1,2
1570,358,1,2
1570,359,1,2
1570,360,1,2
1570,361,1,2
1570,362,1,2
1570,363,1,2
1570,364,1,2
1570,365,1,2
1570,366,1,2
1570,367,1,2
1570,368,1,2
1570,369,1,2
1570,370,1,2
1570,371,1,2
1570,372,1,2
1570,373,1,2
1570,374,1,2
1570,375,1,2
1570,376,1,2
1570,377,1,2
1570,378,1,2
1570,379,1,2
1570,380,1,2
1570,381,1,2
1570,382,1,2
1570,383,1,2
1570,384,1,2
1570,385,1,2
1570,386,1,2
1570,387,1,2
1570,388,1,2
1570,389,1,2
1570,390,1,2
1570,391,1,2
1570,392,1,2
1570,393,1,2
1570,394,1,2
1570,395,1,2
1570,396,1,2
1570,397,1,2
1570,398,1,2
1570,399,1,2
1570,400,1,2
1570,401,1,2
1570,402,1,2
1570,403,1,2
1570,404,1,2
1570,405,1,2
1570,406,1,2
1570,407,1,2
1570,408,1,2
1570,409,1,2
1570,410,1,2
1570,411,1,2
1570,412,1,2
1570,413,1,2
1570,414,1,2
1570,415,1,2
1570,416,1,2
1570,417,1,2
1570,418,1,2
1570,419,1,2
1570,420,1,2
1570,421,1,2
1570,422,1,2
1570,423,1,2
1570,424,1,2
1570,425,1,2
1570,426,1,2
1570,427,1,2
1570,428,1,2
1570,429,1,2
1570,430,1,2
1570,431,1,2
1570,432,1,2
1570,433,1,2
1570,434,1,2
1570,435,1,2
1570,436,1,2
1570,437,1,2
1570,438,1,2
1570,439,1,2
1570,440,1,2
1570,441,1,2
1570,442,1,2
1570,443,1,2
1570,444,1,2
1570,445,1,2
1570,446,1,3
1570,447,1,3
1570,448,1,3
1570,449,1,3
1570,450,1,3
1570,451,1,3
1570,452,1,3
1570,453,1,3
1570,454,1,3
1570,455,1,3
1570,456,1,3
1570,457,1,3
1570,458,1,3
1570,459,1,3
1570,460,1,3
1570,461,1,3
1570,462,1,3
1570,463,1,2
1570,464,1,2
1570,465,1,2
1570,466,1,2
1570,467,1,2
1570,468,1,2
1570,469,1,2
1571,102,1,3
1571,103,1,3
1571,104,1,3
1571,105,1,3
1571,106,1,3
1571,107,1,3
1571,108,1,3
1571,109,1,3
1571,110,1,3
1571,111,1,3
1571,112,1,3
1571,113,1,3
1571,114,1,3
1571,115,1,3
1571,116,1,3
1571,117,1,3
1571,118,1,3
1571,119,1,3
1571,120,1,3
1571,121,1,3
1571,122,1,3
1571,123,1,3
1571,124,1,3
1571,125,1,3
1571,126,1,3
1571,127,1,3
1571,128,1,3
1571,129,1,3
1571,130,1,3
1571,131,1,3
1571,132,1,3
1571,133,1,3
1571,134,1,3
1571,135,1,3
1571,136,1,3
1571,137,1,3
1571,138,1,3
1571,139,1,3
1571,140,1,3
1571,141,1,3
1571,142,1,3
1571,143,1,3
1571,144,1,3
1571,145,1,3
1571,146,1,3
1571,147,1,2
1571,148,1,2
1571,149,1,2
1571,150,1,2
1571,151,1,2
1571,152,1,2
1571,153,1,2
1571,154,1,2
1571,155,1,2
1571,156,1,2
1571,157,1,2
1571,158,1,2
1571,159,1,2
1571,160,1,2
1571,161,1,2
1571,162,1,2
1571,163,1,2
1571,164,1,2
1571,165,1,2
1571,166,1,2
1571,167,1,2
1571,168,1,2
1571,169,1,2
1571,170,1,2
1571,171,1,2
1571,172,1,2
1571,173,1,2
1571,174,1,2
1571,175,1,2
1571,176,1,2
1571,177,1,2
1571,178,1,2
1571,179,1,2
1571,180,1,2
1571,181,1,2
1571,182,1,2
1571,183,1,2
1571,184,1,2
1571,185,1,2
1571,186,1,2
1571,187,1,2
1571,188,1,2
1571,189,1,2
1571,190,1,2
1571,191,1,2
1571,192,1,2
1571,193,1,2
1571,194,1,2
1571,195,1,2
1571,196,1,2
1571,197,1,2
1571,198,1,2
1571,199,1,2
1571,200,1,2
1571,201,1,2
1571,202,1,2
1571,203,1,2
1571,204,1,2
1571,205,1,2
1571,206,1,2
1571,207,1,2
1571,208,1,2
1571,209,1,2
1571,210,1,2
1571,211,1,2
1571,212,1,2
1571,213,1,2
1571,214,1,2
1571,215,1,2
1571,216,1,2
1571,217,1,2
1571,218,1,2
1571,219,1,2
1571,220,1,2
1571,221,1,2
1571,222,1,2
1571,223,1,2
1571,224,1,2
1571,225,1,2
1571,226,1,2
1571,227,1,2
1571,228,1,2
1571,229,1,2
1571,230,1,2
1571,231,1,2
1571,232,1,2
1571,233,1,2
1571,234,1,2
1571,235,1,2
1571,236,1,2
1571,237,1,2
1571,238,1,2
1571,239,1,2
1571,240,1,2
1571,241,1,2
1571,242,1,2
1571,243,1,2
1571,244,1,2
1571,245,1,2
1571,246,1,2
1571,247,1,2
1571,248,1,2
1571,249,1,2
1571,250,1,2
1571,251,1,2
1571,252,1,2
1571,253,1,2
1571,254,1,2
1571,255,1,2
1571,256,1,2
1571,257,1,2
1571,258,1,2
1571,259,1,2
1571,260,1,2
1571,261,1,2
1571,262,1,2
1571,263,1,2
1571,264,1,2
1571,265,1,2
1571,266,1,2
1571,267,1,2
1571,268,1,2
1571,269,1,2
1571,270,1,2
1571,271,1,2
1571,272,1,2
1571,273,1,2
1571,274,1,2
1571,275,1,2
1571,276,1,2
1571,277,1,2
1571,278,1,2
1571,279,1,2
1571,280,1,2
1571,281,1,2
1571,282,1,2
1571,283,1,2
1571,284,1,2
1571,285,1,2
1571,286,1,2
1571,287,1,2
1571,288,1,2
1571,289,1,2
1571,290,1,2
1571,291,1,2
1571,292,1,2
1571,293,1,2
1571,294,1,2
1571,295,1,2
1571,296,1,2
1571,297,1,2
1571,298,1,2
1571,299,1,2
1571,300,1,2
1571,301,1,2
1571,302,1,2
1571,303,1,2
1571,304,1,2
1571,305,1,2
1571,306,1,2
1571,307,1,2
1571,308,1,2
1571,309,1,2
1571,310,1,2
1571,311,1,2
1571,312,1,2
1571,313,1,2
1571,314,1,2
1571,315,1,2
1571,316,1,2
1571,317,1,2
1571,318,1,2
1571,319,1,2
1571,320,1,2
1571,321,1,2
1571,322,1,2
1571,323,1,2
1571,324,1,2
1571,325,1,2
1571,326,1,2
1571,327,1,2
1571,328,1,2
1571,329,1,2
1571,330,1,2
1571,331,1,2
1571,332,1,2
1571,333,1,2
1571,334,1,2
1571,335,1,2
1571,336,1,2
1571,337,1,2
1571,338,1,2
1571,339,1,2
1571,340,1,2
1571,341,1,2
1571,342,1,2
1571,343,1,2
1571,344,1,2
1571,345,1,2
1571,346,1,2
1571,347,1,2
1571,348,1,2
1571,349,1,2
1571,350,1,2
1571,351,1,2
1571,352,1,2
1571,353,1,2
1571,354,1,2
1571,355,1,2
1571,356,1,2
1571,357,1,2
1571,358,1,2
1571,359,1,2
1571,360,1,2
1571,361,1,2
1571,362,1,2
1571,363,1,2
1571,364,1,2
1571,365,1,2
1571,366,1,2
1571,367,1,2
1571,368,1,2
1571,369,1,2
1571,370,1,2
1571,371,1,2
1571,372,1,2
1571,373,1,2
1571,374,1,2
1571,375,1,2
1571,376,1,2
1571,377,1,2
1571,378,1,2
1571,379,1,2
1571,380,1,2
1571,381,1,2
1571,382,1,2
1571,383,1,2
1571,384,1,2
1571,385,1,2
1571,386,1,2
1571,387,1,2
1571,388,1,2
1571,389,1,2
1571,390,1,2
1571,391,1,2
1571,392,1,2
1571,393,1,2
1571,394,1,2
1571,395,1,2
1571,396,1,2
1571,397,1,2
1571,398,1,2
1571,399,1,2
1571,400,1,2
1571,401,1,2
1571,402,1,2
1571,403,1,2
1571,404,1,2
1571,405,1,2
1571,406,1,2
1571,407,1,2
1571,408,1,2
1571,409,1,2
1571,410,1,2
1571,411,1,2
1571,412,1,2
1571,413,1,2
1571,414,1,2
1571,415,1,2
1571,416,1,2
1571,417,1,2
1571,418,1,2
1571,419,1,2
1571,420,1,2
1571,421,1,2
1571,422,1,2
1571,423,1,2
1571,424,1,2
1571,425,1,2
1571,426,1,2
1571,427,1,2
1571,428,1,2
1571,429,1,2
1571,430,1,2
1571,431,1,2
1571,432,1,2
1571,433,1,2
1571,434,1,2
1571,435,1,2
1571,436,1,2
1571,437,1,2
1571,438,1,2
1571,439,1,2
1571,440,1,2
1571,441,1,2
1571,442,1,2
1571,443,1,2
1571,444,1,2
1571,445,1,3
1571,446,1,3
1571,447,1,3
1571,448,1,3
1571,449,1,3
1571,450,1,3
1571,451,1,3
1571,452,1,3
1571,453,1,3
1571,454,1,3
1571,455,1,3
1571,456,1,3
1571,457,1,3
1571,458,1,3
1571,459,1,3
1571,460,1,3
1571,461,1,3
1571,462,1,3
1571,463,1,3
1571,464,1,2
1571,465,1,2
1571,466,1,2
1571,467,1,2
1571,468,1,2
1571,469,1,2
1572,102,1,3
1572,103,1,3
1572,104,1,3
1572,105,1,3
1572,106,1,3
1572,107,1,3
1572,108,1,3
1572,109,1,3
1572,110,1,3
1572,111,1,3
1572,112,1,3
1572,113,1,3
1572,114,1,3
1572,115,1,3
1572,116,1,3
1572,117,1,3
1572,118,1,3
1572,119,1,3
1572,120,1,3
1572,121,1,3
1572,122,1,3
1572,123,1,3
1572,124,1,3
1572,125,1,3
1572,126,1,3
1572,127,1,3
1572,128,1,3
1572,129,1,3
1572,130,1,3
1572,131,1,3
1572,132,1,3
1572,133,1,3
1572,134,1,3
1572,135,1,3
1572,136,1,3
1572,137,1,3
1572,138,1,3
1572,139,1,3
1572,140,1,3
1572,141,1,3
1572,142,1,3
1572,143,1,3
1572,144,1,3
1572,145,1,3
1572,146,1,3
1572,147,1,2
1572,148,1,2
1572,149,1,2
1572,150,1,2
1572,151,1,2
1572,152,1,2
1572,153,1,2
1572,154,1,2
1572,155,1,2
1572,156,1,2
1572,157,1,2
1572,158,1,2
1572,159,1,2
1572,160,1,2
1572,161,1,2
1572,162,1,2
1572,163,1,2
1572,164,1,2
1572,165,1,2
1572,166,1,2
1572,167,1,2
1572,168,1,2
1572,169,1,2
1572,170,1,2
1572,171,1,2
1572,172,1,2
1572,173,1,2
1572,174,1,2
1572,175,1,2
1572,176,1,2
1572,177,1,2
1572,178,1,2
1572,179,1,2
1572,180,1,2
1572,181,1,2
1572,182,1,2
1572,183,1,2
1572,184,1,2
1572,185,1,2
1572,186,1,2
1572,187,1,2
1572,188,1,2
1572,189,1,2
1572,190,1,2
1572,191,1,2
1572,192,1,2
1572,193,1,2
1572,194,1,2
1572,195,1,2
1572,196,1,2
1572,197,1,2
1572,198,1,2
1572,199,1,2
1572,200,1,2
1572,201,1,2
1572,202,1,2
1572,203,1,2
1572,204,1,2
1572,205,1,2
1572,206,1,2
1572,207,1,2
1572,208,1,2
1572,209,1,2
1572,210,1,2
1572,211,1,2
1572,212,1,2
1572,213,1,2
1572,214,1,2
1572,215,1,2
1572,216,1,2
1572,217,1,2
1572,218,1,2
1572,219,1,2
1572,220,1,2
1572,221,1,2
1572,222,1,2
1572,223,1,2
1572,224,1,2
1572,225,1,2
1572,226,1,2
1572,227,1,2
1572,228,1,2
1572,229,1,2
1572,230,1,2
1572,231,1,2
1572,232,1,2
1572,233,1,2
1572,234,1,2
1572,235,1,2
1572,236,1,2
1572,237,1,2
1572,238,1,2
1572,239,1,2
1572,240,1,2
1572,241,1,2
1572,242,1,2
1572,243,1,2
1572,244,1,2
1572,245,1,2
1572,246,1,2
1572,247,1,2
1572,248,1,2
1572,249,1,2
1572,250,1,2
1572,251,1,2
1572,252,1,2
1572,253,1,2
1572,254,1,2
1572,255,1,2
1572,256,1,2
1572,257,1,2
1572,258,1,2
1572,259,1,2
1572,260,1,2
1572,261,1,2
1572,262,1,2
1572,263,1,2
1572,264,1,2
1572,265,1,2
1572,266,1,2
1572,267,1,2
1572,268,1,2
1572,269,1,2
1572,270,1,2
1572,271,1,2
1572,272,1,2
1572,273,1,2
1572,274,1,2
1572,275,1,2
1572,276,1,2
1572,277,1,2
1572,278,1,2
1572,279,1,2
1572,280,1,2
1572,281,1,2
1572,282,1,2
1572,283,1,2
1572,284,1,2
1572,285,1,2
1572,286,1,2
1572,287,1,2
1572,288,1,2
1572,289,1,2
1572,290,1,2
1572,291,1,2
1572,292,1,2
1572,293,1,2
1572,294,1,2
1572,295,1,2
1572,296,1,2
1572,297,1,2
1572,298,1,2
1572,299,1,2
1572,300,1,2
1572,301,1,2
1572,302,1,2
1572,303,1,2
1572,304,1,2
1572,305,1,2
1572,306,1,2
1572,307,1,2
1572,308,1,2
1572,309,1,2
1572,310,1,2
1572,311,1,2
1572,312,1,2
1572,313,1,2
1572,314,1,2
1572,315,1,2
1572,316,1,2
1572,317,1,2
1572,318,1,2
1572,319,1,2
1572,320,1,2
1572,321,1,2
1572,322,1,2
1572,323,1,2
1572,324,1,2
1572,325,1,2
1572,326,1,2
1572,327,1,2
1572,328,1,2
1572,329,1,2
1572,330,1,2
1572,331,1,2
1572,332,1,2
1572,333,1,2
1572,334,1,2
1572,335,1,2
1572,336,1,2
1572,337,1,2
1572,338,1,2
1572,339,1,2
1572,340,1,2
1572,341,1,2
1572,342,1,2
1572,343,1,2
1572,344,1,2
1572,345,1,2
1572,346,1,2
1572,347,1,2
1572,348,1,2
1572,349,1,2
1572,350,1,2
1572,351,1,2
1572,352,1,2
1572,353,1,2
1572,354,1,2
1572,355,1,2
1572,356,1,2
1572,357,1,2
1572,358,1,2
1572,359,1,2
1572,360,1,2
1572,361,1,2
1572,362,1,2
1572,363,1,2
1572,364,1,2
1572,365,1,2
1572,366,1,2
1572,367,1,2
1572,368,1,2
1572,369,1,2
1572,370,1,2
1572,371,1,2
1572,372,1,2
1572,373,1,2
1572,374,1,2
1572,375,1,2
1572,376,1,2
1572,377,1,2
1572,378,1,2
1572,379,1,2
1572,380,1,2
1572,381,1,2
1572,382,1,2
1572,383,1,2
1572,384,1,2
1572,385,1,2
1572,386,1,2
1572,387,1,2
1572,388,1,2
1572,389,1,2
1572,390,1,2
1572,391,1,2
1572,392,1,2
1572,393,1,2
1572,394,1,2
1572,395,1,2
1572,396,1,2
1572,397,1,2
1572,398,1,2
1572,399,1,2
1572,400,1,2
1572,401,1,2
1572,402,1,2
1572,403,1,2
1572,404,1,2
1572,405,1,2
1572,406,1,2
1572,407,1,2
1572,408,1,2
1572,409,1,2
1572,410,1,2
1572,411,1,2
1572,412,1,2
1572,413,1,2
1572,414,1,2
1572,415,1,2
1572,416,1,2
1572,417,1,2
1572,418,1,2
1572,419,1,2
1572,420,1,2
1572,421,1,2
1572,422,1,2
1572,423,1,2
1572,424,1,2
1572,425,1,2
1572,426,1,2
1572,427,1,2
1572,428,1,2
1572,429,1,2
1572,430,1,2
1572,431,1,2
1572,432,1,2
1572,433,1,2
1572,434,1,2
1572,435,1,2
1572,436,1,2
1572,437,1,2
1572,438,1,2
1572,439,1,2
1572,440,1,2
1572,441,1,2
1572,442,1,2
1572,443,1,2
1572,444,1,3
1572,445,1,3
1572,446,1,3
1572,447,1,3
1572,448,1,3
1572,449,1,3
1572,450,1,3
1572,451,1,3
1572,452,1,3
1572,453,1,3
1572,454,1,3
1572,455,1,3
1572,456,1,3
1572,457,1,3
1572,458,1,3
1572,459,1,3
1572,460,1,3
1572,461,1,3
1572,462,1,3
1572,463,1,3
1572,464,1,3
1572,465,1,3
1572,466,1,3
1572,467,1,2
1572,468,1,2
1572,469,1,3
1573,102,1,3
1573,103,1,3
1573,104,1,3
1573,105,1,3
1573,106,1,3
1573,107,1,3
1573,108,1,3
1573,109,1,3
1573,110,1,3
1573,111,1,3
1573,112,1,3
1573,113,1,3
1573,114,1,3
1573,115,1,3
1573,116,1,3
1573,117,1,3
1573,118,1,3
1573,119,1,3
1573,120,1,3
1573,121,1,3
1573,122,1,3
1573,123,1,3
1573,124,1,3
1573,125,1,3
1573,126,1,3
1573,127,1,3
1573,128,1,3
1573,129,1,3
1573,130,1,3
1573,131,1,3
1573,132,1,3
1573,133,1,3
1573,134,1,3
1573,135,1,3
1573,136,1,3
1573,137,1,3
1573,138,1,3
1573,139,1,3
1573,140,1,3
1573,141,1,3
1573,142,1,3
1573,143,1,3
1573,144,1,3
1573,145,1,3
1573,146,1,3
1573,147,1,2
1573,148,1,2
1573,149,1,2
1573,150,1,2
1573,151,1,2
1573,152,1,2
1573,153,1,2
1573,154,1,2
1573,155,1,2
1573,156,1,2
1573,157,1,2
1573,158,1,2
1573,159,1,2
1573,160,1,2
1573,161,1,2
1573,162,1,2
1573,163,1,2
1573,164,1,2
1573,165,1,2
1573,166,1,2
1573,167,1,2
1573,168,1,2
1573,169,1,2
1573,170,1,2
1573,171,1,2
1573,172,1,2
1573,173,1,2
1573,174,1,2
1573,175,1,2
1573,176,1,2
1573,177,1,2
1573,178,1,2
1573,179,1,2
1573,180,1,2
1573,181,1,2
1573,182,1,2
1573,183,1,2
1573,184,1,2
1573,185,1,2
1573,186,1,2
1573,187,1,2
1573,188,1,2
1573,189,1,2
1573,190,1,2
1573,191,1,2
1573,192,1,2
1573,193,1,2
1573,194,1,2
1573,195,1,2
1573,196,1,2
1573,197,1,2
1573,198,1,2
1573,199,1,2
1573,200,1,2
1573,201,1,2
1573,202,1,2
1573,203,1,2
1573,204,1,2
1573,205,1,2
1573,206,1,2
1573,207,1,2
1573,208,1,2
1573,209,1,2
1573,210,1,2
1573,211,1,2
1573,212,1,2
1573,213,1,2
1573,214,1,2
1573,215,1,2
1573,216,1,2
1573,217,1,2
1573,218,1,2
1573,219,1,2
1573,220,1,2
1573,221,1,2
1573,222,1,2
1573,223,1,2
1573,224,1,2
1573,225,1,2
1573,226,1,2
1573,227,1,2
1573,228,1,2
1573,229,1,2
1573,230,1,2
1573,231,1,2
1573,232,1,2
1573,233,1,2
1573,234,1,2
1573,235,1,2
1573,236,1,2
1573,237,1,2
1573,238,1,2
1573,239,1,2
1573,240,1,2
1573,241,1,2
1573,242,1,2
1573,243,1,2
1573,244,1,2
1573,245,1,2
1573,246,1,2
1573,247,1,2
1573,248,1,2
1573,249,1,2
1573,250,1,2
1573,251,1,2
1573,252,1,2
1573,253,1,2
1573,254,1,2
1573,255,1,2
1573,256,1,2
1573,257,1,2
1573,258,1,2
1573,259,1,2
1573,260,1,2
1573,261,1,2
1573,262,1,2
1573,263,1,2
1573,264,1,2
1573,265,1,2
1573,266,1,2
1573,267,1,2
1573,268,1,2
1573,269,1,2
1573,270,1,2
1573,271,1,2
1573,272,1,2
1573,273,1,2
1573,274,1,2
1573,275,1,2
1573,276,1,2
1573,277,1,2
1573,278,1,2
1573,279,1,2
1573,280,1,2
1573,281,1,2
1573,282,1,2
1573,283,1,2
1573,284,1,2
1573,285,1,2
1573,286,1,2
1573,287,1,2
1573,288,1,2
1573,289,1,2
1573,290,1,2
1573,291,1,2
1573,292,1,2
1573,293,1,2
1573,294,1,2
1573,295,1,2
1573,296,1,2
1573,297,1,2
1573,298,1,2
1573,299,1,2
1573,300,1,2
1573,301,1,2
1573,302,1,2
1573,303,1,2
1573,304,1,2
1573,305,1,2
1573,306,1,2
1573,307,1,2
1573,308,1,2
1573,309,1,2
1573,310,1,2
1573,311,1,2
1573,312,1,2
1573,313,1,2
1573,314,1,2
1573,315,1,2
1573,316,1,2
1573,317,1,2
1573,318,1,2
1573,319,1,2
1573,320,1,2
1573,321,1,2
1573,322,1,2
1573,323,1,2
1573,324,1,2
1573,325,1,2
1573,326,1,2
1573,327,1,2
1573,328,1,2
1573,329,1,2
1573,330,1,2
1573,331,1,2
1573,332,1,2
1573,333,1,2
1573,334,1,2
1573,335,1,2
1573,336,1,2
1573,337,1,2
1573,338,1,2
1573,339,1,2
1573,340,1,2
1573,341,1,2
1573,342,1,2
1573,343,1,2
1573,344,1,2
1573,345,1,2
1573,346,1,2
1573,347,1,2
1573,348,1,2
1573,349,1,2
1573,350,1,2
1573,351,1,2
1573,352,1,2
1573,353,1,2
1573,354,1,2
1573,355,1,2
1573,356,1,2
1573,357,1,2
1573,358,1,2
1573,359,1,2
1573,360,1,2
1573,361,1,2
1573,362,1,2
1573,363,1,2
1573,364,1,2
1573,365,1,2
1573,366,1,2
1573,367,1,2
1573,368,1,2
1573,369,1,2
1573,370,1,2
1573,371,1,2
1573,372,1,2
1573,373,1,2
1573,374,1,2
1573,375,1,2
1573,376,1,2
1573,377,1,2
1573,378,1,2
1573,379,1,2
1573,380,1,2
1573,381,1,2
1573,382,1,2
1573,383,1,2
1573,384,1,2
1573,385,1,2
1573,386,1,2
1573,387,1,2
1573,388,1,2
1573,389,1,2
1573,390,1,2
1573,391,1,2
1573,392,1,2
1573,393,1,2
1573,394,1,2
1573,395,1,2
1573,396,1,2
1573,397,1,2
1573,398,1,2
1573,399,1,2
1573,400,1,2
1573,401,1,2
1573,402,1,2
1573,403,1,2
1573,404,1,2
1573,405,1,2
1573,406,1,2
1573,407,1,2
1573,408,1,2
1573,409,1,2
1573,410,1,2
1573,411,1,2
1573,412,1,2
1573,413,1,2
1573,414,1,2
1573,415,1,2
1573,416,1,2
1573,417,1,2
1573,418,1,2
1573,419,1,2
1573,420,1,2
1573,421,1,2
1573,422,1,2
1573,423,1,2
1573,424,1,2
1573,425,1,2
1573,426,1,2
1573,427,1,2
1573,428,1,2
1573,429,1,2
1573,430,1,2
1573,431,1,2
1573,432,1,2
1573,433,1,2
1573,434,1,2
1573,435,1,2
1573,436,1,2
1573,437,1,2
1573,438,1,2
1573,439,1,2
1573,440,1,2
1573,441,1,2
1573,442,1,2
1573,443,1,3
1573,444,1,3
1573,445,1,3
1573,446,1,3
1573,447,1,3
1573,448,1,3
1573,449,1,3
1573,450,1,3
1573,451,1,3
1573,452,1,3
1573,453,1,3
1573,454,1,3
1573,455,1,3
1573,456,1,3
1573,457,1,3
1573,458,1,3
1573,459,1,3
1573,460,1,3
1573,461,1,3
1573,462,1,3
1573,463,1,3
1573,464,1,3
1573,465,1,3
1573,466,1,3
1573,467,1,3
1573,468,1,3
1573,469,1,3
1574,102,1,3
1574,103,1,3
1574,104,1,3
1574,105,1,3
1574,106,1,3
1574,107,1,3
1574,108,1,3
1574,109,1,3
1574,110,1,3
1574,111,1,3
1574,112,1,3
1574,113,1,3
1574,114,1,3
1574,115,1,3
1574,116,1,3
1574,117,1,3
1574,118,1,3
1574,119,1,3
1574,120,1,3
1574,121,1,3
1574,122,1,3
1574,123,1,3
1574,124,1,3
1574,125,1,3
1574,126,1,3
1574,127,1,3
1574,128,1,3
1574,129,1,3
1574,130,1,3
1574,131,1,3
1574,132,1,3
1574,133,1,3
1574,134,1,3
1574,135,1,3
1574,136,1,3
1574,137,1,3
1574,138,1,3
1574,139,1,3
1574,140,1,3
1574,141,1,3
1574,142,1,3
1574,143,1,3
1574,144,1,3
1574,145,1,3
1574,146,1,3
1574,147,1,2
1574,148,1,2
1574,149,1,2
1574,150,1,2
1574,151,1,2
1574,152,1,2
1574,153,1,2
1574,154,1,2
1574,155,1,2
1574,156,1,2
1574,157,1,2
1574,158,1,2
1574,159,1,2
1574,160,1,2
1574,161,1,2
1574,162,1,2
1574,163,1,2
1574,164,1,2
1574,165,1,2
1574,166,1,2
1574,167,1,2
1574,168,1,2
1574,169,1,2
1574,170,1,2
1574,171,1,2
1574,172,1,2
1574,173,1,2
1574,174,1,2
1574,175,1,2
1574,176,1,2
1574,177,1,2
1574,178,1,2
1574,179,1,2
1574,180,1,2
1574,181,1,2
1574,182,1,2
1574,183,1,2
1574,184,1,2
1574,185,1,2
1574,186,1,2
1574,187,1,2
1574,188,1,2
1574,189,1,2
1574,190,1,2
1574,191,1,2
1574,192,1,2
1574,193,1,2
1574,194,1,2
1574,195,1,2
1574,196,1,2
1574,197,1,2
1574,198,1,2
1574,199,1,2
1574,200,1,2
1574,201,1,2
1574,202,1,2
1574,203,1,2
1574,204,1,2
1574,205,1,2
1574,206,1,2
1574,207,1,2
1574,208,1,2
1574,209,1,2
1574,210,1,2
1574,211,1,2
1574,212,1,2
1574,213,1,2
1574,214,1,2
1574,215,1,2
1574,216,1,2
1574,217,1,2
1574,218,1,2
1574,219,1,2
1574,220,1,2
1574,221,1,2
1574,222,1,2
1574,223,1,2
1574,224,1,2
1574,225,1,2
1574,226,1,2
1574,227,1,2
1574,228,1,2
1574,229,1,2
1574,230,1,2
1574,231,1,2
1574,232,1,2
1574,233,1,2
1574,234,1,2
1574,235,1,2
1574,236,1,2
1574,237,1,2
1574,238,1,2
1574,239,1,2
1574,240,1,2
1574,241,1,2
1574,242,1,2
1574,243,1,2
1574,244,1,2
1574,245,1,2
1574,246,1,2
1574,247,1,2
1574,248,1,2
1574,249,1,2
1574,250,1,2
1574,251,1,2
1574,252,1,2
1574,253,1,2
1574,254,1,2
1574,255,1,2
1574,256,1,2
1574,257,1,2
1574,258,1,2
1574,259,1,2
1574,260,1,2
1574,261,1,2
1574,262,1,2
1574,263,1,2
1574,264,1,2
1574,265,1,2
1574,266,1,2
1574,267,1,2
1574,268,1,2
1574,269,1,2
1574,270,1,2
1574,271,1,2
1574,272,1,2
1574,273,1,2
1574,274,1,2
1574,275,1,2
1574,276,1,2
1574,277,1,2
1574,278,1,2
1574,279,1,2
1574,280,1,2
1574,281,1,2
1574,282,1,2
1574,283,1,2
1574,284,1,2
1574,285,1,2
1574,286,1,2
1574,287,1,2
1574,288,1,2
1574,289,1,2
1574,290,1,2
1574,291,1,2
1574,292,1,2
1574,293,1,2
1574,294,1,2
1574,295,1,2
1574,296,1,2
1574,297,1,2
1574,298,1,2
1574,299,1,2
1574,300,1,2
1574,301,1,2
1574,302,1,2
1574,303,1,2
1574,304,1,2
1574,305,1,2
1574,306,1,2
1574,307,1,2
1574,308,1,2
1574,309,1,2
1574,310,1,2
1574,311,1,2
1574,312,1,2
1574,313,1,2
1574,314,1,2
1574,315,1,2
1574,316,1,2
1574,317,1,2
1574,318,1,2
1574,319,1,2
1574,320,1,2
1574,321,1,2
1574,322,1,2
1574,323,1,2
1574,324,1,2
1574,325,1,2
1574,326,1,2
1574,327,1,2
1574,328,1,2
1574,329,1,2
1574,330,1,2
1574,331,1,2
1574,332,1,2
1574,333,1,2
1574,334,1,2
1574,335,1,2
1574,336,1,2
1574,337,1,2
1574,338,1,2
1574,339,1,2
1574,340,1,2
1574,341,1,2
1574,342,1,2
1574,343,1,2
1574,344,1,2
1574,345,1,2
1574,346,1,2
1574,347,1,2
1574,348,1,2
1574,349,1,2
1574,350,1,2
1574,351,1,2
1574,352,1,2
1574,353,1,2
1574,354,1,2
1574,355,1,2
1574,356,1,2
1574,357,1,2
1574,358,1,2
1574,359,1,2
1574,360,1,2
1574,361,1,2
1574,362,1,2
1574,363,1,2
1574,364,1,2
1574,365,1,2
1574,366,1,2
1574,367,1,2
1574,368,1,2
1574,369,1,2
1574,370,1,2
1574,371,1,2
1574,372,1,2
1574,373,1,2
1574,374,1,2
1574,375,1,2
1574,376,1,2
1574,377,1,2
1574,378,1,2
1574,379,1,2
1574,380,1,2
1574,381,1,2
1574,382,1,2
1574,383,1,2
1574,384,1,2
1574,385,1,2
1574,386,1,2
1574,387,1,2
1574,388,1,2
1574,389,1,2
1574,390,1,2
1574,391,1,2
1574,392,1,2
1574,393,1,2
1574,394,1,2
1574,395,1,2
1574,396,1,2
1574,397,1,2
1574,398,1,2
1574,399,1,2
1574,400,1,2
1574,401,1,2
1574,402,1,2
1574,403,1,2
1574,404,1,2
1574,405,1,2
1574,406,1,2
1574,407,1,2
1574,408,1,2
1574,409,1,2
1574,410,1,2
1574,411,1,2
1574,412,1,2
1574,413,1,2
1574,414,1,2
1574,415,1,2
1574,416,1,2
1574,417,1,2
1574,418,1,2
1574,419,1,2
1574,420,1,2
1574,421,1,2
1574,422,1,2
1574,423,1,2
1574,424,1,2
1574,425,1,2
1574,426,1,2
1574,427,1,2
1574,428,1,2
1574,429,1,2
1574,430,1,2
1574,431,1,2
1574,432,1,2
1574,433,1,2
1574,434,1,2
1574,435,1,2
1574,436,1,2
1574,437,1,2
1574,438,1,2
1574,439,1,2
1574,440,1,2
1574,441,1,3
1574,442,1,3
1574,443,1,3
1574,444,1,3
1574,445,1,3
1574,446,1,3
1574,447,1,3
1574,448,1,3
1574,449,1,3
1574,450,1,3
1574,451,1,3
1574,452,1,3
1574,453,1,3
1574,454,1,3
1574,455,1,3
1574,456,1,3
1574,457,1,3
1574,458,1,3
1574,459,1,3
1574,460,1,3
1574,461,1,3
1574,462,1,3
1574,463,1,3
1574,464,1,3
1574,465,1,3
1574,466,1,3
1574,467,1,3
1574,468,1,3
1574,469,1,3
1575,102,1,3
1575,103,1,3
1575,104,1,3
1575,105,1,3
1575,106,1,3
1575,107,1,3
1575,108,1,3
1575,109,1,3
1575,110,1,3
1575,111,1,3
1575,112,1,3
1575,113,1,3
1575,114,1,3
1575,115,1,3
1575,116,1,3
1575,117,1,3
1575,118,1,3
1575,119,1,3
1575,120,1,3
1575,121,1,3
1575,122,1,3
1575,123,1,3
1575,124,1,3
1575,125,1,3
1575,126,1,3
1575,127,1,3
1575,128,1,3
1575,129,1,3
1575,130,1,3
1575,131,1,3
1575,132,1,3
1575,133,1,3
1575,134,1,3
1575,135,1,3
1575,136,1,3
1575,137,1,3
1575,138,1,3
1575,139,1,3
1575,140,1,3
1575,141,1,3
1575,142,1,3
1575,143,1,3
1575,144,1,3
1575,145,1,3
1575,146,1,3
1575,147,1,2
1575,148,1,2
1575,149,1,2
1575,150,1,2
1575,151,1,2
1575,152,1,2
1575,153,1,2
1575,154,1,2
1575,155,1,2
1575,156,1,2
1575,157,1,2
1575,158,1,2
1575,159,1,2
1575,160,1,2
1575,161,1,2
1575,162,1,2
1575,163,1,2
1575,164,1,2
1575,165,1,2
1575,166,1,2
1575,167,1,2
1575,168,1,2
1575,169,1,2
1575,170,1,2
1575,171,1,2
1575,172,1,2
1575,173,1,2
1575,174,1,2
1575,175,1,2
1575,176,1,2
1575,177,1,2
1575,178,1,2
1575,179,1,2
1575,180,1,2
1575,181,1,2
1575,182,1,2
1575,183,1,2
1575,184,1,2
1575,185,1,2
1575,186,1,2
1575,187,1,2
1575,188,1,2
1575,189,1,2
1575,190,1,2
1575,191,1,2
1575,192,1,2
1575,193,1,2
1575,194,1,2
1575,195,1,2
1575,196,1,2
1575,197,1,2
1575,198,1,2
1575,199,1,2
1575,200,1,2
1575,201,1,2
1575,202,1,2
1575,203,1,2
1575,204,1,2
1575,205,1,2
1575,206,1,2
1575,207,1,2
1575,208,1,2
1575,209,1,2
1575,210,1,2
1575,211,1,2
1575,212,1,2
1575,213,1,2
1575,214,1,2
1575,215,1,2
1575,216,1,2
1575,217,1,2
1575,218,1,2
1575,219,1,2
1575,220,1,2
1575,221,1,2
1575,222,1,2
1575,223,1,2
1575,224,1,2
1575,225,1,2
1575,226,1,2
1575,227,1,2
1575,228,1,2
1575,229,1,2
1575,230,1,2
1575,231,1,2
1575,232,1,2
1575,233,1,2
1575,234,1,2
1575,235,1,2
1575,236,1,2
1575,237,1,2
1575,238,1,2
1575,239,1,2
1575,240,1,2
1575,241,1,2
1575,242,1,2
1575,243,1,2
1575,244,1,2
1575,245,1,2
1575,246,1,2
1575,247,1,2
1575,248,1,2
1575,249,1,2
1575,250,1,2
1575,251,1,2
1575,252,1,2
1575,253,1,2
1575,254,1,2
1575,255,1,2
1575,256,1,2
1575,257,1,2
1575,258,1,2
1575,259,1,2
1575,260,1,2
1575,261,1,2
1575,262,1,2
1575,263,1,2
1575,264,1,2
1575,265,1,2
1575,266,1,2
1575,267,1,2
1575,268,1,2
1575,269,1,2
1575,270,1,2
1575,271,1,2
1575,272,1,2
1575,273,1,2
1575,274,1,2
1575,275,1,2
1575,276,1,2
1575,277,1,2
1575,278,1,2
1575,279,1,2
1575,280,1,2
1575,281,1,2
1575,282,1,2
1575,283,1,2
1575,284,1,2
1575,285,1,2
1575,286,1,2
1575,287,1,2
1575,288,1,2
1575,289,1,2
1575,290,1,2
1575,291,1,2
1575,292,1,2
1575,293,1,2
1575,294,1,2
1575,295,1,2
1575,296,1,2
1575,297,1,2
1575,298,1,2
1575,299,1,2
1575,300,1,2
1575,301,1,2
1575,302,1,2
1575,303,1,2
1575,304,1,2
1575,305,1,2
1575,306,1,2
1575,307,1,2
1575,308,1,2
1575,309,1,2
1575,310,1,2
1575,311,1,2
1575,312,1,2
1575,313,1,2
1575,314,1,2
1575,315,1,2
1575,316,1,2
1575,317,1,2
1575,318,1,2
1575,319,1,2
1575,320,1,2
1575,321,1,2
1575,322,1,2
1575,323,1,2
1575,324,1,2
1575,325,1,2
1575,326,1,2
1575,327,1,2
1575,328,1,2
1575,329,1,2
1575,330,1,2
1575,331,1,2
1575,332,1,2
1575,333,1,2
1575,334,1,2
1575,335,1,2
1575,336,1,2
1575,337,1,2
1575,338,1,2
1575,339,1,2
1575,340,1,2
1575,341,1,2
1575,342,1,2
1575,343,1,2
1575,344,1,2
1575,345,1,2
1575,346,1,2
1575,347,1,2
1575,348,1,2
1575,349,1,2
1575,350,1,2
1575,351,1,2
1575,352,1,2
1575,353,1,2
1575,354,1,2
1575,355,1,2
1575,356,1,2
1575,357,1,2
1575,358,1,2
1575,359,1,2
1575,360,1,2
1575,361,1,2
1575,362,1,2
1575,363,1,2
1575,364,1,2
1575,365,1,2
1575,366,1,2
1575,367,1,2
1575,368,1,2
1575,369,1,2
1575,370,1,2
1575,371,1,2
1575,372,1,2
1575,373,1,2
1575,374,1,2
1575,375,1,2
1575,376,1,2
1575,377,1,2
1575,378,1,2
1575,379,1,2
1575,380,1,2
1575,381,1,2
1575,382,1,2
1575,383,1,2
1575,384,1,2
1575,385,1,2
1575,386,1,2
1575,387,1,2
1575,388,1,2
1575,389,1,2
1575,390,1,2
1575,391,1,2
1575,392,1,2
1575,393,1,2
1575,394,1,2
1575,395,1,2
1575,396,1,2
1575,397,1,2
1575,398,1,2
1575,399,1,2
1575,400,1,2
1575,401,1,2
1575,402,1,2
1575,403,1,2
1575,404,1,2
1575,405,1,2
1575,406,1,2
1575,407,1,2
1575,408,1,2
1575,409,1,2
1575,410,1,2
1575,411,1,2
1575,412,1,2
1575,413,1,2
1575,414,1,2
1575,415,1,2
1575,416,1,2
1575,417,1,2
1575,418,1,2
1575,419,1,2
1575,420,1,2
1575,421,1,2
1575,422,1,2
1575,423,1,2
1575,424,1,2
1575,425,1,2
1575,426,1,2
1575,427,1,2
1575,428,1,2
1575,429,1,2
1575,430,1,2
1575,431,1,2
1575,432,1,2
1575,433,1,2
1575,434,1,2
1575,435,1,2
1575,436,1,2
1575,437,1,2
1575,438,1,2
1575,439,1,3
1575,440,1,3
1575,441,1,3
1575,442,1,3
1575,443,1,3
1575,444,1,3
1575,445,1,3
1575,446,1,3
1575,447,1,3
1575,448,1,3
1575,449,1,3
1575,450,1,3
1575,451,1,3
1575,452,1,3
1575,453,1,3
1575,454,1,3
1575,455,1,3
1575,456,1,3
1575,457,1,3
1575,458,1,3
1575,459,1,3
1575,460,1,3
1575,461,1,3
1575,462,1,3
1575,463,1,3
1575,464,1,3
1575,465,1,3
1575,466,1,3
1575,467,1,3
1575,468,1,3
1576,103,1,3
1576,104,1,3
1576,105,1,3
1576,106,1,3
1576,107,1,3
1576,108,1,3
1576,109,1,3
1576,110,1,3
1576,111,1,3
1576,112,1,3
1576,113,1,3
1576,114,1,3
1576,115,1,3
1576,116,1,3
1576,117,1,3
1576,118,1,3
1576,119,1,3
1576,120,1,3
1576,121,1,3
1576,122,1,3
1576,123,1,3
1576,124,1,3
1576,125,1,3
1576,126,1,3
1576,127,1,3
1576,128,1,3
1576,129,1,3
1576,130,1,3
1576,131,1,3
1576,132,1,3
1576,133,1,3
1576,134,1,3
1576,135,1,3
1576,136,1,3
1576,137,1,3
1576,138,1,3
1576,139,1,3
1576,140,1,3
1576,141,1,3
1576,142,1,3
1576,143,1,3
1576,144,1,3
1576,145,1,3
1576,146,1,3
1576,147,1,2
1576,148,1,2
1576,149,1,2
1576,150,1,2
1576,151,1,2
1576,152,1,2
1576,153,1,2
1576,154,1,2
1576,155,1,2
1576,156,1,2
1576,157,1,2
1576,158,1,2
1576,159,1,2
1576,160,1,2
1576,161,1,2
1576,162,1,2
1576,163,1,2
1576,164,1,2
1576,165,1,2
1576,166,1,2
1576,167,1,2
1576,168,1,2
1576,169,1,2
1576,170,1,2
1576,171,1,2
1576,172,1,2
1576,173,1,2
1576,174,1,2
1576,175,1,2
1576,176,1,2
1576,177,1,2
1576,178,1,2
1576,179,1,2
1576,180,1,2
1576,181,1,2
1576,182,1,2
1576,183,1,2
1576,184,1,2
1576,185,1,2
1576,186,1,2
1576,187,1,2
1576,188,1,2
1576,189,1,2
1576,190,1,2
1576,191,1,2
1576,192,1,2
1576,193,1,2
1576,194,1,2
1576,195,1,2
1576,196,1,2
1576,197,1,2
1576,198,1,2
1576,199,1,2
1576,200,1,2
1576,201,1,2
1576,202,1,2
1576,203,1,2
1576,204,1,2
1576,205,1,2
1576,206,1,2
1576,207,1,2
1576,208,1,2
1576,209,1,2
1576,210,1,2
1576,211,1,2
1576,212,1,2
1576,213,1,2
1576,214,1,2
1576,215,1,2
1576,216,1,2
1576,217,1,2
1576,218,1,2
1576,219,1,2
1576,220,1,2
1576,221,1,2
1576,222,1,2
1576,223,1,2
1576,224,1,2
1576,225,1,2
1576,226,1,2
1576,227,1,2
1576,228,1,2
1576,229,1,2
1576,230,1,2
1576,231,1,2
1576,232,1,2
1576,233,1,2
1576,234,1,2
1576,235,1,2
1576,236,1,2
1576,237,1,2
1576,238,1,2
1576,239,1,2
1576,240,1,2
1576,241,1,2
1576,242,1,2
1576,243,1,2
1576,244,1,2
1576,245,1,2
1576,246,1,2
1576,247,1,2
1576,248,1,2
1576,249,1,2
1576,250,1,2
1576,251,1,2
1576,252,1,2
1576,253,1,2
1576,254,1,2
1576,255,1,2
1576,256,1,2
1576,257,1,2
1576,258,1,2
1576,259,1,2
1576,260,1,2
1576,261,1,2
1576,262,1,2
1576,263,1,2
1576,264,1,2
1576,265,1,2
1576,266,1,2
1576,267,1,2
1576,268,1,2
1576,269,1,2
1576,270,1,2
1576,271,1,2
1576,272,1,2
1576,273,1,2
1576,274,1,2
1576,275,1,2
1576,276,1,2
1576,277,1,2
1576,278,1,2
1576,279,1,2
1576,280,1,2
1576,281,1,2
1576,282,1,2
1576,283,1,2
1576,284,1,2
1576,285,1,2
1576,286,1,2
1576,287,1,2
1576,288,1,2
1576,289,1,2
1576,290,1,2
1576,291,1,2
1576,292,1,2
1576,293,1,2
1576,294,1,2
1576,295,1,2
1576,296,1,2
1576,297,1,2
1576,298,1,2
1576,299,1,2
1576,300,1,2
1576,301,1,2
1576,302,1,2
1576,303,1,2
1576,304,1,2
1576,305,1,2
1576,306,1,2
1576,307,1,2
1576,308,1,2
1576,309,1,2
1576,310,1,2
1576,311,1,2
1576,312,1,2
1576,313,1,2
1576,314,1,2
1576,315,1,2
1576,316,1,2
1576,317,1,2
1576,318,1,2
1576,319,1,2
1576,320,1,2
1576,321,1,2
1576,322,1,2
1576,323,1,2
1576,324,1,2
1576,325,1,2
1576,326,1,2
1576,327,1,2
1576,328,1,2
1576,329,1,2
1576,330,1,2
1576,331,1,2
1576,332,1,2
1576,333,1,2
1576,334,1,2
1576,335,1,2
1576,336,1,2
1576,337,1,2
1576,338,1,2
1576,339,1,2
1576,340,1,2
1576,341,1,2
1576,342,1,2
1576,343,1,2
1576,344,1,2
1576,345,1,2
1576,346,1,2
1576,347,1,2
1576,348,1,2
1576,349,1,2
1576,350,1,2
1576,351,1,2
1576,352,1,2
1576,353,1,2
1576,354,1,2
1576,355,1,2
1576,356,1,2
1576,357,1,2
1576,358,1,2
1576,359,1,2
1576,360,1,2
1576,361,1,2
1576,362,1,2
1576,363,1,2
1576,364,1,2
1576,365,1,2
1576,366,1,2
1576,367,1,2
1576,368,1,2
1576,369,1,2
1576,370,1,2
1576,371,1,2
1576,372,1,2
1576,373,1,2
1576,374,1,2
1576,375,1,2
1576,376,1,2
1576,377,1,2
1576,378,1,2
1576,379,1,2
1576,380,1,2
1576,381,1,2
1576,382,1,2
1576,383,1,2
1576,384,1,2
1576,385,1,2
1576,386,1,2
1576,387,1,2
1576,388,1,2
1576,389,1,2
1576,390,1,2
1576,391,1,2
1576,392,1,2
1576,393,1,2
1576,394,1,2
1576,395,1,2
1576,396,1,2
1576,397,1,2
1576,398,1,2
1576,399,1,2
1576,400,1,2
1576,401,1,2
1576,402,1,2
1576,403,1,2
1576,404,1,2
1576,405,1,2
1576,406,1,2
1576,407,1,2
1576,408,1,2
1576,409,1,2
1576,410,1,2
1576,411,1,2
1576,412,1,2
1576,413,1,2
1576,414,1,2
1576,415,1,2
1576,416,1,2
1576,417,1,2
1576,418,1,2
1576,419,1,2
1576,420,1,2
1576,421,1,2
1576,422,1,2
1576,423,1,2
1576,424,1,2
1576,425,1,2
1576,426,1,2
1576,427,1,2
1576,428,1,2
1576,429,1,2
1576,430,1,2
1576,431,1,2
1576,432,1,2
1576,433,1,2
1576,434,1,2
1576,435,1,2
1576,436,1,2
1576,437,1,3
1576,438,1,3
1576,439,1,3
1576,440,1,3
1576,441,1,3
1576,442,1,3
1576,443,1,3
1576,444,1,3
1576,445,1,3
1576,446,1,3
1576,447,1,3
1576,448,1,3
1576,449,1,3
1576,450,1,3
1576,451,1,3
1576,452,1,3
1576,453,1,3
1576,454,1,3
1576,455,1,3
1576,456,1,3
1576,457,1,3
1576,458,1,3
1576,459,1,3
1576,460,1,3
1576,461,1,3
1576,462,1,3
1576,463,1,3
1576,464,1,3
1576,465,1,3
1576,466,1,3
1576,467,1,3
1576,468,1,3
1577,103,1,3
1577,104,1,3
1577,105,1,3
1577,106,1,3
1577,107,1,3
1577,108,1,3
1577,109,1,3
1577,110,1,3
1577,111,1,3
1577,112,1,3
1577,113,1,3
1577,114,1,3
1577,115,1,3
1577,116,1,3
1577,117,1,3
1577,118,1,3
1577,119,1,3
1577,120,1,3
1577,121,1,3
1577,122,1,3
1577,123,1,3
1577,124,1,3
1577,125,1,3
1577,126,1,3
1577,127,1,3
1577,128,1,3
1577,129,1,3
1577,130,1,3
1577,131,1,3
1577,132,1,3
1577,133,1,3
1577,134,1,3
1577,135,1,3
1577,136,1,3
1577,137,1,3
1577,138,1,3
1577,139,1,3
1577,140,1,3
1577,141,1,3
1577,142,1,3
1577,143,1,3
1577,144,1,3
1577,145,1,3
1577,146,1,3
1577,147,1,2
1577,148,1,2
1577,149,1,2
1577,150,1,2
1577,151,1,2
1577,152,1,2
1577,153,1,2
1577,154,1,2
1577,155,1,2
1577,156,1,2
1577,157,1,2
1577,158,1,2
1577,159,1,2
1577,160,1,2
1577,161,1,2
1577,162,1,2
1577,163,1,2
1577,164,1,2
1577,165,1,2
1577,166,1,2
1577,167,1,2
1577,168,1,2
1577,169,1,2
1577,170,1,2
1577,171,1,2
1577,172,1,2
1577,173,1,2
1577,174,1,2
1577,175,1,2
1577,176,1,2
1577,177,1,2
1577,178,1,2
1577,179,1,2
1577,180,1,2
1577,181,1,2
1577,182,1,2
1577,183,1,2
1577,184,1,2
1577,185,1,2
1577,186,1,2
1577,187,1,2
1577,188,1,2
1577,189,1,2
1577,190,1,2
1577,191,1,2
1577,192,1,2
1577,193,1,2
1577,194,1,2
1577,195,1,2
1577,196,1,2
1577,197,1,2
1577,198,1,2
1577,199,1,2
1577,200,1,2
1577,201,1,2
1577,202,1,2
1577,203,1,2
1577,204,1,2
1577,205,1,2
1577,206,1,2
1577,207,1,2
1577,208,1,2
1577,209,1,2
1577,210,1,2
1577,211,1,2
1577,212,1,2
1577,213,1,2
1577,214,1,2
1577,215,1,2
1577,216,1,2
1577,217,1,2
1577,218,1,2
1577,219,1,2
1577,220,1,2
1577,221,1,2
1577,222,1,2
1577,223,1,2
1577,224,1,2
1577,225,1,2
1577,226,1,2
1577,227,1,2
1577,228,1,2
1577,229,1,2
1577,230,1,2
1577,231,1,2
1577,232,1,2
1577,233,1,2
1577,234,1,2
1577,235,1,2
1577,236,1,2
1577,237,1,2
1577,238,1,2
1577,239,1,2
1577,240,1,2
1577,241,1,2
1577,242,1,2
1577,243,1,2
1577,244,1,2
1577,245,1,2
1577,246,1,2
1577,247,1,2
1577,248,1,2
1577,249,1,2
1577,250,1,2
1577,251,1,2
1577,252,1,2
1577,253,1,2
1577,254,1,2
1577,255,1,2
1577,256,1,2
1577,257,1,2
1577,258,1,2
1577,259,1,2
1577,260,1,2
1577,261,1,2
1577,262,1,2
1577,263,1,2
1577,264,1,2
1577,265,1,2
1577,266,1,2
1577,267,1,2
1577,268,1,2
1577,269,1,2
1577,270,1,2
1577,271,1,2
1577,272,1,2
1577,273,1,2
1577,274,1,2
1577,275,1,2
1577,276,1,2
1577,277,1,2
1577,278,1,2
1577,279,1,2
1577,280,1,2
1577,281,1,2
1577,282,1,2
1577,283,1,2
1577,284,1,2
1577,285,1,2
1577,286,1,2
1577,287,1,2
1577,288,1,2
1577,289,1,2
1577,290,1,2
1577,291,1,2
1577,292,1,2
1577,293,1,2
1577,294,1,2
1577,295,1,2
1577,296,1,2
1577,297,1,2
1577,298,1,2
1577,299,1,2
1577,300,1,2
1577,301,1,2
1577,302,1,2
1577,303,1,2
1577,304,1,2
1577,305,1,2
1577,306,1,2
1577,307,1,2
1577,308,1,2
1577,309,1,2
1577,310,1,2
1577,311,1,2
1577,312,1,2
1577,313,1,2
1577,314,1,2
1577,315,1,2
1577,316,1,2
1577,317,1,2
1577,318,1,2
1577,319,1,2
1577,320,1,2
1577,321,1,2
1577,322,1,2
1577,323,1,2
1577,324,1,2
1577,325,1,2
1577,326,1,2
1577,327,1,2
1577,328,1,2
1577,329,1,2
1577,330,1,2
1577,331,1,2
1577,332,1,2
1577,333,1,2
1577,334,1,2
1577,335,1,2
1577,336,1,2
1577,337,1,2
1577,338,1,2
1577,339,1,2
1577,340,1,2
1577,341,1,2
1577,342,1,2
1577,343,1,2
1577,344,1,2
1577,345,1,2
1577,346,1,2
1577,347,1,2
1577,348,1,2
1577,349,1,2
1577,350,1,2
1577,351,1,2
1577,352,1,2
1577,353,1,2
1577,354,1,2
1577,355,1,2
1577,356,1,2
1577,357,1,2
1577,358,1,2
1577,359,1,2
1577,360,1,2
1577,361,1,2
1577,362,1,2
1577,363,1,2
1577,364,1,2
1577,365,1,2
1577,366,1,2
1577,367,1,2
1577,368,1,2
1577,369,1,2
1577,370,1,2
1577,371,1,2
1577,372,1,2
1577,373,1,2
1577,374,1,2
1577,375,1,2
1577,376,1,2
1577,377,1,2
1577,378,1,2
1577,379,1,2
1577,380,1,2
1577,381,1,2
1577,382,1,2
1577,383,1,2
1577,384,1,2
1577,385,1,2
1577,386,1,2
1577,387,1,2
1577,388,1,2
1577,389,1,2
1577,390,1,2
1577,391,1,2
1577,392,1,2
1577,393,1,2
1577,394,1,2
1577,395,1,2
1577,396,1,2
1577,397,1,2
1577,398,1,2
1577,399,1,2
1577,400,1,2
1577,401,1,2
1577,402,1,2
1577,403,1,2
1577,404,1,2
1577,405,1,2
1577,406,1,2
1577,407,1,2
1577,408,1,2
1577,409,1,2
1577,410,1,2
1577,411,1,2
1577,412,1,2
1577,413,1,2
1577,414,1,2
1577,415,1,2
1577,416,1,2
1577,417,1,2
1577,418,1,2
1577,419,1,2
1577,420,1,2
1577,421,1,2
1577,422,1,2
1577,423,1,2
1577,424,1,2
1577,425,1,2
1577,426,1,2
1577,427,1,2
1577,428,1,2
1577,429,1,2
1577,430,1,2
1577,431,1,2
1577,432,1,2
1577,433,1,2
1577,434,1,2
1577,435,1,2
1577,436,1,3
1577,437,1,3
1577,438,1,3
1577,439,1,3
1577,440,1,3
1577,441,1,3
1577,442,1,3
1577,443,1,3
1577,444,1,3
1577,445,1,3
1577,446,1,3
1577,447,1,3
1577,448,1,3
1577,449,1,3
1577,450,1,3
1577,451,1,3
1577,452,1,3
1577,453,1,3
1577,454,1,3
1577,455,1,3
1577,456,1,3
1577,457,1,3
1577,458,1,3
1577,459,1,3
1577,460,1,3
1577,461,1,3
1577,462,1,3
1577,463,1,3
1577,464,1,3
1577,465,1,3
1577,466,1,3
1577,467,1,3
1577,468,1,3
1578,103,1,3
1578,104,1,3
1578,105,1,3
1578,106,1,3
1578,107,1,3
1578,108,1,3
1578,109,1,3
1578,110,1,3
1578,111,1,3
1578,112,1,3
1578,113,1,3
1578,114,1,3
1578,115,1,3
1578,116,1,3
1578,117,1,3
1578,118,1,3
1578,119,1,3
1578,120,1,3
1578,121,1,3
1578,122,1,3
1578,123,1,3
1578,124,1,3
1578,125,1,3
1578,126,1,3
1578,127,1,3
1578,128,1,3
1578,129,1,3
1578,130,1,3
1578,131,1,3
1578,132,1,3
1578,133,1,3
1578,134,1,3
1578,135,1,3
1578,136,1,3
1578,137,1,3
1578,138,1,3
1578,139,1,3
1578,140,1,3
1578,141,1,3
1578,142,1,3
1578,143,1,3
1578,144,1,3
1578,145,1,3
1578,146,1,2
1578,147,1,2
1578,148,1,2
1578,149,1,2
1578,150,1,2
1578,151,1,2
1578,152,1,2
1578,153,1,2
1578,154,1,2
1578,155,1,2
1578,156,1,2
1578,157,1,2
1578,158,1,2
1578,159,1,2
1578,160,1,2
1578,161,1,2
1578,162,1,2
1578,163,1,2
1578,164,1,2
1578,165,1,2
1578,166,1,2
1578,167,1,2
1578,168,1,2
1578,169,1,2
1578,170,1,2
1578,171,1,2
1578,172,1,2
1578,173,1,2
1578,174,1,2
1578,175,1,2
1578,176,1,2
1578,177,1,2
1578,178,1,2
1578,179,1,2
1578,180,1,2
1578,181,1,2
1578,182,1,2
1578,183,1,2
1578,184,1,2
1578,185,1,2
1578,186,1,2
1578,187,1,2
1578,188,1,2
1578,189,1,2
1578,190,1,2
1578,191,1,2
1578,192,1,2
1578,193,1,2
1578,194,1,2
1578,195,1,2
1578,196,1,2
1578,197,1,2
1578,198,1,2
1578,199,1,2
1578,200,1,2
1578,201,1,2
1578,202,1,2
1578,203,1,2
1578,204,1,2
1578,205,1,2
1578,206,1,2
1578,207,1,2
1578,208,1,2
1578,209,1,2
1578,210,1,2
1578,211,1,2
1578,212,1,2
1578,213,1,2
1578,214,1,2
1578,215,1,2
1578,216,1,2
1578,217,1,2
1578,218,1,2
1578,219,1,2
1578,220,1,2
1578,221,1,2
1578,222,1,2
1578,223,1,2
1578,224,1,2
1578,225,1,2
1578,226,1,2
1578,227,1,2
1578,228,1,2
1578,229,1,2
1578,230,1,2
1578,231,1,2
1578,232,1,2
1578,233,1,2
1578,234,1,2
1578,235,1,2
1578,236,1,2
1578,237,1,2
1578,238,1,2
1578,239,1,2
1578,240,1,2
1578,241,1,2
1578,242,1,2
1578,243,1,2
1578,244,1,2
1578,245,1,2
1578,246,1,2
1578,247,1,2
1578,248,1,2
1578,249,1,2
1578,250,1,2
1578,251,1,2
1578,252,1,2
1578,253,1,2
1578,254,1,2
1578,255,1,2
1578,256,1,2
1578,257,1,2
1578,258,1,2
1578,259,1,2
1578,260,1,2
1578,261,1,2
1578,262,1,2
1578,263,1,2
1578,264,1,2
1578,265,1,2
1578,266,1,2
1578,267,1,2
1578,268,1,2
1578,269,1,2
1578,270,1,2
1578,271,1,2
1578,272,1,2
1578,273,1,2
1578,274,1,2
1578,275,1,2
1578,276,1,2
1578,277,1,2
1578,278,1,2
1578,279,1,2
1578,280,1,2
1578,281,1,2
1578,282,1,2
1578,283,1,2
1578,284,1,2
1578,285,1,2
1578,286,1,2
1578,287,1,2
1578,288,1,2
1578,289,1,2
1578,290,1,2
1578,291,1,2
1578,292,1,2
1578,293,1,2
1578,294,1,2
1578,295,1,2
1578,296,1,2
1578,297,1,2
1578,298,1,2
1578,299,1,2
1578,300,1,2
1578,301,1,2
1578,302,1,2
1578,303,1,2
1578,304,1,2
1578,305,1,2
1578,306,1,2
1578,307,1,2
1578,308,1,2
1578,309,1,2
1578,310,1,2
1578,311,1,2
1578,312,1,2
1578,313,1,2
1578,314,1,2
1578,315,1,2
1578,316,1,2
1578,317,1,2
1578,318,1,2
1578,319,1,2
1578,320,1,2
1578,321,1,2
1578,322,1,2
1578,323,1,2
1578,324,1,2
1578,325,1,2
1578,326,1,2
1578,327,1,2
1578,328,1,2
1578,329,1,2
1578,330,1,2
1578,331,1,2
1578,332,1,2
1578,333,1,2
1578,334,1,2
1578,335,1,2
1578,336,1,2
1578,337,1,2
1578,338,1,2
1578,339,1,2
1578,340,1,2
1578,341,1,2
1578,342,1,2
1578,343,1,2
1578,344,1,2
1578,345,1,2
1578,346,1,2
1578,347,1,2
1578,348,1,2
1578,349,1,2
1578,350,1,2
1578,351,1,2
1578,352,1,2
1578,353,1,2
1578,354,1,2
1578,355,1,2
1578,356,1,2
1578,357,1,2
1578,358,1,2
1578,359,1,2
1578,360,1,2
1578,361,1,2
1578,362,1,2
1578,363,1,2
1578,364,1,2
1578,365,1,2
1578,366,1,2
1578,367,1,2
1578,368,1,2
1578,369,1,2
1578,370,1,2
1578,371,1,2
1578,372,1,2
1578,373,1,2
1578,374,1,2
1578,375,1,2
1578,376,1,2
1578,377,1,2
1578,378,1,2
1578,379,1,2
1578,380,1,2
1578,381,1,2
1578,382,1,2
1578,383,1,2
1578,384,1,2
1578,385,1,2
1578,386,1,2
1578,387,1,2
1578,388,1,2
1578,389,1,2
1578,390,1,2
1578,391,1,2
1578,392,1,2
1578,393,1,2
1578,394,1,2
1578,395,1,2
1578,396,1,2
1578,397,1,2
1578,398,1,2
1578,399,1,2
1578,400,1,2
1578,401,1,2
1578,402,1,2
1578,403,1,2
1578,404,1,2
1578,405,1,2
1578,406,1,2
1578,407,1,2
1578,408,1,2
1578,409,1,2
1578,410,1,2
1578,411,1,2
1578,412,1,2
1578,413,1,2
1578,414,1,2
1578,415,1,2
1578,416,1,2
1578,417,1,2
1578,418,1,2
1578,419,1,2
1578,420,1,2
1578,421,1,2
1578,422,1,2
1578,423,1,2
1578,424,1,2
1578,425,1,2
1578,426,1,2
1578,427,1,2
1578,428,1,2
1578,429,1,2
1578,430,1,2
1578,431,1,2
1578,432,1,2
1578,433,1,2
1578,434,1,3
1578,435,1,3
1578,436,1,3
1578,437,1,3
1578,438,1,3
1578,439,1,3
1578,440,1,3
1578,441,1,3
1578,442,1,3
1578,443,1,3
1578,444,1,3
1578,445,1,3
1578,446,1,3
1578,447,1,3
1578,448,1,3
1578,449,1,3
1578,450,1,3
1578,451,1,3
1578,452,1,3
1578,453,1,3
1578,454,1,3
1578,455,1,3
1578,456,1,3
1578,457,1,3
1578,458,1,3
1578,459,1,3
1578,460,1,3
1578,461,1,3
1578,462,1,3
1578,463,1,3
1578,464,1,3
1578,465,1,3
1578,466,1,3
1578,467,1,3
1578,468,1,3
1579,103,1,3
1579,104,1,3
1579,105,1,3
1579,106,1,3
1579,107,1,3
1579,108,1,3
1579,109,1,3
1579,110,1,3
1579,111,1,3
1579,112,1,3
1579,113,1,3
1579,114,1,3
1579,115,1,3
1579,116,1,3
1579,117,1,3
1579,118,1,3
1579,119,1,3
1579,120,1,3
1579,121,1,3
1579,122,1,3
1579,123,1,3
1579,124,1,3
1579,125,1,3
1579,126,1,3
1579,127,1,3
1579,128,1,3
1579,129,1,3
1579,130,1,3
1579,131,1,3
1579,132,1,3
1579,133,1,3
1579,134,1,3
1579,135,1,3
1579,136,1,3
1579,137,1,3
1579,138,1,3
1579,139,1,3
1579,140,1,3
1579,141,1,3
1579,142,1,3
1579,143,1,3
1579,144,1,3
1579,145,1,3
1579,146,1,3
1579,147,1,2
1579,148,1,2
1579,149,1,2
1579,150,1,2
1579,151,1,2
1579,152,1,2
1579,153,1,2
1579,154,1,2
1579,155,1,2
1579,156,1,2
1579,157,1,2
1579,158,1,2
1579,159,1,2
1579,160,1,2
1579,161,1,2
1579,162,1,2
1579,163,1,2
1579,164,1,2
1579,165,1,2
1579,166,1,2
1579,167,1,2
1579,168,1,2
1579,169,1,2
1579,170,1,2
1579,171,1,2
1579,172,1,2
1579,173,1,2
1579,174,1,2
1579,175,1,2
1579,176,1,2
1579,177,1,2
1579,178,1,2
1579,179,1,2
1579,180,1,2
1579,181,1,2
1579,182,1,2
1579,183,1,2
1579,184,1,2
1579,185,1,2
1579,186,1,2
1579,187,1,2
1579,188,1,2
1579,189,1,2
1579,190,1,2
1579,191,1,2
1579,192,1,2
1579,193,1,2
1579,194,1,2
1579,195,1,2
1579,196,1,2
1579,197,1,2
1579,198,1,2
1579,199,1,2
1579,200,1,2
1579,201,1,2
1579,202,1,2
1579,203,1,2
1579,204,1,2
1579,205,1,2
1579,206,1,2
1579,207,1,2
1579,208,1,2
1579,209,1,2
1579,210,1,2
1579,211,1,2
1579,212,1,2
1579,213,1,2
1579,214,1,2
1579,215,1,2
1579,216,1,2
1579,217,1,2
1579,218,1,2
1579,219,1,2
1579,220,1,2
1579,221,1,2
1579,222,1,2
1579,223,1,2
1579,224,1,2
1579,225,1,2
1579,226,1,2
1579,227,1,2
1579,228,1,2
1579,229,1,2
1579,230,1,2
1579,231,1,2
1579,232,1,2
1579,233,1,2
1579,234,1,2
1579,235,1,2
1579,236,1,2
1579,237,1,2
1579,238,1,2
1579,239,1,2
1579,240,1,2
1579,241,1,2
1579,242,1,2
1579,243,1,2
1579,244,1,2
1579,245,1,2
1579,246,1,2
1579,247,1,2
1579,248,1,2
1579,249,1,2
1579,250,1,2
1579,251,1,2
1579,252,1,2
1579,253,1,2
1579,254,1,2
1579,255,1,2
1579,256,1,2
1579,257,1,2
1579,258,1,2
1579,259,1,2
1579,260,1,2
1579,261,1,2
1579,262,1,2
1579,263,1,2
1579,264,1,2
1579,265,1,2
1579,266,1,2
1579,267,1,2
1579,268,1,2
1579,269,1,2
1579,270,1,2
1579,271,1,2
1579,272,1,2
1579,273,1,2
1579,274,1,2
1579,275,1,2
1579,276,1,2
1579,277,1,2
1579,278,1,2
1579,279,1,2
1579,280,1,2
1579,281,1,2
1579,282,1,2
1579,283,1,2
1579,284,1,2
1579,285,1,2
1579,286,1,2
1579,287,1,2
1579,288,1,2
1579,289,1,2
1579,290,1,2
1579,291,1,2
1579,292,1,2
1579,293,1,2
1579,294,1,2
1579,295,1,2
1579,296,1,2
1579,297,1,2
1579,298,1,2
1579,299,1,2
1579,300,1,2
1579,301,1,2
1579,302,1,2
1579,303,1,2
1579,304,1,2
1579,305,1,2
1579,306,1,2
1579,307,1,2
1579,308,1,2
1579,309,1,2
1579,310,1,2
1579,311,1,2
1579,312,1,2
1579,313,1,2
1579,314,1,2
1579,315,1,2
1579,316,1,2
1579,317,1,2
1579,318,1,2
1579,319,1,2
1579,320,1,2
1579,321,1,2
1579,322,1,2
1579,323,1,2
1579,324,1,2
1579,325,1,2
1579,326,1,2
1579,327,1,2
1579,328,1,2
1579,329,1,2
1579,330,1,2
1579,331,1,2
1579,332,1,2
1579,333,1,2
1579,334,1,2
1579,335,1,2
1579,336,1,2
1579,337,1,2
1579,338,1,2
1579,339,1,2
1579,340,1,2
1579,341,1,2
1579,342,1,2
1579,343,1,2
1579,344,1,2
1579,345,1,2
1579,346,1,2
1579,347,1,2
1579,348,1,2
1579,349,1,2
1579,350,1,2
1579,351,1,2
1579,352,1,2
1579,353,1,2
1579,354,1,2
1579,355,1,2
1579,356,1,2
1579,357,1,2
1579,358,1,2
1579,359,1,2
1579,360,1,2
1579,361,1,2
1579,362,1,2
1579,363,1,2
1579,364,1,2
1579,365,1,2
1579,366,1,2
1579,367,1,2
1579,368,1,2
1579,369,1,2
1579,370,1,2
1579,371,1,2
1579,372,1,2
1579,373,1,2
1579,374,1,2
1579,375,1,2
1579,376,1,2
1579,377,1,2
1579,378,1,2
1579,379,1,2
1579,380,1,2
1579,381,1,2
1579,382,1,2
1579,383,1,2
1579,384,1,2
1579,385,1,2
1579,386,1,2
1579,387,1,2
1579,388,1,2
1579,389,1,2
1579,390,1,2
1579,391,1,2
1579,392,1,2
1579,393,1,2
1579,394,1,2
1579,395,1,2
1579,396,1,2
1579,397,1,2
1579,398,1,2
1579,399,1,2
1579,400,1,2
1579,401,1,2
1579,402,1,2
1579,403,1,2
1579,404,1,2
1579,405,1,2
1579,406,1,2
1579,407,1,2
1579,408,1,2
1579,409,1,2
1579,410,1,2
1579,411,1,2
1579,412,1,2
1579,413,1,2
1579,414,1,2
1579,415,1,2
1579,416,1,2
1579,417,1,2
1579,418,1,2
1579,419,1,2
1579,420,1,2
1579,421,1,2
1579,422,1,2
1579,423,1,2
1579,424,1,2
1579,425,1,2
1579,426,1,2
1579,427,1,2
1579,428,1,2
1579,429,1,2
1579,430,1,2
1579,431,1,2
1579,432,1,2
1579,433,1,3
1579,434,1,3
1579,435,1,3
1579,436,1,3
1579,437,1,3
1579,438,1,3
1579,439,1,3
1579,440,1,3
1579,441,1,3
1579,442,1,3
1579,443,1,3
1579,444,1,3
1579,445,1,3
1579,446,1,3
1579,447,1,3
1579,448,1,3
1579,449,1,3
1579,450,1,3
1579,451,1,3
1579,452,1,3
1579,453,1,3
1579,454,1,3
1579,455,1,3
1579,456,1,3
1579,457,1,3
1579,458,1,3
1579,459,1,3
1579,460,1,3
1579,461,1,3
1579,462,1,3
1579,463,1,3
1579,464,1,3
1579,465,1,3
1579,466,1,3
1579,467,1,3
1579,468,1,3
1580,103,1,3
1580,104,1,3
1580,105,1,3
1580,106,1,3
1580,107,1,3
1580,108,1,3
1580,109,1,3
1580,110,1,3
1580,111,1,3
1580,112,1,3
1580,113,1,3
1580,114,1,3
1580,115,1,3
1580,116,1,3
1580,117,1,3
1580,118,1,3
1580,119,1,3
1580,120,1,3
1580,121,1,3
1580,122,1,3
1580,123,1,3
1580,124,1,3
1580,125,1,3
1580,126,1,3
1580,127,1,3
1580,128,1,3
1580,129,1,3
1580,130,1,3
1580,131,1,3
1580,132,1,3
1580,133,1,3
1580,134,1,3
1580,135,1,3
1580,136,1,3
1580,137,1,3
1580,138,1,3
1580,139,1,3
1580,140,1,3
1580,141,1,3
1580,142,1,3
1580,143,1,3
1580,144,1,3
1580,145,1,3
1580,146,1,3
1580,147,1,2
1580,148,1,2
1580,149,1,2
1580,150,1,2
1580,151,1,2
1580,152,1,2
1580,153,1,2
1580,154,1,2
1580,155,1,2
1580,156,1,2
1580,157,1,2
1580,158,1,2
1580,159,1,2
1580,160,1,2
1580,161,1,2
1580,162,1,2
1580,163,1,2
1580,164,1,2
1580,165,1,2
1580,166,1,2
1580,167,1,2
1580,168,1,2
1580,169,1,2
1580,170,1,2
1580,171,1,2
1580,172,1,2
1580,173,1,2
1580,174,1,2
1580,175,1,2
1580,176,1,2
1580,177,1,2
1580,178,1,2
1580,179,1,2
1580,180,1,2
1580,181,1,2
1580,182,1,2
1580,183,1,2
1580,184,1,2
1580,185,1,2
1580,186,1,2
1580,187,1,2
1580,188,1,2
1580,189,1,2
1580,190,1,2
1580,191,1,2
1580,192,1,2
1580,193,1,2
1580,194,1,2
1580,195,1,2
1580,196,1,2
1580,197,1,2
1580,198,1,2
1580,199,1,2
1580,200,1,2
1580,201,1,2
1580,202,1,2
1580,203,1,2
1580,204,1,2
1580,205,1,2
1580,206,1,2
1580,207,1,2
1580,208,1,2
1580,209,1,2
1580,210,1,2
1580,211,1,2
1580,212,1,2
1580,213,1,2
1580,214,1,2
1580,215,1,2
1580,216,1,2
1580,217,1,2
1580,218,1,2
1580,219,1,2
1580,220,1,2
1580,221,1,2
1580,222,1,2
1580,223,1,2
1580,224,1,2
1580,225,1,2
1580,226,1,2
1580,227,1,2
1580,228,1,2
1580,229,1,2
1580,230,1,2
1580,231,1,2
1580,232,1,2
1580,233,1,2
1580,234,1,2
1580,235,1,2
1580,236,1,2
1580,237,1,2
1580,238,1,2
1580,239,1,2
1580,240,1,2
1580,241,1,2
1580,242,1,2
1580,243,1,2
1580,244,1,2
1580,245,1,2
1580,246,1,2
1580,247,1,2
1580,248,1,2
1580,249,1,2
1580,250,1,2
1580,251,1,2
1580,252,1,2
1580,253,1,2
1580,254,1,2
1580,255,1,2
1580,256,1,2
1580,257,1,2
1580,258,1,2
1580,259,1,2
1580,260,1,2
1580,261,1,2
1580,262,1,2
1580,263,1,2
1580,264,1,2
1580,265,1,2
1580,266,1,2
1580,267,1,2
1580,268,1,2
1580,269,1,2
1580,270,1,2
1580,271,1,2
1580,272,1,2
1580,273,1,2
1580,274,1,2
1580,275,1,2
1580,276,1,2
1580,277,1,2
1580,278,1,2
1580,279,1,2
1580,280,1,2
1580,281,1,2
1580,282,1,2
1580,283,1,2
1580,284,1,2
1580,285,1,2
1580,286,1,2
1580,287,1,2
1580,288,1,2
1580,289,1,2
1580,290,1,2
1580,291,1,2
1580,292,1,2
1580,293,1,2
1580,294,1,2
1580,295,1,2
1580,296,1,2
1580,297,1,2
1580,298,1,2
1580,299,1,2
1580,300,1,2
1580,301,1,2
1580,302,1,2
1580,303,1,2
1580,304,1,2
1580,305,1,2
1580,306,1,2
1580,307,1,2
1580,308,1,2
1580,309,1,2
1580,310,1,2
1580,311,1,2
1580,312,1,2
1580,313,1,2
1580,314,1,2
1580,315,1,2
1580,316,1,2
1580,317,1,2
1580,318,1,2
1580,319,1,2
1580,320,1,2
1580,321,1,2
1580,322,1,2
1580,323,1,2
1580,324,1,2
1580,325,1,2
1580,326,1,2
1580,327,1,2
1580,328,1,2
1580,329,1,2
1580,330,1,2
1580,331,1,2
1580,332,1,2
1580,333,1,2
1580,334,1,2
1580,335,1,2
1580,336,1,2
1580,337,1,2
1580,338,1,2
1580,339,1,2
1580,340,1,2
1580,341,1,2
1580,342,1,2
1580,343,1,2
1580,344,1,2
1580,345,1,2
1580,346,1,2
1580,347,1,2
1580,348,1,2
1580,349,1,2
1580,350,1,2
1580,351,1,2
1580,352,1,2
1580,353,1,2
1580,354,1,2
1580,355,1,2
1580,356,1,2
1580,357,1,2
1580,358,1,2
1580,359,1,2
1580,360,1,2
1580,361,1,2
1580,362,1,2
1580,363,1,2
1580,364,1,2
1580,365,1,2
1580,366,1,2
1580,367,1,2
1580,368,1,2
1580,369,1,2
1580,370,1,2
1580,371,1,2
1580,372,1,2
1580,373,1,2
1580,374,1,2
1580,375,1,2
1580,376,1,2
1580,377,1,2
1580,378,1,2
1580,379,1,2
1580,380,1,2
1580,381,1,2
1580,382,1,2
1580,383,1,2
1580,384,1,2
1580,385,1,2
1580,386,1,2
1580,387,1,2
1580,388,1,2
1580,389,1,2
1580,390,1,2
1580,391,1,2
1580,392,1,2
1580,393,1,2
1580,394,1,2
1580,395,1,2
1580,396,1,2
1580,397,1,2
1580,398,1,2
1580,399,1,2
1580,400,1,2
1580,401,1,2
1580,402,1,2
1580,403,1,2
1580,404,1,2
1580,405,1,2
1580,406,1,2
1580,407,1,2
1580,408,1,2
1580,409,1,2
1580,410,1,2
1580,411,1,2
1580,412,1,2
1580,413,1,2
1580,414,1,2
1580,415,1,2
1580,416,1,2
1580,417,1,3
1580,418,1,3
1580,419,1,3
1580,420,1,3
1580,421,1,3
1580,422,1,2
1580,423,1,2
1580,424,1,2
1580,425,1,2
1580,426,1,2
1580,427,1,2
1580,428,1,2
1580,429,1,2
1580,430,1,2
1580,431,1,3
1580,432,1,3
1580,433,1,3
1580,434,1,3
1580,435,1,3
1580,436,1,3
1580,437,1,3
1580,438,1,3
1580,439,1,3
1580,440,1,3
1580,441,1,3
1580,442,1,3
1580,443,1,3
1580,444,1,3
1580,445,1,3
1580,446,1,3
1580,447,1,3
1580,448,1,3
1580,449,1,3
1580,450,1,3
1580,451,1,3
1580,452,1,3
1580,453,1,3
1580,454,1,3
1580,455,1,3
1580,456,1,3
1580,457,1,3
1580,458,1,3
1580,459,1,3
1580,460,1,3
1580,461,1,3
1580,462,1,3
1580,463,1,3
1580,464,1,3
1580,465,1,3
1580,466,1,3
1580,467,1,3
1580,468,1,3
1581,103,1,3
1581,104,1,3
1581,105,1,3
1581,106,1,3
1581,107,1,3
1581,108,1,3
1581,109,1,3
1581,110,1,3
1581,111,1,3
1581,112,1,3
1581,113,1,3
1581,114,1,3
1581,115,1,3
1581,116,1,3
1581,117,1,3
1581,118,1,3
1581,119,1,3
1581,120,1,3
1581,121,1,3
1581,122,1,3
1581,123,1,3
1581,124,1,3
1581,125,1,3
1581,126,1,3
1581,127,1,3
1581,128,1,3
1581,129,1,3
1581,130,1,3
1581,131,1,3
1581,132,1,3
1581,133,1,3
1581,134,1,3
1581,135,1,3
1581,136,1,3
1581,137,1,3
1581,138,1,3
1581,139,1,3
1581,140,1,3
1581,141,1,3
1581,142,1,3
1581,143,1,3
1581,144,1,3
1581,145,1,3
1581,146,1,3
1581,147,1,2
1581,148,1,2
1581,149,1,2
1581,150,1,2
1581,151,1,2
1581,152,1,2
1581,153,1,2
1581,154,1,2
1581,155,1,2
1581,156,1,2
1581,157,1,2
1581,158,1,2
1581,159,1,2
1581,160,1,2
1581,161,1,2
1581,162,1,2
1581,163,1,2
1581,164,1,2
1581,165,1,2
1581,166,1,2
1581,167,1,2
1581,168,1,2
1581,169,1,2
1581,170,1,2
1581,171,1,2
1581,172,1,2
1581,173,1,2
1581,174,1,2
1581,175,1,2
1581,176,1,2
1581,177,1,2
1581,178,1,2
1581,179,1,2
1581,180,1,2
1581,181,1,2
1581,182,1,2
1581,183,1,2
1581,184,1,2
1581,185,1,2
1581,186,1,2
1581,187,1,2
1581,188,1,2
1581,189,1,2
1581,190,1,2
1581,191,1,2
1581,192,1,2
1581,193,1,2
1581,194,1,2
1581,195,1,2
1581,196,1,2
1581,197,1,2
1581,198,1,2
1581,199,1,2
1581,200,1,2
1581,201,1,2
1581,202,1,2
1581,203,1,2
1581,204,1,2
1581,205,1,2
1581,206,1,2
1581,207,1,2
1581,208,1,2
1581,209,1,2
1581,210,1,2
1581,211,1,2
1581,212,1,2
1581,213,1,2
1581,214,1,2
1581,215,1,2
1581,216,1,2
1581,217,1,2
1581,218,1,2
1581,219,1,2
1581,220,1,2
1581,221,1,2
1581,222,1,2
1581,223,1,2
1581,224,1,2
1581,225,1,2
1581,226,1,2
1581,227,1,2
1581,228,1,2
1581,229,1,2
1581,230,1,2
1581,231,1,2
1581,232,1,2
1581,233,1,2
1581,234,1,2
1581,235,1,2
1581,236,1,2
1581,237,1,2
1581,238,1,2
1581,239,1,2
1581,240,1,2
1581,241,1,2
1581,242,1,2
1581,243,1,2
1581,244,1,2
1581,245,1,2
1581,246,1,2
1581,247,1,2
1581,248,1,2
1581,249,1,2
1581,250,1,2
1581,251,1,2
1581,252,1,2
1581,253,1,2
1581,254,1,2
1581,255,1,2
1581,256,1,2
1581,257,1,2
1581,258,1,2
1581,259,1,2
1581,260,1,2
1581,261,1,2
1581,262,1,2
1581,263,1,2
1581,264,1,2
1581,265,1,2
1581,266,1,2
1581,267,1,2
1581,268,1,2
1581,269,1,2
1581,270,1,2
1581,271,1,2
1581,272,1,2
1581,273,1,2
1581,274,1,2
1581,275,1,2
1581,276,1,2
1581,277,1,2
1581,278,1,2
1581,279,1,2
1581,280,1,2
1581,281,1,2
1581,282,1,2
1581,283,1,2
1581,284,1,2
1581,285,1,2
1581,286,1,2
1581,287,1,2
1581,288,1,2
1581,289,1,2
1581,290,1,2
1581,291,1,2
1581,292,1,2
1581,293,1,2
1581,294,1,2
1581,295,1,2
1581,296,1,2
1581,297,1,2
1581,298,1,2
1581,299,1,2
1581,300,1,2
1581,301,1,2
1581,302,1,2
1581,303,1,2
1581,304,1,2
1581,305,1,2
1581,306,1,2
1581,307,1,2
1581,308,1,2
1581,309,1,2
1581,310,1,2
1581,311,1,2
1581,312,1,2
1581,313,1,2
1581,314,1,2
1581,315,1,2
1581,316,1,2
1581,317,1,2
1581,318,1,2
1581,319,1,2
1581,320,1,2
1581,321,1,2
1581,322,1,2
1581,323,1,2
1581,324,1,2
1581,325,1,2
1581,326,1,2
1581,327,1,2
1581,328,1,2
1581,329,1,2
1581,330,1,2
1581,331,1,2
1581,332,1,2
1581,333,1,2
1581,334,1,2
1581,335,1,2
1581,336,1,2
1581,337,1,2
1581,338,1,2
1581,339,1,2
1581,340,1,2
1581,341,1,2
1581,342,1,2
1581,343,1,2
1581,344,1,2
1581,345,1,2
1581,346,1,2
1581,347,1,2
1581,348,1,2
1581,349,1,2
1581,350,1,2
1581,351,1,2
1581,352,1,2
1581,353,1,2
1581,354,1,2
1581,355,1,2
1581,356,1,2
1581,357,1,2
1581,358,1,2
1581,359,1,2
1581,360,1,2
1581,361,1,2
1581,362,1,2
1581,363,1,2
1581,364,1,2
1581,365,1,2
1581,366,1,2
1581,367,1,2
1581,368,1,2
1581,369,1,2
1581,370,1,2
1581,371,1,2
1581,372,1,2
1581,373,1,2
1581,374,1,2
1581,375,1,2
1581,376,1,2
1581,377,1,2
1581,378,1,2
1581,379,1,2
1581,380,1,2
1581,381,1,2
1581,382,1,2
1581,383,1,2
1581,384,1,2
1581,385,1,2
1581,386,1,2
1581,387,1,2
1581,388,1,2
1581,389,1,2
1581,390,1,2
1581,391,1,2
1581,392,1,2
1581,393,1,2
1581,394,1,2
1581,395,1,2
1581,396,1,2
1581,397,1,2
1581,398,1,2
1581,399,1,2
1581,400,1,2
1581,401,1,2
1581,402,1,2
1581,403,1,2
1581,404,1,2
1581,405,1,2
1581,406,1,2
1581,407,1,2
1581,408,1,2
1581,409,1,2
1581,410,1,2
1581,411,1,2
1581,412,1,2
1581,413,1,3
1581,414,1,3
1581,415,1,3
1581,416,1,3
1581,417,1,3
1581,418,1,3
1581,419,1,3
1581,420,1,3
1581,421,1,3
1581,422,1,3
1581,423,1,3
1581,424,1,3
1581,425,1,3
1581,426,1,3
1581,427,1,3
1581,428,1,3
1581,429,1,3
1581,430,1,3
1581,431,1,3
1581,432,1,3
1581,433,1,3
1581,434,1,3
1581,435,1,3
1581,436,1,3
1581,437,1,3
1581,438,1,3
1581,439,1,3
1581,440,1,3
1581,441,1,3
1581,442,1,3
1581,443,1,3
1581,444,1,3
1581,445,1,3
1581,446,1,3
1581,447,1,3
1581,448,1,3
1581,449,1,3
1581,450,1,3
1581,451,1,3
1581,452,1,3
1581,453,1,3
1581,454,1,3
1581,455,1,3
1581,456,1,3
1581,457,1,3
1581,458,1,3
1581,459,1,3
1581,460,1,3
1581,461,1,3
1581,462,1,3
1581,463,1,3
1581,464,1,3
1581,465,1,3
1581,466,1,3
1581,467,1,3
1581,468,1,3
1582,104,1,3
1582,105,1,3
1582,106,1,3
1582,107,1,3
1582,108,1,3
1582,109,1,3
1582,110,1,3
1582,111,1,3
1582,112,1,3
1582,113,1,3
1582,114,1,3
1582,115,1,3
1582,116,1,3
1582,117,1,3
1582,118,1,3
1582,119,1,3
1582,120,1,3
1582,121,1,3
1582,122,1,3
1582,123,1,3
1582,124,1,3
1582,125,1,3
1582,126,1,3
1582,127,1,3
1582,128,1,3
1582,129,1,3
1582,130,1,3
1582,131,1,3
1582,132,1,3
1582,133,1,3
1582,134,1,3
1582,135,1,3
1582,136,1,3
1582,137,1,3
1582,138,1,3
1582,139,1,3
1582,140,1,3
1582,141,1,3
1582,142,1,3
1582,143,1,3
1582,144,1,3
1582,145,1,3
1582,146,1,3
1582,147,1,2
1582,148,1,2
1582,149,1,2
1582,150,1,2
1582,151,1,2
1582,152,1,2
1582,153,1,2
1582,154,1,2
1582,155,1,2
1582,156,1,2
1582,157,1,2
1582,158,1,2
1582,159,1,2
1582,160,1,2
1582,161,1,2
1582,162,1,2
1582,163,1,2
1582,164,1,2
1582,165,1,2
1582,166,1,2
1582,167,1,2
1582,168,1,2
1582,169,1,2
1582,170,1,2
1582,171,1,2
1582,172,1,2
1582,173,1,2
1582,174,1,2
1582,175,1,2
1582,176,1,2
1582,177,1,2
1582,178,1,2
1582,179,1,2
1582,180,1,2
1582,181,1,2
1582,182,1,2
1582,183,1,2
1582,184,1,2
1582,185,1,2
1582,186,1,2
1582,187,1,2
1582,188,1,2
1582,189,1,2
1582,190,1,2
1582,191,1,2
1582,192,1,2
1582,193,1,2
1582,194,1,2
1582,195,1,2
1582,196,1,2
1582,197,1,2
1582,198,1,2
1582,199,1,2
1582,200,1,2
1582,201,1,2
1582,202,1,2
1582,203,1,2
1582,204,1,2
1582,205,1,2
1582,206,1,2
1582,207,1,2
1582,208,1,2
1582,209,1,2
1582,210,1,2
1582,211,1,2
1582,212,1,2
1582,213,1,2
1582,214,1,2
1582,215,1,2
1582,216,1,2
1582,217,1,2
1582,218,1,2
1582,219,1,2
1582,220,1,2
1582,221,1,2
1582,222,1,2
1582,223,1,2
1582,224,1,2
1582,225,1,2
1582,226,1,2
1582,227,1,2
1582,228,1,2
1582,229,1,2
1582,230,1,2
1582,231,1,2
1582,232,1,2
1582,233,1,2
1582,234,1,2
1582,235,1,2
1582,236,1,2
1582,237,1,2
1582,238,1,2
1582,239,1,2
1582,240,1,2
1582,241,1,2
1582,242,1,2
1582,243,1,2
1582,244,1,2
1582,245,1,2
1582,246,1,2
1582,247,1,2
1582,248,1,2
1582,249,1,2
1582,250,1,2
1582,251,1,2
1582,252,1,2
1582,253,1,2
1582,254,1,2
1582,255,1,2
1582,256,1,2
1582,257,1,2
1582,258,1,2
1582,259,1,2
1582,260,1,2
1582,261,1,2
1582,262,1,2
1582,263,1,2
1582,264,1,2
1582,265,1,2
1582,266,1,2
1582,267,1,2
1582,268,1,2
1582,269,1,2
1582,270,1,2
1582,271,1,2
1582,272,1,2
1582,273,1,2
1582,274,1,2
1582,275,1,2
1582,276,1,2
1582,277,1,2
1582,278,1,2
1582,279,1,2
1582,280,1,2
1582,281,1,2
1582,282,1,2
1582,283,1,2
1582,284,1,2
1582,285,1,2
1582,286,1,2
1582,287,1,2
1582,288,1,2
1582,289,1,2
1582,290,1,2
1582,291,1,2
1582,292,1,2
1582,293,1,2
1582,294,1,2
1582,295,1,2
1582,296,1,2
1582,297,1,2
1582,298,1,2
1582,299,1,2
1582,300,1,2
1582,301,1,2
1582,302,1,2
1582,303,1,2
1582,304,1,2
1582,305,1,2
1582,306,1,2
1582,307,1,2
1582,308,1,2
1582,309,1,2
1582,310,1,2
1582,311,1,2
1582,312,1,2
1582,313,1,2
1582,314,1,2
1582,315,1,2
1582,316,1,2
1582,317,1,2
1582,318,1,2
1582,319,1,2
1582,320,1,2
1582,321,1,2
1582,322,1,2
1582,323,1,2
1582,324,1,2
1582,325,1,2
1582,326,1,2
1582,327,1,2
1582,328,1,2
1582,329,1,2
1582,330,1,2
1582,331,1,2
1582,332,1,2
1582,333,1,2
1582,334,1,2
1582,335,1,2
1582,336,1,2
1582,337,1,2
1582,338,1,2
1582,339,1,2
1582,340,1,2
1582,341,1,2
1582,342,1,2
1582,343,1,2
1582,344,1,2
1582,345,1,2
1582,346,1,2
1582,347,1,2
1582,348,1,2
1582,349,1,2
1582,350,1,2
1582,351,1,2
1582,352,1,2
1582,353,1,2
1582,354,1,2
1582,355,1,2
1582,356,1,2
1582,357,1,2
1582,358,1,2
1582,359,1,2
1582,360,1,2
1582,361,1,2
1582,362,1,2
1582,363,1,2
1582,364,1,2
1582,365,1,2
1582,366,1,2
1582,367,1,2
1582,368,1,2
1582,369,1,2
1582,370,1,2
1582,371,1,2
1582,372,1,2
1582,373,1,2
1582,374,1,2
1582,375,1,2
1582,376,1,2
1582,377,1,2
1582,378,1,2
1582,379,1,2
1582,380,1,2
1582,381,1,2
1582,382,1,2
1582,383,1,2
1582,384,1,2
1582,385,1,2
1582,386,1,2
1582,387,1,2
1582,388,1,2
1582,389,1,2
1582,390,1,2
1582,391,1,2
1582,392,1,2
1582,393,1,2
1582,394,1,2
1582,395,1,2
1582,396,1,2
1582,397,1,2
1582,398,1,2
1582,399,1,2
1582,400,1,2
1582,401,1,2
1582,402,1,2
1582,403,1,2
1582,404,1,2
1582,405,1,2
1582,406,1,2
1582,407,1,2
1582,408,1,2
1582,409,1,3
1582,410,1,3
1582,411,1,3
1582,412,1,3
1582,413,1,3
1582,414,1,3
1582,415,1,3
1582,416,1,3
1582,417,1,3
1582,418,1,3
1582,419,1,3
1582,420,1,3
1582,421,1,3
1582,422,1,3
1582,423,1,3
1582,424,1,3
1582,425,1,3
1582,426,1,3
1582,427,1,3
1582,428,1,3
1582,429,1,3
1582,430,1,3
1582,431,1,3
1582,432,1,3
1582,433,1,3
1582,434,1,3
1582,435,1,3
1582,436,1,3
1582,437,1,3
1582,438,1,3
1582,439,1,3
1582,440,1,3
1582,441,1,3
1582,442,1,3
1582,443,1,3
1582,444,1,3
1582,445,1,3
1582,446,1,3
1582,447,1,3
1582,448,1,3
1582,449,1,3
1582,450,1,3
1582,451,1,3
1582,452,1,3
1582,453,1,3
1582,454,1,3
1582,455,1,3
1582,456,1,3
1582,457,1,3
1582,458,1,3
1582,459,1,3
1582,460,1,3
1582,461,1,3
1582,462,1,3
1582,463,1,3
1582,464,1,3
1582,465,1,3
1582,466,1,3
1582,467,1,3
1582,468,1,3
1583,104,1,3
1583,105,1,3
1583,106,1,3
1583,107,1,3
1583,108,1,3
1583,109,1,3
1583,110,1,3
1583,111,1,3
1583,112,1,3
1583,113,1,3
1583,114,1,3
1583,115,1,3
1583,116,1,3
1583,117,1,3
1583,118,1,3
1583,119,1,3
1583,120,1,3
1583,121,1,3
1583,122,1,3
1583,123,1,3
1583,124,1,3
1583,125,1,3
1583,126,1,3
1583,127,1,3
1583,128,1,3
1583,129,1,3
1583,130,1,3
1583,131,1,3
1583,132,1,3
1583,133,1,3
1583,134,1,3
1583,135,1,3
1583,136,1,3
1583,137,1,3
1583,138,1,3
1583,139,1,3
1583,140,1,3
1583,141,1,3
1583,142,1,3
1583,143,1,3
1583,144,1,3
1583,145,1,3
1583,146,1,3
1583,147,1,2
1583,148,1,2
1583,149,1,2
1583,150,1,2
1583,151,1,2
1583,152,1,2
1583,153,1,2
1583,154,1,2
1583,155,1,2
1583,156,1,2
1583,157,1,2
1583,158,1,2
1583,159,1,2
1583,160,1,2
1583,161,1,2
1583,162,1,2
1583,163,1,2
1583,164,1,2
1583,165,1,2
1583,166,1,2
1583,167,1,2
1583,168,1,2
1583,169,1,2
1583,170,1,2
1583,171,1,2
1583,172,1,2
1583,173,1,2
1583,174,1,2
1583,175,1,2
1583,176,1,2
1583,177,1,2
1583,178,1,2
1583,179,1,2
1583,180,1,2
1583,181,1,2
1583,182,1,2
1583,183,1,2
1583,184,1,2
1583,185,1,2
1583,186,1,2
1583,187,1,2
1583,188,1,2
1583,189,1,2
1583,190,1,2
1583,191,1,2
1583,192,1,2
1583,193,1,2
1583,194,1,2
1583,195,1,2
1583,196,1,2
1583,197,1,2
1583,198,1,2
1583,199,1,2
1583,200,1,2
1583,201,1,2
1583,202,1,2
1583,203,1,2
1583,204,1,2
1583,205,1,2
1583,206,1,2
1583,207,1,2
1583,208,1,2
1583,209,1,2
1583,210,1,2
1583,211,1,2
1583,212,1,2
1583,213,1,2
1583,214,1,2
1583,215,1,2
1583,216,1,2
1583,217,1,2
1583,218,1,2
1583,219,1,2
1583,220,1,2
1583,221,1,2
1583,222,1,2
1583,223,1,2
1583,224,1,2
1583,225,1,2
1583,226,1,2
1583,227,1,2
1583,228,1,2
1583,229,1,2
1583,230,1,2
1583,231,1,2
1583,232,1,2
1583,233,1,2
1583,234,1,2
1583,235,1,2
1583,236,1,2
1583,237,1,2
1583,238,1,2
1583,239,1,2
1583,240,1,2
1583,241,1,2
1583,242,1,2
1583,243,1,2
1583,244,1,2
1583,245,1,2
1583,246,1,2
1583,247,1,2
1583,248,1,2
1583,249,1,2
1583,250,1,2
1583,251,1,2
1583,252,1,2
1583,253,1,2
1583,254,1,2
1583,255,1,2
1583,256,1,2
1583,257,1,2
1583,258,1,2
1583,259,1,2
1583,260,1,2
1583,261,1,2
1583,262,1,2
1583,263,1,2
1583,264,1,2
1583,265,1,2
1583,266,1,2
1583,267,1,2
1583,268,1,2
1583,269,1,2
1583,270,1,2
1583,271,1,2
1583,272,1,2
1583,273,1,2
1583,274,1,2
1583,275,1,2
1583,276,1,2
1583,277,1,2
1583,278,1,2
1583,279,1,2
1583,280,1,2
1583,281,1,2
1583,282,1,2
1583,283,1,2
1583,284,1,2
1583,285,1,2
1583,286,1,2
1583,287,1,2
1583,288,1,2
1583,289,1,2
1583,290,1,2
1583,291,1,2
1583,292,1,2
1583,293,1,2
1583,294,1,2
1583,295,1,2
1583,296,1,2
1583,297,1,2
1583,298,1,2
1583,299,1,2
1583,300,1,2
1583,301,1,2
1583,302,1,2
1583,303,1,2
1583,304,1,2
1583,305,1,2
1583,306,1,2
1583,307,1,2
1583,308,1,2
1583,309,1,2
1583,310,1,2
1583,311,1,2
1583,312,1,2
1583,313,1,2
1583,314,1,2
1583,315,1,2
1583,316,1,2
1583,317,1,2
1583,318,1,2
1583,319,1,2
1583,320,1,2
1583,321,1,2
1583,322,1,2
1583,323,1,2
1583,324,1,2
1583,325,1,2
1583,326,1,2
1583,327,1,2
1583,328,1,2
1583,329,1,2
1583,330,1,2
1583,331,1,2
1583,332,1,2
1583,333,1,2
1583,334,1,2
1583,335,1,2
1583,336,1,2
1583,337,1,2
1583,338,1,2
1583,339,1,2
1583,340,1,2
1583,341,1,2
1583,342,1,2
1583,343,1,2
1583,344,1,2
1583,345,1,2
1583,346,1,2
1583,347,1,2
1583,348,1,2
1583,349,1,2
1583,350,1,2
1583,351,1,2
1583,352,1,2
1583,353,1,2
1583,354,1,2
1583,355,1,2
1583,356,1,2
1583,357,1,2
1583,358,1,2
1583,359,1,2
1583,360,1,2
1583,361,1,2
1583,362,1,2
1583,363,1,2
1583,364,1,2
1583,365,1,2
1583,366,1,2
1583,367,1,2
1583,368,1,2
1583,369,1,2
1583,370,1,2
1583,371,1,2
1583,372,1,2
1583,373,1,2
1583,374,1,2
1583,375,1,2
1583,376,1,2
1583,377,1,2
1583,378,1,2
1583,379,1,2
1583,380,1,2
1583,381,1,2
1583,382,1,2
1583,383,1,2
1583,384,1,2
1583,385,1,2
1583,386,1,2
1583,387,1,2
1583,388,1,2
1583,389,1,2
1583,390,1,2
1583,391,1,2
1583,392,1,2
1583,393,1,2
1583,394,1,2
1583,395,1,2
1583,396,1,2
1583,397,1,2
1583,398,1,2
1583,399,1,2
1583,400,1,2
1583,401,1,2
1583,402,1,2
1583,403,1,2
1583,404,1,2
1583,405,1,2
1583,406,1,2
1583,407,1,2
1583,408,1,3
1583,409,1,3
1583,410,1,3
1583,411,1,3
1583,412,1,3
1583,413,1,3
1583,414,1,3
1583,415,1,3
1583,416,1,3
1583,417,1,3
1583,418,1,3
1583,419,1,3
1583,420,1,3
1583,421,1,3
1583,422,1,3
1583,423,1,3
1583,424,1,3
1583,425,1,3
1583,426,1,3
1583,427,1,3
1583,428,1,3
1583,429,1,3
1583,430,1,3
1583,431,1,3
1583,432,1,3
1583,433,1,3
1583,434,1,3
1583,435,1,3
1583,436,1,3
1583,437,1,3
1583,438,1,3
1583,439,1,3
1583,440,1,3
1583,441,1,3
1583,442,1,3
1583,443,1,3
1583,444,1,3
1583,445,1,3
1583,446,1,3
1583,447,1,3
1583,448,1,3
1583,449,1,3
1583,450,1,3
1583,451,1,3
1583,452,1,3
1583,453,1,3
1583,454,1,3
1583,455,1,3
1583,456,1,3
1583,457,1,3
1583,458,1,3
1583,459,1,3
1583,460,1,3
1583,461,1,3
1583,462,1,3
1583,463,1,3
1583,464,1,3
1583,465,1,3
1583,466,1,3
1583,467,1,3
1583,468,1,3
1584,104,1,3
1584,105,1,3
1584,106,1,3
1584,107,1,3
1584,108,1,3
1584,109,1,3
1584,110,1,3
1584,111,1,3
1584,112,1,3
1584,113,1,3
1584,114,1,3
1584,115,1,3
1584,116,1,3
1584,117,1,3
1584,118,1,3
1584,119,1,3
1584,120,1,3
1584,121,1,3
1584,122,1,3
1584,123,1,3
1584,124,1,3
1584,125,1,3
1584,126,1,3
1584,127,1,3
1584,128,1,3
1584,129,1,3
1584,130,1,3
1584,131,1,3
1584,132,1,3
1584,133,1,3
1584,134,1,3
1584,135,1,3
1584,136,1,3
1584,137,1,3
1584,138,1,3
1584,139,1,3
1584,140,1,3
1584,141,1,3
1584,142,1,3
1584,143,1,3
1584,144,1,3
1584,145,1,3
1584,146,1,3
1584,147,1,2
1584,148,1,2
1584,149,1,2
1584,150,1,2
1584,151,1,2
1584,152,1,2
1584,153,1,2
1584,154,1,2
1584,155,1,2
1584,156,1,2
1584,157,1,2
1584,158,1,2
1584,159,1,2
1584,160,1,2
1584,161,1,2
1584,162,1,2
1584,163,1,2
1584,164,1,2
1584,165,1,2
1584,166,1,2
1584,167,1,2
1584,168,1,2
1584,169,1,2
1584,170,1,2
1584,171,1,2
1584,172,1,2
1584,173,1,2
1584,174,1,2
1584,175,1,2
1584,176,1,2
1584,177,1,2
1584,178,1,2
1584,179,1,2
1584,180,1,2
1584,181,1,2
1584,182,1,2
1584,183,1,2
1584,184,1,2
1584,185,1,2
1584,186,1,2
1584,187,1,2
1584,188,1,2
1584,189,1,2
1584,190,1,2
1584,191,1,2
1584,192,1,2
1584,193,1,2
1584,194,1,2
1584,195,1,2
1584,196,1,2
1584,197,1,2
1584,198,1,2
1584,199,1,2
1584,200,1,2
1584,201,1,2
1584,202,1,2
1584,203,1,2
1584,204,1,2
1584,205,1,2
1584,206,1,2
1584,207,1,2
1584,208,1,2
1584,209,1,2
1584,210,1,2
1584,211,1,2
1584,212,1,2
1584,213,1,2
1584,214,1,2
1584,215,1,2
1584,216,1,2
1584,217,1,2
1584,218,1,2
1584,219,1,2
1584,220,1,2
1584,221,1,2
1584,222,1,2
1584,223,1,2
1584,224,1,2
1584,225,1,2
1584,226,1,2
1584,227,1,2
1584,228,1,2
1584,229,1,2
1584,230,1,2
1584,231,1,2
1584,232,1,2
1584,233,1,2
1584,234,1,2
1584,235,1,2
1584,236,1,2
1584,237,1,2
1584,238,1,2
1584,239,1,2
1584,240,1,2
1584,241,1,2
1584,242,1,2
1584,243,1,2
1584,244,1,2
1584,245,1,2
1584,246,1,2
1584,247,1,2
1584,248,1,2
1584,249,1,2
1584,250,1,2
1584,251,1,2
1584,252,1,2
1584,253,1,2
1584,254,1,2
1584,255,1,2
1584,256,1,2
1584,257,1,2
1584,258,1,2
1584,259,1,2
1584,260,1,2
1584,261,1,2
1584,262,1,2
1584,263,1,2
1584,264,1,2
1584,265,1,2
1584,266,1,2
1584,267,1,2
1584,268,1,2
1584,269,1,2
1584,270,1,2
1584,271,1,2
1584,272,1,2
1584,273,1,2
1584,274,1,2
1584,275,1,2
1584,276,1,2
1584,277,1,2
1584,278,1,2
1584,279,1,2
1584,280,1,2
1584,281,1,2
1584,282,1,2
1584,283,1,2
1584,284,1,2
1584,285,1,2
1584,286,1,2
1584,287,1,2
1584,288,1,2
1584,289,1,2
1584,290,1,2
1584,291,1,2
1584,292,1,2
1584,293,1,2
1584,294,1,2
1584,295,1,2
1584,296,1,2
1584,297,1,2
1584,298,1,2
1584,299,1,2
1584,300,1,2
1584,301,1,2
1584,302,1,2
1584,303,1,2
1584,304,1,2
1584,305,1,2
1584,306,1,2
1584,307,1,2
1584,308,1,2
1584,309,1,2
1584,310,1,2
1584,311,1,2
1584,312,1,2
1584,313,1,2
1584,314,1,2
1584,315,1,2
1584,316,1,2
1584,317,1,2
1584,318,1,2
1584,319,1,2
1584,320,1,2
1584,321,1,2
1584,322,1,2
1584,323,1,2
1584,324,1,2
1584,325,1,2
1584,326,1,2
1584,327,1,2
1584,328,1,2
1584,329,1,2
1584,330,1,2
1584,331,1,2
1584,332,1,2
1584,333,1,2
1584,334,1,2
1584,335,1,2
1584,336,1,2
1584,337,1,2
1584,338,1,2
1584,339,1,2
1584,340,1,2
1584,341,1,2
1584,342,1,2
1584,343,1,2
1584,344,1,2
1584,345,1,2
1584,346,1,2
1584,347,1,2
1584,348,1,2
1584,349,1,2
1584,350,1,2
1584,351,1,2
1584,352,1,2
1584,353,1,2
1584,354,1,2
1584,355,1,2
1584,356,1,2
1584,357,1,2
1584,358,1,2
1584,359,1,2
1584,360,1,2
1584,361,1,2
1584,362,1,2
1584,363,1,2
1584,364,1,2
1584,365,1,2
1584,366,1,2
1584,367,1,2
1584,368,1,2
1584,369,1,2
1584,370,1,2
1584,371,1,2
1584,372,1,2
1584,373,1,2
1584,374,1,2
1584,375,1,2
1584,376,1,2
1584,377,1,2
1584,378,1,2
1584,379,1,2
1584,380,1,2
1584,381,1,2
1584,382,1,2
1584,383,1,2
1584,384,1,2
1584,385,1,2
1584,386,1,2
1584,387,1,2
1584,388,1,2
1584,389,1,2
1584,390,1,2
1584,391,1,2
1584,392,1,2
1584,393,1,2
1584,394,1,2
1584,395,1,2
1584,396,1,2
1584,397,1,2
1584,398,1,2
1584,399,1,2
1584,400,1,2
1584,401,1,2
1584,402,1,2
1584,403,1,2
1584,404,1,2
1584,405,1,2
1584,406,1,3
1584,407,1,3
1584,408,1,3
1584,409,1,3
1584,410,1,3
1584,411,1,3
1584,412,1,3
1584,413,1,3
1584,414,1,3
1584,415,1,3
1584,416,1,3
1584,417,1,3
1584,418,1,3
1584,419,1,3
1584,420,1,3
1584,421,1,3
1584,422,1,3
1584,423,1,3
1584,424,1,3
1584,425,1,3
1584,426,1,3
1584,427,1,3
1584,428,1,3
1584,429,1,3
1584,430,1,3
1584,431,1,3
1584,432,1,3
1584,433,1,3
1584,434,1,3
1584,435,1,3
1584,436,1,3
1584,437,1,3
1584,438,1,3
1584,439,1,3
1584,440,1,3
1584,441,1,3
1584,442,1,3
1584,443,1,3
1584,444,1,3
1584,445,1,3
1584,446,1,3
1584,447,1,3
1584,448,1,3
1584,449,1,3
1584,450,1,3
1584,451,1,3
1584,452,1,3
1584,453,1,3
1584,454,1,3
1584,455,1,3
1584,456,1,3
1584,457,1,3
1584,458,1,3
1584,459,1,3
1584,460,1,3
1584,461,1,3
1584,462,1,3
1584,463,1,3
1584,464,1,3
1584,465,1,3
1584,466,1,3
1584,467,1,3
1584,468,1,3
1585,104,1,2
1585,105,1,3
1585,106,1,3
1585,107,1,3
1585,108,1,3
1585,109,1,3
1585,110,1,3
1585,111,1,3
1585,112,1,3
1585,113,1,3
1585,114,1,3
1585,115,1,3
1585,116,1,3
1585,117,1,3
1585,118,1,3
1585,119,1,3
1585,120,1,3
1585,121,1,3
1585,122,1,3
1585,123,1,3
1585,124,1,3
1585,125,1,3
1585,126,1,3
1585,127,1,3
1585,128,1,3
1585,129,1,3
1585,130,1,3
1585,131,1,3
1585,132,1,3
1585,133,1,3
1585,134,1,3
1585,135,1,3
1585,136,1,3
1585,137,1,3
1585,138,1,3
1585,139,1,3
1585,140,1,3
1585,141,1,3
1585,142,1,3
1585,143,1,3
1585,144,1,3
1585,145,1,3
1585,146,1,3
1585,147,1,2
1585,148,1,2
1585,149,1,2
1585,150,1,2
1585,151,1,2
1585,152,1,2
1585,153,1,2
1585,154,1,2
1585,155,1,2
1585,156,1,2
1585,157,1,2
1585,158,1,2
1585,159,1,2
1585,160,1,2
1585,161,1,2
1585,162,1,2
1585,163,1,2
1585,164,1,2
1585,165,1,2
1585,166,1,2
1585,167,1,2
1585,168,1,2
1585,169,1,2
1585,170,1,2
1585,171,1,2
1585,172,1,2
1585,173,1,2
1585,174,1,2
1585,175,1,2
1585,176,1,2
1585,177,1,2
1585,178,1,2
1585,179,1,2
1585,180,1,2
1585,181,1,2
1585,182,1,2
1585,183,1,2
1585,184,1,2
1585,185,1,2
1585,186,1,2
1585,187,1,2
1585,188,1,2
1585,189,1,2
1585,190,1,2
1585,191,1,2
1585,192,1,2
1585,193,1,2
1585,194,1,2
1585,195,1,2
1585,196,1,2
1585,197,1,2
1585,198,1,2
1585,199,1,2
1585,200,1,2
1585,201,1,2
1585,202,1,2
1585,203,1,2
1585,204,1,2
1585,205,1,2
1585,206,1,2
1585,207,1,2
1585,208,1,2
1585,209,1,2
1585,210,1,2
1585,211,1,2
1585,212,1,2
1585,213,1,2
1585,214,1,2
1585,215,1,2
1585,216,1,2
1585,217,1,2
1585,218,1,2
1585,219,1,2
1585,220,1,2
1585,221,1,2
1585,222,1,2
1585,223,1,2
1585,224,1,2
1585,225,1,2
1585,226,1,2
1585,227,1,2
1585,228,1,2
1585,229,1,2
1585,230,1,2
1585,231,1,2
1585,232,1,2
1585,233,1,2
1585,234,1,2
1585,235,1,2
1585,236,1,2
1585,237,1,2
1585,238,1,2
1585,239,1,2
1585,240,1,2
1585,241,1,2
1585,242,1,2
1585,243,1,2
1585,244,1,2
1585,245,1,2
1585,246,1,2
1585,247,1,2
1585,248,1,2
1585,249,1,2
1585,250,1,2
1585,251,1,2
1585,252,1,2
1585,253,1,2
1585,254,1,2
1585,255,1,2
1585,256,1,2
1585,257,1,2
1585,258,1,2
1585,259,1,2
1585,260,1,2
1585,261,1,2
1585,262,1,2
1585,263,1,2
1585,264,1,2
1585,265,1,2
1585,266,1,2
1585,267,1,2
1585,268,1,2
1585,269,1,2
1585,270,1,2
1585,271,1,2
1585,272,1,2
1585,273,1,2
1585,274,1,2
1585,275,1,2
1585,276,1,2
1585,277,1,2
1585,278,1,2
1585,279,1,2
1585,280,1,2
1585,281,1,2
1585,282,1,2
1585,283,1,2
1585,284,1,2
1585,285,1,2
1585,286,1,2
1585,287,1,2
1585,288,1,2
1585,289,1,2
1585,290,1,2
1585,291,1,2
1585,292,1,2
1585,293,1,2
1585,294,1,2
1585,295,1,2
1585,296,1,2
1585,297,1,2
1585,298,1,2
1585,299,1,2
1585,300,1,2
1585,301,1,2
1585,302,1,2
1585,303,1,2
1585,304,1,2
1585,305,1,2
1585,306,1,2
1585,307,1,2
1585,308,1,2
1585,309,1,2
1585,310,1,2
1585,311,1,2
1585,312,1,2
1585,313,1,2
1585,314,1,2
1585,315,1,2
1585,316,1,2
1585,317,1,2
1585,318,1,2
1585,319,1,2
1585,320,1,2
1585,321,1,2
1585,322,1,2
1585,323,1,2
1585,324,1,2
1585,325,1,2
1585,326,1,2
1585,327,1,2
1585,328,1,2
1585,329,1,2
1585,330,1,2
1585,331,1,2
1585,332,1,2
1585,333,1,2
1585,334,1,2
1585,335,1,2
1585,336,1,2
1585,337,1,2
1585,338,1,2
1585,339,1,2
1585,340,1,2
1585,341,1,2
1585,342,1,2
1585,343,1,2
1585,344,1,2
1585,345,1,2
1585,346,1,2
1585,347,1,2
1585,348,1,2
1585,349,1,2
1585,350,1,2
1585,351,1,2
1585,352,1,2
1585,353,1,2
1585,354,1,2
1585,355,1,2
1585,356,1,2
1585,357,1,2
1585,358,1,2
1585,359,1,2
1585,360,1,2
1585,361,1,2
1585,362,1,2
1585,363,1,2
1585,364,1,2
1585,365,1,2
1585,366,1,2
1585,367,1,2
1585,368,1,2
1585,369,1,2
1585,370,1,2
1585,371,1,2
1585,372,1,2
1585,373,1,2
1585,374,1,2
1585,375,1,2
1585,376,1,2
1585,377,1,2
1585,378,1,2
1585,379,1,2
1585,380,1,2
1585,381,1,2
1585,382,1,2
1585,383,1,2
1585,384,1,2
1585,385,1,2
1585,386,1,2
1585,387,1,2
1585,388,1,2
1585,389,1,2
1585,390,1,2
1585,391,1,2
1585,392,1,2
1585,393,1,2
1585,394,1,2
1585,395,1,2
1585,396,1,2
1585,397,1,2
1585,398,1,2
1585,399,1,2
1585,400,1,2
1585,401,1,2
1585,402,1,2
1585,403,1,2
1585,404,1,2
1585,405,1,3
1585,406,1,3
1585,407,1,3
1585,408,1,3
1585,409,1,3
1585,410,1,3
1585,411,1,3
1585,412,1,3
1585,413,1,3
1585,414,1,3
1585,415,1,3
1585,416,1,3
1585,417,1,3
1585,418,1,3
1585,419,1,3
1585,420,1,3
1585,421,1,3
1585,422,1,3
1585,423,1,3
1585,424,1,3
1585,425,1,3
1585,426,1,3
1585,427,1,3
1585,428,1,3
1585,429,1,3
1585,430,1,3
1585,431,1,3
1585,432,1,3
1585,433,1,3
1585,434,1,3
1585,435,1,3
1585,436,1,3
1585,437,1,3
1585,438,1,3
1585,439,1,3
1585,440,1,3
1585,441,1,3
1585,442,1,3
1585,443,1,3
1585,444,1,3
1585,445,1,3
1585,446,1,3
1585,447,1,3
1585,448,1,3
1585,449,1,3
1585,450,1,3
1585,451,1,3
1585,452,1,3
1585,453,1,3
1585,454,1,3
1585,455,1,3
1585,456,1,3
1585,457,1,3
1585,458,1,3
1585,459,1,3
1585,460,1,3
1585,461,1,3
1585,462,1,3
1585,463,1,3
1585,464,1,3
1585,465,1,3
1585,466,1,3
1585,467,1,3
1585,468,1,3
1586,105,1,3
1586,106,1,3
1586,107,1,3
1586,108,1,3
1586,109,1,3
1586,110,1,3
1586,111,1,3
1586,112,1,3
1586,113,1,3
1586,114,1,3
1586,115,1,3
1586,116,1,3
1586,117,1,3
1586,118,1,3
1586,119,1,3
1586,120,1,3
1586,121,1,3
1586,122,1,3
1586,123,1,3
1586,124,1,3
1586,125,1,3
1586,126,1,3
1586,127,1,3
1586,128,1,3
1586,129,1,3
1586,130,1,3
1586,131,1,3
1586,132,1,3
1586,133,1,3
1586,134,1,3
1586,135,1,3
1586,136,1,3
1586,137,1,3
1586,138,1,3
1586,139,1,3
1586,140,1,3
1586,141,1,3
1586,142,1,3
1586,143,1,3
1586,144,1,3
1586,145,1,3
1586,146,1,3
1586,147,1,2
1586,148,1,2
1586,149,1,2
1586,150,1,2
1586,151,1,2
1586,152,1,2
1586,153,1,2
1586,154,1,2
1586,155,1,2
1586,156,1,2
1586,157,1,2
1586,158,1,2
1586,159,1,2
1586,160,1,2
1586,161,1,2
1586,162,1,2
1586,163,1,2
1586,164,1,2
1586,165,1,2
1586,166,1,2
1586,167,1,2
1586,168,1,2
1586,169,1,2
1586,170,1,2
1586,171,1,2
1586,172,1,2
1586,173,1,2
1586,174,1,2
1586,175,1,2
1586,176,1,2
1586,177,1,2
1586,178,1,2
1586,179,1,2
1586,180,1,2
1586,181,1,2
1586,182,1,2
1586,183,1,2
1586,184,1,2
1586,185,1,2
1586,186,1,2
1586,187,1,2
1586,188,1,2
1586,189,1,2
1586,190,1,2
1586,191,1,2
1586,192,1,2
1586,193,1,2
1586,194,1,2
1586,195,1,2
1586,196,1,2
1586,197,1,2
1586,198,1,2
1586,199,1,2
1586,200,1,2
1586,201,1,2
1586,202,1,2
1586,203,1,2
1586,204,1,2
1586,205,1,2
1586,206,1,2
1586,207,1,2
1586,208,1,2
1586,209,1,2
1586,210,1,2
1586,211,1,2
1586,212,1,2
1586,213,1,2
1586,214,1,2
1586,215,1,2
1586,216,1,2
1586,217,1,2
1586,218,1,2
1586,219,1,2
1586,220,1,2
1586,221,1,2
1586,222,1,2
1586,223,1,2
1586,224,1,2
1586,225,1,2
1586,226,1,2
1586,227,1,2
1586,228,1,2
1586,229,1,2
1586,230,1,2
1586,231,1,2
1586,232,1,2
1586,233,1,2
1586,234,1,2
1586,235,1,2
1586,236,1,2
1586,237,1,2
1586,238,1,2
1586,239,1,2
1586,240,1,2
1586,241,1,2
1586,242,1,2
1586,243,1,2
1586,244,1,2
1586,245,1,2
1586,246,1,2
1586,247,1,2
1586,248,1,2
1586,249,1,2
1586,250,1,2
1586,251,1,2
1586,252,1,2
1586,253,1,2
1586,254,1,2
1586,255,1,2
1586,256,1,2
1586,257,1,2
1586,258,1,2
1586,259,1,2
1586,260,1,2
1586,261,1,2
1586,262,1,2
1586,263,1,2
1586,264,1,2
1586,265,1,2
1586,266,1,2
1586,267,1,2
1586,268,1,2
1586,269,1,2
1586,270,1,2
1586,271,1,2
1586,272,1,2
1586,273,1,2
1586,274,1,2
1586,275,1,2
1586,276,1,2
1586,277,1,2
1586,278,1,2
1586,279,1,2
1586,280,1,2
1586,281,1,2
1586,282,1,2
1586,283,1,2
1586,284,1,2
1586,285,1,2
1586,286,1,2
1586,287,1,2
1586,288,1,2
1586,289,1,2
1586,290,1,2
1586,291,1,2
1586,292,1,2
1586,293,1,2
1586,294,1,2
1586,295,1,2
1586,296,1,2
1586,297,1,2
1586,298,1,2
1586,299,1,2
1586,300,1,2
1586,301,1,2
1586,302,1,2
1586,303,1,2
1586,304,1,2
1586,305,1,2
1586,306,1,2
1586,307,1,2
1586,308,1,2
1586,309,1,2
1586,310,1,2
1586,311,1,2
1586,312,1,2
1586,313,1,2
1586,314,1,2
1586,315,1,2
1586,316,1,2
1586,317,1,2
1586,318,1,2
1586,319,1,2
1586,320,1,2
1586,321,1,2
1586,322,1,2
1586,323,1,2
1586,324,1,2
1586,325,1,2
1586,326,1,2
1586,327,1,2
1586,328,1,2
1586,329,1,2
1586,330,1,2
1586,331,1,2
1586,332,1,2
1586,333,1,2
1586,334,1,2
1586,335,1,2
1586,336,1,2
1586,337,1,2
1586,338,1,2
1586,339,1,2
1586,340,1,2
1586,341,1,2
1586,342,1,2
1586,343,1,2
1586,344,1,2
1586,345,1,2
1586,346,1,2
1586,347,1,2
1586,348,1,2
1586,349,1,2
1586,350,1,2
1586,351,1,2
1586,352,1,2
1586,353,1,2
1586,354,1,2
1586,355,1,2
1586,356,1,2
1586,357,1,2
1586,358,1,2
1586,359,1,2
1586,360,1,2
1586,361,1,2
1586,362,1,2
1586,363,1,2
1586,364,1,2
1586,365,1,2
1586,366,1,2
1586,367,1,2
1586,368,1,2
1586,369,1,2
1586,370,1,2
1586,371,1,2
1586,372,1,2
1586,373,1,2
1586,374,1,2
1586,375,1,2
1586,376,1,2
1586,377,1,2
1586,378,1,2
1586,379,1,2
1586,380,1,2
1586,381,1,2
1586,382,1,2
1586,383,1,2
1586,384,1,2
1586,385,1,2
1586,386,1,2
1586,387,1,2
1586,388,1,2
1586,389,1,2
1586,390,1,2
1586,391,1,2
1586,392,1,2
1586,393,1,2
1586,394,1,2
1586,395,1,2
1586,396,1,2
1586,397,1,2
1586,398,1,2
1586,399,1,2
1586,400,1,2
1586,401,1,2
1586,402,1,2
1586,403,1,2
1586,404,1,2
1586,405,1,3
1586,406,1,3
1586,407,1,3
1586,408,1,3
1586,409,1,3
1586,410,1,3
1586,411,1,3
1586,412,1,3
1586,413,1,3
1586,414,1,3
1586,415,1,3
1586,416,1,3
1586,417,1,3
1586,418,1,3
1586,419,1,3
1586,420,1,3
1586,421,1,3
1586,422,1,3
1586,423,1,3
1586,424,1,3
1586,425,1,3
1586,426,1,3
1586,427,1,3
1586,428,1,3
1586,429,1,3
1586,430,1,3
1586,431,1,3
1586,432,1,3
1586,433,1,3
1586,434,1,3
1586,435,1,3
1586,436,1,3
1586,437,1,3
1586,438,1,3
1586,439,1,3
1586,440,1,3
1586,441,1,3
1586,442,1,3
1586,443,1,3
1586,444,1,3
1586,445,1,3
1586,446,1,3
1586,447,1,3
1586,448,1,3
1586,449,1,3
1586,450,1,3
1586,451,1,3
1586,452,1,3
1586,453,1,3
1586,454,1,3
1586,455,1,3
1586,456,1,3
1586,457,1,3
1586,458,1,3
1586,459,1,3
1586,460,1,3
1586,461,1,3
1586,462,1,3
1586,463,1,3
1586,464,1,3
1586,465,1,3
1586,466,1,3
1586,467,1,3
1586,468,1,3
1587,105,1,3
1587,106,1,3
1587,107,1,3
1587,108,1,3
1587,109,1,3
1587,110,1,3
1587,111,1,3
1587,112,1,3
1587,113,1,3
1587,114,1,3
1587,115,1,3
1587,116,1,3
1587,117,1,3
1587,118,1,3
1587,119,1,3
1587,120,1,3
1587,121,1,3
1587,122,1,3
1587,123,1,3
1587,124,1,3
1587,125,1,3
1587,126,1,3
1587,127,1,3
1587,128,1,3
1587,129,1,3
1587,130,1,3
1587,131,1,3
1587,132,1,3
1587,133,1,3
1587,134,1,3
1587,135,1,3
1587,136,1,3
1587,137,1,3
1587,138,1,3
1587,139,1,3
1587,140,1,3
1587,141,1,3
1587,142,1,3
1587,143,1,3
1587,144,1,3
1587,145,1,3
1587,146,1,2
1587,147,1,2
1587,148,1,2
1587,149,1,2
1587,150,1,2
1587,151,1,2
1587,152,1,2
1587,153,1,2
1587,154,1,2
1587,155,1,2
1587,156,1,2
1587,157,1,2
1587,158,1,2
1587,159,1,2
1587,160,1,2
1587,161,1,2
1587,162,1,2
1587,163,1,2
1587,164,1,2
1587,165,1,2
1587,166,1,2
1587,167,1,2
1587,168,1,2
1587,169,1,2
1587,170,1,2
1587,171,1,2
1587,172,1,2
1587,173,1,2
1587,174,1,2
1587,175,1,2
1587,176,1,2
1587,177,1,2
1587,178,1,2
1587,179,1,2
1587,180,1,2
1587,181,1,2
1587,182,1,2
1587,183,1,2
1587,184,1,2
1587,185,1,2
1587,186,1,2
1587,187,1,2
1587,188,1,2
1587,189,1,2
1587,190,1,2
1587,191,1,2
1587,192,1,2
1587,193,1,2
1587,194,1,2
1587,195,1,2
1587,196,1,2
1587,197,1,2
1587,198,1,2
1587,199,1,2
1587,200,1,2
1587,201,1,2
1587,202,1,2
1587,203,1,2
1587,204,1,2
1587,205,1,2
1587,206,1,2
1587,207,1,2
1587,208,1,2
1587,209,1,2
1587,210,1,2
1587,211,1,2
1587,212,1,2
1587,213,1,2
1587,214,1,2
1587,215,1,2
1587,216,1,2
1587,217,1,2
1587,218,1,2
1587,219,1,2
1587,220,1,2
1587,221,1,2
1587,222,1,2
1587,223,1,2
1587,224,1,2
1587,225,1,2
1587,226,1,2
1587,227,1,2
1587,228,1,2
1587,229,1,2
1587,230,1,2
1587,231,1,2
1587,232,1,2
1587,233,1,2
1587,234,1,2
1587,235,1,2
1587,236,1,2
1587,237,1,2
1587,238,1,2
1587,239,1,2
1587,240,1,2
1587,241,1,2
1587,242,1,2
1587,243,1,2
1587,244,1,2
1587,245,1,2
1587,246,1,2
1587,247,1,2
1587,248,1,2
1587,249,1,2
1587,250,1,2
1587,251,1,2
1587,252,1,2
1587,253,1,2
1587,254,1,2
1587,255,1,2
1587,256,1,2
1587,257,1,2
1587,258,1,2
1587,259,1,2
1587,260,1,2
1587,261,1,2
1587,262,1,2
1587,263,1,2
1587,264,1,2
1587,265,1,2
1587,266,1,2
1587,267,1,2
1587,268,1,2
1587,269,1,2
1587,270,1,2
1587,271,1,2
1587,272,1,2
1587,273,1,2
1587,274,1,2
1587,275,1,2
1587,276,1,2
1587,277,1,2
1587,278,1,2
1587,279,1,2
1587,280,1,2
1587,281,1,2
1587,282,1,2
1587,283,1,2
1587,284,1,2
1587,285,1,2
1587,286,1,2
1587,287,1,2
1587,288,1,2
1587,289,1,2
1587,290,1,2
1587,291,1,2
1587,292,1,2
1587,293,1,2
1587,294,1,2
1587,295,1,2
1587,296,1,2
1587,297,1,2
1587,298,1,2
1587,299,1,2
1587,300,1,2
1587,301,1,2
1587,302,1,2
1587,303,1,2
1587,304,1,2
1587,305,1,2
1587,306,1,2
1587,307,1,2
1587,308,1,2
1587,309,1,2
1587,310,1,2
1587,311,1,2
1587,312,1,2
1587,313,1,2
1587,314,1,2
1587,315,1,2
1587,316,1,2
1587,317,1,2
1587,318,1,2
1587,319,1,2
1587,320,1,2
1587,321,1,2
1587,322,1,2
1587,323,1,2
1587,324,1,2
1587,325,1,2
1587,326,1,2
1587,327,1,2
1587,328,1,2
1587,329,1,2
1587,330,1,2
1587,331,1,2
1587,332,1,2
1587,333,1,2
1587,334,1,2
1587,335,1,2
1587,336,1,2
1587,337,1,2
1587,338,1,2
1587,339,1,2
1587,340,1,2
1587,341,1,2
1587,342,1,2
1587,343,1,2
1587,344,1,2
1587,345,1,2
1587,346,1,2
1587,347,1,2
1587,348,1,2
1587,349,1,2
1587,350,1,2
1587,351,1,2
1587,352,1,2
1587,353,1,2
1587,354,1,2
1587,355,1,2
1587,356,1,2
1587,357,1,2
1587,358,1,2
1587,359,1,2
1587,360,1,2
1587,361,1,2
1587,362,1,2
1587,363,1,2
1587,364,1,2
1587,365,1,2
1587,366,1,2
1587,367,1,2
1587,368,1,2
1587,369,1,2
1587,370,1,2
1587,371,1,2
1587,372,1,2
1587,373,1,2
1587,374,1,2
1587,375,1,2
1587,376,1,2
1587,377,1,2
1587,378,1,2
1587,379,1,2
1587,380,1,2
1587,381,1,2
1587,382,1,2
1587,383,1,2
1587,384,1,2
1587,385,1,2
1587,386,1,2
1587,387,1,2
1587,388,1,2
1587,389,1,2
1587,390,1,2
1587,391,1,2
1587,392,1,2
1587,393,1,2
1587,394,1,2
1587,395,1,2
1587,396,1,2
1587,397,1,2
1587,398,1,2
1587,399,1,2
1587,400,1,2
1587,401,1,2
1587,402,1,2
1587,403,1,2
1587,404,1,3
1587,405,1,3
1587,406,1,3
1587,407,1,3
1587,408,1,3
1587,409,1,3
1587,410,1,3
1587,411,1,3
1587,412,1,3
1587,413,1,3
1587,414,1,3
1587,415,1,3
1587,416,1,3
1587,417,1,3
1587,418,1,3
1587,419,1,3
1587,420,1,3
1587,421,1,3
1587,422,1,3
1587,423,1,3
1587,424,1,3
1587,425,1,3
1587,426,1,3
1587,427,1,3
1587,428,1,3
1587,429,1,3
1587,430,1,3
1587,431,1,3
1587,432,1,3
1587,433,1,3
1587,434,1,3
1587,435,1,3
1587,436,1,3
1587,437,1,3
1587,438,1,3
1587,439,1,3
1587,440,1,3
1587,441,1,3
1587,442,1,3
1587,443,1,3
1587,444,1,3
1587,445,1,3
1587,446,1,3
1587,447,1,3
1587,448,1,3
1587,449,1,3
1587,450,1,3
1587,451,1,3
1587,452,1,3
1587,453,1,3
1587,454,1,3
1587,455,1,3
1587,456,1,3
1587,457,1,3
1587,458,1,3
1587,459,1,3
1587,460,1,3
1587,461,1,3
1587,462,1,3
1587,463,1,3
1587,464,1,3
1587,465,1,3
1587,466,1,3
1587,467,1,3
1587,468,1,3
1588,105,1,3
1588,106,1,3
1588,107,1,3
1588,108,1,3
1588,109,1,3
1588,110,1,3
1588,111,1,3
1588,112,1,3
1588,113,1,3
1588,114,1,3
1588,115,1,3
1588,116,1,3
1588,117,1,3
1588,118,1,3
1588,119,1,3
1588,120,1,3
1588,121,1,3
1588,122,1,3
1588,123,1,3
1588,124,1,3
1588,125,1,3
1588,126,1,3
1588,127,1,3
1588,128,1,3
1588,129,1,3
1588,130,1,3
1588,131,1,3
1588,132,1,3
1588,133,1,3
1588,134,1,3
1588,135,1,3
1588,136,1,3
1588,137,1,3
1588,138,1,3
1588,139,1,3
1588,140,1,3
1588,141,1,3
1588,142,1,3
1588,143,1,3
1588,144,1,3
1588,145,1,3
1588,146,1,2
1588,147,1,2
1588,148,1,2
1588,149,1,2
1588,150,1,2
1588,151,1,2
1588,152,1,2
1588,153,1,2
1588,154,1,2
1588,155,1,2
1588,156,1,2
1588,157,1,2
1588,158,1,2
1588,159,1,2
1588,160,1,2
1588,161,1,2
1588,162,1,2
1588,163,1,2
1588,164,1,2
1588,165,1,2
1588,166,1,2
1588,167,1,2
1588,168,1,2
1588,169,1,2
1588,170,1,2
1588,171,1,2
1588,172,1,2
1588,173,1,2
1588,174,1,2
1588,175,1,2
1588,176,1,2
1588,177,1,2
1588,178,1,2
1588,179,1,2
1588,180,1,2
1588,181,1,2
1588,182,1,2
1588,183,1,2
1588,184,1,2
1588,185,1,2
1588,186,1,2
1588,187,1,2
1588,188,1,2
1588,189,1,2
1588,190,1,2
1588,191,1,2
1588,192,1,2
1588,193,1,2
1588,194,1,2
1588,195,1,2
1588,196,1,2
1588,197,1,2
1588,198,1,2
1588,199,1,2
1588,200,1,2
1588,201,1,2
1588,202,1,2
1588,203,1,2
1588,204,1,2
1588,205,1,2
1588,206,1,2
1588,207,1,2
1588,208,1,2
1588,209,1,2
1588,210,1,2
1588,211,1,2
1588,212,1,2
1588,213,1,2
1588,214,1,2
1588,215,1,2
1588,216,1,2
1588,217,1,2
1588,218,1,2
1588,219,1,2
1588,220,1,2
1588,221,1,2
1588,222,1,2
1588,223,1,2
1588,224,1,2
1588,225,1,2
1588,226,1,2
1588,227,1,2
1588,228,1,2
1588,229,1,2
1588,230,1,2
1588,231,1,2
1588,232,1,2
1588,233,1,2
1588,234,1,2
1588,235,1,2
1588,236,1,2
1588,237,1,2
1588,238,1,2
1588,239,1,2
1588,240,1,2
1588,241,1,2
1588,242,1,2
1588,243,1,2
1588,244,1,2
1588,245,1,2
1588,246,1,2
1588,247,1,2
1588,248,1,2
1588,249,1,2
1588,250,1,2
1588,251,1,2
1588,252,1,2
1588,253,1,2
1588,254,1,2
1588,255,1,2
1588,256,1,2
1588,257,1,2
1588,258,1,2
1588,259,1,2
1588,260,1,2
1588,261,1,2
1588,262,1,2
1588,263,1,2
1588,264,1,2
1588,265,1,2
1588,266,1,2
1588,267,1,2
1588,268,1,2
1588,269,1,2
1588,270,1,2
1588,271,1,2
1588,272,1,2
1588,273,1,2
1588,274,1,2
1588,275,1,2
1588,276,1,2
1588,277,1,2
1588,278,1,2
1588,279,1,2
1588,280,1,2
1588,281,1,2
1588,282,1,2
1588,283,1,2
1588,284,1,2
1588,285,1,2
1588,286,1,2
1588,287,1,2
1588,288,1,2
1588,289,1,2
1588,290,1,2
1588,291,1,2
1588,292,1,2
1588,293,1,2
1588,294,1,2
1588,295,1,2
1588,296,1,2
1588,297,1,2
1588,298,1,2
1588,299,1,2
1588,300,1,2
1588,301,1,2
1588,302,1,2
1588,303,1,2
1588,304,1,2
1588,305,1,2
1588,306,1,2
1588,307,1,2
1588,308,1,2
1588,309,1,2
1588,310,1,2
1588,311,1,2
1588,312,1,2
1588,313,1,2
1588,314,1,2
1588,315,1,2
1588,316,1,2
1588,317,1,2
1588,318,1,2
1588,319,1,2
1588,320,1,2
1588,321,1,2
1588,322,1,2
1588,323,1,2
1588,324,1,2
1588,325,1,2
1588,326,1,2
1588,327,1,2
1588,328,1,2
1588,329,1,2
1588,330,1,2
1588,331,1,2
1588,332,1,2
1588,333,1,2
1588,334,1,2
1588,335,1,2
1588,336,1,2
1588,337,1,2
1588,338,1,2
1588,339,1,2
1588,340,1,2
1588,341,1,2
1588,342,1,2
1588,343,1,2
1588,344,1,2
1588,345,1,2
1588,346,1,2
1588,347,1,2
1588,348,1,2
1588,349,1,2
1588,350,1,2
1588,351,1,2
1588,352,1,2
1588,353,1,2
1588,354,1,2
1588,355,1,2
1588,356,1,2
1588,357,1,2
1588,358,1,2
1588,359,1,2
1588,360,1,2
1588,361,1,2
1588,362,1,2
1588,363,1,2
1588,364,1,2
1588,365,1,2
1588,366,1,2
1588,367,1,2
1588,368,1,2
1588,369,1,2
1588,370,1,2
1588,371,1,2
1588,372,1,2
1588,373,1,2
1588,374,1,2
1588,375,1,2
1588,376,1,2
1588,377,1,2
1588,378,1,2
1588,379,1,2
1588,380,1,2
1588,381,1,2
1588,382,1,2
1588,383,1,2
1588,384,1,2
1588,385,1,2
1588,386,1,2
1588,387,1,2
1588,388,1,2
1588,389,1,2
1588,390,1,2
1588,391,1,2
1588,392,1,2
1588,393,1,2
1588,394,1,2
1588,395,1,2
1588,396,1,2
1588,397,1,2
1588,398,1,2
1588,399,1,2
1588,400,1,2
1588,401,1,2
1588,402,1,2
1588,403,1,2
1588,404,1,3
1588,405,1,3
1588,406,1,3
1588,407,1,3
1588,408,1,3
1588,409,1,3
1588,410,1,3
1588,411,1,3
1588,412,1,3
1588,413,1,3
1588,414,1,3
1588,415,1,3
1588,416,1,3
1588,417,1,3
1588,418,1,3
1588,419,1,3
1588,420,1,3
1588,421,1,3
1588,422,1,3
1588,423,1,3
1588,424,1,3
1588,425,1,3
1588,426,1,3
1588,427,1,3
1588,428,1,3
1588,429,1,3
1588,430,1,3
1588,431,1,3
1588,432,1,3
1588,433,1,3
1588,434,1,3
1588,435,1,3
1588,436,1,3
1588,437,1,3
1588,438,1,3
1588,439,1,3
1588,440,1,3
1588,441,1,3
1588,442,1,3
1588,443,1,3
1588,444,1,3
1588,445,1,3
1588,446,1,3
1588,447,1,3
1588,448,1,3
1588,449,1,3
1588,450,1,3
1588,451,1,3
1588,452,1,3
1588,453,1,3
1588,454,1,3
1588,455,1,3
1588,456,1,3
1588,457,1,3
1588,458,1,3
1588,459,1,3
1588,460,1,3
1588,461,1,3
1588,462,1,3
1588,463,1,3
1588,464,1,3
1588,465,1,3
1588,466,1,3
1588,467,1,3
1588,468,1,3
1589,105,1,3
1589,106,1,3
1589,107,1,3
1589,108,1,3
1589,109,1,3
1589,110,1,3
1589,111,1,3
1589,112,1,3
1589,113,1,3
1589,114,1,3
1589,115,1,3
1589,116,1,3
1589,117,1,3
1589,118,1,3
1589,119,1,3
1589,120,1,3
1589,121,1,3
1589,122,1,3
1589,123,1,3
1589,124,1,3
1589,125,1,3
1589,126,1,3
1589,127,1,3
1589,128,1,3
1589,129,1,3
1589,130,1,3
1589,131,1,3
1589,132,1,3
1589,133,1,3
1589,134,1,3
1589,135,1,3
1589,136,1,3
1589,137,1,3
1589,138,1,3
1589,139,1,3
1589,140,1,3
1589,141,1,3
1589,142,1,3
1589,143,1,3
1589,144,1,3
1589,145,1,3
1589,146,1,2
1589,147,1,2
1589,148,1,2
1589,149,1,2
1589,150,1,2
1589,151,1,2
1589,152,1,2
1589,153,1,2
1589,154,1,2
1589,155,1,2
1589,156,1,2
1589,157,1,2
1589,158,1,2
1589,159,1,2
1589,160,1,2
1589,161,1,2
1589,162,1,2
1589,163,1,2
1589,164,1,2
1589,165,1,2
1589,166,1,2
1589,167,1,2
1589,168,1,2
1589,169,1,2
1589,170,1,2
1589,171,1,2
1589,172,1,2
1589,173,1,2
1589,174,1,2
1589,175,1,2
1589,176,1,2
1589,177,1,2
1589,178,1,2
1589,179,1,2
1589,180,1,2
1589,181,1,2
1589,182,1,2
1589,183,1,2
1589,184,1,2
1589,185,1,2
1589,186,1,2
1589,187,1,2
1589,188,1,2
1589,189,1,2
1589,190,1,2
1589,191,1,2
1589,192,1,2
1589,193,1,2
1589,194,1,2
1589,195,1,2
1589,196,1,2
1589,197,1,2
1589,198,1,2
1589,199,1,2
1589,200,1,2
1589,201,1,2
1589,202,1,2
1589,203,1,2
1589,204,1,2
1589,205,1,2
1589,206,1,2
1589,207,1,2
1589,208,1,2
1589,209,1,2
1589,210,1,2
1589,211,1,2
1589,212,1,2
1589,213,1,2
1589,214,1,2
1589,215,1,2
1589,216,1,2
1589,217,1,2
1589,218,1,2
1589,219,1,2
1589,220,1,2
1589,221,1,2
1589,222,1,2
1589,223,1,2
1589,224,1,2
1589,225,1,2
1589,226,1,2
1589,227,1,2
1589,228,1,2
1589,229,1,2
1589,230,1,2
1589,231,1,2
1589,232,1,2
1589,233,1,2
1589,234,1,2
1589,235,1,2
1589,236,1,2
1589,237,1,2
1589,238,1,2
1589,239,1,2
1589,240,1,2
1589,241,1,2
1589,242,1,2
1589,243,1,2
1589,244,1,2
1589,245,1,2
1589,246,1,2
1589,247,1,2
1589,248,1,2
1589,249,1,2
1589,250,1,2
1589,251,1,2
1589,252,1,2
1589,253,1,2
1589,254,1,2
1589,255,1,2
1589,256,1,2
1589,257,1,2
1589,258,1,2
1589,259,1,2
1589,260,1,2
1589,261,1,2
1589,262,1,2
1589,263,1,2
1589,264,1,2
1589,265,1,2
1589,266,1,2
1589,267,1,2
1589,268,1,2
1589,269,1,2
1589,270,1,2
1589,271,1,2
1589,272,1,2
1589,273,1,2
1589,274,1,2
1589,275,1,2
1589,276,1,2
1589,277,1,2
1589,278,1,2
1589,279,1,2
1589,280,1,2
1589,281,1,2
1589,282,1,2
1589,283,1,2
1589,284,1,2
1589,285,1,2
1589,286,1,2
1589,287,1,2
1589,288,1,2
1589,289,1,2
1589,290,1,2
1589,291,1,2
1589,292,1,2
1589,293,1,2
1589,294,1,2
1589,295,1,2
1589,296,1,2
1589,297,1,2
1589,298,1,2
1589,299,1,2
1589,300,1,2
1589,301,1,2
1589,302,1,2
1589,303,1,2
1589,304,1,2
1589,305,1,2
1589,306,1,2
1589,307,1,2
1589,308,1,2
1589,309,1,2
1589,310,1,2
1589,311,1,2
1589,312,1,2
1589,313,1,2
1589,314,1,2
1589,315,1,2
1589,316,1,2
1589,317,1,2
1589,318,1,2
1589,319,1,2
1589,320,1,2
1589,321,1,2
1589,322,1,2
1589,323,1,2
1589,324,1,2
1589,325,1,2
1589,326,1,2
1589,327,1,2
1589,328,1,2
1589,329,1,2
1589,330,1,2
1589,331,1,2
1589,332,1,2
1589,333,1,2
1589,334,1,2
1589,335,1,2
1589,336,1,2
1589,337,1,2
1589,338,1,2
1589,339,1,2
1589,340,1,2
1589,341,1,2
1589,342,1,2
1589,343,1,2
1589,344,1,2
1589,345,1,2
1589,346,1,2
1589,347,1,2
1589,348,1,2
1589,349,1,2
1589,350,1,2
1589,351,1,2
1589,352,1,2
1589,353,1,2
1589,354,1,2
1589,355,1,2
1589,356,1,2
1589,357,1,2
1589,358,1,2
1589,359,1,2
1589,360,1,2
1589,361,1,2
1589,362,1,2
1589,363,1,2
1589,364,1,2
1589,365,1,2
1589,366,1,2
1589,367,1,2
1589,368,1,2
1589,369,1,2
1589,370,1,2
1589,371,1,2
1589,372,1,2
1589,373,1,2
1589,374,1,2
1589,375,1,2
1589,376,1,2
1589,377,1,2
1589,378,1,2
1589,379,1,2
1589,380,1,2
1589,381,1,2
1589,382,1,2
1589,383,1,2
1589,384,1,2
1589,385,1,2
1589,386,1,2
1589,387,1,2
1589,388,1,2
1589,389,1,2
1589,390,1,2
1589,391,1,2
1589,392,1,2
1589,393,1,2
1589,394,1,2
1589,395,1,2
1589,396,1,2
1589,397,1,2
1589,398,1,2
1589,399,1,2
1589,400,1,2
1589,401,1,2
1589,402,1,3
1589,403,1,3
1589,404,1,3
1589,405,1,3
1589,406,1,3
1589,407,1,3
1589,408,1,3
1589,409,1,3
1589,410,1,3
1589,411,1,3
1589,412,1,3
1589,413,1,3
1589,414,1,3
1589,415,1,3
1589,416,1,3
1589,417,1,3
1589,418,1,3
1589,419,1,3
1589,420,1,3
1589,421,1,3
1589,422,1,3
1589,423,1,3
1589,424,1,3
1589,425,1,3
1589,426,1,3
1589,427,1,3
1589,428,1,3
1589,429,1,3
1589,430,1,3
1589,431,1,3
1589,432,1,3
1589,433,1,3
1589,434,1,3
1589,435,1,3
1589,436,1,3
1589,437,1,3
1589,438,1,3
1589,439,1,3
1589,440,1,3
1589,441,1,3
1589,442,1,3
1589,443,1,3
1589,444,1,3
1589,445,1,3
1589,446,1,3
1589,447,1,3
1589,448,1,3
1589,449,1,3
1589,450,1,3
1589,451,1,3
1589,452,1,3
1589,453,1,3
1589,454,1,3
1589,455,1,3
1589,456,1,3
1589,457,1,3
1589,458,1,3
1589,459,1,3
1589,460,1,3
1589,461,1,3
1589,462,1,3
1589,463,1,3
1589,464,1,3
1589,465,1,3
1589,466,1,3
1589,467,1,3
1589,468,1,3
1590,105,1,3
1590,106,1,3
1590,107,1,3
1590,108,1,3
1590,109,1,3
1590,110,1,3
1590,111,1,3
1590,112,1,3
1590,113,1,3
1590,114,1,3
1590,115,1,3
1590,116,1,3
1590,117,1,3
1590,118,1,3
1590,119,1,3
1590,120,1,3
1590,121,1,3
1590,122,1,3
1590,123,1,3
1590,124,1,3
1590,125,1,3
1590,126,1,3
1590,127,1,3
1590,128,1,3
1590,129,1,3
1590,130,1,3
1590,131,1,3
1590,132,1,3
1590,133,1,3
1590,134,1,3
1590,135,1,3
1590,136,1,3
1590,137,1,3
1590,138,1,3
1590,139,1,3
1590,140,1,3
1590,141,1,3
1590,142,1,3
1590,143,1,3
1590,144,1,3
1590,145,1,3
1590,146,1,2
1590,147,1,2
1590,148,1,2
1590,149,1,2
1590,150,1,2
1590,151,1,2
1590,152,1,2
1590,153,1,2
1590,154,1,2
1590,155,1,2
1590,156,1,2
1590,157,1,2
1590,158,1,2
1590,159,1,2
1590,160,1,2
1590,161,1,2
1590,162,1,2
1590,163,1,2
1590,164,1,2
1590,165,1,2
1590,166,1,2
1590,167,1,2
1590,168,1,2
1590,169,1,2
1590,170,1,2
1590,171,1,2
1590,172,1,2
1590,173,1,2
1590,174,1,2
1590,175,1,2
1590,176,1,2
1590,177,1,2
1590,178,1,2
1590,179,1,2
1590,180,1,2
1590,181,1,2
1590,182,1,2
1590,183,1,2
1590,184,1,2
1590,185,1,2
1590,186,1,2
1590,187,1,2
1590,188,1,2
1590,189,1,2
1590,190,1,2
1590,191,1,2
1590,192,1,2
1590,193,1,2
1590,194,1,2
1590,195,1,2
1590,196,1,2
1590,197,1,2
1590,198,1,2
1590,199,1,2
1590,200,1,2
1590,201,1,2
1590,202,1,2
1590,203,1,2
1590,204,1,2
1590,205,1,2
1590,206,1,2
1590,207,1,2
1590,208,1,2
1590,209,1,2
1590,210,1,2
1590,211,1,2
1590,212,1,2
1590,213,1,2
1590,214,1,2
1590,215,1,2
1590,216,1,2
1590,217,1,2
1590,218,1,2
1590,219,1,2
1590,220,1,2
1590,221,1,2
1590,222,1,2
1590,223,1,2
1590,224,1,2
1590,225,1,2
1590,226,1,2
1590,227,1,2
1590,228,1,2
1590,229,1,2
1590,230,1,2
1590,231,1,2
1590,232,1,2
1590,233,1,2
1590,234,1,2
1590,235,1,2
1590,236,1,2
1590,237,1,2
1590,238,1,2
1590,239,1,2
1590,240,1,2
1590,241,1,2
1590,242,1,2
1590,243,1,2
1590,244,1,2
1590,245,1,2
1590,246,1,2
1590,247,1,2
1590,248,1,2
1590,249,1,2
1590,250,1,2
1590,251,1,2
1590,252,1,2
1590,253,1,2
1590,254,1,2
1590,255,1,2
1590,256,1,2
1590,257,1,2
1590,258,1,2
1590,259,1,2
1590,260,1,2
1590,261,1,2
1590,262,1,2
1590,263,1,2
1590,264,1,2
1590,265,1,2
1590,266,1,2
1590,267,1,2
1590,268,1,2
1590,269,1,2
1590,270,1,2
1590,271,1,2
1590,272,1,2
1590,273,1,2
1590,274,1,2
1590,275,1,2
1590,276,1,2
1590,277,1,2
1590,278,1,2
1590,279,1,2
1590,280,1,2
1590,281,1,2
1590,282,1,2
1590,283,1,2
1590,284,1,2
1590,285,1,2
1590,286,1,2
1590,287,1,2
1590,288,1,2
1590,289,1,2
1590,290,1,2
1590,291,1,2
1590,292,1,2
1590,293,1,2
1590,294,1,2
1590,295,1,2
1590,296,1,2
1590,297,1,2
1590,298,1,2
1590,299,1,2
1590,300,1,2
1590,301,1,2
1590,302,1,2
1590,303,1,2
1590,304,1,2
1590,305,1,2
1590,306,1,2
1590,307,1,2
1590,308,1,2
1590,309,1,2
1590,310,1,2
1590,311,1,2
1590,312,1,2
1590,313,1,2
1590,314,1,2
1590,315,1,2
1590,316,1,2
1590,317,1,2
1590,318,1,2
1590,319,1,2
1590,320,1,2
1590,321,1,2
1590,322,1,2
1590,323,1,2
1590,324,1,2
1590,325,1,2
1590,326,1,2
1590,327,1,2
1590,328,1,2
1590,329,1,2
1590,330,1,2
1590,331,1,2
1590,332,1,2
1590,333,1,2
1590,334,1,2
1590,335,1,2
1590,336,1,2
1590,337,1,2
1590,338,1,2
1590,339,1,2
1590,340,1,2
1590,341,1,2
1590,342,1,2
1590,343,1,2
1590,344,1,2
1590,345,1,2
1590,346,1,2
1590,347,1,2
1590,348,1,2
1590,349,1,2
1590,350,1,2
1590,351,1,2
1590,352,1,2
1590,353,1,2
1590,354,1,2
1590,355,1,2
1590,356,1,2
1590,357,1,2
1590,358,1,2
1590,359,1,2
1590,360,1,2
1590,361,1,2
1590,362,1,2
1590,363,1,2
1590,364,1,2
1590,365,1,2
1590,366,1,2
1590,367,1,2
1590,368,1,2
1590,369,1,2
1590,370,1,2
1590,371,1,2
1590,372,1,2
1590,373,1,2
1590,374,1,2
1590,375,1,2
1590,376,1,2
1590,377,1,2
1590,378,1,2
1590,379,1,2
1590,380,1,2
1590,381,1,2
1590,382,1,2
1590,383,1,2
1590,384,1,2
1590,385,1,2
1590,386,1,2
1590,387,1,2
1590,388,1,2
1590,389,1,2
1590,390,1,2
1590,391,1,2
1590,392,1,2
1590,393,1,2
1590,394,1,2
1590,395,1,2
1590,396,1,2
1590,397,1,2
1590,398,1,2
1590,399,1,2
1590,400,1,2
1590,401,1,3
1590,402,1,3
1590,403,1,3
1590,404,1,3
1590,405,1,3
1590,406,1,3
1590,407,1,3
1590,408,1,3
1590,409,1,3
1590,410,1,3
1590,411,1,3
1590,412,1,3
1590,413,1,3
1590,414,1,3
1590,415,1,3
1590,416,1,3
1590,417,1,3
1590,418,1,3
1590,419,1,3
1590,420,1,3
1590,421,1,3
1590,422,1,3
1590,423,1,3
1590,424,1,3
1590,425,1,3
1590,426,1,3
1590,427,1,3
1590,428,1,3
1590,429,1,3
1590,430,1,3
1590,431,1,3
1590,432,1,3
1590,433,1,3
1590,434,1,3
1590,435,1,3
1590,436,1,3
1590,437,1,3
1590,438,1,3
1590,439,1,3
1590,440,1,3
1590,441,1,3
1590,442,1,3
1590,443,1,3
1590,444,1,3
1590,445,1,3
1590,446,1,3
1590,447,1,3
1590,448,1,3
1590,449,1,3
1590,450,1,3
1590,451,1,3
1590,452,1,3
1590,453,1,3
1590,454,1,3
1590,455,1,3
1590,456,1,3
1590,457,1,3
1590,458,1,3
1590,459,1,3
1590,460,1,3
1590,461,1,3
1590,462,1,3
1590,463,1,3
1590,464,1,3
1590,465,1,3
1590,466,1,3
1590,467,1,3
1590,468,1,3
1591,105,1,2
1591,106,1,3
1591,107,1,3
1591,108,1,3
1591,109,1,3
1591,110,1,3
1591,111,1,3
1591,112,1,3
1591,113,1,3
1591,114,1,3
1591,115,1,3
1591,116,1,3
1591,117,1,3
1591,118,1,3
1591,119,1,3
1591,120,1,3
1591,121,1,3
1591,122,1,3
1591,123,1,3
1591,124,1,3
1591,125,1,3
1591,126,1,3
1591,127,1,3
1591,128,1,3
1591,129,1,3
1591,130,1,3
1591,131,1,3
1591,132,1,3
1591,133,1,3
1591,134,1,3
1591,135,1,3
1591,136,1,3
1591,137,1,3
1591,138,1,3
1591,139,1,3
1591,140,1,3
1591,141,1,3
1591,142,1,3
1591,143,1,3
1591,144,1,3
1591,145,1,2
1591,146,1,2
1591,147,1,2
1591,148,1,2
1591,149,1,2
1591,150,1,2
1591,151,1,2
1591,152,1,2
1591,153,1,2
1591,154,1,2
1591,155,1,2
1591,156,1,2
1591,157,1,2
1591,158,1,2
1591,159,1,2
1591,160,1,2
1591,161,1,2
1591,162,1,2
1591,163,1,2
1591,164,1,2
1591,165,1,2
1591,166,1,2
1591,167,1,2
1591,168,1,2
1591,169,1,2
1591,170,1,2
1591,171,1,2
1591,172,1,2
1591,173,1,2
1591,174,1,2
1591,175,1,2
1591,176,1,2
1591,177,1,2
1591,178,1,2
1591,179,1,2
1591,180,1,2
1591,181,1,2
1591,182,1,2
1591,183,1,2
1591,184,1,2
1591,185,1,2
1591,186,1,2
1591,187,1,2
1591,188,1,2
1591,189,1,2
1591,190,1,2
1591,191,1,2
1591,192,1,2
1591,193,1,2
1591,194,1,2
1591,195,1,2
1591,196,1,2
1591,197,1,2
1591,198,1,2
1591,199,1,2
1591,200,1,2
1591,201,1,2
1591,202,1,2
1591,203,1,2
1591,204,1,2
1591,205,1,2
1591,206,1,2
1591,207,1,2
1591,208,1,2
1591,209,1,2
1591,210,1,2
1591,211,1,2
1591,212,1,2
1591,213,1,2
1591,214,1,2
1591,215,1,2
1591,216,1,2
1591,217,1,2
1591,218,1,2
1591,219,1,2
1591,220,1,2
1591,221,1,2
1591,222,1,2
1591,223,1,2
1591,224,1,2
1591,225,1,2
1591,226,1,2
1591,227,1,2
1591,228,1,2
1591,229,1,2
1591,230,1,2
1591,231,1,2
1591,232,1,2
1591,233,1,2
1591,234,1,2
1591,235,1,2
1591,236,1,2
1591,237,1,2
1591,238,1,2
1591,239,1,2
1591,240,1,2
1591,241,1,2
1591,242,1,2
1591,243,1,2
1591,244,1,2
1591,245,1,2
1591,246,1,2
1591,247,1,2
1591,248,1,2
1591,249,1,2
1591,250,1,2
1591,251,1,2
1591,252,1,2
1591,253,1,2
1591,254,1,2
1591,255,1,2
1591,256,1,2
1591,257,1,2
1591,258,1,2
1591,259,1,2
1591,260,1,2
1591,261,1,2
1591,262,1,2
1591,263,1,2
1591,264,1,2
1591,265,1,2
1591,266,1,2
1591,267,1,2
1591,268,1,2
1591,269,1,2
1591,270,1,2
1591,271,1,2
1591,272,1,2
1591,273,1,2
1591,274,1,2
1591,275,1,2
1591,276,1,2
1591,277,1,2
1591,278,1,2
1591,279,1,2
1591,280,1,2
1591,281,1,2
1591,282,1,2
1591,283,1,2
1591,284,1,2
1591,285,1,2
1591,286,1,2
1591,287,1,2
1591,288,1,2
1591,289,1,2
1591,290,1,2
1591,291,1,2
1591,292,1,2
1591,293,1,2
1591,294,1,2
1591,295,1,2
1591,296,1,2
1591,297,1,2
1591,298,1,2
1591,299,1,2
1591,300,1,2
1591,301,1,2
1591,302,1,2
1591,303,1,2
1591,304,1,2
1591,305,1,2
1591,306,1,2
1591,307,1,2
1591,308,1,2
1591,309,1,2
1591,310,1,2
1591,311,1,2
1591,312,1,2
1591,313,1,2
1591,314,1,2
1591,315,1,2
1591,316,1,2
1591,317,1,2
1591,318,1,2
1591,319,1,2
1591,320,1,2
1591,321,1,2
1591,322,1,2
1591,323,1,2
1591,324,1,2
1591,325,1,2
1591,326,1,2
1591,327,1,2
1591,328,1,2
1591,329,1,2
1591,330,1,2
1591,331,1,2
1591,332,1,2
1591,333,1,2
1591,334,1,2
1591,335,1,2
1591,336,1,2
1591,337,1,2
1591,338,1,2
1591,339,1,2
1591,340,1,2
1591,341,1,2
1591,342,1,2
1591,343,1,2
1591,344,1,2
1591,345,1,2
1591,346,1,2
1591,347,1,2
1591,348,1,2
1591,349,1,2
1591,350,1,2
1591,351,1,2
1591,352,1,2
1591,353,1,2
1591,354,1,2
1591,355,1,2
1591,356,1,2
1591,357,1,2
1591,358,1,2
1591,359,1,2
1591,360,1,2
1591,361,1,2
1591,362,1,2
1591,363,1,2
1591,364,1,2
1591,365,1,2
1591,366,1,2
1591,367,1,2
1591,368,1,2
1591,369,1,2
1591,370,1,2
1591,371,1,2
1591,372,1,2
1591,373,1,2
1591,374,1,2
1591,375,1,2
1591,376,1,2
1591,377,1,2
1591,378,1,2
1591,379,1,2
1591,380,1,2
1591,381,1,2
1591,382,1,2
1591,383,1,2
1591,384,1,2
1591,385,1,2
1591,386,1,2
1591,387,1,2
1591,388,1,2
1591,389,1,2
1591,390,1,2
1591,391,1,2
1591,392,1,2
1591,393,1,2
1591,394,1,2
1591,395,1,2
1591,396,1,2
1591,397,1,2
1591,398,1,2
1591,399,1,3
1591,400,1,3
1591,401,1,3
1591,402,1,3
1591,403,1,3
1591,404,1,3
1591,405,1,3
1591,406,1,3
1591,407,1,3
1591,408,1,3
1591,409,1,3
1591,410,1,3
1591,411,1,3
1591,412,1,3
1591,413,1,3
1591,414,1,3
1591,415,1,3
1591,416,1,3
1591,417,1,3
1591,418,1,3
1591,419,1,3
1591,420,1,3
1591,421,1,3
1591,422,1,3
1591,423,1,3
1591,424,1,3
1591,425,1,3
1591,426,1,3
1591,427,1,3
1591,428,1,3
1591,429,1,3
1591,430,1,3
1591,431,1,3
1591,432,1,3
1591,433,1,3
1591,434,1,3
1591,435,1,3
1591,436,1,3
1591,437,1,3
1591,438,1,3
1591,439,1,3
1591,440,1,3
1591,441,1,3
1591,442,1,3
1591,443,1,3
1591,444,1,3
1591,445,1,3
1591,446,1,3
1591,447,1,3
1591,448,1,3
1591,449,1,3
1591,450,1,3
1591,451,1,3
1591,452,1,3
1591,453,1,3
1591,454,1,3
1591,455,1,3
1591,456,1,3
1591,457,1,3
1591,458,1,3
1591,459,1,3
1591,460,1,3
1591,461,1,3
1591,462,1,3
1591,463,1,3
1591,464,1,3
1591,465,1,3
1591,466,1,3
1591,467,1,3
1591,468,1,3
1591,469,1,3
1592,106,1,3
1592,107,1,3
1592,108,1,3
1592,109,1,3
1592,110,1,3
1592,111,1,3
1592,112,1,3
1592,113,1,3
1592,114,1,3
1592,115,1,3
1592,116,1,3
1592,117,1,3
1592,118,1,3
1592,119,1,3
1592,120,1,3
1592,121,1,3
1592,122,1,3
1592,123,1,3
1592,124,1,3
1592,125,1,3
1592,126,1,3
1592,127,1,3
1592,128,1,3
1592,129,1,3
1592,130,1,3
1592,131,1,3
1592,132,1,3
1592,133,1,3
1592,134,1,3
1592,135,1,3
1592,136,1,3
1592,137,1,3
1592,138,1,3
1592,139,1,3
1592,140,1,3
1592,141,1,3
1592,142,1,3
1592,143,1,3
1592,144,1,3
1592,145,1,2
1592,146,1,2
1592,147,1,2
1592,148,1,2
1592,149,1,2
1592,150,1,2
1592,151,1,2
1592,152,1,2
1592,153,1,2
1592,154,1,2
1592,155,1,2
1592,156,1,2
1592,157,1,2
1592,158,1,2
1592,159,1,2
1592,160,1,2
1592,161,1,2
1592,162,1,2
1592,163,1,2
1592,164,1,2
1592,165,1,2
1592,166,1,2
1592,167,1,2
1592,168,1,2
1592,169,1,2
1592,170,1,2
1592,171,1,2
1592,172,1,2
1592,173,1,2
1592,174,1,2
1592,175,1,2
1592,176,1,2
1592,177,1,2
1592,178,1,2
1592,179,1,2
1592,180,1,2
1592,181,1,2
1592,182,1,2
1592,183,1,2
1592,184,1,2
1592,185,1,2
1592,186,1,2
1592,187,1,2
1592,188,1,2
1592,189,1,2
1592,190,1,2
1592,191,1,2
1592,192,1,2
1592,193,1,2
1592,194,1,2
1592,195,1,2
1592,196,1,2
1592,197,1,2
1592,198,1,2
1592,199,1,2
1592,200,1,2
1592,201,1,2
1592,202,1,2
1592,203,1,2
1592,204,1,2
1592,205,1,2
1592,206,1,2
1592,207,1,2
1592,208,1,2
1592,209,1,2
1592,210,1,2
1592,211,1,2
1592,212,1,2
1592,213,1,2
1592,214,1,2
1592,215,1,2
1592,216,1,2
1592,217,1,2
1592,218,1,2
1592,219,1,2
1592,220,1,2
1592,221,1,2
1592,222,1,2
1592,223,1,2
1592,224,1,2
1592,225,1,2
1592,226,1,2
1592,227,1,2
1592,228,1,2
1592,229,1,2
1592,230,1,2
1592,231,1,2
1592,232,1,2
1592,233,1,2
1592,234,1,2
1592,235,1,2
1592,236,1,2
1592,237,1,2
1592,238,1,2
1592,239,1,2
1592,240,1,2
1592,241,1,2
1592,242,1,2
1592,243,1,2
1592,244,1,2
1592,245,1,2
1592,246,1,2
1592,247,1,2
1592,248,1,2
1592,249,1,2
1592,250,1,2
1592,251,1,2
1592,252,1,2
1592,253,1,2
1592,254,1,2
1592,255,1,2
1592,256,1,2
1592,257,1,2
1592,258,1,2
1592,259,1,2
1592,260,1,2
1592,261,1,2
1592,262,1,2
1592,263,1,2
1592,264,1,2
1592,265,1,2
1592,266,1,2
1592,267,1,2
1592,268,1,2
1592,269,1,2
1592,270,1,2
1592,271,1,2
1592,272,1,2
1592,273,1,2
1592,274,1,2
1592,275,1,2
1592,276,1,2
1592,277,1,2
1592,278,1,2
1592,279,1,2
1592,280,1,2
1592,281,1,2
1592,282,1,2
1592,283,1,2
1592,284,1,2
1592,285,1,2
1592,286,1,2
1592,287,1,2
1592,288,1,2
1592,289,1,2
1592,290,1,2
1592,291,1,2
1592,292,1,2
1592,293,1,2
1592,294,1,2
1592,295,1,2
1592,296,1,2
1592,297,1,2
1592,298,1,2
1592,299,1,2
1592,300,1,2
1592,301,1,2
1592,302,1,2
1592,303,1,2
1592,304,1,2
1592,305,1,2
1592,306,1,2
1592,307,1,2
1592,308,1,2
1592,309,1,2
1592,310,1,2
1592,311,1,2
1592,312,1,2
1592,313,1,2
1592,314,1,2
1592,315,1,2
1592,316,1,2
1592,317,1,2
1592,318,1,2
1592,319,1,2
1592,320,1,2
1592,321,1,2
1592,322,1,2
1592,323,1,2
1592,324,1,2
1592,325,1,2
1592,326,1,2
1592,327,1,2
1592,328,1,2
1592,329,1,2
1592,330,1,2
1592,331,1,2
1592,332,1,2
1592,333,1,2
1592,334,1,2
1592,335,1,2
1592,336,1,2
1592,337,1,2
1592,338,1,2
1592,339,1,2
1592,340,1,2
1592,341,1,2
1592,342,1,2
1592,343,1,2
1592,344,1,2
1592,345,1,2
1592,346,1,2
1592,347,1,2
1592,348,1,2
1592,349,1,2
1592,350,1,2
1592,351,1,2
1592,352,1,2
1592,353,1,2
1592,354,1,2
1592,355,1,2
1592,356,1,2
1592,357,1,2
1592,358,1,2
1592,359,1,2
1592,360,1,2
1592,361,1,2
1592,362,1,2
1592,363,1,2
1592,364,1,2
1592,365,1,2
1592,366,1,2
1592,367,1,2
1592,368,1,2
1592,369,1,2
1592,370,1,2
1592,371,1,2
1592,372,1,2
1592,373,1,2
1592,374,1,2
1592,375,1,2
1592,376,1,2
1592,377,1,2
1592,378,1,2
1592,379,1,2
1592,380,1,2
1592,381,1,2
1592,382,1,2
1592,383,1,2
1592,384,1,2
1592,385,1,2
1592,386,1,2
1592,387,1,2
1592,388,1,2
1592,389,1,2
1592,390,1,2
1592,391,1,2
1592,392,1,2
1592,393,1,2
1592,394,1,2
1592,395,1,2
1592,396,1,2
1592,397,1,2
1592,398,1,2
1592,399,1,3
1592,400,1,3
1592,401,1,3
1592,402,1,3
1592,403,1,3
1592,404,1,3
1592,405,1,3
1592,406,1,3
1592,407,1,3
1592,408,1,3
1592,409,1,3
1592,410,1,3
1592,411,1,3
1592,412,1,3
1592,413,1,3
1592,414,1,3
1592,415,1,3
1592,416,1,3
1592,417,1,3
1592,418,1,3
1592,419,1,3
1592,420,1,3
1592,421,1,3
1592,422,1,3
1592,423,1,3
1592,424,1,3
1592,425,1,3
1592,426,1,3
1592,427,1,3
1592,428,1,3
1592,429,1,3
1592,430,1,3
1592,431,1,3
1592,432,1,3
1592,433,1,3
1592,434,1,3
1592,435,1,3
1592,436,1,3
1592,437,1,3
1592,438,1,3
1592,439,1,3
1592,440,1,3
1592,441,1,3
1592,442,1,3
1592,443,1,3
1592,444,1,3
1592,445,1,3
1592,446,1,3
1592,447,1,3
1592,448,1,3
1592,449,1,3
1592,450,1,3
1592,451,1,3
1592,452,1,3
1592,453,1,3
1592,454,1,3
1592,455,1,3
1592,456,1,3
1592,457,1,3
1592,458,1,3
1592,459,1,3
1592,460,1,3
1592,461,1,3
1592,462,1,3
1592,463,1,3
1592,464,1,3
1592,465,1,3
1592,466,1,3
1592,467,1,3
1592,468,1,3
1592,469,1,3
1593,106,1,3
1593,107,1,3
1593,108,1,3
1593,109,1,3
1593,110,1,3
1593,111,1,3
1593,112,1,3
1593,113,1,3
1593,114,1,3
1593,115,1,3
1593,116,1,3
1593,117,1,3
1593,118,1,3
1593,119,1,3
1593,120,1,3
1593,121,1,3
1593,122,1,3
1593,123,1,3
1593,124,1,3
1593,125,1,3
1593,126,1,3
1593,127,1,3
1593,128,1,3
1593,129,1,3
1593,130,1,3
1593,131,1,3
1593,132,1,3
1593,133,1,3
1593,134,1,3
1593,135,1,3
1593,136,1,3
1593,137,1,3
1593,138,1,3
1593,139,1,3
1593,140,1,3
1593,141,1,3
1593,142,1,3
1593,143,1,3
1593,144,1,2
1593,145,1,2
1593,146,1,2
1593,147,1,2
1593,148,1,2
1593,149,1,2
1593,150,1,2
1593,151,1,2
1593,152,1,2
1593,153,1,2
1593,154,1,2
1593,155,1,2
1593,156,1,2
1593,157,1,2
1593,158,1,2
1593,159,1,2
1593,160,1,2
1593,161,1,2
1593,162,1,2
1593,163,1,2
1593,164,1,2
1593,165,1,2
1593,166,1,2
1593,167,1,2
1593,168,1,2
1593,169,1,2
1593,170,1,2
1593,171,1,2
1593,172,1,2
1593,173,1,2
1593,174,1,2
1593,175,1,2
1593,176,1,2
1593,177,1,2
1593,178,1,2
1593,179,1,2
1593,180,1,2
1593,181,1,2
1593,182,1,2
1593,183,1,2
1593,184,1,2
1593,185,1,2
1593,186,1,2
1593,187,1,2
1593,188,1,2
1593,189,1,2
1593,190,1,2
1593,191,1,2
1593,192,1,2
1593,193,1,2
1593,194,1,2
1593,195,1,2
1593,196,1,2
1593,197,1,2
1593,198,1,2
1593,199,1,2
1593,200,1,2
1593,201,1,2
1593,202,1,2
1593,203,1,2
1593,204,1,2
1593,205,1,2
1593,206,1,2
1593,207,1,2
1593,208,1,2
1593,209,1,2
1593,210,1,2
1593,211,1,2
1593,212,1,2
1593,213,1,2
1593,214,1,2
1593,215,1,2
1593,216,1,2
1593,217,1,2
1593,218,1,2
1593,219,1,2
1593,220,1,2
1593,221,1,2
1593,222,1,2
1593,223,1,2
1593,224,1,2
1593,225,1,2
1593,226,1,2
1593,227,1,2
1593,228,1,2
1593,229,1,2
1593,230,1,2
1593,231,1,2
1593,232,1,2
1593,233,1,2
1593,234,1,2
1593,235,1,2
1593,236,1,2
1593,237,1,2
1593,238,1,2
1593,239,1,2
1593,240,1,2
1593,241,1,2
1593,242,1,2
1593,243,1,2
1593,244,1,2
1593,245,1,2
1593,246,1,2
1593,247,1,2
1593,248,1,2
1593,249,1,2
1593,250,1,2
1593,251,1,2
1593,252,1,2
1593,253,1,2
1593,254,1,2
1593,255,1,2
1593,256,1,2
1593,257,1,2
1593,258,1,2
1593,259,1,2
1593,260,1,2
1593,261,1,2
1593,262,1,2
1593,263,1,2
1593,264,1,2
1593,265,1,2
1593,266,1,2
1593,267,1,2
1593,268,1,2
1593,269,1,2
1593,270,1,2
1593,271,1,2
1593,272,1,2
1593,273,1,2
1593,274,1,2
1593,275,1,2
1593,276,1,2
1593,277,1,2
1593,278,1,2
1593,279,1,2
1593,280,1,2
1593,281,1,2
1593,282,1,2
1593,283,1,2
1593,284,1,2
1593,285,1,2
1593,286,1,2
1593,287,1,2
1593,288,1,2
1593,289,1,2
1593,290,1,2
1593,291,1,2
1593,292,1,2
1593,293,1,2
1593,294,1,2
1593,295,1,2
1593,296,1,2
1593,297,1,2
1593,298,1,2
1593,299,1,2
1593,300,1,2
1593,301,1,2
1593,302,1,2
1593,303,1,2
1593,304,1,2
1593,305,1,2
1593,306,1,2
1593,307,1,2
1593,308,1,2
1593,309,1,2
1593,310,1,2
1593,311,1,2
1593,312,1,2
1593,313,1,2
1593,314,1,2
1593,315,1,2
1593,316,1,2
1593,317,1,2
1593,318,1,2
1593,319,1,2
1593,320,1,2
1593,321,1,2
1593,322,1,2
1593,323,1,2
1593,324,1,2
1593,325,1,2
1593,326,1,2
1593,327,1,2
1593,328,1,2
1593,329,1,2
1593,330,1,2
1593,331,1,2
1593,332,1,2
1593,333,1,2
1593,334,1,2
1593,335,1,2
1593,336,1,2
1593,337,1,2
1593,338,1,2
1593,339,1,2
1593,340,1,2
1593,341,1,2
1593,342,1,2
1593,343,1,2
1593,344,1,2
1593,345,1,2
1593,346,1,2
1593,347,1,2
1593,348,1,2
1593,349,1,2
1593,350,1,2
1593,351,1,2
1593,352,1,2
1593,353,1,2
1593,354,1,2
1593,355,1,2
1593,356,1,2
1593,357,1,2
1593,358,1,2
1593,359,1,2
1593,360,1,2
1593,361,1,2
1593,362,1,2
1593,363,1,2
1593,364,1,2
1593,365,1,2
1593,366,1,2
1593,367,1,2
1593,368,1,2
1593,369,1,2
1593,370,1,2
1593,371,1,2
1593,372,1,2
1593,373,1,2
1593,374,1,2
1593,375,1,2
1593,376,1,2
1593,377,1,2
1593,378,1,2
1593,379,1,2
1593,380,1,2
1593,381,1,2
1593,382,1,2
1593,383,1,2
1593,384,1,2
1593,385,1,2
1593,386,1,2
1593,387,1,2
1593,388,1,2
1593,389,1,2
1593,390,1,2
1593,391,1,2
1593,392,1,2
1593,393,1,2
1593,394,1,2
1593,395,1,2
1593,396,1,2
1593,397,1,2
1593,398,1,3
1593,399,1,3
1593,400,1,3
1593,401,1,3
1593,402,1,3
1593,403,1,3
1593,404,1,3
1593,405,1,3
1593,406,1,3
1593,407,1,3
1593,408,1,3
1593,409,1,3
1593,410,1,3
1593,411,1,3
1593,412,1,3
1593,413,1,3
1593,414,1,3
1593,415,1,3
1593,416,1,3
1593,417,1,3
1593,418,1,3
1593,419,1,3
1593,420,1,3
1593,421,1,3
1593,422,1,3
1593,423,1,3
1593,424,1,3
1593,425,1,3
1593,426,1,3
1593,427,1,3
1593,428,1,3
1593,429,1,3
1593,430,1,3
1593,431,1,3
1593,432,1,3
1593,433,1,3
1593,434,1,3
1593,435,1,3
1593,436,1,3
1593,437,1,3
1593,438,1,3
1593,439,1,3
1593,440,1,3
1593,441,1,3
1593,442,1,3
1593,443,1,3
1593,444,1,3
1593,445,1,3
1593,446,1,3
1593,447,1,3
1593,448,1,3
1593,449,1,3
1593,450,1,3
1593,451,1,3
1593,452,1,3
1593,453,1,3
1593,454,1,3
1593,455,1,3
1593,456,1,3
1593,457,1,3
1593,458,1,3
1593,459,1,3
1593,460,1,3
1593,461,1,3
1593,462,1,3
1593,463,1,3
1593,464,1,3
1593,465,1,3
1593,466,1,3
1593,467,1,3
1593,468,1,3
1593,469,1,3
1594,106,1,3
1594,107,1,3
1594,108,1,3
1594,109,1,3
1594,110,1,3
1594,111,1,3
1594,112,1,3
1594,113,1,3
1594,114,1,3
1594,115,1,3
1594,116,1,3
1594,117,1,3
1594,118,1,3
1594,119,1,3
1594,120,1,3
1594,121,1,3
1594,122,1,3
1594,123,1,3
1594,124,1,3
1594,125,1,3
1594,126,1,3
1594,127,1,3
1594,128,1,3
1594,129,1,3
1594,130,1,3
1594,131,1,3
1594,132,1,3
1594,133,1,3
1594,134,1,3
1594,135,1,3
1594,136,1,3
1594,137,1,3
1594,138,1,3
1594,139,1,3
1594,140,1,3
1594,141,1,3
1594,142,1,3
1594,143,1,3
1594,144,1,2
1594,145,1,2
1594,146,1,2
1594,147,1,2
1594,148,1,2
1594,149,1,2
1594,150,1,2
1594,151,1,2
1594,152,1,2
1594,153,1,2
1594,154,1,2
1594,155,1,2
1594,156,1,2
1594,157,1,2
1594,158,1,2
1594,159,1,2
1594,160,1,2
1594,161,1,2
1594,162,1,2
1594,163,1,2
1594,164,1,2
1594,165,1,2
1594,166,1,2
1594,167,1,2
1594,168,1,2
1594,169,1,2
1594,170,1,2
1594,171,1,2
1594,172,1,2
1594,173,1,2
1594,174,1,2
1594,175,1,2
1594,176,1,2
1594,177,1,2
1594,178,1,2
1594,179,1,2
1594,180,1,2
1594,181,1,2
1594,182,1,2
1594,183,1,2
1594,184,1,2
1594,185,1,2
1594,186,1,2
1594,187,1,2
1594,188,1,2
1594,189,1,2
1594,190,1,2
1594,191,1,2
1594,192,1,2
1594,193,1,2
1594,194,1,2
1594,195,1,2
1594,196,1,2
1594,197,1,2
1594,198,1,2
1594,199,1,2
1594,200,1,2
1594,201,1,2
1594,202,1,2
1594,203,1,2
1594,204,1,2
1594,205,1,2
1594,206,1,2
1594,207,1,2
1594,208,1,2
1594,209,1,2
1594,210,1,2
1594,211,1,2
1594,212,1,2
1594,213,1,2
1594,214,1,2
1594,215,1,2
1594,216,1,2
1594,217,1,2
1594,218,1,2
1594,219,1,2
1594,220,1,2
1594,221,1,2
1594,222,1,2
1594,223,1,2
1594,224,1,2
1594,225,1,2
1594,226,1,2
1594,227,1,2
1594,228,1,2
1594,229,1,2
1594,230,1,2
1594,231,1,2
1594,232,1,2
1594,233,1,2
1594,234,1,2
1594,235,1,2
1594,236,1,2
1594,237,1,2
1594,238,1,2
1594,239,1,2
1594,240,1,2
1594,241,1,2
1594,242,1,2
1594,243,1,2
1594,244,1,2
1594,245,1,2
1594,246,1,2
1594,247,1,2
1594,248,1,2
1594,249,1,2
1594,250,1,2
1594,251,1,2
1594,252,1,2
1594,253,1,2
1594,254,1,2
1594,255,1,2
1594,256,1,2
1594,257,1,2
1594,258,1,2
1594,259,1,2
1594,260,1,2
1594,261,1,2
1594,262,1,2
1594,263,1,2
1594,264,1,2
1594,265,1,2
1594,266,1,2
1594,267,1,2
1594,268,1,2
1594,269,1,2
1594,270,1,2
1594,271,1,2
1594,272,1,2
1594,273,1,2
1594,274,1,2
1594,275,1,2
1594,276,1,2
1594,277,1,2
1594,278,1,2
1594,279,1,2
1594,280,1,2
1594,281,1,2
1594,282,1,2
1594,283,1,2
1594,284,1,2
1594,285,1,2
1594,286,1,2
1594,287,1,2
1594,288,1,2
1594,289,1,2
1594,290,1,2
1594,291,1,2
1594,292,1,2
1594,293,1,2
1594,294,1,2
1594,295,1,2
1594,296,1,2
1594,297,1,2
1594,298,1,2
1594,299,1,2
1594,300,1,2
1594,301,1,2
1594,302,1,2
1594,303,1,2
1594,304,1,2
1594,305,1,2
1594,306,1,2
1594,307,1,2
1594,308,1,2
1594,309,1,2
1594,310,1,2
1594,311,1,2
1594,312,1,2
1594,313,1,2
1594,314,1,2
1594,315,1,2
1594,316,1,2
1594,317,1,2
1594,318,1,2
1594,319,1,2
1594,320,1,2
1594,321,1,2
1594,322,1,2
1594,323,1,2
1594,324,1,2
1594,325,1,2
1594,326,1,2
1594,327,1,2
1594,328,1,2
1594,329,1,2
1594,330,1,2
1594,331,1,2
1594,332,1,2
1594,333,1,2
1594,334,1,2
1594,335,1,2
1594,336,1,2
1594,337,1,2
1594,338,1,2
1594,339,1,2
1594,340,1,2
1594,341,1,2
1594,342,1,2
1594,343,1,2
1594,344,1,2
1594,345,1,2
1594,346,1,2
1594,347,1,2
1594,348,1,2
1594,349,1,2
1594,350,1,2
1594,351,1,2
1594,352,1,2
1594,353,1,2
1594,354,1,2
1594,355,1,2
1594,356,1,2
1594,357,1,2
1594,358,1,2
1594,359,1,2
1594,360,1,2
1594,361,1,2
1594,362,1,2
1594,363,1,2
1594,364,1,2
1594,365,1,2
1594,366,1,2
1594,367,1,2
1594,368,1,2
1594,369,1,2
1594,370,1,2
1594,371,1,2
1594,372,1,2
1594,373,1,2
1594,374,1,2
1594,375,1,2
1594,376,1,2
1594,377,1,2
1594,378,1,2
1594,379,1,2
1594,380,1,2
1594,381,1,2
1594,382,1,2
1594,383,1,2
1594,384,1,2
1594,385,1,2
1594,386,1,2
1594,387,1,2
1594,388,1,2
1594,389,1,2
1594,390,1,2
1594,391,1,2
1594,392,1,2
1594,393,1,2
1594,394,1,2
1594,395,1,2
1594,396,1,2
1594,397,1,3
1594,398,1,3
1594,399,1,3
1594,400,1,3
1594,401,1,3
1594,402,1,3
1594,403,1,3
1594,404,1,3
1594,405,1,3
1594,406,1,3
1594,407,1,3
1594,408,1,3
1594,409,1,3
1594,410,1,3
1594,411,1,3
1594,412,1,3
1594,413,1,3
1594,414,1,3
1594,415,1,3
1594,416,1,3
1594,417,1,3
1594,418,1,3
1594,419,1,3
1594,420,1,3
1594,421,1,3
1594,422,1,3
1594,423,1,3
1594,424,1,3
1594,425,1,3
1594,426,1,3
1594,427,1,3
1594,428,1,3
1594,429,1,3
1594,430,1,3
1594,431,1,3
1594,432,1,3
1594,433,1,3
1594,434,1,3
1594,435,1,3
1594,436,1,3
1594,437,1,3
1594,438,1,3
1594,439,1,3
1594,440,1,3
1594,441,1,3
1594,442,1,3
1594,443,1,3
1594,444,1,3
1594,445,1,3
1594,446,1,3
1594,447,1,3
1594,448,1,3
1594,449,1,3
1594,450,1,3
1594,451,1,3
1594,452,1,3
1594,453,1,3
1594,454,1,3
1594,455,1,3
1594,456,1,3
1594,457,1,3
1594,458,1,3
1594,459,1,3
1594,460,1,3
1594,461,1,3
1594,462,1,3
1594,463,1,3
1594,464,1,3
1594,465,1,2
1594,466,1,3
1594,467,1,3
1594,468,1,3
1594,469,1,3
1595,107,1,3
1595,108,1,3
1595,109,1,3
1595,110,1,3
1595,111,1,3
1595,112,1,3
1595,113,1,3
1595,114,1,3
1595,115,1,3
1595,116,1,3
1595,117,1,3
1595,118,1,3
1595,119,1,3
1595,120,1,3
1595,121,1,3
1595,122,1,3
1595,123,1,3
1595,124,1,3
1595,125,1,3
1595,126,1,3
1595,127,1,3
1595,128,1,3
1595,129,1,3
1595,130,1,3
1595,131,1,3
1595,132,1,3
1595,133,1,3
1595,134,1,3
1595,135,1,3
1595,136,1,3
1595,137,1,3
1595,138,1,3
1595,139,1,3
1595,140,1,3
1595,141,1,3
1595,142,1,2
1595,143,1,2
1595,144,1,2
1595,145,1,2
1595,146,1,2
1595,147,1,2
1595,148,1,2
1595,149,1,2
1595,150,1,2
1595,151,1,2
1595,152,1,2
1595,153,1,2
1595,154,1,2
1595,155,1,2
1595,156,1,2
1595,157,1,2
1595,158,1,2
1595,159,1,2
1595,160,1,2
1595,161,1,2
1595,162,1,2
1595,163,1,2
1595,164,1,2
1595,165,1,2
1595,166,1,2
1595,167,1,2
1595,168,1,2
1595,169,1,2
1595,170,1,2
1595,171,1,2
1595,172,1,2
1595,173,1,2
1595,174,1,2
1595,175,1,2
1595,176,1,2
1595,177,1,2
1595,178,1,2
1595,179,1,2
1595,180,1,2
1595,181,1,2
1595,182,1,2
1595,183,1,2
1595,184,1,2
1595,185,1,2
1595,186,1,2
1595,187,1,2
1595,188,1,2
1595,189,1,2
1595,190,1,2
1595,191,1,2
1595,192,1,2
1595,193,1,2
1595,194,1,2
1595,195,1,2
1595,196,1,2
1595,197,1,2
1595,198,1,2
1595,199,1,2
1595,200,1,2
1595,201,1,2
1595,202,1,2
1595,203,1,2
1595,204,1,2
1595,205,1,2
1595,206,1,2
1595,207,1,2
1595,208,1,2
1595,209,1,2
1595,210,1,2
1595,211,1,2
1595,212,1,2
1595,213,1,2
1595,214,1,2
1595,215,1,2
1595,216,1,2
1595,217,1,2
1595,218,1,2
1595,219,1,2
1595,220,1,2
1595,221,1,2
1595,222,1,2
1595,223,1,2
1595,224,1,2
1595,225,1,2
1595,226,1,2
1595,227,1,2
1595,228,1,2
1595,229,1,2
1595,230,1,2
1595,231,1,2
1595,232,1,2
1595,233,1,2
1595,234,1,2
1595,235,1,2
1595,236,1,2
1595,237,1,2
1595,238,1,2
1595,239,1,2
1595,240,1,2
1595,241,1,2
1595,242,1,2
1595,243,1,2
1595,244,1,2
1595,245,1,2
1595,246,1,2
1595,247,1,2
1595,248,1,2
1595,249,1,2
1595,250,1,2
1595,251,1,2
1595,252,1,2
1595,253,1,2
1595,254,1,2
1595,255,1,2
1595,256,1,2
1595,257,1,2
1595,258,1,2
1595,259,1,2
1595,260,1,2
1595,261,1,2
1595,262,1,2
1595,263,1,2
1595,264,1,2
1595,265,1,2
1595,266,1,2
1595,267,1,2
1595,268,1,2
1595,269,1,2
1595,270,1,2
1595,271,1,2
1595,272,1,2
1595,273,1,2
1595,274,1,2
1595,275,1,2
1595,276,1,2
1595,277,1,2
1595,278,1,2
1595,279,1,2
1595,280,1,2
1595,281,1,2
1595,282,1,2
1595,283,1,2
1595,284,1,2
1595,285,1,2
1595,286,1,2
1595,287,1,2
1595,288,1,2
1595,289,1,2
1595,290,1,2
1595,291,1,2
1595,292,1,2
1595,293,1,2
1595,294,1,2
1595,295,1,2
1595,296,1,2
1595,297,1,2
1595,298,1,2
1595,299,1,2
1595,300,1,2
1595,301,1,2
1595,302,1,2
1595,303,1,2
1595,304,1,2
1595,305,1,2
1595,306,1,2
1595,307,1,2
1595,308,1,2
1595,309,1,2
1595,310,1,2
1595,311,1,2
1595,312,1,2
1595,313,1,2
1595,314,1,2
1595,315,1,2
1595,316,1,2
1595,317,1,2
1595,318,1,2
1595,319,1,2
1595,320,1,2
1595,321,1,2
1595,322,1,2
1595,323,1,2
1595,324,1,2
1595,325,1,2
1595,326,1,2
1595,327,1,2
1595,328,1,2
1595,329,1,2
1595,330,1,2
1595,331,1,2
1595,332,1,2
1595,333,1,2
1595,334,1,2
1595,335,1,2
1595,336,1,2
1595,337,1,2
1595,338,1,2
1595,339,1,2
1595,340,1,2
1595,341,1,2
1595,342,1,2
1595,343,1,2
1595,344,1,2
1595,345,1,2
1595,346,1,2
1595,347,1,2
1595,348,1,2
1595,349,1,2
1595,350,1,2
1595,351,1,2
1595,352,1,2
1595,353,1,2
1595,354,1,2
1595,355,1,2
1595,356,1,2
1595,357,1,2
1595,358,1,2
1595,359,1,2
1595,360,1,2
1595,361,1,2
1595,362,1,2
1595,363,1,2
1595,364,1,2
1595,365,1,2
1595,366,1,2
1595,367,1,2
1595,368,1,2
1595,369,1,2
1595,370,1,2
1595,371,1,2
1595,372,1,2
1595,373,1,2
1595,374,1,2
1595,375,1,2
1595,376,1,2
1595,377,1,2
1595,378,1,2
1595,379,1,2
1595,380,1,2
1595,381,1,2
1595,382,1,2
1595,383,1,2
1595,384,1,2
1595,385,1,2
1595,386,1,2
1595,387,1,2
1595,388,1,2
1595,389,1,2
1595,390,1,2
1595,391,1,2
1595,392,1,2
1595,393,1,2
1595,394,1,2
1595,395,1,2
1595,396,1,3
1595,397,1,3
1595,398,1,3
1595,399,1,3
1595,400,1,3
1595,401,1,3
1595,402,1,3
1595,403,1,3
1595,404,1,3
1595,405,1,3
1595,406,1,3
1595,407,1,3
1595,408,1,3
1595,409,1,3
1595,410,1,3
1595,411,1,3
1595,412,1,3
1595,413,1,3
1595,414,1,3
1595,415,1,3
1595,416,1,3
1595,417,1,3
1595,418,1,3
1595,419,1,3
1595,420,1,3
1595,421,1,3
1595,422,1,3
1595,423,1,3
1595,424,1,3
1595,425,1,3
1595,426,1,3
1595,427,1,3
1595,428,1,3
1595,429,1,3
1595,430,1,3
1595,431,1,3
1595,432,1,3
1595,433,1,3
1595,434,1,3
1595,435,1,3
1595,436,1,3
1595,437,1,3
1595,438,1,3
1595,439,1,3
1595,440,1,3
1595,441,1,3
1595,442,1,3
1595,443,1,3
1595,444,1,3
1595,445,1,3
1595,446,1,3
1595,447,1,3
1595,448,1,3
1595,449,1,3
1595,450,1,3
1595,451,1,3
1595,452,1,3
1595,453,1,3
1595,454,1,3
1595,455,1,3
1595,456,1,3
1595,457,1,3
1595,458,1,3
1595,459,1,3
1595,460,1,3
1595,461,1,3
1595,462,1,3
1595,463,1,3
1595,464,1,3
1595,465,1,2
1595,466,1,2
1595,467,1,2
1595,468,1,2
1595,469,1,3
1596,107,1,3
1596,108,1,3
1596,109,1,3
1596,110,1,3
1596,111,1,3
1596,112,1,3
1596,113,1,3
1596,114,1,3
1596,115,1,3
1596,116,1,3
1596,117,1,3
1596,118,1,3
1596,119,1,3
1596,120,1,3
1596,121,1,3
1596,122,1,3
1596,123,1,3
1596,124,1,3
1596,125,1,3
1596,126,1,3
1596,127,1,3
1596,128,1,3
1596,129,1,3
1596,130,1,3
1596,131,1,3
1596,132,1,3
1596,133,1,3
1596,134,1,3
1596,135,1,3
1596,136,1,3
1596,137,1,3
1596,138,1,3
1596,139,1,3
1596,140,1,3
1596,141,1,3
1596,142,1,2
1596,143,1,2
1596,144,1,2
1596,145,1,2
1596,146,1,2
1596,147,1,2
1596,148,1,2
1596,149,1,2
1596,150,1,2
1596,151,1,2
1596,152,1,2
1596,153,1,2
1596,154,1,2
1596,155,1,2
1596,156,1,2
1596,157,1,2
1596,158,1,2
1596,159,1,2
1596,160,1,2
1596,161,1,2
1596,162,1,2
1596,163,1,2
1596,164,1,2
1596,165,1,2
1596,166,1,2
1596,167,1,2
1596,168,1,2
1596,169,1,2
1596,170,1,2
1596,171,1,2
1596,172,1,2
1596,173,1,2
1596,174,1,2
1596,175,1,2
1596,176,1,2
1596,177,1,2
1596,178,1,2
1596,179,1,2
1596,180,1,2
1596,181,1,2
1596,182,1,2
1596,183,1,2
1596,184,1,2
1596,185,1,2
1596,186,1,2
1596,187,1,2
1596,188,1,2
1596,189,1,2
1596,190,1,2
1596,191,1,2
1596,192,1,2
1596,193,1,2
1596,194,1,2
1596,195,1,2
1596,196,1,2
1596,197,1,2
1596,198,1,2
1596,199,1,2
1596,200,1,2
1596,201,1,2
1596,202,1,2
1596,203,1,2
1596,204,1,2
1596,205,1,2
1596,206,1,2
1596,207,1,2
1596,208,1,2
1596,209,1,2
1596,210,1,2
1596,211,1,2
1596,212,1,2
1596,213,1,2
1596,214,1,2
1596,215,1,2
1596,216,1,2
1596,217,1,2
1596,218,1,2
1596,219,1,2
1596,220,1,2
1596,221,1,2
1596,222,1,2
1596,223,1,2
1596,224,1,2
1596,225,1,2
1596,226,1,2
1596,227,1,2
1596,228,1,2
1596,229,1,2
1596,230,1,2
1596,231,1,2
1596,232,1,2
1596,233,1,2
1596,234,1,2
1596,235,1,2
1596,236,1,2
1596,237,1,2
1596,238,1,2
1596,239,1,2
1596,240,1,2
1596,241,1,2
1596,242,1,2
1596,243,1,2
1596,244,1,2
1596,245,1,2
1596,246,1,2
1596,247,1,2
1596,248,1,2
1596,249,1,2
1596,250,1,2
1596,251,1,2
1596,252,1,2
1596,253,1,2
1596,254,1,2
1596,255,1,2
1596,256,1,2
1596,257,1,2
1596,258,1,2
1596,259,1,2
1596,260,1,2
1596,261,1,2
1596,262,1,2
1596,263,1,2
1596,264,1,2
1596,265,1,2
1596,266,1,2
1596,267,1,2
1596,268,1,2
1596,269,1,2
1596,270,1,2
1596,271,1,2
1596,272,1,2
1596,273,1,2
1596,274,1,2
1596,275,1,2
1596,276,1,2
1596,277,1,2
1596,278,1,2
1596,279,1,2
1596,280,1,2
1596,281,1,2
1596,282,1,2
1596,283,1,2
1596,284,1,2
1596,285,1,2
1596,286,1,2
1596,287,1,2
1596,288,1,2
1596,289,1,2
1596,290,1,2
1596,291,1,2
1596,292,1,2
1596,293,1,2
1596,294,1,2
1596,295,1,2
1596,296,1,2
1596,297,1,2
1596,298,1,2
1596,299,1,2
1596,300,1,2
1596,301,1,2
1596,302,1,2
1596,303,1,2
1596,304,1,2
1596,305,1,2
1596,306,1,2
1596,307,1,2
1596,308,1,2
1596,309,1,2
1596,310,1,2
1596,311,1,2
1596,312,1,2
1596,313,1,2
1596,314,1,2
1596,315,1,2
1596,316,1,2
1596,317,1,2
1596,318,1,2
1596,319,1,2
1596,320,1,2
1596,321,1,2
1596,322,1,2
1596,323,1,2
1596,324,1,2
1596,325,1,2
1596,326,1,2
1596,327,1,2
1596,328,1,2
1596,329,1,2
1596,330,1,2
1596,331,1,2
1596,332,1,2
1596,333,1,2
1596,334,1,2
1596,335,1,2
1596,336,1,2
1596,337,1,2
1596,338,1,2
1596,339,1,2
1596,340,1,2
1596,341,1,2
1596,342,1,2
1596,343,1,2
1596,344,1,2
1596,345,1,2
1596,346,1,2
1596,347,1,2
1596,348,1,2
1596,349,1,2
1596,350,1,2
1596,351,1,2
1596,352,1,2
1596,353,1,2
1596,354,1,2
1596,355,1,2
1596,356,1,2
1596,357,1,2
1596,358,1,2
1596,359,1,2
1596,360,1,2
1596,361,1,2
1596,362,1,2
1596,363,1,2
1596,364,1,2
1596,365,1,2
1596,366,1,2
1596,367,1,2
1596,368,1,2
1596,369,1,2
1596,370,1,2
1596,371,1,2
1596,372,1,2
1596,373,1,2
1596,374,1,2
1596,375,1,2
1596,376,1,2
1596,377,1,2
1596,378,1,2
1596,379,1,2
1596,380,1,2
1596,381,1,2
1596,382,1,2
1596,383,1,2
1596,384,1,2
1596,385,1,2
1596,386,1,2
1596,387,1,2
1596,388,1,2
1596,389,1,2
1596,390,1,2
1596,391,1,2
1596,392,1,2
1596,393,1,2
1596,394,1,2
1596,395,1,2
1596,396,1,3
1596,397,1,3
1596,398,1,3
1596,399,1,3
1596,400,1,3
1596,401,1,3
1596,402,1,3
1596,403,1,3
1596,404,1,3
1596,405,1,3
1596,406,1,3
1596,407,1,3
1596,408,1,3
1596,409,1,3
1596,410,1,3
1596,411,1,3
1596,412,1,3
1596,413,1,3
1596,414,1,3
1596,415,1,3
1596,416,1,3
1596,417,1,3
1596,418,1,3
1596,419,1,3
1596,420,1,3
1596,421,1,3
1596,422,1,3
1596,423,1,3
1596,424,1,3
1596,425,1,3
1596,426,1,3
1596,427,1,3
1596,428,1,3
1596,429,1,3
1596,430,1,3
1596,431,1,3
1596,432,1,3
1596,433,1,3
1596,434,1,3
1596,435,1,3
1596,436,1,3
1596,437,1,3
1596,438,1,3
1596,439,1,3
1596,440,1,3
1596,441,1,3
1596,442,1,3
1596,443,1,3
1596,444,1,3
1596,445,1,3
1596,446,1,3
1596,447,1,3
1596,448,1,3
1596,449,1,3
1596,450,1,3
1596,451,1,3
1596,452,1,3
1596,453,1,3
1596,454,1,3
1596,455,1,3
1596,456,1,3
1596,457,1,3
1596,458,1,3
1596,459,1,3
1596,460,1,3
1596,461,1,3
1596,462,1,3
1596,463,1,3
1596,464,1,3
1596,465,1,2
1596,466,1,2
1596,467,1,2
1596,468,1,2
1596,469,1,2
1597,107,1,3
1597,108,1,3
1597,109,1,3
1597,110,1,3
1597,111,1,3
1597,112,1,3
1597,113,1,3
1597,114,1,3
1597,115,1,3
1597,116,1,3
1597,117,1,3
1597,118,1,3
1597,119,1,3
1597,120,1,3
1597,121,1,3
1597,122,1,3
1597,123,1,3
1597,124,1,3
1597,125,1,3
1597,126,1,3
1597,127,1,3
1597,128,1,3
1597,129,1,3
1597,130,1,3
1597,131,1,3
1597,132,1,3
1597,133,1,3
1597,134,1,3
1597,135,1,3
1597,136,1,3
1597,137,1,3
1597,138,1,3
1597,139,1,3
1597,140,1,3
1597,141,1,3
1597,142,1,2
1597,143,1,2
1597,144,1,2
1597,145,1,2
1597,146,1,2
1597,147,1,2
1597,148,1,2
1597,149,1,2
1597,150,1,2
1597,151,1,2
1597,152,1,2
1597,153,1,2
1597,154,1,2
1597,155,1,2
1597,156,1,2
1597,157,1,2
1597,158,1,2
1597,159,1,2
1597,160,1,2
1597,161,1,2
1597,162,1,2
1597,163,1,2
1597,164,1,2
1597,165,1,2
1597,166,1,2
1597,167,1,2
1597,168,1,2
1597,169,1,2
1597,170,1,2
1597,171,1,2
1597,172,1,2
1597,173,1,2
1597,174,1,2
1597,175,1,2
1597,176,1,2
1597,177,1,2
1597,178,1,2
1597,179,1,2
1597,180,1,2
1597,181,1,2
1597,182,1,2
1597,183,1,2
1597,184,1,2
1597,185,1,2
1597,186,1,2
1597,187,1,2
1597,188,1,2
1597,189,1,2
1597,190,1,2
1597,191,1,2
1597,192,1,2
1597,193,1,2
1597,194,1,2
1597,195,1,2
1597,196,1,2
1597,197,1,2
1597,198,1,2
1597,199,1,2
1597,200,1,2
1597,201,1,2
1597,202,1,2
1597,203,1,2
1597,204,1,2
1597,205,1,2
1597,206,1,2
1597,207,1,2
1597,208,1,2
1597,209,1,2
1597,210,1,2
1597,211,1,2
1597,212,1,2
1597,213,1,2
1597,214,1,2
1597,215,1,2
1597,216,1,2
1597,217,1,2
1597,218,1,2
1597,219,1,2
1597,220,1,2
1597,221,1,2
1597,222,1,2
1597,223,1,2
1597,224,1,2
1597,225,1,2
1597,226,1,2
1597,227,1,2
1597,228,1,2
1597,229,1,2
1597,230,1,2
1597,231,1,2
1597,232,1,2
1597,233,1,2
1597,234,1,2
1597,235,1,2
1597,236,1,2
1597,237,1,2
1597,238,1,2
1597,239,1,2
1597,240,1,2
1597,241,1,2
1597,242,1,2
1597,243,1,2
1597,244,1,2
1597,245,1,2
1597,246,1,2
1597,247,1,2
1597,248,1,2
1597,249,1,2
1597,250,1,2
1597,251,1,2
1597,252,1,2
1597,253,1,2
1597,254,1,2
1597,255,1,2
1597,256,1,2
1597,257,1,2
1597,258,1,2
1597,259,1,2
1597,260,1,2
1597,261,1,2
1597,262,1,2
1597,263,1,2
1597,264,1,2
1597,265,1,2
1597,266,1,2
1597,267,1,2
1597,268,1,2
1597,269,1,2
1597,270,1,2
1597,271,1,2
1597,272,1,2
1597,273,1,2
1597,274,1,2
1597,275,1,2
1597,276,1,2
1597,277,1,2
1597,278,1,2
1597,279,1,2
1597,280,1,2
1597,281,1,2
1597,282,1,2
1597,283,1,2
1597,284,1,2
1597,285,1,2
1597,286,1,2
1597,287,1,2
1597,288,1,2
1597,289,1,2
1597,290,1,2
1597,291,1,2
1597,292,1,2
1597,293,1,2
1597,294,1,2
1597,295,1,2
1597,296,1,2
1597,297,1,2
1597,298,1,2
1597,299,1,2
1597,300,1,2
1597,301,1,2
1597,302,1,2
1597,303,1,2
1597,304,1,2
1597,305,1,2
1597,306,1,2
1597,307,1,2
1597,308,1,2
1597,309,1,2
1597,310,1,2
1597,311,1,2
1597,312,1,2
1597,313,1,2
1597,314,1,2
1597,315,1,2
1597,316,1,2
1597,317,1,2
1597,318,1,2
1597,319,1,2
1597,320,1,2
1597,321,1,2
1597,322,1,2
1597,323,1,2
1597,324,1,2
1597,325,1,2
1597,326,1,2
1597,327,1,2
1597,328,1,2
1597,329,1,2
1597,330,1,2
1597,331,1,2
1597,332,1,2
1597,333,1,2
1597,334,1,2
1597,335,1,2
1597,336,1,2
1597,337,1,2
1597,338,1,2
1597,339,1,2
1597,340,1,2
1597,341,1,2
1597,342,1,2
1597,343,1,2
1597,344,1,2
1597,345,1,2
1597,346,1,2
1597,347,1,2
1597,348,1,2
1597,349,1,2
1597,350,1,2
1597,351,1,2
1597,352,1,2
1597,353,1,2
1597,354,1,2
1597,355,1,2
1597,356,1,2
1597,357,1,2
1597,358,1,2
1597,359,1,2
1597,360,1,2
1597,361,1,2
1597,362,1,2
1597,363,1,2
1597,364,1,2
1597,365,1,2
1597,366,1,2
1597,367,1,2
1597,368,1,2
1597,369,1,2
1597,370,1,2
1597,371,1,2
1597,372,1,2
1597,373,1,2
1597,374,1,2
1597,375,1,2
1597,376,1,2
1597,377,1,2
1597,378,1,2
1597,379,1,2
1597,380,1,2
1597,381,1,2
1597,382,1,2
1597,383,1,2
1597,384,1,2
1597,385,1,2
1597,386,1,2
1597,387,1,2
1597,388,1,2
1597,389,1,2
1597,390,1,2
1597,391,1,2
1597,392,1,2
1597,393,1,2
1597,394,1,2
1597,395,1,3
1597,396,1,3
1597,397,1,3
1597,398,1,3
1597,399,1,3
1597,400,1,3
1597,401,1,3
1597,402,1,3
1597,403,1,3
1597,404,1,3
1597,405,1,3
1597,406,1,3
1597,407,1,3
1597,408,1,3
1597,409,1,3
1597,410,1,3
1597,411,1,3
1597,412,1,3
1597,413,1,3
1597,414,1,3
1597,415,1,3
1597,416,1,3
1597,417,1,3
1597,418,1,3
1597,419,1,3
1597,420,1,3
1597,421,1,3
1597,422,1,3
1597,423,1,3
1597,424,1,3
1597,425,1,3
1597,426,1,3
1597,427,1,3
1597,428,1,3
1597,429,1,3
1597,430,1,2
1597,431,1,2
1597,432,1,2
1597,433,1,3
1597,434,1,3
1597,435,1,3
1597,436,1,3
1597,437,1,3
1597,438,1,3
1597,439,1,3
1597,440,1,3
1597,441,1,3
1597,442,1,3
1597,443,1,3
1597,444,1,3
1597,445,1,3
1597,446,1,3
1597,447,1,3
1597,448,1,3
1597,449,1,3
1597,450,1,3
1597,451,1,3
1597,452,1,3
1597,453,1,3
1597,454,1,3
1597,455,1,3
1597,456,1,3
1597,457,1,3
1597,458,1,3
1597,459,1,3
1597,460,1,3
1597,461,1,3
1597,462,1,3
1597,463,1,3
1597,464,1,2
1597,465,1,2
1597,466,1,2
1597,467,1,2
1597,468,1,2
1597,469,1,2
1597,470,1,3
1598,107,1,3
1598,108,1,3
1598,109,1,3
1598,110,1,3
1598,111,1,3
1598,112,1,3
1598,113,1,3
1598,114,1,3
1598,115,1,3
1598,116,1,3
1598,117,1,3
1598,118,1,3
1598,119,1,3
1598,120,1,3
1598,121,1,3
1598,122,1,3
1598,123,1,3
1598,124,1,3
1598,125,1,3
1598,126,1,3
1598,127,1,3
1598,128,1,3
1598,129,1,3
1598,130,1,3
1598,131,1,3
1598,132,1,3
1598,133,1,3
1598,134,1,3
1598,135,1,3
1598,136,1,3
1598,137,1,3
1598,138,1,3
1598,139,1,3
1598,140,1,3
1598,141,1,3
1598,142,1,2
1598,143,1,2
1598,144,1,2
1598,145,1,2
1598,146,1,2
1598,147,1,2
1598,148,1,2
1598,149,1,2
1598,150,1,2
1598,151,1,2
1598,152,1,2
1598,153,1,2
1598,154,1,2
1598,155,1,2
1598,156,1,2
1598,157,1,2
1598,158,1,2
1598,159,1,2
1598,160,1,2
1598,161,1,2
1598,162,1,2
1598,163,1,2
1598,164,1,2
1598,165,1,2
1598,166,1,2
1598,167,1,2
1598,168,1,2
1598,169,1,2
1598,170,1,2
1598,171,1,2
1598,172,1,2
1598,173,1,2
1598,174,1,2
1598,175,1,2
1598,176,1,2
1598,177,1,2
1598,178,1,2
1598,179,1,2
1598,180,1,2
1598,181,1,2
1598,182,1,2
1598,183,1,2
1598,184,1,2
1598,185,1,2
1598,186,1,2
1598,187,1,2
1598,188,1,2
1598,189,1,2
1598,190,1,2
1598,191,1,2
1598,192,1,2
1598,193,1,2
1598,194,1,2
1598,195,1,2
1598,196,1,2
1598,197,1,2
1598,198,1,2
1598,199,1,2
1598,200,1,2
1598,201,1,2
1598,202,1,2
1598,203,1,2
1598,204,1,2
1598,205,1,2
1598,206,1,2
1598,207,1,2
1598,208,1,2
1598,209,1,2
1598,210,1,2
1598,211,1,2
1598,212,1,2
1598,213,1,2
1598,214,1,2
1598,215,1,2
1598,216,1,2
1598,217,1,2
1598,218,1,2
1598,219,1,2
1598,220,1,2
1598,221,1,2
1598,222,1,2
1598,223,1,2
1598,224,1,2
1598,225,1,2
1598,226,1,2
1598,227,1,2
1598,228,1,2
1598,229,1,2
1598,230,1,2
1598,231,1,2
1598,232,1,2
1598,233,1,2
1598,234,1,2
1598,235,1,2
1598,236,1,2
1598,237,1,2
1598,238,1,2
1598,239,1,2
1598,240,1,2
1598,241,1,2
1598,242,1,2
1598,243,1,2
1598,244,1,2
1598,245,1,2
1598,246,1,2
1598,247,1,2
1598,248,1,2
1598,249,1,2
1598,250,1,2
1598,251,1,2
1598,252,1,2
1598,253,1,2
1598,254,1,2
1598,255,1,2
1598,256,1,2
1598,257,1,2
1598,258,1,2
1598,259,1,2
1598,260,1,2
1598,261,1,2
1598,262,1,2
1598,263,1,2
1598,264,1,2
1598,265,1,2
1598,266,1,2
1598,267,1,2
1598,268,1,2
1598,269,1,2
1598,270,1,2
1598,271,1,2
1598,272,1,2
1598,273,1,2
1598,274,1,2
1598,275,1,2
1598,276,1,2
1598,277,1,2
1598,278,1,2
1598,279,1,2
1598,280,1,2
1598,281,1,2
1598,282,1,2
1598,283,1,2
1598,284,1,2
1598,285,1,2
1598,286,1,2
1598,287,1,2
1598,288,1,2
1598,289,1,2
1598,290,1,2
1598,291,1,2
1598,292,1,2
1598,293,1,2
1598,294,1,2
1598,295,1,2
1598,296,1,2
1598,297,1,2
1598,298,1,2
1598,299,1,2
1598,300,1,2
1598,301,1,2
1598,302,1,2
1598,303,1,2
1598,304,1,2
1598,305,1,2
1598,306,1,2
1598,307,1,2
1598,308,1,2
1598,309,1,2
1598,310,1,2
1598,311,1,2
1598,312,1,2
1598,313,1,2
1598,314,1,2
1598,315,1,2
1598,316,1,2
1598,317,1,2
1598,318,1,2
1598,319,1,2
1598,320,1,2
1598,321,1,2
1598,322,1,2
1598,323,1,2
1598,324,1,2
1598,325,1,2
1598,326,1,2
1598,327,1,2
1598,328,1,2
1598,329,1,2
1598,330,1,2
1598,331,1,2
1598,332,1,2
1598,333,1,2
1598,334,1,2
1598,335,1,2
1598,336,1,2
1598,337,1,2
1598,338,1,2
1598,339,1,2
1598,340,1,2
1598,341,1,2
1598,342,1,2
1598,343,1,2
1598,344,1,2
1598,345,1,2
1598,346,1,2
1598,347,1,2
1598,348,1,2
1598,349,1,2
1598,350,1,2
1598,351,1,2
1598,352,1,2
1598,353,1,2
1598,354,1,2
1598,355,1,2
1598,356,1,2
1598,357,1,2
1598,358,1,2
1598,359,1,2
1598,360,1,2
1598,361,1,2
1598,362,1,2
1598,363,1,2
1598,364,1,2
1598,365,1,2
1598,366,1,2
1598,367,1,2
1598,368,1,2
1598,369,1,2
1598,370,1,2
1598,371,1,2
1598,372,1,2
1598,373,1,2
1598,374,1,2
1598,375,1,2
1598,376,1,2
1598,377,1,2
1598,378,1,2
1598,379,1,2
1598,380,1,2
1598,381,1,2
1598,382,1,2
1598,383,1,2
1598,384,1,2
1598,385,1,2
1598,386,1,2
1598,387,1,2
1598,388,1,2
1598,389,1,2
1598,390,1,2
1598,391,1,2
1598,392,1,2
1598,393,1,2
1598,394,1,3
1598,395,1,3
1598,396,1,3
1598,397,1,3
1598,398,1,3
1598,399,1,3
1598,400,1,3
1598,401,1,3
1598,402,1,3
1598,403,1,3
1598,404,1,3
1598,405,1,3
1598,406,1,3
1598,407,1,3
1598,408,1,3
1598,409,1,3
1598,410,1,3
1598,411,1,3
1598,412,1,3
1598,413,1,3
1598,414,1,3
1598,415,1,3
1598,416,1,3
1598,417,1,3
1598,418,1,3
1598,419,1,3
1598,420,1,3
1598,421,1,3
1598,422,1,3
1598,423,1,3
1598,424,1,3
1598,425,1,3
1598,426,1,3
1598,427,1,3
1598,428,1,3
1598,429,1,2
1598,430,1,2
1598,431,1,2
1598,432,1,2
1598,433,1,3
1598,434,1,3
1598,435,1,3
1598,436,1,3
1598,437,1,3
1598,438,1,3
1598,439,1,3
1598,440,1,3
1598,441,1,3
1598,442,1,3
1598,443,1,3
1598,444,1,3
1598,445,1,3
1598,446,1,3
1598,447,1,3
1598,448,1,3
1598,449,1,3
1598,450,1,3
1598,451,1,3
1598,452,1,3
1598,453,1,3
1598,454,1,3
1598,455,1,3
1598,456,1,3
1598,457,1,3
1598,458,1,3
1598,459,1,3
1598,460,1,3
1598,461,1,3
1598,462,1,3
1598,463,1,2
1598,464,1,2
1598,465,1,2
1598,466,1,2
1598,467,1,2
1598,468,1,2
1598,469,1,2
1598,470,1,3
1599,107,1,3
1599,108,1,3
1599,109,1,3
1599,110,1,3
1599,111,1,3
1599,112,1,3
1599,113,1,3
1599,114,1,3
1599,115,1,3
1599,116,1,3
1599,117,1,3
1599,118,1,3
1599,119,1,3
1599,120,1,3
1599,121,1,3
1599,122,1,3
1599,123,1,3
1599,124,1,3
1599,125,1,3
1599,126,1,3
1599,127,1,3
1599,128,1,3
1599,129,1,3
1599,130,1,3
1599,131,1,3
1599,132,1,3
1599,133,1,3
1599,134,1,3
1599,135,1,3
1599,136,1,3
1599,137,1,3
1599,138,1,3
1599,139,1,3
1599,140,1,3
1599,141,1,3
1599,142,1,2
1599,143,1,2
1599,144,1,2
1599,145,1,2
1599,146,1,2
1599,147,1,2
1599,148,1,2
1599,149,1,2
1599,150,1,2
1599,151,1,2
1599,152,1,2
1599,153,1,2
1599,154,1,2
1599,155,1,2
1599,156,1,2
1599,157,1,2
1599,158,1,2
1599,159,1,2
1599,160,1,2
1599,161,1,2
1599,162,1,2
1599,163,1,2
1599,164,1,2
1599,165,1,2
1599,166,1,2
1599,167,1,2
1599,168,1,2
1599,169,1,2
1599,170,1,2
1599,171,1,2
1599,172,1,2
1599,173,1,2
1599,174,1,2
1599,175,1,2
1599,176,1,2
1599,177,1,2
1599,178,1,2
1599,179,1,2
1599,180,1,2
1599,181,1,2
1599,182,1,2
1599,183,1,2
1599,184,1,2
1599,185,1,2
1599,186,1,2
1599,187,1,2
1599,188,1,2
1599,189,1,2
1599,190,1,2
1599,191,1,2
1599,192,1,2
1599,193,1,2
1599,194,1,2
1599,195,1,2
1599,196,1,2
1599,197,1,2
1599,198,1,2
1599,199,1,2
1599,200,1,2
1599,201,1,2
1599,202,1,2
1599,203,1,2
1599,204,1,2
1599,205,1,2
1599,206,1,2
1599,207,1,2
1599,208,1,2
1599,209,1,2
1599,210,1,2
1599,211,1,2
1599,212,1,2
1599,213,1,2
1599,214,1,2
1599,215,1,2
1599,216,1,2
1599,217,1,2
1599,218,1,2
1599,219,1,2
1599,220,1,2
1599,221,1,2
1599,222,1,2
1599,223,1,2
1599,224,1,2
1599,225,1,2
1599,226,1,2
1599,227,1,2
1599,228,1,2
1599,229,1,2
1599,230,1,2
1599,231,1,2
1599,232,1,2
1599,233,1,2
1599,234,1,2
1599,235,1,2
1599,236,1,2
1599,237,1,2
1599,238,1,2
1599,239,1,2
1599,240,1,2
1599,241,1,2
1599,242,1,2
1599,243,1,2
1599,244,1,2
1599,245,1,2
1599,246,1,2
1599,247,1,2
1599,248,1,2
1599,249,1,2
1599,250,1,2
1599,251,1,2
1599,252,1,2
1599,253,1,2
1599,254,1,2
1599,255,1,2
1599,256,1,2
1599,257,1,2
1599,258,1,2
1599,259,1,2
1599,260,1,2
1599,261,1,2
1599,262,1,2
1599,263,1,2
1599,264,1,2
1599,265,1,2
1599,266,1,2
1599,267,1,2
1599,268,1,2
1599,269,1,2
1599,270,1,2
1599,271,1,2
1599,272,1,2
1599,273,1,2
1599,274,1,2
1599,275,1,2
1599,276,1,2
1599,277,1,2
1599,278,1,2
1599,279,1,2
1599,280,1,2
1599,281,1,2
1599,282,1,2
1599,283,1,2
1599,284,1,2
1599,285,1,2
1599,286,1,2
1599,287,1,2
1599,288,1,2
1599,289,1,2
1599,290,1,2
1599,291,1,2
1599,292,1,2
1599,293,1,2
1599,294,1,2
1599,295,1,2
1599,296,1,2
1599,297,1,2
1599,298,1,2
1599,299,1,2
1599,300,1,2
1599,301,1,2
1599,302,1,2
1599,303,1,2
1599,304,1,2
1599,305,1,2
1599,306,1,2
1599,307,1,2
1599,308,1,2
1599,309,1,2
1599,310,1,2
1599,311,1,2
1599,312,1,2
1599,313,1,2
1599,314,1,2
1599,315,1,2
1599,316,1,2
1599,317,1,2
1599,318,1,2
1599,319,1,2
1599,320,1,2
1599,321,1,2
1599,322,1,2
1599,323,1,2
1599,324,1,2
1599,325,1,2
1599,326,1,2
1599,327,1,2
1599,328,1,2
1599,329,1,2
1599,330,1,2
1599,331,1,2
1599,332,1,2
1599,333,1,2
1599,334,1,2
1599,335,1,2
1599,336,1,2
1599,337,1,2
1599,338,1,2
1599,339,1,2
1599,340,1,2
1599,341,1,2
1599,342,1,2
1599,343,1,2
1599,344,1,2
1599,345,1,2
1599,346,1,2
1599,347,1,2
1599,348,1,2
1599,349,1,2
1599,350,1,2
1599,351,1,2
1599,352,1,2
1599,353,1,2
1599,354,1,2
1599,355,1,2
1599,356,1,2
1599,357,1,2
1599,358,1,2
1599,359,1,2
1599,360,1,2
1599,361,1,2
1599,362,1,2
1599,363,1,2
1599,364,1,2
1599,365,1,2
1599,366,1,2
1599,367,1,2
1599,368,1,2
1599,369,1,2
1599,370,1,2
1599,371,1,2
1599,372,1,2
1599,373,1,2
1599,374,1,2
1599,375,1,2
1599,376,1,2
1599,377,1,2
1599,378,1,2
1599,379,1,2
1599,380,1,2
1599,381,1,2
1599,382,1,2
1599,383,1,2
1599,384,1,2
1599,385,1,2
1599,386,1,2
1599,387,1,2
1599,388,1,2
1599,389,1,2
1599,390,1,2
1599,391,1,2
1599,392,1,2
1599,393,1,2
1599,394,1,3
1599,395,1,3
1599,396,1,3
1599,397,1,3
1599,398,1,3
1599,399,1,3
1599,400,1,3
1599,401,1,3
1599,402,1,3
1599,403,1,3
1599,404,1,3
1599,405,1,3
1599,406,1,3
1599,407,1,3
1599,408,1,3
1599,409,1,3
1599,410,1,3
1599,411,1,3
1599,412,1,3
1599,413,1,3
1599,414,1,3
1599,415,1,3
1599,416,1,3
1599,417,1,3
1599,418,1,3
1599,419,1,3
1599,420,1,3
1599,421,1,3
1599,422,1,3
1599,423,1,3
1599,424,1,3
1599,425,1,3
1599,426,1,3
1599,427,1,3
1599,428,1,3
1599,429,1,2
1599,430,1,2
1599,431,1,2
1599,432,1,2
1599,433,1,2
1599,434,1,3
1599,435,1,3
1599,436,1,3
1599,437,1,3
1599,438,1,3
1599,439,1,3
1599,440,1,3
1599,441,1,3
1599,442,1,3
1599,443,1,3
1599,444,1,3
1599,445,1,3
1599,446,1,3
1599,447,1,3
1599,448,1,3
1599,449,1,3
1599,450,1,3
1599,451,1,3
1599,452,1,3
1599,453,1,3
1599,454,1,3
1599,455,1,3
1599,456,1,3
1599,457,1,3
1599,458,1,3
1599,459,1,3
1599,460,1,3
1599,461,1,3
1599,462,1,3
1599,463,1,2
1599,464,1,2
1599,465,1,2
1599,466,1,2
1599,467,1,2
1599,468,1,2
1599,469,1,2
1599,470,1,2
1600,108,1,3
1600,109,1,3
1600,110,1,3
1600,111,1,3
1600,112,1,3
1600,113,1,3
1600,114,1,3
1600,115,1,3
1600,116,1,3
1600,117,1,3
1600,118,1,3
1600,119,1,3
1600,120,1,3
1600,121,1,3
1600,122,1,3
1600,123,1,3
1600,124,1,3
1600,125,1,3
1600,126,1,3
1600,127,1,3
1600,128,1,3
1600,129,1,3
1600,130,1,3
1600,131,1,3
1600,132,1,3
1600,133,1,3
1600,134,1,3
1600,135,1,3
1600,136,1,3
1600,137,1,3
1600,138,1,3
1600,139,1,3
1600,140,1,3
1600,141,1,3
1600,142,1,2
1600,143,1,2
1600,144,1,2
1600,145,1,2
1600,146,1,2
1600,147,1,2
1600,148,1,2
1600,149,1,2
1600,150,1,2
1600,151,1,2
1600,152,1,2
1600,153,1,2
1600,154,1,2
1600,155,1,2
1600,156,1,2
1600,157,1,2
1600,158,1,2
1600,159,1,2
1600,160,1,2
1600,161,1,2
1600,162,1,2
1600,163,1,2
1600,164,1,2
1600,165,1,2
1600,166,1,2
1600,167,1,2
1600,168,1,2
1600,169,1,2
1600,170,1,2
1600,171,1,2
1600,172,1,2
1600,173,1,2
1600,174,1,2
1600,175,1,2
1600,176,1,2
1600,177,1,2
1600,178,1,2
1600,179,1,2
1600,180,1,2
1600,181,1,2
1600,182,1,2
1600,183,1,2
1600,184,1,2
1600,185,1,2
1600,186,1,2
1600,187,1,2
1600,188,1,2
1600,189,1,2
1600,190,1,2
1600,191,1,2
1600,192,1,2
1600,193,1,2
1600,194,1,2
1600,195,1,2
1600,196,1,2
1600,197,1,2
1600,198,1,2
1600,199,1,2
1600,200,1,2
1600,201,1,2
1600,202,1,2
1600,203,1,2
1600,204,1,2
1600,205,1,2
1600,206,1,2
1600,207,1,2
1600,208,1,2
1600,209,1,2
1600,210,1,2
1600,211,1,2
1600,212,1,2
1600,213,1,2
1600,214,1,2
1600,215,1,2
1600,216,1,2
1600,217,1,2
1600,218,1,2
1600,219,1,2
1600,220,1,2
1600,221,1,2
1600,222,1,2
1600,223,1,2
1600,224,1,2
1600,225,1,2
1600,226,1,2
1600,227,1,2
1600,228,1,2
1600,229,1,2
1600,230,1,2
1600,231,1,2
1600,232,1,2
1600,233,1,2
1600,234,1,2
1600,235,1,2
1600,236,1,2
1600,237,1,2
1600,238,1,2
1600,239,1,2
1600,240,1,2
1600,241,1,2
1600,242,1,2
1600,243,1,2
1600,244,1,2
1600,245,1,2
1600,246,1,2
1600,247,1,2
1600,248,1,2
1600,249,1,2
1600,250,1,2
1600,251,1,2
1600,252,1,2
1600,253,1,2
1600,254,1,2
1600,255,1,2
1600,256,1,2
1600,257,1,2
1600,258,1,2
1600,259,1,2
1600,260,1,2
1600,261,1,2
1600,262,1,2
1600,263,1,2
1600,264,1,2
1600,265,1,2
1600,266,1,2
1600,267,1,2
1600,268,1,2
1600,269,1,2
1600,270,1,2
1600,271,1,2
1600,272,1,2
1600,273,1,2
1600,274,1,2
1600,275,1,2
1600,276,1,2
1600,277,1,2
1600,278,1,2
1600,279,1,2
1600,280,1,2
1600,281,1,2
1600,282,1,2
1600,283,1,2
1600,284,1,2
1600,285,1,2
1600,286,1,2
1600,287,1,2
1600,288,1,2
1600,289,1,2
1600,290,1,2
1600,291,1,2
1600,292,1,2
1600,293,1,2
1600,294,1,2
1600,295,1,2
1600,296,1,2
1600,297,1,2
1600,298,1,2
1600,299,1,2
1600,300,1,2
1600,301,1,2
1600,302,1,2
1600,303,1,2
1600,304,1,2
1600,305,1,2
1600,306,1,2
1600,307,1,2
1600,308,1,2
1600,309,1,2
1600,310,1,2
1600,311,1,2
1600,312,1,2
1600,313,1,2
1600,314,1,2
1600,315,1,2
1600,316,1,2
1600,317,1,2
1600,318,1,2
1600,319,1,2
1600,320,1,2
1600,321,1,2
1600,322,1,2
1600,323,1,2
1600,324,1,2
1600,325,1,2
1600,326,1,2
1600,327,1,2
1600,328,1,2
1600,329,1,2
1600,330,1,2
1600,331,1,2
1600,332,1,2
1600,333,1,2
1600,334,1,2
1600,335,1,2
1600,336,1,2
1600,337,1,2
1600,338,1,2
1600,339,1,2
1600,340,1,2
1600,341,1,2
1600,342,1,2
1600,343,1,2
1600,344,1,2
1600,345,1,2
1600,346,1,2
1600,347,1,2
1600,348,1,2
1600,349,1,2
1600,350,1,2
1600,351,1,2
1600,352,1,2
1600,353,1,2
1600,354,1,2
1600,355,1,2
1600,356,1,2
1600,357,1,2
1600,358,1,2
1600,359,1,2
1600,360,1,2
1600,361,1,2
1600,362,1,2
1600,363,1,2
1600,364,1,2
1600,365,1,2
1600,366,1,2
1600,367,1,2
1600,368,1,2
1600,369,1,2
1600,370,1,2
1600,371,1,2
1600,372,1,2
1600,373,1,2
1600,374,1,2
1600,375,1,2
1600,376,1,2
1600,377,1,2
1600,378,1,2
1600,379,1,2
1600,380,1,2
1600,381,1,2
1600,382,1,2
1600,383,1,2
1600,384,1,2
1600,385,1,2
1600,386,1,2
1600,387,1,2
1600,388,1,2
1600,389,1,2
1600,390,1,2
1600,391,1,2
1600,392,1,2
1600,393,1,3
1600,394,1,3
1600,395,1,3
1600,396,1,3
1600,397,1,3
1600,398,1,3
1600,399,1,3
1600,400,1,3
1600,401,1,3
1600,402,1,3
1600,403,1,3
1600,404,1,3
1600,405,1,3
1600,406,1,3
1600,407,1,3
1600,408,1,3
1600,409,1,3
1600,410,1,3
1600,411,1,3
1600,412,1,3
1600,413,1,3
1600,414,1,3
1600,415,1,3
1600,416,1,3
1600,417,1,3
1600,418,1,3
1600,419,1,3
1600,420,1,3
1600,421,1,3
1600,422,1,3
1600,423,1,3
1600,424,1,3
1600,425,1,3
1600,426,1,3
1600,427,1,3
1600,428,1,2
1600,429,1,2
1600,430,1,2
1600,431,1,2
1600,432,1,2
1600,433,1,2
1600,434,1,3
1600,435,1,3
1600,436,1,3
1600,437,1,3
1600,438,1,3
1600,439,1,3
1600,440,1,3
1600,441,1,3
1600,442,1,3
1600,443,1,3
1600,444,1,3
1600,445,1,3
1600,446,1,3
1600,447,1,3
1600,448,1,3
1600,449,1,3
1600,450,1,3
1600,451,1,3
1600,452,1,3
1600,453,1,3
1600,454,1,3
1600,455,1,3
1600,456,1,3
1600,457,1,3
1600,458,1,3
1600,459,1,3
1600,460,1,3
1600,461,1,3
1600,462,1,3
1600,463,1,2
1600,464,1,2
1600,465,1,2
1600,466,1,2
1600,467,1,2
1600,468,1,2
1600,469,1,2
1600,470,1,2
1601,108,1,2
1601,109,1,3
1601,110,1,3
1601,111,1,3
1601,112,1,3
1601,113,1,3
1601,114,1,3
1601,115,1,3
1601,116,1,3
1601,117,1,3
1601,118,1,3
1601,119,1,3
1601,120,1,3
1601,121,1,3
1601,122,1,3
1601,123,1,3
1601,124,1,3
1601,125,1,3
1601,126,1,3
1601,127,1,3
1601,128,1,3
1601,129,1,3
1601,130,1,3
1601,131,1,3
1601,132,1,3
1601,133,1,3
1601,134,1,3
1601,135,1,3
1601,136,1,3
1601,137,1,3
1601,138,1,3
1601,139,1,3
1601,140,1,3
1601,141,1,3
1601,142,1,2
1601,143,1,2
1601,144,1,2
1601,145,1,2
1601,146,1,2
1601,147,1,2
1601,148,1,2
1601,149,1,2
1601,150,1,2
1601,151,1,2
1601,152,1,2
1601,153,1,2
1601,154,1,2
1601,155,1,2
1601,156,1,2
1601,157,1,2
1601,158,1,2
1601,159,1,2
1601,160,1,2
1601,161,1,2
1601,162,1,2
1601,163,1,2
1601,164,1,2
1601,165,1,2
1601,166,1,2
1601,167,1,2
1601,168,1,2
1601,169,1,2
1601,170,1,2
1601,171,1,2
1601,172,1,2
1601,173,1,2
1601,174,1,2
1601,175,1,2
1601,176,1,2
1601,177,1,2
1601,178,1,2
1601,179,1,2
1601,180,1,2
1601,181,1,2
1601,182,1,2
1601,183,1,2
1601,184,1,2
1601,185,1,2
1601,186,1,2
1601,187,1,2
1601,188,1,2
1601,189,1,2
1601,190,1,2
1601,191,1,2
1601,192,1,2
1601,193,1,2
1601,194,1,2
1601,195,1,2
1601,196,1,2
1601,197,1,2
1601,198,1,2
1601,199,1,2
1601,200,1,2
1601,201,1,2
1601,202,1,2
1601,203,1,2
1601,204,1,2
1601,205,1,2
1601,206,1,2
1601,207,1,2
1601,208,1,2
1601,209,1,2
1601,210,1,2
1601,211,1,2
1601,212,1,2
1601,213,1,2
1601,214,1,2
1601,215,1,2
1601,216,1,2
1601,217,1,2
1601,218,1,2
1601,219,1,2
1601,220,1,2
1601,221,1,2
1601,222,1,2
1601,223,1,2
1601,224,1,2
1601,225,1,2
1601,226,1,2
1601,227,1,2
1601,228,1,2
1601,229,1,2
1601,230,1,2
1601,231,1,2
1601,232,1,2
1601,233,1,2
1601,234,1,2
1601,235,1,2
1601,236,1,2
1601,237,1,2
1601,238,1,2
1601,239,1,2
1601,240,1,2
1601,241,1,2
1601,242,1,2
1601,243,1,2
1601,244,1,2
1601,245,1,2
1601,246,1,2
1601,247,1,2
1601,248,1,2
1601,249,1,2
1601,250,1,2
1601,251,1,2
1601,252,1,2
1601,253,1,2
1601,254,1,2
1601,255,1,2
1601,256,1,2
1601,257,1,2
1601,258,1,2
1601,259,1,2
1601,260,1,2
1601,261,1,2
1601,262,1,2
1601,263,1,2
1601,264,1,2
1601,265,1,2
1601,266,1,2
1601,267,1,2
1601,268,1,2
1601,269,1,2
1601,270,1,2
1601,271,1,2
1601,272,1,2
1601,273,1,2
1601,274,1,2
1601,275,1,2
1601,276,1,2
1601,277,1,2
1601,278,1,2
1601,279,1,2
1601,280,1,2
1601,281,1,2
1601,282,1,2
1601,283,1,2
1601,284,1,2
1601,285,1,2
1601,286,1,2
1601,287,1,2
1601,288,1,2
1601,289,1,2
1601,290,1,2
1601,291,1,2
1601,292,1,2
1601,293,1,2
1601,294,1,2
1601,295,1,2
1601,296,1,2
1601,297,1,2
1601,298,1,2
1601,299,1,2
1601,300,1,2
1601,301,1,2
1601,302,1,2
1601,303,1,2
1601,304,1,2
1601,305,1,2
1601,306,1,2
1601,307,1,2
1601,308,1,2
1601,309,1,2
1601,310,1,2
1601,311,1,2
1601,312,1,2
1601,313,1,2
1601,314,1,2
1601,315,1,2
1601,316,1,2
1601,317,1,2
1601,318,1,2
1601,319,1,2
1601,320,1,2
1601,321,1,2
1601,322,1,2
1601,323,1,2
1601,324,1,2
1601,325,1,2
1601,326,1,2
1601,327,1,2
1601,328,1,2
1601,329,1,2
1601,330,1,2
1601,331,1,2
1601,332,1,2
1601,333,1,2
1601,334,1,2
1601,335,1,2
1601,336,1,2
1601,337,1,2
1601,338,1,2
1601,339,1,2
1601,340,1,2
1601,341,1,2
1601,342,1,2
1601,343,1,2
1601,344,1,2
1601,345,1,2
1601,346,1,2
1601,347,1,2
1601,348,1,2
1601,349,1,2
1601,350,1,2
1601,351,1,2
1601,352,1,2
1601,353,1,2
1601,354,1,2
1601,355,1,2
1601,356,1,2
1601,357,1,2
1601,358,1,2
1601,359,1,2
1601,360,1,2
1601,361,1,2
1601,362,1,2
1601,363,1,2
1601,364,1,2
1601,365,1,2
1601,366,1,2
1601,367,1,2
1601,368,1,2
1601,369,1,2
1601,370,1,2
1601,371,1,2
1601,372,1,2
1601,373,1,2
1601,374,1,2
1601,375,1,2
1601,376,1,2
1601,377,1,2
1601,378,1,2
1601,379,1,2
1601,380,1,2
1601,381,1,2
1601,382,1,2
1601,383,1,2
1601,384,1,2
1601,385,1,2
1601,386,1,2
1601,387,1,2
1601,388,1,2
1601,389,1,2
1601,390,1,2
1601,391,1,2
1601,392,1,2
1601,393,1,3
1601,394,1,3
1601,395,1,3
1601,396,1,3
1601,397,1,3
1601,398,1,3
1601,399,1,3
1601,400,1,3
1601,401,1,3
1601,402,1,3
1601,403,1,3
1601,404,1,3
1601,405,1,3
1601,406,1,3
1601,407,1,3
1601,408,1,3
1601,409,1,3
1601,410,1,3
1601,411,1,3
1601,412,1,3
1601,413,1,3
1601,414,1,3
1601,415,1,3
1601,416,1,3
1601,417,1,3
1601,418,1,3
1601,419,1,3
1601,420,1,3
1601,421,1,3
1601,422,1,3
1601,423,1,3
1601,424,1,3
1601,425,1,3
1601,426,1,3
1601,427,1,3
1601,428,1,2
1601,429,1,2
1601,430,1,2
1601,431,1,2
1601,432,1,2
1601,433,1,2
1601,434,1,2
1601,435,1,3
1601,436,1,3
1601,437,1,3
1601,438,1,3
1601,439,1,3
1601,440,1,3
1601,441,1,3
1601,442,1,3
1601,443,1,3
1601,444,1,3
1601,445,1,3
1601,446,1,3
1601,447,1,3
1601,448,1,3
1601,449,1,3
1601,450,1,3
1601,451,1,3
1601,452,1,3
1601,453,1,3
1601,454,1,3
1601,455,1,3
1601,456,1,3
1601,457,1,3
1601,458,1,3
1601,459,1,3
1601,460,1,3
1601,461,1,3
1601,462,1,2
1601,463,1,2
1601,464,1,2
1601,465,1,2
1601,466,1,2
1601,467,1,2
1601,468,1,2
1601,469,1,2
1601,470,1,2
1602,108,1,2
1602,109,1,3
1602,110,1,3
1602,111,1,3
1602,112,1,3
1602,113,1,3
1602,114,1,3
1602,115,1,3
1602,116,1,3
1602,117,1,3
1602,118,1,3
1602,119,1,3
1602,120,1,3
1602,121,1,3
1602,122,1,3
1602,123,1,3
1602,124,1,3
1602,125,1,3
1602,126,1,3
1602,127,1,3
1602,128,1,3
1602,129,1,3
1602,130,1,3
1602,131,1,3
1602,132,1,3
1602,133,1,3
1602,134,1,3
1602,135,1,3
1602,136,1,3
1602,137,1,3
1602,138,1,3
1602,139,1,3
1602,140,1,3
1602,141,1,3
1602,142,1,2
1602,143,1,2
1602,144,1,2
1602,145,1,2
1602,146,1,2
1602,147,1,2
1602,148,1,2
1602,149,1,2
1602,150,1,2
1602,151,1,2
1602,152,1,2
1602,153,1,2
1602,154,1,2
1602,155,1,2
1602,156,1,2
1602,157,1,2
1602,158,1,2
1602,159,1,2
1602,160,1,2
1602,161,1,2
1602,162,1,2
1602,163,1,2
1602,164,1,2
1602,165,1,2
1602,166,1,2
1602,167,1,2
1602,168,1,2
1602,169,1,2
1602,170,1,2
1602,171,1,2
1602,172,1,2
1602,173,1,2
1602,174,1,2
1602,175,1,2
1602,176,1,2
1602,177,1,2
1602,178,1,2
1602,179,1,2
1602,180,1,2
1602,181,1,2
1602,182,1,2
1602,183,1,2
1602,184,1,2
1602,185,1,2
1602,186,1,2
1602,187,1,2
1602,188,1,2
1602,189,1,2
1602,190,1,2
1602,191,1,2
1602,192,1,2
1602,193,1,2
1602,194,1,2
1602,195,1,2
1602,196,1,2
1602,197,1,2
1602,198,1,2
1602,199,1,2
1602,200,1,2
1602,201,1,2
1602,202,1,2
1602,203,1,2
1602,204,1,2
1602,205,1,2
1602,206,1,2
1602,207,1,2
1602,208,1,2
1602,209,1,2
1602,210,1,2
1602,211,1,2
1602,212,1,2
1602,213,1,2
1602,214,1,2
1602,215,1,2
1602,216,1,2
1602,217,1,2
1602,218,1,2
1602,219,1,2
1602,220,1,2
1602,221,1,2
1602,222,1,2
1602,223,1,2
1602,224,1,2
1602,225,1,2
1602,226,1,2
1602,227,1,2
1602,228,1,2
1602,229,1,2
1602,230,1,2
1602,231,1,2
1602,232,1,2
1602,233,1,2
1602,234,1,2
1602,235,1,2
1602,236,1,2
1602,237,1,2
1602,238,1,2
1602,239,1,2
1602,240,1,2
1602,241,1,2
1602,242,1,2
1602,243,1,2
1602,244,1,2
1602,245,1,2
1602,246,1,2
1602,247,1,2
1602,248,1,2
1602,249,1,2
1602,250,1,2
1602,251,1,2
1602,252,1,2
1602,253,1,2
1602,254,1,2
1602,255,1,2
1602,256,1,2
1602,257,1,2
1602,258,1,2
1602,259,1,2
1602,260,1,2
1602,261,1,2
1602,262,1,2
1602,263,1,2
1602,264,1,2
1602,265,1,2
1602,266,1,2
1602,267,1,2
1602,268,1,2
1602,269,1,2
1602,270,1,2
1602,271,1,2
1602,272,1,2
1602,273,1,2
1602,274,1,2
1602,275,1,2
1602,276,1,2
1602,277,1,2
1602,278,1,2
1602,279,1,2
1602,280,1,2
1602,281,1,2
1602,282,1,2
1602,283,1,2
1602,284,1,2
1602,285,1,2
1602,286,1,2
1602,287,1,2
1602,288,1,2
1602,289,1,2
1602,290,1,2
1602,291,1,2
1602,292,1,2
1602,293,1,2
1602,294,1,2
1602,295,1,2
1602,296,1,2
1602,297,1,2
1602,298,1,2
1602,299,1,2
1602,300,1,2
1602,301,1,2
1602,302,1,2
1602,303,1,2
1602,304,1,2
1602,305,1,2
1602,306,1,2
1602,307,1,2
1602,308,1,2
1602,309,1,2
1602,310,1,2
1602,311,1,2
1602,312,1,2
1602,313,1,2
1602,314,1,2
1602,315,1,2
1602,316,1,2
1602,317,1,2
1602,318,1,2
1602,319,1,2
1602,320,1,2
1602,321,1,2
1602,322,1,2
1602,323,1,2
1602,324,1,2
1602,325,1,2
1602,326,1,2
1602,327,1,2
1602,328,1,2
1602,329,1,2
1602,330,1,2
1602,331,1,2
1602,332,1,2
1602,333,1,2
1602,334,1,2
1602,335,1,2
1602,336,1,2
1602,337,1,2
1602,338,1,2
1602,339,1,2
1602,340,1,2
1602,341,1,2
1602,342,1,2
1602,343,1,2
1602,344,1,2
1602,345,1,2
1602,346,1,2
1602,347,1,2
1602,348,1,2
1602,349,1,2
1602,350,1,2
1602,351,1,2
1602,352,1,2
1602,353,1,2
1602,354,1,2
1602,355,1,2
1602,356,1,2
1602,357,1,2
1602,358,1,2
1602,359,1,2
1602,360,1,2
1602,361,1,2
1602,362,1,2
1602,363,1,2
1602,364,1,2
1602,365,1,2
1602,366,1,2
1602,367,1,2
1602,368,1,2
1602,369,1,2
1602,370,1,2
1602,371,1,2
1602,372,1,2
1602,373,1,2
1602,374,1,2
1602,375,1,2
1602,376,1,2
1602,377,1,2
1602,378,1,2
1602,379,1,2
1602,380,1,2
1602,381,1,2
1602,382,1,2
1602,383,1,2
1602,384,1,2
1602,385,1,2
1602,386,1,2
1602,387,1,2
1602,388,1,2
1602,389,1,2
1602,390,1,2
1602,391,1,2
1602,392,1,2
1602,393,1,3
1602,394,1,3
1602,395,1,3
1602,396,1,3
1602,397,1,3
1602,398,1,3
1602,399,1,3
1602,400,1,3
1602,401,1,3
1602,402,1,3
1602,403,1,3
1602,404,1,3
1602,405,1,3
1602,406,1,3
1602,407,1,3
1602,408,1,3
1602,409,1,3
1602,410,1,3
1602,411,1,3
1602,412,1,3
1602,413,1,3
1602,414,1,3
1602,415,1,3
1602,416,1,3
1602,417,1,3
1602,418,1,3
1602,419,1,3
1602,420,1,3
1602,421,1,3
1602,422,1,3
1602,423,1,3
1602,424,1,3
1602,425,1,3
1602,426,1,3
1602,427,1,3
1602,428,1,2
1602,429,1,2
1602,430,1,2
1602,431,1,2
1602,432,1,2
1602,433,1,2
1602,434,1,2
1602,435,1,3
1602,436,1,3
1602,437,1,3
1602,438,1,3
1602,439,1,3
1602,440,1,3
1602,441,1,3
1602,442,1,3
1602,443,1,3
1602,444,1,3
1602,445,1,3
1602,446,1,3
1602,447,1,3
1602,448,1,3
1602,449,1,3
1602,450,1,3
1602,451,1,3
1602,452,1,3
1602,453,1,3
1602,454,1,3
1602,455,1,3
1602,456,1,3
1602,457,1,3
1602,458,1,3
1602,459,1,3
1602,460,1,3
1602,461,1,2
1602,462,1,2
1602,463,1,2
1602,464,1,2
1602,465,1,2
1602,466,1,2
1602,467,1,2
1602,468,1,2
1602,469,1,2
1602,470,1,2
1603,108,1,2
1603,109,1,2
1603,110,1,3
1603,111,1,3
1603,112,1,3
1603,113,1,3
1603,114,1,3
1603,115,1,3
1603,116,1,3
1603,117,1,3
1603,118,1,3
1603,119,1,3
1603,120,1,3
1603,121,1,3
1603,122,1,3
1603,123,1,3
1603,124,1,3
1603,125,1,3
1603,126,1,3
1603,127,1,3
1603,128,1,3
1603,129,1,3
1603,130,1,3
1603,131,1,3
1603,132,1,3
1603,133,1,3
1603,134,1,3
1603,135,1,3
1603,136,1,3
1603,137,1,3
1603,138,1,3
1603,139,1,3
1603,140,1,3
1603,141,1,2
1603,142,1,2
1603,143,1,2
1603,144,1,2
1603,145,1,2
1603,146,1,2
1603,147,1,2
1603,148,1,2
1603,149,1,2
1603,150,1,2
1603,151,1,2
1603,152,1,2
1603,153,1,2
1603,154,1,2
1603,155,1,2
1603,156,1,2
1603,157,1,2
1603,158,1,2
1603,159,1,2
1603,160,1,2
1603,161,1,2
1603,162,1,2
1603,163,1,2
1603,164,1,2
1603,165,1,2
1603,166,1,2
1603,167,1,2
1603,168,1,2
1603,169,1,2
1603,170,1,2
1603,171,1,2
1603,172,1,2
1603,173,1,2
1603,174,1,2
1603,175,1,2
1603,176,1,2
1603,177,1,2
1603,178,1,2
1603,179,1,2
1603,180,1,2
1603,181,1,2
1603,182,1,2
1603,183,1,2
1603,184,1,2
1603,185,1,2
1603,186,1,2
1603,187,1,2
1603,188,1,2
1603,189,1,2
1603,190,1,2
1603,191,1,2
1603,192,1,2
1603,193,1,2
1603,194,1,2
1603,195,1,2
1603,196,1,2
1603,197,1,2
1603,198,1,2
1603,199,1,2
1603,200,1,2
1603,201,1,2
1603,202,1,2
1603,203,1,2
1603,204,1,2
1603,205,1,2
1603,206,1,2
1603,207,1,2
1603,208,1,2
1603,209,1,2
1603,210,1,2
1603,211,1,2
1603,212,1,2
1603,213,1,2
1603,214,1,2
1603,215,1,2
1603,216,1,2
1603,217,1,2
1603,218,1,2
1603,219,1,2
1603,220,1,2
1603,221,1,2
1603,222,1,2
1603,223,1,2
1603,224,1,2
1603,225,1,2
1603,226,1,2
1603,227,1,2
1603,228,1,2
1603,229,1,2
1603,230,1,2
1603,231,1,2
1603,232,1,2
1603,233,1,2
1603,234,1,2
1603,235,1,2
1603,236,1,2
1603,237,1,2
1603,238,1,2
1603,239,1,2
1603,240,1,2
1603,241,1,2
1603,242,1,2
1603,243,1,2
1603,244,1,2
1603,245,1,2
1603,246,1,2
1603,247,1,2
1603,248,1,2
1603,249,1,2
1603,250,1,2
1603,251,1,2
1603,252,1,2
1603,253,1,2
1603,254,1,2
1603,255,1,2
1603,256,1,2
1603,257,1,2
1603,258,1,2
1603,259,1,2
1603,260,1,2
1603,261,1,2
1603,262,1,2
1603,263,1,2
1603,264,1,2
1603,265,1,2
1603,266,1,2
1603,267,1,2
1603,268,1,2
1603,269,1,2
1603,270,1,2
1603,271,1,2
1603,272,1,2
1603,273,1,2
1603,274,1,2
1603,275,1,2
1603,276,1,2
1603,277,1,2
1603,278,1,2
1603,279,1,2
1603,280,1,2
1603,281,1,2
1603,282,1,2
1603,283,1,2
1603,284,1,2
1603,285,1,2
1603,286,1,2
1603,287,1,2
1603,288,1,2
1603,289,1,2
1603,290,1,2
1603,291,1,2
1603,292,1,2
1603,293,1,2
1603,294,1,2
1603,295,1,2
1603,296,1,2
1603,297,1,2
1603,298,1,2
1603,299,1,2
1603,300,1,2
1603,301,1,2
1603,302,1,2
1603,303,1,2
1603,304,1,2
1603,305,1,2
1603,306,1,2
1603,307,1,2
1603,308,1,2
1603,309,1,2
1603,310,1,2
1603,311,1,2
1603,312,1,2
1603,313,1,2
1603,314,1,2
1603,315,1,2
1603,316,1,2
1603,317,1,2
1603,318,1,2
1603,319,1,2
1603,320,1,2
1603,321,1,2
1603,322,1,2
1603,323,1,2
1603,324,1,2
1603,325,1,2
1603,326,1,2
1603,327,1,2
1603,328,1,2
1603,329,1,2
1603,330,1,2
1603,331,1,2
1603,332,1,2
1603,333,1,2
1603,334,1,2
1603,335,1,2
1603,336,1,2
1603,337,1,2
1603,338,1,2
1603,339,1,2
1603,340,1,2
1603,341,1,2
1603,342,1,2
1603,343,1,2
1603,344,1,2
1603,345,1,2
1603,346,1,2
1603,347,1,2
1603,348,1,2
1603,349,1,2
1603,350,1,2
1603,351,1,2
1603,352,1,2
1603,353,1,2
1603,354,1,2
1603,355,1,2
1603,356,1,2
1603,357,1,2
1603,358,1,2
1603,359,1,2
1603,360,1,2
1603,361,1,2
1603,362,1,2
1603,363,1,2
1603,364,1,2
1603,365,1,2
1603,366,1,2
1603,367,1,2
1603,368,1,2
1603,369,1,2
1603,370,1,2
1603,371,1,2
1603,372,1,2
1603,373,1,2
1603,374,1,2
1603,375,1,2
1603,376,1,2
1603,377,1,2
1603,378,1,2
1603,379,1,2
1603,380,1,2
1603,381,1,2
1603,382,1,2
1603,383,1,2
1603,384,1,2
1603,385,1,2
1603,386,1,2
1603,387,1,2
1603,388,1,2
1603,389,1,2
1603,390,1,2
1603,391,1,3
1603,392,1,3
1603,393,1,3
1603,394,1,3
1603,395,1,3
1603,396,1,3
1603,397,1,3
1603,398,1,3
1603,399,1,3
1603,400,1,3
1603,401,1,3
1603,402,1,3
1603,403,1,3
1603,404,1,3
1603,405,1,3
1603,406,1,3
1603,407,1,3
1603,408,1,3
1603,409,1,3
1603,410,1,3
1603,411,1,3
1603,412,1,3
1603,413,1,3
1603,414,1,3
1603,415,1,3
1603,416,1,3
1603,417,1,3
1603,418,1,3
1603,419,1,3
1603,420,1,3
1603,421,1,3
1603,422,1,3
1603,423,1,3
1603,424,1,3
1603,425,1,3
1603,426,1,3
1603,427,1,2
1603,428,1,2
1603,429,1,2
1603,430,1,2
1603,431,1,2
1603,432,1,2
1603,433,1,2
1603,434,1,2
1603,435,1,3
1603,436,1,3
1603,437,1,3
1603,438,1,3
1603,439,1,3
1603,440,1,3
1603,441,1,3
1603,442,1,3
1603,443,1,3
1603,444,1,3
1603,445,1,3
1603,446,1,3
1603,447,1,3
1603,448,1,3
1603,449,1,3
1603,450,1,3
1603,451,1,3
1603,452,1,3
1603,453,1,3
1603,454,1,3
1603,455,1,3
1603,456,1,3
1603,457,1,3
1603,458,1,3
1603,459,1,3
1603,460,1,3
1603,461,1,2
1603,462,1,2
1603,463,1,2
1603,464,1,2
1603,465,1,2
1603,466,1,2
1603,467,1,2
1603,468,1,2
1603,469,1,2
1603,470,1,2
1604,108,1,2
1604,109,1,2
1604,110,1,3
1604,111,1,3
1604,112,1,3
1604,113,1,3
1604,114,1,3
1604,115,1,3
1604,116,1,3
1604,117,1,3
1604,118,1,3
1604,119,1,3
1604,120,1,3
1604,121,1,3
1604,122,1,3
1604,123,1,3
1604,124,1,3
1604,125,1,3
1604,126,1,3
1604,127,1,3
1604,128,1,3
1604,129,1,3
1604,130,1,3
1604,131,1,3
1604,132,1,3
1604,133,1,3
1604,134,1,3
1604,135,1,3
1604,136,1,3
1604,137,1,3
1604,138,1,3
1604,139,1,3
1604,140,1,3
1604,141,1,2
1604,142,1,2
1604,143,1,2
1604,144,1,2
1604,145,1,2
1604,146,1,2
1604,147,1,2
1604,148,1,2
1604,149,1,2
1604,150,1,2
1604,151,1,2
1604,152,1,2
1604,153,1,2
1604,154,1,2
1604,155,1,2
1604,156,1,2
1604,157,1,2
1604,158,1,2
1604,159,1,2
1604,160,1,2
1604,161,1,2
1604,162,1,2
1604,163,1,2
1604,164,1,2
1604,165,1,2
1604,166,1,2
1604,167,1,2
1604,168,1,2
1604,169,1,2
1604,170,1,2
1604,171,1,2
1604,172,1,2
1604,173,1,2
1604,174,1,2
1604,175,1,2
1604,176,1,2
1604,177,1,2
1604,178,1,2
1604,179,1,2
1604,180,1,2
1604,181,1,2
1604,182,1,2
1604,183,1,2
1604,184,1,2
1604,185,1,2
1604,186,1,2
1604,187,1,2
1604,188,1,2
1604,189,1,2
1604,190,1,2
1604,191,1,2
1604,192,1,2
1604,193,1,2
1604,194,1,2
1604,195,1,2
1604,196,1,2
1604,197,1,2
1604,198,1,2
1604,199,1,2
1604,200,1,2
1604,201,1,2
1604,202,1,2
1604,203,1,2
1604,204,1,2
1604,205,1,2
1604,206,1,2
1604,207,1,2
1604,208,1,2
1604,209,1,2
1604,210,1,2
1604,211,1,2
1604,212,1,2
1604,213,1,2
1604,214,1,2
1604,215,1,2
1604,216,1,2
1604,217,1,2
1604,218,1,2
1604,219,1,2
1604,220,1,2
1604,221,1,2
1604,222,1,2
1604,223,1,2
1604,224,1,2
1604,225,1,2
1604,226,1,2
1604,227,1,2
1604,228,1,2
1604,229,1,2
1604,230,1,2
1604,231,1,2
1604,232,1,2
1604,233,1,2
1604,234,1,2
1604,235,1,2
1604,236,1,2
1604,237,1,2
1604,238,1,2
1604,239,1,2
1604,240,1,2
1604,241,1,2
1604,242,1,2
1604,243,1,2
1604,244,1,2
1604,245,1,2
1604,246,1,2
1604,247,1,2
1604,248,1,2
1604,249,1,2
1604,250,1,2
1604,251,1,2
1604,252,1,2
1604,253,1,2
1604,254,1,2
1604,255,1,2
1604,256,1,2
1604,257,1,2
1604,258,1,2
1604,259,1,2
1604,260,1,2
1604,261,1,2
1604,262,1,2
1604,263,1,2
1604,264,1,2
1604,265,1,2
1604,266,1,2
1604,267,1,2
1604,268,1,2
1604,269,1,2
1604,270,1,2
1604,271,1,2
1604,272,1,2
1604,273,1,2
1604,274,1,2
1604,275,1,2
1604,276,1,2
1604,277,1,2
1604,278,1,2
1604,279,1,2
1604,280,1,2
1604,281,1,2
1604,282,1,2
1604,283,1,2
1604,284,1,2
1604,285,1,2
1604,286,1,2
1604,287,1,2
1604,288,1,2
1604,289,1,2
1604,290,1,2
1604,291,1,2
1604,292,1,2
1604,293,1,2
1604,294,1,2
1604,295,1,2
1604,296,1,2
1604,297,1,2
1604,298,1,2
1604,299,1,2
1604,300,1,2
1604,301,1,2
1604,302,1,2
1604,303,1,2
1604,304,1,2
1604,305,1,2
1604,306,1,2
1604,307,1,2
1604,308,1,2
1604,309,1,2
1604,310,1,2
1604,311,1,2
1604,312,1,2
1604,313,1,2
1604,314,1,2
1604,315,1,2
1604,316,1,2
1604,317,1,2
1604,318,1,2
1604,319,1,2
1604,320,1,2
1604,321,1,2
1604,322,1,2
1604,323,1,2
1604,324,1,2
1604,325,1,2
1604,326,1,2
1604,327,1,2
1604,328,1,2
1604,329,1,2
1604,330,1,2
1604,331,1,2
1604,332,1,2
1604,333,1,2
1604,334,1,2
1604,335,1,2
1604,336,1,2
1604,337,1,2
1604,338,1,2
1604,339,1,2
1604,340,1,2
1604,341,1,2
1604,342,1,2
1604,343,1,2
1604,344,1,2
1604,345,1,2
1604,346,1,2
1604,347,1,2
1604,348,1,2
1604,349,1,2
1604,350,1,2
1604,351,1,2
1604,352,1,2
1604,353,1,2
1604,354,1,2
1604,355,1,2
1604,356,1,2
1604,357,1,2
1604,358,1,2
1604,359,1,2
1604,360,1,2
1604,361,1,2
1604,362,1,2
1604,363,1,2
1604,364,1,2
1604,365,1,2
1604,366,1,2
1604,367,1,2
1604,368,1,2
1604,369,1,2
1604,370,1,2
1604,371,1,2
1604,372,1,2
1604,373,1,2
1604,374,1,2
1604,375,1,2
1604,376,1,2
1604,377,1,2
1604,378,1,2
1604,379,1,2
1604,380,1,2
1604,381,1,2
1604,382,1,2
1604,383,1,2
1604,384,1,2
1604,385,1,2
1604,386,1,2
1604,387,1,2
1604,388,1,2
1604,389,1,2
1604,390,1,2
1604,391,1,2
1604,392,1,3
1604,393,1,3
1604,394,1,3
1604,395,1,3
1604,396,1,3
1604,397,1,3
1604,398,1,3
1604,399,1,3
1604,400,1,3
1604,401,1,3
1604,402,1,3
1604,403,1,3
1604,404,1,3
1604,405,1,3
1604,406,1,3
1604,407,1,3
1604,408,1,3
1604,409,1,3
1604,410,1,3
1604,411,1,3
1604,412,1,3
1604,413,1,3
1604,414,1,3
1604,415,1,3
1604,416,1,3
1604,417,1,3
1604,418,1,3
1604,419,1,3
1604,420,1,3
1604,421,1,3
1604,422,1,3
1604,423,1,3
1604,424,1,3
1604,425,1,3
1604,426,1,3
1604,427,1,2
1604,428,1,2
1604,429,1,2
1604,430,1,2
1604,431,1,2
1604,432,1,2
1604,433,1,2
1604,434,1,2
1604,435,1,3
1604,436,1,3
1604,437,1,3
1604,438,1,3
1604,439,1,3
1604,440,1,3
1604,441,1,3
1604,442,1,3
1604,443,1,3
1604,444,1,3
1604,445,1,3
1604,446,1,3
1604,447,1,3
1604,448,1,3
1604,449,1,3
1604,450,1,3
1604,451,1,3
1604,452,1,3
1604,453,1,3
1604,454,1,3
1604,455,1,3
1604,456,1,3
1604,457,1,3
1604,458,1,3
1604,459,1,3
1604,460,1,2
1604,461,1,2
1604,462,1,2
1604,463,1,2
1604,464,1,2
1604,465,1,2
1604,466,1,2
1604,467,1,2
1604,468,1,2
1604,469,1,2
1604,470,1,2
1605,108,1,2
1605,109,1,2
1605,110,1,3
1605,111,1,3
1605,112,1,3
1605,113,1,3
1605,114,1,3
1605,115,1,3
1605,116,1,3
1605,117,1,3
1605,118,1,3
1605,119,1,3
1605,120,1,3
1605,121,1,3
1605,122,1,3
1605,123,1,3
1605,124,1,3
1605,125,1,3
1605,126,1,3
1605,127,1,3
1605,128,1,3
1605,129,1,3
1605,130,1,3
1605,131,1,3
1605,132,1,3
1605,133,1,3
1605,134,1,3
1605,135,1,3
1605,136,1,3
1605,137,1,3
1605,138,1,3
1605,139,1,3
1605,140,1,3
1605,141,1,2
1605,142,1,2
1605,143,1,2
1605,144,1,2
1605,145,1,2
1605,146,1,2
1605,147,1,2
1605,148,1,2
1605,149,1,2
1605,150,1,2
1605,151,1,2
1605,152,1,2
1605,153,1,2
1605,154,1,2
1605,155,1,2
1605,156,1,2
1605,157,1,2
1605,158,1,2
1605,159,1,2
1605,160,1,2
1605,161,1,2
1605,162,1,2
1605,163,1,2
1605,164,1,2
1605,165,1,2
1605,166,1,2
1605,167,1,2
1605,168,1,2
1605,169,1,2
1605,170,1,2
1605,171,1,2
1605,172,1,2
1605,173,1,2
1605,174,1,2
1605,175,1,2
1605,176,1,2
1605,177,1,2
1605,178,1,2
1605,179,1,2
1605,180,1,2
1605,181,1,2
1605,182,1,2
1605,183,1,2
1605,184,1,2
1605,185,1,2
1605,186,1,2
1605,187,1,2
1605,188,1,2
1605,189,1,2
1605,190,1,2
1605,191,1,2
1605,192,1,2
1605,193,1,2
1605,194,1,2
1605,195,1,2
1605,196,1,2
1605,197,1,2
1605,198,1,2
1605,199,1,2
1605,200,1,2
1605,201,1,2
1605,202,1,2
1605,203,1,2
1605,204,1,2
1605,205,1,2
1605,206,1,2
1605,207,1,2
1605,208,1,2
1605,209,1,2
1605,210,1,2
1605,211,1,2
1605,212,1,2
1605,213,1,2
1605,214,1,2
1605,215,1,2
1605,216,1,2
1605,217,1,2
1605,218,1,2
1605,219,1,2
1605,220,1,2
1605,221,1,2
1605,222,1,2
1605,223,1,2
1605,224,1,2
1605,225,1,2
1605,226,1,2
1605,227,1,2
1605,228,1,2
1605,229,1,2
1605,230,1,2
1605,231,1,2
1605,232,1,2
1605,233,1,2
1605,234,1,2
1605,235,1,2
1605,236,1,2
1605,237,1,2
1605,238,1,2
1605,239,1,2
1605,240,1,2
1605,241,1,2
1605,242,1,2
1605,243,1,2
1605,244,1,2
1605,245,1,2
1605,246,1,2
1605,247,1,2
1605,248,1,2
1605,249,1,2
1605,250,1,2
1605,251,1,2
1605,252,1,2
1605,253,1,2
1605,254,1,2
1605,255,1,2
1605,256,1,2
1605,257,1,2
1605,258,1,2
1605,259,1,2
1605,260,1,2
1605,261,1,2
1605,262,1,2
1605,263,1,2
1605,264,1,2
1605,265,1,2
1605,266,1,2
1605,267,1,2
1605,268,1,2
1605,269,1,2
1605,270,1,2
1605,271,1,2
1605,272,1,2
1605,273,1,2
1605,274,1,2
1605,275,1,2
1605,276,1,2
1605,277,1,2
1605,278,1,2
1605,279,1,2
1605,280,1,2
1605,281,1,2
1605,282,1,2
1605,283,1,2
1605,284,1,2
1605,285,1,2
1605,286,1,2
1605,287,1,2
1605,288,1,2
1605,289,1,2
1605,290,1,2
1605,291,1,2
1605,292,1,2
1605,293,1,2
1605,294,1,2
1605,295,1,2
1605,296,1,2
1605,297,1,2
1605,298,1,2
1605,299,1,2
1605,300,1,2
1605,301,1,2
1605,302,1,2
1605,303,1,2
1605,304,1,2
1605,305,1,2
1605,306,1,2
1605,307,1,2
1605,308,1,2
1605,309,1,2
1605,310,1,2
1605,311,1,2
1605,312,1,2
1605,313,1,2
1605,314,1,2
1605,315,1,2
1605,316,1,2
1605,317,1,2
1605,318,1,2
1605,319,1,2
1605,320,1,2
1605,321,1,2
1605,322,1,2
1605,323,1,2
1605,324,1,2
1605,325,1,2
1605,326,1,2
1605,327,1,2
1605,328,1,2
1605,329,1,2
1605,330,1,2
1605,331,1,2
1605,332,1,2
1605,333,1,2
1605,334,1,2
1605,335,1,2
1605,336,1,2
1605,337,1,2
1605,338,1,2
1605,339,1,2
1605,340,1,2
1605,341,1,2
1605,342,1,2
1605,343,1,2
1605,344,1,2
1605,345,1,2
1605,346,1,2
1605,347,1,2
1605,348,1,2
1605,349,1,2
1605,350,1,2
1605,351,1,2
1605,352,1,2
1605,353,1,2
1605,354,1,2
1605,355,1,2
1605,356,1,2
1605,357,1,2
1605,358,1,2
1605,359,1,2
1605,360,1,2
1605,361,1,2
1605,362,1,2
1605,363,1,2
1605,364,1,2
1605,365,1,2
1605,366,1,2
1605,367,1,2
1605,368,1,2
1605,369,1,2
1605,370,1,2
1605,371,1,2
1605,372,1,2
1605,373,1,2
1605,374,1,2
1605,375,1,2
1605,376,1,2
1605,377,1,2
1605,378,1,2
1605,379,1,2
1605,380,1,2
1605,381,1,2
1605,382,1,2
1605,383,1,2
1605,384,1,2
1605,385,1,2
1605,386,1,2
1605,387,1,2
1605,388,1,2
1605,389,1,2
1605,390,1,2
1605,391,1,3
1605,392,1,3
1605,393,1,3
1605,394,1,3
1605,395,1,3
1605,396,1,3
1605,397,1,3
1605,398,1,3
1605,399,1,3
1605,400,1,3
1605,401,1,3
1605,402,1,3
1605,403,1,3
1605,404,1,3
1605,405,1,3
1605,406,1,3
1605,407,1,3
1605,408,1,3
1605,409,1,3
1605,410,1,3
1605,411,1,3
1605,412,1,3
1605,413,1,3
1605,414,1,3
1605,415,1,3
1605,416,1,3
1605,417,1,3
1605,418,1,3
1605,419,1,3
1605,420,1,3
1605,421,1,3
1605,422,1,3
1605,423,1,3
1605,424,1,3
1605,425,1,3
1605,426,1,2
1605,427,1,2
1605,428,1,2
1605,429,1,2
1605,430,1,2
1605,431,1,2
1605,432,1,2
1605,433,1,2
1605,434,1,2
1605,435,1,2
1605,436,1,3
1605,437,1,3
1605,438,1,3
1605,439,1,3
1605,440,1,3
1605,441,1,3
1605,442,1,3
1605,443,1,3
1605,444,1,3
1605,445,1,3
1605,446,1,3
1605,447,1,3
1605,448,1,3
1605,449,1,3
1605,450,1,3
1605,451,1,3
1605,452,1,3
1605,453,1,3
1605,454,1,3
1605,455,1,3
1605,456,1,3
1605,457,1,3
1605,458,1,3
1605,459,1,3
1605,460,1,2
1605,461,1,2
1605,462,1,2
1605,463,1,2
1605,464,1,2
1605,465,1,2
1605,466,1,2
1605,467,1,2
1605,468,1,2
1605,469,1,2
1605,470,1,2
1606,108,1,2
1606,109,1,2
1606,110,1,3
1606,111,1,3
1606,112,1,3
1606,113,1,3
1606,114,1,3
1606,115,1,3
1606,116,1,3
1606,117,1,3
1606,118,1,3
1606,119,1,3
1606,120,1,3
1606,121,1,3
1606,122,1,3
1606,123,1,3
1606,124,1,3
1606,125,1,3
1606,126,1,3
1606,127,1,3
1606,128,1,3
1606,129,1,3
1606,130,1,3
1606,131,1,3
1606,132,1,3
1606,133,1,3
1606,134,1,3
1606,135,1,3
1606,136,1,3
1606,137,1,3
1606,138,1,3
1606,139,1,3
1606,140,1,3
1606,141,1,2
1606,142,1,2
1606,143,1,2
1606,144,1,2
1606,145,1,2
1606,146,1,2
1606,147,1,2
1606,148,1,2
1606,149,1,2
1606,150,1,2
1606,151,1,2
1606,152,1,2
1606,153,1,2
1606,154,1,2
1606,155,1,2
1606,156,1,2
1606,157,1,2
1606,158,1,2
1606,159,1,2
1606,160,1,2
1606,161,1,2
1606,162,1,2
1606,163,1,2
1606,164,1,2
1606,165,1,2
1606,166,1,2
1606,167,1,2
1606,168,1,2
1606,169,1,2
1606,170,1,2
1606,171,1,2
1606,172,1,2
1606,173,1,2
1606,174,1,2
1606,175,1,2
1606,176,1,2
1606,177,1,2
1606,178,1,2
1606,179,1,2
1606,180,1,2
1606,181,1,2
1606,182,1,2
1606,183,1,2
1606,184,1,2
1606,185,1,2
1606,186,1,2
1606,187,1,2
1606,188,1,2
1606,189,1,2
1606,190,1,2
1606,191,1,2
1606,192,1,2
1606,193,1,2
1606,194,1,2
1606,195,1,2
1606,196,1,2
1606,197,1,2
1606,198,1,2
1606,199,1,2
1606,200,1,2
1606,201,1,2
1606,202,1,2
1606,203,1,2
1606,204,1,2
1606,205,1,2
1606,206,1,2
1606,207,1,2
1606,208,1,2
1606,209,1,2
1606,210,1,2
1606,211,1,2
1606,212,1,2
1606,213,1,2
1606,214,1,2
1606,215,1,2
1606,216,1,2
1606,217,1,2
1606,218,1,2
1606,219,1,2
1606,220,1,2
1606,221,1,2
1606,222,1,2
1606,223,1,2
1606,224,1,2
1606,225,1,2
1606,226,1,2
1606,227,1,2
1606,228,1,2
1606,229,1,2
1606,230,1,2
1606,231,1,2
1606,232,1,2
1606,233,1,2
1606,234,1,2
1606,235,1,2
1606,236,1,2
1606,237,1,2
1606,238,1,2
1606,239,1,2
1606,240,1,2
1606,241,1,2
1606,242,1,2
1606,243,1,2
1606,244,1,2
1606,245,1,2
1606,246,1,2
1606,247,1,2
1606,248,1,2
1606,249,1,2
1606,250,1,2
1606,251,1,2
1606,252,1,2
1606,253,1,2
1606,254,1,2
1606,255,1,2
1606,256,1,2
1606,257,1,2
1606,258,1,2
1606,259,1,2
1606,260,1,2
1606,261,1,2
1606,262,1,2
1606,263,1,2
1606,264,1,2
1606,265,1,2
1606,266,1,2
1606,267,1,2
1606,268,1,2
1606,269,1,2
1606,270,1,2
1606,271,1,2
1606,272,1,2
1606,273,1,2
1606,274,1,2
1606,275,1,2
1606,276,1,2
1606,277,1,2
1606,278,1,2
1606,279,1,2
1606,280,1,2
1606,281,1,2
1606,282,1,2
1606,283,1,2
1606,284,1,2
1606,285,1,2
1606,286,1,2
1606,287,1,2
1606,288,1,2
1606,289,1,2
1606,290,1,2
1606,291,1,2
1606,292,1,2
1606,293,1,2
1606,294,1,2
1606,295,1,2
1606,296,1,2
1606,297,1,2
1606,298,1,2
1606,299,1,2
1606,300,1,2
1606,301,1,2
1606,302,1,2
1606,303,1,2
1606,304,1,2
1606,305,1,2
1606,306,1,2
1606,307,1,2
1606,308,1,2
1606,309,1,2
1606,310,1,2
1606,311,1,2
1606,312,1,2
1606,313,1,2
1606,314,1,2
1606,315,1,2
1606,316,1,2
1606,317,1,2
1606,318,1,2
1606,319,1,2
1606,320,1,2
1606,321,1,2
1606,322,1,2
1606,323,1,2
1606,324,1,2
1606,325,1,2
1606,326,1,2
1606,327,1,2
1606,328,1,2
1606,329,1,2
1606,330,1,2
1606,331,1,2
1606,332,1,2
1606,333,1,2
1606,334,1,2
1606,335,1,2
1606,336,1,2
1606,337,1,2
1606,338,1,2
1606,339,1,2
1606,340,1,2
1606,341,1,2
1606,342,1,2
1606,343,1,2
1606,344,1,2
1606,345,1,2
1606,346,1,2
1606,347,1,2
1606,348,1,2
1606,349,1,2
1606,350,1,2
1606,351,1,2
1606,352,1,2
1606,353,1,2
1606,354,1,2
1606,355,1,2
1606,356,1,2
1606,357,1,2
1606,358,1,2
1606,359,1,2
1606,360,1,2
1606,361,1,2
1606,362,1,2
1606,363,1,2
1606,364,1,2
1606,365,1,2
1606,366,1,2
1606,367,1,2
1606,368,1,2
1606,369,1,2
1606,370,1,2
1606,371,1,2
1606,372,1,2
1606,373,1,2
1606,374,1,2
1606,375,1,2
1606,376,1,2
1606,377,1,2
1606,378,1,2
1606,379,1,2
1606,380,1,2
1606,381,1,2
1606,382,1,2
1606,383,1,2
1606,384,1,2
1606,385,1,2
1606,386,1,2
1606,387,1,2
1606,388,1,2
1606,389,1,2
1606,390,1,2
1606,391,1,3
1606,392,1,3
1606,393,1,3
1606,394,1,3
1606,395,1,3
1606,396,1,3
1606,397,1,3
1606,398,1,3
1606,399,1,3
1606,400,1,3
1606,401,1,3
1606,402,1,3
1606,403,1,3
1606,404,1,3
1606,405,1,3
1606,406,1,3
1606,407,1,3
1606,408,1,3
1606,409,1,3
1606,410,1,3
1606,411,1,3
1606,412,1,3
1606,413,1,3
1606,414,1,3
1606,415,1,3
1606,416,1,3
1606,417,1,3
1606,418,1,3
1606,419,1,3
1606,420,1,3
1606,421,1,3
1606,422,1,3
1606,423,1,3
1606,424,1,3
1606,425,1,3
1606,426,1,2
1606,427,1,2
1606,428,1,2
1606,429,1,2
1606,430,1,2
1606,431,1,2
1606,432,1,2
1606,433,1,2
1606,434,1,2
1606,435,1,2
1606,436,1,3
1606,437,1,3
1606,438,1,3
1606,439,1,3
1606,440,1,3
1606,441,1,3
1606,442,1,3
1606,443,1,3
1606,444,1,3
1606,445,1,3
1606,446,1,3
1606,447,1,3
1606,448,1,3
1606,449,1,3
1606,450,1,3
1606,451,1,3
1606,452,1,3
1606,453,1,3
1606,454,1,3
1606,455,1,3
1606,456,1,3
1606,457,1,3
1606,458,1,3
1606,459,1,2
1606,460,1,2
1606,461,1,2
1606,462,1,2
1606,463,1,2
1606,464,1,2
1606,465,1,2
1606,466,1,2
1606,467,1,2
1606,468,1,2
1606,469,1,2
1606,470,1,2
1607,108,1,2
1607,109,1,2
1607,110,1,3
1607,111,1,3
1607,112,1,3
1607,113,1,3
1607,114,1,3
1607,115,1,3
1607,116,1,3
1607,117,1,3
1607,118,1,3
1607,119,1,3
1607,120,1,3
1607,121,1,3
1607,122,1,3
1607,123,1,3
1607,124,1,3
1607,125,1,3
1607,126,1,3
1607,127,1,3
1607,128,1,3
1607,129,1,3
1607,130,1,3
1607,131,1,3
1607,132,1,3
1607,133,1,3
1607,134,1,3
1607,135,1,3
1607,136,1,3
1607,137,1,3
1607,138,1,3
1607,139,1,3
1607,140,1,2
1607,141,1,2
1607,142,1,2
1607,143,1,2
1607,144,1,2
1607,145,1,2
1607,146,1,2
1607,147,1,2
1607,148,1,2
1607,149,1,2
1607,150,1,2
1607,151,1,2
1607,152,1,2
1607,153,1,2
1607,154,1,2
1607,155,1,2
1607,156,1,2
1607,157,1,2
1607,158,1,2
1607,159,1,2
1607,160,1,2
1607,161,1,2
1607,162,1,2
1607,163,1,2
1607,164,1,2
1607,165,1,2
1607,166,1,2
1607,167,1,2
1607,168,1,2
1607,169,1,2
1607,170,1,2
1607,171,1,2
1607,172,1,2
1607,173,1,2
1607,174,1,2
1607,175,1,2
1607,176,1,2
1607,177,1,2
1607,178,1,2
1607,179,1,2
1607,180,1,2
1607,181,1,2
1607,182,1,2
1607,183,1,2
1607,184,1,2
1607,185,1,2
1607,186,1,2
1607,187,1,2
1607,188,1,2
1607,189,1,2
1607,190,1,2
1607,191,1,2
1607,192,1,2
1607,193,1,2
1607,194,1,2
1607,195,1,2
1607,196,1,2
1607,197,1,2
1607,198,1,2
1607,199,1,2
1607,200,1,2
1607,201,1,2
1607,202,1,2
1607,203,1,2
1607,204,1,2
1607,205,1,2
1607,206,1,2
1607,207,1,2
1607,208,1,2
1607,209,1,2
1607,210,1,2
1607,211,1,2
1607,212,1,2
1607,213,1,2
1607,214,1,2
1607,215,1,2
1607,216,1,2
1607,217,1,2
1607,218,1,2
1607,219,1,2
1607,220,1,2
1607,221,1,2
1607,222,1,2
1607,223,1,2
1607,224,1,2
1607,225,1,2
1607,226,1,2
1607,227,1,2
1607,228,1,2
1607,229,1,2
1607,230,1,2
1607,231,1,2
1607,232,1,2
1607,233,1,2
1607,234,1,2
1607,235,1,2
1607,236,1,2
1607,237,1,2
1607,238,1,2
1607,239,1,2
1607,240,1,2
1607,241,1,2
1607,242,1,2
1607,243,1,2
1607,244,1,2
1607,245,1,2
1607,246,1,2
1607,247,1,2
1607,248,1,2
1607,249,1,2
1607,250,1,2
1607,251,1,2
1607,252,1,2
1607,253,1,2
1607,254,1,2
1607,255,1,2
1607,256,1,2
1607,257,1,2
1607,258,1,2
1607,259,1,2
1607,260,1,2
1607,261,1,2
1607,262,1,2
1607,263,1,2
1607,264,1,2
1607,265,1,2
1607,266,1,2
1607,267,1,2
1607,268,1,2
1607,269,1,2
1607,270,1,2
1607,271,1,2
1607,272,1,2
1607,273,1,2
1607,274,1,2
1607,275,1,2
1607,276,1,2
1607,277,1,2
1607,278,1,2
1607,279,1,2
1607,280,1,2
1607,281,1,2
1607,282,1,2
1607,283,1,2
1607,284,1,2
1607,285,1,2
1607,286,1,2
1607,287,1,2
1607,288,1,2
1607,289,1,2
1607,290,1,2
1607,291,1,2
1607,292,1,2
1607,293,1,2
1607,294,1,2
1607,295,1,2
1607,296,1,2
1607,297,1,2
1607,298,1,2
1607,299,1,2
1607,300,1,2
1607,301,1,2
1607,302,1,2
1607,303,1,2
1607,304,1,2
1607,305,1,2
1607,306,1,2
1607,307,1,2
1607,308,1,2
1607,309,1,2
1607,310,1,2
1607,311,1,2
1607,312,1,2
1607,313,1,2
1607,314,1,2
1607,315,1,2
1607,316,1,2
1607,317,1,2
1607,318,1,2
1607,319,1,2
1607,320,1,2
1607,321,1,2
1607,322,1,2
1607,323,1,2
1607,324,1,2
1607,325,1,2
1607,326,1,2
1607,327,1,2
1607,328,1,2
1607,329,1,2
1607,330,1,2
1607,331,1,2
1607,332,1,2
1607,333,1,2
1607,334,1,2
1607,335,1,2
1607,336,1,2
1607,337,1,2
1607,338,1,2
1607,339,1,2
1607,340,1,2
1607,341,1,2
1607,342,1,2
1607,343,1,2
1607,344,1,2
1607,345,1,2
1607,346,1,2
1607,347,1,2
1607,348,1,2
1607,349,1,2
1607,350,1,2
1607,351,1,2
1607,352,1,2
1607,353,1,2
1607,354,1,2
1607,355,1,2
1607,356,1,2
1607,357,1,2
1607,358,1,2
1607,359,1,2
1607,360,1,2
1607,361,1,2
1607,362,1,2
1607,363,1,2
1607,364,1,2
1607,365,1,2
1607,366,1,2
1607,367,1,2
1607,368,1,2
1607,369,1,2
1607,370,1,2
1607,371,1,2
1607,372,1,2
1607,373,1,2
1607,374,1,2
1607,375,1,2
1607,376,1,2
1607,377,1,2
1607,378,1,2
1607,379,1,2
1607,380,1,2
1607,381,1,2
1607,382,1,2
1607,383,1,2
1607,384,1,2
1607,385,1,2
1607,386,1,2
1607,387,1,2
1607,388,1,2
1607,389,1,2
1607,390,1,2
1607,391,1,3
1607,392,1,3
1607,393,1,3
1607,394,1,3
1607,395,1,3
1607,396,1,3
1607,397,1,3
1607,398,1,3
1607,399,1,3
1607,400,1,3
1607,401,1,3
1607,402,1,3
1607,403,1,3
1607,404,1,3
1607,405,1,3
1607,406,1,3
1607,407,1,3
1607,408,1,3
1607,409,1,3
1607,410,1,3
1607,411,1,3
1607,412,1,3
1607,413,1,3
1607,414,1,3
1607,415,1,3
1607,416,1,3
1607,417,1,3
1607,418,1,3
1607,419,1,3
1607,420,1,3
1607,421,1,3
1607,422,1,3
1607,423,1,3
1607,424,1,3
1607,425,1,2
1607,426,1,2
1607,427,1,2
1607,428,1,2
1607,429,1,2
1607,430,1,2
1607,431,1,2
1607,432,1,2
1607,433,1,2
1607,434,1,2
1607,435,1,2
1607,436,1,2
1607,437,1,3
1607,438,1,3
1607,439,1,3
1607,440,1,3
1607,441,1,3
1607,442,1,3
1607,443,1,3
1607,444,1,3
1607,445,1,3
1607,446,1,3
1607,447,1,3
1607,448,1,3
1607,449,1,3
1607,450,1,3
1607,451,1,3
1607,452,1,3
1607,453,1,3
1607,454,1,3
1607,455,1,3
1607,456,1,3
1607,457,1,3
1607,458,1,3
1607,459,1,2
1607,460,1,2
1607,461,1,2
1607,462,1,2
1607,463,1,2
1607,464,1,2
1607,465,1,2
1607,466,1,2
1607,467,1,2
1607,468,1,2
1607,469,1,2
1607,470,1,2
1607,471,1,3
1608,109,1,2
1608,110,1,3
1608,111,1,3
1608,112,1,3
1608,113,1,3
1608,114,1,3
1608,115,1,3
1608,116,1,3
1608,117,1,3
1608,118,1,3
1608,119,1,3
1608,120,1,3
1608,121,1,3
1608,122,1,3
1608,123,1,3
1608,124,1,3
1608,125,1,3
1608,126,1,3
1608,127,1,3
1608,128,1,3
1608,129,1,3
1608,130,1,3
1608,131,1,3
1608,132,1,3
1608,133,1,3
1608,134,1,3
1608,135,1,3
1608,136,1,3
1608,137,1,3
1608,138,1,3
1608,139,1,3
1608,140,1,3
1608,141,1,2
1608,142,1,2
1608,143,1,2
1608,144,1,2
1608,145,1,2
1608,146,1,2
1608,147,1,2
1608,148,1,2
1608,149,1,2
1608,150,1,2
1608,151,1,2
1608,152,1,2
1608,153,1,2
1608,154,1,2
1608,155,1,2
1608,156,1,2
1608,157,1,2
1608,158,1,2
1608,159,1,2
1608,160,1,2
1608,161,1,2
1608,162,1,2
1608,163,1,2
1608,164,1,2
1608,165,1,2
1608,166,1,2
1608,167,1,2
1608,168,1,2
1608,169,1,2
1608,170,1,2
1608,171,1,2
1608,172,1,2
1608,173,1,2
1608,174,1,2
1608,175,1,2
1608,176,1,2
1608,177,1,2
1608,178,1,2
1608,179,1,2
1608,180,1,2
1608,181,1,2
1608,182,1,2
1608,183,1,2
1608,184,1,2
1608,185,1,2
1608,186,1,2
1608,187,1,2
1608,188,1,2
1608,189,1,2
1608,190,1,2
1608,191,1,2
1608,192,1,2
1608,193,1,2
1608,194,1,2
1608,195,1,2
1608,196,1,2
1608,197,1,2
1608,198,1,2
1608,199,1,2
1608,200,1,2
1608,201,1,2
1608,202,1,2
1608,203,1,2
1608,204,1,2
1608,205,1,2
1608,206,1,2
1608,207,1,2
1608,208,1,2
1608,209,1,2
1608,210,1,2
1608,211,1,2
1608,212,1,2
1608,213,1,2
1608,214,1,2
1608,215,1,2
1608,216,1,2
1608,217,1,2
1608,218,1,2
1608,219,1,2
1608,220,1,2
1608,221,1,2
1608,222,1,2
1608,223,1,2
1608,224,1,2
1608,225,1,2
1608,226,1,2
1608,227,1,2
1608,228,1,2
1608,229,1,2
1608,230,1,2
1608,231,1,2
1608,232,1,2
1608,233,1,2
1608,234,1,2
1608,235,1,2
1608,236,1,2
1608,237,1,2
1608,238,1,2
1608,239,1,2
1608,240,1,2
1608,241,1,2
1608,242,1,2
1608,243,1,2
1608,244,1,2
1608,245,1,2
1608,246,1,2
1608,247,1,2
1608,248,1,2
1608,249,1,2
1608,250,1,2
1608,251,1,2
1608,252,1,2
1608,253,1,2
1608,254,1,2
1608,255,1,2
1608,256,1,2
1608,257,1,2
1608,258,1,2
1608,259,1,2
1608,260,1,2
1608,261,1,2
1608,262,1,2
1608,263,1,2
1608,264,1,2
1608,265,1,2
1608,266,1,2
1608,267,1,2
1608,268,1,2
1608,269,1,2
1608,270,1,2
1608,271,1,2
1608,272,1,2
1608,273,1,2
1608,274,1,2
1608,275,1,2
1608,276,1,2
1608,277,1,2
1608,278,1,2
1608,279,1,2
1608,280,1,2
1608,281,1,2
1608,282,1,2
1608,283,1,2
1608,284,1,2
1608,285,1,2
1608,286,1,2
1608,287,1,2
1608,288,1,2
1608,289,1,2
1608,290,1,2
1608,291,1,2
1608,292,1,2
1608,293,1,2
1608,294,1,2
1608,295,1,2
1608,296,1,2
1608,297,1,2
1608,298,1,2
1608,299,1,2
1608,300,1,2
1608,301,1,2
1608,302,1,2
1608,303,1,2
1608,304,1,2
1608,305,1,2
1608,306,1,2
1608,307,1,2
1608,308,1,2
1608,309,1,2
1608,310,1,2
1608,311,1,2
1608,312,1,2
1608,313,1,2
1608,314,1,2
1608,315,1,2
1608,316,1,2
1608,317,1,2
1608,318,1,2
1608,319,1,2
1608,320,1,2
1608,321,1,2
1608,322,1,2
1608,323,1,2
1608,324,1,2
1608,325,1,2
1608,326,1,2
1608,327,1,2
1608,328,1,2
1608,329,1,2
1608,330,1,2
1608,331,1,2
1608,332,1,2
1608,333,1,2
1608,334,1,2
1608,335,1,2
1608,336,1,2
1608,337,1,2
1608,338,1,2
1608,339,1,2
1608,340,1,2
1608,341,1,2
1608,342,1,2
1608,343,1,2
1608,344,1,2
1608,345,1,2
1608,346,1,2
1608,347,1,2
1608,348,1,2
1608,349,1,2
1608,350,1,2
1608,351,1,2
1608,352,1,2
1608,353,1,2
1608,354,1,2
1608,355,1,2
1608,356,1,2
1608,357,1,2
1608,358,1,2
1608,359,1,2
1608,360,1,2
1608,361,1,2
1608,362,1,2
1608,363,1,2
1608,364,1,2
1608,365,1,2
1608,366,1,2
1608,367,1,2
1608,368,1,2
1608,369,1,2
1608,370,1,2
1608,371,1,2
1608,372,1,2
1608,373,1,2
1608,374,1,2
1608,375,1,2
1608,376,1,2
1608,377,1,2
1608,378,1,2
1608,379,1,2
1608,380,1,2
1608,381,1,2
1608,382,1,2
1608,383,1,2
1608,384,1,2
1608,385,1,2
1608,386,1,2
1608,387,1,2
1608,388,1,2
1608,389,1,2
1608,390,1,2
1608,391,1,2
1608,392,1,3
1608,393,1,3
1608,394,1,3
1608,395,1,3
1608,396,1,3
1608,397,1,3
1608,398,1,3
1608,399,1,3
1608,400,1,3
1608,401,1,3
1608,402,1,3
1608,403,1,3
1608,404,1,3
1608,405,1,3
1608,406,1,3
1608,407,1,3
1608,408,1,3
1608,409,1,3
1608,410,1,3
1608,411,1,3
1608,412,1,3
1608,413,1,3
1608,414,1,3
1608,415,1,3
1608,416,1,3
1608,417,1,3
1608,418,1,3
1608,419,1,3
1608,420,1,3
1608,421,1,3
1608,422,1,3
1608,423,1,3
1608,424,1,3
1608,425,1,2
1608,426,1,2
1608,427,1,2
1608,428,1,2
1608,429,1,2
1608,430,1,2
1608,431,1,2
1608,432,1,2
1608,433,1,2
1608,434,1,2
1608,435,1,2
1608,436,1,2
1608,437,1,2
1608,438,1,3
1608,439,1,3
1608,440,1,3
1608,441,1,3
1608,442,1,3
1608,443,1,3
1608,444,1,3
1608,445,1,3
1608,446,1,3
1608,447,1,3
1608,448,1,3
1608,449,1,3
1608,450,1,3
1608,451,1,3
1608,452,1,3
1608,453,1,3
1608,454,1,3
1608,455,1,3
1608,456,1,3
1608,457,1,3
1608,458,1,2
1608,459,1,2
1608,460,1,2
1608,461,1,2
1608,462,1,2
1608,463,1,2
1608,464,1,2
1608,465,1,2
1608,466,1,2
1608,467,1,2
1608,468,1,2
1608,469,1,2
1608,470,1,2
1608,471,1,3
1609,109,1,2
1609,110,1,2
1609,111,1,3
1609,112,1,3
1609,113,1,3
1609,114,1,3
1609,115,1,3
1609,116,1,3
1609,117,1,3
1609,118,1,3
1609,119,1,3
1609,120,1,3
1609,121,1,3
1609,122,1,3
1609,123,1,3
1609,124,1,3
1609,125,1,3
1609,126,1,3
1609,127,1,3
1609,128,1,3
1609,129,1,3
1609,130,1,3
1609,131,1,3
1609,132,1,3
1609,133,1,3
1609,134,1,3
1609,135,1,3
1609,136,1,3
1609,137,1,3
1609,138,1,3
1609,139,1,3
1609,140,1,3
1609,141,1,2
1609,142,1,2
1609,143,1,2
1609,144,1,2
1609,145,1,2
1609,146,1,2
1609,147,1,2
1609,148,1,2
1609,149,1,2
1609,150,1,2
1609,151,1,2
1609,152,1,2
1609,153,1,2
1609,154,1,2
1609,155,1,2
1609,156,1,2
1609,157,1,2
1609,158,1,2
1609,159,1,2
1609,160,1,2
1609,161,1,2
1609,162,1,2
1609,163,1,2
1609,164,1,2
1609,165,1,2
1609,166,1,2
1609,167,1,2
1609,168,1,2
1609,169,1,2
1609,170,1,2
1609,171,1,2
1609,172,1,2
1609,173,1,2
1609,174,1,2
1609,175,1,2
1609,176,1,2
1609,177,1,2
1609,178,1,2
1609,179,1,2
1609,180,1,2
1609,181,1,2
1609,182,1,2
1609,183,1,2
1609,184,1,2
1609,185,1,2
1609,186,1,2
1609,187,1,2
1609,188,1,2
1609,189,1,2
1609,190,1,2
1609,191,1,2
1609,192,1,2
1609,193,1,2
1609,194,1,2
1609,195,1,2
1609,196,1,2
1609,197,1,2
1609,198,1,2
1609,199,1,2
1609,200,1,2
1609,201,1,2
1609,202,1,2
1609,203,1,2
1609,204,1,2
1609,205,1,2
1609,206,1,2
1609,207,1,2
1609,208,1,2
1609,209,1,2
1609,210,1,2
1609,211,1,2
1609,212,1,2
1609,213,1,2
1609,214,1,2
1609,215,1,2
1609,216,1,2
1609,217,1,2
1609,218,1,2
1609,219,1,2
1609,220,1,2
1609,221,1,2
1609,222,1,2
1609,223,1,2
1609,224,1,2
1609,225,1,2
1609,226,1,2
1609,227,1,2
1609,228,1,2
1609,229,1,2
1609,230,1,2
1609,231,1,2
1609,232,1,2
1609,233,1,2
1609,234,1,2
1609,235,1,2
1609,236,1,2
1609,237,1,2
1609,238,1,2
1609,239,1,2
1609,240,1,2
1609,241,1,2
1609,242,1,2
1609,243,1,2
1609,244,1,2
1609,245,1,2
1609,246,1,2
1609,247,1,2
1609,248,1,2
1609,249,1,2
1609,250,1,2
1609,251,1,2
1609,252,1,2
1609,253,1,2
1609,254,1,2
1609,255,1,2
1609,256,1,2
1609,257,1,2
1609,258,1,2
1609,259,1,2
1609,260,1,2
1609,261,1,2
1609,262,1,2
1609,263,1,2
1609,264,1,2
1609,265,1,2
1609,266,1,2
1609,267,1,2
1609,268,1,2
1609,269,1,2
1609,270,1,2
1609,271,1,2
1609,272,1,2
1609,273,1,2
1609,274,1,2
1609,275,1,2
1609,276,1,2
1609,277,1,2
1609,278,1,2
1609,279,1,2
1609,280,1,2
1609,281,1,2
1609,282,1,2
1609,283,1,2
1609,284,1,2
1609,285,1,2
1609,286,1,2
1609,287,1,2
1609,288,1,2
1609,289,1,2
1609,290,1,2
1609,291,1,2
1609,292,1,2
1609,293,1,2
1609,294,1,2
1609,295,1,2
1609,296,1,2
1609,297,1,2
1609,298,1,2
1609,299,1,2
1609,300,1,2
1609,301,1,2
1609,302,1,2
1609,303,1,2
1609,304,1,2
1609,305,1,2
1609,306,1,2
1609,307,1,2
1609,308,1,2
1609,309,1,2
1609,310,1,2
1609,311,1,2
1609,312,1,2
1609,313,1,2
1609,314,1,2
1609,315,1,2
1609,316,1,2
1609,317,1,2
1609,318,1,2
1609,319,1,2
1609,320,1,2
1609,321,1,2
1609,322,1,2
1609,323,1,2
1609,324,1,2
1609,325,1,2
1609,326,1,2
1609,327,1,2
1609,328,1,2
1609,329,1,2
1609,330,1,2
1609,331,1,2
1609,332,1,2
1609,333,1,2
1609,334,1,2
1609,335,1,2
1609,336,1,2
1609,337,1,2
1609,338,1,2
1609,339,1,2
1609,340,1,2
1609,341,1,2
1609,342,1,2
1609,343,1,2
1609,344,1,2
1609,345,1,2
1609,346,1,2
1609,347,1,2
1609,348,1,2
1609,349,1,2
1609,350,1,2
1609,351,1,2
1609,352,1,2
1609,353,1,2
1609,354,1,2
1609,355,1,2
1609,356,1,2
1609,357,1,2
1609,358,1,2
1609,359,1,2
1609,360,1,2
1609,361,1,2
1609,362,1,2
1609,363,1,2
1609,364,1,2
1609,365,1,2
1609,366,1,2
1609,367,1,2
1609,368,1,2
1609,369,1,2
1609,370,1,2
1609,371,1,2
1609,372,1,2
1609,373,1,2
1609,374,1,2
1609,375,1,2
1609,376,1,2
1609,377,1,2
1609,378,1,2
1609,379,1,2
1609,380,1,2
1609,381,1,2
1609,382,1,2
1609,383,1,2
1609,384,1,2
1609,385,1,2
1609,386,1,2
1609,387,1,2
1609,388,1,2
1609,389,1,2
1609,390,1,2
1609,391,1,2
1609,392,1,3
1609,393,1,3
1609,394,1,3
1609,395,1,3
1609,396,1,3
1609,397,1,3
1609,398,1,3
1609,399,1,3
1609,400,1,3
1609,401,1,3
1609,402,1,3
1609,403,1,3
1609,404,1,3
1609,405,1,3
1609,406,1,3
1609,407,1,3
1609,408,1,3
1609,409,1,3
1609,410,1,3
1609,411,1,3
1609,412,1,3
1609,413,1,3
1609,414,1,3
1609,415,1,3
1609,416,1,3
1609,417,1,3
1609,418,1,3
1609,419,1,3
1609,420,1,3
1609,421,1,3
1609,422,1,3
1609,423,1,2
1609,424,1,2
1609,425,1,2
1609,426,1,2
1609,427,1,2
1609,428,1,2
1609,429,1,2
1609,430,1,2
1609,431,1,2
1609,432,1,2
1609,433,1,2
1609,434,1,2
1609,435,1,2
1609,436,1,2
1609,437,1,2
1609,438,1,3
1609,439,1,3
1609,440,1,3
1609,441,1,3
1609,442,1,3
1609,443,1,3
1609,444,1,3
1609,445,1,3
1609,446,1,3
1609,447,1,3
1609,448,1,3
1609,449,1,3
1609,450,1,3
1609,451,1,3
1609,452,1,3
1609,453,1,3
1609,454,1,3
1609,455,1,3
1609,456,1,3
1609,457,1,2
1609,458,1,2
1609,459,1,2
1609,460,1,2
1609,461,1,2
1609,462,1,2
1609,463,1,2
1609,464,1,2
1609,465,1,2
1609,466,1,2
1609,467,1,2
1609,468,1,2
1609,469,1,2
1609,470,1,2
1609,471,1,2
1610,109,1,2
1610,110,1,2
1610,111,1,3
1610,112,1,3
1610,113,1,3
1610,114,1,3
1610,115,1,3
1610,116,1,3
1610,117,1,3
1610,118,1,3
1610,119,1,3
1610,120,1,3
1610,121,1,3
1610,122,1,3
1610,123,1,3
1610,124,1,3
1610,125,1,3
1610,126,1,3
1610,127,1,3
1610,128,1,3
1610,129,1,3
1610,130,1,3
1610,131,1,3
1610,132,1,3
1610,133,1,3
1610,134,1,3
1610,135,1,3
1610,136,1,3
1610,137,1,3
1610,138,1,3
1610,139,1,3
1610,140,1,3
1610,141,1,2
1610,142,1,2
1610,143,1,2
1610,144,1,2
1610,145,1,2
1610,146,1,2
1610,147,1,2
1610,148,1,2
1610,149,1,2
1610,150,1,2
1610,151,1,2
1610,152,1,2
1610,153,1,2
1610,154,1,2
1610,155,1,2
1610,156,1,2
1610,157,1,2
1610,158,1,2
1610,159,1,2
1610,160,1,2
1610,161,1,2
1610,162,1,2
1610,163,1,2
1610,164,1,2
1610,165,1,2
1610,166,1,2
1610,167,1,2
1610,168,1,2
1610,169,1,2
1610,170,1,2
1610,171,1,2
1610,172,1,2
1610,173,1,2
1610,174,1,2
1610,175,1,2
1610,176,1,2
1610,177,1,2
1610,178,1,2
1610,179,1,2
1610,180,1,2
1610,181,1,2
1610,182,1,2
1610,183,1,2
1610,184,1,2
1610,185,1,2
1610,186,1,2
1610,187,1,2
1610,188,1,2
1610,189,1,2
1610,190,1,2
1610,191,1,2
1610,192,1,2
1610,193,1,2
1610,194,1,2
1610,195,1,2
1610,196,1,2
1610,197,1,2
1610,198,1,2
1610,199,1,2
1610,200,1,2
1610,201,1,2
1610,202,1,2
1610,203,1,2
1610,204,1,2
1610,205,1,2
1610,206,1,2
1610,207,1,2
1610,208,1,2
1610,209,1,2
1610,210,1,2
1610,211,1,2
1610,212,1,2
1610,213,1,2
1610,214,1,2
1610,215,1,2
1610,216,1,2
1610,217,1,2
1610,218,1,2
1610,219,1,2
1610,220,1,2
1610,221,1,2
1610,222,1,2
1610,223,1,2
1610,224,1,2
1610,225,1,2
1610,226,1,2
1610,227,1,2
1610,228,1,2
1610,229,1,2
1610,230,1,2
1610,231,1,2
1610,232,1,2
1610,233,1,2
1610,234,1,2
1610,235,1,2
1610,236,1,2
1610,237,1,2
1610,238,1,2
1610,239,1,2
1610,240,1,2
1610,241,1,2
1610,242,1,2
1610,243,1,2
1610,244,1,2
1610,245,1,2
1610,246,1,2
1610,247,1,2
1610,248,1,2
1610,249,1,2
1610,250,1,2
1610,251,1,2
1610,252,1,2
1610,253,1,2
1610,254,1,2
1610,255,1,2
1610,256,1,2
1610,257,1,2
1610,258,1,2
1610,259,1,2
1610,260,1,2
1610,261,1,2
1610,262,1,2
1610,263,1,2
1610,264,1,2
1610,265,1,2
1610,266,1,2
1610,267,1,2
1610,268,1,2
1610,269,1,2
1610,270,1,2
1610,271,1,2
1610,272,1,2
1610,273,1,2
1610,274,1,2
1610,275,1,2
1610,276,1,2
1610,277,1,2
1610,278,1,2
1610,279,1,2
1610,280,1,2
1610,281,1,2
1610,282,1,2
1610,283,1,2
1610,284,1,2
1610,285,1,2
1610,286,1,2
1610,287,1,2
1610,288,1,2
1610,289,1,2
1610,290,1,2
1610,291,1,2
1610,292,1,2
1610,293,1,2
1610,294,1,2
1610,295,1,2
1610,296,1,2
1610,297,1,2
1610,298,1,2
1610,299,1,2
1610,300,1,2
1610,301,1,2
1610,302,1,2
1610,303,1,2
1610,304,1,2
1610,305,1,2
1610,306,1,2
1610,307,1,2
1610,308,1,2
1610,309,1,2
1610,310,1,2
1610,311,1,2
1610,312,1,2
1610,313,1,2
1610,314,1,2
1610,315,1,2
1610,316,1,2
1610,317,1,2
1610,318,1,2
1610,319,1,2
1610,320,1,2
1610,321,1,2
1610,322,1,2
1610,323,1,2
1610,324,1,2
1610,325,1,2
1610,326,1,2
1610,327,1,2
1610,328,1,2
1610,329,1,2
1610,330,1,2
1610,331,1,2
1610,332,1,2
1610,333,1,2
1610,334,1,2
1610,335,1,2
1610,336,1,2
1610,337,1,2
1610,338,1,2
1610,339,1,2
1610,340,1,2
1610,341,1,2
1610,342,1,2
1610,343,1,2
1610,344,1,2
1610,345,1,2
1610,346,1,2
1610,347,1,2
1610,348,1,2
1610,349,1,2
1610,350,1,2
1610,351,1,2
1610,352,1,2
1610,353,1,2
1610,354,1,2
1610,355,1,2
1610,356,1,2
1610,357,1,2
1610,358,1,2
1610,359,1,2
1610,360,1,2
1610,361,1,2
1610,362,1,2
1610,363,1,2
1610,364,1,2
1610,365,1,2
1610,366,1,2
1610,367,1,2
1610,368,1,2
1610,369,1,2
1610,370,1,2
1610,371,1,2
1610,372,1,2
1610,373,1,2
1610,374,1,2
1610,375,1,2
1610,376,1,2
1610,377,1,2
1610,378,1,2
1610,379,1,2
1610,380,1,2
1610,381,1,2
1610,382,1,2
1610,383,1,2
1610,384,1,2
1610,385,1,2
1610,386,1,2
1610,387,1,2
1610,388,1,2
1610,389,1,2
1610,390,1,2
1610,391,1,2
1610,392,1,3
1610,393,1,3
1610,394,1,3
1610,395,1,3
1610,396,1,3
1610,397,1,3
1610,398,1,3
1610,399,1,3
1610,400,1,3
1610,401,1,3
1610,402,1,3
1610,403,1,3
1610,404,1,3
1610,405,1,3
1610,406,1,3
1610,407,1,3
1610,408,1,3
1610,409,1,3
1610,410,1,3
1610,411,1,3
1610,412,1,3
1610,413,1,3
1610,414,1,3
1610,415,1,3
1610,416,1,3
1610,417,1,3
1610,418,1,3
1610,419,1,3
1610,420,1,3
1610,421,1,3
1610,422,1,3
1610,423,1,2
1610,424,1,2
1610,425,1,2
1610,426,1,2
1610,427,1,2
1610,428,1,2
1610,429,1,2
1610,430,1,2
1610,431,1,2
1610,432,1,2
1610,433,1,2
1610,434,1,2
1610,435,1,2
1610,436,1,2
1610,437,1,2
1610,438,1,2
1610,439,1,3
1610,440,1,3
1610,441,1,3
1610,442,1,3
1610,443,1,3
1610,444,1,3
1610,445,1,3
1610,446,1,3
1610,447,1,3
1610,448,1,3
1610,449,1,3
1610,450,1,3
1610,451,1,3
1610,452,1,3
1610,453,1,3
1610,454,1,3
1610,455,1,2
1610,456,1,2
1610,457,1,2
1610,458,1,2
1610,459,1,2
1610,460,1,2
1610,461,1,2
1610,462,1,2
1610,463,1,2
1610,464,1,2
1610,465,1,2
1610,466,1,2
1610,467,1,2
1610,468,1,2
1610,469,1,2
1610,470,1,2
1610,471,1,2
1611,109,1,2
1611,110,1,2
1611,111,1,3
1611,112,1,3
1611,113,1,3
1611,114,1,3
1611,115,1,3
1611,116,1,3
1611,117,1,3
1611,118,1,3
1611,119,1,3
1611,120,1,3
1611,121,1,3
1611,122,1,3
1611,123,1,3
1611,124,1,3
1611,125,1,3
1611,126,1,3
1611,127,1,3
1611,128,1,3
1611,129,1,3
1611,130,1,3
1611,131,1,3
1611,132,1,3
1611,133,1,3
1611,134,1,3
1611,135,1,3
1611,136,1,3
1611,137,1,3
1611,138,1,3
1611,139,1,3
1611,140,1,2
1611,141,1,2
1611,142,1,2
1611,143,1,2
1611,144,1,2
1611,145,1,2
1611,146,1,2
1611,147,1,2
1611,148,1,2
1611,149,1,2
1611,150,1,2
1611,151,1,2
1611,152,1,2
1611,153,1,2
1611,154,1,2
1611,155,1,2
1611,156,1,2
1611,157,1,2
1611,158,1,2
1611,159,1,2
1611,160,1,2
1611,161,1,2
1611,162,1,2
1611,163,1,2
1611,164,1,2
1611,165,1,2
1611,166,1,2
1611,167,1,2
1611,168,1,2
1611,169,1,2
1611,170,1,2
1611,171,1,2
1611,172,1,2
1611,173,1,2
1611,174,1,2
1611,175,1,2
1611,176,1,2
1611,177,1,2
1611,178,1,2
1611,179,1,2
1611,180,1,2
1611,181,1,2
1611,182,1,2
1611,183,1,2
1611,184,1,2
1611,185,1,2
1611,186,1,2
1611,187,1,2
1611,188,1,2
1611,189,1,2
1611,190,1,2
1611,191,1,2
1611,192,1,2
1611,193,1,2
1611,194,1,2
1611,195,1,2
1611,196,1,2
1611,197,1,2
1611,198,1,2
1611,199,1,2
1611,200,1,2
1611,201,1,2
1611,202,1,2
1611,203,1,2
1611,204,1,2
1611,205,1,2
1611,206,1,2
1611,207,1,2
1611,208,1,2
1611,209,1,2
1611,210,1,2
1611,211,1,2
1611,212,1,2
1611,213,1,2
1611,214,1,2
1611,215,1,2
1611,216,1,2
1611,217,1,2
1611,218,1,2
1611,219,1,2
1611,220,1,2
1611,221,1,2
1611,222,1,2
1611,223,1,2
1611,224,1,2
1611,225,1,2
1611,226,1,2
1611,227,1,2
1611,228,1,2
1611,229,1,2
1611,230,1,2
1611,231,1,2
1611,232,1,2
1611,233,1,2
1611,234,1,2
1611,235,1,2
1611,236,1,2
1611,237,1,2
1611,238,1,2
1611,239,1,2
1611,240,1,2
1611,241,1,2
1611,242,1,2
1611,243,1,2
1611,244,1,2
1611,245,1,2
1611,246,1,2
1611,247,1,2
1611,248,1,2
1611,249,1,2
1611,250,1,2
1611,251,1,2
1611,252,1,2
1611,253,1,2
1611,254,1,2
1611,255,1,2
1611,256,1,2
1611,257,1,2
1611,258,1,2
1611,259,1,2
1611,260,1,2
1611,261,1,2
1611,262,1,2
1611,263,1,2
1611,264,1,2
1611,265,1,2
1611,266,1,2
1611,267,1,2
1611,268,1,2
1611,269,1,2
1611,270,1,2
1611,271,1,2
1611,272,1,2
1611,273,1,2
1611,274,1,2
1611,275,1,2
1611,276,1,2
1611,277,1,2
1611,278,1,2
1611,279,1,2
1611,280,1,2
1611,281,1,2
1611,282,1,2
1611,283,1,2
1611,284,1,2
1611,285,1,2
1611,286,1,2
1611,287,1,2
1611,288,1,2
1611,289,1,2
1611,290,1,2
1611,291,1,2
1611,292,1,2
1611,293,1,2
1611,294,1,2
1611,295,1,2
1611,296,1,2
1611,297,1,2
1611,298,1,2
1611,299,1,2
1611,300,1,2
1611,301,1,2
1611,302,1,2
1611,303,1,2
1611,304,1,2
1611,305,1,2
1611,306,1,2
1611,307,1,2
1611,308,1,2
1611,309,1,2
1611,310,1,2
1611,311,1,2
1611,312,1,2
1611,313,1,2
1611,314,1,2
1611,315,1,2
1611,316,1,2
1611,317,1,2
1611,318,1,2
1611,319,1,2
1611,320,1,2
1611,321,1,2
1611,322,1,2
1611,323,1,2
1611,324,1,2
1611,325,1,2
1611,326,1,2
1611,327,1,2
1611,328,1,2
1611,329,1,2
1611,330,1,2
1611,331,1,2
1611,332,1,2
1611,333,1,2
1611,334,1,2
1611,335,1,2
1611,336,1,2
1611,337,1,2
1611,338,1,2
1611,339,1,2
1611,340,1,2
1611,341,1,2
1611,342,1,2
1611,343,1,2
1611,344,1,2
1611,345,1,2
1611,346,1,2
1611,347,1,2
1611,348,1,2
1611,349,1,2
1611,350,1,2
1611,351,1,2
1611,352,1,2
1611,353,1,2
1611,354,1,2
1611,355,1,2
1611,356,1,2
1611,357,1,2
1611,358,1,2
1611,359,1,2
1611,360,1,2
1611,361,1,2
1611,362,1,2
1611,363,1,2
1611,364,1,2
1611,365,1,2
1611,366,1,2
1611,367,1,2
1611,368,1,2
1611,369,1,2
1611,370,1,2
1611,371,1,2
1611,372,1,2
1611,373,1,2
1611,374,1,2
1611,375,1,2
1611,376,1,2
1611,377,1,2
1611,378,1,2
1611,379,1,2
1611,380,1,2
1611,381,1,2
1611,382,1,2
1611,383,1,2
1611,384,1,2
1611,385,1,2
1611,386,1,2
1611,387,1,2
1611,388,1,2
1611,389,1,2
1611,390,1,2
1611,391,1,2
1611,392,1,3
1611,393,1,3
1611,394,1,3
1611,395,1,3
1611,396,1,3
1611,397,1,3
1611,398,1,3
1611,399,1,3
1611,400,1,3
1611,401,1,3
1611,402,1,3
1611,403,1,3
1611,404,1,3
1611,405,1,3
1611,406,1,3
1611,407,1,3
1611,408,1,3
1611,409,1,3
1611,410,1,3
1611,411,1,3
1611,412,1,3
1611,413,1,3
1611,414,1,3
1611,415,1,3
1611,416,1,3
1611,417,1,3
1611,418,1,3
1611,419,1,3
1611,420,1,3
1611,421,1,3
1611,422,1,3
1611,423,1,2
1611,424,1,2
1611,425,1,2
1611,426,1,2
1611,427,1,2
1611,428,1,2
1611,429,1,2
1611,430,1,2
1611,431,1,2
1611,432,1,2
1611,433,1,2
1611,434,1,2
1611,435,1,2
1611,436,1,2
1611,437,1,2
1611,438,1,2
1611,439,1,2
1611,440,1,2
1611,441,1,2
1611,442,1,3
1611,443,1,3
1611,444,1,3
1611,445,1,3
1611,446,1,3
1611,447,1,3
1611,448,1,3
1611,449,1,3
1611,450,1,3
1611,451,1,3
1611,452,1,3
1611,453,1,2
1611,454,1,2
1611,455,1,2
1611,456,1,2
1611,457,1,2
1611,458,1,2
1611,459,1,2
1611,460,1,2
1611,461,1,2
1611,462,1,2
1611,463,1,2
1611,464,1,2
1611,465,1,2
1611,466,1,2
1611,467,1,2
1611,468,1,2
1611,469,1,2
1611,470,1,2
1611,471,1,2
1612,109,1,2
1612,110,1,2
1612,111,1,2
1612,112,1,3
1612,113,1,3
1612,114,1,3
1612,115,1,3
1612,116,1,3
1612,117,1,3
1612,118,1,3
1612,119,1,3
1612,120,1,3
1612,121,1,3
1612,122,1,3
1612,123,1,3
1612,124,1,3
1612,125,1,3
1612,126,1,3
1612,127,1,3
1612,128,1,3
1612,129,1,3
1612,130,1,3
1612,131,1,3
1612,132,1,3
1612,133,1,3
1612,134,1,3
1612,135,1,3
1612,136,1,3
1612,137,1,3
1612,138,1,3
1612,139,1,3
1612,140,1,2
1612,141,1,2
1612,142,1,2
1612,143,1,2
1612,144,1,2
1612,145,1,2
1612,146,1,2
1612,147,1,2
1612,148,1,2
1612,149,1,2
1612,150,1,2
1612,151,1,2
1612,152,1,2
1612,153,1,2
1612,154,1,2
1612,155,1,2
1612,156,1,2
1612,157,1,2
1612,158,1,2
1612,159,1,2
1612,160,1,2
1612,161,1,2
1612,162,1,2
1612,163,1,2
1612,164,1,2
1612,165,1,2
1612,166,1,2
1612,167,1,2
1612,168,1,2
1612,169,1,2
1612,170,1,2
1612,171,1,2
1612,172,1,2
1612,173,1,2
1612,174,1,2
1612,175,1,2
1612,176,1,2
1612,177,1,2
1612,178,1,2
1612,179,1,2
1612,180,1,2
1612,181,1,2
1612,182,1,2
1612,183,1,2
1612,184,1,2
1612,185,1,2
1612,186,1,2
1612,187,1,2
1612,188,1,2
1612,189,1,2
1612,190,1,2
1612,191,1,2
1612,192,1,2
1612,193,1,2
1612,194,1,2
1612,195,1,2
1612,196,1,2
1612,197,1,2
1612,198,1,2
1612,199,1,2
1612,200,1,2
1612,201,1,2
1612,202,1,2
1612,203,1,2
1612,204,1,2
1612,205,1,2
1612,206,1,2
1612,207,1,2
1612,208,1,2
1612,209,1,2
1612,210,1,2
1612,211,1,2
1612,212,1,2
1612,213,1,2
1612,214,1,2
1612,215,1,2
1612,216,1,2
1612,217,1,2
1612,218,1,2
1612,219,1,2
1612,220,1,2
1612,221,1,2
1612,222,1,2
1612,223,1,2
1612,224,1,2
1612,225,1,2
1612,226,1,2
1612,227,1,2
1612,228,1,2
1612,229,1,2
1612,230,1,2
1612,231,1,2
1612,232,1,2
1612,233,1,2
1612,234,1,2
1612,235,1,2
1612,236,1,2
1612,237,1,2
1612,238,1,2
1612,239,1,2
1612,240,1,2
1612,241,1,2
1612,242,1,2
1612,243,1,2
1612,244,1,2
1612,245,1,2
1612,246,1,2
1612,247,1,2
1612,248,1,2
1612,249,1,2
1612,250,1,2
1612,251,1,2
1612,252,1,2
1612,253,1,2
1612,254,1,2
1612,255,1,2
1612,256,1,2
1612,257,1,2
1612,258,1,2
1612,259,1,2
1612,260,1,2
1612,261,1,2
1612,262,1,2
1612,263,1,2
1612,264,1,2
1612,265,1,2
1612,266,1,2
1612,267,1,2
1612,268,1,2
1612,269,1,2
1612,270,1,2
1612,271,1,2
1612,272,1,2
1612,273,1,2
1612,274,1,2
1612,275,1,2
1612,276,1,2
1612,277,1,2
1612,278,1,2
1612,279,1,2
1612,280,1,2
1612,281,1,2
1612,282,1,2
1612,283,1,2
1612,284,1,2
1612,285,1,2
1612,286,1,2
1612,287,1,2
1612,288,1,2
1612,289,1,2
1612,290,1,2
1612,291,1,2
1612,292,1,2
1612,293,1,2
1612,294,1,2
1612,295,1,2
1612,296,1,2
1612,297,1,2
1612,298,1,2
1612,299,1,2
1612,300,1,2
1612,301,1,2
1612,302,1,2
1612,303,1,2
1612,304,1,2
1612,305,1,2
1612,306,1,2
1612,307,1,2
1612,308,1,2
1612,309,1,2
1612,310,1,2
1612,311,1,2
1612,312,1,2
1612,313,1,2
1612,314,1,2
1612,315,1,2
1612,316,1,2
1612,317,1,2
1612,318,1,2
1612,319,1,2
1612,320,1,2
1612,321,1,2
1612,322,1,2
1612,323,1,2
1612,324,1,2
1612,325,1,2
1612,326,1,2
1612,327,1,2
1612,328,1,2
1612,329,1,2
1612,330,1,2
1612,331,1,2
1612,332,1,2
1612,333,1,2
1612,334,1,2
1612,335,1,2
1612,336,1,2
1612,337,1,2
1612,338,1,2
1612,339,1,2
1612,340,1,2
1612,341,1,2
1612,342,1,2
1612,343,1,2
1612,344,1,2
1612,345,1,2
1612,346,1,2
1612,347,1,2
1612,348,1,2
1612,349,1,2
1612,350,1,2
1612,351,1,2
1612,352,1,2
1612,353,1,2
1612,354,1,2
1612,355,1,2
1612,356,1,2
1612,357,1,2
1612,358,1,2
1612,359,1,2
1612,360,1,2
1612,361,1,2
1612,362,1,2
1612,363,1,2
1612,364,1,2
1612,365,1,2
1612,366,1,2
1612,367,1,2
1612,368,1,2
1612,369,1,2
1612,370,1,2
1612,371,1,2
1612,372,1,2
1612,373,1,2
1612,374,1,2
1612,375,1,2
1612,376,1,2
1612,377,1,2
1612,378,1,2
1612,379,1,2
1612,380,1,2
1612,381,1,2
1612,382,1,2
1612,383,1,2
1612,384,1,2
1612,385,1,2
1612,386,1,2
1612,387,1,2
1612,388,1,2
1612,389,1,2
1612,390,1,2
1612,391,1,2
1612,392,1,3
1612,393,1,3
1612,394,1,3
1612,395,1,3
1612,396,1,3
1612,397,1,3
1612,398,1,3
1612,399,1,3
1612,400,1,3
1612,401,1,3
1612,402,1,3
1612,403,1,3
1612,404,1,3
1612,405,1,3
1612,406,1,3
1612,407,1,3
1612,408,1,3
1612,409,1,3
1612,410,1,3
1612,411,1,3
1612,412,1,3
1612,413,1,3
1612,414,1,3
1612,415,1,3
1612,416,1,3
1612,417,1,3
1612,418,1,3
1612,419,1,3
1612,420,1,3
1612,421,1,3
1612,422,1,2
1612,423,1,2
1612,424,1,2
1612,425,1,2
1612,426,1,2
1612,427,1,2
1612,428,1,2
1612,429,1,2
1612,430,1,2
1612,431,1,2
1612,432,1,2
1612,433,1,2
1612,434,1,2
1612,435,1,2
1612,436,1,2
1612,437,1,2
1612,438,1,2
1612,439,1,2
1612,440,1,2
1612,441,1,2
1612,442,1,2
1612,443,1,2
1612,444,1,2
1612,445,1,3
1612,446,1,3
1612,447,1,3
1612,448,1,3
1612,449,1,2
1612,450,1,2
1612,451,1,2
1612,452,1,2
1612,453,1,2
1612,454,1,2
1612,455,1,2
1612,456,1,2
1612,457,1,2
1612,458,1,2
1612,459,1,2
1612,460,1,2
1612,461,1,2
1612,462,1,2
1612,463,1,2
1612,464,1,2
1612,465,1,2
1612,466,1,2
1612,467,1,2
1612,468,1,2
1612,469,1,2
1612,470,1,2
1612,471,1,2
1613,110,1,2
1613,111,1,2
1613,112,1,2
1613,113,1,3
1613,114,1,3
1613,115,1,3
1613,116,1,3
1613,117,1,3
1613,118,1,3
1613,119,1,3
1613,120,1,3
1613,121,1,3
1613,122,1,3
1613,123,1,3
1613,124,1,3
1613,125,1,3
1613,126,1,3
1613,127,1,3
1613,128,1,3
1613,129,1,3
1613,130,1,3
1613,131,1,3
1613,132,1,3
1613,133,1,3
1613,134,1,3
1613,135,1,3
1613,136,1,3
1613,137,1,3
1613,138,1,3
1613,139,1,2
1613,140,1,2
1613,141,1,2
1613,142,1,2
1613,143,1,2
1613,144,1,2
1613,145,1,2
1613,146,1,2
1613,147,1,2
1613,148,1,2
1613,149,1,2
1613,150,1,2
1613,151,1,2
1613,152,1,2
1613,153,1,2
1613,154,1,2
1613,155,1,2
1613,156,1,2
1613,157,1,2
1613,158,1,2
1613,159,1,2
1613,160,1,2
1613,161,1,2
1613,162,1,2
1613,163,1,2
1613,164,1,2
1613,165,1,2
1613,166,1,2
1613,167,1,2
1613,168,1,2
1613,169,1,2
1613,170,1,2
1613,171,1,2
1613,172,1,2
1613,173,1,2
1613,174,1,2
1613,175,1,2
1613,176,1,2
1613,177,1,2
1613,178,1,2
1613,179,1,2
1613,180,1,2
1613,181,1,2
1613,182,1,2
1613,183,1,2
1613,184,1,2
1613,185,1,2
1613,186,1,2
1613,187,1,2
1613,188,1,2
1613,189,1,2
1613,190,1,2
1613,191,1,2
1613,192,1,2
1613,193,1,2
1613,194,1,2
1613,195,1,2
1613,196,1,2
1613,197,1,2
1613,198,1,2
1613,199,1,2
1613,200,1,2
1613,201,1,2
1613,202,1,2
1613,203,1,2
1613,204,1,2
1613,205,1,2
1613,206,1,2
1613,207,1,2
1613,208,1,2
1613,209,1,2
1613,210,1,2
1613,211,1,2
1613,212,1,2
1613,213,1,2
1613,214,1,2
1613,215,1,2
1613,216,1,2
1613,217,1,2
1613,218,1,2
1613,219,1,2
1613,220,1,2
1613,221,1,2
1613,222,1,2
1613,223,1,2
1613,224,1,2
1613,225,1,2
1613,226,1,2
1613,227,1,2
1613,228,1,2
1613,229,1,2
1613,230,1,2
1613,231,1,2
1613,232,1,2
1613,233,1,2
1613,234,1,2
1613,235,1,2
1613,236,1,2
1613,237,1,2
1613,238,1,2
1613,239,1,2
1613,240,1,2
1613,241,1,2
1613,242,1,2
1613,243,1,2
1613,244,1,2
1613,245,1,2
1613,246,1,2
1613,247,1,2
1613,248,1,2
1613,249,1,2
1613,250,1,2
1613,251,1,2
1613,252,1,2
1613,253,1,2
1613,254,1,2
1613,255,1,2
1613,256,1,2
1613,257,1,2
1613,258,1,2
1613,259,1,2
1613,260,1,2
1613,261,1,2
1613,262,1,2
1613,263,1,2
1613,264,1,2
1613,265,1,2
1613,266,1,2
1613,267,1,2
1613,268,1,2
1613,269,1,2
1613,270,1,2
1613,271,1,2
1613,272,1,2
1613,273,1,2
1613,274,1,2
1613,275,1,2
1613,276,1,2
1613,277,1,2
1613,278,1,2
1613,279,1,2
1613,280,1,2
1613,281,1,2
1613,282,1,2
1613,283,1,2
1613,284,1,2
1613,285,1,2
1613,286,1,2
1613,287,1,2
1613,288,1,2
1613,289,1,2
1613,290,1,2
1613,291,1,2
1613,292,1,2
1613,293,1,2
1613,294,1,2
1613,295,1,2
1613,296,1,2
1613,297,1,2
1613,298,1,2
1613,299,1,2
1613,300,1,2
1613,301,1,2
1613,302,1,2
1613,303,1,2
1613,304,1,2
1613,305,1,2
1613,306,1,2
1613,307,1,2
1613,308,1,2
1613,309,1,2
1613,310,1,2
1613,311,1,2
1613,312,1,2
1613,313,1,2
1613,314,1,2
1613,315,1,2
1613,316,1,2
1613,317,1,2
1613,318,1,2
1613,319,1,2
1613,320,1,2
1613,321,1,2
1613,322,1,2
1613,323,1,2
1613,324,1,2
1613,325,1,2
1613,326,1,2
1613,327,1,2
1613,328,1,2
1613,329,1,2
1613,330,1,2
1613,331,1,2
1613,332,1,2
1613,333,1,2
1613,334,1,2
1613,335,1,2
1613,336,1,2
1613,337,1,2
1613,338,1,2
1613,339,1,2
1613,340,1,2
1613,341,1,2
1613,342,1,2
1613,343,1,2
1613,344,1,2
1613,345,1,2
1613,346,1,2
1613,347,1,2
1613,348,1,2
1613,349,1,2
1613,350,1,2
1613,351,1,2
1613,352,1,2
1613,353,1,2
1613,354,1,2
1613,355,1,2
1613,356,1,2
1613,357,1,2
1613,358,1,2
1613,359,1,2
1613,360,1,2
1613,361,1,2
1613,362,1,2
1613,363,1,2
1613,364,1,2
1613,365,1,2
1613,366,1,2
1613,367,1,2
1613,368,1,2
1613,369,1,2
1613,370,1,2
1613,371,1,2
1613,372,1,2
1613,373,1,2
1613,374,1,2
1613,375,1,2
1613,376,1,2
1613,377,1,2
1613,378,1,2
1613,379,1,2
1613,380,1,2
1613,381,1,2
1613,382,1,2
1613,383,1,2
1613,384,1,2
1613,385,1,2
1613,386,1,2
1613,387,1,2
1613,388,1,2
1613,389,1,2
1613,390,1,2
1613,391,1,2
1613,392,1,2
1613,393,1,3
1613,394,1,3
1613,395,1,3
1613,396,1,3
1613,397,1,3
1613,398,1,3
1613,399,1,3
1613,400,1,3
1613,401,1,3
1613,402,1,3
1613,403,1,3
1613,404,1,3
1613,405,1,3
1613,406,1,3
1613,407,1,3
1613,408,1,3
1613,409,1,3
1613,410,1,3
1613,411,1,3
1613,412,1,3
1613,413,1,3
1613,414,1,3
1613,415,1,3
1613,416,1,3
1613,417,1,3
1613,418,1,3
1613,419,1,3
1613,420,1,3
1613,421,1,2
1613,422,1,2
1613,423,1,2
1613,424,1,2
1613,425,1,2
1613,426,1,2
1613,427,1,2
1613,428,1,2
1613,429,1,2
1613,430,1,2
1613,431,1,2
1613,432,1,2
1613,433,1,2
1613,434,1,2
1613,435,1,2
1613,436,1,2
1613,437,1,2
1613,438,1,2
1613,439,1,2
1613,440,1,2
1613,441,1,2
1613,442,1,2
1613,443,1,2
1613,444,1,2
1613,445,1,2
1613,446,1,2
1613,447,1,2
1613,448,1,2
1613,449,1,2
1613,450,1,2
1613,451,1,2
1613,452,1,2
1613,453,1,2
1613,454,1,2
1613,455,1,2
1613,456,1,2
1613,457,1,2
1613,458,1,2
1613,459,1,2
1613,460,1,2
1613,461,1,2
1613,462,1,2
1613,463,1,2
1613,464,1,2
1613,465,1,2
1613,466,1,2
1613,467,1,2
1613,468,1,2
1613,469,1,2
1613,470,1,2
1613,471,1,2
1614,110,1,2
1614,111,1,2
1614,112,1,2
1614,113,1,2
1614,114,1,3
1614,115,1,3
1614,116,1,3
1614,117,1,3
1614,118,1,3
1614,119,1,3
1614,120,1,3
1614,121,1,3
1614,122,1,3
1614,123,1,3
1614,124,1,3
1614,125,1,3
1614,126,1,3
1614,127,1,3
1614,128,1,3
1614,129,1,3
1614,130,1,3
1614,131,1,3
1614,132,1,3
1614,133,1,3
1614,134,1,3
1614,135,1,3
1614,136,1,3
1614,137,1,3
1614,138,1,3
1614,139,1,2
1614,140,1,2
1614,141,1,2
1614,142,1,2
1614,143,1,2
1614,144,1,2
1614,145,1,2
1614,146,1,2
1614,147,1,2
1614,148,1,2
1614,149,1,2
1614,150,1,2
1614,151,1,2
1614,152,1,2
1614,153,1,2
1614,154,1,2
1614,155,1,2
1614,156,1,2
1614,157,1,2
1614,158,1,2
1614,159,1,2
1614,160,1,2
1614,161,1,2
1614,162,1,2
1614,163,1,2
1614,164,1,2
1614,165,1,2
1614,166,1,2
1614,167,1,2
1614,168,1,2
1614,169,1,2
1614,170,1,2
1614,171,1,2
1614,172,1,2
1614,173,1,2
1614,174,1,2
1614,175,1,2
1614,176,1,2
1614,177,1,2
1614,178,1,2
1614,179,1,2
1614,180,1,2
1614,181,1,2
1614,182,1,2
1614,183,1,2
1614,184,1,2
1614,185,1,2
1614,186,1,2
1614,187,1,2
1614,188,1,2
1614,189,1,2
1614,190,1,2
1614,191,1,2
1614,192,1,2
1614,193,1,2
1614,194,1,2
1614,195,1,2
1614,196,1,2
1614,197,1,2
1614,198,1,2
1614,199,1,2
1614,200,1,2
1614,201,1,2
1614,202,1,2
1614,203,1,2
1614,204,1,2
1614,205,1,2
1614,206,1,2
1614,207,1,2
1614,208,1,2
1614,209,1,2
1614,210,1,2
1614,211,1,2
1614,212,1,2
1614,213,1,2
1614,214,1,2
1614,215,1,2
1614,216,1,2
1614,217,1,2
1614,218,1,2
1614,219,1,2
1614,220,1,2
1614,221,1,2
1614,222,1,2
1614,223,1,2
1614,224,1,2
1614,225,1,2
1614,226,1,2
1614,227,1,2
1614,228,1,2
1614,229,1,2
1614,230,1,2
1614,231,1,2
1614,232,1,2
1614,233,1,2
1614,234,1,2
1614,235,1,2
1614,236,1,2
1614,237,1,2
1614,238,1,2
1614,239,1,2
1614,240,1,2
1614,241,1,2
1614,242,1,2
1614,243,1,2
1614,244,1,2
1614,245,1,2
1614,246,1,2
1614,247,1,2
1614,248,1,2
1614,249,1,2
1614,250,1,2
1614,251,1,2
1614,252,1,2
1614,253,1,2
1614,254,1,2
1614,255,1,2
1614,256,1,2
1614,257,1,2
1614,258,1,2
1614,259,1,2
1614,260,1,2
1614,261,1,2
1614,262,1,2
1614,263,1,2
1614,264,1,2
1614,265,1,2
1614,266,1,2
1614,267,1,2
1614,268,1,2
1614,269,1,2
1614,270,1,2
1614,271,1,2
1614,272,1,2
1614,273,1,2
1614,274,1,2
1614,275,1,2
1614,276,1,2
1614,277,1,2
1614,278,1,2
1614,279,1,2
1614,280,1,2
1614,281,1,2
1614,282,1,2
1614,283,1,2
1614,284,1,2
1614,285,1,2
1614,286,1,2
1614,287,1,2
1614,288,1,2
1614,289,1,2
1614,290,1,2
1614,291,1,2
1614,292,1,2
1614,293,1,2
1614,294,1,2
1614,295,1,2
1614,296,1,2
1614,297,1,2
1614,298,1,2
1614,299,1,2
1614,300,1,2
1614,301,1,2
1614,302,1,2
1614,303,1,2
1614,304,1,2
1614,305,1,2
1614,306,1,2
1614,307,1,2
1614,308,1,2
1614,309,1,2
1614,310,1,2
1614,311,1,2
1614,312,1,2
1614,313,1,2
1614,314,1,2
1614,315,1,2
1614,316,1,2
1614,317,1,2
1614,318,1,2
1614,319,1,2
1614,320,1,2
1614,321,1,2
1614,322,1,2
1614,323,1,2
1614,324,1,2
1614,325,1,2
1614,326,1,2
1614,327,1,2
1614,328,1,2
1614,329,1,2
1614,330,1,2
1614,331,1,2
1614,332,1,2
1614,333,1,2
1614,334,1,2
1614,335,1,2
1614,336,1,2
1614,337,1,2
1614,338,1,2
1614,339,1,2
1614,340,1,2
1614,341,1,2
1614,342,1,2
1614,343,1,2
1614,344,1,2
1614,345,1,2
1614,346,1,2
1614,347,1,2
1614,348,1,2
1614,349,1,2
1614,350,1,2
1614,351,1,2
1614,352,1,2
1614,353,1,2
1614,354,1,2
1614,355,1,2
1614,356,1,2
1614,357,1,2
1614,358,1,2
1614,359,1,2
1614,360,1,2
1614,361,1,2
1614,362,1,2
1614,363,1,2
1614,364,1,2
1614,365,1,2
1614,366,1,2
1614,367,1,2
1614,368,1,2
1614,369,1,2
1614,370,1,2
1614,371,1,2
1614,372,1,2
1614,373,1,2
1614,374,1,2
1614,375,1,2
1614,376,1,2
1614,377,1,2
1614,378,1,2
1614,379,1,2
1614,380,1,2
1614,381,1,2
1614,382,1,2
1614,383,1,2
1614,384,1,2
1614,385,1,2
1614,386,1,2
1614,387,1,2
1614,388,1,2
1614,389,1,2
1614,390,1,2
1614,391,1,2
1614,392,1,2
1614,393,1,3
1614,394,1,3
1614,395,1,3
1614,396,1,3
1614,397,1,3
1614,398,1,3
1614,399,1,3
1614,400,1,3
1614,401,1,3
1614,402,1,3
1614,403,1,3
1614,404,1,3
1614,405,1,3
1614,406,1,3
1614,407,1,3
1614,408,1,3
1614,409,1,3
1614,410,1,3
1614,411,1,3
1614,412,1,3
1614,413,1,3
1614,414,1,3
1614,415,1,3
1614,416,1,3
1614,417,1,3
1614,418,1,3
1614,419,1,3
1614,420,1,2
1614,421,1,2
1614,422,1,2
1614,423,1,2
1614,424,1,2
1614,425,1,2
1614,426,1,2
1614,427,1,2
1614,428,1,2
1614,429,1,2
1614,430,1,2
1614,431,1,2
1614,432,1,2
1614,433,1,2
1614,434,1,2
1614,435,1,2
1614,436,1,2
1614,437,1,2
1614,438,1,2
1614,439,1,2
1614,440,1,2
1614,441,1,2
1614,442,1,2
1614,443,1,2
1614,444,1,2
1614,445,1,2
1614,446,1,2
1614,447,1,2
1614,448,1,2
1614,449,1,2
1614,450,1,2
1614,451,1,2
1614,452,1,2
1614,453,1,2
1614,454,1,2
1614,455,1,2
1614,456,1,2
1614,457,1,2
1614,458,1,2
1614,459,1,2
1614,460,1,2
1614,461,1,2
1614,462,1,2
1614,463,1,2
1614,464,1,2
1614,465,1,2
1614,466,1,2
1614,467,1,2
1614,468,1,2
1614,469,1,2
1614,470,1,2
1614,471,1,2
1615,110,1,2
1615,111,1,2
1615,112,1,2
1615,113,1,2
1615,114,1,2
1615,115,1,3
1615,116,1,3
1615,117,1,3
1615,118,1,3
1615,119,1,3
1615,120,1,3
1615,121,1,3
1615,122,1,3
1615,123,1,3
1615,124,1,3
1615,125,1,3
1615,126,1,3
1615,127,1,3
1615,128,1,3
1615,129,1,3
1615,130,1,3
1615,131,1,3
1615,132,1,3
1615,133,1,3
1615,134,1,3
1615,135,1,3
1615,136,1,3
1615,137,1,3
1615,138,1,3
1615,139,1,2
1615,140,1,2
1615,141,1,2
1615,142,1,2
1615,143,1,2
1615,144,1,2
1615,145,1,2
1615,146,1,2
1615,147,1,2
1615,148,1,2
1615,149,1,2
1615,150,1,2
1615,151,1,2
1615,152,1,2
1615,153,1,2
1615,154,1,2
1615,155,1,2
1615,156,1,2
1615,157,1,2
1615,158,1,2
1615,159,1,2
1615,160,1,2
1615,161,1,2
1615,162,1,2
1615,163,1,2
1615,164,1,2
1615,165,1,2
1615,166,1,2
1615,167,1,2
1615,168,1,2
1615,169,1,2
1615,170,1,2
1615,171,1,2
1615,172,1,2
1615,173,1,2
1615,174,1,2
1615,175,1,2
1615,176,1,2
1615,177,1,2
1615,178,1,2
1615,179,1,2
1615,180,1,2
1615,181,1,2
1615,182,1,2
1615,183,1,2
1615,184,1,2
1615,185,1,2
1615,186,1,2
1615,187,1,2
1615,188,1,2
1615,189,1,2
1615,190,1,2
1615,191,1,2
1615,192,1,2
1615,193,1,2
1615,194,1,2
1615,195,1,2
1615,196,1,2
1615,197,1,2
1615,198,1,2
1615,199,1,2
1615,200,1,2
1615,201,1,2
1615,202,1,2
1615,203,1,2
1615,204,1,2
1615,205,1,2
1615,206,1,2
1615,207,1,2
1615,208,1,2
1615,209,1,2
1615,210,1,2
1615,211,1,2
1615,212,1,2
1615,213,1,2
1615,214,1,2
1615,215,1,2
1615,216,1,2
1615,217,1,2
1615,218,1,2
1615,219,1,2
1615,220,1,2
1615,221,1,2
1615,222,1,2
1615,223,1,2
1615,224,1,2
1615,225,1,2
1615,226,1,2
1615,227,1,2
1615,228,1,2
1615,229,1,2
1615,230,1,2
1615,231,1,2
1615,232,1,2
1615,233,1,2
1615,234,1,2
1615,235,1,2
1615,236,1,2
1615,237,1,2
1615,238,1,2
1615,239,1,2
1615,240,1,2
1615,241,1,2
1615,242,1,2
1615,243,1,2
1615,244,1,2
1615,245,1,2
1615,246,1,2
1615,247,1,2
1615,248,1,2
1615,249,1,2
1615,250,1,2
1615,251,1,2
1615,252,1,2
1615,253,1,2
1615,254,1,2
1615,255,1,2
1615,256,1,2
1615,257,1,2
1615,258,1,2
1615,259,1,2
1615,260,1,2
1615,261,1,2
1615,262,1,2
1615,263,1,2
1615,264,1,2
1615,265,1,2
1615,266,1,2
1615,267,1,2
1615,268,1,2
1615,269,1,2
1615,270,1,2
1615,271,1,2
1615,272,1,2
1615,273,1,2
1615,274,1,2
1615,275,1,2
1615,276,1,2
1615,277,1,2
1615,278,1,2
1615,279,1,2
1615,280,1,2
1615,281,1,2
1615,282,1,2
1615,283,1,2
1615,284,1,2
1615,285,1,2
1615,286,1,2
1615,287,1,2
1615,288,1,2
1615,289,1,2
1615,290,1,2
1615,291,1,2
1615,292,1,2
1615,293,1,2
1615,294,1,2
1615,295,1,2
1615,296,1,2
1615,297,1,2
1615,298,1,2
1615,299,1,2
1615,300,1,2
1615,301,1,2
1615,302,1,2
1615,303,1,2
1615,304,1,2
1615,305,1,2
1615,306,1,2
1615,307,1,2
1615,308,1,2
1615,309,1,2
1615,310,1,2
1615,311,1,2
1615,312,1,2
1615,313,1,2
1615,314,1,2
1615,315,1,2
1615,316,1,2
1615,317,1,2
1615,318,1,2
1615,319,1,2
1615,320,1,2
1615,321,1,2
1615,322,1,2
1615,323,1,2
1615,324,1,2
1615,325,1,2
1615,326,1,2
1615,327,1,2
1615,328,1,2
1615,329,1,2
1615,330,1,2
1615,331,1,2
1615,332,1,2
1615,333,1,2
1615,334,1,2
1615,335,1,2
1615,336,1,2
1615,337,1,2
1615,338,1,2
1615,339,1,2
1615,340,1,2
1615,341,1,2
1615,342,1,2
1615,343,1,2
1615,344,1,2
1615,345,1,2
1615,346,1,2
1615,347,1,2
1615,348,1,2
1615,349,1,2
1615,350,1,2
1615,351,1,2
1615,352,1,2
1615,353,1,2
1615,354,1,2
1615,355,1,2
1615,356,1,2
1615,357,1,2
1615,358,1,2
1615,359,1,2
1615,360,1,2
1615,361,1,2
1615,362,1,2
1615,363,1,2
1615,364,1,2
1615,365,1,2
1615,366,1,2
1615,367,1,2
1615,368,1,2
1615,369,1,2
1615,370,1,2
1615,371,1,2
1615,372,1,2
1615,373,1,2
1615,374,1,2
1615,375,1,2
1615,376,1,2
1615,377,1,2
1615,378,1,2
1615,379,1,2
1615,380,1,2
1615,381,1,2
1615,382,1,2
1615,383,1,2
1615,384,1,2
1615,385,1,2
1615,386,1,2
1615,387,1,2
1615,388,1,2
1615,389,1,2
1615,390,1,2
1615,391,1,2
1615,392,1,2
1615,393,1,3
1615,394,1,3
1615,395,1,3
1615,396,1,3
1615,397,1,3
1615,398,1,3
1615,399,1,3
1615,400,1,3
1615,401,1,3
1615,402,1,3
1615,403,1,3
1615,404,1,3
1615,405,1,3
1615,406,1,3
1615,407,1,3
1615,408,1,3
1615,409,1,3
1615,410,1,3
1615,411,1,3
1615,412,1,3
1615,413,1,3
1615,414,1,3
1615,415,1,3
1615,416,1,3
1615,417,1,3
1615,418,1,3
1615,419,1,2
1615,420,1,2
1615,421,1,2
1615,422,1,2
1615,423,1,2
1615,424,1,2
1615,425,1,2
1615,426,1,2
1615,427,1,2
1615,428,1,2
1615,429,1,2
1615,430,1,2
1615,431,1,2
1615,432,1,2
1615,433,1,2
1615,434,1,2
1615,435,1,2
1615,436,1,2
1615,437,1,2
1615,438,1,2
1615,439,1,2
1615,440,1,2
1615,441,1,2
1615,442,1,2
1615,443,1,2
1615,444,1,2
1615,445,1,2
1615,446,1,2
1615,447,1,2
1615,448,1,2
1615,449,1,2
1615,450,1,2
1615,451,1,2
1615,452,1,2
1615,453,1,2
1615,454,1,2
1615,455,1,2
1615,456,1,2
1615,457,1,2
1615,458,1,2
1615,459,1,2
1615,460,1,2
1615,461,1,2
1615,462,1,2
1615,463,1,2
1615,464,1,2
1615,465,1,2
1615,466,1,2
1615,467,1,2
1615,468,1,2
1615,469,1,2
1615,470,1,2
1615,471,1,2
1616,110,1,2
1616,111,1,2
1616,112,1,2
1616,113,1,2
1616,114,1,2
1616,115,1,2
1616,116,1,2
1616,117,1,3
1616,118,1,3
1616,119,1,3
1616,120,1,3
1616,121,1,3
1616,122,1,3
1616,123,1,3
1616,124,1,3
1616,125,1,3
1616,126,1,3
1616,127,1,3
1616,128,1,3
1616,129,1,3
1616,130,1,3
1616,131,1,3
1616,132,1,3
1616,133,1,3
1616,134,1,3
1616,135,1,3
1616,136,1,3
1616,137,1,3
1616,138,1,3
1616,139,1,2
1616,140,1,2
1616,141,1,2
1616,142,1,2
1616,143,1,2
1616,144,1,2
1616,145,1,2
1616,146,1,2
1616,147,1,2
1616,148,1,2
1616,149,1,2
1616,150,1,2
1616,151,1,2
1616,152,1,2
1616,153,1,2
1616,154,1,2
1616,155,1,2
1616,156,1,2
1616,157,1,2
1616,158,1,2
1616,159,1,2
1616,160,1,2
1616,161,1,2
1616,162,1,2
1616,163,1,2
1616,164,1,2
1616,165,1,2
1616,166,1,2
1616,167,1,2
1616,168,1,2
1616,169,1,2
1616,170,1,2
1616,171,1,2
1616,172,1,2
1616,173,1,2
1616,174,1,2
1616,175,1,2
1616,176,1,2
1616,177,1,2
1616,178,1,2
1616,179,1,2
1616,180,1,2
1616,181,1,2
1616,182,1,2
1616,183,1,2
1616,184,1,2
1616,185,1,2
1616,186,1,2
1616,187,1,2
1616,188,1,2
1616,189,1,2
1616,190,1,2
1616,191,1,2
1616,192,1,2
1616,193,1,2
1616,194,1,2
1616,195,1,2
1616,196,1,2
1616,197,1,2
1616,198,1,2
1616,199,1,2
1616,200,1,2
1616,201,1,2
1616,202,1,2
1616,203,1,2
1616,204,1,2
1616,205,1,2
1616,206,1,2
1616,207,1,2
1616,208,1,2
1616,209,1,2
1616,210,1,2
1616,211,1,2
1616,212,1,2
1616,213,1,2
1616,214,1,2
1616,215,1,2
1616,216,1,2
1616,217,1,2
1616,218,1,2
1616,219,1,2
1616,220,1,2
1616,221,1,2
1616,222,1,2
1616,223,1,2
1616,224,1,2
1616,225,1,2
1616,226,1,2
1616,227,1,2
1616,228,1,2
1616,229,1,2
1616,230,1,2
1616,231,1,2
1616,232,1,2
1616,233,1,2
1616,234,1,2
1616,235,1,2
1616,236,1,2
1616,237,1,2
1616,238,1,2
1616,239,1,2
1616,240,1,2
1616,241,1,2
1616,242,1,2
1616,243,1,2
1616,244,1,2
1616,245,1,2
1616,246,1,2
1616,247,1,2
1616,248,1,2
1616,249,1,2
1616,250,1,2
1616,251,1,2
1616,252,1,2
1616,253,1,2
1616,254,1,2
1616,255,1,2
1616,256,1,2
1616,257,1,2
1616,258,1,2
1616,259,1,2
1616,260,1,2
1616,261,1,2
1616,262,1,2
1616,263,1,2
1616,264,1,2
1616,265,1,2
1616,266,1,2
1616,267,1,2
1616,268,1,2
1616,269,1,2
1616,270,1,2
1616,271,1,2
1616,272,1,2
1616,273,1,2
1616,274,1,2
1616,275,1,2
1616,276,1,2
1616,277,1,2
1616,278,1,2
1616,279,1,2
1616,280,1,2
1616,281,1,2
1616,282,1,2
1616,283,1,2
1616,284,1,2
1616,285,1,2
1616,286,1,2
1616,287,1,2
1616,288,1,2
1616,289,1,2
1616,290,1,2
1616,291,1,2
1616,292,1,2
1616,293,1,2
1616,294,1,2
1616,295,1,2
1616,296,1,2
1616,297,1,2
1616,298,1,2
1616,299,1,2
1616,300,1,2
1616,301,1,2
1616,302,1,2
1616,303,1,2
1616,304,1,2
1616,305,1,2
1616,306,1,2
1616,307,1,2
1616,308,1,2
1616,309,1,2
1616,310,1,2
1616,311,1,2
1616,312,1,2
1616,313,1,2
1616,314,1,2
1616,315,1,2
1616,316,1,2
1616,317,1,2
1616,318,1,2
1616,319,1,2
1616,320,1,2
1616,321,1,2
1616,322,1,2
1616,323,1,2
1616,324,1,2
1616,325,1,2
1616,326,1,2
1616,327,1,2
1616,328,1,2
1616,329,1,2
1616,330,1,2
1616,331,1,2
1616,332,1,2
1616,333,1,2
1616,334,1,2
1616,335,1,2
1616,336,1,2
1616,337,1,2
1616,338,1,2
1616,339,1,2
1616,340,1,2
1616,341,1,2
1616,342,1,2
1616,343,1,2
1616,344,1,2
1616,345,1,2
1616,346,1,2
1616,347,1,2
1616,348,1,2
1616,349,1,2
1616,350,1,2
1616,351,1,2
1616,352,1,2
1616,353,1,2
1616,354,1,2
1616,355,1,2
1616,356,1,2
1616,357,1,2
1616,358,1,2
1616,359,1,2
1616,360,1,2
1616,361,1,2
1616,362,1,2
1616,363,1,2
1616,364,1,2
1616,365,1,2
1616,366,1,2
1616,367,1,2
1616,368,1,2
1616,369,1,2
1616,370,1,2
1616,371,1,2
1616,372,1,2
1616,373,1,2
1616,374,1,2
1616,375,1,2
1616,376,1,2
1616,377,1,2
1616,378,1,2
1616,379,1,2
1616,380,1,2
1616,381,1,2
1616,382,1,2
1616,383,1,2
1616,384,1,2
1616,385,1,2
1616,386,1,2
1616,387,1,2
1616,388,1,2
1616,389,1,2
1616,390,1,2
1616,391,1,2
1616,392,1,2
1616,393,1,3
1616,394,1,3
1616,395,1,3
1616,396,1,3
1616,397,1,3
1616,398,1,3
1616,399,1,3
1616,400,1,3
1616,401,1,3
1616,402,1,3
1616,403,1,3
1616,404,1,3
1616,405,1,3
1616,406,1,3
1616,407,1,3
1616,408,1,3
1616,409,1,3
1616,410,1,3
1616,411,1,3
1616,412,1,3
1616,413,1,3
1616,414,1,3
1616,415,1,3
1616,416,1,3
1616,417,1,3
1616,418,1,2
1616,419,1,2
1616,420,1,2
1616,421,1,2
1616,422,1,2
1616,423,1,2
1616,424,1,2
1616,425,1,2
1616,426,1,2
1616,427,1,2
1616,428,1,2
1616,429,1,2
1616,430,1,2
1616,431,1,2
1616,432,1,2
1616,433,1,2
1616,434,1,2
1616,435,1,2
1616,436,1,2
1616,437,1,2
1616,438,1,2
1616,439,1,2
1616,440,1,2
1616,441,1,2
1616,442,1,2
1616,443,1,2
1616,444,1,2
1616,445,1,2
1616,446,1,2
1616,447,1,2
1616,448,1,2
1616,449,1,2
1616,450,1,2
1616,451,1,2
1616,452,1,2
1616,453,1,2
1616,454,1,2
1616,455,1,2
1616,456,1,2
1616,457,1,2
1616,458,1,2
1616,459,1,2
1616,460,1,2
1616,461,1,2
1616,462,1,2
1616,463,1,2
1616,464,1,2
1616,465,1,2
1616,466,1,2
1616,467,1,2
1616,468,1,2
1616,469,1,2
1616,470,1,2
1616,471,1,2
1617,110,1,2
1617,111,1,2
1617,112,1,2
1617,113,1,2
1617,114,1,2
1617,115,1,2
1617,116,1,2
1617,117,1,3
1617,118,1,3
1617,119,1,3
1617,120,1,3
1617,121,1,3
1617,122,1,3
1617,123,1,3
1617,124,1,3
1617,125,1,3
1617,126,1,3
1617,127,1,3
1617,128,1,3
1617,129,1,3
1617,130,1,3
1617,131,1,3
1617,132,1,3
1617,133,1,3
1617,134,1,3
1617,135,1,3
1617,136,1,3
1617,137,1,3
1617,138,1,3
1617,139,1,2
1617,140,1,2
1617,141,1,2
1617,142,1,2
1617,143,1,2
1617,144,1,2
1617,145,1,2
1617,146,1,2
1617,147,1,2
1617,148,1,2
1617,149,1,2
1617,150,1,2
1617,151,1,2
1617,152,1,2
1617,153,1,2
1617,154,1,2
1617,155,1,2
1617,156,1,2
1617,157,1,2
1617,158,1,2
1617,159,1,2
1617,160,1,2
1617,161,1,2
1617,162,1,2
1617,163,1,2
1617,164,1,2
1617,165,1,2
1617,166,1,2
1617,167,1,2
1617,168,1,2
1617,169,1,2
1617,170,1,2
1617,171,1,2
1617,172,1,2
1617,173,1,2
1617,174,1,2
1617,175,1,2
1617,176,1,2
1617,177,1,2
1617,178,1,2
1617,179,1,2
1617,180,1,2
1617,181,1,2
1617,182,1,2
1617,183,1,2
1617,184,1,2
1617,185,1,2
1617,186,1,2
1617,187,1,2
1617,188,1,2
1617,189,1,2
1617,190,1,2
1617,191,1,2
1617,192,1,2
1617,193,1,2
1617,194,1,2
1617,195,1,2
1617,196,1,2
1617,197,1,2
1617,198,1,2
1617,199,1,2
1617,200,1,2
1617,201,1,2
1617,202,1,2
1617,203,1,2
1617,204,1,2
1617,205,1,2
1617,206,1,2
1617,207,1,2
1617,208,1,2
1617,209,1,2
1617,210,1,2
1617,211,1,2
1617,212,1,2
1617,213,1,2
1617,214,1,2
1617,215,1,2
1617,216,1,2
1617,217,1,2
1617,218,1,2
1617,219,1,2
1617,220,1,2
1617,221,1,2
1617,222,1,2
1617,223,1,2
1617,224,1,2
1617,225,1,2
1617,226,1,2
1617,227,1,2
1617,228,1,2
1617,229,1,2
1617,230,1,2
1617,231,1,2
1617,232,1,2
1617,233,1,2
1617,234,1,2
1617,235,1,2
1617,236,1,2
1617,237,1,2
1617,238,1,2
1617,239,1,2
1617,240,1,2
1617,241,1,2
1617,242,1,2
1617,243,1,2
1617,244,1,2
1617,245,1,2
1617,246,1,2
1617,247,1,2
1617,248,1,2
1617,249,1,2
1617,250,1,2
1617,251,1,2
1617,252,1,2
1617,253,1,2
1617,254,1,2
1617,255,1,2
1617,256,1,2
1617,257,1,2
1617,258,1,2
1617,259,1,2
1617,260,1,2
1617,261,1,2
1617,262,1,2
1617,263,1,2
1617,264,1,2
1617,265,1,2
1617,266,1,2
1617,267,1,2
1617,268,1,2
1617,269,1,2
1617,270,1,2
1617,271,1,2
1617,272,1,2
1617,273,1,2
1617,274,1,2
1617,275,1,2
1617,276,1,2
1617,277,1,2
1617,278,1,2
1617,279,1,2
1617,280,1,2
1617,281,1,2
1617,282,1,2
1617,283,1,2
1617,284,1,2
1617,285,1,2
1617,286,1,2
1617,287,1,2
1617,288,1,2
1617,289,1,2
1617,290,1,2
1617,291,1,2
1617,292,1,2
1617,293,1,2
1617,294,1,2
1617,295,1,2
1617,296,1,2
1617,297,1,2
1617,298,1,2
1617,299,1,2
1617,300,1,2
1617,301,1,2
1617,302,1,2
1617,303,1,2
1617,304,1,2
1617,305,1,2
1617,306,1,2
1617,307,1,2
1617,308,1,2
1617,309,1,2
1617,310,1,2
1617,311,1,2
1617,312,1,2
1617,313,1,2
1617,314,1,2
1617,315,1,2
1617,316,1,2
1617,317,1,2
1617,318,1,2
1617,319,1,2
1617,320,1,2
1617,321,1,2
1617,322,1,2
1617,323,1,2
1617,324,1,2
1617,325,1,2
1617,326,1,2
1617,327,1,2
1617,328,1,2
1617,329,1,2
1617,330,1,2
1617,331,1,2
1617,332,1,2
1617,333,1,2
1617,334,1,2
1617,335,1,2
1617,336,1,2
1617,337,1,2
1617,338,1,2
1617,339,1,2
1617,340,1,2
1617,341,1,2
1617,342,1,2
1617,343,1,2
1617,344,1,2
1617,345,1,2
1617,346,1,2
1617,347,1,2
1617,348,1,2
1617,349,1,2
1617,350,1,2
1617,351,1,2
1617,352,1,2
1617,353,1,2
1617,354,1,2
1617,355,1,2
1617,356,1,2
1617,357,1,2
1617,358,1,2
1617,359,1,2
1617,360,1,2
1617,361,1,2
1617,362,1,2
1617,363,1,2
1617,364,1,2
1617,365,1,2
1617,366,1,2
1617,367,1,2
1617,368,1,2
1617,369,1,2
1617,370,1,2
1617,371,1,2
1617,372,1,2
1617,373,1,2
1617,374,1,2
1617,375,1,2
1617,376,1,2
1617,377,1,2
1617,378,1,2
1617,379,1,2
1617,380,1,2
1617,381,1,2
1617,382,1,2
1617,383,1,2
1617,384,1,2
1617,385,1,2
1617,386,1,2
1617,387,1,2
1617,388,1,2
1617,389,1,2
1617,390,1,2
1617,391,1,2
1617,392,1,2
1617,393,1,3
1617,394,1,3
1617,395,1,3
1617,396,1,3
1617,397,1,3
1617,398,1,3
1617,399,1,3
1617,400,1,3
1617,401,1,3
1617,402,1,3
1617,403,1,3
1617,404,1,3
1617,405,1,3
1617,406,1,3
1617,407,1,3
1617,408,1,3
1617,409,1,3
1617,410,1,3
1617,411,1,3
1617,412,1,3
1617,413,1,3
1617,414,1,3
1617,415,1,3
1617,416,1,3
1617,417,1,2
1617,418,1,2
1617,419,1,2
1617,420,1,2
1617,421,1,2
1617,422,1,2
1617,423,1,2
1617,424,1,2
1617,425,1,2
1617,426,1,2
1617,427,1,2
1617,428,1,2
1617,429,1,2
1617,430,1,2
1617,431,1,2
1617,432,1,2
1617,433,1,2
1617,434,1,2
1617,435,1,2
1617,436,1,2
1617,437,1,2
1617,438,1,2
1617,439,1,2
1617,440,1,2
1617,441,1,2
1617,442,1,2
1617,443,1,2
1617,444,1,2
1617,445,1,2
1617,446,1,2
1617,447,1,2
1617,448,1,2
1617,449,1,2
1617,450,1,2
1617,451,1,2
1617,452,1,2
1617,453,1,2
1617,454,1,2
1617,455,1,2
1617,456,1,2
1617,457,1,2
1617,458,1,2
1617,459,1,2
1617,460,1,2
1617,461,1,2
1617,462,1,2
1617,463,1,2
1617,464,1,2
1617,465,1,2
1617,466,1,2
1617,467,1,2
1617,468,1,2
1617,469,1,2
1617,470,1,2
1617,471,1,2
1618,111,1,2
1618,112,1,2
1618,113,1,2
1618,114,1,2
1618,115,1,2
1618,116,1,2
1618,117,1,3
1618,118,1,3
1618,119,1,2
1618,120,1,3
1618,121,1,3
1618,122,1,3
1618,123,1,3
1618,124,1,3
1618,125,1,3
1618,126,1,3
1618,127,1,3
1618,128,1,3
1618,129,1,3
1618,130,1,3
1618,131,1,3
1618,132,1,3
1618,133,1,3
1618,134,1,3
1618,135,1,3
1618,136,1,3
1618,137,1,3
1618,138,1,3
1618,139,1,2
1618,140,1,2
1618,141,1,2
1618,142,1,2
1618,143,1,2
1618,144,1,2
1618,145,1,2
1618,146,1,2
1618,147,1,2
1618,148,1,2
1618,149,1,2
1618,150,1,2
1618,151,1,2
1618,152,1,2
1618,153,1,2
1618,154,1,2
1618,155,1,2
1618,156,1,2
1618,157,1,2
1618,158,1,2
1618,159,1,2
1618,160,1,2
1618,161,1,2
1618,162,1,2
1618,163,1,2
1618,164,1,2
1618,165,1,2
1618,166,1,2
1618,167,1,2
1618,168,1,2
1618,169,1,2
1618,170,1,2
1618,171,1,2
1618,172,1,2
1618,173,1,2
1618,174,1,2
1618,175,1,2
1618,176,1,2
1618,177,1,2
1618,178,1,2
1618,179,1,2
1618,180,1,2
1618,181,1,2
1618,182,1,2
1618,183,1,2
1618,184,1,2
1618,185,1,2
1618,186,1,2
1618,187,1,2
1618,188,1,2
1618,189,1,2
1618,190,1,2
1618,191,1,2
1618,192,1,2
1618,193,1,2
1618,194,1,2
1618,195,1,2
1618,196,1,2
1618,197,1,2
1618,198,1,2
1618,199,1,2
1618,200,1,2
1618,201,1,2
1618,202,1,2
1618,203,1,2
1618,204,1,2
1618,205,1,2
1618,206,1,2
1618,207,1,2
1618,208,1,2
1618,209,1,2
1618,210,1,2
1618,211,1,2
1618,212,1,2
1618,213,1,2
1618,214,1,2
1618,215,1,2
1618,216,1,2
1618,217,1,2
1618,218,1,2
1618,219,1,2
1618,220,1,2
1618,221,1,2
1618,222,1,2
1618,223,1,2
1618,224,1,2
1618,225,1,2
1618,226,1,2
1618,227,1,2
1618,228,1,2
1618,229,1,2
1618,230,1,2
1618,231,1,2
1618,232,1,2
1618,233,1,2
1618,234,1,2
1618,235,1,2
1618,236,1,2
1618,237,1,2
1618,238,1,2
1618,239,1,2
1618,240,1,2
1618,241,1,2
1618,242,1,2
1618,243,1,2
1618,244,1,2
1618,245,1,2
1618,246,1,2
1618,247,1,2
1618,248,1,2
1618,249,1,2
1618,250,1,2
1618,251,1,2
1618,252,1,2
1618,253,1,2
1618,254,1,2
1618,255,1,2
1618,256,1,2
1618,257,1,2
1618,258,1,2
1618,259,1,2
1618,260,1,2
1618,261,1,2
1618,262,1,2
1618,263,1,2
1618,264,1,2
1618,265,1,2
1618,266,1,2
1618,267,1,2
1618,268,1,2
1618,269,1,2
1618,270,1,2
1618,271,1,2
1618,272,1,2
1618,273,1,2
1618,274,1,2
1618,275,1,2
1618,276,1,2
1618,277,1,2
1618,278,1,2
1618,279,1,2
1618,280,1,2
1618,281,1,2
1618,282,1,2
1618,283,1,2
1618,284,1,2
1618,285,1,2
1618,286,1,2
1618,287,1,2
1618,288,1,2
1618,289,1,2
1618,290,1,2
1618,291,1,2
1618,292,1,2
1618,293,1,2
1618,294,1,2
1618,295,1,2
1618,296,1,2
1618,297,1,2
1618,298,1,2
1618,299,1,2
1618,300,1,2
1618,301,1,2
1618,302,1,2
1618,303,1,2
1618,304,1,2
1618,305,1,2
1618,306,1,2
1618,307,1,2
1618,308,1,2
1618,309,1,2
1618,310,1,2
1618,311,1,2
1618,312,1,2
1618,313,1,2
1618,314,1,2
1618,315,1,2
1618,316,1,2
1618,317,1,2
1618,318,1,2
1618,319,1,2
1618,320,1,2
1618,321,1,2
1618,322,1,2
1618,323,1,2
1618,324,1,2
1618,325,1,2
1618,326,1,2
1618,327,1,2
1618,328,1,2
1618,329,1,2
1618,330,1,2
1618,331,1,2
1618,332,1,2
1618,333,1,2
1618,334,1,2
1618,335,1,2
1618,336,1,2
1618,337,1,2
1618,338,1,2
1618,339,1,2
1618,340,1,2
1618,341,1,2
1618,342,1,2
1618,343,1,2
1618,344,1,2
1618,345,1,2
1618,346,1,2
1618,347,1,2
1618,348,1,2
1618,349,1,2
1618,350,1,2
1618,351,1,2
1618,352,1,2
1618,353,1,2
1618,354,1,2
1618,355,1,2
1618,356,1,2
1618,357,1,2
1618,358,1,2
1618,359,1,2
1618,360,1,2
1618,361,1,2
1618,362,1,2
1618,363,1,2
1618,364,1,2
1618,365,1,2
1618,366,1,2
1618,367,1,2
1618,368,1,2
1618,369,1,2
1618,370,1,2
1618,371,1,2
1618,372,1,2
1618,373,1,2
1618,374,1,2
1618,375,1,2
1618,376,1,2
1618,377,1,2
1618,378,1,2
1618,379,1,2
1618,380,1,2
1618,381,1,2
1618,382,1,2
1618,383,1,2
1618,384,1,2
1618,385,1,2
1618,386,1,2
1618,387,1,2
1618,388,1,2
1618,389,1,2
1618,390,1,2
1618,391,1,2
1618,392,1,2
1618,393,1,2
1618,394,1,3
1618,395,1,3
1618,396,1,3
1618,397,1,3
1618,398,1,3
1618,399,1,3
1618,400,1,3
1618,401,1,3
1618,402,1,3
1618,403,1,3
1618,404,1,3
1618,405,1,3
1618,406,1,3
1618,407,1,3
1618,408,1,3
1618,409,1,3
1618,410,1,3
1618,411,1,3
1618,412,1,3
1618,413,1,3
1618,414,1,3
1618,415,1,3
1618,416,1,2
1618,417,1,2
1618,418,1,2
1618,419,1,2
1618,420,1,2
1618,421,1,2
1618,422,1,2
1618,423,1,2
1618,424,1,2
1618,425,1,2
1618,426,1,2
1618,427,1,2
1618,428,1,2
1618,429,1,2
1618,430,1,2
1618,431,1,2
1618,432,1,2
1618,433,1,2
1618,434,1,2
1618,435,1,2
1618,436,1,2
1618,437,1,2
1618,438,1,2
1618,439,1,2
1618,440,1,2
1618,441,1,2
1618,442,1,2
1618,443,1,2
1618,444,1,2
1618,445,1,2
1618,446,1,2
1618,447,1,2
1618,448,1,2
1618,449,1,2
1618,450,1,2
1618,451,1,2
1618,452,1,2
1618,453,1,2
1618,454,1,2
1618,455,1,2
1618,456,1,2
1618,457,1,2
1618,458,1,2
1618,459,1,2
1618,460,1,2
1618,461,1,2
1618,462,1,2
1618,463,1,2
1618,464,1,2
1618,465,1,2
1618,466,1,2
1618,467,1,2
1618,468,1,2
1618,469,1,2
1618,470,1,2
1618,471,1,2
1619,111,1,2
1619,112,1,2
1619,113,1,2
1619,114,1,2
1619,115,1,2
1619,116,1,2
1619,117,1,2
1619,118,1,3
1619,119,1,3
1619,120,1,3
1619,121,1,3
1619,122,1,3
1619,123,1,3
1619,124,1,3
1619,125,1,3
1619,126,1,3
1619,127,1,3
1619,128,1,3
1619,129,1,3
1619,130,1,3
1619,131,1,3
1619,132,1,3
1619,133,1,3
1619,134,1,3
1619,135,1,3
1619,136,1,3
1619,137,1,3
1619,138,1,2
1619,139,1,2
1619,140,1,2
1619,141,1,2
1619,142,1,2
1619,143,1,2
1619,144,1,2
1619,145,1,2
1619,146,1,2
1619,147,1,2
1619,148,1,2
1619,149,1,2
1619,150,1,2
1619,151,1,2
1619,152,1,2
1619,153,1,2
1619,154,1,2
1619,155,1,2
1619,156,1,2
1619,157,1,2
1619,158,1,2
1619,159,1,2
1619,160,1,2
1619,161,1,2
1619,162,1,2
1619,163,1,2
1619,164,1,2
1619,165,1,2
1619,166,1,2
1619,167,1,2
1619,168,1,2
1619,169,1,2
1619,170,1,2
1619,171,1,2
1619,172,1,2
1619,173,1,2
1619,174,1,2
1619,175,1,2
1619,176,1,2
1619,177,1,2
1619,178,1,2
1619,179,1,2
1619,180,1,2
1619,181,1,2
1619,182,1,2
1619,183,1,2
1619,184,1,2
1619,185,1,2
1619,186,1,2
1619,187,1,2
1619,188,1,2
1619,189,1,2
1619,190,1,2
1619,191,1,2
1619,192,1,2
1619,193,1,2
1619,194,1,2
1619,195,1,2
1619,196,1,2
1619,197,1,2
1619,198,1,2
1619,199,1,2
1619,200,1,2
1619,201,1,2
1619,202,1,2
1619,203,1,2
1619,204,1,2
1619,205,1,2
1619,206,1,2
1619,207,1,2
1619,208,1,2
1619,209,1,2
1619,210,1,2
1619,211,1,2
1619,212,1,2
1619,213,1,2
1619,214,1,2
1619,215,1,2
1619,216,1,2
1619,217,1,2
1619,218,1,2
1619,219,1,2
1619,220,1,2
1619,221,1,2
1619,222,1,2
1619,223,1,2
1619,224,1,2
1619,225,1,2
1619,226,1,2
1619,227,1,2
1619,228,1,2
1619,229,1,2
1619,230,1,2
1619,231,1,2
1619,232,1,2
1619,233,1,2
1619,234,1,2
1619,235,1,2
1619,236,1,2
1619,237,1,2
1619,238,1,2
1619,239,1,2
1619,240,1,2
1619,241,1,2
1619,242,1,2
1619,243,1,2
1619,244,1,2
1619,245,1,2
1619,246,1,2
1619,247,1,2
1619,248,1,2
1619,249,1,2
1619,250,1,2
1619,251,1,2
1619,252,1,2
1619,253,1,2
1619,254,1,2
1619,255,1,2
1619,256,1,2
1619,257,1,2
1619,258,1,2
1619,259,1,2
1619,260,1,2
1619,261,1,2
1619,262,1,2
1619,263,1,2
1619,264,1,2
1619,265,1,2
1619,266,1,2
1619,267,1,2
1619,268,1,2
1619,269,1,2
1619,270,1,2
1619,271,1,2
1619,272,1,2
1619,273,1,2
1619,274,1,2
1619,275,1,2
1619,276,1,2
1619,277,1,2
1619,278,1,2
1619,279,1,2
1619,280,1,2
1619,281,1,2
1619,282,1,2
1619,283,1,2
1619,284,1,2
1619,285,1,2
1619,286,1,2
1619,287,1,2
1619,288,1,2
1619,289,1,2
1619,290,1,2
1619,291,1,2
1619,292,1,2
1619,293,1,2
1619,294,1,2
1619,295,1,2
1619,296,1,2
1619,297,1,2
1619,298,1,2
1619,299,1,2
1619,300,1,2
1619,301,1,2
1619,302,1,2
1619,303,1,2
1619,304,1,2
1619,305,1,2
1619,306,1,2
1619,307,1,2
1619,308,1,2
1619,309,1,2
1619,310,1,2
1619,311,1,2
1619,312,1,2
1619,313,1,2
1619,314,1,2
1619,315,1,2
1619,316,1,2
1619,317,1,2
1619,318,1,2
1619,319,1,2
1619,320,1,2
1619,321,1,2
1619,322,1,2
1619,323,1,2
1619,324,1,2
1619,325,1,2
1619,326,1,2
1619,327,1,2
1619,328,1,2
1619,329,1,2
1619,330,1,2
1619,331,1,2
1619,332,1,2
1619,333,1,2
1619,334,1,2
1619,335,1,2
1619,336,1,2
1619,337,1,2
1619,338,1,2
1619,339,1,2
1619,340,1,2
1619,341,1,2
1619,342,1,2
1619,343,1,2
1619,344,1,2
1619,345,1,2
1619,346,1,2
1619,347,1,2
1619,348,1,2
1619,349,1,2
1619,350,1,2
1619,351,1,2
1619,352,1,2
1619,353,1,2
1619,354,1,2
1619,355,1,2
1619,356,1,2
1619,357,1,2
1619,358,1,2
1619,359,1,2
1619,360,1,2
1619,361,1,2
1619,362,1,2
1619,363,1,2
1619,364,1,2
1619,365,1,2
1619,366,1,2
1619,367,1,2
1619,368,1,2
1619,369,1,2
1619,370,1,2
1619,371,1,2
1619,372,1,2
1619,373,1,2
1619,374,1,2
1619,375,1,2
1619,376,1,2
1619,377,1,2
1619,378,1,2
1619,379,1,2
1619,380,1,2
1619,381,1,2
1619,382,1,2
1619,383,1,2
1619,384,1,2
1619,385,1,2
1619,386,1,2
1619,387,1,2
1619,388,1,2
1619,389,1,2
1619,390,1,2
1619,391,1,2
1619,392,1,2
1619,393,1,2
1619,394,1,3
1619,395,1,3
1619,396,1,3
1619,397,1,3
1619,398,1,3
1619,399,1,3
1619,400,1,3
1619,401,1,3
1619,402,1,3
1619,403,1,3
1619,404,1,3
1619,405,1,3
1619,406,1,3
1619,407,1,3
1619,408,1,3
1619,409,1,3
1619,410,1,3
1619,411,1,3
1619,412,1,3
1619,413,1,3
1619,414,1,2
1619,415,1,2
1619,416,1,2
1619,417,1,2
1619,418,1,2
1619,419,1,2
1619,420,1,2
1619,421,1,2
1619,422,1,2
1619,423,1,2
1619,424,1,2
1619,425,1,2
1619,426,1,2
1619,427,1,2
1619,428,1,2
1619,429,1,2
1619,430,1,2
1619,431,1,2
1619,432,1,2
1619,433,1,2
1619,434,1,2
1619,435,1,2
1619,436,1,2
1619,437,1,2
1619,438,1,2
1619,439,1,2
1619,440,1,2
1619,441,1,2
1619,442,1,2
1619,443,1,2
1619,444,1,2
1619,445,1,2
1619,446,1,2
1619,447,1,2
1619,448,1,2
1619,449,1,2
1619,450,1,2
1619,451,1,2
1619,452,1,2
1619,453,1,2
1619,454,1,2
1619,455,1,2
1619,456,1,2
1619,457,1,2
1619,458,1,2
1619,459,1,2
1619,460,1,2
1619,461,1,2
1619,462,1,2
1619,463,1,2
1619,464,1,2
1619,465,1,2
1619,466,1,2
1619,467,1,2
1619,468,1,2
1619,469,1,2
1619,470,1,2
1619,471,1,2
1620,111,1,2
1620,112,1,2
1620,113,1,2
1620,114,1,2
1620,115,1,2
1620,116,1,2
1620,117,1,2
1620,118,1,3
1620,119,1,3
1620,120,1,3
1620,121,1,3
1620,122,1,3
1620,123,1,3
1620,124,1,3
1620,125,1,3
1620,126,1,3
1620,127,1,3
1620,128,1,3
1620,129,1,3
1620,130,1,3
1620,131,1,3
1620,132,1,3
1620,133,1,3
1620,134,1,3
1620,135,1,3
1620,136,1,3
1620,137,1,3
1620,138,1,2
1620,139,1,2
1620,140,1,2
1620,141,1,2
1620,142,1,2
1620,143,1,2
1620,144,1,2
1620,145,1,2
1620,146,1,2
1620,147,1,2
1620,148,1,2
1620,149,1,2
1620,150,1,2
1620,151,1,2
1620,152,1,2
1620,153,1,2
1620,154,1,2
1620,155,1,2
1620,156,1,2
1620,157,1,2
1620,158,1,2
1620,159,1,2
1620,160,1,2
1620,161,1,2
1620,162,1,2
1620,163,1,2
1620,164,1,2
1620,165,1,2
1620,166,1,2
1620,167,1,2
1620,168,1,2
1620,169,1,2
1620,170,1,2
1620,171,1,2
1620,172,1,2
1620,173,1,2
1620,174,1,2
1620,175,1,2
1620,176,1,2
1620,177,1,2
1620,178,1,2
1620,179,1,2
1620,180,1,2
1620,181,1,2
1620,182,1,2
1620,183,1,2
1620,184,1,2
1620,185,1,2
1620,186,1,2
1620,187,1,2
1620,188,1,2
1620,189,1,2
1620,190,1,2
1620,191,1,2
1620,192,1,2
1620,193,1,2
1620,194,1,2
1620,195,1,2
1620,196,1,2
1620,197,1,2
1620,198,1,2
1620,199,1,2
1620,200,1,2
1620,201,1,2
1620,202,1,2
1620,203,1,2
1620,204,1,2
1620,205,1,2
1620,206,1,2
1620,207,1,2
1620,208,1,2
1620,209,1,2
1620,210,1,2
1620,211,1,2
1620,212,1,2
1620,213,1,2
1620,214,1,2
1620,215,1,2
1620,216,1,2
1620,217,1,2
1620,218,1,2
1620,219,1,2
1620,220,1,2
1620,221,1,2
1620,222,1,2
1620,223,1,2
1620,224,1,2
1620,225,1,2
1620,226,1,2
1620,227,1,2
1620,228,1,2
1620,229,1,2
1620,230,1,2
1620,231,1,2
1620,232,1,2
1620,233,1,2
1620,234,1,2
1620,235,1,2
1620,236,1,2
1620,237,1,2
1620,238,1,2
1620,239,1,2
1620,240,1,2
1620,241,1,2
1620,242,1,2
1620,243,1,2
1620,244,1,2
1620,245,1,2
1620,246,1,2
1620,247,1,2
1620,248,1,2
1620,249,1,2
1620,250,1,2
1620,251,1,2
1620,252,1,2
1620,253,1,2
1620,254,1,2
1620,255,1,2
1620,256,1,2
1620,257,1,2
1620,258,1,2
1620,259,1,2
1620,260,1,2
1620,261,1,2
1620,262,1,2
1620,263,1,2
1620,264,1,2
1620,265,1,2
1620,266,1,2
1620,267,1,2
1620,268,1,2
1620,269,1,2
1620,270,1,2
1620,271,1,2
1620,272,1,2
1620,273,1,2
1620,274,1,2
1620,275,1,2
1620,276,1,2
1620,277,1,2
1620,278,1,2
1620,279,1,2
1620,280,1,2
1620,281,1,2
1620,282,1,2
1620,283,1,2
1620,284,1,2
1620,285,1,2
1620,286,1,2
1620,287,1,2
1620,288,1,2
1620,289,1,2
1620,290,1,2
1620,291,1,2
1620,292,1,2
1620,293,1,2
1620,294,1,2
1620,295,1,2
1620,296,1,2
1620,297,1,2
1620,298,1,2
1620,299,1,2
1620,300,1,2
1620,301,1,2
1620,302,1,2
1620,303,1,2
1620,304,1,2
1620,305,1,2
1620,306,1,2
1620,307,1,2
1620,308,1,2
1620,309,1,2
1620,310,1,2
1620,311,1,2
1620,312,1,2
1620,313,1,2
1620,314,1,2
1620,315,1,2
1620,316,1,2
1620,317,1,2
1620,318,1,2
1620,319,1,2
1620,320,1,2
1620,321,1,2
1620,322,1,2
1620,323,1,2
1620,324,1,2
1620,325,1,2
1620,326,1,2
1620,327,1,2
1620,328,1,2
1620,329,1,2
1620,330,1,2
1620,331,1,2
1620,332,1,2
1620,333,1,2
1620,334,1,2
1620,335,1,2
1620,336,1,2
1620,337,1,2
1620,338,1,2
1620,339,1,2
1620,340,1,2
1620,341,1,2
1620,342,1,2
1620,343,1,2
1620,344,1,2
1620,345,1,2
1620,346,1,2
1620,347,1,2
1620,348,1,2
1620,349,1,2
1620,350,1,2
1620,351,1,2
1620,352,1,2
1620,353,1,2
1620,354,1,2
1620,355,1,2
1620,356,1,2
1620,357,1,2
1620,358,1,2
1620,359,1,2
1620,360,1,2
1620,361,1,2
1620,362,1,2
1620,363,1,2
1620,364,1,2
1620,365,1,2
1620,366,1,2
1620,367,1,2
1620,368,1,2
1620,369,1,2
1620,370,1,2
1620,371,1,2
1620,372,1,2
1620,373,1,2
1620,374,1,2
1620,375,1,2
1620,376,1,2
1620,377,1,2
1620,378,1,2
1620,379,1,2
1620,380,1,2
1620,381,1,2
1620,382,1,2
1620,383,1,2
1620,384,1,2
1620,385,1,2
1620,386,1,2
1620,387,1,2
1620,388,1,2
1620,389,1,2
1620,390,1,2
1620,391,1,2
1620,392,1,2
1620,393,1,2
1620,394,1,2
1620,395,1,3
1620,396,1,3
1620,397,1,3
1620,398,1,3
1620,399,1,3
1620,400,1,3
1620,401,1,3
1620,402,1,3
1620,403,1,3
1620,404,1,3
1620,405,1,3
1620,406,1,3
1620,407,1,3
1620,408,1,3
1620,409,1,3
1620,410,1,3
1620,411,1,3
1620,412,1,3
1620,413,1,2
1620,414,1,2
1620,415,1,2
1620,416,1,2
1620,417,1,2
1620,418,1,2
1620,419,1,2
1620,420,1,2
1620,421,1,2
1620,422,1,2
1620,423,1,2
1620,424,1,2
1620,425,1,2
1620,426,1,2
1620,427,1,2
1620,428,1,2
1620,429,1,2
1620,430,1,2
1620,431,1,2
1620,432,1,2
1620,433,1,2
1620,434,1,2
1620,435,1,2
1620,436,1,2
1620,437,1,2
1620,438,1,2
1620,439,1,2
1620,440,1,2
1620,441,1,2
1620,442,1,2
1620,443,1,2
1620,444,1,2
1620,445,1,2
1620,446,1,2
1620,447,1,2
1620,448,1,2
1620,449,1,2
1620,450,1,2
1620,451,1,2
1620,452,1,2
1620,453,1,2
1620,454,1,2
1620,455,1,2
1620,456,1,2
1620,457,1,2
1620,458,1,2
1620,459,1,2
1620,460,1,2
1620,461,1,2
1620,462,1,2
1620,463,1,2
1620,464,1,2
1620,465,1,2
1620,466,1,2
1620,467,1,2
1620,468,1,2
1620,469,1,2
1620,470,1,2
1620,471,1,2
1621,111,1,2
1621,112,1,2
1621,113,1,2
1621,114,1,2
1621,115,1,2
1621,116,1,2
1621,117,1,2
1621,118,1,3
1621,119,1,3
1621,120,1,3
1621,121,1,3
1621,122,1,3
1621,123,1,3
1621,124,1,3
1621,125,1,3
1621,126,1,3
1621,127,1,3
1621,128,1,3
1621,129,1,3
1621,130,1,3
1621,131,1,3
1621,132,1,3
1621,133,1,3
1621,134,1,3
1621,135,1,3
1621,136,1,3
1621,137,1,2
1621,138,1,2
1621,139,1,2
1621,140,1,2
1621,141,1,2
1621,142,1,2
1621,143,1,2
1621,144,1,2
1621,145,1,2
1621,146,1,2
1621,147,1,2
1621,148,1,2
1621,149,1,2
1621,150,1,2
1621,151,1,2
1621,152,1,2
1621,153,1,2
1621,154,1,2
1621,155,1,2
1621,156,1,2
1621,157,1,2
1621,158,1,2
1621,159,1,2
1621,160,1,2
1621,161,1,2
1621,162,1,2
1621,163,1,2
1621,164,1,2
1621,165,1,2
1621,166,1,2
1621,167,1,2
1621,168,1,2
1621,169,1,2
1621,170,1,2
1621,171,1,2
1621,172,1,2
1621,173,1,2
1621,174,1,2
1621,175,1,2
1621,176,1,2
1621,177,1,2
1621,178,1,2
1621,179,1,2
1621,180,1,2
1621,181,1,2
1621,182,1,2
1621,183,1,2
1621,184,1,2
1621,185,1,2
1621,186,1,2
1621,187,1,2
1621,188,1,2
1621,189,1,2
1621,190,1,2
1621,191,1,2
1621,192,1,2
1621,193,1,2
1621,194,1,2
1621,195,1,2
1621,196,1,2
1621,197,1,2
1621,198,1,2
1621,199,1,2
1621,200,1,2
1621,201,1,2
1621,202,1,2
1621,203,1,2
1621,204,1,2
1621,205,1,2
1621,206,1,2
1621,207,1,2
1621,208,1,2
1621,209,1,2
1621,210,1,2
1621,211,1,2
1621,212,1,2
1621,213,1,2
1621,214,1,2
1621,215,1,2
1621,216,1,2
1621,217,1,2
1621,218,1,2
1621,219,1,2
1621,220,1,2
1621,221,1,2
1621,222,1,2
1621,223,1,2
1621,224,1,2
1621,225,1,2
1621,226,1,2
1621,227,1,2
1621,228,1,2
1621,229,1,2
1621,230,1,2
1621,231,1,2
1621,232,1,2
1621,233,1,2
1621,234,1,2
1621,235,1,2
1621,236,1,2
1621,237,1,2
1621,238,1,2
1621,239,1,2
1621,240,1,2
1621,241,1,2
1621,242,1,2
1621,243,1,2
1621,244,1,2
1621,245,1,2
1621,246,1,2
1621,247,1,2
1621,248,1,2
1621,249,1,2
1621,250,1,2
1621,251,1,2
1621,252,1,2
1621,253,1,2
1621,254,1,2
1621,255,1,2
1621,256,1,2
1621,257,1,2
1621,258,1,2
1621,259,1,2
1621,260,1,2
1621,261,1,2
1621,262,1,2
1621,263,1,2
1621,264,1,2
1621,265,1,2
1621,266,1,2
1621,267,1,2
1621,268,1,2
1621,269,1,2
1621,270,1,2
1621,271,1,2
1621,272,1,2
1621,273,1,2
1621,274,1,2
1621,275,1,2
1621,276,1,2
1621,277,1,2
1621,278,1,2
1621,279,1,2
1621,280,1,2
1621,281,1,2
1621,282,1,2
1621,283,1,2
1621,284,1,2
1621,285,1,2
1621,286,1,2
1621,287,1,2
1621,288,1,2
1621,289,1,2
1621,290,1,2
1621,291,1,2
1621,292,1,2
1621,293,1,2
1621,294,1,2
1621,295,1,2
1621,296,1,2
1621,297,1,2
1621,298,1,2
1621,299,1,2
1621,300,1,2
1621,301,1,2
1621,302,1,2
1621,303,1,2
1621,304,1,2
1621,305,1,2
1621,306,1,2
1621,307,1,2
1621,308,1,2
1621,309,1,2
1621,310,1,2
1621,311,1,2
1621,312,1,2
1621,313,1,2
1621,314,1,2
1621,315,1,2
1621,316,1,2
1621,317,1,2
1621,318,1,2
1621,319,1,2
1621,320,1,2
1621,321,1,2
1621,322,1,2
1621,323,1,2
1621,324,1,2
1621,325,1,2
1621,326,1,2
1621,327,1,2
1621,328,1,2
1621,329,1,2
1621,330,1,2
1621,331,1,2
1621,332,1,2
1621,333,1,2
1621,334,1,2
1621,335,1,2
1621,336,1,2
1621,337,1,2
1621,338,1,2
1621,339,1,2
1621,340,1,2
1621,341,1,2
1621,342,1,2
1621,343,1,2
1621,344,1,2
1621,345,1,2
1621,346,1,2
1621,347,1,2
1621,348,1,2
1621,349,1,2
1621,350,1,2
1621,351,1,2
1621,352,1,2
1621,353,1,2
1621,354,1,2
1621,355,1,2
1621,356,1,2
1621,357,1,2
1621,358,1,2
1621,359,1,2
1621,360,1,2
1621,361,1,2
1621,362,1,2
1621,363,1,2
1621,364,1,2
1621,365,1,2
1621,366,1,2
1621,367,1,2
1621,368,1,2
1621,369,1,2
1621,370,1,2
1621,371,1,2
1621,372,1,2
1621,373,1,2
1621,374,1,2
1621,375,1,2
1621,376,1,2
1621,377,1,2
1621,378,1,2
1621,379,1,2
1621,380,1,2
1621,381,1,2
1621,382,1,2
1621,383,1,2
1621,384,1,2
1621,385,1,2
1621,386,1,2
1621,387,1,2
1621,388,1,2
1621,389,1,2
1621,390,1,2
1621,391,1,2
1621,392,1,2
1621,393,1,2
1621,394,1,2
1621,395,1,2
1621,396,1,2
1621,397,1,3
1621,398,1,3
1621,399,1,3
1621,400,1,3
1621,401,1,3
1621,402,1,3
1621,403,1,3
1621,404,1,3
1621,405,1,3
1621,406,1,3
1621,407,1,2
1621,408,1,2
1621,409,1,2
1621,410,1,2
1621,411,1,2
1621,412,1,2
1621,413,1,2
1621,414,1,2
1621,415,1,2
1621,416,1,2
1621,417,1,2
1621,418,1,2
1621,419,1,2
1621,420,1,2
1621,421,1,2
1621,422,1,2
1621,423,1,2
1621,424,1,2
1621,425,1,2
1621,426,1,2
1621,427,1,2
1621,428,1,2
1621,429,1,2
1621,430,1,2
1621,431,1,2
1621,432,1,2
1621,433,1,2
1621,434,1,2
1621,435,1,2
1621,436,1,2
1621,437,1,2
1621,438,1,2
1621,439,1,2
1621,440,1,2
1621,441,1,2
1621,442,1,2
1621,443,1,2
1621,444,1,2
1621,445,1,2
1621,446,1,2
1621,447,1,2
1621,448,1,2
1621,449,1,2
1621,450,1,2
1621,451,1,2
1621,452,1,2
1621,453,1,2
1621,454,1,2
1621,455,1,2
1621,456,1,2
1621,457,1,2
1621,458,1,2
1621,459,1,2
1621,460,1,2
1621,461,1,2
1621,462,1,2
1621,463,1,2
1621,464,1,2
1621,465,1,2
1621,466,1,2
1621,467,1,2
1621,468,1,2
1621,469,1,2
1621,470,1,2
1621,471,1,2
1622,111,1,2
1622,112,1,2
1622,113,1,2
1622,114,1,2
1622,115,1,2
1622,116,1,2
1622,117,1,2
1622,118,1,3
1622,119,1,3
1622,120,1,3
1622,121,1,3
1622,122,1,3
1622,123,1,3
1622,124,1,3
1622,125,1,3
1622,126,1,3
1622,127,1,3
1622,128,1,3
1622,129,1,3
1622,130,1,3
1622,131,1,3
1622,132,1,3
1622,133,1,3
1622,134,1,3
1622,135,1,3
1622,136,1,2
1622,137,1,2
1622,138,1,2
1622,139,1,2
1622,140,1,2
1622,141,1,2
1622,142,1,2
1622,143,1,2
1622,144,1,2
1622,145,1,2
1622,146,1,2
1622,147,1,2
1622,148,1,2
1622,149,1,2
1622,150,1,2
1622,151,1,2
1622,152,1,2
1622,153,1,2
1622,154,1,2
1622,155,1,2
1622,156,1,2
1622,157,1,2
1622,158,1,2
1622,159,1,2
1622,160,1,2
1622,161,1,2
1622,162,1,2
1622,163,1,2
1622,164,1,2
1622,165,1,2
1622,166,1,2
1622,167,1,2
1622,168,1,2
1622,169,1,2
1622,170,1,2
1622,171,1,2
1622,172,1,2
1622,173,1,2
1622,174,1,2
1622,175,1,2
1622,176,1,2
1622,177,1,2
1622,178,1,2
1622,179,1,2
1622,180,1,2
1622,181,1,2
1622,182,1,2
1622,183,1,2
1622,184,1,2
1622,185,1,2
1622,186,1,2
1622,187,1,2
1622,188,1,2
1622,189,1,2
1622,190,1,2
1622,191,1,2
1622,192,1,2
1622,193,1,2
1622,194,1,2
1622,195,1,2
1622,196,1,2
1622,197,1,2
1622,198,1,2
1622,199,1,2
1622,200,1,2
1622,201,1,2
1622,202,1,2
1622,203,1,2
1622,204,1,2
1622,205,1,2
1622,206,1,2
1622,207,1,2
1622,208,1,2
1622,209,1,2
1622,210,1,2
1622,211,1,2
1622,212,1,2
1622,213,1,2
1622,214,1,2
1622,215,1,2
1622,216,1,2
1622,217,1,2
1622,218,1,2
1622,219,1,2
1622,220,1,2
1622,221,1,2
1622,222,1,2
1622,223,1,2
1622,224,1,2
1622,225,1,2
1622,226,1,2
1622,227,1,2
1622,228,1,2
1622,229,1,2
1622,230,1,2
1622,231,1,2
1622,232,1,2
1622,233,1,2
1622,234,1,2
1622,235,1,2
1622,236,1,2
1622,237,1,2
1622,238,1,2
1622,239,1,2
1622,240,1,2
1622,241,1,2
1622,242,1,2
1622,243,1,2
1622,244,1,2
1622,245,1,2
1622,246,1,2
1622,247,1,2
1622,248,1,2
1622,249,1,2
1622,250,1,2
1622,251,1,2
1622,252,1,2
1622,253,1,2
1622,254,1,2
1622,255,1,2
1622,256,1,2
1622,257,1,2
1622,258,1,2
1622,259,1,2
1622,260,1,2
1622,261,1,2
1622,262,1,2
1622,263,1,2
1622,264,1,2
1622,265,1,2
1622,266,1,2
1622,267,1,2
1622,268,1,2
1622,269,1,2
1622,270,1,2
1622,271,1,2
1622,272,1,2
1622,273,1,2
1622,274,1,2
1622,275,1,2
1622,276,1,2
1622,277,1,2
1622,278,1,2
1622,279,1,2
1622,280,1,2
1622,281,1,2
1622,282,1,2
1622,283,1,2
1622,284,1,2
1622,285,1,2
1622,286,1,2
1622,287,1,2
1622,288,1,2
1622,289,1,2
1622,290,1,2
1622,291,1,2
1622,292,1,2
1622,293,1,2
1622,294,1,2
1622,295,1,2
1622,296,1,2
1622,297,1,2
1622,298,1,2
1622,299,1,2
1622,300,1,2
1622,301,1,2
1622,302,1,2
1622,303,1,2
1622,304,1,2
1622,305,1,2
1622,306,1,2
1622,307,1,2
1622,308,1,2
1622,309,1,2
1622,310,1,2
1622,311,1,2
1622,312,1,2
1622,313,1,2
1622,314,1,2
1622,315,1,2
1622,316,1,2
1622,317,1,2
1622,318,1,2
1622,319,1,2
1622,320,1,2
1622,321,1,2
1622,322,1,2
1622,323,1,2
1622,324,1,2
1622,325,1,2
1622,326,1,2
1622,327,1,2
1622,328,1,2
1622,329,1,2
1622,330,1,2
1622,331,1,2
1622,332,1,2
1622,333,1,2
1622,334,1,2
1622,335,1,2
1622,336,1,2
1622,337,1,2
1622,338,1,2
1622,339,1,2
1622,340,1,2
1622,341,1,2
1622,342,1,2
1622,343,1,2
1622,344,1,2
1622,345,1,2
1622,346,1,2
1622,347,1,2
1622,348,1,2
1622,349,1,2
1622,350,1,2
1622,351,1,2
1622,352,1,2
1622,353,1,2
1622,354,1,2
1622,355,1,2
1622,356,1,2
1622,357,1,2
1622,358,1,2
1622,359,1,2
1622,360,1,2
1622,361,1,2
1622,362,1,2
1622,363,1,2
1622,364,1,2
1622,365,1,2
1622,366,1,2
1622,367,1,2
1622,368,1,2
1622,369,1,2
1622,370,1,2
1622,371,1,2
1622,372,1,2
1622,373,1,2
1622,374,1,2
1622,375,1,2
1622,376,1,2
1622,377,1,2
1622,378,1,2
1622,379,1,2
1622,380,1,2
1622,381,1,2
1622,382,1,2
1622,383,1,2
1622,384,1,2
1622,385,1,2
1622,386,1,2
1622,387,1,2
1622,388,1,2
1622,389,1,2
1622,390,1,2
1622,391,1,2
1622,392,1,2
1622,393,1,2
1622,394,1,2
1622,395,1,2
1622,396,1,2
1622,397,1,2
1622,398,1,3
1622,399,1,3
1622,400,1,3
1622,401,1,2
1622,402,1,2
1622,403,1,2
1622,404,1,2
1622,405,1,2
1622,406,1,2
1622,407,1,2
1622,408,1,2
1622,409,1,2
1622,410,1,2
1622,411,1,2
1622,412,1,2
1622,413,1,2
1622,414,1,2
1622,415,1,2
1622,416,1,2
1622,417,1,2
1622,418,1,2
1622,419,1,2
1622,420,1,2
1622,421,1,2
1622,422,1,2
1622,423,1,2
1622,424,1,2
1622,425,1,2
1622,426,1,2
1622,427,1,2
1622,428,1,2
1622,429,1,2
1622,430,1,2
1622,431,1,2
1622,432,1,2
1622,433,1,2
1622,434,1,2
1622,435,1,2
1622,436,1,2
1622,437,1,2
1622,438,1,2
1622,439,1,2
1622,440,1,2
1622,441,1,2
1622,442,1,2
1622,443,1,2
1622,444,1,2
1622,445,1,2
1622,446,1,2
1622,447,1,2
1622,448,1,2
1622,449,1,2
1622,450,1,2
1622,451,1,2
1622,452,1,2
1622,453,1,2
1622,454,1,2
1622,455,1,2
1622,456,1,2
1622,457,1,2
1622,458,1,2
1622,459,1,2
1622,460,1,2
1622,461,1,2
1622,462,1,2
1622,463,1,2
1622,464,1,2
1622,465,1,2
1622,466,1,2
1622,467,1,2
1622,468,1,2
1622,469,1,2
1622,470,1,2
1622,471,1,2
1623,111,1,2
1623,112,1,2
1623,113,1,2
1623,114,1,2
1623,115,1,2
1623,116,1,2
1623,117,1,2
1623,118,1,3
1623,119,1,3
1623,120,1,3
1623,121,1,3
1623,122,1,3
1623,123,1,3
1623,124,1,3
1623,125,1,3
1623,126,1,3
1623,127,1,3
1623,128,1,3
1623,129,1,3
1623,130,1,3
1623,131,1,3
1623,132,1,3
1623,133,1,3
1623,134,1,3
1623,135,1,2
1623,136,1,2
1623,137,1,2
1623,138,1,2
1623,139,1,2
1623,140,1,2
1623,141,1,2
1623,142,1,2
1623,143,1,2
1623,144,1,2
1623,145,1,2
1623,146,1,2
1623,147,1,2
1623,148,1,2
1623,149,1,2
1623,150,1,2
1623,151,1,2
1623,152,1,2
1623,153,1,2
1623,154,1,2
1623,155,1,2
1623,156,1,2
1623,157,1,2
1623,158,1,2
1623,159,1,2
1623,160,1,2
1623,161,1,2
1623,162,1,2
1623,163,1,2
1623,164,1,2
1623,165,1,2
1623,166,1,2
1623,167,1,2
1623,168,1,2
1623,169,1,2
1623,170,1,2
1623,171,1,2
1623,172,1,2
1623,173,1,2
1623,174,1,2
1623,175,1,2
1623,176,1,2
1623,177,1,2
1623,178,1,2
1623,179,1,2
1623,180,1,2
1623,181,1,2
1623,182,1,2
1623,183,1,2
1623,184,1,2
1623,185,1,2
1623,186,1,2
1623,187,1,2
1623,188,1,2
1623,189,1,2
1623,190,1,2
1623,191,1,2
1623,192,1,2
1623,193,1,2
1623,194,1,2
1623,195,1,2
1623,196,1,2
1623,197,1,2
1623,198,1,2
1623,199,1,2
1623,200,1,2
1623,201,1,2
1623,202,1,2
1623,203,1,2
1623,204,1,2
1623,205,1,2
1623,206,1,2
1623,207,1,2
1623,208,1,2
1623,209,1,2
1623,210,1,2
1623,211,1,2
1623,212,1,2
1623,213,1,2
1623,214,1,2
1623,215,1,2
1623,216,1,2
1623,217,1,2
1623,218,1,2
1623,219,1,2
1623,220,1,2
1623,221,1,2
1623,222,1,2
1623,223,1,2
1623,224,1,2
1623,225,1,2
1623,226,1,2
1623,227,1,2
1623,228,1,2
1623,229,1,2
1623,230,1,2
1623,231,1,2
1623,232,1,2
1623,233,1,2
1623,234,1,2
1623,235,1,2
1623,236,1,2
1623,237,1,2
1623,238,1,2
1623,239,1,2
1623,240,1,2
1623,241,1,2
1623,242,1,2
1623,243,1,2
1623,244,1,2
1623,245,1,2
1623,246,1,2
1623,247,1,2
1623,248,1,2
1623,249,1,2
1623,250,1,2
1623,251,1,2
1623,252,1,2
1623,253,1,2
1623,254,1,2
1623,255,1,2
1623,256,1,2
1623,257,1,2
1623,258,1,2
1623,259,1,2
1623,260,1,2
1623,261,1,2
1623,262,1,2
1623,263,1,2
1623,264,1,2
1623,265,1,2
1623,266,1,2
1623,267,1,2
1623,268,1,2
1623,269,1,2
1623,270,1,2
1623,271,1,2
1623,272,1,2
1623,273,1,2
1623,274,1,2
1623,275,1,2
1623,276,1,2
1623,277,1,2
1623,278,1,2
1623,279,1,2
1623,280,1,2
1623,281,1,2
1623,282,1,2
1623,283,1,2
1623,284,1,2
1623,285,1,2
1623,286,1,2
1623,287,1,2
1623,288,1,2
1623,289,1,2
1623,290,1,2
1623,291,1,2
1623,292,1,2
1623,293,1,2
1623,294,1,2
1623,295,1,2
1623,296,1,2
1623,297,1,2
1623,298,1,2
1623,299,1,2
1623,300,1,2
1623,301,1,2
1623,302,1,2
1623,303,1,2
1623,304,1,2
1623,305,1,2
1623,306,1,2
1623,307,1,2
1623,308,1,2
1623,309,1,2
1623,310,1,2
1623,311,1,2
1623,312,1,2
1623,313,1,2
1623,314,1,2
1623,315,1,2
1623,316,1,2
1623,317,1,2
1623,318,1,2
1623,319,1,2
1623,320,1,2
1623,321,1,2
1623,322,1,2
1623,323,1,2
1623,324,1,2
1623,325,1,2
1623,326,1,2
1623,327,1,2
1623,328,1,2
1623,329,1,2
1623,330,1,2
1623,331,1,2
1623,332,1,2
1623,333,1,2
1623,334,1,2
1623,335,1,2
1623,336,1,2
1623,337,1,2
1623,338,1,2
1623,339,1,2
1623,340,1,2
1623,341,1,2
1623,342,1,2
1623,343,1,2
1623,344,1,2
1623,345,1,2
1623,346,1,2
1623,347,1,2
1623,348,1,2
1623,349,1,2
1623,350,1,2
1623,351,1,2
1623,352,1,2
1623,353,1,2
1623,354,1,2
1623,355,1,2
1623,356,1,2
1623,357,1,2
1623,358,1,2
1623,359,1,2
1623,360,1,2
1623,361,1,2
1623,362,1,2
1623,363,1,2
1623,364,1,2
1623,365,1,2
1623,366,1,2
1623,367,1,2
1623,368,1,2
1623,369,1,2
1623,370,1,2
1623,371,1,2
1623,372,1,2
1623,373,1,2
1623,374,1,2
1623,375,1,2
1623,376,1,2
1623,377,1,2
1623,378,1,2
1623,379,1,2
1623,380,1,2
1623,381,1,2
1623,382,1,2
1623,383,1,2
1623,384,1,2
1623,385,1,2
1623,386,1,2
1623,387,1,2
1623,388,1,2
1623,389,1,2
1623,390,1,2
1623,391,1,2
1623,392,1,2
1623,393,1,2
1623,394,1,2
1623,395,1,2
1623,396,1,2
1623,397,1,2
1623,398,1,2
1623,399,1,2
1623,400,1,2
1623,401,1,2
1623,402,1,2
1623,403,1,2
1623,404,1,2
1623,405,1,2
1623,406,1,2
1623,407,1,2
1623,408,1,2
1623,409,1,2
1623,410,1,2
1623,411,1,2
1623,412,1,2
1623,413,1,2
1623,414,1,2
1623,415,1,2
1623,416,1,2
1623,417,1,2
1623,418,1,2
1623,419,1,2
1623,420,1,2
1623,421,1,2
1623,422,1,2
1623,423,1,2
1623,424,1,2
1623,425,1,2
1623,426,1,2
1623,427,1,2
1623,428,1,2
1623,429,1,2
1623,430,1,2
1623,431,1,2
1623,432,1,2
1623,433,1,2
1623,434,1,2
1623,435,1,2
1623,436,1,2
1623,437,1,2
1623,438,1,2
1623,439,1,2
1623,440,1,2
1623,441,1,2
1623,442,1,2
1623,443,1,2
1623,444,1,2
1623,445,1,2
1623,446,1,2
1623,447,1,2
1623,448,1,2
1623,449,1,2
1623,450,1,2
1623,451,1,2
1623,452,1,2
1623,453,1,2
1623,454,1,2
1623,455,1,2
1623,456,1,2
1623,457,1,2
1623,458,1,2
1623,459,1,2
1623,460,1,2
1623,461,1,2
1623,462,1,2
1623,463,1,2
1623,464,1,2
1623,465,1,2
1623,466,1,2
1623,467,1,2
1623,468,1,2
1623,469,1,2
1623,470,1,2
1623,471,1,2
1624,111,1,2
1624,112,1,2
1624,113,1,2
1624,114,1,2
1624,115,1,2
1624,116,1,2
1624,117,1,2
1624,118,1,3
1624,119,1,3
1624,120,1,3
1624,121,1,3
1624,122,1,3
1624,123,1,3
1624,124,1,3
1624,125,1,3
1624,126,1,3
1624,127,1,3
1624,128,1,3
1624,129,1,3
1624,130,1,3
1624,131,1,3
1624,132,1,3
1624,133,1,3
1624,134,1,3
1624,135,1,2
1624,136,1,2
1624,137,1,2
1624,138,1,2
1624,139,1,2
1624,140,1,2
1624,141,1,2
1624,142,1,2
1624,143,1,2
1624,144,1,2
1624,145,1,2
1624,146,1,2
1624,147,1,2
1624,148,1,2
1624,149,1,2
1624,150,1,2
1624,151,1,2
1624,152,1,2
1624,153,1,2
1624,154,1,2
1624,155,1,2
1624,156,1,2
1624,157,1,2
1624,158,1,2
1624,159,1,2
1624,160,1,2
1624,161,1,2
1624,162,1,2
1624,163,1,2
1624,164,1,2
1624,165,1,2
1624,166,1,2
1624,167,1,2
1624,168,1,2
1624,169,1,2
1624,170,1,2
1624,171,1,2
1624,172,1,2
1624,173,1,2
1624,174,1,2
1624,175,1,2
1624,176,1,2
1624,177,1,2
1624,178,1,2
1624,179,1,2
1624,180,1,2
1624,181,1,2
1624,182,1,2
1624,183,1,2
1624,184,1,2
1624,185,1,2
1624,186,1,2
1624,187,1,2
1624,188,1,2
1624,189,1,2
1624,190,1,2
1624,191,1,2
1624,192,1,2
1624,193,1,2
1624,194,1,2
1624,195,1,2
1624,196,1,2
1624,197,1,2
1624,198,1,2
1624,199,1,2
1624,200,1,2
1624,201,1,2
1624,202,1,2
1624,203,1,2
1624,204,1,2
1624,205,1,2
1624,206,1,2
1624,207,1,2
1624,208,1,2
1624,209,1,2
1624,210,1,2
1624,211,1,2
1624,212,1,2
1624,213,1,2
1624,214,1,2
1624,215,1,2
1624,216,1,2
1624,217,1,2
1624,218,1,2
1624,219,1,2
1624,220,1,2
1624,221,1,2
1624,222,1,2
1624,223,1,2
1624,224,1,2
1624,225,1,2
1624,226,1,2
1624,227,1,2
1624,228,1,2
1624,229,1,2
1624,230,1,2
1624,231,1,2
1624,232,1,2
1624,233,1,2
1624,234,1,2
1624,235,1,2
1624,236,1,2
1624,237,1,2
1624,238,1,2
1624,239,1,2
1624,240,1,2
1624,241,1,2
1624,242,1,2
1624,243,1,2
1624,244,1,2
1624,245,1,2
1624,246,1,2
1624,247,1,2
1624,248,1,2
1624,249,1,2
1624,250,1,2
1624,251,1,2
1624,252,1,2
1624,253,1,2
1624,254,1,2
1624,255,1,2
1624,256,1,2
1624,257,1,2
1624,258,1,2
1624,259,1,2
1624,260,1,2
1624,261,1,2
1624,262,1,2
1624,263,1,2
1624,264,1,2
1624,265,1,2
1624,266,1,2
1624,267,1,2
1624,268,1,2
1624,269,1,2
1624,270,1,2
1624,271,1,2
1624,272,1,2
1624,273,1,2
1624,274,1,2
1624,275,1,2
1624,276,1,2
1624,277,1,2
1624,278,1,2
1624,279,1,2
1624,280,1,2
1624,281,1,2
1624,282,1,2
1624,283,1,2
1624,284,1,2
1624,285,1,2
1624,286,1,2
1624,287,1,2
1624,288,1,2
1624,289,1,2
1624,290,1,2
1624,291,1,2
1624,292,1,2
1624,293,1,2
1624,294,1,2
1624,295,1,2
1624,296,1,2
1624,297,1,2
1624,298,1,2
1624,299,1,2
1624,300,1,2
1624,301,1,2
1624,302,1,2
1624,303,1,2
1624,304,1,2
1624,305,1,2
1624,306,1,2
1624,307,1,2
1624,308,1,2
1624,309,1,2
1624,310,1,2
1624,311,1,2
1624,312,1,2
1624,313,1,2
1624,314,1,2
1624,315,1,2
1624,316,1,2
1624,317,1,2
1624,318,1,2
1624,319,1,2
1624,320,1,2
1624,321,1,2
1624,322,1,2
1624,323,1,2
1624,324,1,2
1624,325,1,2
1624,326,1,2
1624,327,1,2
1624,328,1,2
1624,329,1,2
1624,330,1,2
1624,331,1,2
1624,332,1,2
1624,333,1,2
1624,334,1,2
1624,335,1,2
1624,336,1,2
1624,337,1,2
1624,338,1,2
1624,339,1,2
1624,340,1,2
1624,341,1,2
1624,342,1,2
1624,343,1,2
1624,344,1,2
1624,345,1,2
1624,346,1,2
1624,347,1,2
1624,348,1,2
1624,349,1,2
1624,350,1,2
1624,351,1,2
1624,352,1,2
1624,353,1,2
1624,354,1,2
1624,355,1,2
1624,356,1,2
1624,357,1,2
1624,358,1,2
1624,359,1,2
1624,360,1,2
1624,361,1,2
1624,362,1,2
1624,363,1,2
1624,364,1,2
1624,365,1,2
1624,366,1,2
1624,367,1,2
1624,368,1,2
1624,369,1,2
1624,370,1,2
1624,371,1,2
1624,372,1,2
1624,373,1,2
1624,374,1,2
1624,375,1,2
1624,376,1,2
1624,377,1,2
1624,378,1,2
1624,379,1,2
1624,380,1,2
1624,381,1,2
1624,382,1,2
1624,383,1,2
1624,384,1,2
1624,385,1,2
1624,386,1,2
1624,387,1,2
1624,388,1,2
1624,389,1,2
1624,390,1,2
1624,391,1,2
1624,392,1,2
1624,393,1,2
1624,394,1,2
1624,395,1,2
1624,396,1,2
1624,397,1,2
1624,398,1,2
1624,399,1,2
1624,400,1,2
1624,401,1,2
1624,402,1,2
1624,403,1,2
1624,404,1,2
1624,405,1,2
1624,406,1,2
1624,407,1,2
1624,408,1,2
1624,409,1,2
1624,410,1,2
1624,411,1,2
1624,412,1,2
1624,413,1,2
1624,414,1,2
1624,415,1,2
1624,416,1,2
1624,417,1,2
1624,418,1,2
1624,419,1,2
1624,420,1,2
1624,421,1,2
1624,422,1,2
1624,423,1,2
1624,424,1,2
1624,425,1,2
1624,426,1,2
1624,427,1,2
1624,428,1,2
1624,429,1,2
1624,430,1,2
1624,431,1,2
1624,432,1,2
1624,433,1,2
1624,434,1,2
1624,435,1,2
1624,436,1,2
1624,437,1,2
1624,438,1,2
1624,439,1,2
1624,440,1,2
1624,441,1,2
1624,442,1,2
1624,443,1,2
1624,444,1,2
1624,445,1,2
1624,446,1,2
1624,447,1,2
1624,448,1,2
1624,449,1,2
1624,450,1,2
1624,451,1,2
1624,452,1,2
1624,453,1,2
1624,454,1,2
1624,455,1,2
1624,456,1,2
1624,457,1,2
1624,458,1,2
1624,459,1,2
1624,460,1,2
1624,461,1,2
1624,462,1,2
1624,463,1,2
1624,464,1,2
1624,465,1,2
1624,466,1,2
1624,467,1,2
1624,468,1,2
1624,469,1,2
1624,470,1,2
1625,111,1,2
1625,112,1,2
1625,113,1,2
1625,114,1,2
1625,115,1,2
1625,116,1,2
1625,117,1,2
1625,118,1,3
1625,119,1,3
1625,120,1,3
1625,121,1,3
1625,122,1,3
1625,123,1,3
1625,124,1,3
1625,125,1,3
1625,126,1,3
1625,127,1,3
1625,128,1,3
1625,129,1,3
1625,130,1,3
1625,131,1,3
1625,132,1,3
1625,133,1,3
1625,134,1,3
1625,135,1,2
1625,136,1,2
1625,137,1,2
1625,138,1,2
1625,139,1,2
1625,140,1,2
1625,141,1,2
1625,142,1,2
1625,143,1,2
1625,144,1,2
1625,145,1,2
1625,146,1,2
1625,147,1,2
1625,148,1,2
1625,149,1,2
1625,150,1,2
1625,151,1,2
1625,152,1,2
1625,153,1,2
1625,154,1,2
1625,155,1,2
1625,156,1,2
1625,157,1,2
1625,158,1,2
1625,159,1,2
1625,160,1,2
1625,161,1,2
1625,162,1,2
1625,163,1,2
1625,164,1,2
1625,165,1,2
1625,166,1,2
1625,167,1,2
1625,168,1,2
1625,169,1,2
1625,170,1,2
1625,171,1,2
1625,172,1,2
1625,173,1,2
1625,174,1,2
1625,175,1,2
1625,176,1,2
1625,177,1,2
1625,178,1,2
1625,179,1,2
1625,180,1,2
1625,181,1,2
1625,182,1,2
1625,183,1,2
1625,184,1,2
1625,185,1,2
1625,186,1,2
1625,187,1,2
1625,188,1,2
1625,189,1,2
1625,190,1,2
1625,191,1,2
1625,192,1,2
1625,193,1,2
1625,194,1,2
1625,195,1,2
1625,196,1,2
1625,197,1,2
1625,198,1,2
1625,199,1,2
1625,200,1,2
1625,201,1,2
1625,202,1,2
1625,203,1,2
1625,204,1,2
1625,205,1,2
1625,206,1,2
1625,207,1,2
1625,208,1,2
1625,209,1,2
1625,210,1,2
1625,211,1,2
1625,212,1,2
1625,213,1,2
1625,214,1,2
1625,215,1,2
1625,216,1,2
1625,217,1,2
1625,218,1,2
1625,219,1,2
1625,220,1,2
1625,221,1,2
1625,222,1,2
1625,223,1,2
1625,224,1,2
1625,225,1,2
1625,226,1,2
1625,227,1,2
1625,228,1,2
1625,229,1,2
1625,230,1,2
1625,231,1,2
1625,232,1,2
1625,233,1,2
1625,234,1,2
1625,235,1,2
1625,236,1,2
1625,237,1,2
1625,238,1,2
1625,239,1,2
1625,240,1,2
1625,241,1,2
1625,242,1,2
1625,243,1,2
1625,244,1,2
1625,245,1,2
1625,246,1,2
1625,247,1,2
1625,248,1,2
1625,249,1,2
1625,250,1,2
1625,251,1,2
1625,252,1,2
1625,253,1,2
1625,254,1,2
1625,255,1,2
1625,256,1,2
1625,257,1,2
1625,258,1,2
1625,259,1,2
1625,260,1,2
1625,261,1,2
1625,262,1,2
1625,263,1,2
1625,264,1,2
1625,265,1,2
1625,266,1,2
1625,267,1,2
1625,268,1,2
1625,269,1,2
1625,270,1,2
1625,271,1,2
1625,272,1,2
1625,273,1,2
1625,274,1,2
1625,275,1,2
1625,276,1,2
1625,277,1,2
1625,278,1,2
1625,279,1,2
1625,280,1,2
1625,281,1,2
1625,282,1,2
1625,283,1,2
1625,284,1,2
1625,285,1,2
1625,286,1,2
1625,287,1,2
1625,288,1,2
1625,289,1,2
1625,290,1,2
1625,291,1,2
1625,292,1,2
1625,293,1,2
1625,294,1,2
1625,295,1,2
1625,296,1,2
1625,297,1,2
1625,298,1,2
1625,299,1,2
1625,300,1,2
1625,301,1,2
1625,302,1,2
1625,303,1,2
1625,304,1,2
1625,305,1,2
1625,306,1,2
1625,307,1,2
1625,308,1,2
1625,309,1,2
1625,310,1,2
1625,311,1,2
1625,312,1,2
1625,313,1,2
1625,314,1,2
1625,315,1,2
1625,316,1,2
1625,317,1,2
1625,318,1,2
1625,319,1,2
1625,320,1,2
1625,321,1,2
1625,322,1,2
1625,323,1,2
1625,324,1,2
1625,325,1,2
1625,326,1,2
1625,327,1,2
1625,328,1,2
1625,329,1,2
1625,330,1,2
1625,331,1,2
1625,332,1,2
1625,333,1,2
1625,334,1,2
1625,335,1,2
1625,336,1,2
1625,337,1,2
1625,338,1,2
1625,339,1,2
1625,340,1,2
1625,341,1,2
1625,342,1,2
1625,343,1,2
1625,344,1,2
1625,345,1,2
1625,346,1,2
1625,347,1,2
1625,348,1,2
1625,349,1,2
1625,350,1,2
1625,351,1,2
1625,352,1,2
1625,353,1,2
1625,354,1,2
1625,355,1,2
1625,356,1,2
1625,357,1,2
1625,358,1,2
1625,359,1,2
1625,360,1,2
1625,361,1,2
1625,362,1,2
1625,363,1,2
1625,364,1,2
1625,365,1,2
1625,366,1,2
1625,367,1,2
1625,368,1,2
1625,369,1,2
1625,370,1,2
1625,371,1,2
1625,372,1,2
1625,373,1,2
1625,374,1,2
1625,375,1,2
1625,376,1,2
1625,377,1,2
1625,378,1,2
1625,379,1,2
1625,380,1,2
1625,381,1,2
1625,382,1,2
1625,383,1,2
1625,384,1,2
1625,385,1,2
1625,386,1,2
1625,387,1,2
1625,388,1,2
1625,389,1,2
1625,390,1,2
1625,391,1,2
1625,392,1,2
1625,393,1,2
1625,394,1,2
1625,395,1,2
1625,396,1,2
1625,397,1,2
1625,398,1,2
1625,399,1,2
1625,400,1,2
1625,401,1,2
1625,402,1,2
1625,403,1,2
1625,404,1,2
1625,405,1,2
1625,406,1,2
1625,407,1,2
1625,408,1,2
1625,409,1,2
1625,410,1,2
1625,411,1,2
1625,412,1,2
1625,413,1,2
1625,414,1,2
1625,415,1,2
1625,416,1,2
1625,417,1,2
1625,418,1,2
1625,419,1,2
1625,420,1,2
1625,421,1,2
1625,422,1,2
1625,423,1,2
1625,424,1,2
1625,425,1,2
1625,426,1,2
1625,427,1,2
1625,428,1,2
1625,429,1,2
1625,430,1,2
1625,431,1,2
1625,432,1,2
1625,433,1,2
1625,434,1,2
1625,435,1,2
1625,436,1,2
1625,437,1,2
1625,438,1,2
1625,439,1,2
1625,440,1,2
1625,441,1,2
1625,442,1,2
1625,443,1,2
1625,444,1,2
1625,445,1,2
1625,446,1,2
1625,447,1,2
1625,448,1,2
1625,449,1,2
1625,450,1,2
1625,451,1,2
1625,452,1,2
1625,453,1,2
1625,454,1,2
1625,455,1,2
1625,456,1,2
1625,457,1,2
1625,458,1,2
1625,459,1,2
1625,460,1,2
1625,461,1,2
1625,462,1,2
1625,463,1,2
1625,464,1,2
1625,465,1,2
1625,466,1,2
1625,467,1,2
1625,468,1,2
1625,469,1,2
1625,470,1,2
1626,111,1,2
1626,112,1,2
1626,113,1,2
1626,114,1,2
1626,115,1,2
1626,116,1,2
1626,117,1,3
1626,118,1,3
1626,119,1,3
1626,120,1,3
1626,121,1,3
1626,122,1,3
1626,123,1,3
1626,124,1,3
1626,125,1,3
1626,126,1,3
1626,127,1,3
1626,128,1,3
1626,129,1,3
1626,130,1,3
1626,131,1,3
1626,132,1,3
1626,133,1,3
1626,134,1,3
1626,135,1,2
1626,136,1,2
1626,137,1,2
1626,138,1,2
1626,139,1,2
1626,140,1,2
1626,141,1,2
1626,142,1,2
1626,143,1,2
1626,144,1,2
1626,145,1,2
1626,146,1,2
1626,147,1,2
1626,148,1,2
1626,149,1,2
1626,150,1,2
1626,151,1,2
1626,152,1,2
1626,153,1,2
1626,154,1,2
1626,155,1,2
1626,156,1,2
1626,157,1,2
1626,158,1,2
1626,159,1,2
1626,160,1,2
1626,161,1,2
1626,162,1,2
1626,163,1,2
1626,164,1,2
1626,165,1,2
1626,166,1,2
1626,167,1,2
1626,168,1,2
1626,169,1,2
1626,170,1,2
1626,171,1,2
1626,172,1,2
1626,173,1,2
1626,174,1,2
1626,175,1,2
1626,176,1,2
1626,177,1,2
1626,178,1,2
1626,179,1,2
1626,180,1,2
1626,181,1,2
1626,182,1,2
1626,183,1,2
1626,184,1,2
1626,185,1,2
1626,186,1,2
1626,187,1,2
1626,188,1,2
1626,189,1,2
1626,190,1,2
1626,191,1,2
1626,192,1,2
1626,193,1,2
1626,194,1,2
1626,195,1,2
1626,196,1,2
1626,197,1,2
1626,198,1,2
1626,199,1,2
1626,200,1,2
1626,201,1,2
1626,202,1,2
1626,203,1,2
1626,204,1,2
1626,205,1,2
1626,206,1,2
1626,207,1,2
1626,208,1,2
1626,209,1,2
1626,210,1,2
1626,211,1,2
1626,212,1,2
1626,213,1,2
1626,214,1,2
1626,215,1,2
1626,216,1,2
1626,217,1,2
1626,218,1,2
1626,219,1,2
1626,220,1,2
1626,221,1,2
1626,222,1,2
1626,223,1,2
1626,224,1,2
1626,225,1,2
1626,226,1,2
1626,227,1,2
1626,228,1,2
1626,229,1,2
1626,230,1,2
1626,231,1,2
1626,232,1,2
1626,233,1,2
1626,234,1,2
1626,235,1,2
1626,236,1,2
1626,237,1,2
1626,238,1,2
1626,239,1,2
1626,240,1,2
1626,241,1,2
1626,242,1,2
1626,243,1,2
1626,244,1,2
1626,245,1,2
1626,246,1,2
1626,247,1,2
1626,248,1,2
1626,249,1,2
1626,250,1,2
1626,251,1,2
1626,252,1,2
1626,253,1,2
1626,254,1,2
1626,255,1,2
1626,256,1,2
1626,257,1,2
1626,258,1,2
1626,259,1,2
1626,260,1,2
1626,261,1,2
1626,262,1,2
1626,263,1,2
1626,264,1,2
1626,265,1,2
1626,266,1,2
1626,267,1,2
1626,268,1,2
1626,269,1,2
1626,270,1,2
1626,271,1,2
1626,272,1,2
1626,273,1,2
1626,274,1,2
1626,275,1,2
1626,276,1,2
1626,277,1,2
1626,278,1,2
1626,279,1,2
1626,280,1,2
1626,281,1,2
1626,282,1,2
1626,283,1,2
1626,284,1,2
1626,285,1,2
1626,286,1,2
1626,287,1,2
1626,288,1,2
1626,289,1,2
1626,290,1,2
1626,291,1,2
1626,292,1,2
1626,293,1,2
1626,294,1,2
1626,295,1,2
1626,296,1,2
1626,297,1,2
1626,298,1,2
1626,299,1,2
1626,300,1,2
1626,301,1,2
1626,302,1,2
1626,303,1,2
1626,304,1,2
1626,305,1,2
1626,306,1,2
1626,307,1,2
1626,308,1,2
1626,309,1,2
1626,310,1,2
1626,311,1,2
1626,312,1,2
1626,313,1,2
1626,314,1,2
1626,315,1,2
1626,316,1,2
1626,317,1,2
1626,318,1,2
1626,319,1,2
1626,320,1,2
1626,321,1,2
1626,322,1,2
1626,323,1,2
1626,324,1,2
1626,325,1,2
1626,326,1,2
1626,327,1,2
1626,328,1,2
1626,329,1,2
1626,330,1,2
1626,331,1,2
1626,332,1,2
1626,333,1,2
1626,334,1,2
1626,335,1,2
1626,336,1,2
1626,337,1,2
1626,338,1,2
1626,339,1,2
1626,340,1,2
1626,341,1,2
1626,342,1,2
1626,343,1,2
1626,344,1,2
1626,345,1,2
1626,346,1,2
1626,347,1,2
1626,348,1,2
1626,349,1,2
1626,350,1,2
1626,351,1,2
1626,352,1,2
1626,353,1,2
1626,354,1,2
1626,355,1,2
1626,356,1,2
1626,357,1,2
1626,358,1,2
1626,359,1,2
1626,360,1,2
1626,361,1,2
1626,362,1,2
1626,363,1,2
1626,364,1,2
1626,365,1,2
1626,366,1,2
1626,367,1,2
1626,368,1,2
1626,369,1,2
1626,370,1,2
1626,371,1,2
1626,372,1,2
1626,373,1,2
1626,374,1,2
1626,375,1,2
1626,376,1,2
1626,377,1,2
1626,378,1,2
1626,379,1,2
1626,380,1,2
1626,381,1,2
1626,382,1,2
1626,383,1,2
1626,384,1,2
1626,385,1,2
1626,386,1,2
1626,387,1,2
1626,388,1,2
1626,389,1,2
1626,390,1,2
1626,391,1,2
1626,392,1,2
1626,393,1,2
1626,394,1,2
1626,395,1,2
1626,396,1,2
1626,397,1,2
1626,398,1,2
1626,399,1,2
1626,400,1,2
1626,401,1,2
1626,402,1,2
1626,403,1,2
1626,404,1,2
1626,405,1,2
1626,406,1,2
1626,407,1,2
1626,408,1,2
1626,409,1,2
1626,410,1,2
1626,411,1,2
1626,412,1,2
1626,413,1,2
1626,414,1,2
1626,415,1,2
1626,416,1,2
1626,417,1,2
1626,418,1,2
1626,419,1,2
1626,420,1,2
1626,421,1,2
1626,422,1,2
1626,423,1,2
1626,424,1,2
1626,425,1,2
1626,426,1,2
1626,427,1,2
1626,428,1,2
1626,429,1,2
1626,430,1,2
1626,431,1,2
1626,432,1,2
1626,433,1,2
1626,434,1,2
1626,435,1,2
1626,436,1,2
1626,437,1,2
1626,438,1,2
1626,439,1,2
1626,440,1,2
1626,441,1,2
1626,442,1,2
1626,443,1,2
1626,444,1,2
1626,445,1,2
1626,446,1,2
1626,447,1,2
1626,448,1,2
1626,449,1,2
1626,450,1,2
1626,451,1,2
1626,452,1,2
1626,453,1,2
1626,454,1,2
1626,455,1,2
1626,456,1,2
1626,457,1,2
1626,458,1,2
1626,459,1,2
1626,460,1,2
1626,461,1,2
1626,462,1,2
1626,463,1,2
1626,464,1,2
1626,465,1,2
1626,466,1,2
1626,467,1,2
1626,468,1,2
1626,469,1,2
1626,470,1,2
1627,111,1,2
1627,112,1,2
1627,113,1,2
1627,114,1,2
1627,115,1,2
1627,116,1,2
1627,117,1,3
1627,118,1,3
1627,119,1,3
1627,120,1,3
1627,121,1,3
1627,122,1,3
1627,123,1,3
1627,124,1,3
1627,125,1,3
1627,126,1,3
1627,127,1,3
1627,128,1,3
1627,129,1,3
1627,130,1,3
1627,131,1,3
1627,132,1,3
1627,133,1,3
1627,134,1,2
1627,135,1,2
1627,136,1,2
1627,137,1,2
1627,138,1,2
1627,139,1,2
1627,140,1,2
1627,141,1,2
1627,142,1,2
1627,143,1,2
1627,144,1,2
1627,145,1,2
1627,146,1,2
1627,147,1,2
1627,148,1,2
1627,149,1,2
1627,150,1,2
1627,151,1,2
1627,152,1,2
1627,153,1,2
1627,154,1,2
1627,155,1,2
1627,156,1,2
1627,157,1,2
1627,158,1,2
1627,159,1,2
1627,160,1,2
1627,161,1,2
1627,162,1,2
1627,163,1,2
1627,164,1,2
1627,165,1,2
1627,166,1,2
1627,167,1,2
1627,168,1,2
1627,169,1,2
1627,170,1,2
1627,171,1,2
1627,172,1,2
1627,173,1,2
1627,174,1,2
1627,175,1,2
1627,176,1,2
1627,177,1,2
1627,178,1,2
1627,179,1,2
1627,180,1,2
1627,181,1,2
1627,182,1,2
1627,183,1,2
1627,184,1,2
1627,185,1,2
1627,186,1,2
1627,187,1,2
1627,188,1,2
1627,189,1,2
1627,190,1,2
1627,191,1,2
1627,192,1,2
1627,193,1,2
1627,194,1,2
1627,195,1,2
1627,196,1,2
1627,197,1,2
1627,198,1,2
1627,199,1,2
1627,200,1,2
1627,201,1,2
1627,202,1,2
1627,203,1,2
1627,204,1,2
1627,205,1,2
1627,206,1,2
1627,207,1,2
1627,208,1,2
1627,209,1,2
1627,210,1,2
1627,211,1,2
1627,212,1,2
1627,213,1,2
1627,214,1,2
1627,215,1,2
1627,216,1,2
1627,217,1,2
1627,218,1,2
1627,219,1,2
1627,220,1,2
1627,221,1,2
1627,222,1,2
1627,223,1,2
1627,224,1,2
1627,225,1,2
1627,226,1,2
1627,227,1,2
1627,228,1,2
1627,229,1,2
1627,230,1,2
1627,231,1,2
1627,232,1,2
1627,233,1,2
1627,234,1,2
1627,235,1,2
1627,236,1,2
1627,237,1,2
1627,238,1,2
1627,239,1,2
1627,240,1,2
1627,241,1,2
1627,242,1,2
1627,243,1,2
1627,244,1,2
1627,245,1,2
1627,246,1,2
1627,247,1,2
1627,248,1,2
1627,249,1,2
1627,250,1,2
1627,251,1,2
1627,252,1,2
1627,253,1,2
1627,254,1,2
1627,255,1,2
1627,256,1,2
1627,257,1,2
1627,258,1,2
1627,259,1,2
1627,260,1,2
1627,261,1,2
1627,262,1,2
1627,263,1,2
1627,264,1,2
1627,265,1,2
1627,266,1,2
1627,267,1,2
1627,268,1,2
1627,269,1,2
1627,270,1,2
1627,271,1,2
1627,272,1,2
1627,273,1,2
1627,274,1,2
1627,275,1,2
1627,276,1,2
1627,277,1,2
1627,278,1,2
1627,279,1,2
1627,280,1,2
1627,281,1,2
1627,282,1,2
1627,283,1,2
1627,284,1,2
1627,285,1,2
1627,286,1,2
1627,287,1,2
1627,288,1,2
1627,289,1,2
1627,290,1,2
1627,291,1,2
1627,292,1,2
1627,293,1,2
1627,294,1,2
1627,295,1,2
1627,296,1,2
1627,297,1,2
1627,298,1,2
1627,299,1,2
1627,300,1,2
1627,301,1,2
1627,302,1,2
1627,303,1,2
1627,304,1,2
1627,305,1,2
1627,306,1,2
1627,307,1,2
1627,308,1,2
1627,309,1,2
1627,310,1,2
1627,311,1,2
1627,312,1,2
1627,313,1,2
1627,314,1,2
1627,315,1,2
1627,316,1,2
1627,317,1,2
1627,318,1,2
1627,319,1,2
1627,320,1,2
1627,321,1,2
1627,322,1,2
1627,323,1,2
1627,324,1,2
1627,325,1,2
1627,326,1,2
1627,327,1,2
1627,328,1,2
1627,329,1,2
1627,330,1,2
1627,331,1,2
1627,332,1,2
1627,333,1,2
1627,334,1,2
1627,335,1,2
1627,336,1,2
1627,337,1,2
1627,338,1,2
1627,339,1,2
1627,340,1,2
1627,341,1,2
1627,342,1,2
1627,343,1,2
1627,344,1,2
1627,345,1,2
1627,346,1,2
1627,347,1,2
1627,348,1,2
1627,349,1,2
1627,350,1,2
1627,351,1,2
1627,352,1,2
1627,353,1,2
1627,354,1,2
1627,355,1,2
1627,356,1,2
1627,357,1,2
1627,358,1,2
1627,359,1,2
1627,360,1,2
1627,361,1,2
1627,362,1,2
1627,363,1,2
1627,364,1,2
1627,365,1,2
1627,366,1,2
1627,367,1,2
1627,368,1,2
1627,369,1,2
1627,370,1,2
1627,371,1,2
1627,372,1,2
1627,373,1,2
1627,374,1,2
1627,375,1,2
1627,376,1,2
1627,377,1,2
1627,378,1,2
1627,379,1,2
1627,380,1,2
1627,381,1,2
1627,382,1,2
1627,383,1,2
1627,384,1,2
1627,385,1,2
1627,386,1,2
1627,387,1,2
1627,388,1,2
1627,389,1,2
1627,390,1,2
1627,391,1,2
1627,392,1,2
1627,393,1,2
1627,394,1,2
1627,395,1,2
1627,396,1,2
1627,397,1,2
1627,398,1,2
1627,399,1,2
1627,400,1,2
1627,401,1,2
1627,402,1,2
1627,403,1,2
1627,404,1,2
1627,405,1,2
1627,406,1,2
1627,407,1,2
1627,408,1,2
1627,409,1,2
1627,410,1,2
1627,411,1,2
1627,412,1,2
1627,413,1,2
1627,414,1,2
1627,415,1,2
1627,416,1,2
1627,417,1,2
1627,418,1,2
1627,419,1,2
1627,420,1,2
1627,421,1,2
1627,422,1,2
1627,423,1,2
1627,424,1,2
1627,425,1,2
1627,426,1,2
1627,427,1,2
1627,428,1,2
1627,429,1,2
1627,430,1,2
1627,431,1,2
1627,432,1,2
1627,433,1,2
1627,434,1,2
1627,435,1,2
1627,436,1,2
1627,437,1,2
1627,438,1,2
1627,439,1,2
1627,440,1,2
1627,441,1,2
1627,442,1,2
1627,443,1,2
1627,444,1,2
1627,445,1,2
1627,446,1,2
1627,447,1,2
1627,448,1,2
1627,449,1,2
1627,450,1,2
1627,451,1,2
1627,452,1,2
1627,453,1,2
1627,454,1,2
1627,455,1,2
1627,456,1,2
1627,457,1,2
1627,458,1,2
1627,459,1,2
1627,460,1,2
1627,461,1,2
1627,462,1,2
1627,463,1,2
1627,464,1,2
1627,465,1,2
1627,466,1,2
1627,467,1,2
1627,468,1,2
1627,469,1,2
1628,112,1,2
1628,113,1,2
1628,114,1,2
1628,115,1,2
1628,116,1,2
1628,117,1,3
1628,118,1,3
1628,119,1,3
1628,120,1,3
1628,121,1,3
1628,122,1,3
1628,123,1,3
1628,124,1,3
1628,125,1,3
1628,126,1,3
1628,127,1,3
1628,128,1,3
1628,129,1,3
1628,130,1,3
1628,131,1,3
1628,132,1,3
1628,133,1,3
1628,134,1,2
1628,135,1,2
1628,136,1,2
1628,137,1,2
1628,138,1,2
1628,139,1,2
1628,140,1,2
1628,141,1,2
1628,142,1,2
1628,143,1,2
1628,144,1,2
1628,145,1,2
1628,146,1,2
1628,147,1,2
1628,148,1,2
1628,149,1,2
1628,150,1,2
1628,151,1,2
1628,152,1,2
1628,153,1,2
1628,154,1,2
1628,155,1,2
1628,156,1,2
1628,157,1,2
1628,158,1,2
1628,159,1,2
1628,160,1,2
1628,161,1,2
1628,162,1,2
1628,163,1,2
1628,164,1,2
1628,165,1,2
1628,166,1,2
1628,167,1,2
1628,168,1,2
1628,169,1,2
1628,170,1,2
1628,171,1,2
1628,172,1,2
1628,173,1,2
1628,174,1,2
1628,175,1,2
1628,176,1,2
1628,177,1,2
1628,178,1,2
1628,179,1,2
1628,180,1,2
1628,181,1,2
1628,182,1,2
1628,183,1,2
1628,184,1,2
1628,185,1,2
1628,186,1,2
1628,187,1,2
1628,188,1,2
1628,189,1,2
1628,190,1,2
1628,191,1,2
1628,192,1,2
1628,193,1,2
1628,194,1,2
1628,195,1,2
1628,196,1,2
1628,197,1,2
1628,198,1,2
1628,199,1,2
1628,200,1,2
1628,201,1,2
1628,202,1,2
1628,203,1,2
1628,204,1,2
1628,205,1,2
1628,206,1,2
1628,207,1,2
1628,208,1,2
1628,209,1,2
1628,210,1,2
1628,211,1,2
1628,212,1,2
1628,213,1,2
1628,214,1,2
1628,215,1,2
1628,216,1,2
1628,217,1,2
1628,218,1,2
1628,219,1,2
1628,220,1,2
1628,221,1,2
1628,222,1,2
1628,223,1,2
1628,224,1,2
1628,225,1,2
1628,226,1,2
1628,227,1,2
1628,228,1,2
1628,229,1,2
1628,230,1,2
1628,231,1,2
1628,232,1,2
1628,233,1,2
1628,234,1,2
1628,235,1,2
1628,236,1,2
1628,237,1,2
1628,238,1,2
1628,239,1,2
1628,240,1,2
1628,241,1,2
1628,242,1,2
1628,243,1,2
1628,244,1,2
1628,245,1,2
1628,246,1,2
1628,247,1,2
1628,248,1,2
1628,249,1,2
1628,250,1,2
1628,251,1,2
1628,252,1,2
1628,253,1,2
1628,254,1,2
1628,255,1,2
1628,256,1,2
1628,257,1,2
1628,258,1,2
1628,259,1,2
1628,260,1,2
1628,261,1,2
1628,262,1,2
1628,263,1,2
1628,264,1,2
1628,265,1,2
1628,266,1,2
1628,267,1,2
1628,268,1,2
1628,269,1,2
1628,270,1,2
1628,271,1,2
1628,272,1,2
1628,273,1,2
1628,274,1,2
1628,275,1,2
1628,276,1,2
1628,277,1,2
1628,278,1,2
1628,279,1,2
1628,280,1,2
1628,281,1,2
1628,282,1,2
1628,283,1,2
1628,284,1,2
1628,285,1,2
1628,286,1,2
1628,287,1,2
1628,288,1,2
1628,289,1,2
1628,290,1,2
1628,291,1,2
1628,292,1,2
1628,293,1,2
1628,294,1,2
1628,295,1,2
1628,296,1,2
1628,297,1,2
1628,298,1,2
1628,299,1,2
1628,300,1,2
1628,301,1,2
1628,302,1,2
1628,303,1,2
1628,304,1,2
1628,305,1,2
1628,306,1,2
1628,307,1,2
1628,308,1,2
1628,309,1,2
1628,310,1,2
1628,311,1,2
1628,312,1,2
1628,313,1,2
1628,314,1,2
1628,315,1,2
1628,316,1,2
1628,317,1,2
1628,318,1,2
1628,319,1,2
1628,320,1,2
1628,321,1,2
1628,322,1,2
1628,323,1,2
1628,324,1,2
1628,325,1,2
1628,326,1,2
1628,327,1,2
1628,328,1,2
1628,329,1,2
1628,330,1,2
1628,331,1,2
1628,332,1,2
1628,333,1,2
1628,334,1,2
1628,335,1,2
1628,336,1,2
1628,337,1,2
1628,338,1,2
1628,339,1,2
1628,340,1,2
1628,341,1,2
1628,342,1,2
1628,343,1,2
1628,344,1,2
1628,345,1,2
1628,346,1,2
1628,347,1,2
1628,348,1,2
1628,349,1,2
1628,350,1,2
1628,351,1,2
1628,352,1,2
1628,353,1,2
1628,354,1,2
1628,355,1,2
1628,356,1,2
1628,357,1,2
1628,358,1,2
1628,359,1,2
1628,360,1,2
1628,361,1,2
1628,362,1,2
1628,363,1,2
1628,364,1,2
1628,365,1,2
1628,366,1,2
1628,367,1,2
1628,368,1,2
1628,369,1,2
1628,370,1,2
1628,371,1,2
1628,372,1,2
1628,373,1,2
1628,374,1,2
1628,375,1,2
1628,376,1,2
1628,377,1,2
1628,378,1,2
1628,379,1,2
1628,380,1,2
1628,381,1,2
1628,382,1,2
1628,383,1,2
1628,384,1,2
1628,385,1,2
1628,386,1,2
1628,387,1,2
1628,388,1,2
1628,389,1,2
1628,390,1,2
1628,391,1,2
1628,392,1,2
1628,393,1,2
1628,394,1,2
1628,395,1,2
1628,396,1,2
1628,397,1,2
1628,398,1,2
1628,399,1,2
1628,400,1,2
1628,401,1,2
1628,402,1,2
1628,403,1,2
1628,404,1,2
1628,405,1,2
1628,406,1,2
1628,407,1,2
1628,408,1,2
1628,409,1,2
1628,410,1,2
1628,411,1,2
1628,412,1,2
1628,413,1,2
1628,414,1,2
1628,415,1,2
1628,416,1,2
1628,417,1,2
1628,418,1,2
1628,419,1,2
1628,420,1,2
1628,421,1,2
1628,422,1,2
1628,423,1,2
1628,424,1,2
1628,425,1,2
1628,426,1,2
1628,427,1,2
1628,428,1,2
1628,429,1,2
1628,430,1,2
1628,431,1,2
1628,432,1,2
1628,433,1,2
1628,434,1,2
1628,435,1,2
1628,436,1,2
1628,437,1,2
1628,438,1,2
1628,439,1,2
1628,440,1,2
1628,441,1,2
1628,442,1,2
1628,443,1,2
1628,444,1,2
1628,445,1,2
1628,446,1,2
1628,447,1,2
1628,448,1,2
1628,449,1,2
1628,450,1,2
1628,451,1,2
1628,452,1,2
1628,453,1,2
1628,454,1,2
1628,455,1,2
1628,456,1,2
1628,457,1,2
1628,458,1,2
1628,459,1,2
1628,460,1,2
1628,461,1,2
1628,462,1,2
1628,463,1,2
1628,464,1,2
1628,465,1,2
1628,466,1,2
1628,467,1,2
1628,468,1,2
1629,112,1,2
1629,113,1,2
1629,114,1,2
1629,115,1,2
1629,116,1,2
1629,117,1,3
1629,118,1,3
1629,119,1,3
1629,120,1,3
1629,121,1,3
1629,122,1,3
1629,123,1,3
1629,124,1,3
1629,125,1,3
1629,126,1,3
1629,127,1,3
1629,128,1,3
1629,129,1,3
1629,130,1,3
1629,131,1,3
1629,132,1,3
1629,133,1,2
1629,134,1,2
1629,135,1,2
1629,136,1,2
1629,137,1,2
1629,138,1,2
1629,139,1,2
1629,140,1,2
1629,141,1,2
1629,142,1,2
1629,143,1,2
1629,144,1,2
1629,145,1,2
1629,146,1,2
1629,147,1,2
1629,148,1,2
1629,149,1,2
1629,150,1,2
1629,151,1,2
1629,152,1,2
1629,153,1,2
1629,154,1,2
1629,155,1,2
1629,156,1,2
1629,157,1,2
1629,158,1,2
1629,159,1,2
1629,160,1,2
1629,161,1,2
1629,162,1,2
1629,163,1,2
1629,164,1,2
1629,165,1,2
1629,166,1,2
1629,167,1,2
1629,168,1,2
1629,169,1,2
1629,170,1,2
1629,171,1,2
1629,172,1,2
1629,173,1,2
1629,174,1,2
1629,175,1,2
1629,176,1,2
1629,177,1,2
1629,178,1,2
1629,179,1,2
1629,180,1,2
1629,181,1,2
1629,182,1,2
1629,183,1,2
1629,184,1,2
1629,185,1,2
1629,186,1,2
1629,187,1,2
1629,188,1,2
1629,189,1,2
1629,190,1,2
1629,191,1,2
1629,192,1,2
1629,193,1,2
1629,194,1,2
1629,195,1,2
1629,196,1,2
1629,197,1,2
1629,198,1,2
1629,199,1,2
1629,200,1,2
1629,201,1,2
1629,202,1,2
1629,203,1,2
1629,204,1,2
1629,205,1,2
1629,206,1,2
1629,207,1,2
1629,208,1,2
1629,209,1,2
1629,210,1,2
1629,211,1,2
1629,212,1,2
1629,213,1,2
1629,214,1,2
1629,215,1,2
1629,216,1,2
1629,217,1,2
1629,218,1,2
1629,219,1,2
1629,220,1,2
1629,221,1,2
1629,222,1,2
1629,223,1,2
1629,224,1,2
1629,225,1,2
1629,226,1,2
1629,227,1,2
1629,228,1,2
1629,229,1,2
1629,230,1,2
1629,231,1,2
1629,232,1,2
1629,233,1,2
1629,234,1,2
1629,235,1,2
1629,236,1,2
1629,237,1,2
1629,238,1,2
1629,239,1,2
1629,240,1,2
1629,241,1,2
1629,242,1,2
1629,243,1,2
1629,244,1,2
1629,245,1,2
1629,246,1,2
1629,247,1,2
1629,248,1,2
1629,249,1,2
1629,250,1,2
1629,251,1,2
1629,252,1,2
1629,253,1,2
1629,254,1,2
1629,255,1,2
1629,256,1,2
1629,257,1,2
1629,258,1,2
1629,259,1,2
1629,260,1,2
1629,261,1,2
1629,262,1,2
1629,263,1,2
1629,264,1,2
1629,265,1,2
1629,266,1,2
1629,267,1,2
1629,268,1,2
1629,269,1,2
1629,270,1,2
1629,271,1,2
1629,272,1,2
1629,273,1,2
1629,274,1,2
1629,275,1,2
1629,276,1,2
1629,277,1,2
1629,278,1,2
1629,279,1,2
1629,280,1,2
1629,281,1,2
1629,282,1,2
1629,283,1,2
1629,284,1,2
1629,285,1,2
1629,286,1,2
1629,287,1,2
1629,288,1,2
1629,289,1,2
1629,290,1,2
1629,291,1,2
1629,292,1,2
1629,293,1,2
1629,294,1,2
1629,295,1,2
1629,296,1,2
1629,297,1,2
1629,298,1,2
1629,299,1,2
1629,300,1,2
1629,301,1,2
1629,302,1,2
1629,303,1,2
1629,304,1,2
1629,305,1,2
1629,306,1,2
1629,307,1,2
1629,308,1,2
1629,309,1,2
1629,310,1,2
1629,311,1,2
1629,312,1,2
1629,313,1,2
1629,314,1,2
1629,315,1,2
1629,316,1,2
1629,317,1,2
1629,318,1,2
1629,319,1,2
1629,320,1,2
1629,321,1,2
1629,322,1,2
1629,323,1,2
1629,324,1,2
1629,325,1,2
1629,326,1,2
1629,327,1,2
1629,328,1,2
1629,329,1,2
1629,330,1,2
1629,331,1,2
1629,332,1,2
1629,333,1,2
1629,334,1,2
1629,335,1,2
1629,336,1,2
1629,337,1,2
1629,338,1,2
1629,339,1,2
1629,340,1,2
1629,341,1,2
1629,342,1,2
1629,343,1,2
1629,344,1,2
1629,345,1,2
1629,346,1,2
1629,347,1,2
1629,348,1,2
1629,349,1,2
1629,350,1,2
1629,351,1,2
1629,352,1,2
1629,353,1,2
1629,354,1,2
1629,355,1,2
1629,356,1,2
1629,357,1,2
1629,358,1,2
1629,359,1,2
1629,360,1,2
1629,361,1,2
1629,362,1,2
1629,363,1,2
1629,364,1,2
1629,365,1,2
1629,366,1,2
1629,367,1,2
1629,368,1,2
1629,369,1,2
1629,370,1,2
1629,371,1,2
1629,372,1,2
1629,373,1,2
1629,374,1,2
1629,375,1,2
1629,376,1,2
1629,377,1,2
1629,378,1,2
1629,379,1,2
1629,380,1,2
1629,381,1,2
1629,382,1,2
1629,383,1,2
1629,384,1,2
1629,385,1,2
1629,386,1,2
1629,387,1,2
1629,388,1,2
1629,389,1,2
1629,390,1,2
1629,391,1,2
1629,392,1,2
1629,393,1,2
1629,394,1,2
1629,395,1,2
1629,396,1,2
1629,397,1,2
1629,398,1,2
1629,399,1,2
1629,400,1,2
1629,401,1,2
1629,402,1,2
1629,403,1,2
1629,404,1,2
1629,405,1,2
1629,406,1,2
1629,407,1,2
1629,408,1,2
1629,409,1,2
1629,410,1,2
1629,411,1,2
1629,412,1,2
1629,413,1,2
1629,414,1,2
1629,415,1,2
1629,416,1,2
1629,417,1,2
1629,418,1,2
1629,419,1,2
1629,420,1,2
1629,421,1,2
1629,422,1,2
1629,423,1,2
1629,424,1,2
1629,425,1,2
1629,426,1,2
1629,427,1,2
1629,428,1,2
1629,429,1,2
1629,430,1,2
1629,431,1,2
1629,432,1,2
1629,433,1,2
1629,434,1,2
1629,435,1,2
1629,436,1,2
1629,437,1,2
1629,438,1,2
1629,439,1,2
1629,440,1,2
1629,441,1,2
1629,442,1,2
1629,443,1,2
1629,444,1,2
1629,445,1,2
1629,446,1,2
1629,447,1,2
1629,448,1,2
1629,449,1,2
1629,450,1,2
1629,451,1,2
1629,452,1,2
1629,453,1,2
1629,454,1,2
1629,455,1,2
1629,456,1,2
1629,457,1,2
1629,458,1,2
1629,459,1,2
1629,460,1,2
1629,461,1,2
1629,462,1,2
1629,463,1,2
1629,464,1,2
1629,465,1,2
1629,466,1,2
1630,112,1,2
1630,113,1,2
1630,114,1,2
1630,115,1,2
1630,116,1,2
1630,117,1,3
1630,118,1,3
1630,119,1,3
1630,120,1,3
1630,121,1,3
1630,122,1,3
1630,123,1,3
1630,124,1,3
1630,125,1,3
1630,126,1,3
1630,127,1,3
1630,128,1,3
1630,129,1,3
1630,130,1,3
1630,131,1,3
1630,132,1,3
1630,133,1,2
1630,134,1,2
1630,135,1,2
1630,136,1,2
1630,137,1,2
1630,138,1,2
1630,139,1,2
1630,140,1,2
1630,141,1,2
1630,142,1,2
1630,143,1,2
1630,144,1,2
1630,145,1,2
1630,146,1,2
1630,147,1,2
1630,148,1,2
1630,149,1,2
1630,150,1,2
1630,151,1,2
1630,152,1,2
1630,153,1,2
1630,154,1,2
1630,155,1,2
1630,156,1,2
1630,157,1,2
1630,158,1,2
1630,159,1,2
1630,160,1,2
1630,161,1,2
1630,162,1,2
1630,163,1,2
1630,164,1,2
1630,165,1,2
1630,166,1,2
1630,167,1,2
1630,168,1,2
1630,169,1,2
1630,170,1,2
1630,171,1,2
1630,172,1,2
1630,173,1,2
1630,174,1,2
1630,175,1,2
1630,176,1,2
1630,177,1,2
1630,178,1,2
1630,179,1,2
1630,180,1,2
1630,181,1,2
1630,182,1,2
1630,183,1,2
1630,184,1,2
1630,185,1,2
1630,186,1,2
1630,187,1,2
1630,188,1,2
1630,189,1,2
1630,190,1,2
1630,191,1,2
1630,192,1,2
1630,193,1,2
1630,194,1,2
1630,195,1,2
1630,196,1,2
1630,197,1,2
1630,198,1,2
1630,199,1,2
1630,200,1,2
1630,201,1,2
1630,202,1,2
1630,203,1,2
1630,204,1,2
1630,205,1,2
1630,206,1,2
1630,207,1,2
1630,208,1,2
1630,209,1,2
1630,210,1,2
1630,211,1,2
1630,212,1,2
1630,213,1,2
1630,214,1,2
1630,215,1,2
1630,216,1,2
1630,217,1,2
1630,218,1,2
1630,219,1,2
1630,220,1,2
1630,221,1,2
1630,222,1,2
1630,223,1,2
1630,224,1,2
1630,225,1,2
1630,226,1,2
1630,227,1,2
1630,228,1,2
1630,229,1,2
1630,230,1,2
1630,231,1,2
1630,232,1,2
1630,233,1,2
1630,234,1,2
1630,235,1,2
1630,236,1,2
1630,237,1,2
1630,238,1,2
1630,239,1,2
1630,240,1,2
1630,241,1,2
1630,242,1,2
1630,243,1,2
1630,244,1,2
1630,245,1,2
1630,246,1,2
1630,247,1,2
1630,248,1,2
1630,249,1,2
1630,250,1,2
1630,251,1,2
1630,252,1,2
1630,253,1,2
1630,254,1,2
1630,255,1,2
1630,256,1,2
1630,257,1,2
1630,258,1,2
1630,259,1,2
1630,260,1,2
1630,261,1,2
1630,262,1,2
1630,263,1,2
1630,264,1,2
1630,265,1,2
1630,266,1,2
1630,267,1,2
1630,268,1,2
1630,269,1,2
1630,270,1,2
1630,271,1,2
1630,272,1,2
1630,273,1,2
1630,274,1,2
1630,275,1,2
1630,276,1,2
1630,277,1,2
1630,278,1,2
1630,279,1,2
1630,280,1,2
1630,281,1,2
1630,282,1,2
1630,283,1,2
1630,284,1,2
1630,285,1,2
1630,286,1,2
1630,287,1,2
1630,288,1,2
1630,289,1,2
1630,290,1,2
1630,291,1,2
1630,292,1,2
1630,293,1,2
1630,294,1,2
1630,295,1,2
1630,296,1,2
1630,297,1,2
1630,298,1,2
1630,299,1,2
1630,300,1,2
1630,301,1,2
1630,302,1,2
1630,303,1,2
1630,304,1,2
1630,305,1,2
1630,306,1,2
1630,307,1,2
1630,308,1,2
1630,309,1,2
1630,310,1,2
1630,311,1,2
1630,312,1,2
1630,313,1,2
1630,314,1,2
1630,315,1,2
1630,316,1,2
1630,317,1,2
1630,318,1,2
1630,319,1,2
1630,320,1,2
1630,321,1,2
1630,322,1,2
1630,323,1,2
1630,324,1,2
1630,325,1,2
1630,326,1,2
1630,327,1,2
1630,328,1,2
1630,329,1,2
1630,330,1,2
1630,331,1,2
1630,332,1,2
1630,333,1,2
1630,334,1,2
1630,335,1,2
1630,336,1,2
1630,337,1,2
1630,338,1,2
1630,339,1,2
1630,340,1,2
1630,341,1,2
1630,342,1,2
1630,343,1,2
1630,344,1,2
1630,345,1,2
1630,346,1,2
1630,347,1,2
1630,348,1,2
1630,349,1,2
1630,350,1,2
1630,351,1,2
1630,352,1,2
1630,353,1,2
1630,354,1,2
1630,355,1,2
1630,356,1,2
1630,357,1,2
1630,358,1,2
1630,359,1,2
1630,360,1,2
1630,361,1,2
1630,362,1,2
1630,363,1,2
1630,364,1,2
1630,365,1,2
1630,366,1,2
1630,367,1,2
1630,368,1,2
1630,369,1,2
1630,370,1,2
1630,371,1,2
1630,372,1,2
1630,373,1,2
1630,374,1,2
1630,375,1,2
1630,376,1,2
1630,377,1,2
1630,378,1,2
1630,379,1,2
1630,380,1,2
1630,381,1,2
1630,382,1,2
1630,383,1,2
1630,384,1,2
1630,385,1,2
1630,386,1,2
1630,387,1,2
1630,388,1,2
1630,389,1,2
1630,390,1,2
1630,391,1,2
1630,392,1,2
1630,393,1,2
1630,394,1,2
1630,395,1,2
1630,396,1,2
1630,397,1,2
1630,398,1,2
1630,399,1,2
1630,400,1,2
1630,401,1,2
1630,402,1,2
1630,403,1,2
1630,404,1,2
1630,405,1,2
1630,406,1,2
1630,407,1,2
1630,408,1,2
1630,409,1,2
1630,410,1,2
1630,411,1,2
1630,412,1,2
1630,413,1,2
1630,414,1,2
1630,415,1,2
1630,416,1,2
1630,417,1,2
1630,418,1,2
1630,419,1,2
1630,420,1,2
1630,421,1,2
1630,422,1,2
1630,423,1,2
1630,424,1,2
1630,425,1,2
1630,426,1,2
1630,427,1,2
1630,428,1,2
1630,429,1,2
1630,430,1,2
1630,431,1,2
1630,432,1,2
1630,433,1,2
1630,434,1,2
1630,435,1,2
1630,436,1,2
1630,437,1,2
1630,438,1,2
1630,439,1,2
1630,440,1,2
1630,441,1,2
1630,442,1,2
1630,443,1,2
1630,444,1,2
1630,445,1,2
1630,446,1,2
1630,447,1,2
1630,448,1,2
1630,449,1,2
1630,450,1,2
1630,451,1,2
1630,452,1,2
1630,453,1,2
1630,454,1,2
1630,455,1,2
1630,456,1,2
1630,457,1,2
1630,458,1,2
1630,459,1,2
1630,460,1,2
1630,461,1,2
1630,462,1,2
1630,463,1,2
1630,464,1,2
1630,465,1,2
1631,112,1,2
1631,113,1,2
1631,114,1,2
1631,115,1,2
1631,116,1,2
1631,117,1,3
1631,118,1,3
1631,119,1,3
1631,120,1,3
1631,121,1,3
1631,122,1,3
1631,123,1,3
1631,124,1,3
1631,125,1,3
1631,126,1,3
1631,127,1,3
1631,128,1,3
1631,129,1,3
1631,130,1,3
1631,131,1,2
1631,132,1,2
1631,133,1,2
1631,134,1,2
1631,135,1,2
1631,136,1,2
1631,137,1,2
1631,138,1,2
1631,139,1,2
1631,140,1,2
1631,141,1,2
1631,142,1,2
1631,143,1,2
1631,144,1,2
1631,145,1,2
1631,146,1,2
1631,147,1,2
1631,148,1,2
1631,149,1,2
1631,150,1,2
1631,151,1,2
1631,152,1,2
1631,153,1,2
1631,154,1,2
1631,155,1,2
1631,156,1,2
1631,157,1,2
1631,158,1,2
1631,159,1,2
1631,160,1,2
1631,161,1,2
1631,162,1,2
1631,163,1,2
1631,164,1,2
1631,165,1,2
1631,166,1,2
1631,167,1,2
1631,168,1,2
1631,169,1,2
1631,170,1,2
1631,171,1,2
1631,172,1,2
1631,173,1,2
1631,174,1,2
1631,175,1,2
1631,176,1,2
1631,177,1,2
1631,178,1,2
1631,179,1,2
1631,180,1,2
1631,181,1,2
1631,182,1,2
1631,183,1,2
1631,184,1,2
1631,185,1,2
1631,186,1,2
1631,187,1,2
1631,188,1,2
1631,189,1,2
1631,190,1,2
1631,191,1,2
1631,192,1,2
1631,193,1,2
1631,194,1,2
1631,195,1,2
1631,196,1,2
1631,197,1,2
1631,198,1,2
1631,199,1,2
1631,200,1,2
1631,201,1,2
1631,202,1,2
1631,203,1,2
1631,204,1,2
1631,205,1,2
1631,206,1,2
1631,207,1,2
1631,208,1,2
1631,209,1,2
1631,210,1,2
1631,211,1,2
1631,212,1,2
1631,213,1,2
1631,214,1,2
1631,215,1,2
1631,216,1,2
1631,217,1,2
1631,218,1,2
1631,219,1,2
1631,220,1,2
1631,221,1,2
1631,222,1,2
1631,223,1,2
1631,224,1,2
1631,225,1,2
1631,226,1,2
1631,227,1,2
1631,228,1,2
1631,229,1,2
1631,230,1,2
1631,231,1,2
1631,232,1,2
1631,233,1,2
1631,234,1,2
1631,235,1,2
1631,236,1,2
1631,237,1,2
1631,238,1,2
1631,239,1,2
1631,240,1,2
1631,241,1,2
1631,242,1,2
1631,243,1,2
1631,244,1,2
1631,245,1,2
1631,246,1,2
1631,247,1,2
1631,248,1,2
1631,249,1,2
1631,250,1,2
1631,251,1,2
1631,252,1,2
1631,253,1,2
1631,254,1,2
1631,255,1,2
1631,256,1,2
1631,257,1,2
1631,258,1,2
1631,259,1,2
1631,260,1,2
1631,261,1,2
1631,262,1,2
1631,263,1,2
1631,264,1,2
1631,265,1,2
1631,266,1,2
1631,267,1,2
1631,268,1,2
1631,269,1,2
1631,270,1,2
1631,271,1,2
1631,272,1,2
1631,273,1,2
1631,274,1,2
1631,275,1,2
1631,276,1,2
1631,277,1,2
1631,278,1,2
1631,279,1,2
1631,280,1,2
1631,281,1,2
1631,282,1,2
1631,283,1,2
1631,284,1,2
1631,285,1,2
1631,286,1,2
1631,287,1,2
1631,288,1,2
1631,289,1,2
1631,290,1,2
1631,291,1,2
1631,292,1,2
1631,293,1,2
1631,294,1,2
1631,295,1,2
1631,296,1,2
1631,297,1,2
1631,298,1,2
1631,299,1,2
1631,300,1,2
1631,301,1,2
1631,302,1,2
1631,303,1,2
1631,304,1,2
1631,305,1,2
1631,306,1,2
1631,307,1,2
1631,308,1,2
1631,309,1,2
1631,310,1,2
1631,311,1,2
1631,312,1,2
1631,313,1,2
1631,314,1,2
1631,315,1,2
1631,316,1,2
1631,317,1,2
1631,318,1,2
1631,319,1,2
1631,320,1,2
1631,321,1,2
1631,322,1,2
1631,323,1,2
1631,324,1,2
1631,325,1,2
1631,326,1,2
1631,327,1,2
1631,328,1,2
1631,329,1,2
1631,330,1,2
1631,331,1,2
1631,332,1,2
1631,333,1,2
1631,334,1,2
1631,335,1,2
1631,336,1,2
1631,337,1,2
1631,338,1,2
1631,339,1,2
1631,340,1,2
1631,341,1,2
1631,342,1,2
1631,343,1,2
1631,344,1,2
1631,345,1,2
1631,346,1,2
1631,347,1,2
1631,348,1,2
1631,349,1,2
1631,350,1,2
1631,351,1,2
1631,352,1,2
1631,353,1,2
1631,354,1,2
1631,355,1,2
1631,356,1,2
1631,357,1,2
1631,358,1,2
1631,359,1,2
1631,360,1,2
1631,361,1,2
1631,362,1,2
1631,363,1,2
1631,364,1,2
1631,365,1,2
1631,366,1,2
1631,367,1,2
1631,368,1,2
1631,369,1,2
1631,370,1,2
1631,371,1,2
1631,372,1,2
1631,373,1,2
1631,374,1,2
1631,375,1,2
1631,376,1,2
1631,377,1,2
1631,378,1,2
1631,379,1,2
1631,380,1,2
1631,381,1,2
1631,382,1,2
1631,383,1,2
1631,384,1,2
1631,385,1,2
1631,386,1,2
1631,387,1,2
1631,388,1,2
1631,389,1,2
1631,390,1,2
1631,391,1,2
1631,392,1,2
1631,393,1,2
1631,394,1,2
1631,395,1,2
1631,396,1,2
1631,397,1,2
1631,398,1,2
1631,399,1,2
1631,400,1,2
1631,401,1,2
1631,402,1,2
1631,403,1,2
1631,404,1,2
1631,405,1,2
1631,406,1,2
1631,407,1,2
1631,408,1,2
1631,409,1,2
1631,410,1,2
1631,411,1,2
1631,412,1,2
1631,413,1,2
1631,414,1,2
1631,415,1,2
1631,416,1,2
1631,417,1,2
1631,418,1,2
1631,419,1,2
1631,420,1,2
1631,421,1,2
1631,422,1,2
1631,423,1,2
1631,424,1,2
1631,425,1,2
1631,426,1,2
1631,427,1,2
1631,428,1,2
1631,429,1,2
1631,430,1,2
1631,431,1,2
1631,432,1,2
1631,433,1,2
1631,434,1,2
1631,435,1,2
1631,436,1,2
1631,437,1,2
1631,438,1,2
1631,439,1,2
1631,440,1,2
1631,441,1,2
1631,442,1,2
1631,443,1,2
1631,444,1,2
1631,445,1,2
1631,446,1,2
1631,447,1,2
1631,448,1,2
1631,449,1,2
1631,450,1,2
1631,451,1,2
1631,452,1,2
1631,453,1,2
1631,454,1,2
1631,455,1,2
1631,456,1,2
1631,457,1,2
1631,458,1,2
1631,459,1,2
1631,460,1,2
1631,461,1,2
1631,462,1,2
1632,112,1,2
1632,113,1,2
1632,114,1,2
1632,115,1,2
1632,116,1,2
1632,117,1,3
1632,118,1,3
1632,119,1,3
1632,120,1,3
1632,121,1,3
1632,122,1,3
1632,123,1,3
1632,124,1,3
1632,125,1,3
1632,126,1,3
1632,127,1,3
1632,128,1,3
1632,129,1,3
1632,130,1,3
1632,131,1,2
1632,132,1,2
1632,133,1,2
1632,134,1,2
1632,135,1,2
1632,136,1,2
1632,137,1,2
1632,138,1,2
1632,139,1,2
1632,140,1,2
1632,141,1,2
1632,142,1,2
1632,143,1,2
1632,144,1,2
1632,145,1,2
1632,146,1,2
1632,147,1,2
1632,148,1,2
1632,149,1,2
1632,150,1,2
1632,151,1,2
1632,152,1,2
1632,153,1,2
1632,154,1,2
1632,155,1,2
1632,156,1,2
1632,157,1,2
1632,158,1,2
1632,159,1,2
1632,160,1,2
1632,161,1,2
1632,162,1,2
1632,163,1,2
1632,164,1,2
1632,165,1,2
1632,166,1,2
1632,167,1,2
1632,168,1,2
1632,169,1,2
1632,170,1,2
1632,171,1,2
1632,172,1,2
1632,173,1,2
1632,174,1,2
1632,175,1,2
1632,176,1,2
1632,177,1,2
1632,178,1,2
1632,179,1,2
1632,180,1,2
1632,181,1,2
1632,182,1,2
1632,183,1,2
1632,184,1,2
1632,185,1,2
1632,186,1,2
1632,187,1,2
1632,188,1,2
1632,189,1,2
1632,190,1,2
1632,191,1,2
1632,192,1,2
1632,193,1,2
1632,194,1,2
1632,195,1,2
1632,196,1,2
1632,197,1,2
1632,198,1,2
1632,199,1,2
1632,200,1,2
1632,201,1,2
1632,202,1,2
1632,203,1,2
1632,204,1,2
1632,205,1,2
1632,206,1,2
1632,207,1,2
1632,208,1,2
1632,209,1,2
1632,210,1,2
1632,211,1,2
1632,212,1,2
1632,213,1,2
1632,214,1,2
1632,215,1,2
1632,216,1,2
1632,217,1,2
1632,218,1,2
1632,219,1,2
1632,220,1,2
1632,221,1,2
1632,222,1,2
1632,223,1,2
1632,224,1,2
1632,225,1,2
1632,226,1,2
1632,227,1,2
1632,228,1,2
1632,229,1,2
1632,230,1,2
1632,231,1,2
1632,232,1,2
1632,233,1,2
1632,234,1,2
1632,235,1,2
1632,236,1,2
1632,237,1,2
1632,238,1,2
1632,239,1,2
1632,240,1,2
1632,241,1,2
1632,242,1,2
1632,243,1,2
1632,244,1,2
1632,245,1,2
1632,246,1,2
1632,247,1,2
1632,248,1,2
1632,249,1,2
1632,250,1,2
1632,251,1,2
1632,252,1,2
1632,253,1,2
1632,254,1,2
1632,255,1,2
1632,256,1,2
1632,257,1,2
1632,258,1,2
1632,259,1,2
1632,260,1,2
1632,261,1,2
1632,262,1,2
1632,263,1,2
1632,264,1,2
1632,265,1,2
1632,266,1,2
1632,267,1,2
1632,268,1,2
1632,269,1,2
1632,270,1,2
1632,271,1,2
1632,272,1,2
1632,273,1,2
1632,274,1,2
1632,275,1,2
1632,276,1,2
1632,277,1,2
1632,278,1,2
1632,279,1,2
1632,280,1,2
1632,281,1,2
1632,282,1,2
1632,283,1,2
1632,284,1,2
1632,285,1,2
1632,286,1,2
1632,287,1,2
1632,288,1,2
1632,289,1,2
1632,290,1,2
1632,291,1,2
1632,292,1,2
1632,293,1,2
1632,294,1,2
1632,295,1,2
1632,296,1,2
1632,297,1,2
1632,298,1,2
1632,299,1,2
1632,300,1,2
1632,301,1,2
1632,302,1,2
1632,303,1,2
1632,304,1,2
1632,305,1,2
1632,306,1,2
1632,307,1,2
1632,308,1,2
1632,309,1,2
1632,310,1,2
1632,311,1,2
1632,312,1,2
1632,313,1,2
1632,314,1,2
1632,315,1,2
1632,316,1,2
1632,317,1,2
1632,318,1,2
1632,319,1,2
1632,320,1,2
1632,321,1,2
1632,322,1,2
1632,323,1,2
1632,324,1,2
1632,325,1,2
1632,326,1,2
1632,327,1,2
1632,328,1,2
1632,329,1,2
1632,330,1,2
1632,331,1,2
1632,332,1,2
1632,333,1,2
1632,334,1,2
1632,335,1,2
1632,336,1,2
1632,337,1,2
1632,338,1,2
1632,339,1,2
1632,340,1,2
1632,341,1,2
1632,342,1,2
1632,343,1,2
1632,344,1,2
1632,345,1,2
1632,346,1,2
1632,347,1,2
1632,348,1,2
1632,349,1,2
1632,350,1,2
1632,351,1,2
1632,352,1,2
1632,353,1,2
1632,354,1,2
1632,355,1,2
1632,356,1,2
1632,357,1,2
1632,358,1,2
1632,359,1,2
1632,360,1,2
1632,361,1,2
1632,362,1,2
1632,363,1,2
1632,364,1,2
1632,365,1,2
1632,366,1,2
1632,367,1,2
1632,368,1,2
1632,369,1,2
1632,370,1,2
1632,371,1,2
1632,372,1,2
1632,373,1,2
1632,374,1,2
1632,375,1,2
1632,376,1,2
1632,377,1,2
1632,378,1,2
1632,379,1,2
1632,380,1,2
1632,381,1,2
1632,382,1,2
1632,383,1,2
1632,384,1,2
1632,385,1,2
1632,386,1,2
1632,387,1,2
1632,388,1,2
1632,389,1,2
1632,390,1,2
1632,391,1,2
1632,392,1,2
1632,393,1,2
1632,394,1,2
1632,395,1,2
1632,396,1,2
1632,397,1,2
1632,398,1,2
1632,399,1,2
1632,400,1,2
1632,401,1,2
1632,402,1,2
1632,403,1,2
1632,404,1,2
1632,405,1,2
1632,406,1,2
1632,407,1,2
1632,408,1,2
1632,409,1,2
1632,410,1,2
1632,411,1,2
1632,412,1,2
1632,413,1,2
1632,414,1,2
1632,415,1,2
1632,416,1,2
1632,417,1,2
1632,418,1,2
1632,419,1,2
1632,420,1,2
1632,421,1,2
1632,422,1,2
1632,423,1,2
1632,424,1,2
1632,425,1,2
1632,426,1,2
1632,427,1,2
1632,428,1,2
1632,429,1,2
1632,430,1,2
1632,431,1,2
1632,432,1,2
1632,433,1,2
1632,434,1,2
1632,435,1,2
1632,436,1,2
1632,437,1,2
1632,438,1,2
1632,439,1,2
1632,440,1,2
1632,441,1,2
1632,442,1,2
1632,443,1,2
1632,444,1,2
1632,445,1,2
1632,446,1,2
1632,447,1,2
1632,448,1,2
1632,449,1,2
1632,450,1,2
1632,451,1,2
1632,452,1,2
1632,453,1,2
1632,454,1,2
1632,455,1,2
1632,456,1,2
1632,457,1,2
1632,458,1,2
1632,459,1,2
1633,113,1,2
1633,114,1,2
1633,115,1,2
1633,116,1,2
1633,117,1,2
1633,118,1,2
1633,119,1,3
1633,120,1,3
1633,121,1,3
1633,122,1,3
1633,123,1,3
1633,124,1,3
1633,125,1,3
1633,126,1,3
1633,127,1,3
1633,128,1,3
1633,129,1,2
1633,130,1,2
1633,131,1,2
1633,132,1,2
1633,133,1,2
1633,134,1,2
1633,135,1,2
1633,136,1,2
1633,137,1,2
1633,138,1,2
1633,139,1,2
1633,140,1,2
1633,141,1,2
1633,142,1,2
1633,143,1,2
1633,144,1,2
1633,145,1,2
1633,146,1,2
1633,147,1,2
1633,148,1,2
1633,149,1,2
1633,150,1,2
1633,151,1,2
1633,152,1,2
1633,153,1,2
1633,154,1,2
1633,155,1,2
1633,156,1,2
1633,157,1,2
1633,158,1,2
1633,159,1,2
1633,160,1,2
1633,161,1,2
1633,162,1,2
1633,163,1,2
1633,164,1,2
1633,165,1,2
1633,166,1,2
1633,167,1,2
1633,168,1,2
1633,169,1,2
1633,170,1,2
1633,171,1,2
1633,172,1,2
1633,173,1,2
1633,174,1,2
1633,175,1,2
1633,176,1,2
1633,177,1,2
1633,178,1,2
1633,179,1,2
1633,180,1,2
1633,181,1,2
1633,182,1,2
1633,183,1,2
1633,184,1,2
1633,185,1,2
1633,186,1,2
1633,187,1,2
1633,188,1,2
1633,189,1,2
1633,190,1,2
1633,191,1,2
1633,192,1,2
1633,193,1,2
1633,194,1,2
1633,195,1,2
1633,196,1,2
1633,197,1,2
1633,198,1,2
1633,199,1,2
1633,200,1,2
1633,201,1,2
1633,202,1,2
1633,203,1,2
1633,204,1,2
1633,205,1,2
1633,206,1,2
1633,207,1,2
1633,208,1,2
1633,209,1,2
1633,210,1,2
1633,211,1,2
1633,212,1,2
1633,213,1,2
1633,214,1,2
1633,215,1,2
1633,216,1,2
1633,217,1,2
1633,218,1,2
1633,219,1,2
1633,220,1,2
1633,221,1,2
1633,222,1,2
1633,223,1,2
1633,224,1,2
1633,225,1,2
1633,226,1,2
1633,227,1,2
1633,228,1,2
1633,229,1,2
1633,230,1,2
1633,231,1,2
1633,232,1,2
1633,233,1,2
1633,234,1,2
1633,235,1,2
1633,236,1,2
1633,237,1,2
1633,238,1,2
1633,239,1,2
1633,240,1,2
1633,241,1,2
1633,242,1,2
1633,243,1,2
1633,244,1,2
1633,245,1,2
1633,246,1,2
1633,247,1,2
1633,248,1,2
1633,249,1,2
1633,250,1,2
1633,251,1,2
1633,252,1,2
1633,253,1,2
1633,254,1,2
1633,255,1,2
1633,256,1,2
1633,257,1,2
1633,258,1,2
1633,259,1,2
1633,260,1,2
1633,261,1,2
1633,262,1,2
1633,263,1,2
1633,264,1,2
1633,265,1,2
1633,266,1,2
1633,267,1,2
1633,268,1,2
1633,269,1,2
1633,270,1,2
1633,271,1,2
1633,272,1,2
1633,273,1,2
1633,274,1,2
1633,275,1,2
1633,276,1,2
1633,277,1,2
1633,278,1,2
1633,279,1,2
1633,280,1,2
1633,281,1,2
1633,282,1,2
1633,283,1,2
1633,284,1,2
1633,285,1,2
1633,286,1,2
1633,287,1,2
1633,288,1,2
1633,289,1,2
1633,290,1,2
1633,291,1,2
1633,292,1,2
1633,293,1,2
1633,294,1,2
1633,295,1,2
1633,296,1,2
1633,297,1,2
1633,298,1,2
1633,299,1,2
1633,300,1,2
1633,301,1,2
1633,302,1,2
1633,303,1,2
1633,304,1,2
1633,305,1,2
1633,306,1,2
1633,307,1,2
1633,308,1,2
1633,309,1,2
1633,310,1,2
1633,311,1,2
1633,312,1,2
1633,313,1,2
1633,314,1,2
1633,315,1,2
1633,316,1,2
1633,317,1,2
1633,318,1,2
1633,319,1,2
1633,320,1,2
1633,321,1,2
1633,322,1,2
1633,323,1,2
1633,324,1,2
1633,325,1,2
1633,326,1,2
1633,327,1,2
1633,328,1,2
1633,329,1,2
1633,330,1,2
1633,331,1,2
1633,332,1,2
1633,333,1,2
1633,334,1,2
1633,335,1,2
1633,336,1,2
1633,337,1,2
1633,338,1,2
1633,339,1,2
1633,340,1,2
1633,341,1,2
1633,342,1,2
1633,343,1,2
1633,344,1,2
1633,345,1,2
1633,346,1,2
1633,347,1,2
1633,348,1,2
1633,349,1,2
1633,350,1,2
1633,351,1,2
1633,352,1,2
1633,353,1,2
1633,354,1,2
1633,355,1,2
1633,356,1,2
1633,357,1,2
1633,358,1,2
1633,359,1,2
1633,360,1,2
1633,361,1,2
1633,362,1,2
1633,363,1,2
1633,364,1,2
1633,365,1,2
1633,366,1,2
1633,367,1,2
1633,368,1,2
1633,369,1,2
1633,370,1,2
1633,371,1,2
1633,372,1,2
1633,373,1,2
1633,374,1,2
1633,375,1,2
1633,376,1,2
1633,377,1,2
1633,378,1,2
1633,379,1,2
1633,380,1,2
1633,381,1,2
1633,382,1,2
1633,383,1,2
1633,384,1,2
1633,385,1,2
1633,386,1,2
1633,387,1,2
1633,388,1,2
1633,389,1,2
1633,390,1,2
1633,391,1,2
1633,392,1,2
1633,393,1,2
1633,394,1,2
1633,395,1,2
1633,396,1,2
1633,397,1,2
1633,398,1,2
1633,399,1,2
1633,400,1,2
1633,401,1,2
1633,402,1,2
1633,403,1,2
1633,404,1,2
1633,405,1,2
1633,406,1,2
1633,407,1,2
1633,408,1,2
1633,409,1,2
1633,410,1,2
1633,411,1,2
1633,412,1,2
1633,413,1,2
1633,414,1,2
1633,415,1,2
1633,416,1,2
1633,417,1,2
1633,418,1,2
1633,419,1,2
1633,420,1,2
1633,421,1,2
1633,422,1,2
1633,423,1,2
1633,424,1,2
1633,425,1,2
1633,426,1,2
1633,427,1,2
1633,428,1,2
1633,429,1,2
1633,430,1,2
1633,431,1,2
1633,432,1,2
1633,433,1,2
1633,434,1,2
1633,435,1,2
1633,436,1,2
1633,437,1,2
1633,438,1,2
1633,439,1,2
1633,440,1,2
1633,441,1,2
1633,442,1,2
1633,443,1,2
1633,444,1,2
1633,445,1,2
1633,446,1,2
1633,447,1,2
1633,448,1,2
1633,449,1,2
1633,450,1,2
1633,451,1,2
1633,452,1,2
1633,453,1,2
1633,454,1,2
1633,455,1,2
1633,456,1,2
1634,113,1,2
1634,114,1,2
1634,115,1,2
1634,116,1,2
1634,117,1,2
1634,118,1,2
1634,119,1,3
1634,120,1,3
1634,121,1,3
1634,122,1,3
1634,123,1,3
1634,124,1,3
1634,125,1,3
1634,126,1,3
1634,127,1,3
1634,128,1,3
1634,129,1,2
1634,130,1,2
1634,131,1,2
1634,132,1,2
1634,133,1,2
1634,134,1,2
1634,135,1,2
1634,136,1,2
1634,137,1,2
1634,138,1,2
1634,139,1,2
1634,140,1,2
1634,141,1,2
1634,142,1,2
1634,143,1,2
1634,144,1,2
1634,145,1,2
1634,146,1,2
1634,147,1,2
1634,148,1,2
1634,149,1,2
1634,150,1,2
1634,151,1,2
1634,152,1,2
1634,153,1,2
1634,154,1,2
1634,155,1,2
1634,156,1,2
1634,157,1,2
1634,158,1,2
1634,159,1,2
1634,160,1,2
1634,161,1,2
1634,162,1,2
1634,163,1,2
1634,164,1,2
1634,165,1,2
1634,166,1,2
1634,167,1,2
1634,168,1,2
1634,169,1,2
1634,170,1,2
1634,171,1,2
1634,172,1,2
1634,173,1,2
1634,174,1,2
1634,175,1,2
1634,176,1,2
1634,177,1,2
1634,178,1,2
1634,179,1,2
1634,180,1,2
1634,181,1,2
1634,182,1,2
1634,183,1,2
1634,184,1,2
1634,185,1,2
1634,186,1,2
1634,187,1,2
1634,188,1,2
1634,189,1,2
1634,190,1,2
1634,191,1,2
1634,192,1,2
1634,193,1,2
1634,194,1,2
1634,195,1,2
1634,196,1,2
1634,197,1,2
1634,198,1,2
1634,199,1,2
1634,200,1,2
1634,201,1,2
1634,202,1,2
1634,203,1,2
1634,204,1,2
1634,205,1,2
1634,206,1,2
1634,207,1,2
1634,208,1,2
1634,209,1,2
1634,210,1,2
1634,211,1,2
1634,212,1,2
1634,213,1,2
1634,214,1,2
1634,215,1,2
1634,216,1,2
1634,217,1,2
1634,218,1,2
1634,219,1,2
1634,220,1,2
1634,221,1,2
1634,222,1,2
1634,223,1,2
1634,224,1,2
1634,225,1,2
1634,226,1,2
1634,227,1,2
1634,228,1,2
1634,229,1,2
1634,230,1,2
1634,231,1,2
1634,232,1,2
1634,233,1,2
1634,234,1,2
1634,235,1,2
1634,236,1,2
1634,237,1,2
1634,238,1,2
1634,239,1,2
1634,240,1,2
1634,241,1,2
1634,242,1,2
1634,243,1,2
1634,244,1,2
1634,245,1,2
1634,246,1,2
1634,247,1,2
1634,248,1,2
1634,249,1,2
1634,250,1,2
1634,251,1,2
1634,252,1,2
1634,253,1,2
1634,254,1,2
1634,255,1,2
1634,256,1,2
1634,257,1,2
1634,258,1,2
1634,259,1,2
1634,260,1,2
1634,261,1,2
1634,262,1,2
1634,263,1,2
1634,264,1,2
1634,265,1,2
1634,266,1,2
1634,267,1,2
1634,268,1,2
1634,269,1,2
1634,270,1,2
1634,271,1,2
1634,272,1,2
1634,273,1,2
1634,274,1,2
1634,275,1,2
1634,276,1,2
1634,277,1,2
1634,278,1,2
1634,279,1,2
1634,280,1,2
1634,281,1,2
1634,282,1,2
1634,283,1,2
1634,284,1,2
1634,285,1,2
1634,286,1,2
1634,287,1,2
1634,288,1,2
1634,289,1,2
1634,290,1,2
1634,291,1,2
1634,292,1,2
1634,293,1,2
1634,294,1,2
1634,295,1,2
1634,296,1,2
1634,297,1,2
1634,298,1,2
1634,299,1,2
1634,300,1,2
1634,301,1,2
1634,302,1,2
1634,303,1,2
1634,304,1,2
1634,305,1,2
1634,306,1,2
1634,307,1,2
1634,308,1,2
1634,309,1,2
1634,310,1,2
1634,311,1,2
1634,312,1,2
1634,313,1,2
1634,314,1,2
1634,315,1,2
1634,316,1,2
1634,317,1,2
1634,318,1,2
1634,319,1,2
1634,320,1,2
1634,321,1,2
1634,322,1,2
1634,323,1,2
1634,324,1,2
1634,325,1,2
1634,326,1,2
1634,327,1,2
1634,328,1,2
1634,329,1,2
1634,330,1,2
1634,331,1,2
1634,332,1,2
1634,333,1,2
1634,334,1,2
1634,335,1,2
1634,336,1,2
1634,337,1,2
1634,338,1,2
1634,339,1,2
1634,340,1,2
1634,341,1,2
1634,342,1,2
1634,343,1,2
1634,344,1,2
1634,345,1,2
1634,346,1,2
1634,347,1,2
1634,348,1,2
1634,349,1,2
1634,350,1,2
1634,351,1,2
1634,352,1,2
1634,353,1,2
1634,354,1,2
1634,355,1,2
1634,356,1,2
1634,357,1,2
1634,358,1,2
1634,359,1,2
1634,360,1,2
1634,361,1,2
1634,362,1,2
1634,363,1,2
1634,364,1,2
1634,365,1,2
1634,366,1,2
1634,367,1,2
1634,368,1,2
1634,369,1,2
1634,370,1,2
1634,371,1,2
1634,372,1,2
1634,373,1,2
1634,374,1,2
1634,375,1,2
1634,376,1,2
1634,377,1,2
1634,378,1,2
1634,379,1,2
1634,380,1,2
1634,381,1,2
1634,382,1,2
1634,383,1,2
1634,384,1,2
1634,385,1,2
1634,386,1,2
1634,387,1,2
1634,388,1,2
1634,389,1,2
1634,390,1,2
1634,391,1,2
1634,392,1,2
1634,393,1,2
1634,394,1,2
1634,395,1,2
1634,396,1,2
1634,397,1,2
1634,398,1,2
1634,399,1,2
1634,400,1,2
1634,401,1,2
1634,402,1,2
1634,403,1,2
1634,404,1,2
1634,405,1,2
1634,406,1,2
1634,407,1,2
1634,408,1,2
1634,409,1,2
1634,410,1,2
1634,411,1,2
1634,412,1,2
1634,413,1,2
1634,414,1,2
1634,415,1,2
1634,416,1,2
1634,417,1,2
1634,418,1,2
1634,419,1,2
1634,420,1,2
1634,421,1,2
1634,422,1,2
1634,423,1,2
1634,424,1,2
1634,425,1,2
1634,426,1,2
1634,427,1,2
1634,428,1,2
1634,429,1,2
1634,430,1,2
1634,431,1,2
1634,432,1,2
1634,433,1,2
1634,434,1,2
1634,435,1,2
1634,436,1,2
1634,437,1,2
1634,438,1,2
1634,439,1,2
1634,440,1,2
1634,441,1,2
1634,442,1,2
1634,443,1,2
1634,444,1,2
1634,445,1,2
1634,446,1,2
1634,447,1,2
1634,448,1,2
1634,449,1,2
1634,450,1,2
1634,451,1,2
1634,452,1,2
1634,453,1,2
1634,454,1,2
1635,113,1,2
1635,114,1,2
1635,115,1,2
1635,116,1,2
1635,117,1,2
1635,118,1,2
1635,119,1,3
1635,120,1,3
1635,121,1,3
1635,122,1,2
1635,123,1,3
1635,124,1,3
1635,125,1,3
1635,126,1,3
1635,127,1,2
1635,128,1,2
1635,129,1,2
1635,130,1,2
1635,131,1,2
1635,132,1,2
1635,133,1,2
1635,134,1,2
1635,135,1,2
1635,136,1,2
1635,137,1,2
1635,138,1,2
1635,139,1,2
1635,140,1,2
1635,141,1,2
1635,142,1,2
1635,143,1,2
1635,144,1,2
1635,145,1,2
1635,146,1,2
1635,147,1,2
1635,148,1,2
1635,149,1,2
1635,150,1,2
1635,151,1,2
1635,152,1,2
1635,153,1,2
1635,154,1,2
1635,155,1,2
1635,156,1,2
1635,157,1,2
1635,158,1,2
1635,159,1,2
1635,160,1,2
1635,161,1,2
1635,162,1,2
1635,163,1,2
1635,164,1,2
1635,165,1,2
1635,166,1,2
1635,167,1,2
1635,168,1,2
1635,169,1,2
1635,170,1,2
1635,171,1,2
1635,172,1,2
1635,173,1,2
1635,174,1,2
1635,175,1,2
1635,176,1,2
1635,177,1,2
1635,178,1,2
1635,179,1,2
1635,180,1,2
1635,181,1,2
1635,182,1,2
1635,183,1,2
1635,184,1,2
1635,185,1,2
1635,186,1,2
1635,187,1,2
1635,188,1,2
1635,189,1,2
1635,190,1,2
1635,191,1,2
1635,192,1,2
1635,193,1,2
1635,194,1,2
1635,195,1,2
1635,196,1,2
1635,197,1,2
1635,198,1,2
1635,199,1,2
1635,200,1,2
1635,201,1,2
1635,202,1,2
1635,203,1,2
1635,204,1,2
1635,205,1,2
1635,206,1,2
1635,207,1,2
1635,208,1,2
1635,209,1,2
1635,210,1,2
1635,211,1,2
1635,212,1,2
1635,213,1,2
1635,214,1,2
1635,215,1,2
1635,216,1,2
1635,217,1,2
1635,218,1,2
1635,219,1,2
1635,220,1,2
1635,221,1,2
1635,222,1,2
1635,223,1,2
1635,224,1,2
1635,225,1,2
1635,226,1,2
1635,227,1,2
1635,228,1,2
1635,229,1,2
1635,230,1,2
1635,231,1,2
1635,232,1,2
1635,233,1,2
1635,234,1,2
1635,235,1,2
1635,236,1,2
1635,237,1,2
1635,238,1,2
1635,239,1,2
1635,240,1,2
1635,241,1,2
1635,242,1,2
1635,243,1,2
1635,244,1,2
1635,245,1,2
1635,246,1,2
1635,247,1,2
1635,248,1,2
1635,249,1,2
1635,250,1,2
1635,251,1,2
1635,252,1,2
1635,253,1,2
1635,254,1,2
1635,255,1,2
1635,256,1,2
1635,257,1,2
1635,258,1,2
1635,259,1,2
1635,260,1,2
1635,261,1,2
1635,262,1,2
1635,263,1,2
1635,264,1,2
1635,265,1,2
1635,266,1,2
1635,267,1,2
1635,268,1,2
1635,269,1,2
1635,270,1,2
1635,271,1,2
1635,272,1,2
1635,273,1,2
1635,274,1,2
1635,275,1,2
1635,276,1,2
1635,277,1,2
1635,278,1,2
1635,279,1,2
1635,280,1,2
1635,281,1,2
1635,282,1,2
1635,283,1,2
1635,284,1,2
1635,285,1,2
1635,286,1,2
1635,287,1,2
1635,288,1,2
1635,289,1,2
1635,290,1,2
1635,291,1,2
1635,292,1,2
1635,293,1,2
1635,294,1,2
1635,295,1,2
1635,296,1,2
1635,297,1,2
1635,298,1,2
1635,299,1,2
1635,300,1,2
1635,301,1,2
1635,302,1,2
1635,303,1,2
1635,304,1,2
1635,305,1,2
1635,306,1,2
1635,307,1,2
1635,308,1,2
1635,309,1,2
1635,310,1,2
1635,311,1,2
1635,312,1,2
1635,313,1,2
1635,314,1,2
1635,315,1,2
1635,316,1,2
1635,317,1,2
1635,318,1,2
1635,319,1,2
1635,320,1,2
1635,321,1,2
1635,322,1,2
1635,323,1,2
1635,324,1,2
1635,325,1,2
1635,326,1,2
1635,327,1,2
1635,328,1,2
1635,329,1,2
1635,330,1,2
1635,331,1,2
1635,332,1,2
1635,333,1,2
1635,334,1,2
1635,335,1,2
1635,336,1,2
1635,337,1,2
1635,338,1,2
1635,339,1,2
1635,340,1,2
1635,341,1,2
1635,342,1,2
1635,343,1,2
1635,344,1,2
1635,345,1,2
1635,346,1,2
1635,347,1,2
1635,348,1,2
1635,349,1,2
1635,350,1,2
1635,351,1,2
1635,352,1,2
1635,353,1,2
1635,354,1,2
1635,355,1,2
1635,356,1,2
1635,357,1,2
1635,358,1,2
1635,359,1,2
1635,360,1,2
1635,361,1,2
1635,362,1,2
1635,363,1,2
1635,364,1,2
1635,365,1,2
1635,366,1,2
1635,367,1,2
1635,368,1,2
1635,369,1,2
1635,370,1,2
1635,371,1,2
1635,372,1,2
1635,373,1,2
1635,374,1,2
1635,375,1,2
1635,376,1,2
1635,377,1,2
1635,378,1,2
1635,379,1,2
1635,380,1,2
1635,381,1,2
1635,382,1,2
1635,383,1,2
1635,384,1,2
1635,385,1,2
1635,386,1,2
1635,387,1,2
1635,388,1,2
1635,389,1,2
1635,390,1,2
1635,391,1,2
1635,392,1,2
1635,393,1,2
1635,394,1,2
1635,395,1,2
1635,396,1,2
1635,397,1,2
1635,398,1,2
1635,399,1,2
1635,400,1,2
1635,401,1,2
1635,402,1,2
1635,403,1,2
1635,404,1,2
1635,405,1,2
1635,406,1,2
1635,407,1,2
1635,408,1,2
1635,409,1,2
1635,410,1,2
1635,411,1,2
1635,412,1,2
1635,413,1,2
1635,414,1,2
1635,415,1,2
1635,416,1,2
1635,417,1,2
1635,418,1,2
1635,419,1,2
1635,420,1,2
1635,421,1,2
1635,422,1,2
1635,423,1,2
1635,424,1,2
1635,425,1,2
1635,426,1,2
1635,427,1,2
1635,428,1,2
1635,429,1,2
1635,430,1,2
1635,431,1,2
1635,432,1,2
1635,433,1,2
1635,434,1,2
1635,435,1,2
1635,436,1,2
1635,437,1,2
1635,438,1,2
1635,439,1,2
1635,440,1,2
1635,441,1,2
1635,442,1,2
1635,443,1,2
1635,444,1,2
1635,445,1,2
1635,446,1,2
1635,447,1,2
1635,448,1,2
1635,449,1,2
1635,450,1,2
1635,451,1,2
1636,114,1,2
1636,115,1,2
1636,116,1,2
1636,117,1,2
1636,118,1,2
1636,119,1,2
1636,120,1,2
1636,121,1,3
1636,122,1,2
1636,123,1,2
1636,124,1,2
1636,125,1,2
1636,126,1,2
1636,127,1,2
1636,128,1,2
1636,129,1,2
1636,130,1,2
1636,131,1,2
1636,132,1,2
1636,133,1,2
1636,134,1,2
1636,135,1,2
1636,136,1,2
1636,137,1,2
1636,138,1,2
1636,139,1,2
1636,140,1,2
1636,141,1,2
1636,142,1,2
1636,143,1,2
1636,144,1,2
1636,145,1,2
1636,146,1,2
1636,147,1,2
1636,148,1,2
1636,149,1,2
1636,150,1,2
1636,151,1,2
1636,152,1,2
1636,153,1,2
1636,154,1,2
1636,155,1,2
1636,156,1,2
1636,157,1,2
1636,158,1,2
1636,159,1,2
1636,160,1,2
1636,161,1,2
1636,162,1,2
1636,163,1,2
1636,164,1,2
1636,165,1,2
1636,166,1,2
1636,167,1,2
1636,168,1,2
1636,169,1,2
1636,170,1,2
1636,171,1,2
1636,172,1,2
1636,173,1,2
1636,174,1,2
1636,175,1,2
1636,176,1,2
1636,177,1,2
1636,178,1,2
1636,179,1,2
1636,180,1,2
1636,181,1,2
1636,182,1,2
1636,183,1,2
1636,184,1,2
1636,185,1,2
1636,186,1,2
1636,187,1,2
1636,188,1,2
1636,189,1,2
1636,190,1,2
1636,191,1,2
1636,192,1,2
1636,193,1,2
1636,194,1,2
1636,195,1,2
1636,196,1,2
1636,197,1,2
1636,198,1,2
1636,199,1,2
1636,200,1,2
1636,201,1,2
1636,202,1,2
1636,203,1,2
1636,204,1,2
1636,205,1,2
1636,206,1,2
1636,207,1,2
1636,208,1,2
1636,209,1,2
1636,210,1,2
1636,211,1,2
1636,212,1,2
1636,213,1,2
1636,214,1,2
1636,215,1,2
1636,216,1,2
1636,217,1,2
1636,218,1,2
1636,219,1,2
1636,220,1,2
1636,221,1,2
1636,222,1,2
1636,223,1,2
1636,224,1,2
1636,225,1,2
1636,226,1,2
1636,227,1,2
1636,228,1,2
1636,229,1,2
1636,230,1,2
1636,231,1,2
1636,232,1,2
1636,233,1,2
1636,234,1,2
1636,235,1,2
1636,236,1,2
1636,237,1,2
1636,238,1,2
1636,239,1,2
1636,240,1,2
1636,241,1,2
1636,242,1,2
1636,243,1,2
1636,244,1,2
1636,245,1,2
1636,246,1,2
1636,247,1,2
1636,248,1,2
1636,249,1,2
1636,250,1,2
1636,251,1,2
1636,252,1,2
1636,253,1,2
1636,254,1,2
1636,255,1,2
1636,256,1,2
1636,257,1,2
1636,258,1,2
1636,259,1,2
1636,260,1,2
1636,261,1,2
1636,262,1,2
1636,263,1,2
1636,264,1,2
1636,265,1,2
1636,266,1,2
1636,267,1,2
1636,268,1,2
1636,269,1,2
1636,270,1,2
1636,271,1,2
1636,272,1,2
1636,273,1,2
1636,274,1,2
1636,275,1,2
1636,276,1,2
1636,277,1,2
1636,278,1,2
1636,279,1,2
1636,280,1,2
1636,281,1,2
1636,282,1,2
1636,283,1,2
1636,284,1,2
1636,285,1,2
1636,286,1,2
1636,287,1,2
1636,288,1,2
1636,289,1,2
1636,290,1,2
1636,291,1,2
1636,292,1,2
1636,293,1,2
1636,294,1,2
1636,295,1,2
1636,296,1,2
1636,297,1,2
1636,298,1,2
1636,299,1,2
1636,300,1,2
1636,301,1,2
1636,302,1,2
1636,303,1,2
1636,304,1,2
1636,305,1,2
1636,306,1,2
1636,307,1,2
1636,308,1,2
1636,309,1,2
1636,310,1,2
1636,311,1,2
1636,312,1,2
1636,313,1,2
1636,314,1,2
1636,315,1,2
1636,316,1,2
1636,317,1,2
1636,318,1,2
1636,319,1,2
1636,320,1,2
1636,321,1,2
1636,322,1,2
1636,323,1,2
1636,324,1,2
1636,325,1,2
1636,326,1,2
1636,327,1,2
1636,328,1,2
1636,329,1,2
1636,330,1,2
1636,331,1,2
1636,332,1,2
1636,333,1,2
1636,334,1,2
1636,335,1,2
1636,336,1,2
1636,337,1,2
1636,338,1,2
1636,339,1,2
1636,340,1,2
1636,341,1,2
1636,342,1,2
1636,343,1,2
1636,344,1,2
1636,345,1,2
1636,346,1,2
1636,347,1,2
1636,348,1,2
1636,349,1,2
1636,350,1,2
1636,351,1,2
1636,352,1,2
1636,353,1,2
1636,354,1,2
1636,355,1,2
1636,356,1,2
1636,357,1,2
1636,358,1,2
1636,359,1,2
1636,360,1,2
1636,361,1,2
1636,362,1,2
1636,363,1,2
1636,364,1,2
1636,365,1,2
1636,366,1,2
1636,367,1,2
1636,368,1,2
1636,369,1,2
1636,370,1,2
1636,371,1,2
1636,372,1,2
1636,373,1,2
1636,374,1,2
1636,375,1,2
1636,376,1,2
1636,377,1,2
1636,378,1,2
1636,379,1,2
1636,380,1,2
1636,381,1,2
1636,382,1,2
1636,383,1,2
1636,384,1,2
1636,385,1,2
1636,386,1,2
1636,387,1,2
1636,388,1,2
1636,389,1,2
1636,390,1,2
1636,391,1,2
1636,392,1,2
1636,393,1,2
1636,394,1,2
1636,395,1,2
1636,396,1,2
1636,397,1,2
1636,398,1,2
1636,399,1,2
1636,400,1,2
1636,401,1,2
1636,402,1,2
1636,403,1,2
1636,404,1,2
1636,405,1,2
1636,406,1,2
1636,407,1,2
1636,408,1,2
1636,409,1,2
1636,410,1,2
1636,411,1,2
1636,412,1,2
1636,413,1,2
1636,414,1,2
1636,415,1,2
1636,416,1,2
1636,417,1,2
1636,418,1,2
1636,419,1,2
1636,420,1,2
1636,421,1,2
1636,422,1,2
1636,423,1,2
1636,424,1,2
1636,425,1,2
1636,426,1,2
1636,427,1,2
1636,428,1,2
1636,429,1,2
1636,430,1,2
1636,431,1,2
1636,432,1,2
1636,433,1,2
1636,434,1,2
1636,435,1,2
1636,436,1,2
1636,437,1,2
1636,438,1,2
1636,439,1,2
1636,440,1,2
1636,441,1,2
1636,442,1,2
1636,443,1,2
1636,444,1,2
1636,445,1,2
1636,446,1,2
1636,447,1,2
1636,448,1,2
1636,449,1,2
1636,450,1,2
1637,114,1,2
1637,115,1,2
1637,116,1,2
1637,117,1,2
1637,118,1,2
1637,119,1,2
1637,120,1,2
1637,121,1,2
1637,122,1,2
1637,123,1,2
1637,124,1,2
1637,125,1,2
1637,126,1,2
1637,127,1,2
1637,128,1,2
1637,129,1,2
1637,130,1,2
1637,131,1,2
1637,132,1,2
1637,133,1,2
1637,134,1,2
1637,135,1,2
1637,136,1,2
1637,137,1,2
1637,138,1,2
1637,139,1,2
1637,140,1,2
1637,141,1,2
1637,142,1,2
1637,143,1,2
1637,144,1,2
1637,145,1,2
1637,146,1,2
1637,147,1,2
1637,148,1,2
1637,149,1,2
1637,150,1,2
1637,151,1,2
1637,152,1,2
1637,153,1,2
1637,154,1,2
1637,155,1,2
1637,156,1,2
1637,157,1,2
1637,158,1,2
1637,159,1,2
1637,160,1,2
1637,161,1,2
1637,162,1,2
1637,163,1,2
1637,164,1,2
1637,165,1,2
1637,166,1,2
1637,167,1,2
1637,168,1,2
1637,169,1,2
1637,170,1,2
1637,171,1,2
1637,172,1,2
1637,173,1,2
1637,174,1,2
1637,175,1,2
1637,176,1,2
1637,177,1,2
1637,178,1,2
1637,179,1,2
1637,180,1,2
1637,181,1,2
1637,182,1,2
1637,183,1,2
1637,184,1,2
1637,185,1,2
1637,186,1,2
1637,187,1,2
1637,188,1,2
1637,189,1,2
1637,190,1,2
1637,191,1,2
1637,192,1,2
1637,193,1,2
1637,194,1,2
1637,195,1,2
1637,196,1,2
1637,197,1,2
1637,198,1,2
1637,199,1,2
1637,200,1,2
1637,201,1,2
1637,202,1,2
1637,203,1,2
1637,204,1,2
1637,205,1,2
1637,206,1,2
1637,207,1,2
1637,208,1,2
1637,209,1,2
1637,210,1,2
1637,211,1,2
1637,212,1,2
1637,213,1,2
1637,214,1,2
1637,215,1,2
1637,216,1,2
1637,217,1,2
1637,218,1,2
1637,219,1,2
1637,220,1,2
1637,221,1,2
1637,222,1,2
1637,223,1,2
1637,224,1,2
1637,225,1,2
1637,226,1,2
1637,227,1,2
1637,228,1,2
1637,229,1,2
1637,230,1,2
1637,231,1,2
1637,232,1,2
1637,233,1,2
1637,234,1,2
1637,235,1,2
1637,236,1,2
1637,237,1,2
1637,238,1,2
1637,239,1,2
1637,240,1,2
1637,241,1,2
1637,242,1,2
1637,243,1,2
1637,244,1,2
1637,245,1,2
1637,246,1,2
1637,247,1,2
1637,248,1,2
1637,249,1,2
1637,250,1,2
1637,251,1,2
1637,252,1,2
1637,253,1,2
1637,254,1,2
1637,255,1,2
1637,256,1,2
1637,257,1,2
1637,258,1,2
1637,259,1,2
1637,260,1,2
1637,261,1,2
1637,262,1,2
1637,263,1,2
1637,264,1,2
1637,265,1,2
1637,266,1,2
1637,267,1,2
1637,268,1,2
1637,269,1,2
1637,270,1,2
1637,271,1,2
1637,272,1,2
1637,273,1,2
1637,274,1,2
1637,275,1,2
1637,276,1,2
1637,277,1,2
1637,278,1,2
1637,279,1,2
1637,280,1,2
1637,281,1,2
1637,282,1,2
1637,283,1,2
1637,284,1,2
1637,285,1,2
1637,286,1,2
1637,287,1,2
1637,288,1,2
1637,289,1,2
1637,290,1,2
1637,291,1,2
1637,292,1,2
1637,293,1,2
1637,294,1,2
1637,295,1,2
1637,296,1,2
1637,297,1,2
1637,298,1,2
1637,299,1,2
1637,300,1,2
1637,301,1,2
1637,302,1,2
1637,303,1,2
1637,304,1,2
1637,305,1,2
1637,306,1,2
1637,307,1,2
1637,308,1,2
1637,309,1,2
1637,310,1,2
1637,311,1,2
1637,312,1,2
1637,313,1,2
1637,314,1,2
1637,315,1,2
1637,316,1,2
1637,317,1,2
1637,318,1,2
1637,319,1,2
1637,320,1,2
1637,321,1,2
1637,322,1,2
1637,323,1,2
1637,324,1,2
1637,325,1,2
1637,326,1,2
1637,327,1,2
1637,328,1,2
1637,329,1,2
1637,330,1,2
1637,331,1,2
1637,332,1,2
1637,333,1,2
1637,334,1,2
1637,335,1,2
1637,336,1,2
1637,337,1,2
1637,338,1,2
1637,339,1,2
1637,340,1,2
1637,341,1,2
1637,342,1,2
1637,343,1,2
1637,344,1,2
1637,345,1,2
1637,346,1,2
1637,347,1,2
1637,348,1,2
1637,349,1,2
1637,350,1,2
1637,351,1,2
1637,352,1,2
1637,353,1,2
1637,354,1,2
1637,355,1,2
1637,356,1,2
1637,357,1,2
1637,358,1,2
1637,359,1,2
1637,360,1,2
1637,361,1,2
1637,362,1,2
1637,363,1,2
1637,364,1,2
1637,365,1,2
1637,366,1,2
1637,367,1,2
1637,368,1,2
1637,369,1,2
1637,370,1,2
1637,371,1,2
1637,372,1,2
1637,373,1,2
1637,374,1,2
1637,375,1,2
1637,376,1,2
1637,377,1,2
1637,378,1,2
1637,379,1,2
1637,380,1,2
1637,381,1,2
1637,382,1,2
1637,383,1,2
1637,384,1,2
1637,385,1,2
1637,386,1,2
1637,387,1,2
1637,388,1,2
1637,389,1,2
1637,390,1,2
1637,391,1,2
1637,392,1,2
1637,393,1,2
1637,394,1,2
1637,395,1,2
1637,396,1,2
1637,397,1,2
1637,398,1,2
1637,399,1,2
1637,400,1,2
1637,401,1,2
1637,402,1,2
1637,403,1,2
1637,404,1,2
1637,405,1,2
1637,406,1,2
1637,407,1,2
1637,408,1,2
1637,409,1,2
1637,410,1,2
1637,411,1,2
1637,412,1,2
1637,413,1,2
1637,414,1,2
1637,415,1,2
1637,416,1,2
1637,417,1,2
1637,418,1,2
1637,419,1,2
1637,420,1,2
1637,421,1,2
1637,422,1,2
1637,423,1,2
1637,424,1,2
1637,425,1,2
1637,426,1,2
1637,427,1,2
1637,428,1,2
1637,429,1,2
1637,430,1,2
1637,431,1,2
1637,432,1,2
1637,433,1,2
1637,434,1,2
1637,435,1,2
1637,436,1,2
1637,437,1,2
1637,438,1,2
1637,439,1,2
1637,440,1,2
1637,441,1,2
1637,442,1,2
1637,443,1,2
1637,444,1,2
1637,445,1,2
1637,446,1,2
1637,447,1,2
1637,448,1,2
1637,449,1,2
1638,115,1,2
1638,116,1,2
1638,117,1,2
1638,118,1,2
1638,119,1,2
1638,120,1,2
1638,121,1,2
1638,122,1,2
1638,123,1,2
1638,124,1,2
1638,125,1,2
1638,126,1,2
1638,127,1,2
1638,128,1,2
1638,129,1,2
1638,130,1,2
1638,131,1,2
1638,132,1,2
1638,133,1,2
1638,134,1,2
1638,135,1,2
1638,136,1,2
1638,137,1,2
1638,138,1,2
1638,139,1,2
1638,140,1,2
1638,141,1,2
1638,142,1,2
1638,143,1,2
1638,144,1,2
1638,145,1,2
1638,146,1,2
1638,147,1,2
1638,148,1,2
1638,149,1,2
1638,150,1,2
1638,151,1,2
1638,152,1,2
1638,153,1,2
1638,154,1,2
1638,155,1,2
1638,156,1,2
1638,157,1,2
1638,158,1,2
1638,159,1,2
1638,160,1,2
1638,161,1,2
1638,162,1,2
1638,163,1,2
1638,164,1,2
1638,165,1,2
1638,166,1,2
1638,167,1,2
1638,168,1,2
1638,169,1,2
1638,170,1,2
1638,171,1,2
1638,172,1,2
1638,173,1,2
1638,174,1,2
1638,175,1,2
1638,176,1,2
1638,177,1,2
1638,178,1,2
1638,179,1,2
1638,180,1,2
1638,181,1,2
1638,182,1,2
1638,183,1,2
1638,184,1,2
1638,185,1,2
1638,186,1,2
1638,187,1,2
1638,188,1,2
1638,189,1,2
1638,190,1,2
1638,191,1,2
1638,192,1,2
1638,193,1,2
1638,194,1,2
1638,195,1,2
1638,196,1,2
1638,197,1,2
1638,198,1,2
1638,199,1,2
1638,200,1,2
1638,201,1,2
1638,202,1,2
1638,203,1,2
1638,204,1,2
1638,205,1,2
1638,206,1,2
1638,207,1,2
1638,208,1,2
1638,209,1,2
1638,210,1,2
1638,211,1,2
1638,212,1,2
1638,213,1,2
1638,214,1,2
1638,215,1,2
1638,216,1,2
1638,217,1,2
1638,218,1,2
1638,219,1,2
1638,220,1,2
1638,221,1,2
1638,222,1,2
1638,223,1,2
1638,224,1,2
1638,225,1,2
1638,226,1,2
1638,227,1,2
1638,228,1,2
1638,229,1,2
1638,230,1,2
1638,231,1,2
1638,232,1,2
1638,233,1,2
1638,234,1,2
1638,235,1,2
1638,236,1,2
1638,237,1,2
1638,238,1,2
1638,239,1,2
1638,240,1,2
1638,241,1,2
1638,242,1,2
1638,243,1,2
1638,244,1,2
1638,245,1,2
1638,246,1,2
1638,247,1,2
1638,248,1,2
1638,249,1,2
1638,250,1,2
1638,251,1,2
1638,252,1,2
1638,253,1,2
1638,254,1,2
1638,255,1,2
1638,256,1,2
1638,257,1,2
1638,258,1,2
1638,259,1,2
1638,260,1,2
1638,261,1,2
1638,262,1,2
1638,263,1,2
1638,264,1,2
1638,265,1,2
1638,266,1,2
1638,267,1,2
1638,268,1,2
1638,269,1,2
1638,270,1,2
1638,271,1,2
1638,272,1,2
1638,273,1,2
1638,274,1,2
1638,275,1,2
1638,276,1,2
1638,277,1,2
1638,278,1,2
1638,279,1,2
1638,280,1,2
1638,281,1,2
1638,282,1,2
1638,283,1,2
1638,284,1,2
1638,285,1,2
1638,286,1,2
1638,287,1,2
1638,288,1,2
1638,289,1,2
1638,290,1,2
1638,291,1,2
1638,292,1,2
1638,293,1,2
1638,294,1,2
1638,295,1,2
1638,296,1,2
1638,297,1,2
1638,298,1,2
1638,299,1,2
1638,300,1,2
1638,301,1,2
1638,302,1,2
1638,303,1,2
1638,304,1,2
1638,305,1,2
1638,306,1,2
1638,307,1,2
1638,308,1,2
1638,309,1,2
1638,310,1,2
1638,311,1,2
1638,312,1,2
1638,313,1,2
1638,314,1,2
1638,315,1,2
1638,316,1,2
1638,317,1,2
1638,318,1,2
1638,319,1,2
1638,320,1,2
1638,321,1,2
1638,322,1,2
1638,323,1,2
1638,324,1,2
1638,325,1,2
1638,326,1,2
1638,327,1,2
1638,328,1,2
1638,329,1,2
1638,330,1,2
1638,331,1,2
1638,332,1,2
1638,333,1,2
1638,334,1,2
1638,335,1,2
1638,336,1,2
1638,337,1,2
1638,338,1,2
1638,339,1,2
1638,340,1,2
1638,341,1,2
1638,342,1,2
1638,343,1,2
1638,344,1,2
1638,345,1,2
1638,346,1,2
1638,347,1,2
1638,348,1,2
1638,349,1,2
1638,350,1,2
1638,351,1,2
1638,352,1,2
1638,353,1,2
1638,354,1,2
1638,355,1,2
1638,356,1,2
1638,357,1,2
1638,358,1,2
1638,359,1,2
1638,360,1,2
1638,361,1,2
1638,362,1,2
1638,363,1,2
1638,364,1,2
1638,365,1,2
1638,366,1,2
1638,367,1,2
1638,368,1,2
1638,369,1,2
1638,370,1,2
1638,371,1,2
1638,372,1,2
1638,373,1,2
1638,374,1,2
1638,375,1,2
1638,376,1,2
1638,377,1,2
1638,378,1,2
1638,379,1,2
1638,380,1,2
1638,381,1,2
1638,382,1,2
1638,383,1,2
1638,384,1,2
1638,385,1,2
1638,386,1,2
1638,387,1,2
1638,388,1,2
1638,389,1,2
1638,390,1,2
1638,391,1,2
1638,392,1,2
1638,393,1,2
1638,394,1,2
1638,395,1,2
1638,396,1,2
1638,397,1,2
1638,398,1,2
1638,399,1,2
1638,400,1,2
1638,401,1,2
1638,402,1,2
1638,403,1,2
1638,404,1,2
1638,405,1,2
1638,406,1,2
1638,407,1,2
1638,408,1,2
1638,409,1,2
1638,410,1,2
1638,411,1,2
1638,412,1,2
1638,413,1,2
1638,414,1,2
1638,415,1,2
1638,416,1,2
1638,417,1,2
1638,418,1,2
1638,419,1,2
1638,420,1,2
1638,421,1,2
1638,422,1,2
1638,423,1,2
1638,424,1,2
1638,425,1,2
1638,426,1,2
1638,427,1,2
1638,428,1,2
1638,429,1,2
1638,430,1,2
1638,431,1,2
1638,432,1,2
1638,433,1,2
1638,434,1,2
1638,435,1,2
1638,436,1,2
1638,437,1,2
1638,438,1,2
1638,439,1,2
1638,440,1,2
1638,441,1,2
1638,442,1,2
1638,443,1,2
1638,444,1,2
1638,445,1,2
1638,446,1,2
1638,447,1,2
1639,115,1,2
1639,116,1,2
1639,117,1,2
1639,118,1,2
1639,119,1,2
1639,120,1,2
1639,121,1,2
1639,122,1,2
1639,123,1,2
1639,124,1,2
1639,125,1,2
1639,126,1,2
1639,127,1,2
1639,128,1,2
1639,129,1,2
1639,130,1,2
1639,131,1,2
1639,132,1,2
1639,133,1,2
1639,134,1,2
1639,135,1,2
1639,136,1,2
1639,137,1,2
1639,138,1,2
1639,139,1,2
1639,140,1,2
1639,141,1,2
1639,142,1,2
1639,143,1,2
1639,144,1,2
1639,145,1,2
1639,146,1,2
1639,147,1,2
1639,148,1,2
1639,149,1,2
1639,150,1,2
1639,151,1,2
1639,152,1,2
1639,153,1,2
1639,154,1,2
1639,155,1,2
1639,156,1,2
1639,157,1,2
1639,158,1,2
1639,159,1,2
1639,160,1,2
1639,161,1,2
1639,162,1,2
1639,163,1,2
1639,164,1,2
1639,165,1,2
1639,166,1,2
1639,167,1,2
1639,168,1,2
1639,169,1,2
1639,170,1,2
1639,171,1,2
1639,172,1,2
1639,173,1,2
1639,174,1,2
1639,175,1,2
1639,176,1,2
1639,177,1,2
1639,178,1,2
1639,179,1,2
1639,180,1,2
1639,181,1,2
1639,182,1,2
1639,183,1,2
1639,184,1,2
1639,185,1,2
1639,186,1,2
1639,187,1,2
1639,188,1,2
1639,189,1,2
1639,190,1,2
1639,191,1,2
1639,192,1,2
1639,193,1,2
1639,194,1,2
1639,195,1,2
1639,196,1,2
1639,197,1,2
1639,198,1,2
1639,199,1,2
1639,200,1,2
1639,201,1,2
1639,202,1,2
1639,203,1,2
1639,204,1,2
1639,205,1,2
1639,206,1,2
1639,207,1,2
1639,208,1,2
1639,209,1,2
1639,210,1,2
1639,211,1,2
1639,212,1,2
1639,213,1,2
1639,214,1,2
1639,215,1,2
1639,216,1,2
1639,217,1,2
1639,218,1,2
1639,219,1,2
1639,220,1,2
1639,221,1,2
1639,222,1,2
1639,223,1,2
1639,224,1,2
1639,225,1,2
1639,226,1,2
1639,227,1,2
1639,228,1,2
1639,229,1,2
1639,230,1,2
1639,231,1,2
1639,232,1,2
1639,233,1,2
1639,234,1,2
1639,235,1,2
1639,236,1,2
1639,237,1,2
1639,238,1,2
1639,239,1,2
1639,240,1,2
1639,241,1,2
1639,242,1,2
1639,243,1,2
1639,244,1,2
1639,245,1,2
1639,246,1,2
1639,247,1,2
1639,248,1,2
1639,249,1,2
1639,250,1,2
1639,251,1,2
1639,252,1,2
1639,253,1,2
1639,254,1,2
1639,255,1,2
1639,256,1,2
1639,257,1,2
1639,258,1,2
1639,259,1,2
1639,260,1,2
1639,261,1,2
1639,262,1,2
1639,263,1,2
1639,264,1,2
1639,265,1,2
1639,266,1,2
1639,267,1,2
1639,268,1,2
1639,269,1,2
1639,270,1,2
1639,271,1,2
1639,272,1,2
1639,273,1,2
1639,274,1,2
1639,275,1,2
1639,276,1,2
1639,277,1,2
1639,278,1,2
1639,279,1,2
1639,280,1,2
1639,281,1,2
1639,282,1,2
1639,283,1,2
1639,284,1,2
1639,285,1,2
1639,286,1,2
1639,287,1,2
1639,288,1,2
1639,289,1,2
1639,290,1,2
1639,291,1,2
1639,292,1,2
1639,293,1,2
1639,294,1,2
1639,295,1,2
1639,296,1,2
1639,297,1,2
1639,298,1,2
1639,299,1,2
1639,300,1,2
1639,301,1,2
1639,302,1,2
1639,303,1,2
1639,304,1,2
1639,305,1,2
1639,306,1,2
1639,307,1,2
1639,308,1,2
1639,309,1,2
1639,310,1,2
1639,311,1,2
1639,312,1,2
1639,313,1,2
1639,314,1,2
1639,315,1,2
1639,316,1,2
1639,317,1,2
1639,318,1,2
1639,319,1,2
1639,320,1,2
1639,321,1,2
1639,322,1,2
1639,323,1,2
1639,324,1,2
1639,325,1,2
1639,326,1,2
1639,327,1,2
1639,328,1,2
1639,329,1,2
1639,330,1,2
1639,331,1,2
1639,332,1,2
1639,333,1,2
1639,334,1,2
1639,335,1,2
1639,336,1,2
1639,337,1,2
1639,338,1,2
1639,339,1,2
1639,340,1,2
1639,341,1,2
1639,342,1,2
1639,343,1,2
1639,344,1,2
1639,345,1,2
1639,346,1,2
1639,347,1,2
1639,348,1,2
1639,349,1,2
1639,350,1,2
1639,351,1,2
1639,352,1,2
1639,353,1,2
1639,354,1,2
1639,355,1,2
1639,356,1,2
1639,357,1,2
1639,358,1,2
1639,359,1,2
1639,360,1,2
1639,361,1,2
1639,362,1,2
1639,363,1,2
1639,364,1,2
1639,365,1,2
1639,366,1,2
1639,367,1,2
1639,368,1,2
1639,369,1,2
1639,370,1,2
1639,371,1,2
1639,372,1,2
1639,373,1,2
1639,374,1,2
1639,375,1,2
1639,376,1,2
1639,377,1,2
1639,378,1,2
1639,379,1,2
1639,380,1,2
1639,381,1,2
1639,382,1,2
1639,383,1,2
1639,384,1,2
1639,385,1,2
1639,386,1,2
1639,387,1,2
1639,388,1,2
1639,389,1,2
1639,390,1,2
1639,391,1,2
1639,392,1,2
1639,393,1,2
1639,394,1,2
1639,395,1,2
1639,396,1,2
1639,397,1,2
1639,398,1,2
1639,399,1,2
1639,400,1,2
1639,401,1,2
1639,402,1,2
1639,403,1,2
1639,404,1,2
1639,405,1,2
1639,406,1,2
1639,407,1,2
1639,408,1,2
1639,409,1,2
1639,410,1,2
1639,411,1,2
1639,412,1,2
1639,413,1,2
1639,414,1,2
1639,415,1,2
1639,416,1,2
1639,417,1,2
1639,418,1,2
1639,419,1,2
1639,420,1,2
1639,421,1,2
1639,422,1,2
1639,423,1,2
1639,424,1,2
1639,425,1,2
1639,426,1,2
1639,427,1,2
1639,428,1,2
1639,429,1,2
1639,430,1,2
1639,431,1,2
1639,432,1,2
1639,433,1,2
1639,434,1,2
1639,435,1,2
1639,436,1,2
1639,437,1,2
1639,438,1,2
1639,439,1,2
1639,440,1,2
1639,441,1,2
1639,442,1,2
1639,443,1,2
1639,444,1,2
1639,445,1,2
1640,115,1,2
1640,116,1,2
1640,117,1,2
1640,118,1,2
1640,119,1,2
1640,120,1,2
1640,121,1,2
1640,122,1,2
1640,123,1,2
1640,124,1,2
1640,125,1,2
1640,126,1,2
1640,127,1,2
1640,128,1,2
1640,129,1,2
1640,130,1,2
1640,131,1,2
1640,132,1,2
1640,133,1,2
1640,134,1,2
1640,135,1,2
1640,136,1,2
1640,137,1,2
1640,138,1,2
1640,139,1,2
1640,140,1,2
1640,141,1,2
1640,142,1,2
1640,143,1,2
1640,144,1,2
1640,145,1,2
1640,146,1,2
1640,147,1,2
1640,148,1,2
1640,149,1,2
1640,150,1,2
1640,151,1,2
1640,152,1,2
1640,153,1,2
1640,154,1,2
1640,155,1,2
1640,156,1,2
1640,157,1,2
1640,158,1,2
1640,159,1,2
1640,160,1,2
1640,161,1,2
1640,162,1,2
1640,163,1,2
1640,164,1,2
1640,165,1,2
1640,166,1,2
1640,167,1,2
1640,168,1,2
1640,169,1,2
1640,170,1,2
1640,171,1,2
1640,172,1,2
1640,173,1,2
1640,174,1,2
1640,175,1,2
1640,176,1,2
1640,177,1,2
1640,178,1,2
1640,179,1,2
1640,180,1,2
1640,181,1,2
1640,182,1,2
1640,183,1,2
1640,184,1,2
1640,185,1,2
1640,186,1,2
1640,187,1,2
1640,188,1,2
1640,189,1,2
1640,190,1,2
1640,191,1,2
1640,192,1,2
1640,193,1,2
1640,194,1,2
1640,195,1,2
1640,196,1,2
1640,197,1,2
1640,198,1,2
1640,199,1,2
1640,200,1,2
1640,201,1,2
1640,202,1,2
1640,203,1,2
1640,204,1,2
1640,205,1,2
1640,206,1,2
1640,207,1,2
1640,208,1,2
1640,209,1,2
1640,210,1,2
1640,211,1,2
1640,212,1,2
1640,213,1,2
1640,214,1,2
1640,215,1,2
1640,216,1,2
1640,217,1,2
1640,218,1,2
1640,219,1,2
1640,220,1,2
1640,221,1,2
1640,222,1,2
1640,223,1,2
1640,224,1,2
1640,225,1,2
1640,226,1,2
1640,227,1,2
1640,228,1,2
1640,229,1,2
1640,230,1,2
1640,231,1,2
1640,232,1,2
1640,233,1,2
1640,234,1,2
1640,235,1,2
1640,236,1,2
1640,237,1,2
1640,238,1,2
1640,239,1,2
1640,240,1,2
1640,241,1,2
1640,242,1,2
1640,243,1,2
1640,244,1,2
1640,245,1,2
1640,246,1,2
1640,247,1,2
1640,248,1,2
1640,249,1,2
1640,250,1,2
1640,251,1,2
1640,252,1,2
1640,253,1,2
1640,254,1,2
1640,255,1,2
1640,256,1,2
1640,257,1,2
1640,258,1,2
1640,259,1,2
1640,260,1,2
1640,261,1,2
1640,262,1,2
1640,263,1,2
1640,264,1,2
1640,265,1,2
1640,266,1,2
1640,267,1,2
1640,268,1,2
1640,269,1,2
1640,270,1,2
1640,271,1,2
1640,272,1,2
1640,273,1,2
1640,274,1,2
1640,275,1,2
1640,276,1,2
1640,277,1,2
1640,278,1,2
1640,279,1,2
1640,280,1,2
1640,281,1,2
1640,282,1,2
1640,283,1,2
1640,284,1,2
1640,285,1,2
1640,286,1,2
1640,287,1,2
1640,288,1,2
1640,289,1,2
1640,290,1,2
1640,291,1,2
1640,292,1,2
1640,293,1,2
1640,294,1,2
1640,295,1,2
1640,296,1,2
1640,297,1,2
1640,298,1,2
1640,299,1,2
1640,300,1,2
1640,301,1,2
1640,302,1,2
1640,303,1,2
1640,304,1,2
1640,305,1,2
1640,306,1,2
1640,307,1,2
1640,308,1,2
1640,309,1,2
1640,310,1,2
1640,311,1,2
1640,312,1,2
1640,313,1,2
1640,314,1,2
1640,315,1,2
1640,316,1,2
1640,317,1,2
1640,318,1,2
1640,319,1,2
1640,320,1,2
1640,321,1,2
1640,322,1,2
1640,323,1,2
1640,324,1,2
1640,325,1,2
1640,326,1,2
1640,327,1,2
1640,328,1,2
1640,329,1,2
1640,330,1,2
1640,331,1,2
1640,332,1,2
1640,333,1,2
1640,334,1,2
1640,335,1,2
1640,336,1,2
1640,337,1,2
1640,338,1,2
1640,339,1,2
1640,340,1,2
1640,341,1,2
1640,342,1,2
1640,343,1,2
1640,344,1,2
1640,345,1,2
1640,346,1,2
1640,347,1,2
1640,348,1,2
1640,349,1,2
1640,350,1,2
1640,351,1,2
1640,352,1,2
1640,353,1,2
1640,354,1,2
1640,355,1,2
1640,356,1,2
1640,357,1,2
1640,358,1,2
1640,359,1,2
1640,360,1,2
1640,361,1,2
1640,362,1,2
1640,363,1,2
1640,364,1,2
1640,365,1,2
1640,366,1,2
1640,367,1,2
1640,368,1,2
1640,369,1,2
1640,370,1,2
1640,371,1,2
1640,372,1,2
1640,373,1,2
1640,374,1,2
1640,375,1,2
1640,376,1,2
1640,377,1,2
1640,378,1,2
1640,379,1,2
1640,380,1,2
1640,381,1,2
1640,382,1,2
1640,383,1,2
1640,384,1,2
1640,385,1,2
1640,386,1,2
1640,387,1,2
1640,388,1,2
1640,389,1,2
1640,390,1,2
1640,391,1,2
1640,392,1,2
1640,393,1,2
1640,394,1,2
1640,395,1,2
1640,396,1,2
1640,397,1,2
1640,398,1,2
1640,399,1,2
1640,400,1,2
1640,401,1,2
1640,402,1,2
1640,403,1,2
1640,404,1,2
1640,405,1,2
1640,406,1,2
1640,407,1,2
1640,408,1,2
1640,409,1,2
1640,410,1,2
1640,411,1,2
1640,412,1,2
1640,413,1,2
1640,414,1,2
1640,415,1,2
1640,416,1,2
1640,417,1,2
1640,418,1,2
1640,419,1,2
1640,420,1,2
1640,421,1,2
1640,422,1,2
1640,423,1,2
1640,424,1,2
1640,425,1,2
1640,426,1,2
1640,427,1,2
1640,428,1,2
1640,429,1,2
1640,430,1,2
1640,431,1,2
1640,432,1,2
1640,433,1,2
1640,434,1,2
1640,435,1,2
1640,436,1,2
1640,437,1,2
1640,438,1,2
1640,439,1,2
1640,440,1,2
1640,441,1,2
1640,442,1,2
1640,443,1,2
1641,116,1,2
1641,117,1,2
1641,118,1,2
1641,119,1,2
1641,120,1,2
1641,121,1,2
1641,122,1,2
1641,123,1,2
1641,124,1,2
1641,125,1,2
1641,126,1,2
1641,127,1,2
1641,128,1,2
1641,129,1,2
1641,130,1,2
1641,131,1,2
1641,132,1,2
1641,133,1,2
1641,134,1,2
1641,135,1,2
1641,136,1,2
1641,137,1,2
1641,138,1,2
1641,139,1,2
1641,140,1,2
1641,141,1,2
1641,142,1,2
1641,143,1,2
1641,144,1,2
1641,145,1,2
1641,146,1,2
1641,147,1,2
1641,148,1,2
1641,149,1,2
1641,150,1,2
1641,151,1,2
1641,152,1,2
1641,153,1,2
1641,154,1,2
1641,155,1,2
1641,156,1,2
1641,157,1,2
1641,158,1,2
1641,159,1,2
1641,160,1,2
1641,161,1,2
1641,162,1,2
1641,163,1,2
1641,164,1,2
1641,165,1,2
1641,166,1,2
1641,167,1,2
1641,168,1,2
1641,169,1,2
1641,170,1,2
1641,171,1,2
1641,172,1,2
1641,173,1,2
1641,174,1,2
1641,175,1,2
1641,176,1,2
1641,177,1,2
1641,178,1,2
1641,179,1,2
1641,180,1,2
1641,181,1,2
1641,182,1,2
1641,183,1,2
1641,184,1,2
1641,185,1,2
1641,186,1,2
1641,187,1,2
1641,188,1,2
1641,189,1,2
1641,190,1,2
1641,191,1,2
1641,192,1,2
1641,193,1,2
1641,194,1,2
1641,195,1,2
1641,196,1,2
1641,197,1,2
1641,198,1,2
1641,199,1,2
1641,200,1,2
1641,201,1,2
1641,202,1,2
1641,203,1,2
1641,204,1,2
1641,205,1,2
1641,206,1,2
1641,207,1,2
1641,208,1,2
1641,209,1,2
1641,210,1,2
1641,211,1,2
1641,212,1,2
1641,213,1,2
1641,214,1,2
1641,215,1,2
1641,216,1,2
1641,217,1,2
1641,218,1,2
1641,219,1,2
1641,220,1,2
1641,221,1,2
1641,222,1,2
1641,223,1,2
1641,224,1,2
1641,225,1,2
1641,226,1,2
1641,227,1,2
1641,228,1,2
1641,229,1,2
1641,230,1,2
1641,231,1,2
1641,232,1,2
1641,233,1,2
1641,234,1,2
1641,235,1,2
1641,236,1,2
1641,237,1,2
1641,238,1,2
1641,239,1,2
1641,240,1,2
1641,241,1,2
1641,242,1,2
1641,243,1,2
1641,244,1,2
1641,245,1,2
1641,246,1,2
1641,247,1,2
1641,248,1,2
1641,249,1,2
1641,250,1,2
1641,251,1,2
1641,252,1,2
1641,253,1,2
1641,254,1,2
1641,255,1,2
1641,256,1,2
1641,257,1,2
1641,258,1,2
1641,259,1,2
1641,260,1,2
1641,261,1,2
1641,262,1,2
1641,263,1,2
1641,264,1,2
1641,265,1,2
1641,266,1,2
1641,267,1,2
1641,268,1,2
1641,269,1,2
1641,270,1,2
1641,271,1,2
1641,272,1,2
1641,273,1,2
1641,274,1,2
1641,275,1,2
1641,276,1,2
1641,277,1,2
1641,278,1,2
1641,279,1,2
1641,280,1,2
1641,281,1,2
1641,282,1,2
1641,283,1,2
1641,284,1,2
1641,285,1,2
1641,286,1,2
1641,287,1,2
1641,288,1,2
1641,289,1,2
1641,290,1,2
1641,291,1,2
1641,292,1,2
1641,293,1,2
1641,294,1,2
1641,295,1,2
1641,296,1,2
1641,297,1,2
1641,298,1,2
1641,299,1,2
1641,300,1,2
1641,301,1,2
1641,302,1,2
1641,303,1,2
1641,304,1,2
1641,305,1,2
1641,306,1,2
1641,307,1,2
1641,308,1,2
1641,309,1,2
1641,310,1,2
1641,311,1,2
1641,312,1,2
1641,313,1,2
1641,314,1,2
1641,315,1,2
1641,316,1,2
1641,317,1,2
1641,318,1,2
1641,319,1,2
1641,320,1,2
1641,321,1,2
1641,322,1,2
1641,323,1,2
1641,324,1,2
1641,325,1,2
1641,326,1,2
1641,327,1,2
1641,328,1,2
1641,329,1,2
1641,330,1,2
1641,331,1,2
1641,332,1,2
1641,333,1,2
1641,334,1,2
1641,335,1,2
1641,336,1,2
1641,337,1,2
1641,338,1,2
1641,339,1,2
1641,340,1,2
1641,341,1,2
1641,342,1,2
1641,343,1,2
1641,344,1,2
1641,345,1,2
1641,346,1,2
1641,347,1,2
1641,348,1,2
1641,349,1,2
1641,350,1,2
1641,351,1,2
1641,352,1,2
1641,353,1,2
1641,354,1,2
1641,355,1,2
1641,356,1,2
1641,357,1,2
1641,358,1,2
1641,359,1,2
1641,360,1,2
1641,361,1,2
1641,362,1,2
1641,363,1,2
1641,364,1,2
1641,365,1,2
1641,366,1,2
1641,367,1,2
1641,368,1,2
1641,369,1,2
1641,370,1,2
1641,371,1,2
1641,372,1,2
1641,373,1,2
1641,374,1,2
1641,375,1,2
1641,376,1,2
1641,377,1,2
1641,378,1,2
1641,379,1,2
1641,380,1,2
1641,381,1,2
1641,382,1,2
1641,383,1,2
1641,384,1,2
1641,385,1,2
1641,386,1,2
1641,387,1,2
1641,388,1,2
1641,389,1,2
1641,390,1,2
1641,391,1,2
1641,392,1,2
1641,393,1,2
1641,394,1,2
1641,395,1,2
1641,396,1,2
1641,397,1,2
1641,398,1,2
1641,399,1,2
1641,400,1,2
1641,401,1,2
1641,402,1,2
1641,403,1,2
1641,404,1,2
1641,405,1,2
1641,406,1,2
1641,407,1,2
1641,408,1,2
1641,409,1,2
1641,410,1,2
1641,411,1,2
1641,412,1,2
1641,413,1,2
1641,414,1,2
1641,415,1,2
1641,416,1,2
1641,417,1,2
1641,418,1,2
1641,419,1,2
1641,420,1,2
1641,421,1,2
1641,422,1,2
1641,423,1,2
1641,424,1,2
1641,425,1,2
1641,426,1,2
1641,427,1,2
1641,428,1,2
1641,429,1,2
1641,430,1,2
1641,431,1,2
1641,432,1,2
1641,433,1,2
1641,434,1,2
1641,435,1,2
1641,436,1,2
1641,437,1,2
1641,438,1,2
1641,439,1,2
1641,440,1,2
1641,441,1,2
1641,442,1,2
1642,116,1,2
1642,117,1,2
1642,118,1,2
1642,119,1,2
1642,120,1,2
1642,121,1,2
1642,122,1,2
1642,123,1,2
1642,124,1,2
1642,125,1,2
1642,126,1,2
1642,127,1,2
1642,128,1,2
1642,129,1,2
1642,130,1,2
1642,131,1,2
1642,132,1,2
1642,133,1,2
1642,134,1,2
1642,135,1,2
1642,136,1,2
1642,137,1,2
1642,138,1,2
1642,139,1,2
1642,140,1,2
1642,141,1,2
1642,142,1,2
1642,143,1,2
1642,144,1,2
1642,145,1,2
1642,146,1,2
1642,147,1,2
1642,148,1,2
1642,149,1,2
1642,150,1,2
1642,151,1,2
1642,152,1,2
1642,153,1,2
1642,154,1,2
1642,155,1,2
1642,156,1,2
1642,157,1,2
1642,158,1,2
1642,159,1,2
1642,160,1,2
1642,161,1,2
1642,162,1,2
1642,163,1,2
1642,164,1,2
1642,165,1,2
1642,166,1,2
1642,167,1,2
1642,168,1,2
1642,169,1,2
1642,170,1,2
1642,171,1,2
1642,172,1,2
1642,173,1,2
1642,174,1,2
1642,175,1,2
1642,176,1,2
1642,177,1,2
1642,178,1,2
1642,179,1,2
1642,180,1,2
1642,181,1,2
1642,182,1,2
1642,183,1,2
1642,184,1,2
1642,185,1,2
1642,186,1,2
1642,187,1,2
1642,188,1,2
1642,189,1,2
1642,190,1,2
1642,191,1,2
1642,192,1,2
1642,193,1,2
1642,194,1,2
1642,195,1,2
1642,196,1,2
1642,197,1,2
1642,198,1,2
1642,199,1,2
1642,200,1,2
1642,201,1,2
1642,202,1,2
1642,203,1,2
1642,204,1,2
1642,205,1,2
1642,206,1,2
1642,207,1,2
1642,208,1,2
1642,209,1,2
1642,210,1,2
1642,211,1,2
1642,212,1,2
1642,213,1,2
1642,214,1,2
1642,215,1,2
1642,216,1,2
1642,217,1,2
1642,218,1,2
1642,219,1,2
1642,220,1,2
1642,221,1,2
1642,222,1,2
1642,223,1,2
1642,224,1,2
1642,225,1,2
1642,226,1,2
1642,227,1,2
1642,228,1,2
1642,229,1,2
1642,230,1,2
1642,231,1,2
1642,232,1,2
1642,233,1,2
1642,234,1,2
1642,235,1,2
1642,236,1,2
1642,237,1,2
1642,238,1,2
1642,239,1,2
1642,240,1,2
1642,241,1,2
1642,242,1,2
1642,243,1,2
1642,244,1,2
1642,245,1,2
1642,246,1,2
1642,247,1,2
1642,248,1,2
1642,249,1,2
1642,250,1,2
1642,251,1,2
1642,252,1,2
1642,253,1,2
1642,254,1,2
1642,255,1,2
1642,256,1,2
1642,257,1,2
1642,258,1,2
1642,259,1,2
1642,260,1,2
1642,261,1,2
1642,262,1,2
1642,263,1,2
1642,264,1,2
1642,265,1,2
1642,266,1,2
1642,267,1,2
1642,268,1,2
1642,269,1,2
1642,270,1,2
1642,271,1,2
1642,272,1,2
1642,273,1,2
1642,274,1,2
1642,275,1,2
1642,276,1,2
1642,277,1,2
1642,278,1,2
1642,279,1,2
1642,280,1,2
1642,281,1,2
1642,282,1,2
1642,283,1,2
1642,284,1,2
1642,285,1,2
1642,286,1,2
1642,287,1,2
1642,288,1,2
1642,289,1,2
1642,290,1,2
1642,291,1,2
1642,292,1,2
1642,293,1,2
1642,294,1,2
1642,295,1,2
1642,296,1,2
1642,297,1,2
1642,298,1,2
1642,299,1,2
1642,300,1,2
1642,301,1,2
1642,302,1,2
1642,303,1,2
1642,304,1,2
1642,305,1,2
1642,306,1,2
1642,307,1,2
1642,308,1,2
1642,309,1,2
1642,310,1,2
1642,311,1,2
1642,312,1,2
1642,313,1,2
1642,314,1,2
1642,315,1,2
1642,316,1,2
1642,317,1,2
1642,318,1,2
1642,319,1,2
1642,320,1,2
1642,321,1,2
1642,322,1,2
1642,323,1,2
1642,324,1,2
1642,325,1,2
1642,326,1,2
1642,327,1,2
1642,328,1,2
1642,329,1,2
1642,330,1,2
1642,331,1,2
1642,332,1,2
1642,333,1,2
1642,334,1,2
1642,335,1,2
1642,336,1,2
1642,337,1,2
1642,338,1,2
1642,339,1,2
1642,340,1,2
1642,341,1,2
1642,342,1,2
1642,343,1,2
1642,344,1,2
1642,345,1,2
1642,346,1,2
1642,347,1,2
1642,348,1,2
1642,349,1,2
1642,350,1,2
1642,351,1,2
1642,352,1,2
1642,353,1,2
1642,354,1,2
1642,355,1,2
1642,356,1,2
1642,357,1,2
1642,358,1,2
1642,359,1,2
1642,360,1,2
1642,361,1,2
1642,362,1,2
1642,363,1,2
1642,364,1,2
1642,365,1,2
1642,366,1,2
1642,367,1,2
1642,368,1,2
1642,369,1,2
1642,370,1,2
1642,371,1,2
1642,372,1,2
1642,373,1,2
1642,374,1,2
1642,375,1,2
1642,376,1,2
1642,377,1,2
1642,378,1,2
1642,379,1,2
1642,380,1,2
1642,381,1,2
1642,382,1,2
1642,383,1,2
1642,384,1,2
1642,385,1,2
1642,386,1,2
1642,387,1,2
1642,388,1,2
1642,389,1,2
1642,390,1,2
1642,391,1,2
1642,392,1,2
1642,393,1,2
1642,394,1,2
1642,395,1,2
1642,396,1,2
1642,397,1,2
1642,398,1,2
1642,399,1,2
1642,400,1,2
1642,401,1,2
1642,402,1,2
1642,403,1,2
1642,404,1,2
1642,405,1,2
1642,406,1,2
1642,407,1,2
1642,408,1,2
1642,409,1,2
1642,410,1,2
1642,411,1,2
1642,412,1,2
1642,413,1,2
1642,414,1,2
1642,415,1,2
1642,416,1,2
1642,417,1,2
1642,418,1,2
1642,419,1,2
1642,420,1,2
1642,421,1,2
1642,422,1,2
1642,423,1,2
1642,424,1,2
1642,425,1,2
1642,426,1,2
1642,427,1,2
1642,428,1,2
1642,429,1,2
1642,430,1,2
1642,431,1,2
1642,432,1,2
1642,433,1,2
1642,434,1,2
1642,435,1,2
1642,436,1,2
1642,437,1,2
1642,438,1,2
1642,439,1,2
1642,440,1,2
1642,441,1,2
1643,116,1,2
1643,117,1,2
1643,118,1,2
1643,119,1,2
1643,120,1,2
1643,121,1,2
1643,122,1,2
1643,123,1,2
1643,124,1,2
1643,125,1,2
1643,126,1,2
1643,127,1,2
1643,128,1,2
1643,129,1,2
1643,130,1,2
1643,131,1,2
1643,132,1,2
1643,133,1,2
1643,134,1,2
1643,135,1,2
1643,136,1,2
1643,137,1,2
1643,138,1,2
1643,139,1,2
1643,140,1,2
1643,141,1,2
1643,142,1,2
1643,143,1,2
1643,144,1,2
1643,145,1,2
1643,146,1,2
1643,147,1,2
1643,148,1,2
1643,149,1,2
1643,150,1,2
1643,151,1,2
1643,152,1,2
1643,153,1,2
1643,154,1,2
1643,155,1,2
1643,156,1,2
1643,157,1,2
1643,158,1,2
1643,159,1,2
1643,160,1,2
1643,161,1,2
1643,162,1,2
1643,163,1,2
1643,164,1,2
1643,165,1,2
1643,166,1,2
1643,167,1,2
1643,168,1,2
1643,169,1,2
1643,170,1,2
1643,171,1,2
1643,172,1,2
1643,173,1,2
1643,174,1,2
1643,175,1,2
1643,176,1,2
1643,177,1,2
1643,178,1,2
1643,179,1,2
1643,180,1,2
1643,181,1,2
1643,182,1,2
1643,183,1,2
1643,184,1,2
1643,185,1,2
1643,186,1,2
1643,187,1,2
1643,188,1,2
1643,189,1,2
1643,190,1,2
1643,191,1,2
1643,192,1,2
1643,193,1,2
1643,194,1,2
1643,195,1,2
1643,196,1,2
1643,197,1,2
1643,198,1,2
1643,199,1,2
1643,200,1,2
1643,201,1,2
1643,202,1,2
1643,203,1,2
1643,204,1,2
1643,205,1,2
1643,206,1,2
1643,207,1,2
1643,208,1,2
1643,209,1,2
1643,210,1,2
1643,211,1,2
1643,212,1,2
1643,213,1,2
1643,214,1,2
1643,215,1,2
1643,216,1,2
1643,217,1,2
1643,218,1,2
1643,219,1,2
1643,220,1,2
1643,221,1,2
1643,222,1,2
1643,223,1,2
1643,224,1,2
1643,225,1,2
1643,226,1,2
1643,227,1,2
1643,228,1,2
1643,229,1,2
1643,230,1,2
1643,231,1,2
1643,232,1,2
1643,233,1,2
1643,234,1,2
1643,235,1,2
1643,236,1,2
1643,237,1,2
1643,238,1,2
1643,239,1,2
1643,240,1,2
1643,241,1,2
1643,242,1,2
1643,243,1,2
1643,244,1,2
1643,245,1,2
1643,246,1,2
1643,247,1,2
1643,248,1,2
1643,249,1,2
1643,250,1,2
1643,251,1,2
1643,252,1,2
1643,253,1,2
1643,254,1,2
1643,255,1,2
1643,256,1,2
1643,257,1,2
1643,258,1,2
1643,259,1,2
1643,260,1,2
1643,261,1,2
1643,262,1,2
1643,263,1,2
1643,264,1,2
1643,265,1,2
1643,266,1,2
1643,267,1,2
1643,268,1,2
1643,269,1,2
1643,270,1,2
1643,271,1,2
1643,272,1,2
1643,273,1,2
1643,274,1,2
1643,275,1,2
1643,276,1,2
1643,277,1,2
1643,278,1,2
1643,279,1,2
1643,280,1,2
1643,281,1,2
1643,282,1,2
1643,283,1,2
1643,284,1,2
1643,285,1,2
1643,286,1,2
1643,287,1,2
1643,288,1,2
1643,289,1,2
1643,290,1,2
1643,291,1,2
1643,292,1,2
1643,293,1,2
1643,294,1,2
1643,295,1,2
1643,296,1,2
1643,297,1,2
1643,298,1,2
1643,299,1,2
1643,300,1,2
1643,301,1,2
1643,302,1,2
1643,303,1,2
1643,304,1,2
1643,305,1,2
1643,306,1,2
1643,307,1,2
1643,308,1,2
1643,309,1,2
1643,310,1,2
1643,311,1,2
1643,312,1,2
1643,313,1,2
1643,314,1,2
1643,315,1,2
1643,316,1,2
1643,317,1,2
1643,318,1,2
1643,319,1,2
1643,320,1,2
1643,321,1,2
1643,322,1,2
1643,323,1,2
1643,324,1,2
1643,325,1,2
1643,326,1,2
1643,327,1,2
1643,328,1,2
1643,329,1,2
1643,330,1,2
1643,331,1,2
1643,332,1,2
1643,333,1,2
1643,334,1,2
1643,335,1,2
1643,336,1,2
1643,337,1,2
1643,338,1,2
1643,339,1,2
1643,340,1,2
1643,341,1,2
1643,342,1,2
1643,343,1,2
1643,344,1,2
1643,345,1,2
1643,346,1,2
1643,347,1,2
1643,348,1,2
1643,349,1,2
1643,350,1,2
1643,351,1,2
1643,352,1,2
1643,353,1,2
1643,354,1,2
1643,355,1,2
1643,356,1,2
1643,357,1,2
1643,358,1,2
1643,359,1,2
1643,360,1,2
1643,361,1,2
1643,362,1,2
1643,363,1,2
1643,364,1,2
1643,365,1,2
1643,366,1,2
1643,367,1,2
1643,368,1,2
1643,369,1,2
1643,370,1,2
1643,371,1,2
1643,372,1,2
1643,373,1,2
1643,374,1,2
1643,375,1,2
1643,376,1,2
1643,377,1,2
1643,378,1,2
1643,379,1,2
1643,380,1,2
1643,381,1,2
1643,382,1,2
1643,383,1,2
1643,384,1,2
1643,385,1,2
1643,386,1,2
1643,387,1,2
1643,388,1,2
1643,389,1,2
1643,390,1,2
1643,391,1,2
1643,392,1,2
1643,393,1,2
1643,394,1,2
1643,395,1,2
1643,396,1,2
1643,397,1,2
1643,398,1,2
1643,399,1,2
1643,400,1,2
1643,401,1,2
1643,402,1,2
1643,403,1,2
1643,404,1,2
1643,405,1,2
1643,406,1,2
1643,407,1,2
1643,408,1,2
1643,409,1,2
1643,410,1,2
1643,411,1,2
1643,412,1,2
1643,413,1,2
1643,414,1,2
1643,415,1,2
1643,416,1,2
1643,417,1,2
1643,418,1,2
1643,419,1,2
1643,420,1,2
1643,421,1,2
1643,422,1,2
1643,423,1,2
1643,424,1,2
1643,425,1,2
1643,426,1,2
1643,427,1,2
1643,428,1,2
1643,429,1,2
1643,430,1,2
1643,431,1,2
1643,432,1,2
1643,433,1,2
1643,434,1,2
1643,435,1,2
1643,436,1,2
1643,437,1,2
1643,438,1,2
1644,117,1,2
1644,118,1,2
1644,119,1,2
1644,120,1,2
1644,121,1,2
1644,122,1,2
1644,123,1,2
1644,124,1,2
1644,125,1,2
1644,126,1,2
1644,127,1,2
1644,128,1,2
1644,129,1,2
1644,130,1,2
1644,131,1,2
1644,132,1,2
1644,133,1,2
1644,134,1,2
1644,135,1,2
1644,136,1,2
1644,137,1,2
1644,138,1,2
1644,139,1,2
1644,140,1,2
1644,141,1,2
1644,142,1,2
1644,143,1,2
1644,144,1,2
1644,145,1,2
1644,146,1,2
1644,147,1,2
1644,148,1,2
1644,149,1,2
1644,150,1,2
1644,151,1,2
1644,152,1,2
1644,153,1,2
1644,154,1,2
1644,155,1,2
1644,156,1,2
1644,157,1,2
1644,158,1,2
1644,159,1,2
1644,160,1,2
1644,161,1,2
1644,162,1,2
1644,163,1,2
1644,164,1,2
1644,165,1,2
1644,166,1,2
1644,167,1,2
1644,168,1,2
1644,169,1,2
1644,170,1,2
1644,171,1,2
1644,172,1,2
1644,173,1,2
1644,174,1,2
1644,175,1,2
1644,176,1,2
1644,177,1,2
1644,178,1,2
1644,179,1,2
1644,180,1,2
1644,181,1,2
1644,182,1,2
1644,183,1,2
1644,184,1,2
1644,185,1,2
1644,186,1,2
1644,187,1,2
1644,188,1,2
1644,189,1,2
1644,190,1,2
1644,191,1,2
1644,192,1,2
1644,193,1,2
1644,194,1,2
1644,195,1,2
1644,196,1,2
1644,197,1,2
1644,198,1,2
1644,199,1,2
1644,200,1,2
1644,201,1,2
1644,202,1,2
1644,203,1,2
1644,204,1,2
1644,205,1,2
1644,206,1,2
1644,207,1,2
1644,208,1,2
1644,209,1,2
1644,210,1,2
1644,211,1,2
1644,212,1,2
1644,213,1,2
1644,214,1,2
1644,215,1,2
1644,216,1,2
1644,217,1,2
1644,218,1,2
1644,219,1,2
1644,220,1,2
1644,221,1,2
1644,222,1,2
1644,223,1,2
1644,224,1,2
1644,225,1,2
1644,226,1,2
1644,227,1,2
1644,228,1,2
1644,229,1,2
1644,230,1,2
1644,231,1,2
1644,232,1,2
1644,233,1,2
1644,234,1,2
1644,235,1,2
1644,236,1,2
1644,237,1,2
1644,238,1,2
1644,239,1,2
1644,240,1,2
1644,241,1,2
1644,242,1,2
1644,243,1,2
1644,244,1,2
1644,245,1,2
1644,246,1,2
1644,247,1,2
1644,248,1,2
1644,249,1,2
1644,250,1,2
1644,251,1,2
1644,252,1,2
1644,253,1,2
1644,254,1,2
1644,255,1,2
1644,256,1,2
1644,257,1,2
1644,258,1,2
1644,259,1,2
1644,260,1,2
1644,261,1,2
1644,262,1,2
1644,263,1,2
1644,264,1,2
1644,265,1,2
1644,266,1,2
1644,267,1,2
1644,268,1,2
1644,269,1,2
1644,270,1,2
1644,271,1,2
1644,272,1,2
1644,273,1,2
1644,274,1,2
1644,275,1,2
1644,276,1,2
1644,277,1,2
1644,278,1,2
1644,279,1,2
1644,280,1,2
1644,281,1,2
1644,282,1,2
1644,283,1,2
1644,284,1,2
1644,285,1,2
1644,286,1,2
1644,287,1,2
1644,288,1,2
1644,289,1,2
1644,290,1,2
1644,291,1,2
1644,292,1,2
1644,293,1,2
1644,294,1,2
1644,295,1,2
1644,296,1,2
1644,297,1,2
1644,298,1,2
1644,299,1,2
1644,300,1,2
1644,301,1,2
1644,302,1,2
1644,303,1,2
1644,304,1,2
1644,305,1,2
1644,306,1,2
1644,307,1,2
1644,308,1,2
1644,309,1,2
1644,310,1,2
1644,311,1,2
1644,312,1,2
1644,313,1,2
1644,314,1,2
1644,315,1,2
1644,316,1,2
1644,317,1,2
1644,318,1,2
1644,319,1,2
1644,320,1,2
1644,321,1,2
1644,322,1,2
1644,323,1,2
1644,324,1,2
1644,325,1,2
1644,326,1,2
1644,327,1,2
1644,328,1,2
1644,329,1,2
1644,330,1,2
1644,331,1,2
1644,332,1,2
1644,333,1,2
1644,334,1,2
1644,335,1,2
1644,336,1,2
1644,337,1,2
1644,338,1,2
1644,339,1,2
1644,340,1,2
1644,341,1,2
1644,342,1,2
1644,343,1,2
1644,344,1,2
1644,345,1,2
1644,346,1,2
1644,347,1,2
1644,348,1,2
1644,349,1,2
1644,350,1,2
1644,351,1,2
1644,352,1,2
1644,353,1,2
1644,354,1,2
1644,355,1,2
1644,356,1,2
1644,357,1,2
1644,358,1,2
1644,359,1,2
1644,360,1,2
1644,361,1,2
1644,362,1,2
1644,363,1,2
1644,364,1,2
1644,365,1,2
1644,366,1,2
1644,367,1,2
1644,368,1,2
1644,369,1,2
1644,370,1,2
1644,371,1,2
1644,372,1,2
1644,373,1,2
1644,374,1,2
1644,375,1,2
1644,376,1,2
1644,377,1,2
1644,378,1,2
1644,379,1,2
1644,380,1,2
1644,381,1,2
1644,382,1,2
1644,383,1,2
1644,384,1,2
1644,385,1,2
1644,386,1,2
1644,387,1,2
1644,388,1,2
1644,389,1,2
1644,390,1,2
1644,391,1,2
1644,392,1,2
1644,393,1,2
1644,394,1,2
1644,395,1,2
1644,396,1,2
1644,397,1,2
1644,398,1,2
1644,399,1,2
1644,400,1,2
1644,401,1,2
1644,402,1,2
1644,403,1,2
1644,404,1,2
1644,405,1,2
1644,406,1,2
1644,407,1,2
1644,408,1,2
1644,409,1,2
1644,410,1,2
1644,411,1,2
1644,412,1,2
1644,413,1,2
1644,414,1,2
1644,415,1,2
1644,416,1,2
1644,417,1,2
1644,418,1,2
1644,419,1,2
1644,420,1,2
1644,421,1,2
1644,422,1,2
1644,423,1,2
1644,424,1,2
1644,425,1,2
1644,426,1,2
1644,427,1,2
1644,428,1,2
1644,429,1,2
1644,430,1,2
1644,431,1,2
1644,432,1,2
1644,433,1,2
1644,434,1,2
1644,435,1,2
1644,436,1,2
1644,437,1,2
1644,438,1,2
1645,118,1,2
1645,119,1,2
1645,120,1,2
1645,121,1,2
1645,122,1,2
1645,123,1,2
1645,124,1,2
1645,125,1,2
1645,126,1,2
1645,127,1,2
1645,128,1,2
1645,129,1,2
1645,130,1,2
1645,131,1,2
1645,132,1,2
1645,133,1,2
1645,134,1,2
1645,135,1,2
1645,136,1,2
1645,137,1,2
1645,138,1,2
1645,139,1,2
1645,140,1,2
1645,141,1,2
1645,142,1,2
1645,143,1,2
1645,144,1,2
1645,145,1,2
1645,146,1,2
1645,147,1,2
1645,148,1,2
1645,149,1,2
1645,150,1,2
1645,151,1,2
1645,152,1,2
1645,153,1,2
1645,154,1,2
1645,155,1,2
1645,156,1,2
1645,157,1,2
1645,158,1,2
1645,159,1,2
1645,160,1,2
1645,161,1,2
1645,162,1,2
1645,163,1,2
1645,164,1,2
1645,165,1,2
1645,166,1,2
1645,167,1,2
1645,168,1,2
1645,169,1,2
1645,170,1,2
1645,171,1,2
1645,172,1,2
1645,173,1,2
1645,174,1,2
1645,175,1,2
1645,176,1,2
1645,177,1,2
1645,178,1,2
1645,179,1,2
1645,180,1,2
1645,181,1,2
1645,182,1,2
1645,183,1,2
1645,184,1,2
1645,185,1,2
1645,186,1,2
1645,187,1,2
1645,188,1,2
1645,189,1,2
1645,190,1,2
1645,191,1,2
1645,192,1,2
1645,193,1,2
1645,194,1,2
1645,195,1,2
1645,196,1,2
1645,197,1,2
1645,198,1,2
1645,199,1,2
1645,200,1,2
1645,201,1,2
1645,202,1,2
1645,203,1,2
1645,204,1,2
1645,205,1,2
1645,206,1,2
1645,207,1,2
1645,208,1,2
1645,209,1,2
1645,210,1,2
1645,211,1,2
1645,212,1,2
1645,213,1,2
1645,214,1,2
1645,215,1,2
1645,216,1,2
1645,217,1,2
1645,218,1,2
1645,219,1,2
1645,220,1,2
1645,221,1,2
1645,222,1,2
1645,223,1,2
1645,224,1,2
1645,225,1,2
1645,226,1,2
1645,227,1,2
1645,228,1,2
1645,229,1,2
1645,230,1,2
1645,231,1,2
1645,232,1,2
1645,233,1,2
1645,234,1,2
1645,235,1,2
1645,236,1,2
1645,237,1,2
1645,238,1,2
1645,239,1,2
1645,240,1,2
1645,241,1,2
1645,242,1,2
1645,243,1,2
1645,244,1,2
1645,245,1,2
1645,246,1,2
1645,247,1,2
1645,248,1,2
1645,249,1,2
1645,250,1,2
1645,251,1,2
1645,252,1,2
1645,253,1,2
1645,254,1,2
1645,255,1,2
1645,256,1,2
1645,257,1,2
1645,258,1,2
1645,259,1,2
1645,260,1,2
1645,261,1,2
1645,262,1,2
1645,263,1,2
1645,264,1,2
1645,265,1,2
1645,266,1,2
1645,267,1,2
1645,268,1,2
1645,269,1,2
1645,270,1,2
1645,271,1,2
1645,272,1,2
1645,273,1,2
1645,274,1,2
1645,275,1,2
1645,276,1,2
1645,277,1,2
1645,278,1,2
1645,279,1,2
1645,280,1,2
1645,281,1,2
1645,282,1,2
1645,283,1,2
1645,284,1,2
1645,285,1,2
1645,286,1,2
1645,287,1,2
1645,288,1,2
1645,289,1,2
1645,290,1,2
1645,291,1,2
1645,292,1,2
1645,293,1,2
1645,294,1,2
1645,295,1,2
1645,296,1,2
1645,297,1,2
1645,298,1,2
1645,299,1,2
1645,300,1,2
1645,301,1,2
1645,302,1,2
1645,303,1,2
1645,304,1,2
1645,305,1,2
1645,306,1,2
1645,307,1,2
1645,308,1,2
1645,309,1,2
1645,310,1,2
1645,311,1,2
1645,312,1,2
1645,313,1,2
1645,314,1,2
1645,315,1,2
1645,316,1,2
1645,317,1,2
1645,318,1,2
1645,319,1,2
1645,320,1,2
1645,321,1,2
1645,322,1,2
1645,323,1,2
1645,324,1,2
1645,325,1,2
1645,326,1,2
1645,327,1,2
1645,328,1,2
1645,329,1,2
1645,330,1,2
1645,331,1,2
1645,332,1,2
1645,333,1,2
1645,334,1,2
1645,335,1,2
1645,336,1,2
1645,337,1,2
1645,338,1,2
1645,339,1,2
1645,340,1,2
1645,341,1,2
1645,342,1,2
1645,343,1,2
1645,344,1,2
1645,345,1,2
1645,346,1,2
1645,347,1,2
1645,348,1,2
1645,349,1,2
1645,350,1,2
1645,351,1,2
1645,352,1,2
1645,353,1,2
1645,354,1,2
1645,355,1,2
1645,356,1,2
1645,357,1,2
1645,358,1,2
1645,359,1,2
1645,360,1,2
1645,361,1,2
1645,362,1,2
1645,363,1,2
1645,364,1,2
1645,365,1,2
1645,366,1,2
1645,367,1,2
1645,368,1,2
1645,369,1,2
1645,370,1,2
1645,371,1,2
1645,372,1,2
1645,373,1,2
1645,374,1,2
1645,375,1,2
1645,376,1,2
1645,377,1,2
1645,378,1,2
1645,379,1,2
1645,380,1,2
1645,381,1,2
1645,382,1,2
1645,383,1,2
1645,384,1,2
1645,385,1,2
1645,386,1,2
1645,387,1,2
1645,388,1,2
1645,389,1,2
1645,390,1,2
1645,391,1,2
1645,392,1,2
1645,393,1,2
1645,394,1,2
1645,395,1,2
1645,396,1,2
1645,397,1,2
1645,398,1,2
1645,399,1,2
1645,400,1,2
1645,401,1,2
1645,402,1,2
1645,403,1,2
1645,404,1,2
1645,405,1,2
1645,406,1,2
1645,407,1,2
1645,408,1,2
1645,409,1,2
1645,410,1,2
1645,411,1,2
1645,412,1,2
1645,413,1,2
1645,414,1,2
1645,415,1,2
1645,416,1,2
1645,417,1,2
1645,418,1,2
1645,419,1,2
1645,420,1,2
1645,421,1,2
1645,422,1,2
1645,423,1,2
1645,424,1,2
1645,425,1,2
1645,426,1,2
1645,427,1,2
1645,428,1,2
1645,429,1,2
1645,430,1,2
1645,431,1,2
1645,432,1,2
1645,433,1,2
1645,434,1,2
1645,435,1,2
1645,436,1,2
1645,437,1,2
1646,118,1,2
1646,119,1,2
1646,120,1,2
1646,121,1,2
1646,122,1,2
1646,123,1,2
1646,124,1,2
1646,125,1,2
1646,126,1,2
1646,127,1,2
1646,128,1,2
1646,129,1,2
1646,130,1,2
1646,131,1,2
1646,132,1,2
1646,133,1,2
1646,134,1,2
1646,135,1,2
1646,136,1,2
1646,137,1,2
1646,138,1,2
1646,139,1,2
1646,140,1,2
1646,141,1,2
1646,142,1,2
1646,143,1,2
1646,144,1,2
1646,145,1,2
1646,146,1,2
1646,147,1,2
1646,148,1,2
1646,149,1,2
1646,150,1,2
1646,151,1,2
1646,152,1,2
1646,153,1,2
1646,154,1,2
1646,155,1,2
1646,156,1,2
1646,157,1,2
1646,158,1,2
1646,159,1,2
1646,160,1,2
1646,161,1,2
1646,162,1,2
1646,163,1,2
1646,164,1,2
1646,165,1,2
1646,166,1,2
1646,167,1,2
1646,168,1,2
1646,169,1,2
1646,170,1,2
1646,171,1,2
1646,172,1,2
1646,173,1,2
1646,174,1,2
1646,175,1,2
1646,176,1,2
1646,177,1,2
1646,178,1,2
1646,179,1,2
1646,180,1,2
1646,181,1,2
1646,182,1,2
1646,183,1,2
1646,184,1,2
1646,185,1,2
1646,186,1,2
1646,187,1,2
1646,188,1,2
1646,189,1,2
1646,190,1,2
1646,191,1,2
1646,192,1,2
1646,193,1,2
1646,194,1,2
1646,195,1,2
1646,196,1,2
1646,197,1,2
1646,198,1,2
1646,199,1,2
1646,200,1,2
1646,201,1,2
1646,202,1,2
1646,203,1,2
1646,204,1,2
1646,205,1,2
1646,206,1,2
1646,207,1,2
1646,208,1,2
1646,209,1,2
1646,210,1,2
1646,211,1,2
1646,212,1,2
1646,213,1,2
1646,214,1,2
1646,215,1,2
1646,216,1,2
1646,217,1,2
1646,218,1,2
1646,219,1,2
1646,220,1,2
1646,221,1,2
1646,222,1,2
1646,223,1,2
1646,224,1,2
1646,225,1,2
1646,226,1,2
1646,227,1,2
1646,228,1,2
1646,229,1,2
1646,230,1,2
1646,231,1,2
1646,232,1,2
1646,233,1,2
1646,234,1,2
1646,235,1,2
1646,236,1,2
1646,237,1,2
1646,238,1,2
1646,239,1,2
1646,240,1,2
1646,241,1,2
1646,242,1,2
1646,243,1,2
1646,244,1,2
1646,245,1,2
1646,246,1,2
1646,247,1,2
1646,248,1,2
1646,249,1,2
1646,250,1,2
1646,251,1,2
1646,252,1,2
1646,253,1,2
1646,254,1,2
1646,255,1,2
1646,256,1,2
1646,257,1,2
1646,258,1,2
1646,259,1,2
1646,260,1,2
1646,261,1,2
1646,262,1,2
1646,263,1,2
1646,264,1,2
1646,265,1,2
1646,266,1,2
1646,267,1,2
1646,268,1,2
1646,269,1,2
1646,270,1,2
1646,271,1,2
1646,272,1,2
1646,273,1,2
1646,274,1,2
1646,275,1,2
1646,276,1,2
1646,277,1,2
1646,278,1,2
1646,279,1,2
1646,280,1,2
1646,281,1,2
1646,282,1,2
1646,283,1,2
1646,284,1,2
1646,285,1,2
1646,286,1,2
1646,287,1,2
1646,288,1,2
1646,289,1,2
1646,290,1,2
1646,291,1,2
1646,292,1,2
1646,293,1,2
1646,294,1,2
1646,295,1,2
1646,296,1,2
1646,297,1,2
1646,298,1,2
1646,299,1,2
1646,300,1,2
1646,301,1,2
1646,302,1,2
1646,303,1,2
1646,304,1,2
1646,305,1,2
1646,306,1,2
1646,307,1,2
1646,308,1,2
1646,309,1,2
1646,310,1,2
1646,311,1,2
1646,312,1,2
1646,313,1,2
1646,314,1,2
1646,315,1,2
1646,316,1,2
1646,317,1,2
1646,318,1,2
1646,319,1,2
1646,320,1,2
1646,321,1,2
1646,322,1,2
1646,323,1,2
1646,324,1,2
1646,325,1,2
1646,326,1,2
1646,327,1,2
1646,328,1,2
1646,329,1,2
1646,330,1,2
1646,331,1,2
1646,332,1,2
1646,333,1,2
1646,334,1,2
1646,335,1,2
1646,336,1,2
1646,337,1,2
1646,338,1,2
1646,339,1,2
1646,340,1,2
1646,341,1,2
1646,342,1,2
1646,343,1,2
1646,344,1,2
1646,345,1,2
1646,346,1,2
1646,347,1,2
1646,348,1,2
1646,349,1,2
1646,350,1,2
1646,351,1,2
1646,352,1,2
1646,353,1,2
1646,354,1,2
1646,355,1,2
1646,356,1,2
1646,357,1,2
1646,358,1,2
1646,359,1,2
1646,360,1,2
1646,361,1,2
1646,362,1,2
1646,363,1,2
1646,364,1,2
1646,365,1,2
1646,366,1,2
1646,367,1,2
1646,368,1,2
1646,369,1,2
1646,370,1,2
1646,371,1,2
1646,372,1,2
1646,373,1,2
1646,374,1,2
1646,375,1,2
1646,376,1,2
1646,377,1,2
1646,378,1,2
1646,379,1,2
1646,380,1,2
1646,381,1,2
1646,382,1,2
1646,383,1,2
1646,384,1,2
1646,385,1,2
1646,386,1,2
1646,387,1,2
1646,388,1,2
1646,389,1,2
1646,390,1,2
1646,391,1,2
1646,392,1,2
1646,393,1,2
1646,394,1,2
1646,395,1,2
1646,396,1,2
1646,397,1,2
1646,398,1,2
1646,399,1,2
1646,400,1,2
1646,401,1,2
1646,402,1,2
1646,403,1,2
1646,404,1,2
1646,405,1,2
1646,406,1,2
1646,407,1,2
1646,408,1,2
1646,409,1,2
1646,410,1,2
1646,411,1,2
1646,412,1,2
1646,413,1,2
1646,414,1,2
1646,415,1,2
1646,416,1,2
1646,417,1,2
1646,418,1,2
1646,419,1,2
1646,420,1,2
1646,421,1,2
1646,422,1,2
1646,423,1,2
1646,424,1,2
1646,425,1,2
1646,426,1,2
1646,427,1,2
1646,428,1,2
1646,429,1,2
1646,430,1,2
1646,431,1,2
1646,432,1,2
1646,433,1,2
1646,434,1,2
1646,435,1,2
1647,118,1,2
1647,119,1,2
1647,120,1,2
1647,121,1,2
1647,122,1,2
1647,123,1,2
1647,124,1,2
1647,125,1,2
1647,126,1,2
1647,127,1,2
1647,128,1,2
1647,129,1,2
1647,130,1,2
1647,131,1,2
1647,132,1,2
1647,133,1,2
1647,134,1,2
1647,135,1,2
1647,136,1,2
1647,137,1,2
1647,138,1,2
1647,139,1,2
1647,140,1,2
1647,141,1,2
1647,142,1,2
1647,143,1,2
1647,144,1,2
1647,145,1,2
1647,146,1,2
1647,147,1,2
1647,148,1,2
1647,149,1,2
1647,150,1,2
1647,151,1,2
1647,152,1,2
1647,153,1,2
1647,154,1,2
1647,155,1,2
1647,156,1,2
1647,157,1,2
1647,158,1,2
1647,159,1,2
1647,160,1,2
1647,161,1,2
1647,162,1,2
1647,163,1,2
1647,164,1,2
1647,165,1,2
1647,166,1,2
1647,167,1,2
1647,168,1,2
1647,169,1,2
1647,170,1,2
1647,171,1,2
1647,172,1,2
1647,173,1,2
1647,174,1,2
1647,175,1,2
1647,176,1,2
1647,177,1,2
1647,178,1,2
1647,179,1,2
1647,180,1,2
1647,181,1,2
1647,182,1,2
1647,183,1,2
1647,184,1,2
1647,185,1,2
1647,186,1,2
1647,187,1,2
1647,188,1,2
1647,189,1,2
1647,190,1,2
1647,191,1,2
1647,192,1,2
1647,193,1,2
1647,194,1,2
1647,195,1,2
1647,196,1,2
1647,197,1,2
1647,198,1,2
1647,199,1,2
1647,200,1,2
1647,201,1,2
1647,202,1,2
1647,203,1,2
1647,204,1,2
1647,205,1,2
1647,206,1,2
1647,207,1,2
1647,208,1,2
1647,209,1,2
1647,210,1,2
1647,211,1,2
1647,212,1,2
1647,213,1,2
1647,214,1,2
1647,215,1,2
1647,216,1,2
1647,217,1,2
1647,218,1,2
1647,219,1,2
1647,220,1,2
1647,221,1,2
1647,222,1,2
1647,223,1,2
1647,224,1,2
1647,225,1,2
1647,226,1,2
1647,227,1,2
1647,228,1,2
1647,229,1,2
1647,230,1,2
1647,231,1,2
1647,232,1,2
1647,233,1,2
1647,234,1,2
1647,235,1,2
1647,236,1,2
1647,237,1,2
1647,238,1,2
1647,239,1,2
1647,240,1,2
1647,241,1,2
1647,242,1,2
1647,243,1,2
1647,244,1,2
1647,245,1,2
1647,246,1,2
1647,247,1,2
1647,248,1,2
1647,249,1,2
1647,250,1,2
1647,251,1,2
1647,252,1,2
1647,253,1,2
1647,254,1,2
1647,255,1,2
1647,256,1,2
1647,257,1,2
1647,258,1,2
1647,259,1,2
1647,260,1,2
1647,261,1,2
1647,262,1,2
1647,263,1,2
1647,264,1,2
1647,265,1,2
1647,266,1,2
1647,267,1,2
1647,268,1,2
1647,269,1,2
1647,270,1,2
1647,271,1,2
1647,272,1,2
1647,273,1,2
1647,274,1,2
1647,275,1,2
1647,276,1,2
1647,277,1,2
1647,278,1,2
1647,279,1,2
1647,280,1,2
1647,281,1,2
1647,282,1,2
1647,283,1,2
1647,284,1,2
1647,285,1,2
1647,286,1,2
1647,287,1,2
1647,288,1,2
1647,289,1,2
1647,290,1,2
1647,291,1,2
1647,292,1,2
1647,293,1,2
1647,294,1,2
1647,295,1,2
1647,296,1,2
1647,297,1,2
1647,298,1,2
1647,299,1,2
1647,300,1,2
1647,301,1,2
1647,302,1,2
1647,303,1,2
1647,304,1,2
1647,305,1,2
1647,306,1,2
1647,307,1,2
1647,308,1,2
1647,309,1,2
1647,310,1,2
1647,311,1,2
1647,312,1,2
1647,313,1,2
1647,314,1,2
1647,315,1,2
1647,316,1,2
1647,317,1,2
1647,318,1,2
1647,319,1,2
1647,320,1,2
1647,321,1,2
1647,322,1,2
1647,323,1,2
1647,324,1,2
1647,325,1,2
1647,326,1,2
1647,327,1,2
1647,328,1,2
1647,329,1,2
1647,330,1,2
1647,331,1,2
1647,332,1,2
1647,333,1,2
1647,334,1,2
1647,335,1,2
1647,336,1,2
1647,337,1,2
1647,338,1,2
1647,339,1,2
1647,340,1,2
1647,341,1,2
1647,342,1,2
1647,343,1,2
1647,344,1,2
1647,345,1,2
1647,346,1,2
1647,347,1,2
1647,348,1,2
1647,349,1,2
1647,350,1,2
1647,351,1,2
1647,352,1,2
1647,353,1,2
1647,354,1,2
1647,355,1,2
1647,356,1,2
1647,357,1,2
1647,358,1,2
1647,359,1,2
1647,360,1,2
1647,361,1,2
1647,362,1,2
1647,363,1,2
1647,364,1,2
1647,365,1,2
1647,366,1,2
1647,367,1,2
1647,368,1,2
1647,369,1,2
1647,370,1,2
1647,371,1,2
1647,372,1,2
1647,373,1,2
1647,374,1,2
1647,375,1,2
1647,376,1,2
1647,377,1,2
1647,378,1,2
1647,379,1,2
1647,380,1,2
1647,381,1,2
1647,382,1,2
1647,383,1,2
1647,384,1,2
1647,385,1,2
1647,386,1,2
1647,387,1,2
1647,388,1,2
1647,389,1,2
1647,390,1,2
1647,391,1,2
1647,392,1,2
1647,393,1,2
1647,394,1,2
1647,395,1,2
1647,396,1,2
1647,397,1,2
1647,398,1,2
1647,399,1,2
1647,400,1,2
1647,401,1,2
1647,402,1,2
1647,403,1,2
1647,404,1,2
1647,405,1,2
1647,406,1,2
1647,407,1,2
1647,408,1,2
1647,409,1,2
1647,410,1,2
1647,411,1,2
1647,412,1,2
1647,413,1,2
1647,414,1,2
1647,415,1,2
1647,416,1,2
1647,417,1,2
1647,418,1,2
1647,419,1,2
1647,420,1,2
1647,421,1,2
1647,422,1,2
1647,423,1,2
1647,424,1,2
1647,425,1,2
1647,426,1,2
1647,427,1,2
1647,428,1,2
1647,429,1,2
1647,430,1,2
1647,431,1,2
1647,432,1,2
1647,433,1,2
1647,434,1,2
1648,119,1,2
1648,120,1,2
1648,121,1,2
1648,122,1,2
1648,123,1,2
1648,124,1,2
1648,125,1,2
1648,126,1,2
1648,127,1,2
1648,128,1,2
1648,129,1,2
1648,130,1,2
1648,131,1,2
1648,132,1,2
1648,133,1,2
1648,134,1,2
1648,135,1,2
1648,136,1,2
1648,137,1,2
1648,138,1,2
1648,139,1,2
1648,140,1,2
1648,141,1,2
1648,142,1,2
1648,143,1,2
1648,144,1,2
1648,145,1,2
1648,146,1,2
1648,147,1,2
1648,148,1,2
1648,149,1,2
1648,150,1,2
1648,151,1,2
1648,152,1,2
1648,153,1,2
1648,154,1,2
1648,155,1,2
1648,156,1,2
1648,157,1,2
1648,158,1,2
1648,159,1,2
1648,160,1,2
1648,161,1,2
1648,162,1,2
1648,163,1,2
1648,164,1,2
1648,165,1,2
1648,166,1,2
1648,167,1,2
1648,168,1,2
1648,169,1,2
1648,170,1,2
1648,171,1,2
1648,172,1,2
1648,173,1,2
1648,174,1,2
1648,175,1,2
1648,176,1,2
1648,177,1,2
1648,178,1,2
1648,179,1,2
1648,180,1,2
1648,181,1,2
1648,182,1,2
1648,183,1,2
1648,184,1,2
1648,185,1,2
1648,186,1,2
1648,187,1,2
1648,188,1,2
1648,189,1,2
1648,190,1,2
1648,191,1,2
1648,192,1,2
1648,193,1,2
1648,194,1,2
1648,195,1,2
1648,196,1,2
1648,197,1,2
1648,198,1,2
1648,199,1,2
1648,200,1,2
1648,201,1,2
1648,202,1,2
1648,203,1,2
1648,204,1,2
1648,205,1,2
1648,206,1,2
1648,207,1,2
1648,208,1,2
1648,209,1,2
1648,210,1,2
1648,211,1,2
1648,212,1,2
1648,213,1,2
1648,214,1,2
1648,215,1,2
1648,216,1,2
1648,217,1,2
1648,218,1,2
1648,219,1,2
1648,220,1,2
1648,221,1,2
1648,222,1,2
1648,223,1,2
1648,224,1,2
1648,225,1,2
1648,226,1,2
1648,227,1,2
1648,228,1,2
1648,229,1,2
1648,230,1,2
1648,231,1,2
1648,232,1,2
1648,233,1,2
1648,234,1,2
1648,235,1,2
1648,236,1,2
1648,237,1,2
1648,238,1,2
1648,239,1,2
1648,240,1,2
1648,241,1,2
1648,242,1,2
1648,243,1,2
1648,244,1,2
1648,245,1,2
1648,246,1,2
1648,247,1,2
1648,248,1,2
1648,249,1,2
1648,250,1,2
1648,251,1,2
1648,252,1,2
1648,253,1,2
1648,254,1,2
1648,255,1,2
1648,256,1,2
1648,257,1,2
1648,258,1,2
1648,259,1,2
1648,260,1,2
1648,261,1,2
1648,262,1,2
1648,263,1,2
1648,264,1,2
1648,265,1,2
1648,266,1,2
1648,267,1,2
1648,268,1,2
1648,269,1,2
1648,270,1,2
1648,271,1,2
1648,272,1,2
1648,273,1,2
1648,274,1,2
1648,275,1,2
1648,276,1,2
1648,277,1,2
1648,278,1,2
1648,279,1,2
1648,280,1,2
1648,281,1,2
1648,282,1,2
1648,283,1,2
1648,284,1,2
1648,285,1,2
1648,286,1,2
1648,287,1,2
1648,288,1,2
1648,289,1,2
1648,290,1,2
1648,291,1,2
1648,292,1,2
1648,293,1,2
1648,294,1,2
1648,295,1,2
1648,296,1,2
1648,297,1,2
1648,298,1,2
1648,299,1,2
1648,300,1,2
1648,301,1,2
1648,302,1,2
1648,303,1,2
1648,304,1,2
1648,305,1,2
1648,306,1,2
1648,307,1,2
1648,308,1,2
1648,309,1,2
1648,310,1,2
1648,311,1,2
1648,312,1,2
1648,313,1,2
1648,314,1,2
1648,315,1,2
1648,316,1,2
1648,317,1,2
1648,318,1,2
1648,319,1,2
1648,320,1,2
1648,321,1,2
1648,322,1,2
1648,323,1,2
1648,324,1,2
1648,325,1,2
1648,326,1,2
1648,327,1,2
1648,328,1,2
1648,329,1,2
1648,330,1,2
1648,331,1,2
1648,332,1,2
1648,333,1,2
1648,334,1,2
1648,335,1,2
1648,336,1,2
1648,337,1,2
1648,338,1,2
1648,339,1,2
1648,340,1,2
1648,341,1,2
1648,342,1,2
1648,343,1,2
1648,344,1,2
1648,345,1,2
1648,346,1,2
1648,347,1,2
1648,348,1,2
1648,349,1,2
1648,350,1,2
1648,351,1,2
1648,352,1,2
1648,353,1,2
1648,354,1,2
1648,355,1,2
1648,356,1,2
1648,357,1,2
1648,358,1,2
1648,359,1,2
1648,360,1,2
1648,361,1,2
1648,362,1,2
1648,363,1,2
1648,364,1,2
1648,365,1,2
1648,366,1,2
1648,367,1,2
1648,368,1,2
1648,369,1,2
1648,370,1,2
1648,371,1,2
1648,372,1,2
1648,373,1,2
1648,374,1,2
1648,375,1,2
1648,376,1,2
1648,377,1,2
1648,378,1,2
1648,379,1,2
1648,380,1,2
1648,381,1,2
1648,382,1,2
1648,383,1,2
1648,384,1,2
1648,385,1,2
1648,386,1,2
1648,387,1,2
1648,388,1,2
1648,389,1,2
1648,390,1,2
1648,391,1,2
1648,392,1,2
1648,393,1,2
1648,394,1,2
1648,395,1,2
1648,396,1,2
1648,397,1,2
1648,398,1,2
1648,399,1,2
1648,400,1,2
1648,401,1,2
1648,402,1,2
1648,403,1,2
1648,404,1,2
1648,405,1,2
1648,406,1,2
1648,407,1,2
1648,408,1,2
1648,409,1,2
1648,410,1,2
1648,411,1,2
1648,412,1,2
1648,413,1,2
1648,414,1,2
1648,415,1,2
1648,416,1,2
1648,417,1,2
1648,418,1,2
1648,419,1,2
1648,420,1,2
1648,421,1,2
1648,422,1,2
1648,423,1,2
1648,424,1,2
1648,425,1,2
1648,426,1,2
1648,427,1,2
1648,428,1,2
1648,429,1,2
1648,430,1,2
1648,431,1,2
1648,432,1,2
1649,119,1,2
1649,120,1,2
1649,121,1,2
1649,122,1,2
1649,123,1,2
1649,124,1,2
1649,125,1,2
1649,126,1,2
1649,127,1,2
1649,128,1,2
1649,129,1,2
1649,130,1,2
1649,131,1,2
1649,132,1,2
1649,133,1,2
1649,134,1,2
1649,135,1,2
1649,136,1,2
1649,137,1,2
1649,138,1,2
1649,139,1,2
1649,140,1,2
1649,141,1,2
1649,142,1,2
1649,143,1,2
1649,144,1,2
1649,145,1,2
1649,146,1,2
1649,147,1,2
1649,148,1,2
1649,149,1,2
1649,150,1,2
1649,151,1,2
1649,152,1,2
1649,153,1,2
1649,154,1,2
1649,155,1,2
1649,156,1,2
1649,157,1,2
1649,158,1,2
1649,159,1,2
1649,160,1,2
1649,161,1,2
1649,162,1,2
1649,163,1,2
1649,164,1,2
1649,165,1,2
1649,166,1,2
1649,167,1,2
1649,168,1,2
1649,169,1,2
1649,170,1,2
1649,171,1,2
1649,172,1,2
1649,173,1,2
1649,174,1,2
1649,175,1,2
1649,176,1,2
1649,177,1,2
1649,178,1,2
1649,179,1,2
1649,180,1,2
1649,181,1,2
1649,182,1,2
1649,183,1,2
1649,184,1,2
1649,185,1,2
1649,186,1,2
1649,187,1,2
1649,188,1,2
1649,189,1,2
1649,190,1,2
1649,191,1,2
1649,192,1,2
1649,193,1,2
1649,194,1,2
1649,195,1,2
1649,196,1,2
1649,197,1,2
1649,198,1,2
1649,199,1,2
1649,200,1,2
1649,201,1,2
1649,202,1,2
1649,203,1,2
1649,204,1,2
1649,205,1,2
1649,206,1,2
1649,207,1,2
1649,208,1,2
1649,209,1,2
1649,210,1,2
1649,211,1,2
1649,212,1,2
1649,213,1,2
1649,214,1,2
1649,215,1,2
1649,216,1,2
1649,217,1,2
1649,218,1,2
1649,219,1,2
1649,220,1,2
1649,221,1,2
1649,222,1,2
1649,223,1,2
1649,224,1,2
1649,225,1,2
1649,226,1,2
1649,227,1,2
1649,228,1,2
1649,229,1,2
1649,230,1,2
1649,231,1,2
1649,232,1,2
1649,233,1,2
1649,234,1,2
1649,235,1,2
1649,236,1,2
1649,237,1,2
1649,238,1,2
1649,239,1,2
1649,240,1,2
1649,241,1,2
1649,242,1,2
1649,243,1,2
1649,244,1,2
1649,245,1,2
1649,246,1,2
1649,247,1,2
1649,248,1,2
1649,249,1,2
1649,250,1,2
1649,251,1,2
1649,252,1,2
1649,253,1,2
1649,254,1,2
1649,255,1,2
1649,256,1,2
1649,257,1,2
1649,258,1,2
1649,259,1,2
1649,260,1,2
1649,261,1,2
1649,262,1,2
1649,263,1,2
1649,264,1,2
1649,265,1,2
1649,266,1,2
1649,267,1,2
1649,268,1,2
1649,269,1,2
1649,270,1,2
1649,271,1,2
1649,272,1,2
1649,273,1,2
1649,274,1,2
1649,275,1,2
1649,276,1,2
1649,277,1,2
1649,278,1,2
1649,279,1,2
1649,280,1,2
1649,281,1,2
1649,282,1,2
1649,283,1,2
1649,284,1,2
1649,285,1,2
1649,286,1,2
1649,287,1,2
1649,288,1,2
1649,289,1,2
1649,290,1,2
1649,291,1,2
1649,292,1,2
1649,293,1,2
1649,294,1,2
1649,295,1,2
1649,296,1,2
1649,297,1,2
1649,298,1,2
1649,299,1,2
1649,300,1,2
1649,301,1,2
1649,302,1,2
1649,303,1,2
1649,304,1,2
1649,305,1,2
1649,306,1,2
1649,307,1,2
1649,308,1,2
1649,309,1,2
1649,310,1,2
1649,311,1,2
1649,312,1,2
1649,313,1,2
1649,314,1,2
1649,315,1,2
1649,316,1,2
1649,317,1,2
1649,318,1,2
1649,319,1,2
1649,320,1,2
1649,321,1,2
1649,322,1,2
1649,323,1,2
1649,324,1,2
1649,325,1,2
1649,326,1,2
1649,327,1,2
1649,328,1,2
1649,329,1,2
1649,330,1,2
1649,331,1,2
1649,332,1,2
1649,333,1,2
1649,334,1,2
1649,335,1,2
1649,336,1,2
1649,337,1,2
1649,338,1,2
1649,339,1,2
1649,340,1,2
1649,341,1,2
1649,342,1,2
1649,343,1,2
1649,344,1,2
1649,345,1,2
1649,346,1,2
1649,347,1,2
1649,348,1,2
1649,349,1,2
1649,350,1,2
1649,351,1,2
1649,352,1,2
1649,353,1,2
1649,354,1,2
1649,355,1,2
1649,356,1,2
1649,357,1,2
1649,358,1,2
1649,359,1,2
1649,360,1,2
1649,361,1,2
1649,362,1,2
1649,363,1,2
1649,364,1,2
1649,365,1,2
1649,366,1,2
1649,367,1,2
1649,368,1,2
1649,369,1,2
1649,370,1,2
1649,371,1,2
1649,372,1,2
1649,373,1,2
1649,374,1,2
1649,375,1,2
1649,376,1,2
1649,377,1,2
1649,378,1,2
1649,379,1,2
1649,380,1,2
1649,381,1,2
1649,382,1,2
1649,383,1,2
1649,384,1,2
1649,385,1,2
1649,386,1,2
1649,387,1,2
1649,388,1,2
1649,389,1,2
1649,390,1,2
1649,391,1,2
1649,392,1,2
1649,393,1,2
1649,394,1,2
1649,395,1,2
1649,396,1,2
1649,397,1,2
1649,398,1,2
1649,399,1,2
1649,400,1,2
1649,401,1,2
1649,402,1,2
1649,403,1,2
1649,404,1,2
1649,405,1,2
1649,406,1,2
1649,407,1,2
1649,408,1,2
1649,409,1,2
1649,410,1,2
1649,411,1,2
1649,412,1,2
1649,413,1,2
1649,414,1,2
1649,415,1,2
1649,416,1,2
1649,417,1,2
1649,418,1,2
1649,419,1,2
1649,420,1,2
1649,421,1,2
1649,422,1,2
1649,423,1,2
1649,424,1,2
1649,425,1,2
1649,426,1,2
1649,427,1,2
1649,428,1,2
1649,429,1,2
1649,430,1,2
1649,431,1,2
1650,120,1,2
1650,121,1,2
1650,122,1,2
1650,123,1,2
1650,124,1,2
1650,125,1,2
1650,126,1,2
1650,127,1,2
1650,128,1,2
1650,129,1,2
1650,130,1,2
1650,131,1,2
1650,132,1,2
1650,133,1,2
1650,134,1,2
1650,135,1,2
1650,136,1,2
1650,137,1,2
1650,138,1,2
1650,139,1,2
1650,140,1,2
1650,141,1,2
1650,142,1,2
1650,143,1,2
1650,144,1,2
1650,145,1,2
1650,146,1,2
1650,147,1,2
1650,148,1,2
1650,149,1,2
1650,150,1,2
1650,151,1,2
1650,152,1,2
1650,153,1,2
1650,154,1,2
1650,155,1,2
1650,156,1,2
1650,157,1,2
1650,158,1,2
1650,159,1,2
1650,160,1,2
1650,161,1,2
1650,162,1,2
1650,163,1,2
1650,164,1,2
1650,165,1,2
1650,166,1,2
1650,167,1,2
1650,168,1,2
1650,169,1,2
1650,170,1,2
1650,171,1,2
1650,172,1,2
1650,173,1,2
1650,174,1,2
1650,175,1,2
1650,176,1,2
1650,177,1,2
1650,178,1,2
1650,179,1,2
1650,180,1,2
1650,181,1,2
1650,182,1,2
1650,183,1,2
1650,184,1,2
1650,185,1,2
1650,186,1,2
1650,187,1,2
1650,188,1,2
1650,189,1,2
1650,190,1,2
1650,191,1,2
1650,192,1,2
1650,193,1,2
1650,194,1,2
1650,195,1,2
1650,196,1,2
1650,197,1,2
1650,198,1,2
1650,199,1,2
1650,200,1,2
1650,201,1,2
1650,202,1,2
1650,203,1,2
1650,204,1,2
1650,205,1,2
1650,206,1,2
1650,207,1,2
1650,208,1,2
1650,209,1,2
1650,210,1,2
1650,211,1,2
1650,212,1,2
1650,213,1,2
1650,214,1,2
1650,215,1,2
1650,216,1,2
1650,217,1,2
1650,218,1,2
1650,219,1,2
1650,220,1,2
1650,221,1,2
1650,222,1,2
1650,223,1,2
1650,224,1,2
1650,225,1,2
1650,226,1,2
1650,227,1,2
1650,228,1,2
1650,229,1,2
1650,230,1,2
1650,231,1,2
1650,232,1,2
1650,233,1,2
1650,234,1,2
1650,235,1,2
1650,236,1,2
1650,237,1,2
1650,238,1,2
1650,239,1,2
1650,240,1,2
1650,241,1,2
1650,242,1,2
1650,243,1,2
1650,244,1,2
1650,245,1,2
1650,246,1,2
1650,247,1,2
1650,248,1,2
1650,249,1,2
1650,250,1,2
1650,251,1,2
1650,252,1,2
1650,253,1,2
1650,254,1,2
1650,255,1,2
1650,256,1,2
1650,257,1,2
1650,258,1,2
1650,259,1,2
1650,260,1,2
1650,261,1,2
1650,262,1,2
1650,263,1,2
1650,264,1,2
1650,265,1,2
1650,266,1,2
1650,267,1,2
1650,268,1,2
1650,269,1,2
1650,270,1,2
1650,271,1,2
1650,272,1,2
1650,273,1,2
1650,274,1,2
1650,275,1,2
1650,276,1,2
1650,277,1,2
1650,278,1,2
1650,279,1,2
1650,280,1,2
1650,281,1,2
1650,282,1,2
1650,283,1,2
1650,284,1,2
1650,285,1,2
1650,286,1,2
1650,287,1,2
1650,288,1,2
1650,289,1,2
1650,290,1,2
1650,291,1,2
1650,292,1,2
1650,293,1,2
1650,294,1,2
1650,295,1,2
1650,296,1,2
1650,297,1,2
1650,298,1,2
1650,299,1,2
1650,300,1,2
1650,301,1,2
1650,302,1,2
1650,303,1,2
1650,304,1,2
1650,305,1,2
1650,306,1,2
1650,307,1,2
1650,308,1,2
1650,309,1,2
1650,310,1,2
1650,311,1,2
1650,312,1,2
1650,313,1,2
1650,314,1,2
1650,315,1,2
1650,316,1,2
1650,317,1,2
1650,318,1,2
1650,319,1,2
1650,320,1,2
1650,321,1,2
1650,322,1,2
1650,323,1,2
1650,324,1,2
1650,325,1,2
1650,326,1,2
1650,327,1,2
1650,328,1,2
1650,329,1,2
1650,330,1,2
1650,331,1,2
1650,332,1,2
1650,333,1,2
1650,334,1,2
1650,335,1,2
1650,336,1,2
1650,337,1,2
1650,338,1,2
1650,339,1,2
1650,340,1,2
1650,341,1,2
1650,342,1,2
1650,343,1,2
1650,344,1,2
1650,345,1,2
1650,346,1,2
1650,347,1,2
1650,348,1,2
1650,349,1,2
1650,350,1,2
1650,351,1,2
1650,352,1,2
1650,353,1,2
1650,354,1,2
1650,355,1,2
1650,356,1,2
1650,357,1,2
1650,358,1,2
1650,359,1,2
1650,360,1,2
1650,361,1,2
1650,362,1,2
1650,363,1,2
1650,364,1,2
1650,365,1,2
1650,366,1,2
1650,367,1,2
1650,368,1,2
1650,369,1,2
1650,370,1,2
1650,371,1,2
1650,372,1,2
1650,373,1,2
1650,374,1,2
1650,375,1,2
1650,376,1,2
1650,377,1,2
1650,378,1,2
1650,379,1,2
1650,380,1,2
1650,381,1,2
1650,382,1,2
1650,383,1,2
1650,384,1,2
1650,385,1,2
1650,386,1,2
1650,387,1,2
1650,388,1,2
1650,389,1,2
1650,390,1,2
1650,391,1,2
1650,392,1,2
1650,393,1,2
1650,394,1,2
1650,395,1,2
1650,396,1,2
1650,397,1,2
1650,398,1,2
1650,399,1,2
1650,400,1,2
1650,401,1,2
1650,402,1,2
1650,403,1,2
1650,404,1,2
1650,405,1,2
1650,406,1,2
1650,407,1,2
1650,408,1,2
1650,409,1,2
1650,410,1,2
1650,411,1,2
1650,412,1,2
1650,413,1,2
1650,414,1,2
1650,415,1,2
1650,416,1,2
1650,417,1,2
1650,418,1,2
1650,419,1,2
1650,420,1,2
1650,421,1,2
1650,422,1,2
1650,423,1,2
1650,424,1,2
1650,425,1,2
1650,426,1,2
1650,427,1,2
1650,428,1,2
1650,429,1,2
1650,430,1,2
1651,120,1,2
1651,121,1,2
1651,122,1,2
1651,123,1,2
1651,124,1,2
1651,125,1,2
1651,126,1,2
1651,127,1,2
1651,128,1,2
1651,129,1,2
1651,130,1,2
1651,131,1,2
1651,132,1,2
1651,133,1,2
1651,134,1,2
1651,135,1,2
1651,136,1,2
1651,137,1,2
1651,138,1,2
1651,139,1,2
1651,140,1,2
1651,141,1,2
1651,142,1,2
1651,143,1,2
1651,144,1,2
1651,145,1,2
1651,146,1,2
1651,147,1,2
1651,148,1,2
1651,149,1,2
1651,150,1,2
1651,151,1,2
1651,152,1,2
1651,153,1,2
1651,154,1,2
1651,155,1,2
1651,156,1,2
1651,157,1,2
1651,158,1,2
1651,159,1,2
1651,160,1,2
1651,161,1,2
1651,162,1,2
1651,163,1,2
1651,164,1,2
1651,165,1,2
1651,166,1,2
1651,167,1,2
1651,168,1,2
1651,169,1,2
1651,170,1,2
1651,171,1,2
1651,172,1,2
1651,173,1,2
1651,174,1,2
1651,175,1,2
1651,176,1,2
1651,177,1,2
1651,178,1,2
1651,179,1,2
1651,180,1,2
1651,181,1,2
1651,182,1,2
1651,183,1,2
1651,184,1,2
1651,185,1,2
1651,186,1,2
1651,187,1,2
1651,188,1,2
1651,189,1,2
1651,190,1,2
1651,191,1,2
1651,192,1,2
1651,193,1,2
1651,194,1,2
1651,195,1,2
1651,196,1,2
1651,197,1,2
1651,198,1,2
1651,199,1,2
1651,200,1,2
1651,201,1,2
1651,202,1,2
1651,203,1,2
1651,204,1,2
1651,205,1,2
1651,206,1,2
1651,207,1,2
1651,208,1,2
1651,209,1,2
1651,210,1,2
1651,211,1,2
1651,212,1,2
1651,213,1,2
1651,214,1,2
1651,215,1,2
1651,216,1,2
1651,217,1,2
1651,218,1,2
1651,219,1,2
1651,220,1,2
1651,221,1,2
1651,222,1,2
1651,223,1,2
1651,224,1,2
1651,225,1,2
1651,226,1,2
1651,227,1,2
1651,228,1,2
1651,229,1,2
1651,230,1,2
1651,231,1,2
1651,232,1,2
1651,233,1,2
1651,234,1,2
1651,235,1,2
1651,236,1,2
1651,237,1,2
1651,238,1,2
1651,239,1,2
1651,240,1,2
1651,241,1,2
1651,242,1,2
1651,243,1,2
1651,244,1,2
1651,245,1,2
1651,246,1,2
1651,247,1,2
1651,248,1,2
1651,249,1,2
1651,250,1,2
1651,251,1,2
1651,252,1,2
1651,253,1,2
1651,254,1,2
1651,255,1,2
1651,256,1,2
1651,257,1,2
1651,258,1,2
1651,259,1,2
1651,260,1,2
1651,261,1,2
1651,262,1,2
1651,263,1,2
1651,264,1,2
1651,265,1,2
1651,266,1,2
1651,267,1,2
1651,268,1,2
1651,269,1,2
1651,270,1,2
1651,271,1,2
1651,272,1,2
1651,273,1,2
1651,274,1,2
1651,275,1,2
1651,276,1,2
1651,277,1,2
1651,278,1,2
1651,279,1,2
1651,280,1,2
1651,281,1,2
1651,282,1,2
1651,283,1,2
1651,284,1,2
1651,285,1,2
1651,286,1,2
1651,287,1,2
1651,288,1,2
1651,289,1,2
1651,290,1,2
1651,291,1,2
1651,292,1,2
1651,293,1,2
1651,294,1,2
1651,295,1,2
1651,296,1,2
1651,297,1,2
1651,298,1,2
1651,299,1,2
1651,300,1,2
1651,301,1,2
1651,302,1,2
1651,303,1,2
1651,304,1,2
1651,305,1,2
1651,306,1,2
1651,307,1,2
1651,308,1,2
1651,309,1,2
1651,310,1,2
1651,311,1,2
1651,312,1,2
1651,313,1,2
1651,314,1,2
1651,315,1,2
1651,316,1,2
1651,317,1,2
1651,318,1,2
1651,319,1,2
1651,320,1,2
1651,321,1,2
1651,322,1,2
1651,323,1,2
1651,324,1,2
1651,325,1,2
1651,326,1,2
1651,327,1,2
1651,328,1,2
1651,329,1,2
1651,330,1,2
1651,331,1,2
1651,332,1,2
1651,333,1,2
1651,334,1,2
1651,335,1,2
1651,336,1,2
1651,337,1,2
1651,338,1,2
1651,339,1,2
1651,340,1,2
1651,341,1,2
1651,342,1,2
1651,343,1,2
1651,344,1,2
1651,345,1,2
1651,346,1,2
1651,347,1,2
1651,348,1,2
1651,349,1,2
1651,350,1,2
1651,351,1,2
1651,352,1,2
1651,353,1,2
1651,354,1,2
1651,355,1,2
1651,356,1,2
1651,357,1,2
1651,358,1,2
1651,359,1,2
1651,360,1,2
1651,361,1,2
1651,362,1,2
1651,363,1,2
1651,364,1,2
1651,365,1,2
1651,366,1,2
1651,367,1,2
1651,368,1,2
1651,369,1,2
1651,370,1,2
1651,371,1,2
1651,372,1,2
1651,373,1,2
1651,374,1,2
1651,375,1,2
1651,376,1,2
1651,377,1,2
1651,378,1,2
1651,379,1,2
1651,380,1,2
1651,381,1,2
1651,382,1,2
1651,383,1,2
1651,384,1,2
1651,385,1,2
1651,386,1,2
1651,387,1,2
1651,388,1,2
1651,389,1,2
1651,390,1,2
1651,391,1,2
1651,392,1,2
1651,393,1,2
1651,394,1,2
1651,395,1,2
1651,396,1,2
1651,397,1,2
1651,398,1,2
1651,399,1,2
1651,400,1,2
1651,401,1,2
1651,402,1,2
1651,403,1,2
1651,404,1,2
1651,405,1,2
1651,406,1,2
1651,407,1,2
1651,408,1,2
1651,409,1,2
1651,410,1,2
1651,411,1,2
1651,412,1,2
1651,413,1,2
1651,414,1,2
1651,415,1,2
1651,416,1,2
1651,417,1,2
1651,418,1,2
1651,419,1,2
1651,420,1,2
1651,421,1,2
1651,422,1,2
1651,423,1,2
1651,424,1,2
1651,425,1,2
1651,426,1,2
1651,427,1,2
1651,428,1,2
1652,122,1,2
1652,123,1,2
1652,124,1,2
1652,125,1,2
1652,126,1,2
1652,127,1,2
1652,128,1,2
1652,129,1,2
1652,130,1,2
1652,131,1,2
1652,132,1,2
1652,133,1,2
1652,134,1,2
1652,135,1,2
1652,136,1,2
1652,137,1,2
1652,138,1,2
1652,139,1,2
1652,140,1,2
1652,141,1,2
1652,142,1,2
1652,143,1,2
1652,144,1,2
1652,145,1,2
1652,146,1,2
1652,147,1,2
1652,148,1,2
1652,149,1,2
1652,150,1,2
1652,151,1,2
1652,152,1,2
1652,153,1,2
1652,154,1,2
1652,155,1,2
1652,156,1,2
1652,157,1,2
1652,158,1,2
1652,159,1,2
1652,160,1,2
1652,161,1,2
1652,162,1,2
1652,163,1,2
1652,164,1,2
1652,165,1,2
1652,166,1,2
1652,167,1,2
1652,168,1,2
1652,169,1,2
1652,170,1,2
1652,171,1,2
1652,172,1,2
1652,173,1,2
1652,174,1,2
1652,175,1,2
1652,176,1,2
1652,177,1,2
1652,178,1,2
1652,179,1,2
1652,180,1,2
1652,181,1,2
1652,182,1,2
1652,183,1,2
1652,184,1,2
1652,185,1,2
1652,186,1,2
1652,187,1,2
1652,188,1,2
1652,189,1,2
1652,190,1,2
1652,191,1,2
1652,192,1,2
1652,193,1,2
1652,194,1,2
1652,195,1,2
1652,196,1,2
1652,197,1,2
1652,198,1,2
1652,199,1,2
1652,200,1,2
1652,201,1,2
1652,202,1,2
1652,203,1,2
1652,204,1,2
1652,205,1,2
1652,206,1,2
1652,207,1,2
1652,208,1,2
1652,209,1,2
1652,210,1,2
1652,211,1,2
1652,212,1,2
1652,213,1,2
1652,214,1,2
1652,215,1,2
1652,216,1,2
1652,217,1,2
1652,218,1,2
1652,219,1,2
1652,220,1,2
1652,221,1,2
1652,222,1,2
1652,223,1,2
1652,224,1,2
1652,225,1,2
1652,226,1,2
1652,227,1,2
1652,228,1,2
1652,229,1,2
1652,230,1,2
1652,231,1,2
1652,232,1,2
1652,233,1,2
1652,234,1,2
1652,235,1,2
1652,236,1,2
1652,237,1,2
1652,238,1,2
1652,239,1,2
1652,240,1,2
1652,241,1,2
1652,242,1,2
1652,243,1,2
1652,244,1,2
1652,245,1,2
1652,246,1,2
1652,247,1,2
1652,248,1,2
1652,249,1,2
1652,250,1,2
1652,251,1,2
1652,252,1,2
1652,253,1,2
1652,254,1,2
1652,255,1,2
1652,256,1,2
1652,257,1,2
1652,258,1,2
1652,259,1,2
1652,260,1,2
1652,261,1,2
1652,262,1,2
1652,263,1,2
1652,264,1,2
1652,265,1,2
1652,266,1,2
1652,267,1,2
1652,268,1,2
1652,269,1,2
1652,270,1,2
1652,271,1,2
1652,272,1,2
1652,273,1,2
1652,274,1,2
1652,275,1,2
1652,276,1,2
1652,277,1,2
1652,278,1,2
1652,279,1,2
1652,280,1,2
1652,281,1,2
1652,282,1,2
1652,283,1,2
1652,284,1,2
1652,285,1,2
1652,286,1,2
1652,287,1,2
1652,288,1,2
1652,289,1,2
1652,290,1,2
1652,291,1,2
1652,292,1,2
1652,293,1,2
1652,294,1,2
1652,295,1,2
1652,296,1,2
1652,297,1,2
1652,298,1,2
1652,299,1,2
1652,300,1,2
1652,301,1,2
1652,302,1,2
1652,303,1,2
1652,304,1,2
1652,305,1,2
1652,306,1,2
1652,307,1,2
1652,308,1,2
1652,309,1,2
1652,310,1,2
1652,311,1,2
1652,312,1,2
1652,313,1,2
1652,314,1,2
1652,315,1,2
1652,316,1,2
1652,317,1,2
1652,318,1,2
1652,319,1,2
1652,320,1,2
1652,321,1,2
1652,322,1,2
1652,323,1,2
1652,324,1,2
1652,325,1,2
1652,326,1,2
1652,327,1,2
1652,328,1,2
1652,329,1,2
1652,330,1,2
1652,331,1,2
1652,332,1,2
1652,333,1,2
1652,334,1,2
1652,335,1,2
1652,336,1,2
1652,337,1,2
1652,338,1,2
1652,339,1,2
1652,340,1,2
1652,341,1,2
1652,342,1,2
1652,343,1,2
1652,344,1,2
1652,345,1,2
1652,346,1,2
1652,347,1,2
1652,348,1,2
1652,349,1,2
1652,350,1,2
1652,351,1,2
1652,352,1,2
1652,353,1,2
1652,354,1,2
1652,355,1,2
1652,356,1,2
1652,357,1,2
1652,358,1,2
1652,359,1,2
1652,360,1,2
1652,361,1,2
1652,362,1,2
1652,363,1,2
1652,364,1,2
1652,365,1,2
1652,366,1,2
1652,367,1,2
1652,368,1,2
1652,369,1,2
1652,370,1,2
1652,371,1,2
1652,372,1,2
1652,373,1,2
1652,374,1,2
1652,375,1,2
1652,376,1,2
1652,377,1,2
1652,378,1,2
1652,379,1,2
1652,380,1,2
1652,381,1,2
1652,382,1,2
1652,383,1,2
1652,384,1,2
1652,385,1,2
1652,386,1,2
1652,387,1,2
1652,388,1,2
1652,389,1,2
1652,390,1,2
1652,391,1,2
1652,392,1,2
1652,393,1,2
1652,394,1,2
1652,395,1,2
1652,396,1,2
1652,397,1,2
1652,398,1,2
1652,399,1,2
1652,400,1,2
1652,401,1,2
1652,402,1,2
1652,403,1,2
1652,404,1,2
1652,405,1,2
1652,406,1,2
1652,407,1,2
1652,408,1,2
1652,409,1,2
1652,410,1,2
1652,411,1,2
1652,412,1,2
1652,413,1,2
1652,414,1,2
1652,415,1,2
1652,416,1,2
1652,417,1,2
1652,418,1,2
1652,419,1,2
1652,420,1,2
1652,421,1,2
1652,422,1,2
1652,423,1,2
1652,424,1,2
1652,425,1,2
1652,426,1,2
1652,427,1,2
1653,122,1,2
1653,123,1,2
1653,124,1,2
1653,125,1,2
1653,126,1,2
1653,127,1,2
1653,128,1,2
1653,129,1,2
1653,130,1,2
1653,131,1,2
1653,132,1,2
1653,133,1,2
1653,134,1,2
1653,135,1,2
1653,136,1,2
1653,137,1,2
1653,138,1,2
1653,139,1,2
1653,140,1,2
1653,141,1,2
1653,142,1,2
1653,143,1,2
1653,144,1,2
1653,145,1,2
1653,146,1,2
1653,147,1,2
1653,148,1,2
1653,149,1,2
1653,150,1,2
1653,151,1,2
1653,152,1,2
1653,153,1,2
1653,154,1,2
1653,155,1,2
1653,156,1,2
1653,157,1,2
1653,158,1,2
1653,159,1,2
1653,160,1,2
1653,161,1,2
1653,162,1,2
1653,163,1,2
1653,164,1,2
1653,165,1,2
1653,166,1,2
1653,167,1,2
1653,168,1,2
1653,169,1,2
1653,170,1,2
1653,171,1,2
1653,172,1,2
1653,173,1,2
1653,174,1,2
1653,175,1,2
1653,176,1,2
1653,177,1,2
1653,178,1,2
1653,179,1,2
1653,180,1,2
1653,181,1,2
1653,182,1,2
1653,183,1,2
1653,184,1,2
1653,185,1,2
1653,186,1,2
1653,187,1,2
1653,188,1,2
1653,189,1,2
1653,190,1,2
1653,191,1,2
1653,192,1,2
1653,193,1,2
1653,194,1,2
1653,195,1,2
1653,196,1,2
1653,197,1,2
1653,198,1,2
1653,199,1,2
1653,200,1,2
1653,201,1,2
1653,202,1,2
1653,203,1,2
1653,204,1,2
1653,205,1,2
1653,206,1,2
1653,207,1,2
1653,208,1,2
1653,209,1,2
1653,210,1,2
1653,211,1,2
1653,212,1,2
1653,213,1,2
1653,214,1,2
1653,215,1,2
1653,216,1,2
1653,217,1,2
1653,218,1,2
1653,219,1,2
1653,220,1,2
1653,221,1,2
1653,222,1,2
1653,223,1,2
1653,224,1,2
1653,225,1,2
1653,226,1,2
1653,227,1,2
1653,228,1,2
1653,229,1,2
1653,230,1,2
1653,231,1,2
1653,232,1,2
1653,233,1,2
1653,234,1,2
1653,235,1,2
1653,236,1,2
1653,237,1,2
1653,238,1,2
1653,239,1,2
1653,240,1,2
1653,241,1,2
1653,242,1,2
1653,243,1,2
1653,244,1,2
1653,245,1,2
1653,246,1,2
1653,247,1,2
1653,248,1,2
1653,249,1,2
1653,250,1,2
1653,251,1,2
1653,252,1,2
1653,253,1,2
1653,254,1,2
1653,255,1,2
1653,256,1,2
1653,257,1,2
1653,258,1,2
1653,259,1,2
1653,260,1,2
1653,261,1,2
1653,262,1,2
1653,263,1,2
1653,264,1,2
1653,265,1,2
1653,266,1,2
1653,267,1,2
1653,268,1,2
1653,269,1,2
1653,270,1,2
1653,271,1,2
1653,272,1,2
1653,273,1,2
1653,274,1,2
1653,275,1,2
1653,276,1,2
1653,277,1,2
1653,278,1,2
1653,279,1,2
1653,280,1,2
1653,281,1,2
1653,282,1,2
1653,283,1,2
1653,284,1,2
1653,285,1,2
1653,286,1,2
1653,287,1,2
1653,288,1,2
1653,289,1,2
1653,290,1,2
1653,291,1,2
1653,292,1,2
1653,293,1,2
1653,294,1,2
1653,295,1,2
1653,296,1,2
1653,297,1,2
1653,298,1,2
1653,299,1,2
1653,300,1,2
1653,301,1,2
1653,302,1,2
1653,303,1,2
1653,304,1,2
1653,305,1,2
1653,306,1,2
1653,307,1,2
1653,308,1,2
1653,309,1,2
1653,310,1,2
1653,311,1,2
1653,312,1,2
1653,313,1,2
1653,314,1,2
1653,315,1,2
1653,316,1,2
1653,317,1,2
1653,318,1,2
1653,319,1,2
1653,320,1,2
1653,321,1,2
1653,322,1,2
1653,323,1,2
1653,324,1,2
1653,325,1,2
1653,326,1,2
1653,327,1,2
1653,328,1,2
1653,329,1,2
1653,330,1,2
1653,331,1,2
1653,332,1,2
1653,333,1,2
1653,334,1,2
1653,335,1,2
1653,336,1,2
1653,337,1,2
1653,338,1,2
1653,339,1,2
1653,340,1,2
1653,341,1,2
1653,342,1,2
1653,343,1,2
1653,344,1,2
1653,345,1,2
1653,346,1,2
1653,347,1,2
1653,348,1,2
1653,349,1,2
1653,350,1,2
1653,351,1,2
1653,352,1,2
1653,353,1,2
1653,354,1,2
1653,355,1,2
1653,356,1,2
1653,357,1,2
1653,358,1,2
1653,359,1,2
1653,360,1,2
1653,361,1,2
1653,362,1,2
1653,363,1,2
1653,364,1,2
1653,365,1,2
1653,366,1,2
1653,367,1,2
1653,368,1,2
1653,369,1,2
1653,370,1,2
1653,371,1,2
1653,372,1,2
1653,373,1,2
1653,374,1,2
1653,375,1,2
1653,376,1,2
1653,377,1,2
1653,378,1,2
1653,379,1,2
1653,380,1,2
1653,381,1,2
1653,382,1,2
1653,383,1,2
1653,384,1,2
1653,385,1,2
1653,386,1,2
1653,387,1,2
1653,388,1,2
1653,389,1,2
1653,390,1,2
1653,391,1,2
1653,392,1,2
1653,393,1,2
1653,394,1,2
1653,395,1,2
1653,396,1,2
1653,397,1,2
1653,398,1,2
1653,399,1,2
1653,400,1,2
1653,401,1,2
1653,402,1,2
1653,403,1,2
1653,404,1,2
1653,405,1,2
1653,406,1,2
1653,407,1,2
1653,408,1,2
1653,409,1,2
1653,410,1,2
1653,411,1,2
1653,412,1,2
1653,413,1,2
1653,414,1,2
1653,415,1,2
1653,416,1,2
1653,417,1,2
1653,418,1,2
1653,419,1,2
1653,420,1,2
1653,421,1,2
1653,422,1,2
1653,423,1,2
1653,424,1,2
1653,425,1,2
1653,426,1,2
1654,123,1,2
1654,124,1,2
1654,125,1,2
1654,126,1,2
1654,127,1,2
1654,128,1,2
1654,129,1,2
1654,130,1,2
1654,131,1,2
1654,132,1,2
1654,133,1,2
1654,134,1,2
1654,135,1,2
1654,136,1,2
1654,137,1,2
1654,138,1,2
1654,139,1,2
1654,140,1,2
1654,141,1,2
1654,142,1,2
1654,143,1,2
1654,144,1,2
1654,145,1,2
1654,146,1,2
1654,147,1,2
1654,148,1,2
1654,149,1,2
1654,150,1,2
1654,151,1,2
1654,152,1,2
1654,153,1,2
1654,154,1,2
1654,155,1,2
1654,156,1,2
1654,157,1,2
1654,158,1,2
1654,159,1,2
1654,160,1,2
1654,161,1,2
1654,162,1,2
1654,163,1,2
1654,164,1,2
1654,165,1,2
1654,166,1,2
1654,167,1,2
1654,168,1,2
1654,169,1,2
1654,170,1,2
1654,171,1,2
1654,172,1,2
1654,173,1,2
1654,174,1,2
1654,175,1,2
1654,176,1,2
1654,177,1,2
1654,178,1,2
1654,179,1,2
1654,180,1,2
1654,181,1,2
1654,182,1,2
1654,183,1,2
1654,184,1,2
1654,185,1,2
1654,186,1,2
1654,187,1,2
1654,188,1,2
1654,189,1,2
1654,190,1,2
1654,191,1,2
1654,192,1,2
1654,193,1,2
1654,194,1,2
1654,195,1,2
1654,196,1,2
1654,197,1,2
1654,198,1,2
1654,199,1,2
1654,200,1,2
1654,201,1,2
1654,202,1,2
1654,203,1,2
1654,204,1,2
1654,205,1,2
1654,206,1,2
1654,207,1,2
1654,208,1,2
1654,209,1,2
1654,210,1,2
1654,211,1,2
1654,212,1,2
1654,213,1,2
1654,214,1,2
1654,215,1,2
1654,216,1,2
1654,217,1,2
1654,218,1,2
1654,219,1,2
1654,220,1,2
1654,221,1,2
1654,222,1,2
1654,223,1,2
1654,224,1,2
1654,225,1,2
1654,226,1,2
1654,227,1,2
1654,228,1,2
1654,229,1,2
1654,230,1,2
1654,231,1,2
1654,232,1,2
1654,233,1,2
1654,234,1,2
1654,235,1,2
1654,236,1,2
1654,237,1,2
1654,238,1,2
1654,239,1,2
1654,240,1,2
1654,241,1,2
1654,242,1,2
1654,243,1,2
1654,244,1,2
1654,245,1,2
1654,246,1,2
1654,247,1,2
1654,248,1,2
1654,249,1,2
1654,250,1,2
1654,251,1,2
1654,252,1,2
1654,253,1,2
1654,254,1,2
1654,255,1,2
1654,256,1,2
1654,257,1,2
1654,258,1,2
1654,259,1,2
1654,260,1,2
1654,261,1,2
1654,262,1,2
1654,263,1,2
1654,264,1,2
1654,265,1,2
1654,266,1,2
1654,267,1,2
1654,268,1,2
1654,269,1,2
1654,270,1,2
1654,271,1,2
1654,272,1,2
1654,273,1,2
1654,274,1,2
1654,275,1,2
1654,276,1,2
1654,277,1,2
1654,278,1,2
1654,279,1,2
1654,280,1,2
1654,281,1,2
1654,282,1,2
1654,283,1,2
1654,284,1,2
1654,285,1,2
1654,286,1,2
1654,287,1,2
1654,288,1,2
1654,289,1,2
1654,290,1,2
1654,291,1,2
1654,292,1,2
1654,293,1,2
1654,294,1,2
1654,295,1,2
1654,296,1,2
1654,297,1,2
1654,298,1,2
1654,299,1,2
1654,300,1,2
1654,301,1,2
1654,302,1,2
1654,303,1,2
1654,304,1,2
1654,305,1,2
1654,306,1,2
1654,307,1,2
1654,308,1,2
1654,309,1,2
1654,310,1,2
1654,311,1,2
1654,312,1,2
1654,313,1,2
1654,314,1,2
1654,315,1,2
1654,316,1,2
1654,317,1,2
1654,318,1,2
1654,319,1,2
1654,320,1,2
1654,321,1,2
1654,322,1,2
1654,323,1,2
1654,324,1,2
1654,325,1,2
1654,326,1,2
1654,327,1,2
1654,328,1,2
1654,329,1,2
1654,330,1,2
1654,331,1,2
1654,332,1,2
1654,333,1,2
1654,334,1,2
1654,335,1,2
1654,336,1,2
1654,337,1,2
1654,338,1,2
1654,339,1,2
1654,340,1,2
1654,341,1,2
1654,342,1,2
1654,343,1,2
1654,344,1,2
1654,345,1,2
1654,346,1,2
1654,347,1,2
1654,348,1,2
1654,349,1,2
1654,350,1,2
1654,351,1,2
1654,352,1,2
1654,353,1,2
1654,354,1,2
1654,355,1,2
1654,356,1,2
1654,357,1,2
1654,358,1,2
1654,359,1,2
1654,360,1,2
1654,361,1,2
1654,362,1,2
1654,363,1,2
1654,364,1,2
1654,365,1,2
1654,366,1,2
1654,367,1,2
1654,368,1,2
1654,369,1,2
1654,370,1,2
1654,371,1,2
1654,372,1,2
1654,373,1,2
1654,374,1,2
1654,375,1,2
1654,376,1,2
1654,377,1,2
1654,378,1,2
1654,379,1,2
1654,380,1,2
1654,381,1,2
1654,382,1,2
1654,383,1,2
1654,384,1,2
1654,385,1,2
1654,386,1,2
1654,387,1,2
1654,388,1,2
1654,389,1,2
1654,390,1,2
1654,391,1,2
1654,392,1,2
1654,393,1,2
1654,394,1,2
1654,395,1,2
1654,396,1,2
1654,397,1,2
1654,398,1,2
1654,399,1,2
1654,400,1,2
1654,401,1,2
1654,402,1,2
1654,403,1,2
1654,404,1,2
1654,405,1,2
1654,406,1,2
1654,407,1,2
1654,408,1,2
1654,409,1,2
1654,410,1,2
1654,411,1,2
1654,412,1,2
1654,413,1,2
1654,414,1,2
1654,415,1,2
1654,416,1,2
1654,417,1,2
1654,418,1,2
1654,419,1,2
1654,420,1,2
1654,421,1,2
1654,422,1,2
1654,423,1,2
1654,424,1,2
1655,123,1,2
1655,124,1,2
1655,125,1,2
1655,126,1,2
1655,127,1,2
1655,128,1,2
1655,129,1,2
1655,130,1,2
1655,131,1,2
1655,132,1,2
1655,133,1,2
1655,134,1,2
1655,135,1,2
1655,136,1,2
1655,137,1,2
1655,138,1,2
1655,139,1,2
1655,140,1,2
1655,141,1,2
1655,142,1,2
1655,143,1,2
1655,144,1,2
1655,145,1,2
1655,146,1,2
1655,147,1,2
1655,148,1,2
1655,149,1,2
1655,150,1,2
1655,151,1,2
1655,152,1,2
1655,153,1,2
1655,154,1,2
1655,155,1,2
1655,156,1,2
1655,157,1,2
1655,158,1,2
1655,159,1,2
1655,160,1,2
1655,161,1,2
1655,162,1,2
1655,163,1,2
1655,164,1,2
1655,165,1,2
1655,166,1,2
1655,167,1,2
1655,168,1,2
1655,169,1,2
1655,170,1,2
1655,171,1,2
1655,172,1,2
1655,173,1,2
1655,174,1,2
1655,175,1,2
1655,176,1,2
1655,177,1,2
1655,178,1,2
1655,179,1,2
1655,180,1,2
1655,181,1,2
1655,182,1,2
1655,183,1,2
1655,184,1,2
1655,185,1,2
1655,186,1,2
1655,187,1,2
1655,188,1,2
1655,189,1,2
1655,190,1,2
1655,191,1,2
1655,192,1,2
1655,193,1,2
1655,194,1,2
1655,195,1,2
1655,196,1,2
1655,197,1,2
1655,198,1,2
1655,199,1,2
1655,200,1,2
1655,201,1,2
1655,202,1,2
1655,203,1,2
1655,204,1,2
1655,205,1,2
1655,206,1,2
1655,207,1,2
1655,208,1,2
1655,209,1,2
1655,210,1,2
1655,211,1,2
1655,212,1,2
1655,213,1,2
1655,214,1,2
1655,215,1,2
1655,216,1,2
1655,217,1,2
1655,218,1,2
1655,219,1,2
1655,220,1,2
1655,221,1,2
1655,222,1,2
1655,223,1,2
1655,224,1,2
1655,225,1,2
1655,226,1,2
1655,227,1,2
1655,228,1,2
1655,229,1,2
1655,230,1,2
1655,231,1,2
1655,232,1,2
1655,233,1,2
1655,234,1,2
1655,235,1,2
1655,236,1,2
1655,237,1,2
1655,238,1,2
1655,239,1,2
1655,240,1,2
1655,241,1,2
1655,242,1,2
1655,243,1,2
1655,244,1,2
1655,245,1,2
1655,246,1,2
1655,247,1,2
1655,248,1,2
1655,249,1,2
1655,250,1,2
1655,251,1,2
1655,252,1,2
1655,253,1,2
1655,254,1,2
1655,255,1,2
1655,256,1,2
1655,257,1,2
1655,258,1,2
1655,259,1,2
1655,260,1,2
1655,261,1,2
1655,262,1,2
1655,263,1,2
1655,264,1,2
1655,265,1,2
1655,266,1,2
1655,267,1,2
1655,268,1,2
1655,269,1,2
1655,270,1,2
1655,271,1,2
1655,272,1,2
1655,273,1,2
1655,274,1,2
1655,275,1,2
1655,276,1,2
1655,277,1,2
1655,278,1,2
1655,279,1,2
1655,280,1,2
1655,281,1,2
1655,282,1,2
1655,283,1,2
1655,284,1,2
1655,285,1,2
1655,286,1,2
1655,287,1,2
1655,288,1,2
1655,289,1,2
1655,290,1,2
1655,291,1,2
1655,292,1,2
1655,293,1,2
1655,294,1,2
1655,295,1,2
1655,296,1,2
1655,297,1,2
1655,298,1,2
1655,299,1,2
1655,300,1,2
1655,301,1,2
1655,302,1,2
1655,303,1,2
1655,304,1,2
1655,305,1,2
1655,306,1,2
1655,307,1,2
1655,308,1,2
1655,309,1,2
1655,310,1,2
1655,311,1,2
1655,312,1,2
1655,313,1,2
1655,314,1,2
1655,315,1,2
1655,316,1,2
1655,317,1,2
1655,318,1,2
1655,319,1,2
1655,320,1,2
1655,321,1,2
1655,322,1,2
1655,323,1,2
1655,324,1,2
1655,325,1,2
1655,326,1,2
1655,327,1,2
1655,328,1,2
1655,329,1,2
1655,330,1,2
1655,331,1,2
1655,332,1,2
1655,333,1,2
1655,334,1,2
1655,335,1,2
1655,336,1,2
1655,337,1,2
1655,338,1,2
1655,339,1,2
1655,340,1,2
1655,341,1,2
1655,342,1,2
1655,343,1,2
1655,344,1,2
1655,345,1,2
1655,346,1,2
1655,347,1,2
1655,348,1,2
1655,349,1,2
1655,350,1,2
1655,351,1,2
1655,352,1,2
1655,353,1,2
1655,354,1,2
1655,355,1,2
1655,356,1,2
1655,357,1,2
1655,358,1,2
1655,359,1,2
1655,360,1,2
1655,361,1,2
1655,362,1,2
1655,363,1,2
1655,364,1,2
1655,365,1,2
1655,366,1,2
1655,367,1,2
1655,368,1,2
1655,369,1,2
1655,370,1,2
1655,371,1,2
1655,372,1,2
1655,373,1,2
1655,374,1,2
1655,375,1,2
1655,376,1,2
1655,377,1,2
1655,378,1,2
1655,379,1,2
1655,380,1,2
1655,381,1,2
1655,382,1,2
1655,383,1,2
1655,384,1,2
1655,385,1,2
1655,386,1,2
1655,387,1,2
1655,388,1,2
1655,389,1,2
1655,390,1,2
1655,391,1,2
1655,392,1,2
1655,393,1,2
1655,394,1,2
1655,395,1,2
1655,396,1,2
1655,397,1,2
1655,398,1,2
1655,399,1,2
1655,400,1,2
1655,401,1,2
1655,402,1,2
1655,403,1,2
1655,404,1,2
1655,405,1,2
1655,406,1,2
1655,407,1,2
1655,408,1,2
1655,409,1,2
1655,410,1,2
1655,411,1,2
1655,412,1,2
1655,413,1,2
1655,414,1,2
1655,415,1,2
1655,416,1,2
1655,417,1,2
1655,418,1,2
1655,419,1,2
1655,420,1,2
1655,421,1,2
1655,422,1,2
1655,423,1,2
1656,123,1,2
1656,124,1,2
1656,125,1,2
1656,126,1,2
1656,127,1,2
1656,128,1,2
1656,129,1,2
1656,130,1,2
1656,131,1,2
1656,132,1,2
1656,133,1,2
1656,134,1,2
1656,135,1,2
1656,136,1,2
1656,137,1,2
1656,138,1,2
1656,139,1,2
1656,140,1,2
1656,141,1,2
1656,142,1,2
1656,143,1,2
1656,144,1,2
1656,145,1,2
1656,146,1,2
1656,147,1,2
1656,148,1,2
1656,149,1,2
1656,150,1,2
1656,151,1,2
1656,152,1,2
1656,153,1,2
1656,154,1,2
1656,155,1,2
1656,156,1,2
1656,157,1,2
1656,158,1,2
1656,159,1,2
1656,160,1,2
1656,161,1,2
1656,162,1,2
1656,163,1,2
1656,164,1,2
1656,165,1,2
1656,166,1,2
1656,167,1,2
1656,168,1,2
1656,169,1,2
1656,170,1,2
1656,171,1,2
1656,172,1,2
1656,173,1,2
1656,174,1,2
1656,175,1,2
1656,176,1,2
1656,177,1,2
1656,178,1,2
1656,179,1,2
1656,180,1,2
1656,181,1,2
1656,182,1,2
1656,183,1,2
1656,184,1,2
1656,185,1,2
1656,186,1,2
1656,187,1,2
1656,188,1,2
1656,189,1,2
1656,190,1,2
1656,191,1,2
1656,192,1,2
1656,193,1,2
1656,194,1,2
1656,195,1,2
1656,196,1,2
1656,197,1,2
1656,198,1,2
1656,199,1,2
1656,200,1,2
1656,201,1,2
1656,202,1,2
1656,203,1,2
1656,204,1,2
1656,205,1,2
1656,206,1,2
1656,207,1,2
1656,208,1,2
1656,209,1,2
1656,210,1,2
1656,211,1,2
1656,212,1,2
1656,213,1,2
1656,214,1,2
1656,215,1,2
1656,216,1,2
1656,217,1,2
1656,218,1,2
1656,219,1,2
1656,220,1,2
1656,221,1,2
1656,222,1,2
1656,223,1,2
1656,224,1,2
1656,225,1,2
1656,226,1,2
1656,227,1,2
1656,228,1,2
1656,229,1,2
1656,230,1,2
1656,231,1,2
1656,232,1,2
1656,233,1,2
1656,234,1,2
1656,235,1,2
1656,236,1,2
1656,237,1,2
1656,238,1,2
1656,239,1,2
1656,240,1,2
1656,241,1,2
1656,242,1,2
1656,243,1,2
1656,244,1,2
1656,245,1,2
1656,246,1,2
1656,247,1,2
1656,248,1,2
1656,249,1,2
1656,250,1,2
1656,251,1,2
1656,252,1,2
1656,253,1,2
1656,254,1,2
1656,255,1,2
1656,256,1,2
1656,257,1,2
1656,258,1,2
1656,259,1,2
1656,260,1,2
1656,261,1,2
1656,262,1,2
1656,263,1,2
1656,264,1,2
1656,265,1,2
1656,266,1,2
1656,267,1,2
1656,268,1,2
1656,269,1,2
1656,270,1,2
1656,271,1,2
1656,272,1,2
1656,273,1,2
1656,274,1,2
1656,275,1,2
1656,276,1,2
1656,277,1,2
1656,278,1,2
1656,279,1,2
1656,280,1,2
1656,281,1,2
1656,282,1,2
1656,283,1,2
1656,284,1,2
1656,285,1,2
1656,286,1,2
1656,287,1,2
1656,288,1,2
1656,289,1,2
1656,290,1,2
1656,291,1,2
1656,292,1,2
1656,293,1,2
1656,294,1,2
1656,295,1,2
1656,296,1,2
1656,297,1,2
1656,298,1,2
1656,299,1,2
1656,300,1,2
1656,301,1,2
1656,302,1,2
1656,303,1,2
1656,304,1,2
1656,305,1,2
1656,306,1,2
1656,307,1,2
1656,308,1,2
1656,309,1,2
1656,310,1,2
1656,311,1,2
1656,312,1,2
1656,313,1,2
1656,314,1,2
1656,315,1,2
1656,316,1,2
1656,317,1,2
1656,318,1,2
1656,319,1,2
1656,320,1,2
1656,321,1,2
1656,322,1,2
1656,323,1,2
1656,324,1,2
1656,325,1,2
1656,326,1,2
1656,327,1,2
1656,328,1,2
1656,329,1,2
1656,330,1,2
1656,331,1,2
1656,332,1,2
1656,333,1,2
1656,334,1,2
1656,335,1,2
1656,336,1,2
1656,337,1,2
1656,338,1,2
1656,339,1,2
1656,340,1,2
1656,341,1,2
1656,342,1,2
1656,343,1,2
1656,344,1,2
1656,345,1,2
1656,346,1,2
1656,347,1,2
1656,348,1,2
1656,349,1,2
1656,350,1,2
1656,351,1,2
1656,352,1,2
1656,353,1,2
1656,354,1,2
1656,355,1,2
1656,356,1,2
1656,357,1,2
1656,358,1,2
1656,359,1,2
1656,360,1,2
1656,361,1,2
1656,362,1,2
1656,363,1,2
1656,364,1,2
1656,365,1,2
1656,366,1,2
1656,367,1,2
1656,368,1,2
1656,369,1,2
1656,370,1,2
1656,371,1,2
1656,372,1,2
1656,373,1,2
1656,374,1,2
1656,375,1,2
1656,376,1,2
1656,377,1,2
1656,378,1,2
1656,379,1,2
1656,380,1,2
1656,381,1,2
1656,382,1,2
1656,383,1,2
1656,384,1,2
1656,385,1,2
1656,386,1,2
1656,387,1,2
1656,388,1,2
1656,389,1,2
1656,390,1,2
1656,391,1,2
1656,392,1,2
1656,393,1,2
1656,394,1,2
1656,395,1,2
1656,396,1,2
1656,397,1,2
1656,398,1,2
1656,399,1,2
1656,400,1,2
1656,401,1,2
1656,402,1,2
1656,403,1,2
1656,404,1,2
1656,405,1,2
1656,406,1,2
1656,407,1,2
1656,408,1,2
1656,409,1,2
1656,410,1,2
1656,411,1,2
1656,412,1,2
1656,413,1,2
1656,414,1,2
1656,415,1,2
1656,416,1,2
1656,417,1,2
1656,418,1,2
1656,419,1,2
1656,420,1,2
1656,421,1,2
1656,422,1,2
1657,124,1,2
1657,125,1,2
1657,126,1,2
1657,127,1,2
1657,128,1,2
1657,129,1,2
1657,130,1,2
1657,131,1,2
1657,132,1,2
1657,133,1,2
1657,134,1,2
1657,135,1,2
1657,136,1,2
1657,137,1,2
1657,138,1,2
1657,139,1,2
1657,140,1,2
1657,141,1,2
1657,142,1,2
1657,143,1,2
1657,144,1,2
1657,145,1,2
1657,146,1,2
1657,147,1,2
1657,148,1,2
1657,149,1,2
1657,150,1,2
1657,151,1,2
1657,152,1,2
1657,153,1,2
1657,154,1,2
1657,155,1,2
1657,156,1,2
1657,157,1,2
1657,158,1,2
1657,159,1,2
1657,160,1,2
1657,161,1,2
1657,162,1,2
1657,163,1,2
1657,164,1,2
1657,165,1,2
1657,166,1,2
1657,167,1,2
1657,168,1,2
1657,169,1,2
1657,170,1,2
1657,171,1,2
1657,172,1,2
1657,173,1,2
1657,174,1,2
1657,175,1,2
1657,176,1,2
1657,177,1,2
1657,178,1,2
1657,179,1,2
1657,180,1,2
1657,181,1,2
1657,182,1,2
1657,183,1,2
1657,184,1,2
1657,185,1,2
1657,186,1,2
1657,187,1,2
1657,188,1,2
1657,189,1,2
1657,190,1,2
1657,191,1,2
1657,192,1,2
1657,193,1,2
1657,194,1,2
1657,195,1,2
1657,196,1,2
1657,197,1,2
1657,198,1,2
1657,199,1,2
1657,200,1,2
1657,201,1,2
1657,202,1,2
1657,203,1,2
1657,204,1,2
1657,205,1,2
1657,206,1,2
1657,207,1,2
1657,208,1,2
1657,209,1,2
1657,210,1,2
1657,211,1,2
1657,212,1,2
1657,213,1,2
1657,214,1,2
1657,215,1,2
1657,216,1,2
1657,217,1,2
1657,218,1,2
1657,219,1,2
1657,220,1,2
1657,221,1,2
1657,222,1,2
1657,223,1,2
1657,224,1,2
1657,225,1,2
1657,226,1,2
1657,227,1,2
1657,228,1,2
1657,229,1,2
1657,230,1,2
1657,231,1,2
1657,232,1,2
1657,233,1,2
1657,234,1,2
1657,235,1,2
1657,236,1,2
1657,237,1,2
1657,238,1,2
1657,239,1,2
1657,240,1,2
1657,241,1,2
1657,242,1,2
1657,243,1,2
1657,244,1,2
1657,245,1,2
1657,246,1,2
1657,247,1,2
1657,248,1,2
1657,249,1,2
1657,250,1,2
1657,251,1,2
1657,252,1,2
1657,253,1,2
1657,254,1,2
1657,255,1,2
1657,256,1,2
1657,257,1,2
1657,258,1,2
1657,259,1,2
1657,260,1,2
1657,261,1,2
1657,262,1,2
1657,263,1,2
1657,264,1,2
1657,265,1,2
1657,266,1,2
1657,267,1,2
1657,268,1,2
1657,269,1,2
1657,270,1,2
1657,271,1,2
1657,272,1,2
1657,273,1,2
1657,274,1,2
1657,275,1,2
1657,276,1,2
1657,277,1,2
1657,278,1,2
1657,279,1,2
1657,280,1,2
1657,281,1,2
1657,282,1,2
1657,283,1,2
1657,284,1,2
1657,285,1,2
1657,286,1,2
1657,287,1,2
1657,288,1,2
1657,289,1,2
1657,290,1,2
1657,291,1,2
1657,292,1,2
1657,293,1,2
1657,294,1,2
1657,295,1,2
1657,296,1,2
1657,297,1,2
1657,298,1,2
1657,299,1,2
1657,300,1,2
1657,301,1,2
1657,302,1,2
1657,303,1,2
1657,304,1,2
1657,305,1,2
1657,306,1,2
1657,307,1,2
1657,308,1,2
1657,309,1,2
1657,310,1,2
1657,311,1,2
1657,312,1,2
1657,313,1,2
1657,314,1,2
1657,315,1,2
1657,316,1,2
1657,317,1,2
1657,318,1,2
1657,319,1,2
1657,320,1,2
1657,321,1,2
1657,322,1,2
1657,323,1,2
1657,324,1,2
1657,325,1,2
1657,326,1,2
1657,327,1,2
1657,328,1,2
1657,329,1,2
1657,330,1,2
1657,331,1,2
1657,332,1,2
1657,333,1,2
1657,334,1,2
1657,335,1,2
1657,336,1,2
1657,337,1,2
1657,338,1,2
1657,339,1,2
1657,340,1,2
1657,341,1,2
1657,342,1,2
1657,343,1,2
1657,344,1,2
1657,345,1,2
1657,346,1,2
1657,347,1,2
1657,348,1,2
1657,349,1,2
1657,350,1,2
1657,351,1,2
1657,352,1,2
1657,353,1,2
1657,354,1,2
1657,355,1,2
1657,356,1,2
1657,357,1,2
1657,358,1,2
1657,359,1,2
1657,360,1,2
1657,361,1,2
1657,362,1,2
1657,363,1,2
1657,364,1,2
1657,365,1,2
1657,366,1,2
1657,367,1,2
1657,368,1,2
1657,369,1,2
1657,370,1,2
1657,371,1,2
1657,372,1,2
1657,373,1,2
1657,374,1,2
1657,375,1,2
1657,376,1,2
1657,377,1,2
1657,378,1,2
1657,379,1,2
1657,380,1,2
1657,381,1,2
1657,382,1,2
1657,383,1,2
1657,384,1,2
1657,385,1,2
1657,386,1,2
1657,387,1,2
1657,388,1,2
1657,389,1,2
1657,390,1,2
1657,391,1,2
1657,392,1,2
1657,393,1,2
1657,394,1,2
1657,395,1,2
1657,396,1,2
1657,397,1,2
1657,398,1,2
1657,399,1,2
1657,400,1,2
1657,401,1,2
1657,402,1,2
1657,403,1,2
1657,404,1,2
1657,405,1,2
1657,406,1,2
1657,407,1,2
1657,408,1,2
1657,409,1,2
1657,410,1,2
1657,411,1,2
1657,412,1,2
1657,413,1,2
1657,414,1,2
1657,415,1,2
1657,416,1,2
1657,417,1,2
1657,418,1,2
1657,419,1,2
1657,420,1,2
1657,421,1,2
1658,125,1,2
1658,126,1,2
1658,127,1,2
1658,128,1,2
1658,129,1,2
1658,130,1,2
1658,131,1,2
1658,132,1,2
1658,133,1,2
1658,134,1,2
1658,135,1,2
1658,136,1,2
1658,137,1,2
1658,138,1,2
1658,139,1,2
1658,140,1,2
1658,141,1,2
1658,142,1,2
1658,143,1,2
1658,144,1,2
1658,145,1,2
1658,146,1,2
1658,147,1,2
1658,148,1,2
1658,149,1,2
1658,150,1,2
1658,151,1,2
1658,152,1,2
1658,153,1,2
1658,154,1,2
1658,155,1,2
1658,156,1,2
1658,157,1,2
1658,158,1,2
1658,159,1,2
1658,160,1,2
1658,161,1,2
1658,162,1,2
1658,163,1,2
1658,164,1,2
1658,165,1,2
1658,166,1,2
1658,167,1,2
1658,168,1,2
1658,169,1,2
1658,170,1,2
1658,171,1,2
1658,172,1,2
1658,173,1,2
1658,174,1,2
1658,175,1,2
1658,176,1,2
1658,177,1,2
1658,178,1,2
1658,179,1,2
1658,180,1,2
1658,181,1,2
1658,182,1,2
1658,183,1,2
1658,184,1,2
1658,185,1,2
1658,186,1,2
1658,187,1,2
1658,188,1,2
1658,189,1,2
1658,190,1,2
1658,191,1,2
1658,192,1,2
1658,193,1,2
1658,194,1,2
1658,195,1,2
1658,196,1,2
1658,197,1,2
1658,198,1,2
1658,199,1,2
1658,200,1,2
1658,201,1,2
1658,202,1,2
1658,203,1,2
1658,204,1,2
1658,205,1,2
1658,206,1,2
1658,207,1,2
1658,208,1,2
1658,209,1,2
1658,210,1,2
1658,211,1,2
1658,212,1,2
1658,213,1,2
1658,214,1,2
1658,215,1,2
1658,216,1,2
1658,217,1,2
1658,218,1,2
1658,219,1,2
1658,220,1,2
1658,221,1,2
1658,222,1,2
1658,223,1,2
1658,224,1,2
1658,225,1,2
1658,226,1,2
1658,227,1,2
1658,228,1,2
1658,229,1,2
1658,230,1,2
1658,231,1,2
1658,232,1,2
1658,233,1,2
1658,234,1,2
1658,235,1,2
1658,236,1,2
1658,237,1,2
1658,238,1,2
1658,239,1,2
1658,240,1,2
1658,241,1,2
1658,242,1,2
1658,243,1,2
1658,244,1,2
1658,245,1,2
1658,246,1,2
1658,247,1,2
1658,248,1,2
1658,249,1,2
1658,250,1,2
1658,251,1,2
1658,252,1,2
1658,253,1,2
1658,254,1,2
1658,255,1,2
1658,256,1,2
1658,257,1,2
1658,258,1,2
1658,259,1,2
1658,260,1,2
1658,261,1,2
1658,262,1,2
1658,263,1,2
1658,264,1,2
1658,265,1,2
1658,266,1,2
1658,267,1,2
1658,268,1,2
1658,269,1,2
1658,270,1,2
1658,271,1,2
1658,272,1,2
1658,273,1,2
1658,274,1,2
1658,275,1,2
1658,276,1,2
1658,277,1,2
1658,278,1,2
1658,279,1,2
1658,280,1,2
1658,281,1,2
1658,282,1,2
1658,283,1,2
1658,284,1,2
1658,285,1,2
1658,286,1,2
1658,287,1,2
1658,288,1,2
1658,289,1,2
1658,290,1,2
1658,291,1,2
1658,292,1,2
1658,293,1,2
1658,294,1,2
1658,295,1,2
1658,296,1,2
1658,297,1,2
1658,298,1,2
1658,299,1,2
1658,300,1,2
1658,301,1,2
1658,302,1,2
1658,303,1,2
1658,304,1,2
1658,305,1,2
1658,306,1,2
1658,307,1,2
1658,308,1,2
1658,309,1,2
1658,310,1,2
1658,311,1,2
1658,312,1,2
1658,313,1,2
1658,314,1,2
1658,315,1,2
1658,316,1,2
1658,317,1,2
1658,318,1,2
1658,319,1,2
1658,320,1,2
1658,321,1,2
1658,322,1,2
1658,323,1,2
1658,324,1,2
1658,325,1,2
1658,326,1,2
1658,327,1,2
1658,328,1,2
1658,329,1,2
1658,330,1,2
1658,331,1,2
1658,332,1,2
1658,333,1,2
1658,334,1,2
1658,335,1,2
1658,336,1,2
1658,337,1,2
1658,338,1,2
1658,339,1,2
1658,340,1,2
1658,341,1,2
1658,342,1,2
1658,343,1,2
1658,344,1,2
1658,345,1,2
1658,346,1,2
1658,347,1,2
1658,348,1,2
1658,349,1,2
1658,350,1,2
1658,351,1,2
1658,352,1,2
1658,353,1,2
1658,354,1,2
1658,355,1,2
1658,356,1,2
1658,357,1,2
1658,358,1,2
1658,359,1,2
1658,360,1,2
1658,361,1,2
1658,362,1,2
1658,363,1,2
1658,364,1,2
1658,365,1,2
1658,366,1,2
1658,367,1,2
1658,368,1,2
1658,369,1,2
1658,370,1,2
1658,371,1,2
1658,372,1,2
1658,373,1,2
1658,374,1,2
1658,375,1,2
1658,376,1,2
1658,377,1,2
1658,378,1,2
1658,379,1,2
1658,380,1,2
1658,381,1,2
1658,382,1,2
1658,383,1,2
1658,384,1,2
1658,385,1,2
1658,386,1,2
1658,387,1,2
1658,388,1,2
1658,389,1,2
1658,390,1,2
1658,391,1,2
1658,392,1,2
1658,393,1,2
1658,394,1,2
1658,395,1,2
1658,396,1,2
1658,397,1,2
1658,398,1,2
1658,399,1,2
1658,400,1,2
1658,401,1,2
1658,402,1,2
1658,403,1,2
1658,404,1,2
1658,405,1,2
1658,406,1,2
1658,407,1,2
1658,408,1,2
1658,409,1,2
1658,410,1,2
1658,411,1,2
1658,412,1,2
1658,413,1,2
1658,414,1,2
1658,415,1,2
1658,416,1,2
1658,417,1,2
1658,418,1,2
1658,419,1,2
1658,420,1,2
1659,125,1,2
1659,126,1,2
1659,127,1,2
1659,128,1,2
1659,129,1,2
1659,130,1,2
1659,131,1,2
1659,132,1,2
1659,133,1,2
1659,134,1,2
1659,135,1,2
1659,136,1,2
1659,137,1,2
1659,138,1,2
1659,139,1,2
1659,140,1,2
1659,141,1,2
1659,142,1,2
1659,143,1,2
1659,144,1,2
1659,145,1,2
1659,146,1,2
1659,147,1,2
1659,148,1,2
1659,149,1,2
1659,150,1,2
1659,151,1,2
1659,152,1,2
1659,153,1,2
1659,154,1,3
1659,155,1,3
1659,156,1,3
1659,157,1,3
1659,158,1,3
1659,159,1,3
1659,160,1,3
1659,161,1,3
1659,162,1,2
1659,163,1,2
1659,164,1,2
1659,165,1,2
1659,166,1,2
1659,167,1,2
1659,168,1,2
1659,169,1,2
1659,170,1,2
1659,171,1,2
1659,172,1,2
1659,173,1,2
1659,174,1,2
1659,175,1,2
1659,176,1,2
1659,177,1,2
1659,178,1,2
1659,179,1,2
1659,180,1,2
1659,181,1,2
1659,182,1,2
1659,183,1,2
1659,184,1,2
1659,185,1,2
1659,186,1,2
1659,187,1,2
1659,188,1,2
1659,189,1,2
1659,190,1,2
1659,191,1,2
1659,192,1,2
1659,193,1,2
1659,194,1,2
1659,195,1,2
1659,196,1,2
1659,197,1,2
1659,198,1,2
1659,199,1,2
1659,200,1,2
1659,201,1,2
1659,202,1,2
1659,203,1,2
1659,204,1,2
1659,205,1,2
1659,206,1,2
1659,207,1,2
1659,208,1,2
1659,209,1,2
1659,210,1,2
1659,211,1,2
1659,212,1,2
1659,213,1,2
1659,214,1,2
1659,215,1,2
1659,216,1,2
1659,217,1,2
1659,218,1,2
1659,219,1,2
1659,220,1,2
1659,221,1,2
1659,222,1,2
1659,223,1,2
1659,224,1,2
1659,225,1,2
1659,226,1,2
1659,227,1,2
1659,228,1,2
1659,229,1,2
1659,230,1,2
1659,231,1,2
1659,232,1,2
1659,233,1,2
1659,234,1,2
1659,235,1,2
1659,236,1,2
1659,237,1,2
1659,238,1,2
1659,239,1,2
1659,240,1,2
1659,241,1,2
1659,242,1,2
1659,243,1,2
1659,244,1,2
1659,245,1,2
1659,246,1,2
1659,247,1,2
1659,248,1,2
1659,249,1,2
1659,250,1,2
1659,251,1,2
1659,252,1,2
1659,253,1,2
1659,254,1,2
1659,255,1,2
1659,256,1,2
1659,257,1,2
1659,258,1,2
1659,259,1,2
1659,260,1,2
1659,261,1,2
1659,262,1,2
1659,263,1,2
1659,264,1,2
1659,265,1,2
1659,266,1,2
1659,267,1,2
1659,268,1,2
1659,269,1,2
1659,270,1,2
1659,271,1,2
1659,272,1,2
1659,273,1,2
1659,274,1,2
1659,275,1,2
1659,276,1,2
1659,277,1,2
1659,278,1,2
1659,279,1,2
1659,280,1,2
1659,281,1,2
1659,282,1,2
1659,283,1,2
1659,284,1,2
1659,285,1,2
1659,286,1,2
1659,287,1,2
1659,288,1,2
1659,289,1,2
1659,290,1,2
1659,291,1,2
1659,292,1,2
1659,293,1,2
1659,294,1,2
1659,295,1,2
1659,296,1,2
1659,297,1,2
1659,298,1,2
1659,299,1,2
1659,300,1,2
1659,301,1,2
1659,302,1,2
1659,303,1,2
1659,304,1,2
1659,305,1,2
1659,306,1,2
1659,307,1,2
1659,308,1,2
1659,309,1,2
1659,310,1,2
1659,311,1,2
1659,312,1,2
1659,313,1,2
1659,314,1,2
1659,315,1,2
1659,316,1,2
1659,317,1,2
1659,318,1,2
1659,319,1,2
1659,320,1,2
1659,321,1,2
1659,322,1,2
1659,323,1,2
1659,324,1,2
1659,325,1,2
1659,326,1,2
1659,327,1,2
1659,328,1,2
1659,329,1,2
1659,330,1,2
1659,331,1,2
1659,332,1,2
1659,333,1,2
1659,334,1,2
1659,335,1,2
1659,336,1,2
1659,337,1,2
1659,338,1,2
1659,339,1,2
1659,340,1,2
1659,341,1,2
1659,342,1,2
1659,343,1,2
1659,344,1,2
1659,345,1,2
1659,346,1,2
1659,347,1,2
1659,348,1,2
1659,349,1,2
1659,350,1,2
1659,351,1,2
1659,352,1,2
1659,353,1,2
1659,354,1,2
1659,355,1,2
1659,356,1,2
1659,357,1,2
1659,358,1,2
1659,359,1,2
1659,360,1,2
1659,361,1,2
1659,362,1,2
1659,363,1,2
1659,364,1,2
1659,365,1,2
1659,366,1,2
1659,367,1,2
1659,368,1,2
1659,369,1,2
1659,370,1,2
1659,371,1,2
1659,372,1,2
1659,373,1,2
1659,374,1,2
1659,375,1,2
1659,376,1,2
1659,377,1,2
1659,378,1,2
1659,379,1,2
1659,380,1,2
1659,381,1,2
1659,382,1,2
1659,383,1,2
1659,384,1,2
1659,385,1,2
1659,386,1,2
1659,387,1,2
1659,388,1,2
1659,389,1,2
1659,390,1,2
1659,391,1,2
1659,392,1,2
1659,393,1,2
1659,394,1,2
1659,395,1,2
1659,396,1,2
1659,397,1,2
1659,398,1,2
1659,399,1,2
1659,400,1,2
1659,401,1,2
1659,402,1,2
1659,403,1,2
1659,404,1,2
1659,405,1,2
1659,406,1,2
1659,407,1,2
1659,408,1,2
1659,409,1,2
1659,410,1,2
1659,411,1,2
1659,412,1,2
1659,413,1,2
1659,414,1,2
1659,415,1,2
1659,416,1,2
1659,417,1,2
1659,418,1,2
1659,419,1,2
1660,126,1,2
1660,127,1,2
1660,128,1,2
1660,129,1,2
1660,130,1,2
1660,131,1,2
1660,132,1,2
1660,133,1,2
1660,134,1,2
1660,135,1,2
1660,136,1,2
1660,137,1,2
1660,138,1,2
1660,139,1,2
1660,140,1,2
1660,141,1,2
1660,142,1,2
1660,143,1,2
1660,144,1,2
1660,145,1,2
1660,146,1,2
1660,147,1,2
1660,148,1,2
1660,149,1,2
1660,150,1,2
1660,151,1,2
1660,152,1,2
1660,153,1,3
1660,154,1,3
1660,155,1,3
1660,156,1,3
1660,157,1,3
1660,158,1,3
1660,159,1,3
1660,160,1,3
1660,161,1,3
1660,162,1,3
1660,163,1,3
1660,164,1,3
1660,165,1,3
1660,166,1,2
1660,167,1,2
1660,168,1,2
1660,169,1,2
1660,170,1,2
1660,171,1,2
1660,172,1,2
1660,173,1,2
1660,174,1,2
1660,175,1,2
1660,176,1,2
1660,177,1,2
1660,178,1,2
1660,179,1,2
1660,180,1,2
1660,181,1,2
1660,182,1,2
1660,183,1,2
1660,184,1,2
1660,185,1,2
1660,186,1,2
1660,187,1,2
1660,188,1,2
1660,189,1,2
1660,190,1,2
1660,191,1,2
1660,192,1,2
1660,193,1,2
1660,194,1,2
1660,195,1,2
1660,196,1,2
1660,197,1,2
1660,198,1,2
1660,199,1,2
1660,200,1,2
1660,201,1,2
1660,202,1,2
1660,203,1,2
1660,204,1,2
1660,205,1,2
1660,206,1,2
1660,207,1,2
1660,208,1,2
1660,209,1,2
1660,210,1,2
1660,211,1,2
1660,212,1,2
1660,213,1,2
1660,214,1,2
1660,215,1,2
1660,216,1,2
1660,217,1,2
1660,218,1,2
1660,219,1,2
1660,220,1,2
1660,221,1,2
1660,222,1,2
1660,223,1,2
1660,224,1,2
1660,225,1,2
1660,226,1,2
1660,227,1,2
1660,228,1,2
1660,229,1,2
1660,230,1,2
1660,231,1,2
1660,232,1,2
1660,233,1,2
1660,234,1,2
1660,235,1,2
1660,236,1,2
1660,237,1,2
1660,238,1,2
1660,239,1,2
1660,240,1,2
1660,241,1,2
1660,242,1,2
1660,243,1,2
1660,244,1,2
1660,245,1,2
1660,246,1,2
1660,247,1,2
1660,248,1,2
1660,249,1,2
1660,250,1,2
1660,251,1,2
1660,252,1,2
1660,253,1,2
1660,254,1,2
1660,255,1,2
1660,256,1,2
1660,257,1,2
1660,258,1,2
1660,259,1,2
1660,260,1,2
1660,261,1,2
1660,262,1,2
1660,263,1,2
1660,264,1,2
1660,265,1,2
1660,266,1,2
1660,267,1,2
1660,268,1,2
1660,269,1,2
1660,270,1,2
1660,271,1,2
1660,272,1,2
1660,273,1,2
1660,274,1,2
1660,275,1,2
1660,276,1,2
1660,277,1,2
1660,278,1,2
1660,279,1,2
1660,280,1,2
1660,281,1,2
1660,282,1,2
1660,283,1,2
1660,284,1,2
1660,285,1,2
1660,286,1,2
1660,287,1,2
1660,288,1,2
1660,289,1,2
1660,290,1,2
1660,291,1,2
1660,292,1,2
1660,293,1,2
1660,294,1,2
1660,295,1,2
1660,296,1,2
1660,297,1,2
1660,298,1,2
1660,299,1,2
1660,300,1,2
1660,301,1,2
1660,302,1,2
1660,303,1,2
1660,304,1,2
1660,305,1,2
1660,306,1,2
1660,307,1,2
1660,308,1,2
1660,309,1,2
1660,310,1,2
1660,311,1,2
1660,312,1,2
1660,313,1,2
1660,314,1,2
1660,315,1,2
1660,316,1,2
1660,317,1,2
1660,318,1,2
1660,319,1,2
1660,320,1,2
1660,321,1,2
1660,322,1,2
1660,323,1,2
1660,324,1,2
1660,325,1,2
1660,326,1,2
1660,327,1,2
1660,328,1,2
1660,329,1,2
1660,330,1,2
1660,331,1,2
1660,332,1,2
1660,333,1,2
1660,334,1,2
1660,335,1,2
1660,336,1,2
1660,337,1,2
1660,338,1,2
1660,339,1,2
1660,340,1,2
1660,341,1,2
1660,342,1,2
1660,343,1,2
1660,344,1,2
1660,345,1,2
1660,346,1,2
1660,347,1,2
1660,348,1,2
1660,349,1,2
1660,350,1,2
1660,351,1,2
1660,352,1,2
1660,353,1,2
1660,354,1,2
1660,355,1,2
1660,356,1,2
1660,357,1,2
1660,358,1,2
1660,359,1,2
1660,360,1,2
1660,361,1,2
1660,362,1,2
1660,363,1,2
1660,364,1,2
1660,365,1,2
1660,366,1,2
1660,367,1,2
1660,368,1,2
1660,369,1,2
1660,370,1,2
1660,371,1,2
1660,372,1,2
1660,373,1,2
1660,374,1,2
1660,375,1,2
1660,376,1,2
1660,377,1,2
1660,378,1,2
1660,379,1,2
1660,380,1,2
1660,381,1,2
1660,382,1,2
1660,383,1,2
1660,384,1,2
1660,385,1,2
1660,386,1,2
1660,387,1,2
1660,388,1,2
1660,389,1,2
1660,390,1,2
1660,391,1,2
1660,392,1,2
1660,393,1,2
1660,394,1,2
1660,395,1,2
1660,396,1,2
1660,397,1,2
1660,398,1,2
1660,399,1,2
1660,400,1,2
1660,401,1,2
1660,402,1,2
1660,403,1,2
1660,404,1,2
1660,405,1,2
1660,406,1,2
1660,407,1,2
1660,408,1,2
1660,409,1,2
1660,410,1,2
1660,411,1,2
1660,412,1,2
1660,413,1,2
1660,414,1,2
1660,415,1,2
1660,416,1,2
1660,417,1,2
1660,418,1,2
1661,127,1,2
1661,128,1,2
1661,129,1,2
1661,130,1,2
1661,131,1,2
1661,132,1,2
1661,133,1,2
1661,134,1,2
1661,135,1,2
1661,136,1,2
1661,137,1,2
1661,138,1,2
1661,139,1,2
1661,140,1,2
1661,141,1,2
1661,142,1,2
1661,143,1,2
1661,144,1,2
1661,145,1,2
1661,146,1,2
1661,147,1,2
1661,148,1,3
1661,149,1,3
1661,150,1,3
1661,151,1,3
1661,152,1,3
1661,153,1,3
1661,154,1,3
1661,155,1,3
1661,156,1,3
1661,157,1,3
1661,158,1,3
1661,159,1,3
1661,160,1,3
1661,161,1,3
1661,162,1,3
1661,163,1,3
1661,164,1,3
1661,165,1,3
1661,166,1,2
1661,167,1,2
1661,168,1,2
1661,169,1,2
1661,170,1,2
1661,171,1,2
1661,172,1,2
1661,173,1,2
1661,174,1,2
1661,175,1,2
1661,176,1,2
1661,177,1,2
1661,178,1,2
1661,179,1,2
1661,180,1,2
1661,181,1,2
1661,182,1,2
1661,183,1,2
1661,184,1,2
1661,185,1,2
1661,186,1,2
1661,187,1,2
1661,188,1,2
1661,189,1,2
1661,190,1,2
1661,191,1,2
1661,192,1,2
1661,193,1,2
1661,194,1,2
1661,195,1,2
1661,196,1,2
1661,197,1,2
1661,198,1,2
1661,199,1,2
1661,200,1,2
1661,201,1,2
1661,202,1,2
1661,203,1,2
1661,204,1,2
1661,205,1,2
1661,206,1,2
1661,207,1,2
1661,208,1,2
1661,209,1,2
1661,210,1,2
1661,211,1,2
1661,212,1,2
1661,213,1,2
1661,214,1,2
1661,215,1,2
1661,216,1,2
1661,217,1,2
1661,218,1,2
1661,219,1,2
1661,220,1,2
1661,221,1,2
1661,222,1,2
1661,223,1,2
1661,224,1,2
1661,225,1,2
1661,226,1,2
1661,227,1,2
1661,228,1,2
1661,229,1,2
1661,230,1,2
1661,231,1,2
1661,232,1,2
1661,233,1,2
1661,234,1,2
1661,235,1,2
1661,236,1,2
1661,237,1,2
1661,238,1,2
1661,239,1,2
1661,240,1,2
1661,241,1,2
1661,242,1,2
1661,243,1,2
1661,244,1,2
1661,245,1,2
1661,246,1,2
1661,247,1,2
1661,248,1,2
1661,249,1,2
1661,250,1,2
1661,251,1,2
1661,252,1,2
1661,253,1,2
1661,254,1,2
1661,255,1,2
1661,256,1,2
1661,257,1,2
1661,258,1,2
1661,259,1,2
1661,260,1,2
1661,261,1,2
1661,262,1,2
1661,263,1,2
1661,264,1,2
1661,265,1,2
1661,266,1,2
1661,267,1,2
1661,268,1,2
1661,269,1,2
1661,270,1,2
1661,271,1,2
1661,272,1,2
1661,273,1,2
1661,274,1,2
1661,275,1,2
1661,276,1,2
1661,277,1,2
1661,278,1,2
1661,279,1,2
1661,280,1,2
1661,281,1,2
1661,282,1,2
1661,283,1,2
1661,284,1,2
1661,285,1,2
1661,286,1,2
1661,287,1,2
1661,288,1,2
1661,289,1,2
1661,290,1,2
1661,291,1,2
1661,292,1,2
1661,293,1,2
1661,294,1,2
1661,295,1,2
1661,296,1,2
1661,297,1,2
1661,298,1,2
1661,299,1,2
1661,300,1,2
1661,301,1,2
1661,302,1,2
1661,303,1,2
1661,304,1,2
1661,305,1,2
1661,306,1,2
1661,307,1,2
1661,308,1,2
1661,309,1,2
1661,310,1,2
1661,311,1,2
1661,312,1,2
1661,313,1,2
1661,314,1,2
1661,315,1,2
1661,316,1,2
1661,317,1,2
1661,318,1,2
1661,319,1,2
1661,320,1,2
1661,321,1,2
1661,322,1,2
1661,323,1,2
1661,324,1,2
1661,325,1,2
1661,326,1,2
1661,327,1,2
1661,328,1,2
1661,329,1,2
1661,330,1,2
1661,331,1,2
1661,332,1,2
1661,333,1,2
1661,334,1,2
1661,335,1,2
1661,336,1,2
1661,337,1,2
1661,338,1,2
1661,339,1,2
1661,340,1,2
1661,341,1,2
1661,342,1,2
1661,343,1,2
1661,344,1,2
1661,345,1,2
1661,346,1,2
1661,347,1,2
1661,348,1,2
1661,349,1,2
1661,350,1,2
1661,351,1,2
1661,352,1,2
1661,353,1,2
1661,354,1,2
1661,355,1,2
1661,356,1,2
1661,357,1,2
1661,358,1,2
1661,359,1,2
1661,360,1,2
1661,361,1,2
1661,362,1,2
1661,363,1,2
1661,364,1,2
1661,365,1,2
1661,366,1,2
1661,367,1,2
1661,368,1,2
1661,369,1,2
1661,370,1,2
1661,371,1,2
1661,372,1,2
1661,373,1,2
1661,374,1,2
1661,375,1,2
1661,376,1,2
1661,377,1,2
1661,378,1,2
1661,379,1,2
1661,380,1,2
1661,381,1,2
1661,382,1,2
1661,383,1,2
1661,384,1,2
1661,385,1,2
1661,386,1,2
1661,387,1,2
1661,388,1,2
1661,389,1,2
1661,390,1,2
1661,391,1,2
1661,392,1,2
1661,393,1,2
1661,394,1,2
1661,395,1,2
1661,396,1,2
1661,397,1,2
1661,398,1,2
1661,399,1,2
1661,400,1,2
1661,401,1,2
1661,402,1,2
1661,403,1,2
1661,404,1,2
1661,405,1,2
1661,406,1,2
1661,407,1,2
1661,408,1,2
1661,409,1,2
1661,410,1,2
1661,411,1,2
1661,412,1,2
1661,413,1,2
1661,414,1,2
1661,415,1,2
1661,416,1,2
1662,127,1,2
1662,128,1,2
1662,129,1,2
1662,130,1,2
1662,131,1,2
1662,132,1,2
1662,133,1,2
1662,134,1,2
1662,135,1,2
1662,136,1,2
1662,137,1,2
1662,138,1,2
1662,139,1,2
1662,140,1,2
1662,141,1,2
1662,142,1,2
1662,143,1,2
1662,144,1,2
1662,145,1,2
1662,146,1,3
1662,147,1,3
1662,148,1,3
1662,149,1,3
1662,150,1,3
1662,151,1,3
1662,152,1,3
1662,153,1,3
1662,154,1,3
1662,155,1,3
1662,156,1,3
1662,157,1,3
1662,158,1,3
1662,159,1,3
1662,160,1,3
1662,161,1,3
1662,162,1,3
1662,163,1,3
1662,164,1,3
1662,165,1,3
1662,166,1,3
1662,167,1,2
1662,168,1,2
1662,169,1,2
1662,170,1,2
1662,171,1,2
1662,172,1,2
1662,173,1,2
1662,174,1,2
1662,175,1,2
1662,176,1,2
1662,177,1,2
1662,178,1,2
1662,179,1,2
1662,180,1,2
1662,181,1,2
1662,182,1,2
1662,183,1,2
1662,184,1,2
1662,185,1,2
1662,186,1,2
1662,187,1,2
1662,188,1,2
1662,189,1,2
1662,190,1,2
1662,191,1,2
1662,192,1,2
1662,193,1,2
1662,194,1,2
1662,195,1,2
1662,196,1,2
1662,197,1,2
1662,198,1,2
1662,199,1,2
1662,200,1,2
1662,201,1,2
1662,202,1,2
1662,203,1,2
1662,204,1,2
1662,205,1,2
1662,206,1,2
1662,207,1,2
1662,208,1,2
1662,209,1,2
1662,210,1,2
1662,211,1,2
1662,212,1,2
1662,213,1,2
1662,214,1,2
1662,215,1,2
1662,216,1,2
1662,217,1,2
1662,218,1,2
1662,219,1,2
1662,220,1,2
1662,221,1,2
1662,222,1,2
1662,223,1,2
1662,224,1,2
1662,225,1,2
1662,226,1,2
1662,227,1,2
1662,228,1,2
1662,229,1,2
1662,230,1,2
1662,231,1,2
1662,232,1,2
1662,233,1,2
1662,234,1,2
1662,235,1,2
1662,236,1,2
1662,237,1,2
1662,238,1,2
1662,239,1,2
1662,240,1,2
1662,241,1,2
1662,242,1,2
1662,243,1,2
1662,244,1,2
1662,245,1,2
1662,246,1,2
1662,247,1,2
1662,248,1,2
1662,249,1,2
1662,250,1,2
1662,251,1,2
1662,252,1,2
1662,253,1,2
1662,254,1,2
1662,255,1,2
1662,256,1,2
1662,257,1,2
1662,258,1,2
1662,259,1,2
1662,260,1,2
1662,261,1,2
1662,262,1,2
1662,263,1,2
1662,264,1,2
1662,265,1,2
1662,266,1,2
1662,267,1,2
1662,268,1,2
1662,269,1,2
1662,270,1,2
1662,271,1,2
1662,272,1,2
1662,273,1,2
1662,274,1,2
1662,275,1,2
1662,276,1,2
1662,277,1,2
1662,278,1,2
1662,279,1,2
1662,280,1,2
1662,281,1,2
1662,282,1,2
1662,283,1,2
1662,284,1,2
1662,285,1,2
1662,286,1,2
1662,287,1,2
1662,288,1,2
1662,289,1,2
1662,290,1,2
1662,291,1,2
1662,292,1,2
1662,293,1,2
1662,294,1,2
1662,295,1,2
1662,296,1,2
1662,297,1,2
1662,298,1,2
1662,299,1,2
1662,300,1,2
1662,301,1,2
1662,302,1,2
1662,303,1,2
1662,304,1,2
1662,305,1,2
1662,306,1,2
1662,307,1,2
1662,308,1,2
1662,309,1,2
1662,310,1,2
1662,311,1,2
1662,312,1,2
1662,313,1,2
1662,314,1,2
1662,315,1,2
1662,316,1,2
1662,317,1,2
1662,318,1,2
1662,319,1,2
1662,320,1,2
1662,321,1,2
1662,322,1,2
1662,323,1,2
1662,324,1,2
1662,325,1,2
1662,326,1,2
1662,327,1,2
1662,328,1,2
1662,329,1,2
1662,330,1,2
1662,331,1,2
1662,332,1,2
1662,333,1,2
1662,334,1,2
1662,335,1,2
1662,336,1,2
1662,337,1,2
1662,338,1,2
1662,339,1,2
1662,340,1,2
1662,341,1,2
1662,342,1,2
1662,343,1,2
1662,344,1,2
1662,345,1,2
1662,346,1,2
1662,347,1,2
1662,348,1,2
1662,349,1,2
1662,350,1,2
1662,351,1,2
1662,352,1,2
1662,353,1,2
1662,354,1,2
1662,355,1,2
1662,356,1,2
1662,357,1,2
1662,358,1,2
1662,359,1,2
1662,360,1,2
1662,361,1,2
1662,362,1,2
1662,363,1,2
1662,364,1,2
1662,365,1,2
1662,366,1,2
1662,367,1,2
1662,368,1,2
1662,369,1,2
1662,370,1,2
1662,371,1,2
1662,372,1,2
1662,373,1,2
1662,374,1,2
1662,375,1,2
1662,376,1,2
1662,377,1,2
1662,378,1,2
1662,379,1,2
1662,380,1,2
1662,381,1,2
1662,382,1,2
1662,383,1,2
1662,384,1,2
1662,385,1,2
1662,386,1,2
1662,387,1,2
1662,388,1,2
1662,389,1,2
1662,390,1,2
1662,391,1,2
1662,392,1,2
1662,393,1,2
1662,394,1,2
1662,395,1,2
1662,396,1,2
1662,397,1,2
1662,398,1,2
1662,399,1,2
1662,400,1,2
1662,401,1,2
1662,402,1,2
1662,403,1,2
1662,404,1,2
1662,405,1,2
1662,406,1,2
1662,407,1,2
1662,408,1,2
1662,409,1,2
1662,410,1,2
1662,411,1,2
1662,412,1,2
1662,413,1,2
1662,414,1,2
1662,415,1,2
1663,127,1,2
1663,128,1,2
1663,129,1,2
1663,130,1,2
1663,131,1,2
1663,132,1,2
1663,133,1,2
1663,134,1,2
1663,135,1,2
1663,136,1,2
1663,137,1,2
1663,138,1,2
1663,139,1,2
1663,140,1,2
1663,141,1,2
1663,142,1,2
1663,143,1,2
1663,144,1,2
1663,145,1,2
1663,146,1,3
1663,147,1,3
1663,148,1,3
1663,149,1,3
1663,150,1,3
1663,151,1,3
1663,152,1,3
1663,153,1,3
1663,154,1,3
1663,155,1,3
1663,156,1,3
1663,157,1,3
1663,158,1,3
1663,159,1,3
1663,160,1,3
1663,161,1,3
1663,162,1,3
1663,163,1,3
1663,164,1,3
1663,165,1,3
1663,166,1,3
1663,167,1,2
1663,168,1,2
1663,169,1,2
1663,170,1,2
1663,171,1,2
1663,172,1,2
1663,173,1,2
1663,174,1,2
1663,175,1,2
1663,176,1,2
1663,177,1,2
1663,178,1,2
1663,179,1,2
1663,180,1,2
1663,181,1,2
1663,182,1,2
1663,183,1,2
1663,184,1,2
1663,185,1,2
1663,186,1,2
1663,187,1,2
1663,188,1,2
1663,189,1,2
1663,190,1,2
1663,191,1,2
1663,192,1,2
1663,193,1,2
1663,194,1,2
1663,195,1,2
1663,196,1,2
1663,197,1,2
1663,198,1,2
1663,199,1,2
1663,200,1,2
1663,201,1,2
1663,202,1,2
1663,203,1,2
1663,204,1,2
1663,205,1,2
1663,206,1,2
1663,207,1,2
1663,208,1,2
1663,209,1,2
1663,210,1,2
1663,211,1,2
1663,212,1,2
1663,213,1,2
1663,214,1,2
1663,215,1,2
1663,216,1,2
1663,217,1,2
1663,218,1,2
1663,219,1,2
1663,220,1,2
1663,221,1,2
1663,222,1,2
1663,223,1,2
1663,224,1,2
1663,225,1,2
1663,226,1,2
1663,227,1,2
1663,228,1,2
1663,229,1,2
1663,230,1,2
1663,231,1,2
1663,232,1,2
1663,233,1,2
1663,234,1,2
1663,235,1,2
1663,236,1,2
1663,237,1,2
1663,238,1,2
1663,239,1,2
1663,240,1,2
1663,241,1,2
1663,242,1,2
1663,243,1,2
1663,244,1,2
1663,245,1,2
1663,246,1,2
1663,247,1,2
1663,248,1,2
1663,249,1,2
1663,250,1,2
1663,251,1,2
1663,252,1,2
1663,253,1,2
1663,254,1,2
1663,255,1,2
1663,256,1,2
1663,257,1,2
1663,258,1,2
1663,259,1,2
1663,260,1,2
1663,261,1,2
1663,262,1,2
1663,263,1,2
1663,264,1,2
1663,265,1,2
1663,266,1,2
1663,267,1,2
1663,268,1,2
1663,269,1,2
1663,270,1,2
1663,271,1,2
1663,272,1,2
1663,273,1,2
1663,274,1,2
1663,275,1,2
1663,276,1,2
1663,277,1,2
1663,278,1,2
1663,279,1,2
1663,280,1,2
1663,281,1,2
1663,282,1,2
1663,283,1,2
1663,284,1,2
1663,285,1,2
1663,286,1,2
1663,287,1,2
1663,288,1,2
1663,289,1,2
1663,290,1,2
1663,291,1,2
1663,292,1,2
1663,293,1,2
1663,294,1,2
1663,295,1,2
1663,296,1,2
1663,297,1,2
1663,298,1,2
1663,299,1,2
1663,300,1,2
1663,301,1,2
1663,302,1,2
1663,303,1,2
1663,304,1,2
1663,305,1,2
1663,306,1,2
1663,307,1,2
1663,308,1,2
1663,309,1,2
1663,310,1,2
1663,311,1,2
1663,312,1,2
1663,313,1,2
1663,314,1,2
1663,315,1,2
1663,316,1,2
1663,317,1,2
1663,318,1,2
1663,319,1,2
1663,320,1,2
1663,321,1,2
1663,322,1,2
1663,323,1,2
1663,324,1,2
1663,325,1,2
1663,326,1,2
1663,327,1,2
1663,328,1,2
1663,329,1,2
1663,330,1,2
1663,331,1,2
1663,332,1,2
1663,333,1,2
1663,334,1,2
1663,335,1,2
1663,336,1,2
1663,337,1,2
1663,338,1,2
1663,339,1,2
1663,340,1,2
1663,341,1,2
1663,342,1,2
1663,343,1,2
1663,344,1,2
1663,345,1,2
1663,346,1,2
1663,347,1,2
1663,348,1,2
1663,349,1,2
1663,350,1,2
1663,351,1,2
1663,352,1,2
1663,353,1,2
1663,354,1,2
1663,355,1,2
1663,356,1,2
1663,357,1,2
1663,358,1,2
1663,359,1,2
1663,360,1,2
1663,361,1,2
1663,362,1,2
1663,363,1,2
1663,364,1,2
1663,365,1,2
1663,366,1,2
1663,367,1,2
1663,368,1,2
1663,369,1,2
1663,370,1,2
1663,371,1,2
1663,372,1,2
1663,373,1,2
1663,374,1,2
1663,375,1,2
1663,376,1,2
1663,377,1,2
1663,378,1,2
1663,379,1,2
1663,380,1,2
1663,381,1,2
1663,382,1,2
1663,383,1,2
1663,384,1,2
1663,385,1,2
1663,386,1,2
1663,387,1,2
1663,388,1,2
1663,389,1,2
1663,390,1,2
1663,391,1,2
1663,392,1,2
1663,393,1,2
1663,394,1,2
1663,395,1,2
1663,396,1,2
1663,397,1,2
1663,398,1,2
1663,399,1,2
1663,400,1,2
1663,401,1,2
1663,402,1,2
1663,403,1,2
1663,404,1,2
1663,405,1,2
1663,406,1,2
1663,407,1,2
1663,408,1,2
1663,409,1,2
1663,410,1,2
1663,411,1,2
1663,412,1,2
1663,413,1,2
1663,414,1,2
1664,128,1,2
1664,129,1,2
1664,130,1,2
1664,131,1,2
1664,132,1,2
1664,133,1,2
1664,134,1,2
1664,135,1,2
1664,136,1,2
1664,137,1,2
1664,138,1,2
1664,139,1,2
1664,140,1,2
1664,141,1,2
1664,142,1,2
1664,143,1,2
1664,144,1,2
1664,145,1,3
1664,146,1,3
1664,147,1,3
1664,148,1,3
1664,149,1,3
1664,150,1,3
1664,151,1,3
1664,152,1,3
1664,153,1,3
1664,154,1,3
1664,155,1,3
1664,156,1,3
1664,157,1,3
1664,158,1,3
1664,159,1,3
1664,160,1,3
1664,161,1,3
1664,162,1,3
1664,163,1,3
1664,164,1,3
1664,165,1,3
1664,166,1,3
1664,167,1,3
1664,168,1,2
1664,169,1,2
1664,170,1,2
1664,171,1,2
1664,172,1,2
1664,173,1,2
1664,174,1,2
1664,175,1,2
1664,176,1,2
1664,177,1,2
1664,178,1,2
1664,179,1,2
1664,180,1,2
1664,181,1,2
1664,182,1,2
1664,183,1,2
1664,184,1,2
1664,185,1,2
1664,186,1,2
1664,187,1,2
1664,188,1,2
1664,189,1,2
1664,190,1,2
1664,191,1,2
1664,192,1,2
1664,193,1,2
1664,194,1,2
1664,195,1,2
1664,196,1,2
1664,197,1,2
1664,198,1,2
1664,199,1,2
1664,200,1,2
1664,201,1,2
1664,202,1,2
1664,203,1,2
1664,204,1,2
1664,205,1,2
1664,206,1,2
1664,207,1,2
1664,208,1,2
1664,209,1,2
1664,210,1,2
1664,211,1,2
1664,212,1,2
1664,213,1,2
1664,214,1,2
1664,215,1,2
1664,216,1,2
1664,217,1,2
1664,218,1,2
1664,219,1,2
1664,220,1,2
1664,221,1,2
1664,222,1,2
1664,223,1,2
1664,224,1,2
1664,225,1,2
1664,226,1,2
1664,227,1,2
1664,228,1,2
1664,229,1,2
1664,230,1,2
1664,231,1,2
1664,232,1,2
1664,233,1,2
1664,234,1,2
1664,235,1,2
1664,236,1,2
1664,237,1,2
1664,238,1,2
1664,239,1,2
1664,240,1,2
1664,241,1,2
1664,242,1,2
1664,243,1,2
1664,244,1,2
1664,245,1,2
1664,246,1,2
1664,247,1,2
1664,248,1,2
1664,249,1,2
1664,250,1,2
1664,251,1,2
1664,252,1,2
1664,253,1,2
1664,254,1,2
1664,255,1,2
1664,256,1,2
1664,257,1,2
1664,258,1,2
1664,259,1,2
1664,260,1,2
1664,261,1,2
1664,262,1,2
1664,263,1,2
1664,264,1,2
1664,265,1,2
1664,266,1,2
1664,267,1,2
1664,268,1,2
1664,269,1,2
1664,270,1,2
1664,271,1,2
1664,272,1,2
1664,273,1,2
1664,274,1,2
1664,275,1,2
1664,276,1,2
1664,277,1,2
1664,278,1,2
1664,279,1,2
1664,280,1,2
1664,281,1,2
1664,282,1,2
1664,283,1,2
1664,284,1,2
1664,285,1,2
1664,286,1,2
1664,287,1,2
1664,288,1,2
1664,289,1,2
1664,290,1,2
1664,291,1,2
1664,292,1,2
1664,293,1,2
1664,294,1,2
1664,295,1,2
1664,296,1,2
1664,297,1,2
1664,298,1,2
1664,299,1,2
1664,300,1,2
1664,301,1,2
1664,302,1,2
1664,303,1,2
1664,304,1,2
1664,305,1,2
1664,306,1,2
1664,307,1,2
1664,308,1,2
1664,309,1,2
1664,310,1,2
1664,311,1,2
1664,312,1,2
1664,313,1,2
1664,314,1,2
1664,315,1,2
1664,316,1,2
1664,317,1,2
1664,318,1,2
1664,319,1,2
1664,320,1,2
1664,321,1,2
1664,322,1,2
1664,323,1,2
1664,324,1,2
1664,325,1,2
1664,326,1,2
1664,327,1,2
1664,328,1,2
1664,329,1,2
1664,330,1,2
1664,331,1,2
1664,332,1,2
1664,333,1,2
1664,334,1,2
1664,335,1,2
1664,336,1,2
1664,337,1,2
1664,338,1,2
1664,339,1,2
1664,340,1,2
1664,341,1,2
1664,342,1,2
1664,343,1,2
1664,344,1,2
1664,345,1,2
1664,346,1,2
1664,347,1,2
1664,348,1,2
1664,349,1,2
1664,350,1,2
1664,351,1,2
1664,352,1,2
1664,353,1,2
1664,354,1,2
1664,355,1,2
1664,356,1,2
1664,357,1,2
1664,358,1,2
1664,359,1,2
1664,360,1,2
1664,361,1,2
1664,362,1,2
1664,363,1,2
1664,364,1,2
1664,365,1,2
1664,366,1,2
1664,367,1,2
1664,368,1,2
1664,369,1,2
1664,370,1,2
1664,371,1,2
1664,372,1,2
1664,373,1,2
1664,374,1,2
1664,375,1,2
1664,376,1,2
1664,377,1,2
1664,378,1,2
1664,379,1,2
1664,380,1,2
1664,381,1,2
1664,382,1,2
1664,383,1,2
1664,384,1,2
1664,385,1,2
1664,386,1,2
1664,387,1,2
1664,388,1,2
1664,389,1,2
1664,390,1,2
1664,391,1,2
1664,392,1,2
1664,393,1,2
1664,394,1,2
1664,395,1,2
1664,396,1,2
1664,397,1,2
1664,398,1,2
1664,399,1,2
1664,400,1,2
1664,401,1,2
1664,402,1,2
1664,403,1,2
1664,404,1,2
1664,405,1,2
1664,406,1,2
1664,407,1,2
1664,408,1,2
1664,409,1,2
1664,410,1,2
1664,411,1,2
1664,412,1,2
1665,129,1,2
1665,130,1,2
1665,131,1,2
1665,132,1,2
1665,133,1,2
1665,134,1,2
1665,135,1,2
1665,136,1,2
1665,137,1,2
1665,138,1,2
1665,139,1,2
1665,140,1,2
1665,141,1,2
1665,142,1,2
1665,143,1,2
1665,144,1,2
1665,145,1,3
1665,146,1,3
1665,147,1,3
1665,148,1,3
1665,149,1,3
1665,150,1,3
1665,151,1,3
1665,152,1,3
1665,153,1,3
1665,154,1,3
1665,155,1,3
1665,156,1,3
1665,157,1,3
1665,158,1,3
1665,159,1,3
1665,160,1,3
1665,161,1,3
1665,162,1,3
1665,163,1,3
1665,164,1,3
1665,165,1,3
1665,166,1,3
1665,167,1,3
1665,168,1,3
1665,169,1,2
1665,170,1,2
1665,171,1,2
1665,172,1,2
1665,173,1,2
1665,174,1,2
1665,175,1,2
1665,176,1,2
1665,177,1,2
1665,178,1,2
1665,179,1,2
1665,180,1,2
1665,181,1,2
1665,182,1,2
1665,183,1,2
1665,184,1,2
1665,185,1,2
1665,186,1,2
1665,187,1,2
1665,188,1,2
1665,189,1,2
1665,190,1,2
1665,191,1,2
1665,192,1,2
1665,193,1,2
1665,194,1,2
1665,195,1,2
1665,196,1,2
1665,197,1,2
1665,198,1,2
1665,199,1,2
1665,200,1,2
1665,201,1,2
1665,202,1,2
1665,203,1,2
1665,204,1,2
1665,205,1,2
1665,206,1,2
1665,207,1,2
1665,208,1,2
1665,209,1,2
1665,210,1,2
1665,211,1,2
1665,212,1,2
1665,213,1,2
1665,214,1,2
1665,215,1,2
1665,216,1,2
1665,217,1,2
1665,218,1,2
1665,219,1,2
1665,220,1,2
1665,221,1,2
1665,222,1,2
1665,223,1,2
1665,224,1,2
1665,225,1,2
1665,226,1,2
1665,227,1,2
1665,228,1,2
1665,229,1,2
1665,230,1,2
1665,231,1,2
1665,232,1,2
1665,233,1,2
1665,234,1,2
1665,235,1,2
1665,236,1,2
1665,237,1,2
1665,238,1,2
1665,239,1,2
1665,240,1,2
1665,241,1,2
1665,242,1,2
1665,243,1,2
1665,244,1,2
1665,245,1,2
1665,246,1,2
1665,247,1,2
1665,248,1,2
1665,249,1,2
1665,250,1,2
1665,251,1,2
1665,252,1,2
1665,253,1,2
1665,254,1,2
1665,255,1,2
1665,256,1,2
1665,257,1,2
1665,258,1,2
1665,259,1,2
1665,260,1,2
1665,261,1,2
1665,262,1,2
1665,263,1,2
1665,264,1,2
1665,265,1,2
1665,266,1,2
1665,267,1,2
1665,268,1,2
1665,269,1,2
1665,270,1,2
1665,271,1,2
1665,272,1,2
1665,273,1,2
1665,274,1,2
1665,275,1,2
1665,276,1,2
1665,277,1,2
1665,278,1,2
1665,279,1,2
1665,280,1,2
1665,281,1,2
1665,282,1,2
1665,283,1,2
1665,284,1,2
1665,285,1,2
1665,286,1,2
1665,287,1,2
1665,288,1,2
1665,289,1,2
1665,290,1,2
1665,291,1,2
1665,292,1,2
1665,293,1,2
1665,294,1,2
1665,295,1,2
1665,296,1,2
1665,297,1,2
1665,298,1,2
1665,299,1,2
1665,300,1,2
1665,301,1,2
1665,302,1,2
1665,303,1,2
1665,304,1,2
1665,305,1,2
1665,306,1,2
1665,307,1,2
1665,308,1,2
1665,309,1,2
1665,310,1,2
1665,311,1,2
1665,312,1,2
1665,313,1,2
1665,314,1,2
1665,315,1,2
1665,316,1,2
1665,317,1,2
1665,318,1,2
1665,319,1,2
1665,320,1,2
1665,321,1,2
1665,322,1,2
1665,323,1,2
1665,324,1,2
1665,325,1,2
1665,326,1,2
1665,327,1,2
1665,328,1,2
1665,329,1,2
1665,330,1,2
1665,331,1,2
1665,332,1,2
1665,333,1,2
1665,334,1,2
1665,335,1,2
1665,336,1,2
1665,337,1,2
1665,338,1,2
1665,339,1,2
1665,340,1,2
1665,341,1,2
1665,342,1,2
1665,343,1,2
1665,344,1,2
1665,345,1,2
1665,346,1,2
1665,347,1,2
1665,348,1,2
1665,349,1,2
1665,350,1,2
1665,351,1,2
1665,352,1,2
1665,353,1,2
1665,354,1,2
1665,355,1,2
1665,356,1,2
1665,357,1,2
1665,358,1,2
1665,359,1,2
1665,360,1,2
1665,361,1,2
1665,362,1,2
1665,363,1,2
1665,364,1,2
1665,365,1,2
1665,366,1,2
1665,367,1,2
1665,368,1,2
1665,369,1,2
1665,370,1,2
1665,371,1,2
1665,372,1,2
1665,373,1,2
1665,374,1,2
1665,375,1,2
1665,376,1,2
1665,377,1,2
1665,378,1,2
1665,379,1,2
1665,380,1,2
1665,381,1,2
1665,382,1,2
1665,383,1,2
1665,384,1,2
1665,385,1,2
1665,386,1,2
1665,387,1,2
1665,388,1,2
1665,389,1,2
1665,390,1,2
1665,391,1,2
1665,392,1,2
1665,393,1,2
1665,394,1,2
1665,395,1,2
1665,396,1,2
1665,397,1,2
1665,398,1,2
1665,399,1,2
1665,400,1,2
1665,401,1,2
1665,402,1,2
1665,403,1,2
1665,404,1,2
1665,405,1,2
1665,406,1,2
1665,407,1,2
1665,408,1,2
1665,409,1,2
1665,410,1,2
1665,411,1,2
1666,129,1,2
1666,130,1,2
1666,131,1,2
1666,132,1,2
1666,133,1,2
1666,134,1,2
1666,135,1,2
1666,136,1,2
1666,137,1,2
1666,138,1,2
1666,139,1,2
1666,140,1,2
1666,141,1,2
1666,142,1,2
1666,143,1,2
1666,144,1,2
1666,145,1,3
1666,146,1,3
1666,147,1,3
1666,148,1,3
1666,149,1,3
1666,150,1,3
1666,151,1,3
1666,152,1,3
1666,153,1,3
1666,154,1,3
1666,155,1,3
1666,156,1,3
1666,157,1,3
1666,158,1,3
1666,159,1,3
1666,160,1,3
1666,161,1,3
1666,162,1,3
1666,163,1,3
1666,164,1,3
1666,165,1,3
1666,166,1,3
1666,167,1,3
1666,168,1,3
1666,169,1,3
1666,170,1,2
1666,171,1,2
1666,172,1,2
1666,173,1,2
1666,174,1,2
1666,175,1,2
1666,176,1,2
1666,177,1,2
1666,178,1,2
1666,179,1,2
1666,180,1,2
1666,181,1,2
1666,182,1,2
1666,183,1,2
1666,184,1,2
1666,185,1,2
1666,186,1,2
1666,187,1,2
1666,188,1,2
1666,189,1,2
1666,190,1,2
1666,191,1,2
1666,192,1,2
1666,193,1,2
1666,194,1,2
1666,195,1,2
1666,196,1,2
1666,197,1,2
1666,198,1,2
1666,199,1,2
1666,200,1,2
1666,201,1,2
1666,202,1,2
1666,203,1,2
1666,204,1,2
1666,205,1,2
1666,206,1,2
1666,207,1,2
1666,208,1,2
1666,209,1,2
1666,210,1,2
1666,211,1,2
1666,212,1,2
1666,213,1,2
1666,214,1,2
1666,215,1,2
1666,216,1,2
1666,217,1,2
1666,218,1,2
1666,219,1,2
1666,220,1,2
1666,221,1,2
1666,222,1,2
1666,223,1,2
1666,224,1,2
1666,225,1,2
1666,226,1,2
1666,227,1,2
1666,228,1,2
1666,229,1,2
1666,230,1,2
1666,231,1,2
1666,232,1,2
1666,233,1,2
1666,234,1,2
1666,235,1,2
1666,236,1,2
1666,237,1,2
1666,238,1,2
1666,239,1,2
1666,240,1,2
1666,241,1,2
1666,242,1,2
1666,243,1,2
1666,244,1,2
1666,245,1,2
1666,246,1,2
1666,247,1,2
1666,248,1,2
1666,249,1,2
1666,250,1,2
1666,251,1,2
1666,252,1,2
1666,253,1,2
1666,254,1,2
1666,255,1,2
1666,256,1,2
1666,257,1,2
1666,258,1,2
1666,259,1,2
1666,260,1,2
1666,261,1,2
1666,262,1,2
1666,263,1,2
1666,264,1,2
1666,265,1,2
1666,266,1,2
1666,267,1,2
1666,268,1,2
1666,269,1,2
1666,270,1,2
1666,271,1,2
1666,272,1,2
1666,273,1,2
1666,274,1,2
1666,275,1,2
1666,276,1,2
1666,277,1,2
1666,278,1,2
1666,279,1,2
1666,280,1,2
1666,281,1,2
1666,282,1,2
1666,283,1,2
1666,284,1,2
1666,285,1,2
1666,286,1,2
1666,287,1,2
1666,288,1,2
1666,289,1,2
1666,290,1,2
1666,291,1,2
1666,292,1,2
1666,293,1,2
1666,294,1,2
1666,295,1,2
1666,296,1,2
1666,297,1,2
1666,298,1,2
1666,299,1,2
1666,300,1,2
1666,301,1,2
1666,302,1,2
1666,303,1,2
1666,304,1,2
1666,305,1,2
1666,306,1,2
1666,307,1,2
1666,308,1,2
1666,309,1,2
1666,310,1,2
1666,311,1,2
1666,312,1,2
1666,313,1,2
1666,314,1,2
1666,315,1,2
1666,316,1,2
1666,317,1,2
1666,318,1,2
1666,319,1,2
1666,320,1,2
1666,321,1,2
1666,322,1,2
1666,323,1,2
1666,324,1,2
1666,325,1,2
1666,326,1,2
1666,327,1,2
1666,328,1,2
1666,329,1,2
1666,330,1,2
1666,331,1,2
1666,332,1,2
1666,333,1,2
1666,334,1,2
1666,335,1,2
1666,336,1,2
1666,337,1,2
1666,338,1,2
1666,339,1,2
1666,340,1,2
1666,341,1,2
1666,342,1,2
1666,343,1,2
1666,344,1,2
1666,345,1,2
1666,346,1,2
1666,347,1,2
1666,348,1,2
1666,349,1,2
1666,350,1,2
1666,351,1,2
1666,352,1,2
1666,353,1,2
1666,354,1,2
1666,355,1,2
1666,356,1,2
1666,357,1,2
1666,358,1,2
1666,359,1,2
1666,360,1,2
1666,361,1,2
1666,362,1,2
1666,363,1,2
1666,364,1,2
1666,365,1,2
1666,366,1,2
1666,367,1,2
1666,368,1,2
1666,369,1,2
1666,370,1,2
1666,371,1,2
1666,372,1,2
1666,373,1,2
1666,374,1,2
1666,375,1,2
1666,376,1,2
1666,377,1,2
1666,378,1,2
1666,379,1,2
1666,380,1,2
1666,381,1,2
1666,382,1,2
1666,383,1,2
1666,384,1,2
1666,385,1,2
1666,386,1,2
1666,387,1,2
1666,388,1,2
1666,389,1,2
1666,390,1,2
1666,391,1,2
1666,392,1,2
1666,393,1,2
1666,394,1,2
1666,395,1,2
1666,396,1,2
1666,397,1,2
1666,398,1,2
1666,399,1,2
1666,400,1,2
1666,401,1,2
1666,402,1,2
1666,403,1,2
1666,404,1,2
1666,405,1,2
1666,406,1,2
1666,407,1,2
1666,408,1,2
1666,409,1,2
1666,410,1,2
1667,130,1,2
1667,131,1,2
1667,132,1,2
1667,133,1,2
1667,134,1,2
1667,135,1,2
1667,136,1,2
1667,137,1,2
1667,138,1,2
1667,139,1,2
1667,140,1,2
1667,141,1,2
1667,142,1,2
1667,143,1,2
1667,144,1,2
1667,145,1,3
1667,146,1,3
1667,147,1,3
1667,148,1,3
1667,149,1,3
1667,150,1,3
1667,151,1,3
1667,152,1,3
1667,153,1,3
1667,154,1,3
1667,155,1,3
1667,156,1,3
1667,157,1,3
1667,158,1,3
1667,159,1,3
1667,160,1,3
1667,161,1,3
1667,162,1,3
1667,163,1,3
1667,164,1,3
1667,165,1,3
1667,166,1,3
1667,167,1,3
1667,168,1,3
1667,169,1,3
1667,170,1,2
1667,171,1,2
1667,172,1,2
1667,173,1,2
1667,174,1,2
1667,175,1,2
1667,176,1,2
1667,177,1,2
1667,178,1,2
1667,179,1,2
1667,180,1,2
1667,181,1,2
1667,182,1,2
1667,183,1,2
1667,184,1,2
1667,185,1,2
1667,186,1,2
1667,187,1,2
1667,188,1,2
1667,189,1,2
1667,190,1,2
1667,191,1,2
1667,192,1,2
1667,193,1,2
1667,194,1,2
1667,195,1,2
1667,196,1,2
1667,197,1,2
1667,198,1,2
1667,199,1,2
1667,200,1,2
1667,201,1,2
1667,202,1,2
1667,203,1,2
1667,204,1,2
1667,205,1,2
1667,206,1,2
1667,207,1,2
1667,208,1,2
1667,209,1,2
1667,210,1,2
1667,211,1,2
1667,212,1,2
1667,213,1,2
1667,214,1,2
1667,215,1,2
1667,216,1,2
1667,217,1,2
1667,218,1,2
1667,219,1,2
1667,220,1,2
1667,221,1,2
1667,222,1,2
1667,223,1,2
1667,224,1,2
1667,225,1,2
1667,226,1,2
1667,227,1,2
1667,228,1,2
1667,229,1,2
1667,230,1,2
1667,231,1,2
1667,232,1,2
1667,233,1,2
1667,234,1,2
1667,235,1,2
1667,236,1,2
1667,237,1,2
1667,238,1,2
1667,239,1,2
1667,240,1,2
1667,241,1,2
1667,242,1,2
1667,243,1,2
1667,244,1,2
1667,245,1,2
1667,246,1,2
1667,247,1,2
1667,248,1,2
1667,249,1,2
1667,250,1,2
1667,251,1,2
1667,252,1,2
1667,253,1,2
1667,254,1,2
1667,255,1,2
1667,256,1,2
1667,257,1,2
1667,258,1,2
1667,259,1,2
1667,260,1,2
1667,261,1,2
1667,262,1,2
1667,263,1,2
1667,264,1,2
1667,265,1,2
1667,266,1,2
1667,267,1,2
1667,268,1,2
1667,269,1,2
1667,270,1,2
1667,271,1,2
1667,272,1,2
1667,273,1,2
1667,274,1,2
1667,275,1,2
1667,276,1,2
1667,277,1,2
1667,278,1,2
1667,279,1,2
1667,280,1,2
1667,281,1,2
1667,282,1,2
1667,283,1,2
1667,284,1,2
1667,285,1,2
1667,286,1,2
1667,287,1,2
1667,288,1,2
1667,289,1,2
1667,290,1,2
1667,291,1,2
1667,292,1,2
1667,293,1,2
1667,294,1,2
1667,295,1,2
1667,296,1,2
1667,297,1,2
1667,298,1,2
1667,299,1,2
1667,300,1,2
1667,301,1,2
1667,302,1,2
1667,303,1,2
1667,304,1,2
1667,305,1,2
1667,306,1,2
1667,307,1,2
1667,308,1,2
1667,309,1,2
1667,310,1,2
1667,311,1,2
1667,312,1,2
1667,313,1,2
1667,314,1,2
1667,315,1,2
1667,316,1,2
1667,317,1,2
1667,318,1,2
1667,319,1,2
1667,320,1,2
1667,321,1,2
1667,322,1,2
1667,323,1,2
1667,324,1,2
1667,325,1,2
1667,326,1,2
1667,327,1,2
1667,328,1,2
1667,329,1,2
1667,330,1,2
1667,331,1,2
1667,332,1,2
1667,333,1,2
1667,334,1,2
1667,335,1,2
1667,336,1,2
1667,337,1,2
1667,338,1,2
1667,339,1,2
1667,340,1,2
1667,341,1,2
1667,342,1,2
1667,343,1,2
1667,344,1,2
1667,345,1,2
1667,346,1,2
1667,347,1,2
1667,348,1,2
1667,349,1,2
1667,350,1,2
1667,351,1,2
1667,352,1,2
1667,353,1,2
1667,354,1,2
1667,355,1,2
1667,356,1,2
1667,357,1,2
1667,358,1,2
1667,359,1,2
1667,360,1,2
1667,361,1,2
1667,362,1,2
1667,363,1,2
1667,364,1,2
1667,365,1,2
1667,366,1,2
1667,367,1,2
1667,368,1,2
1667,369,1,2
1667,370,1,2
1667,371,1,2
1667,372,1,2
1667,373,1,2
1667,374,1,2
1667,375,1,2
1667,376,1,2
1667,377,1,2
1667,378,1,2
1667,379,1,2
1667,380,1,2
1667,381,1,2
1667,382,1,2
1667,383,1,2
1667,384,1,2
1667,385,1,2
1667,386,1,2
1667,387,1,2
1667,388,1,2
1667,389,1,2
1667,390,1,2
1667,391,1,2
1667,392,1,2
1667,393,1,2
1667,394,1,2
1667,395,1,2
1667,396,1,2
1667,397,1,2
1667,398,1,2
1667,399,1,2
1667,400,1,2
1667,401,1,2
1667,402,1,2
1667,403,1,2
1667,404,1,2
1667,405,1,2
1667,406,1,2
1667,407,1,2
1667,408,1,2
1668,131,1,2
1668,132,1,2
1668,133,1,2
1668,134,1,2
1668,135,1,2
1668,136,1,2
1668,137,1,2
1668,138,1,2
1668,139,1,2
1668,140,1,2
1668,141,1,2
1668,142,1,2
1668,143,1,2
1668,144,1,3
1668,145,1,3
1668,146,1,3
1668,147,1,3
1668,148,1,3
1668,149,1,3
1668,150,1,3
1668,151,1,3
1668,152,1,3
1668,153,1,3
1668,154,1,3
1668,155,1,3
1668,156,1,3
1668,157,1,3
1668,158,1,3
1668,159,1,3
1668,160,1,3
1668,161,1,3
1668,162,1,3
1668,163,1,3
1668,164,1,3
1668,165,1,3
1668,166,1,3
1668,167,1,3
1668,168,1,3
1668,169,1,3
1668,170,1,3
1668,171,1,2
1668,172,1,2
1668,173,1,2
1668,174,1,2
1668,175,1,2
1668,176,1,2
1668,177,1,2
1668,178,1,2
1668,179,1,2
1668,180,1,2
1668,181,1,2
1668,182,1,2
1668,183,1,2
1668,184,1,2
1668,185,1,2
1668,186,1,2
1668,187,1,2
1668,188,1,2
1668,189,1,2
1668,190,1,2
1668,191,1,2
1668,192,1,2
1668,193,1,2
1668,194,1,2
1668,195,1,2
1668,196,1,2
1668,197,1,2
1668,198,1,2
1668,199,1,2
1668,200,1,2
1668,201,1,2
1668,202,1,2
1668,203,1,2
1668,204,1,2
1668,205,1,2
1668,206,1,2
1668,207,1,2
1668,208,1,2
1668,209,1,2
1668,210,1,2
1668,211,1,2
1668,212,1,2
1668,213,1,2
1668,214,1,2
1668,215,1,2
1668,216,1,2
1668,217,1,2
1668,218,1,2
1668,219,1,2
1668,220,1,2
1668,221,1,2
1668,222,1,2
1668,223,1,2
1668,224,1,2
1668,225,1,2
1668,226,1,2
1668,227,1,2
1668,228,1,2
1668,229,1,2
1668,230,1,2
1668,231,1,2
1668,232,1,2
1668,233,1,2
1668,234,1,2
1668,235,1,2
1668,236,1,2
1668,237,1,2
1668,238,1,2
1668,239,1,2
1668,240,1,2
1668,241,1,2
1668,242,1,2
1668,243,1,2
1668,244,1,2
1668,245,1,2
1668,246,1,2
1668,247,1,2
1668,248,1,2
1668,249,1,2
1668,250,1,2
1668,251,1,2
1668,252,1,2
1668,253,1,2
1668,254,1,2
1668,255,1,2
1668,256,1,2
1668,257,1,2
1668,258,1,2
1668,259,1,2
1668,260,1,2
1668,261,1,2
1668,262,1,2
1668,263,1,2
1668,264,1,2
1668,265,1,2
1668,266,1,2
1668,267,1,2
1668,268,1,2
1668,269,1,2
1668,270,1,2
1668,271,1,2
1668,272,1,2
1668,273,1,2
1668,274,1,2
1668,275,1,2
1668,276,1,2
1668,277,1,2
1668,278,1,2
1668,279,1,2
1668,280,1,2
1668,281,1,2
1668,282,1,2
1668,283,1,2
1668,284,1,2
1668,285,1,2
1668,286,1,2
1668,287,1,2
1668,288,1,2
1668,289,1,2
1668,290,1,2
1668,291,1,2
1668,292,1,2
1668,293,1,2
1668,294,1,2
1668,295,1,2
1668,296,1,2
1668,297,1,2
1668,298,1,2
1668,299,1,2
1668,300,1,2
1668,301,1,2
1668,302,1,2
1668,303,1,2
1668,304,1,2
1668,305,1,2
1668,306,1,2
1668,307,1,2
1668,308,1,2
1668,309,1,2
1668,310,1,2
1668,311,1,2
1668,312,1,2
1668,313,1,2
1668,314,1,2
1668,315,1,2
1668,316,1,2
1668,317,1,2
1668,318,1,2
1668,319,1,2
1668,320,1,2
1668,321,1,2
1668,322,1,2
1668,323,1,2
1668,324,1,2
1668,325,1,2
1668,326,1,2
1668,327,1,2
1668,328,1,2
1668,329,1,2
1668,330,1,2
1668,331,1,2
1668,332,1,2
1668,333,1,2
1668,334,1,2
1668,335,1,2
1668,336,1,2
1668,337,1,2
1668,338,1,2
1668,339,1,2
1668,340,1,2
1668,341,1,2
1668,342,1,2
1668,343,1,2
1668,344,1,2
1668,345,1,2
1668,346,1,2
1668,347,1,2
1668,348,1,2
1668,349,1,2
1668,350,1,2
1668,351,1,2
1668,352,1,2
1668,353,1,2
1668,354,1,2
1668,355,1,2
1668,356,1,2
1668,357,1,2
1668,358,1,2
1668,359,1,2
1668,360,1,2
1668,361,1,2
1668,362,1,2
1668,363,1,2
1668,364,1,2
1668,365,1,2
1668,366,1,2
1668,367,1,2
1668,368,1,2
1668,369,1,2
1668,370,1,2
1668,371,1,2
1668,372,1,2
1668,373,1,2
1668,374,1,2
1668,375,1,2
1668,376,1,2
1668,377,1,2
1668,378,1,2
1668,379,1,2
1668,380,1,2
1668,381,1,2
1668,382,1,2
1668,383,1,2
1668,384,1,2
1668,385,1,2
1668,386,1,2
1668,387,1,2
1668,388,1,2
1668,389,1,2
1668,390,1,2
1668,391,1,2
1668,392,1,2
1668,393,1,2
1668,394,1,2
1668,395,1,2
1668,396,1,2
1668,397,1,2
1668,398,1,2
1668,399,1,2
1668,400,1,2
1668,401,1,2
1668,402,1,2
1668,403,1,2
1668,404,1,2
1668,405,1,2
1668,406,1,2
1669,133,1,2
1669,134,1,2
1669,135,1,2
1669,136,1,2
1669,137,1,2
1669,138,1,2
1669,139,1,2
1669,140,1,2
1669,141,1,2
1669,142,1,2
1669,143,1,3
1669,144,1,3
1669,145,1,3
1669,146,1,3
1669,147,1,3
1669,148,1,3
1669,149,1,3
1669,150,1,3
1669,151,1,3
1669,152,1,3
1669,153,1,3
1669,154,1,3
1669,155,1,3
1669,156,1,3
1669,157,1,3
1669,158,1,3
1669,159,1,3
1669,160,1,3
1669,161,1,3
1669,162,1,3
1669,163,1,3
1669,164,1,3
1669,165,1,3
1669,166,1,3
1669,167,1,3
1669,168,1,3
1669,169,1,3
1669,170,1,3
1669,171,1,2
1669,172,1,2
1669,173,1,2
1669,174,1,2
1669,175,1,2
1669,176,1,2
1669,177,1,2
1669,178,1,2
1669,179,1,2
1669,180,1,2
1669,181,1,2
1669,182,1,2
1669,183,1,2
1669,184,1,2
1669,185,1,2
1669,186,1,2
1669,187,1,2
1669,188,1,2
1669,189,1,2
1669,190,1,2
1669,191,1,2
1669,192,1,2
1669,193,1,2
1669,194,1,2
1669,195,1,2
1669,196,1,2
1669,197,1,2
1669,198,1,2
1669,199,1,2
1669,200,1,2
1669,201,1,2
1669,202,1,2
1669,203,1,2
1669,204,1,2
1669,205,1,2
1669,206,1,2
1669,207,1,2
1669,208,1,2
1669,209,1,2
1669,210,1,2
1669,211,1,2
1669,212,1,2
1669,213,1,2
1669,214,1,2
1669,215,1,2
1669,216,1,2
1669,217,1,2
1669,218,1,2
1669,219,1,2
1669,220,1,2
1669,221,1,2
1669,222,1,2
1669,223,1,2
1669,224,1,2
1669,225,1,2
1669,226,1,2
1669,227,1,2
1669,228,1,2
1669,229,1,2
1669,230,1,2
1669,231,1,2
1669,232,1,2
1669,233,1,2
1669,234,1,2
1669,235,1,2
1669,236,1,2
1669,237,1,2
1669,238,1,2
1669,239,1,2
1669,240,1,2
1669,241,1,2
1669,242,1,2
1669,243,1,2
1669,244,1,2
1669,245,1,2
1669,246,1,2
1669,247,1,2
1669,248,1,2
1669,249,1,2
1669,250,1,2
1669,251,1,2
1669,252,1,2
1669,253,1,2
1669,254,1,2
1669,255,1,2
1669,256,1,2
1669,257,1,2
1669,258,1,2
1669,259,1,2
1669,260,1,2
1669,261,1,2
1669,262,1,2
1669,263,1,2
1669,264,1,2
1669,265,1,2
1669,266,1,2
1669,267,1,2
1669,268,1,2
1669,269,1,2
1669,270,1,2
1669,271,1,2
1669,272,1,2
1669,273,1,2
1669,274,1,2
1669,275,1,2
1669,276,1,2
1669,277,1,2
1669,278,1,2
1669,279,1,2
1669,280,1,2
1669,281,1,2
1669,282,1,2
1669,283,1,2
1669,284,1,2
1669,285,1,2
1669,286,1,2
1669,287,1,2
1669,288,1,2
1669,289,1,2
1669,290,1,2
1669,291,1,2
1669,292,1,2
1669,293,1,2
1669,294,1,2
1669,295,1,2
1669,296,1,2
1669,297,1,2
1669,298,1,2
1669,299,1,2
1669,300,1,2
1669,301,1,2
1669,302,1,2
1669,303,1,2
1669,304,1,2
1669,305,1,2
1669,306,1,2
1669,307,1,2
1669,308,1,2
1669,309,1,2
1669,310,1,2
1669,311,1,2
1669,312,1,2
1669,313,1,2
1669,314,1,2
1669,315,1,2
1669,316,1,2
1669,317,1,2
1669,318,1,2
1669,319,1,2
1669,320,1,2
1669,321,1,2
1669,322,1,2
1669,323,1,2
1669,324,1,2
1669,325,1,2
1669,326,1,2
1669,327,1,2
1669,328,1,2
1669,329,1,2
1669,330,1,2
1669,331,1,2
1669,332,1,2
1669,333,1,2
1669,334,1,2
1669,335,1,2
1669,336,1,2
1669,337,1,2
1669,338,1,2
1669,339,1,2
1669,340,1,2
1669,341,1,2
1669,342,1,2
1669,343,1,2
1669,344,1,2
1669,345,1,2
1669,346,1,2
1669,347,1,2
1669,348,1,2
1669,349,1,2
1669,350,1,2
1669,351,1,2
1669,352,1,2
1669,353,1,2
1669,354,1,2
1669,355,1,2
1669,356,1,2
1669,357,1,2
1669,358,1,2
1669,359,1,2
1669,360,1,2
1669,361,1,2
1669,362,1,2
1669,363,1,2
1669,364,1,2
1669,365,1,2
1669,366,1,2
1669,367,1,2
1669,368,1,2
1669,369,1,2
1669,370,1,2
1669,371,1,2
1669,372,1,2
1669,373,1,2
1669,374,1,2
1669,375,1,2
1669,376,1,2
1669,377,1,2
1669,378,1,2
1669,379,1,2
1669,380,1,2
1669,381,1,2
1669,382,1,2
1669,383,1,2
1669,384,1,2
1669,385,1,2
1669,386,1,2
1669,387,1,2
1669,388,1,2
1669,389,1,2
1669,390,1,2
1669,391,1,2
1669,392,1,2
1669,393,1,2
1669,394,1,2
1669,395,1,2
1669,396,1,2
1669,397,1,2
1669,398,1,2
1669,399,1,2
1669,400,1,2
1669,401,1,2
1669,402,1,2
1669,403,1,2
1669,404,1,2
1669,405,1,2
1670,134,1,2
1670,135,1,2
1670,136,1,2
1670,137,1,2
1670,138,1,2
1670,139,1,2
1670,140,1,2
1670,141,1,2
1670,142,1,2
1670,143,1,3
1670,144,1,3
1670,145,1,3
1670,146,1,3
1670,147,1,3
1670,148,1,3
1670,149,1,3
1670,150,1,3
1670,151,1,3
1670,152,1,3
1670,153,1,3
1670,154,1,3
1670,155,1,3
1670,156,1,3
1670,157,1,3
1670,158,1,3
1670,159,1,3
1670,160,1,3
1670,161,1,3
1670,162,1,3
1670,163,1,3
1670,164,1,3
1670,165,1,3
1670,166,1,3
1670,167,1,3
1670,168,1,3
1670,169,1,3
1670,170,1,3
1670,171,1,3
1670,172,1,2
1670,173,1,2
1670,174,1,2
1670,175,1,2
1670,176,1,2
1670,177,1,2
1670,178,1,2
1670,179,1,2
1670,180,1,2
1670,181,1,2
1670,182,1,2
1670,183,1,2
1670,184,1,2
1670,185,1,2
1670,186,1,2
1670,187,1,2
1670,188,1,2
1670,189,1,2
1670,190,1,2
1670,191,1,2
1670,192,1,2
1670,193,1,2
1670,194,1,2
1670,195,1,2
1670,196,1,2
1670,197,1,2
1670,198,1,2
1670,199,1,2
1670,200,1,2
1670,201,1,2
1670,202,1,2
1670,203,1,2
1670,204,1,2
1670,205,1,2
1670,206,1,2
1670,207,1,2
1670,208,1,2
1670,209,1,2
1670,210,1,2
1670,211,1,2
1670,212,1,2
1670,213,1,2
1670,214,1,2
1670,215,1,2
1670,216,1,2
1670,217,1,2
1670,218,1,2
1670,219,1,2
1670,220,1,2
1670,221,1,2
1670,222,1,2
1670,223,1,2
1670,224,1,2
1670,225,1,2
1670,226,1,2
1670,227,1,2
1670,228,1,2
1670,229,1,2
1670,230,1,2
1670,231,1,2
1670,232,1,2
1670,233,1,2
1670,234,1,2
1670,235,1,2
1670,236,1,2
1670,237,1,2
1670,238,1,2
1670,239,1,2
1670,240,1,2
1670,241,1,2
1670,242,1,2
1670,243,1,2
1670,244,1,2
1670,245,1,2
1670,246,1,2
1670,247,1,2
1670,248,1,2
1670,249,1,2
1670,250,1,2
1670,251,1,2
1670,252,1,2
1670,253,1,2
1670,254,1,2
1670,255,1,2
1670,256,1,2
1670,257,1,2
1670,258,1,2
1670,259,1,2
1670,260,1,2
1670,261,1,2
1670,262,1,2
1670,263,1,2
1670,264,1,2
1670,265,1,2
1670,266,1,2
1670,267,1,2
1670,268,1,2
1670,269,1,2
1670,270,1,2
1670,271,1,2
1670,272,1,2
1670,273,1,2
1670,274,1,2
1670,275,1,2
1670,276,1,2
1670,277,1,2
1670,278,1,2
1670,279,1,2
1670,280,1,2
1670,281,1,2
1670,282,1,2
1670,283,1,2
1670,284,1,2
1670,285,1,2
1670,286,1,2
1670,287,1,2
1670,288,1,2
1670,289,1,2
1670,290,1,2
1670,291,1,2
1670,292,1,2
1670,293,1,2
1670,294,1,2
1670,295,1,2
1670,296,1,2
1670,297,1,2
1670,298,1,2
1670,299,1,2
1670,300,1,2
1670,301,1,2
1670,302,1,2
1670,303,1,2
1670,304,1,2
1670,305,1,2
1670,306,1,2
1670,307,1,2
1670,308,1,2
1670,309,1,2
1670,310,1,2
1670,311,1,2
1670,312,1,2
1670,313,1,2
1670,314,1,2
1670,315,1,2
1670,316,1,2
1670,317,1,2
1670,318,1,2
1670,319,1,2
1670,320,1,2
1670,321,1,2
1670,322,1,2
1670,323,1,2
1670,324,1,2
1670,325,1,2
1670,326,1,2
1670,327,1,2
1670,328,1,2
1670,329,1,2
1670,330,1,2
1670,331,1,2
1670,332,1,2
1670,333,1,2
1670,334,1,2
1670,335,1,2
1670,336,1,2
1670,337,1,2
1670,338,1,2
1670,339,1,2
1670,340,1,2
1670,341,1,2
1670,342,1,2
1670,343,1,2
1670,344,1,2
1670,345,1,2
1670,346,1,2
1670,347,1,2
1670,348,1,2
1670,349,1,2
1670,350,1,2
1670,351,1,2
1670,352,1,2
1670,353,1,2
1670,354,1,2
1670,355,1,2
1670,356,1,2
1670,357,1,2
1670,358,1,2
1670,359,1,2
1670,360,1,2
1670,361,1,2
1670,362,1,2
1670,363,1,2
1670,364,1,2
1670,365,1,2
1670,366,1,2
1670,367,1,2
1670,368,1,2
1670,369,1,2
1670,370,1,2
1670,371,1,2
1670,372,1,2
1670,373,1,2
1670,374,1,2
1670,375,1,2
1670,376,1,2
1670,377,1,2
1670,378,1,2
1670,379,1,2
1670,380,1,2
1670,381,1,2
1670,382,1,2
1670,383,1,2
1670,384,1,2
1670,385,1,2
1670,386,1,2
1670,387,1,2
1670,388,1,2
1670,389,1,2
1670,390,1,2
1670,391,1,2
1670,392,1,2
1670,393,1,2
1670,394,1,2
1670,395,1,2
1670,396,1,2
1670,397,1,2
1670,398,1,2
1670,399,1,2
1670,400,1,2
1670,401,1,2
1670,402,1,2
1670,403,1,2
1670,404,1,2
1671,135,1,2
1671,136,1,2
1671,137,1,2
1671,138,1,2
1671,139,1,2
1671,140,1,2
1671,141,1,2
1671,142,1,2
1671,143,1,3
1671,144,1,3
1671,145,1,3
1671,146,1,3
1671,147,1,3
1671,148,1,3
1671,149,1,3
1671,150,1,3
1671,151,1,3
1671,152,1,3
1671,153,1,3
1671,154,1,3
1671,155,1,3
1671,156,1,3
1671,157,1,3
1671,158,1,3
1671,159,1,3
1671,160,1,3
1671,161,1,3
1671,162,1,3
1671,163,1,3
1671,164,1,3
1671,165,1,3
1671,166,1,3
1671,167,1,3
1671,168,1,3
1671,169,1,3
1671,170,1,3
1671,171,1,3
1671,172,1,2
1671,173,1,2
1671,174,1,2
1671,175,1,2
1671,176,1,2
1671,177,1,2
1671,178,1,2
1671,179,1,2
1671,180,1,2
1671,181,1,2
1671,182,1,2
1671,183,1,2
1671,184,1,2
1671,185,1,2
1671,186,1,2
1671,187,1,2
1671,188,1,2
1671,189,1,2
1671,190,1,2
1671,191,1,2
1671,192,1,2
1671,193,1,2
1671,194,1,2
1671,195,1,2
1671,196,1,2
1671,197,1,2
1671,198,1,2
1671,199,1,2
1671,200,1,2
1671,201,1,2
1671,202,1,2
1671,203,1,2
1671,204,1,2
1671,205,1,2
1671,206,1,2
1671,207,1,2
1671,208,1,2
1671,209,1,2
1671,210,1,2
1671,211,1,2
1671,212,1,2
1671,213,1,2
1671,214,1,2
1671,215,1,2
1671,216,1,2
1671,217,1,2
1671,218,1,2
1671,219,1,2
1671,220,1,2
1671,221,1,2
1671,222,1,2
1671,223,1,2
1671,224,1,2
1671,225,1,2
1671,226,1,2
1671,227,1,2
1671,228,1,2
1671,229,1,2
1671,230,1,2
1671,231,1,2
1671,232,1,2
1671,233,1,2
1671,234,1,2
1671,235,1,2
1671,236,1,2
1671,237,1,2
1671,238,1,2
1671,239,1,2
1671,240,1,2
1671,241,1,2
1671,242,1,2
1671,243,1,2
1671,244,1,2
1671,245,1,2
1671,246,1,2
1671,247,1,2
1671,248,1,2
1671,249,1,2
1671,250,1,2
1671,251,1,2
1671,252,1,2
1671,253,1,2
1671,254,1,2
1671,255,1,2
1671,256,1,2
1671,257,1,2
1671,258,1,2
1671,259,1,2
1671,260,1,2
1671,261,1,2
1671,262,1,2
1671,263,1,2
1671,264,1,2
1671,265,1,2
1671,266,1,2
1671,267,1,2
1671,268,1,2
1671,269,1,2
1671,270,1,2
1671,271,1,2
1671,272,1,2
1671,273,1,2
1671,274,1,2
1671,275,1,2
1671,276,1,2
1671,277,1,2
1671,278,1,2
1671,279,1,2
1671,280,1,2
1671,281,1,2
1671,282,1,2
1671,283,1,2
1671,284,1,2
1671,285,1,2
1671,286,1,2
1671,287,1,2
1671,288,1,2
1671,289,1,2
1671,290,1,2
1671,291,1,2
1671,292,1,2
1671,293,1,2
1671,294,1,2
1671,295,1,2
1671,296,1,2
1671,297,1,2
1671,298,1,2
1671,299,1,2
1671,300,1,2
1671,301,1,2
1671,302,1,2
1671,303,1,2
1671,304,1,2
1671,305,1,2
1671,306,1,2
1671,307,1,2
1671,308,1,2
1671,309,1,2
1671,310,1,2
1671,311,1,2
1671,312,1,2
1671,313,1,2
1671,314,1,2
1671,315,1,2
1671,316,1,2
1671,317,1,2
1671,318,1,2
1671,319,1,2
1671,320,1,2
1671,321,1,2
1671,322,1,2
1671,323,1,2
1671,324,1,2
1671,325,1,2
1671,326,1,2
1671,327,1,2
1671,328,1,2
1671,329,1,2
1671,330,1,2
1671,331,1,2
1671,332,1,2
1671,333,1,2
1671,334,1,2
1671,335,1,2
1671,336,1,2
1671,337,1,2
1671,338,1,2
1671,339,1,2
1671,340,1,2
1671,341,1,2
1671,342,1,2
1671,343,1,2
1671,344,1,2
1671,345,1,2
1671,346,1,2
1671,347,1,2
1671,348,1,2
1671,349,1,2
1671,350,1,2
1671,351,1,2
1671,352,1,2
1671,353,1,2
1671,354,1,2
1671,355,1,2
1671,356,1,2
1671,357,1,2
1671,358,1,2
1671,359,1,2
1671,360,1,2
1671,361,1,2
1671,362,1,2
1671,363,1,2
1671,364,1,2
1671,365,1,2
1671,366,1,2
1671,367,1,2
1671,368,1,2
1671,369,1,2
1671,370,1,2
1671,371,1,2
1671,372,1,2
1671,373,1,2
1671,374,1,2
1671,375,1,2
1671,376,1,2
1671,377,1,2
1671,378,1,2
1671,379,1,2
1671,380,1,2
1671,381,1,2
1671,382,1,2
1671,383,1,2
1671,384,1,2
1671,385,1,2
1671,386,1,2
1671,387,1,2
1671,388,1,2
1671,389,1,2
1671,390,1,2
1671,391,1,2
1671,392,1,2
1671,393,1,2
1671,394,1,2
1671,395,1,2
1671,396,1,2
1671,397,1,2
1671,398,1,2
1671,399,1,2
1671,400,1,2
1671,401,1,2
1671,402,1,2
1672,135,1,2
1672,136,1,2
1672,137,1,2
1672,138,1,2
1672,139,1,2
1672,140,1,2
1672,141,1,2
1672,142,1,2
1672,143,1,3
1672,144,1,3
1672,145,1,3
1672,146,1,3
1672,147,1,3
1672,148,1,3
1672,149,1,3
1672,150,1,3
1672,151,1,3
1672,152,1,3
1672,153,1,3
1672,154,1,3
1672,155,1,3
1672,156,1,3
1672,157,1,3
1672,158,1,3
1672,159,1,3
1672,160,1,3
1672,161,1,3
1672,162,1,3
1672,163,1,3
1672,164,1,3
1672,165,1,3
1672,166,1,3
1672,167,1,3
1672,168,1,3
1672,169,1,3
1672,170,1,3
1672,171,1,3
1672,172,1,3
1672,173,1,2
1672,174,1,2
1672,175,1,2
1672,176,1,2
1672,177,1,2
1672,178,1,2
1672,179,1,2
1672,180,1,2
1672,181,1,2
1672,182,1,2
1672,183,1,2
1672,184,1,2
1672,185,1,2
1672,186,1,2
1672,187,1,2
1672,188,1,2
1672,189,1,2
1672,190,1,2
1672,191,1,2
1672,192,1,2
1672,193,1,2
1672,194,1,2
1672,195,1,2
1672,196,1,2
1672,197,1,2
1672,198,1,2
1672,199,1,2
1672,200,1,2
1672,201,1,2
1672,202,1,2
1672,203,1,2
1672,204,1,2
1672,205,1,2
1672,206,1,2
1672,207,1,2
1672,208,1,2
1672,209,1,2
1672,210,1,2
1672,211,1,2
1672,212,1,2
1672,213,1,2
1672,214,1,2
1672,215,1,2
1672,216,1,2
1672,217,1,2
1672,218,1,2
1672,219,1,2
1672,220,1,2
1672,221,1,2
1672,222,1,2
1672,223,1,2
1672,224,1,2
1672,225,1,2
1672,226,1,2
1672,227,1,2
1672,228,1,2
1672,229,1,2
1672,230,1,2
1672,231,1,2
1672,232,1,2
1672,233,1,2
1672,234,1,2
1672,235,1,2
1672,236,1,2
1672,237,1,2
1672,238,1,2
1672,239,1,2
1672,240,1,2
1672,241,1,2
1672,242,1,2
1672,243,1,2
1672,244,1,2
1672,245,1,2
1672,246,1,2
1672,247,1,2
1672,248,1,2
1672,249,1,2
1672,250,1,2
1672,251,1,2
1672,252,1,2
1672,253,1,2
1672,254,1,2
1672,255,1,2
1672,256,1,2
1672,257,1,2
1672,258,1,2
1672,259,1,2
1672,260,1,2
1672,261,1,2
1672,262,1,2
1672,263,1,2
1672,264,1,2
1672,265,1,2
1672,266,1,2
1672,267,1,2
1672,268,1,2
1672,269,1,2
1672,270,1,2
1672,271,1,2
1672,272,1,2
1672,273,1,2
1672,274,1,2
1672,275,1,2
1672,276,1,2
1672,277,1,2
1672,278,1,2
1672,279,1,2
1672,280,1,2
1672,281,1,2
1672,282,1,2
1672,283,1,2
1672,284,1,2
1672,285,1,2
1672,286,1,2
1672,287,1,2
1672,288,1,2
1672,289,1,2
1672,290,1,2
1672,291,1,2
1672,292,1,2
1672,293,1,2
1672,294,1,2
1672,295,1,2
1672,296,1,2
1672,297,1,2
1672,298,1,2
1672,299,1,2
1672,300,1,2
1672,301,1,2
1672,302,1,2
1672,303,1,2
1672,304,1,2
1672,305,1,2
1672,306,1,2
1672,307,1,2
1672,308,1,2
1672,309,1,2
1672,310,1,2
1672,311,1,2
1672,312,1,2
1672,313,1,2
1672,314,1,2
1672,315,1,2
1672,316,1,2
1672,317,1,2
1672,318,1,2
1672,319,1,2
1672,320,1,2
1672,321,1,2
1672,322,1,2
1672,323,1,2
1672,324,1,2
1672,325,1,2
1672,326,1,2
1672,327,1,2
1672,328,1,2
1672,329,1,2
1672,330,1,2
1672,331,1,2
1672,332,1,2
1672,333,1,2
1672,334,1,2
1672,335,1,2
1672,336,1,2
1672,337,1,2
1672,338,1,2
1672,339,1,2
1672,340,1,2
1672,341,1,2
1672,342,1,2
1672,343,1,2
1672,344,1,2
1672,345,1,2
1672,346,1,2
1672,347,1,2
1672,348,1,2
1672,349,1,2
1672,350,1,2
1672,351,1,2
1672,352,1,2
1672,353,1,2
1672,354,1,2
1672,355,1,2
1672,356,1,2
1672,357,1,2
1672,358,1,2
1672,359,1,2
1672,360,1,2
1672,361,1,2
1672,362,1,2
1672,363,1,2
1672,364,1,2
1672,365,1,2
1672,366,1,2
1672,367,1,2
1672,368,1,2
1672,369,1,2
1672,370,1,2
1672,371,1,2
1672,372,1,2
1672,373,1,2
1672,374,1,2
1672,375,1,2
1672,376,1,2
1672,377,1,2
1672,378,1,2
1672,379,1,2
1672,380,1,2
1672,381,1,2
1672,382,1,2
1672,383,1,2
1672,384,1,2
1672,385,1,2
1672,386,1,2
1672,387,1,2
1672,388,1,2
1672,389,1,2
1672,390,1,2
1672,391,1,2
1672,392,1,2
1672,393,1,2
1672,394,1,2
1672,395,1,2
1672,396,1,2
1672,397,1,2
1672,398,1,2
1672,399,1,2
1672,400,1,2
1673,137,1,2
1673,138,1,2
1673,139,1,2
1673,140,1,2
1673,141,1,2
1673,142,1,2
1673,143,1,2
1673,144,1,3
1673,145,1,3
1673,146,1,3
1673,147,1,3
1673,148,1,3
1673,149,1,3
1673,150,1,3
1673,151,1,3
1673,152,1,3
1673,153,1,3
1673,154,1,3
1673,155,1,3
1673,156,1,3
1673,157,1,3
1673,158,1,3
1673,159,1,3
1673,160,1,3
1673,161,1,3
1673,162,1,3
1673,163,1,3
1673,164,1,3
1673,165,1,3
1673,166,1,3
1673,167,1,3
1673,168,1,3
1673,169,1,3
1673,170,1,3
1673,171,1,3
1673,172,1,3
1673,173,1,2
1673,174,1,2
1673,175,1,2
1673,176,1,2
1673,177,1,2
1673,178,1,2
1673,179,1,2
1673,180,1,2
1673,181,1,2
1673,182,1,2
1673,183,1,2
1673,184,1,2
1673,185,1,2
1673,186,1,2
1673,187,1,2
1673,188,1,2
1673,189,1,2
1673,190,1,2
1673,191,1,2
1673,192,1,2
1673,193,1,2
1673,194,1,2
1673,195,1,2
1673,196,1,2
1673,197,1,2
1673,198,1,2
1673,199,1,2
1673,200,1,2
1673,201,1,2
1673,202,1,2
1673,203,1,2
1673,204,1,2
1673,205,1,2
1673,206,1,2
1673,207,1,2
1673,208,1,2
1673,209,1,2
1673,210,1,2
1673,211,1,2
1673,212,1,2
1673,213,1,2
1673,214,1,2
1673,215,1,2
1673,216,1,2
1673,217,1,2
1673,218,1,2
1673,219,1,2
1673,220,1,2
1673,221,1,2
1673,222,1,2
1673,223,1,2
1673,224,1,2
1673,225,1,2
1673,226,1,2
1673,227,1,2
1673,228,1,2
1673,229,1,2
1673,230,1,2
1673,231,1,2
1673,232,1,2
1673,233,1,2
1673,234,1,2
1673,235,1,2
1673,236,1,2
1673,237,1,2
1673,238,1,2
1673,239,1,2
1673,240,1,2
1673,241,1,2
1673,242,1,2
1673,243,1,2
1673,244,1,2
1673,245,1,2
1673,246,1,2
1673,247,1,2
1673,248,1,2
1673,249,1,2
1673,250,1,2
1673,251,1,2
1673,252,1,2
1673,253,1,2
1673,254,1,2
1673,255,1,2
1673,256,1,2
1673,257,1,2
1673,258,1,2
1673,259,1,2
1673,260,1,2
1673,261,1,2
1673,262,1,2
1673,263,1,2
1673,264,1,2
1673,265,1,2
1673,266,1,2
1673,267,1,2
1673,268,1,2
1673,269,1,2
1673,270,1,2
1673,271,1,2
1673,272,1,2
1673,273,1,2
1673,274,1,2
1673,275,1,2
1673,276,1,2
1673,277,1,2
1673,278,1,2
1673,279,1,2
1673,280,1,2
1673,281,1,2
1673,282,1,2
1673,283,1,2
1673,284,1,2
1673,285,1,2
1673,286,1,2
1673,287,1,2
1673,288,1,2
1673,289,1,2
1673,290,1,2
1673,291,1,2
1673,292,1,2
1673,293,1,2
1673,294,1,2
1673,295,1,2
1673,296,1,2
1673,297,1,2
1673,298,1,2
1673,299,1,2
1673,300,1,2
1673,301,1,2
1673,302,1,2
1673,303,1,2
1673,304,1,2
1673,305,1,2
1673,306,1,2
1673,307,1,2
1673,308,1,2
1673,309,1,2
1673,310,1,2
1673,311,1,2
1673,312,1,2
1673,313,1,2
1673,314,1,2
1673,315,1,2
1673,316,1,2
1673,317,1,2
1673,318,1,2
1673,319,1,2
1673,320,1,2
1673,321,1,2
1673,322,1,2
1673,323,1,2
1673,324,1,2
1673,325,1,2
1673,326,1,2
1673,327,1,2
1673,328,1,2
1673,329,1,2
1673,330,1,2
1673,331,1,2
1673,332,1,2
1673,333,1,2
1673,334,1,2
1673,335,1,2
1673,336,1,2
1673,337,1,2
1673,338,1,2
1673,339,1,2
1673,340,1,2
1673,341,1,2
1673,342,1,2
1673,343,1,2
1673,344,1,2
1673,345,1,2
1673,346,1,2
1673,347,1,2
1673,348,1,2
1673,349,1,2
1673,350,1,2
1673,351,1,2
1673,352,1,2
1673,353,1,2
1673,354,1,2
1673,355,1,2
1673,356,1,2
1673,357,1,2
1673,358,1,2
1673,359,1,2
1673,360,1,2
1673,361,1,2
1673,362,1,2
1673,363,1,2
1673,364,1,2
1673,365,1,2
1673,366,1,2
1673,367,1,2
1673,368,1,2
1673,369,1,2
1673,370,1,2
1673,371,1,2
1673,372,1,2
1673,373,1,2
1673,374,1,2
1673,375,1,2
1673,376,1,2
1673,377,1,2
1673,378,1,2
1673,379,1,2
1673,380,1,2
1673,381,1,2
1673,382,1,2
1673,383,1,2
1673,384,1,2
1673,385,1,2
1673,386,1,2
1673,387,1,2
1673,388,1,2
1673,389,1,2
1673,390,1,2
1673,391,1,2
1673,392,1,2
1673,393,1,2
1673,394,1,2
1673,395,1,2
1673,396,1,2
1673,397,1,2
1673,398,1,2
1673,399,1,2
1674,138,1,2
1674,139,1,2
1674,140,1,2
1674,141,1,2
1674,142,1,2
1674,143,1,2
1674,144,1,3
1674,145,1,3
1674,146,1,3
1674,147,1,3
1674,148,1,3
1674,149,1,3
1674,150,1,3
1674,151,1,3
1674,152,1,3
1674,153,1,3
1674,154,1,3
1674,155,1,3
1674,156,1,3
1674,157,1,3
1674,158,1,3
1674,159,1,3
1674,160,1,3
1674,161,1,3
1674,162,1,3
1674,163,1,3
1674,164,1,3
1674,165,1,3
1674,166,1,3
1674,167,1,3
1674,168,1,3
1674,169,1,3
1674,170,1,3
1674,171,1,3
1674,172,1,3
1674,173,1,3
1674,174,1,2
1674,175,1,2
1674,176,1,2
1674,177,1,2
1674,178,1,2
1674,179,1,2
1674,180,1,2
1674,181,1,2
1674,182,1,2
1674,183,1,2
1674,184,1,2
1674,185,1,2
1674,186,1,2
1674,187,1,2
1674,188,1,2
1674,189,1,2
1674,190,1,2
1674,191,1,2
1674,192,1,2
1674,193,1,2
1674,194,1,2
1674,195,1,2
1674,196,1,2
1674,197,1,2
1674,198,1,2
1674,199,1,2
1674,200,1,2
1674,201,1,2
1674,202,1,2
1674,203,1,2
1674,204,1,2
1674,205,1,2
1674,206,1,2
1674,207,1,2
1674,208,1,2
1674,209,1,2
1674,210,1,2
1674,211,1,2
1674,212,1,2
1674,213,1,2
1674,214,1,2
1674,215,1,2
1674,216,1,2
1674,217,1,2
1674,218,1,2
1674,219,1,2
1674,220,1,2
1674,221,1,2
1674,222,1,2
1674,223,1,2
1674,224,1,2
1674,225,1,2
1674,226,1,2
1674,227,1,2
1674,228,1,2
1674,229,1,2
1674,230,1,2
1674,231,1,2
1674,232,1,2
1674,233,1,2
1674,234,1,2
1674,235,1,2
1674,236,1,2
1674,237,1,2
1674,238,1,2
1674,239,1,2
1674,240,1,2
1674,241,1,2
1674,242,1,2
1674,243,1,2
1674,244,1,2
1674,245,1,2
1674,246,1,2
1674,247,1,2
1674,248,1,2
1674,249,1,2
1674,250,1,2
1674,251,1,2
1674,252,1,2
1674,253,1,2
1674,254,1,2
1674,255,1,2
1674,256,1,2
1674,257,1,2
1674,258,1,2
1674,259,1,2
1674,260,1,2
1674,261,1,2
1674,262,1,2
1674,263,1,2
1674,264,1,2
1674,265,1,2
1674,266,1,2
1674,267,1,2
1674,268,1,2
1674,269,1,2
1674,270,1,2
1674,271,1,2
1674,272,1,2
1674,273,1,2
1674,274,1,2
1674,275,1,2
1674,276,1,2
1674,277,1,2
1674,278,1,2
1674,279,1,2
1674,280,1,2
1674,281,1,2
1674,282,1,2
1674,283,1,2
1674,284,1,2
1674,285,1,2
1674,286,1,2
1674,287,1,2
1674,288,1,2
1674,289,1,2
1674,290,1,2
1674,291,1,2
1674,292,1,2
1674,293,1,2
1674,294,1,2
1674,295,1,2
1674,296,1,2
1674,297,1,2
1674,298,1,2
1674,299,1,2
1674,300,1,2
1674,301,1,2
1674,302,1,2
1674,303,1,2
1674,304,1,2
1674,305,1,2
1674,306,1,2
1674,307,1,2
1674,308,1,2
1674,309,1,2
1674,310,1,2
1674,311,1,2
1674,312,1,2
1674,313,1,2
1674,314,1,2
1674,315,1,2
1674,316,1,2
1674,317,1,2
1674,318,1,2
1674,319,1,2
1674,320,1,2
1674,321,1,2
1674,322,1,2
1674,323,1,2
1674,324,1,2
1674,325,1,2
1674,326,1,2
1674,327,1,2
1674,328,1,2
1674,329,1,2
1674,330,1,2
1674,331,1,2
1674,332,1,2
1674,333,1,2
1674,334,1,2
1674,335,1,2
1674,336,1,2
1674,337,1,2
1674,338,1,2
1674,339,1,2
1674,340,1,2
1674,341,1,2
1674,342,1,2
1674,343,1,2
1674,344,1,2
1674,345,1,2
1674,346,1,2
1674,347,1,2
1674,348,1,2
1674,349,1,2
1674,350,1,2
1674,351,1,2
1674,352,1,2
1674,353,1,2
1674,354,1,2
1674,355,1,2
1674,356,1,2
1674,357,1,2
1674,358,1,2
1674,359,1,2
1674,360,1,2
1674,361,1,2
1674,362,1,2
1674,363,1,2
1674,364,1,2
1674,365,1,2
1674,366,1,2
1674,367,1,2
1674,368,1,2
1674,369,1,2
1674,370,1,2
1674,371,1,2
1674,372,1,2
1674,373,1,2
1674,374,1,2
1674,375,1,2
1674,376,1,2
1674,377,1,2
1674,378,1,2
1674,379,1,2
1674,380,1,2
1674,381,1,2
1674,382,1,2
1674,383,1,2
1674,384,1,2
1674,385,1,2
1674,386,1,2
1674,387,1,2
1674,388,1,2
1674,389,1,2
1674,390,1,2
1674,391,1,2
1674,392,1,2
1674,393,1,2
1674,394,1,2
1674,395,1,2
1674,396,1,2
1674,397,1,2
1674,398,1,2
1675,139,1,2
1675,140,1,2
1675,141,1,2
1675,142,1,2
1675,143,1,2
1675,144,1,2
1675,145,1,3
1675,146,1,3
1675,147,1,3
1675,148,1,3
1675,149,1,3
1675,150,1,3
1675,151,1,3
1675,152,1,3
1675,153,1,3
1675,154,1,3
1675,155,1,3
1675,156,1,3
1675,157,1,3
1675,158,1,3
1675,159,1,3
1675,160,1,3
1675,161,1,3
1675,162,1,3
1675,163,1,3
1675,164,1,3
1675,165,1,3
1675,166,1,3
1675,167,1,3
1675,168,1,3
1675,169,1,3
1675,170,1,3
1675,171,1,3
1675,172,1,3
1675,173,1,3
1675,174,1,2
1675,175,1,2
1675,176,1,2
1675,177,1,2
1675,178,1,2
1675,179,1,2
1675,180,1,2
1675,181,1,2
1675,182,1,2
1675,183,1,2
1675,184,1,2
1675,185,1,2
1675,186,1,2
1675,187,1,2
1675,188,1,2
1675,189,1,2
1675,190,1,2
1675,191,1,2
1675,192,1,2
1675,193,1,2
1675,194,1,2
1675,195,1,2
1675,196,1,2
1675,197,1,2
1675,198,1,2
1675,199,1,2
1675,200,1,2
1675,201,1,2
1675,202,1,2
1675,203,1,2
1675,204,1,2
1675,205,1,2
1675,206,1,2
1675,207,1,2
1675,208,1,2
1675,209,1,2
1675,210,1,2
1675,211,1,2
1675,212,1,2
1675,213,1,2
1675,214,1,2
1675,215,1,2
1675,216,1,2
1675,217,1,2
1675,218,1,2
1675,219,1,2
1675,220,1,2
1675,221,1,2
1675,222,1,2
1675,223,1,2
1675,224,1,2
1675,225,1,2
1675,226,1,2
1675,227,1,2
1675,228,1,2
1675,229,1,2
1675,230,1,2
1675,231,1,2
1675,232,1,2
1675,233,1,2
1675,234,1,2
1675,235,1,2
1675,236,1,2
1675,237,1,2
1675,238,1,2
1675,239,1,2
1675,240,1,2
1675,241,1,2
1675,242,1,2
1675,243,1,2
1675,244,1,2
1675,245,1,2
1675,246,1,2
1675,247,1,2
1675,248,1,2
1675,249,1,2
1675,250,1,2
1675,251,1,2
1675,252,1,2
1675,253,1,2
1675,254,1,2
1675,255,1,2
1675,256,1,2
1675,257,1,2
1675,258,1,2
1675,259,1,2
1675,260,1,2
1675,261,1,2
1675,262,1,2
1675,263,1,2
1675,264,1,2
1675,265,1,2
1675,266,1,2
1675,267,1,2
1675,268,1,2
1675,269,1,2
1675,270,1,2
1675,271,1,2
1675,272,1,2
1675,273,1,2
1675,274,1,2
1675,275,1,2
1675,276,1,2
1675,277,1,2
1675,278,1,2
1675,279,1,2
1675,280,1,2
1675,281,1,2
1675,282,1,2
1675,283,1,2
1675,284,1,2
1675,285,1,2
1675,286,1,2
1675,287,1,2
1675,288,1,2
1675,289,1,2
1675,290,1,2
1675,291,1,2
1675,292,1,2
1675,293,1,2
1675,294,1,2
1675,295,1,2
1675,296,1,2
1675,297,1,2
1675,298,1,2
1675,299,1,2
1675,300,1,2
1675,301,1,2
1675,302,1,2
1675,303,1,2
1675,304,1,2
1675,305,1,2
1675,306,1,2
1675,307,1,2
1675,308,1,2
1675,309,1,2
1675,310,1,2
1675,311,1,2
1675,312,1,2
1675,313,1,2
1675,314,1,2
1675,315,1,2
1675,316,1,2
1675,317,1,2
1675,318,1,2
1675,319,1,2
1675,320,1,2
1675,321,1,2
1675,322,1,2
1675,323,1,2
1675,324,1,2
1675,325,1,2
1675,326,1,2
1675,327,1,2
1675,328,1,2
1675,329,1,2
1675,330,1,2
1675,331,1,2
1675,332,1,2
1675,333,1,2
1675,334,1,2
1675,335,1,2
1675,336,1,2
1675,337,1,2
1675,338,1,2
1675,339,1,2
1675,340,1,2
1675,341,1,2
1675,342,1,2
1675,343,1,2
1675,344,1,2
1675,345,1,2
1675,346,1,2
1675,347,1,2
1675,348,1,2
1675,349,1,2
1675,350,1,2
1675,351,1,2
1675,352,1,2
1675,353,1,2
1675,354,1,2
1675,355,1,2
1675,356,1,2
1675,357,1,2
1675,358,1,2
1675,359,1,2
1675,360,1,2
1675,361,1,2
1675,362,1,2
1675,363,1,2
1675,364,1,2
1675,365,1,2
1675,366,1,2
1675,367,1,2
1675,368,1,2
1675,369,1,2
1675,370,1,2
1675,371,1,2
1675,372,1,2
1675,373,1,2
1675,374,1,2
1675,375,1,2
1675,376,1,2
1675,377,1,2
1675,378,1,2
1675,379,1,2
1675,380,1,2
1675,381,1,2
1675,382,1,2
1675,383,1,2
1675,384,1,2
1675,385,1,2
1675,386,1,2
1675,387,1,2
1675,388,1,2
1675,389,1,2
1675,390,1,2
1675,391,1,2
1675,392,1,2
1675,393,1,2
1675,394,1,2
1675,395,1,2
1675,396,1,2
1675,397,1,2
1675,398,1,2
1676,140,1,2
1676,141,1,2
1676,142,1,2
1676,143,1,2
1676,144,1,2
1676,145,1,3
1676,146,1,3
1676,147,1,3
1676,148,1,3
1676,149,1,3
1676,150,1,3
1676,151,1,3
1676,152,1,3
1676,153,1,3
1676,154,1,3
1676,155,1,3
1676,156,1,3
1676,157,1,3
1676,158,1,3
1676,159,1,3
1676,160,1,3
1676,161,1,3
1676,162,1,3
1676,163,1,3
1676,164,1,3
1676,165,1,3
1676,166,1,3
1676,167,1,3
1676,168,1,3
1676,169,1,3
1676,170,1,3
1676,171,1,3
1676,172,1,3
1676,173,1,3
1676,174,1,2
1676,175,1,2
1676,176,1,2
1676,177,1,2
1676,178,1,2
1676,179,1,2
1676,180,1,2
1676,181,1,2
1676,182,1,2
1676,183,1,2
1676,184,1,2
1676,185,1,2
1676,186,1,2
1676,187,1,2
1676,188,1,2
1676,189,1,2
1676,190,1,2
1676,191,1,2
1676,192,1,2
1676,193,1,2
1676,194,1,2
1676,195,1,2
1676,196,1,2
1676,197,1,2
1676,198,1,2
1676,199,1,2
1676,200,1,2
1676,201,1,2
1676,202,1,2
1676,203,1,2
1676,204,1,2
1676,205,1,2
1676,206,1,2
1676,207,1,2
1676,208,1,2
1676,209,1,2
1676,210,1,2
1676,211,1,2
1676,212,1,2
1676,213,1,2
1676,214,1,2
1676,215,1,2
1676,216,1,2
1676,217,1,2
1676,218,1,2
1676,219,1,2
1676,220,1,2
1676,221,1,2
1676,222,1,2
1676,223,1,2
1676,224,1,2
1676,225,1,2
1676,226,1,2
1676,227,1,2
1676,228,1,2
1676,229,1,2
1676,230,1,2
1676,231,1,2
1676,232,1,2
1676,233,1,2
1676,234,1,2
1676,235,1,2
1676,236,1,2
1676,237,1,2
1676,238,1,2
1676,239,1,2
1676,240,1,2
1676,241,1,2
1676,242,1,2
1676,243,1,2
1676,244,1,2
1676,245,1,2
1676,246,1,2
1676,247,1,2
1676,248,1,2
1676,249,1,2
1676,250,1,2
1676,251,1,2
1676,252,1,2
1676,253,1,2
1676,254,1,2
1676,255,1,2
1676,256,1,2
1676,257,1,2
1676,258,1,2
1676,259,1,2
1676,260,1,2
1676,261,1,2
1676,262,1,2
1676,263,1,2
1676,264,1,2
1676,265,1,2
1676,266,1,2
1676,267,1,2
1676,268,1,2
1676,269,1,2
1676,270,1,2
1676,271,1,2
1676,272,1,2
1676,273,1,2
1676,274,1,2
1676,275,1,2
1676,276,1,2
1676,277,1,2
1676,278,1,2
1676,279,1,2
1676,280,1,2
1676,281,1,2
1676,282,1,2
1676,283,1,2
1676,284,1,2
1676,285,1,2
1676,286,1,2
1676,287,1,2
1676,288,1,2
1676,289,1,2
1676,290,1,2
1676,291,1,2
1676,292,1,2
1676,293,1,2
1676,294,1,2
1676,295,1,2
1676,296,1,2
1676,297,1,2
1676,298,1,2
1676,299,1,2
1676,300,1,2
1676,301,1,2
1676,302,1,2
1676,303,1,2
1676,304,1,2
1676,305,1,2
1676,306,1,2
1676,307,1,2
1676,308,1,2
1676,309,1,2
1676,310,1,2
1676,311,1,2
1676,312,1,2
1676,313,1,2
1676,314,1,2
1676,315,1,2
1676,316,1,2
1676,317,1,2
1676,318,1,2
1676,319,1,2
1676,320,1,2
1676,321,1,2
1676,322,1,2
1676,323,1,2
1676,324,1,2
1676,325,1,2
1676,326,1,2
1676,327,1,2
1676,328,1,2
1676,329,1,2
1676,330,1,2
1676,331,1,2
1676,332,1,2
1676,333,1,2
1676,334,1,2
1676,335,1,2
1676,336,1,2
1676,337,1,2
1676,338,1,2
1676,339,1,2
1676,340,1,2
1676,341,1,2
1676,342,1,2
1676,343,1,2
1676,344,1,2
1676,345,1,2
1676,346,1,2
1676,347,1,2
1676,348,1,2
1676,349,1,2
1676,350,1,2
1676,351,1,2
1676,352,1,2
1676,353,1,2
1676,354,1,2
1676,355,1,2
1676,356,1,2
1676,357,1,2
1676,358,1,2
1676,359,1,2
1676,360,1,2
1676,361,1,2
1676,362,1,2
1676,363,1,2
1676,364,1,2
1676,365,1,2
1676,366,1,2
1676,367,1,2
1676,368,1,2
1676,369,1,2
1676,370,1,2
1676,371,1,2
1676,372,1,2
1676,373,1,2
1676,374,1,2
1676,375,1,2
1676,376,1,2
1676,377,1,2
1676,378,1,2
1676,379,1,2
1676,380,1,2
1676,381,1,2
1676,382,1,2
1676,383,1,2
1676,384,1,2
1676,385,1,2
1676,386,1,2
1676,387,1,2
1676,388,1,2
1676,389,1,2
1676,390,1,2
1676,391,1,2
1676,392,1,2
1676,393,1,2
1676,394,1,2
1676,395,1,2
1676,396,1,2
1676,397,1,2
1677,141,1,2
1677,142,1,2
1677,143,1,2
1677,144,1,2
1677,145,1,3
1677,146,1,3
1677,147,1,3
1677,148,1,3
1677,149,1,3
1677,150,1,3
1677,151,1,3
1677,152,1,3
1677,153,1,3
1677,154,1,3
1677,155,1,3
1677,156,1,3
1677,157,1,3
1677,158,1,3
1677,159,1,3
1677,160,1,3
1677,161,1,3
1677,162,1,3
1677,163,1,3
1677,164,1,3
1677,165,1,3
1677,166,1,3
1677,167,1,3
1677,168,1,3
1677,169,1,3
1677,170,1,3
1677,171,1,3
1677,172,1,3
1677,173,1,3
1677,174,1,3
1677,175,1,2
1677,176,1,2
1677,177,1,2
1677,178,1,2
1677,179,1,2
1677,180,1,2
1677,181,1,2
1677,182,1,2
1677,183,1,2
1677,184,1,2
1677,185,1,2
1677,186,1,2
1677,187,1,2
1677,188,1,2
1677,189,1,2
1677,190,1,2
1677,191,1,2
1677,192,1,2
1677,193,1,2
1677,194,1,2
1677,195,1,2
1677,196,1,2
1677,197,1,2
1677,198,1,2
1677,199,1,2
1677,200,1,2
1677,201,1,2
1677,202,1,2
1677,203,1,2
1677,204,1,2
1677,205,1,2
1677,206,1,2
1677,207,1,2
1677,208,1,2
1677,209,1,2
1677,210,1,2
1677,211,1,2
1677,212,1,2
1677,213,1,2
1677,214,1,2
1677,215,1,2
1677,216,1,2
1677,217,1,2
1677,218,1,2
1677,219,1,2
1677,220,1,2
1677,221,1,2
1677,222,1,2
1677,223,1,2
1677,224,1,2
1677,225,1,2
1677,226,1,2
1677,227,1,2
1677,228,1,2
1677,229,1,2
1677,230,1,2
1677,231,1,2
1677,232,1,2
1677,233,1,2
1677,234,1,2
1677,235,1,2
1677,236,1,2
1677,237,1,2
1677,238,1,2
1677,239,1,2
1677,240,1,2
1677,241,1,2
1677,242,1,2
1677,243,1,2
1677,244,1,2
1677,245,1,2
1677,246,1,2
1677,247,1,2
1677,248,1,2
1677,249,1,2
1677,250,1,2
1677,251,1,2
1677,252,1,2
1677,253,1,2
1677,254,1,2
1677,255,1,2
1677,256,1,2
1677,257,1,2
1677,258,1,2
1677,259,1,2
1677,260,1,2
1677,261,1,2
1677,262,1,2
1677,263,1,2
1677,264,1,2
1677,265,1,2
1677,266,1,2
1677,267,1,2
1677,268,1,2
1677,269,1,2
1677,270,1,2
1677,271,1,2
1677,272,1,2
1677,273,1,2
1677,274,1,2
1677,275,1,2
1677,276,1,2
1677,277,1,2
1677,278,1,2
1677,279,1,2
1677,280,1,2
1677,281,1,2
1677,282,1,2
1677,283,1,2
1677,284,1,2
1677,285,1,2
1677,286,1,2
1677,287,1,2
1677,288,1,2
1677,289,1,2
1677,290,1,2
1677,291,1,2
1677,292,1,2
1677,293,1,2
1677,294,1,2
1677,295,1,2
1677,296,1,2
1677,297,1,2
1677,298,1,2
1677,299,1,2
1677,300,1,2
1677,301,1,2
1677,302,1,2
1677,303,1,2
1677,304,1,2
1677,305,1,2
1677,306,1,2
1677,307,1,2
1677,308,1,2
1677,309,1,2
1677,310,1,2
1677,311,1,2
1677,312,1,2
1677,313,1,2
1677,314,1,2
1677,315,1,2
1677,316,1,2
1677,317,1,2
1677,318,1,2
1677,319,1,2
1677,320,1,2
1677,321,1,2
1677,322,1,2
1677,323,1,2
1677,324,1,2
1677,325,1,2
1677,326,1,2
1677,327,1,2
1677,328,1,2
1677,329,1,2
1677,330,1,2
1677,331,1,2
1677,332,1,2
1677,333,1,2
1677,334,1,2
1677,335,1,2
1677,336,1,2
1677,337,1,2
1677,338,1,2
1677,339,1,2
1677,340,1,2
1677,341,1,2
1677,342,1,2
1677,343,1,2
1677,344,1,2
1677,345,1,2
1677,346,1,2
1677,347,1,2
1677,348,1,2
1677,349,1,2
1677,350,1,2
1677,351,1,2
1677,352,1,2
1677,353,1,2
1677,354,1,2
1677,355,1,2
1677,356,1,2
1677,357,1,2
1677,358,1,2
1677,359,1,2
1677,360,1,2
1677,361,1,2
1677,362,1,2
1677,363,1,2
1677,364,1,2
1677,365,1,2
1677,366,1,2
1677,367,1,2
1677,368,1,2
1677,369,1,2
1677,370,1,2
1677,371,1,2
1677,372,1,2
1677,373,1,2
1677,374,1,2
1677,375,1,2
1677,376,1,2
1677,377,1,2
1677,378,1,2
1677,379,1,2
1677,380,1,2
1677,381,1,2
1677,382,1,2
1677,383,1,2
1677,384,1,2
1677,385,1,2
1677,386,1,2
1677,387,1,2
1677,388,1,2
1677,389,1,2
1677,390,1,2
1677,391,1,2
1677,392,1,2
1677,393,1,2
1678,142,1,2
1678,143,1,2
1678,144,1,2
1678,145,1,3
1678,146,1,3
1678,147,1,3
1678,148,1,3
1678,149,1,3
1678,150,1,3
1678,151,1,3
1678,152,1,3
1678,153,1,3
1678,154,1,3
1678,155,1,3
1678,156,1,3
1678,157,1,3
1678,158,1,3
1678,159,1,3
1678,160,1,3
1678,161,1,3
1678,162,1,3
1678,163,1,3
1678,164,1,3
1678,165,1,3
1678,166,1,3
1678,167,1,3
1678,168,1,3
1678,169,1,3
1678,170,1,3
1678,171,1,3
1678,172,1,3
1678,173,1,3
1678,174,1,3
1678,175,1,2
1678,176,1,2
1678,177,1,2
1678,178,1,2
1678,179,1,2
1678,180,1,2
1678,181,1,2
1678,182,1,2
1678,183,1,2
1678,184,1,2
1678,185,1,2
1678,186,1,2
1678,187,1,2
1678,188,1,2
1678,189,1,2
1678,190,1,2
1678,191,1,2
1678,192,1,2
1678,193,1,2
1678,194,1,2
1678,195,1,2
1678,196,1,2
1678,197,1,2
1678,198,1,2
1678,199,1,2
1678,200,1,2
1678,201,1,2
1678,202,1,2
1678,203,1,2
1678,204,1,2
1678,205,1,2
1678,206,1,2
1678,207,1,2
1678,208,1,2
1678,209,1,2
1678,210,1,2
1678,211,1,2
1678,212,1,2
1678,213,1,2
1678,214,1,2
1678,215,1,2
1678,216,1,2
1678,217,1,2
1678,218,1,2
1678,219,1,2
1678,220,1,2
1678,221,1,2
1678,222,1,2
1678,223,1,2
1678,224,1,2
1678,225,1,2
1678,226,1,2
1678,227,1,2
1678,228,1,2
1678,229,1,2
1678,230,1,2
1678,231,1,2
1678,232,1,2
1678,233,1,2
1678,234,1,2
1678,235,1,2
1678,236,1,2
1678,237,1,2
1678,238,1,2
1678,239,1,2
1678,240,1,2
1678,241,1,2
1678,242,1,2
1678,243,1,2
1678,244,1,2
1678,245,1,2
1678,246,1,2
1678,247,1,2
1678,248,1,2
1678,249,1,2
1678,250,1,2
1678,251,1,2
1678,252,1,2
1678,253,1,2
1678,254,1,2
1678,255,1,2
1678,256,1,2
1678,257,1,2
1678,258,1,2
1678,259,1,2
1678,260,1,2
1678,261,1,2
1678,262,1,2
1678,263,1,2
1678,264,1,2
1678,265,1,2
1678,266,1,2
1678,267,1,2
1678,268,1,2
1678,269,1,2
1678,270,1,2
1678,271,1,2
1678,272,1,2
1678,273,1,2
1678,274,1,2
1678,275,1,2
1678,276,1,2
1678,277,1,2
1678,278,1,2
1678,279,1,2
1678,280,1,2
1678,281,1,2
1678,282,1,2
1678,283,1,2
1678,284,1,2
1678,285,1,2
1678,286,1,2
1678,287,1,2
1678,288,1,2
1678,289,1,2
1678,290,1,2
1678,291,1,2
1678,292,1,2
1678,293,1,2
1678,294,1,2
1678,295,1,2
1678,296,1,2
1678,297,1,2
1678,298,1,2
1678,299,1,2
1678,300,1,2
1678,301,1,2
1678,302,1,2
1678,303,1,2
1678,304,1,2
1678,305,1,2
1678,306,1,2
1678,307,1,2
1678,308,1,2
1678,309,1,2
1678,310,1,2
1678,311,1,2
1678,312,1,2
1678,313,1,2
1678,314,1,2
1678,315,1,2
1678,316,1,2
1678,317,1,2
1678,318,1,2
1678,319,1,2
1678,320,1,2
1678,321,1,2
1678,322,1,2
1678,323,1,2
1678,324,1,2
1678,325,1,2
1678,326,1,2
1678,327,1,2
1678,328,1,2
1678,329,1,2
1678,330,1,2
1678,331,1,2
1678,332,1,2
1678,333,1,2
1678,334,1,2
1678,335,1,2
1678,336,1,2
1678,337,1,2
1678,338,1,2
1678,339,1,2
1678,340,1,2
1678,341,1,2
1678,342,1,2
1678,343,1,2
1678,344,1,2
1678,345,1,2
1678,346,1,2
1678,347,1,2
1678,348,1,2
1678,349,1,2
1678,350,1,2
1678,351,1,2
1678,352,1,2
1678,353,1,2
1678,354,1,2
1678,355,1,2
1678,356,1,2
1678,357,1,2
1678,358,1,2
1678,359,1,2
1678,360,1,2
1678,361,1,2
1678,362,1,2
1678,363,1,2
1678,364,1,2
1678,365,1,2
1678,366,1,2
1678,367,1,2
1678,368,1,2
1678,369,1,2
1678,370,1,2
1678,371,1,2
1678,372,1,2
1678,373,1,2
1678,374,1,2
1678,375,1,2
1678,376,1,2
1678,377,1,2
1678,378,1,2
1678,379,1,2
1678,380,1,2
1678,381,1,2
1678,382,1,2
1678,383,1,2
1678,384,1,2
1678,385,1,2
1678,386,1,2
1678,387,1,2
1678,388,1,2
1678,389,1,2
1678,390,1,2
1678,391,1,2
1678,392,1,2
1679,144,1,2
1679,145,1,2
1679,146,1,2
1679,147,1,2
1679,148,1,2
1679,149,1,2
1679,150,1,2
1679,151,1,3
1679,152,1,3
1679,153,1,3
1679,154,1,3
1679,155,1,3
1679,156,1,3
1679,157,1,3
1679,158,1,3
1679,159,1,3
1679,160,1,3
1679,161,1,3
1679,162,1,3
1679,163,1,3
1679,164,1,3
1679,165,1,3
1679,166,1,3
1679,167,1,3
1679,168,1,3
1679,169,1,3
1679,170,1,3
1679,171,1,3
1679,172,1,3
1679,173,1,3
1679,174,1,3
1679,175,1,2
1679,176,1,2
1679,177,1,2
1679,178,1,2
1679,179,1,2
1679,180,1,2
1679,181,1,2
1679,182,1,2
1679,183,1,2
1679,184,1,2
1679,185,1,2
1679,186,1,2
1679,187,1,2
1679,188,1,2
1679,189,1,2
1679,190,1,2
1679,191,1,2
1679,192,1,2
1679,193,1,2
1679,194,1,2
1679,195,1,2
1679,196,1,2
1679,197,1,2
1679,198,1,2
1679,199,1,2
1679,200,1,2
1679,201,1,2
1679,202,1,2
1679,203,1,2
1679,204,1,2
1679,205,1,2
1679,206,1,2
1679,207,1,2
1679,208,1,2
1679,209,1,2
1679,210,1,2
1679,211,1,2
1679,212,1,2
1679,213,1,2
1679,214,1,2
1679,215,1,2
1679,216,1,2
1679,217,1,2
1679,218,1,2
1679,219,1,2
1679,220,1,2
1679,221,1,2
1679,222,1,2
1679,223,1,2
1679,224,1,2
1679,225,1,2
1679,226,1,2
1679,227,1,2
1679,228,1,2
1679,229,1,2
1679,230,1,2
1679,231,1,2
1679,232,1,2
1679,233,1,2
1679,234,1,2
1679,235,1,2
1679,236,1,2
1679,237,1,2
1679,238,1,2
1679,239,1,2
1679,240,1,2
1679,241,1,2
1679,242,1,2
1679,243,1,2
1679,244,1,2
1679,245,1,2
1679,246,1,2
1679,247,1,2
1679,248,1,2
1679,249,1,2
1679,250,1,2
1679,251,1,2
1679,252,1,2
1679,253,1,2
1679,254,1,2
1679,255,1,2
1679,256,1,2
1679,257,1,2
1679,258,1,2
1679,259,1,2
1679,260,1,2
1679,261,1,2
1679,262,1,2
1679,263,1,2
1679,264,1,2
1679,265,1,2
1679,266,1,2
1679,267,1,2
1679,268,1,2
1679,269,1,2
1679,270,1,2
1679,271,1,2
1679,272,1,2
1679,273,1,2
1679,274,1,2
1679,275,1,2
1679,276,1,2
1679,277,1,2
1679,278,1,2
1679,279,1,2
1679,280,1,2
1679,281,1,2
1679,282,1,2
1679,283,1,2
1679,284,1,2
1679,285,1,2
1679,286,1,2
1679,287,1,2
1679,288,1,2
1679,289,1,2
1679,290,1,2
1679,291,1,2
1679,292,1,2
1679,293,1,2
1679,294,1,2
1679,295,1,2
1679,296,1,2
1679,297,1,2
1679,298,1,2
1679,299,1,2
1679,300,1,2
1679,301,1,2
1679,302,1,2
1679,303,1,2
1679,304,1,2
1679,305,1,2
1679,306,1,2
1679,307,1,2
1679,308,1,2
1679,309,1,2
1679,310,1,2
1679,311,1,2
1679,312,1,2
1679,313,1,2
1679,314,1,2
1679,315,1,2
1679,316,1,2
1679,317,1,2
1679,318,1,2
1679,319,1,2
1679,320,1,2
1679,321,1,2
1679,322,1,2
1679,323,1,2
1679,324,1,2
1679,325,1,2
1679,326,1,2
1679,327,1,2
1679,328,1,2
1679,329,1,2
1679,330,1,2
1679,331,1,2
1679,332,1,2
1679,333,1,2
1679,334,1,2
1679,335,1,2
1679,336,1,2
1679,337,1,2
1679,338,1,2
1679,339,1,2
1679,340,1,2
1679,341,1,2
1679,342,1,2
1679,343,1,2
1679,344,1,2
1679,345,1,2
1679,346,1,2
1679,347,1,2
1679,348,1,2
1679,349,1,2
1679,350,1,2
1679,351,1,2
1679,352,1,2
1679,353,1,2
1679,354,1,2
1679,355,1,2
1679,356,1,2
1679,357,1,2
1679,358,1,2
1679,359,1,2
1679,360,1,2
1679,361,1,2
1679,362,1,2
1679,363,1,2
1679,364,1,2
1679,365,1,2
1679,366,1,2
1679,367,1,2
1679,368,1,2
1679,369,1,2
1679,370,1,2
1679,371,1,2
1679,372,1,2
1679,373,1,2
1679,374,1,2
1679,375,1,2
1679,376,1,2
1679,377,1,2
1679,378,1,2
1679,379,1,2
1679,380,1,2
1679,381,1,2
1679,382,1,2
1679,383,1,2
1679,384,1,2
1679,385,1,2
1679,386,1,2
1679,387,1,2
1679,388,1,2
1679,389,1,2
1679,390,1,2
1679,391,1,2
1680,146,1,2
1680,147,1,2
1680,148,1,2
1680,149,1,2
1680,150,1,2
1680,151,1,2
1680,152,1,3
1680,153,1,3
1680,154,1,3
1680,155,1,3
1680,156,1,3
1680,157,1,3
1680,158,1,3
1680,159,1,3
1680,160,1,3
1680,161,1,3
1680,162,1,3
1680,163,1,3
1680,164,1,3
1680,165,1,3
1680,166,1,3
1680,167,1,3
1680,168,1,3
1680,169,1,3
1680,170,1,3
1680,171,1,3
1680,172,1,3
1680,173,1,3
1680,174,1,3
1680,175,1,2
1680,176,1,2
1680,177,1,2
1680,178,1,2
1680,179,1,2
1680,180,1,2
1680,181,1,2
1680,182,1,2
1680,183,1,2
1680,184,1,2
1680,185,1,2
1680,186,1,2
1680,187,1,2
1680,188,1,2
1680,189,1,2
1680,190,1,2
1680,191,1,2
1680,192,1,2
1680,193,1,2
1680,194,1,2
1680,195,1,2
1680,196,1,2
1680,197,1,2
1680,198,1,2
1680,199,1,2
1680,200,1,2
1680,201,1,2
1680,202,1,2
1680,203,1,2
1680,204,1,2
1680,205,1,2
1680,206,1,2
1680,207,1,2
1680,208,1,2
1680,209,1,2
1680,210,1,2
1680,211,1,2
1680,212,1,2
1680,213,1,2
1680,214,1,2
1680,215,1,2
1680,216,1,2
1680,217,1,2
1680,218,1,2
1680,219,1,2
1680,220,1,2
1680,221,1,2
1680,222,1,2
1680,223,1,2
1680,224,1,2
1680,225,1,2
1680,226,1,2
1680,227,1,2
1680,228,1,2
1680,229,1,2
1680,230,1,2
1680,231,1,2
1680,232,1,2
1680,233,1,2
1680,234,1,2
1680,235,1,2
1680,236,1,2
1680,237,1,2
1680,238,1,2
1680,239,1,2
1680,240,1,2
1680,241,1,2
1680,242,1,2
1680,243,1,2
1680,244,1,2
1680,245,1,2
1680,246,1,2
1680,247,1,2
1680,248,1,2
1680,249,1,2
1680,250,1,2
1680,251,1,2
1680,252,1,2
1680,253,1,2
1680,254,1,2
1680,255,1,2
1680,256,1,2
1680,257,1,2
1680,258,1,2
1680,259,1,2
1680,260,1,2
1680,261,1,2
1680,262,1,2
1680,263,1,2
1680,264,1,2
1680,265,1,2
1680,266,1,2
1680,267,1,2
1680,268,1,2
1680,269,1,2
1680,270,1,2
1680,271,1,2
1680,272,1,2
1680,273,1,2
1680,274,1,2
1680,275,1,2
1680,276,1,2
1680,277,1,2
1680,278,1,2
1680,279,1,2
1680,280,1,2
1680,281,1,2
1680,282,1,2
1680,283,1,2
1680,284,1,2
1680,285,1,2
1680,286,1,2
1680,287,1,2
1680,288,1,2
1680,289,1,2
1680,290,1,2
1680,291,1,2
1680,292,1,2
1680,293,1,2
1680,294,1,2
1680,295,1,2
1680,296,1,2
1680,297,1,2
1680,298,1,2
1680,299,1,2
1680,300,1,2
1680,301,1,2
1680,302,1,2
1680,303,1,2
1680,304,1,2
1680,305,1,2
1680,306,1,2
1680,307,1,2
1680,308,1,2
1680,309,1,2
1680,310,1,2
1680,311,1,2
1680,312,1,2
1680,313,1,2
1680,314,1,2
1680,315,1,2
1680,316,1,2
1680,317,1,2
1680,318,1,2
1680,319,1,2
1680,320,1,2
1680,321,1,2
1680,322,1,2
1680,323,1,2
1680,324,1,2
1680,325,1,2
1680,326,1,2
1680,327,1,2
1680,328,1,2
1680,329,1,2
1680,330,1,2
1680,331,1,2
1680,332,1,2
1680,333,1,2
1680,334,1,2
1680,335,1,2
1680,336,1,2
1680,337,1,2
1680,338,1,2
1680,339,1,2
1680,340,1,2
1680,341,1,2
1680,342,1,2
1680,343,1,2
1680,344,1,2
1680,345,1,2
1680,346,1,2
1680,347,1,2
1680,348,1,2
1680,349,1,2
1680,350,1,2
1680,351,1,2
1680,352,1,2
1680,353,1,2
1680,354,1,2
1680,355,1,2
1680,356,1,2
1680,357,1,2
1680,358,1,2
1680,359,1,2
1680,360,1,2
1680,361,1,2
1680,362,1,2
1680,363,1,2
1680,364,1,2
1680,365,1,2
1680,366,1,2
1680,367,1,2
1680,368,1,2
1680,369,1,2
1680,370,1,2
1680,371,1,2
1680,372,1,2
1680,373,1,2
1680,374,1,2
1680,375,1,2
1680,376,1,2
1680,377,1,2
1680,378,1,2
1680,379,1,2
1680,380,1,2
1680,381,1,2
1680,382,1,2
1680,383,1,2
1680,384,1,2
1680,385,1,2
1680,386,1,2
1680,387,1,2
1680,388,1,2
1680,389,1,2
1681,147,1,2
1681,148,1,2
1681,149,1,2
1681,150,1,2
1681,151,1,2
1681,152,1,2
1681,153,1,3
1681,154,1,3
1681,155,1,3
1681,156,1,3
1681,157,1,3
1681,158,1,3
1681,159,1,3
1681,160,1,3
1681,161,1,3
1681,162,1,3
1681,163,1,3
1681,164,1,3
1681,165,1,3
1681,166,1,3
1681,167,1,3
1681,168,1,3
1681,169,1,3
1681,170,1,3
1681,171,1,3
1681,172,1,3
1681,173,1,3
1681,174,1,3
1681,175,1,2
1681,176,1,2
1681,177,1,2
1681,178,1,2
1681,179,1,2
1681,180,1,2
1681,181,1,2
1681,182,1,2
1681,183,1,2
1681,184,1,2
1681,185,1,2
1681,186,1,2
1681,187,1,2
1681,188,1,2
1681,189,1,2
1681,190,1,2
1681,191,1,2
1681,192,1,2
1681,193,1,2
1681,194,1,2
1681,195,1,2
1681,196,1,2
1681,197,1,2
1681,198,1,2
1681,199,1,2
1681,200,1,2
1681,201,1,2
1681,202,1,2
1681,203,1,2
1681,204,1,2
1681,205,1,2
1681,206,1,2
1681,207,1,2
1681,208,1,2
1681,209,1,2
1681,210,1,2
1681,211,1,2
1681,212,1,2
1681,213,1,2
1681,214,1,2
1681,215,1,2
1681,216,1,2
1681,217,1,2
1681,218,1,2
1681,219,1,2
1681,220,1,2
1681,221,1,2
1681,222,1,2
1681,223,1,2
1681,224,1,2
1681,225,1,2
1681,226,1,2
1681,227,1,2
1681,228,1,2
1681,229,1,2
1681,230,1,2
1681,231,1,2
1681,232,1,2
1681,233,1,2
1681,234,1,2
1681,235,1,2
1681,236,1,2
1681,237,1,2
1681,238,1,2
1681,239,1,2
1681,240,1,2
1681,241,1,2
1681,242,1,2
1681,243,1,2
1681,244,1,2
1681,245,1,2
1681,246,1,2
1681,247,1,2
1681,248,1,2
1681,249,1,2
1681,250,1,2
1681,251,1,2
1681,252,1,2
1681,253,1,2
1681,254,1,2
1681,255,1,2
1681,256,1,2
1681,257,1,2
1681,258,1,2
1681,259,1,2
1681,260,1,2
1681,261,1,2
1681,262,1,2
1681,263,1,2
1681,264,1,2
1681,265,1,2
1681,266,1,2
1681,267,1,2
1681,268,1,2
1681,269,1,2
1681,270,1,2
1681,271,1,2
1681,272,1,2
1681,273,1,2
1681,274,1,2
1681,275,1,2
1681,276,1,2
1681,277,1,2
1681,278,1,2
1681,279,1,2
1681,280,1,2
1681,281,1,2
1681,282,1,2
1681,283,1,2
1681,284,1,2
1681,285,1,2
1681,286,1,2
1681,287,1,2
1681,288,1,2
1681,289,1,2
1681,290,1,2
1681,291,1,2
1681,292,1,2
1681,293,1,2
1681,294,1,2
1681,295,1,2
1681,296,1,2
1681,297,1,2
1681,298,1,2
1681,299,1,2
1681,300,1,2
1681,301,1,2
1681,302,1,2
1681,303,1,2
1681,304,1,2
1681,305,1,2
1681,306,1,2
1681,307,1,2
1681,308,1,2
1681,309,1,2
1681,310,1,2
1681,311,1,2
1681,312,1,2
1681,313,1,2
1681,314,1,2
1681,315,1,2
1681,316,1,2
1681,317,1,2
1681,318,1,2
1681,319,1,2
1681,320,1,2
1681,321,1,2
1681,322,1,2
1681,323,1,2
1681,324,1,2
1681,325,1,2
1681,326,1,2
1681,327,1,2
1681,328,1,2
1681,329,1,2
1681,330,1,2
1681,331,1,2
1681,332,1,2
1681,333,1,2
1681,334,1,2
1681,335,1,2
1681,336,1,2
1681,337,1,2
1681,338,1,2
1681,339,1,2
1681,340,1,2
1681,341,1,2
1681,342,1,2
1681,343,1,2
1681,344,1,2
1681,345,1,2
1681,346,1,2
1681,347,1,2
1681,348,1,2
1681,349,1,2
1681,350,1,2
1681,351,1,2
1681,352,1,2
1681,353,1,2
1681,354,1,2
1681,355,1,2
1681,356,1,2
1681,357,1,2
1681,358,1,2
1681,359,1,2
1681,360,1,2
1681,361,1,2
1681,362,1,2
1681,363,1,2
1681,364,1,2
1681,365,1,2
1681,366,1,2
1681,367,1,2
1681,368,1,2
1681,369,1,2
1681,370,1,2
1681,371,1,2
1681,372,1,2
1681,373,1,2
1681,374,1,2
1681,375,1,2
1681,376,1,2
1681,377,1,2
1681,378,1,2
1681,379,1,2
1681,380,1,2
1681,381,1,2
1681,382,1,2
1681,383,1,2
1681,384,1,2
1681,385,1,2
1681,386,1,2
1681,387,1,2
1681,388,1,2
1682,148,1,2
1682,149,1,2
1682,150,1,2
1682,151,1,2
1682,152,1,2
1682,153,1,2
1682,154,1,3
1682,155,1,3
1682,156,1,3
1682,157,1,3
1682,158,1,3
1682,159,1,3
1682,160,1,3
1682,161,1,3
1682,162,1,3
1682,163,1,3
1682,164,1,3
1682,165,1,3
1682,166,1,3
1682,167,1,3
1682,168,1,3
1682,169,1,3
1682,170,1,3
1682,171,1,3
1682,172,1,3
1682,173,1,3
1682,174,1,3
1682,175,1,2
1682,176,1,2
1682,177,1,2
1682,178,1,2
1682,179,1,2
1682,180,1,2
1682,181,1,2
1682,182,1,2
1682,183,1,2
1682,184,1,2
1682,185,1,2
1682,186,1,2
1682,187,1,2
1682,188,1,2
1682,189,1,2
1682,190,1,2
1682,191,1,2
1682,192,1,2
1682,193,1,2
1682,194,1,2
1682,195,1,2
1682,196,1,2
1682,197,1,2
1682,198,1,2
1682,199,1,2
1682,200,1,2
1682,201,1,2
1682,202,1,2
1682,203,1,2
1682,204,1,2
1682,205,1,2
1682,206,1,2
1682,207,1,2
1682,208,1,2
1682,209,1,2
1682,210,1,2
1682,211,1,2
1682,212,1,2
1682,213,1,2
1682,214,1,2
1682,215,1,2
1682,216,1,2
1682,217,1,2
1682,218,1,2
1682,219,1,2
1682,220,1,2
1682,221,1,2
1682,222,1,2
1682,223,1,2
1682,224,1,2
1682,225,1,2
1682,226,1,2
1682,227,1,2
1682,228,1,2
1682,229,1,2
1682,230,1,2
1682,231,1,2
1682,232,1,2
1682,233,1,2
1682,234,1,2
1682,235,1,2
1682,236,1,2
1682,237,1,2
1682,238,1,2
1682,239,1,2
1682,240,1,2
1682,241,1,2
1682,242,1,2
1682,243,1,2
1682,244,1,2
1682,245,1,2
1682,246,1,2
1682,247,1,2
1682,248,1,2
1682,249,1,2
1682,250,1,2
1682,251,1,2
1682,252,1,2
1682,253,1,2
1682,254,1,2
1682,255,1,2
1682,256,1,2
1682,257,1,2
1682,258,1,2
1682,259,1,2
1682,260,1,2
1682,261,1,2
1682,262,1,2
1682,263,1,2
1682,264,1,2
1682,265,1,2
1682,266,1,2
1682,267,1,2
1682,268,1,2
1682,269,1,2
1682,270,1,2
1682,271,1,2
1682,272,1,2
1682,273,1,2
1682,274,1,2
1682,275,1,2
1682,276,1,2
1682,277,1,2
1682,278,1,2
1682,279,1,2
1682,280,1,2
1682,281,1,2
1682,282,1,2
1682,283,1,2
1682,284,1,2
1682,285,1,2
1682,286,1,2
1682,287,1,2
1682,288,1,2
1682,289,1,2
1682,290,1,2
1682,291,1,2
1682,292,1,2
1682,293,1,2
1682,294,1,2
1682,295,1,2
1682,296,1,2
1682,297,1,2
1682,298,1,2
1682,299,1,2
1682,300,1,2
1682,301,1,2
1682,302,1,2
1682,303,1,2
1682,304,1,2
1682,305,1,2
1682,306,1,2
1682,307,1,2
1682,308,1,2
1682,309,1,2
1682,310,1,2
1682,311,1,2
1682,312,1,2
1682,313,1,2
1682,314,1,2
1682,315,1,2
1682,316,1,2
1682,317,1,2
1682,318,1,2
1682,319,1,2
1682,320,1,2
1682,321,1,2
1682,322,1,2
1682,323,1,2
1682,324,1,2
1682,325,1,2
1682,326,1,2
1682,327,1,2
1682,328,1,2
1682,329,1,2
1682,330,1,2
1682,331,1,2
1682,332,1,2
1682,333,1,2
1682,334,1,2
1682,335,1,2
1682,336,1,2
1682,337,1,2
1682,338,1,2
1682,339,1,2
1682,340,1,2
1682,341,1,2
1682,342,1,2
1682,343,1,2
1682,344,1,2
1682,345,1,2
1682,346,1,2
1682,347,1,2
1682,348,1,2
1682,349,1,2
1682,350,1,2
1682,351,1,2
1682,352,1,2
1682,353,1,2
1682,354,1,2
1682,355,1,2
1682,356,1,2
1682,357,1,2
1682,358,1,2
1682,359,1,2
1682,360,1,2
1682,361,1,2
1682,362,1,2
1682,363,1,2
1682,364,1,2
1682,365,1,2
1682,366,1,2
1682,367,1,2
1682,368,1,2
1682,369,1,2
1682,370,1,2
1682,371,1,2
1682,372,1,2
1682,373,1,2
1682,374,1,2
1682,375,1,2
1682,376,1,2
1682,377,1,2
1682,378,1,2
1682,379,1,2
1682,380,1,2
1682,381,1,2
1682,382,1,2
1682,383,1,2
1682,384,1,2
1682,385,1,2
1682,386,1,2
1683,148,1,2
1683,149,1,2
1683,150,1,2
1683,151,1,2
1683,152,1,2
1683,153,1,2
1683,154,1,3
1683,155,1,3
1683,156,1,3
1683,157,1,3
1683,158,1,3
1683,159,1,3
1683,160,1,3
1683,161,1,3
1683,162,1,3
1683,163,1,3
1683,164,1,3
1683,165,1,3
1683,166,1,3
1683,167,1,3
1683,168,1,3
1683,169,1,3
1683,170,1,3
1683,171,1,3
1683,172,1,3
1683,173,1,3
1683,174,1,3
1683,175,1,3
1683,176,1,2
1683,177,1,2
1683,178,1,2
1683,179,1,2
1683,180,1,2
1683,181,1,2
1683,182,1,2
1683,183,1,2
1683,184,1,2
1683,185,1,2
1683,186,1,2
1683,187,1,2
1683,188,1,2
1683,189,1,2
1683,190,1,2
1683,191,1,2
1683,192,1,2
1683,193,1,2
1683,194,1,2
1683,195,1,2
1683,196,1,2
1683,197,1,2
1683,198,1,2
1683,199,1,2
1683,200,1,2
1683,201,1,2
1683,202,1,2
1683,203,1,2
1683,204,1,2
1683,205,1,2
1683,206,1,2
1683,207,1,2
1683,208,1,2
1683,209,1,2
1683,210,1,2
1683,211,1,2
1683,212,1,2
1683,213,1,2
1683,214,1,2
1683,215,1,2
1683,216,1,2
1683,217,1,2
1683,218,1,2
1683,219,1,2
1683,220,1,2
1683,221,1,2
1683,222,1,2
1683,223,1,2
1683,224,1,2
1683,225,1,2
1683,226,1,2
1683,227,1,2
1683,228,1,2
1683,229,1,2
1683,230,1,2
1683,231,1,2
1683,232,1,2
1683,233,1,2
1683,234,1,2
1683,235,1,2
1683,236,1,2
1683,237,1,2
1683,238,1,2
1683,239,1,2
1683,240,1,2
1683,241,1,2
1683,242,1,2
1683,243,1,2
1683,244,1,2
1683,245,1,2
1683,246,1,2
1683,247,1,2
1683,248,1,2
1683,249,1,2
1683,250,1,2
1683,251,1,2
1683,252,1,2
1683,253,1,2
1683,254,1,2
1683,255,1,2
1683,256,1,2
1683,257,1,2
1683,258,1,2
1683,259,1,2
1683,260,1,2
1683,261,1,2
1683,262,1,2
1683,263,1,2
1683,264,1,2
1683,265,1,2
1683,266,1,2
1683,267,1,2
1683,268,1,2
1683,269,1,2
1683,270,1,2
1683,271,1,2
1683,272,1,2
1683,273,1,2
1683,274,1,2
1683,275,1,2
1683,276,1,2
1683,277,1,2
1683,278,1,2
1683,279,1,2
1683,280,1,2
1683,281,1,2
1683,282,1,2
1683,283,1,2
1683,284,1,2
1683,285,1,2
1683,286,1,2
1683,287,1,2
1683,288,1,2
1683,289,1,2
1683,290,1,2
1683,291,1,2
1683,292,1,2
1683,293,1,2
1683,294,1,2
1683,295,1,2
1683,296,1,2
1683,297,1,2
1683,298,1,2
1683,299,1,2
1683,300,1,2
1683,301,1,2
1683,302,1,2
1683,303,1,2
1683,304,1,2
1683,305,1,2
1683,306,1,2
1683,307,1,2
1683,308,1,2
1683,309,1,2
1683,310,1,2
1683,311,1,2
1683,312,1,2
1683,313,1,2
1683,314,1,2
1683,315,1,2
1683,316,1,2
1683,317,1,2
1683,318,1,2
1683,319,1,2
1683,320,1,2
1683,321,1,2
1683,322,1,2
1683,323,1,2
1683,324,1,2
1683,325,1,2
1683,326,1,2
1683,327,1,2
1683,328,1,2
1683,329,1,2
1683,330,1,2
1683,331,1,2
1683,332,1,2
1683,333,1,2
1683,334,1,2
1683,335,1,2
1683,336,1,2
1683,337,1,2
1683,338,1,2
1683,339,1,2
1683,340,1,2
1683,341,1,2
1683,342,1,2
1683,343,1,2
1683,344,1,2
1683,345,1,2
1683,346,1,2
1683,347,1,2
1683,348,1,2
1683,349,1,2
1683,350,1,2
1683,351,1,2
1683,352,1,2
1683,353,1,2
1683,354,1,2
1683,355,1,2
1683,356,1,2
1683,357,1,2
1683,358,1,2
1683,359,1,2
1683,360,1,2
1683,361,1,2
1683,362,1,2
1683,363,1,2
1683,364,1,2
1683,365,1,2
1683,366,1,2
1683,367,1,2
1683,368,1,2
1683,369,1,2
1683,370,1,2
1683,371,1,2
1683,372,1,2
1683,373,1,2
1683,374,1,2
1683,375,1,2
1683,376,1,2
1683,377,1,2
1683,378,1,2
1683,379,1,2
1683,380,1,2
1683,381,1,2
1683,382,1,2
1683,383,1,2
1683,384,1,2
1683,385,1,2
1683,386,1,2
1684,150,1,2
1684,151,1,2
1684,152,1,2
1684,153,1,2
1684,154,1,3
1684,155,1,3
1684,156,1,3
1684,157,1,3
1684,158,1,3
1684,159,1,3
1684,160,1,3
1684,161,1,3
1684,162,1,3
1684,163,1,3
1684,164,1,3
1684,165,1,3
1684,166,1,3
1684,167,1,3
1684,168,1,3
1684,169,1,3
1684,170,1,3
1684,171,1,3
1684,172,1,3
1684,173,1,3
1684,174,1,3
1684,175,1,3
1684,176,1,2
1684,177,1,2
1684,178,1,2
1684,179,1,2
1684,180,1,2
1684,181,1,2
1684,182,1,2
1684,183,1,2
1684,184,1,2
1684,185,1,2
1684,186,1,2
1684,187,1,2
1684,188,1,2
1684,189,1,2
1684,190,1,2
1684,191,1,2
1684,192,1,2
1684,193,1,2
1684,194,1,2
1684,195,1,2
1684,196,1,2
1684,197,1,2
1684,198,1,2
1684,199,1,2
1684,200,1,2
1684,201,1,2
1684,202,1,2
1684,203,1,2
1684,204,1,2
1684,205,1,2
1684,206,1,2
1684,207,1,2
1684,208,1,2
1684,209,1,2
1684,210,1,2
1684,211,1,2
1684,212,1,2
1684,213,1,2
1684,214,1,2
1684,215,1,2
1684,216,1,2
1684,217,1,2
1684,218,1,2
1684,219,1,2
1684,220,1,2
1684,221,1,2
1684,222,1,2
1684,223,1,2
1684,224,1,2
1684,225,1,2
1684,226,1,2
1684,227,1,2
1684,228,1,2
1684,229,1,2
1684,230,1,2
1684,231,1,2
1684,232,1,2
1684,233,1,2
1684,234,1,2
1684,235,1,2
1684,236,1,2
1684,237,1,2
1684,238,1,2
1684,239,1,2
1684,240,1,2
1684,241,1,2
1684,242,1,2
1684,243,1,2
1684,244,1,2
1684,245,1,2
1684,246,1,2
1684,247,1,2
1684,248,1,2
1684,249,1,2
1684,250,1,2
1684,251,1,2
1684,252,1,2
1684,253,1,2
1684,254,1,2
1684,255,1,2
1684,256,1,2
1684,257,1,2
1684,258,1,2
1684,259,1,2
1684,260,1,2
1684,261,1,2
1684,262,1,2
1684,263,1,2
1684,264,1,2
1684,265,1,2
1684,266,1,2
1684,267,1,2
1684,268,1,2
1684,269,1,2
1684,270,1,2
1684,271,1,2
1684,272,1,2
1684,273,1,2
1684,274,1,2
1684,275,1,2
1684,276,1,2
1684,277,1,2
1684,278,1,2
1684,279,1,2
1684,280,1,2
1684,281,1,2
1684,282,1,2
1684,283,1,2
1684,284,1,2
1684,285,1,2
1684,286,1,2
1684,287,1,2
1684,288,1,2
1684,289,1,2
1684,290,1,2
1684,291,1,2
1684,292,1,2
1684,293,1,2
1684,294,1,2
1684,295,1,2
1684,296,1,2
1684,297,1,2
1684,298,1,2
1684,299,1,2
1684,300,1,2
1684,301,1,2
1684,302,1,2
1684,303,1,2
1684,304,1,2
1684,305,1,2
1684,306,1,2
1684,307,1,2
1684,308,1,2
1684,309,1,2
1684,310,1,2
1684,311,1,2
1684,312,1,2
1684,313,1,2
1684,314,1,2
1684,315,1,2
1684,316,1,2
1684,317,1,2
1684,318,1,2
1684,319,1,2
1684,320,1,2
1684,321,1,2
1684,322,1,2
1684,323,1,2
1684,324,1,2
1684,325,1,2
1684,326,1,2
1684,327,1,2
1684,328,1,2
1684,329,1,2
1684,330,1,2
1684,331,1,2
1684,332,1,2
1684,333,1,2
1684,334,1,2
1684,335,1,2
1684,336,1,2
1684,337,1,2
1684,338,1,2
1684,339,1,2
1684,340,1,2
1684,341,1,2
1684,342,1,2
1684,343,1,2
1684,344,1,2
1684,345,1,2
1684,346,1,2
1684,347,1,2
1684,348,1,2
1684,349,1,2
1684,350,1,2
1684,351,1,2
1684,352,1,2
1684,353,1,2
1684,354,1,2
1684,355,1,2
1684,356,1,2
1684,357,1,2
1684,358,1,2
1684,359,1,2
1684,360,1,2
1684,361,1,2
1684,362,1,2
1684,363,1,2
1684,364,1,2
1684,365,1,2
1684,366,1,2
1684,367,1,2
1684,368,1,2
1684,369,1,2
1684,370,1,2
1684,371,1,2
1684,372,1,2
1684,373,1,2
1684,374,1,2
1684,375,1,2
1684,376,1,2
1684,377,1,2
1684,378,1,2
1684,379,1,2
1684,380,1,2
1684,381,1,2
1684,382,1,2
1685,152,1,2
1685,153,1,2
1685,154,1,2
1685,155,1,2
1685,156,1,3
1685,157,1,3
1685,158,1,3
1685,159,1,3
1685,160,1,3
1685,161,1,3
1685,162,1,3
1685,163,1,3
1685,164,1,3
1685,165,1,3
1685,166,1,3
1685,167,1,3
1685,168,1,3
1685,169,1,3
1685,170,1,3
1685,171,1,3
1685,172,1,3
1685,173,1,3
1685,174,1,3
1685,175,1,3
1685,176,1,2
1685,177,1,2
1685,178,1,2
1685,179,1,2
1685,180,1,2
1685,181,1,2
1685,182,1,2
1685,183,1,2
1685,184,1,2
1685,185,1,2
1685,186,1,2
1685,187,1,2
1685,188,1,2
1685,189,1,2
1685,190,1,2
1685,191,1,2
1685,192,1,2
1685,193,1,2
1685,194,1,2
1685,195,1,2
1685,196,1,2
1685,197,1,2
1685,198,1,2
1685,199,1,2
1685,200,1,2
1685,201,1,2
1685,202,1,2
1685,203,1,2
1685,204,1,2
1685,205,1,2
1685,206,1,2
1685,207,1,2
1685,208,1,2
1685,209,1,2
1685,210,1,2
1685,211,1,2
1685,212,1,2
1685,213,1,2
1685,214,1,2
1685,215,1,2
1685,216,1,2
1685,217,1,2
1685,218,1,2
1685,219,1,2
1685,220,1,2
1685,221,1,2
1685,222,1,2
1685,223,1,2
1685,224,1,2
1685,225,1,2
1685,226,1,2
1685,227,1,2
1685,228,1,2
1685,229,1,2
1685,230,1,2
1685,231,1,2
1685,232,1,2
1685,233,1,2
1685,234,1,2
1685,235,1,2
1685,236,1,2
1685,237,1,2
1685,238,1,2
1685,239,1,2
1685,240,1,2
1685,241,1,2
1685,242,1,2
1685,243,1,2
1685,244,1,2
1685,245,1,2
1685,246,1,2
1685,247,1,2
1685,248,1,2
1685,249,1,2
1685,250,1,2
1685,251,1,2
1685,252,1,2
1685,253,1,2
1685,254,1,2
1685,255,1,2
1685,256,1,2
1685,257,1,2
1685,258,1,2
1685,259,1,2
1685,260,1,2
1685,261,1,2
1685,262,1,2
1685,263,1,2
1685,264,1,2
1685,265,1,2
1685,266,1,2
1685,267,1,2
1685,268,1,2
1685,269,1,2
1685,270,1,2
1685,271,1,2
1685,272,1,2
1685,273,1,2
1685,274,1,2
1685,275,1,2
1685,276,1,2
1685,277,1,2
1685,278,1,2
1685,279,1,2
1685,280,1,2
1685,281,1,2
1685,282,1,2
1685,283,1,2
1685,284,1,2
1685,285,1,2
1685,286,1,2
1685,287,1,2
1685,288,1,2
1685,289,1,2
1685,290,1,2
1685,291,1,2
1685,292,1,2
1685,293,1,2
1685,294,1,2
1685,295,1,2
1685,296,1,2
1685,297,1,2
1685,298,1,2
1685,299,1,2
1685,300,1,2
1685,301,1,2
1685,302,1,2
1685,303,1,2
1685,304,1,2
1685,305,1,2
1685,306,1,2
1685,307,1,2
1685,308,1,2
1685,309,1,2
1685,310,1,2
1685,311,1,2
1685,312,1,2
1685,313,1,2
1685,314,1,2
1685,315,1,2
1685,316,1,2
1685,317,1,2
1685,318,1,2
1685,319,1,2
1685,320,1,2
1685,321,1,2
1685,322,1,2
1685,323,1,2
1685,324,1,2
1685,325,1,2
1685,326,1,2
1685,327,1,2
1685,328,1,2
1685,329,1,2
1685,330,1,2
1685,331,1,2
1685,332,1,2
1685,333,1,2
1685,334,1,2
1685,335,1,2
1685,336,1,2
1685,337,1,2
1685,338,1,2
1685,339,1,2
1685,340,1,2
1685,341,1,2
1685,342,1,2
1685,343,1,2
1685,344,1,2
1685,345,1,2
1685,346,1,2
1685,347,1,2
1685,348,1,2
1685,349,1,2
1685,350,1,2
1685,351,1,2
1685,352,1,2
1685,353,1,2
1685,354,1,2
1685,355,1,2
1685,356,1,2
1685,357,1,2
1685,358,1,2
1685,359,1,2
1685,360,1,2
1685,361,1,2
1685,362,1,2
1685,363,1,2
1685,364,1,2
1685,365,1,2
1685,366,1,2
1685,367,1,2
1685,368,1,2
1685,369,1,2
1685,370,1,2
1685,371,1,2
1685,372,1,2
1685,373,1,2
1685,374,1,2
1685,375,1,2
1685,376,1,2
1685,377,1,2
1685,378,1,2
1685,379,1,2
1685,380,1,2
1686,153,1,2
1686,154,1,2
1686,155,1,3
1686,156,1,3
1686,157,1,3
1686,158,1,3
1686,159,1,3
1686,160,1,3
1686,161,1,3
1686,162,1,3
1686,163,1,3
1686,164,1,3
1686,165,1,3
1686,166,1,3
1686,167,1,3
1686,168,1,3
1686,169,1,3
1686,170,1,3
1686,171,1,3
1686,172,1,3
1686,173,1,3
1686,174,1,3
1686,175,1,2
1686,176,1,2
1686,177,1,2
1686,178,1,2
1686,179,1,2
1686,180,1,2
1686,181,1,2
1686,182,1,2
1686,183,1,2
1686,184,1,2
1686,185,1,2
1686,186,1,2
1686,187,1,2
1686,188,1,2
1686,189,1,2
1686,190,1,2
1686,191,1,2
1686,192,1,2
1686,193,1,2
1686,194,1,2
1686,195,1,2
1686,196,1,2
1686,197,1,2
1686,198,1,2
1686,199,1,2
1686,200,1,2
1686,201,1,2
1686,202,1,2
1686,203,1,2
1686,204,1,2
1686,205,1,2
1686,206,1,2
1686,207,1,2
1686,208,1,2
1686,209,1,2
1686,210,1,2
1686,211,1,2
1686,212,1,2
1686,213,1,2
1686,214,1,2
1686,215,1,2
1686,216,1,2
1686,217,1,2
1686,218,1,2
1686,219,1,2
1686,220,1,2
1686,221,1,2
1686,222,1,2
1686,223,1,2
1686,224,1,2
1686,225,1,2
1686,226,1,2
1686,227,1,2
1686,228,1,2
1686,229,1,2
1686,230,1,2
1686,231,1,2
1686,232,1,2
1686,233,1,2
1686,234,1,2
1686,235,1,2
1686,236,1,2
1686,237,1,2
1686,238,1,2
1686,239,1,2
1686,240,1,2
1686,241,1,2
1686,242,1,2
1686,243,1,2
1686,244,1,2
1686,245,1,2
1686,246,1,2
1686,247,1,2
1686,248,1,2
1686,249,1,2
1686,250,1,2
1686,251,1,2
1686,252,1,2
1686,253,1,2
1686,254,1,2
1686,255,1,2
1686,256,1,2
1686,257,1,2
1686,258,1,2
1686,259,1,2
1686,260,1,2
1686,261,1,2
1686,262,1,2
1686,263,1,2
1686,264,1,2
1686,265,1,2
1686,266,1,2
1686,267,1,2
1686,268,1,2
1686,269,1,2
1686,270,1,2
1686,271,1,2
1686,272,1,2
1686,273,1,2
1686,274,1,2
1686,275,1,2
1686,276,1,2
1686,277,1,2
1686,278,1,2
1686,279,1,2
1686,280,1,2
1686,281,1,2
1686,282,1,2
1686,283,1,2
1686,284,1,2
1686,285,1,2
1686,286,1,2
1686,287,1,2
1686,288,1,2
1686,289,1,2
1686,290,1,2
1686,291,1,2
1686,292,1,2
1686,293,1,2
1686,294,1,2
1686,295,1,2
1686,296,1,2
1686,297,1,2
1686,298,1,2
1686,299,1,2
1686,300,1,2
1686,301,1,2
1686,302,1,2
1686,303,1,2
1686,304,1,2
1686,305,1,2
1686,306,1,2
1686,307,1,2
1686,308,1,2
1686,309,1,2
1686,310,1,2
1686,311,1,2
1686,312,1,2
1686,313,1,2
1686,314,1,2
1686,315,1,2
1686,316,1,2
1686,317,1,2
1686,318,1,2
1686,319,1,2
1686,320,1,2
1686,321,1,2
1686,322,1,2
1686,323,1,2
1686,324,1,2
1686,325,1,2
1686,326,1,2
1686,327,1,2
1686,328,1,2
1686,329,1,2
1686,330,1,2
1686,331,1,2
1686,332,1,2
1686,333,1,2
1686,334,1,2
1686,335,1,2
1686,336,1,2
1686,337,1,2
1686,338,1,2
1686,339,1,2
1686,340,1,2
1686,341,1,2
1686,342,1,2
1686,343,1,2
1686,344,1,2
1686,345,1,2
1686,346,1,2
1686,347,1,2
1686,348,1,2
1686,349,1,2
1686,350,1,2
1686,351,1,2
1686,352,1,2
1686,353,1,2
1686,354,1,2
1686,355,1,2
1686,356,1,2
1686,357,1,2
1686,358,1,2
1686,359,1,2
1686,360,1,2
1686,361,1,2
1686,362,1,2
1686,363,1,2
1686,364,1,2
1686,365,1,2
1686,366,1,2
1686,367,1,2
1686,368,1,2
1686,369,1,2
1686,370,1,2
1686,371,1,2
1686,372,1,2
1686,373,1,2
1686,374,1,2
1686,375,1,2
1686,376,1,2
1686,377,1,2
1686,378,1,2
1686,379,1,2
1687,155,1,2
1687,156,1,3
1687,157,1,3
1687,158,1,3
1687,159,1,3
1687,160,1,3
1687,161,1,3
1687,162,1,3
1687,163,1,3
1687,164,1,3
1687,165,1,3
1687,166,1,3
1687,167,1,3
1687,168,1,3
1687,169,1,3
1687,170,1,3
1687,171,1,3
1687,172,1,3
1687,173,1,3
1687,174,1,3
1687,175,1,3
1687,176,1,2
1687,177,1,2
1687,178,1,2
1687,179,1,2
1687,180,1,2
1687,181,1,2
1687,182,1,2
1687,183,1,2
1687,184,1,2
1687,185,1,2
1687,186,1,2
1687,187,1,2
1687,188,1,2
1687,189,1,2
1687,190,1,2
1687,191,1,2
1687,192,1,2
1687,193,1,2
1687,194,1,2
1687,195,1,2
1687,196,1,2
1687,197,1,2
1687,198,1,2
1687,199,1,2
1687,200,1,2
1687,201,1,2
1687,202,1,2
1687,203,1,2
1687,204,1,2
1687,205,1,2
1687,206,1,2
1687,207,1,2
1687,208,1,2
1687,209,1,2
1687,210,1,2
1687,211,1,2
1687,212,1,2
1687,213,1,2
1687,214,1,2
1687,215,1,2
1687,216,1,2
1687,217,1,2
1687,218,1,2
1687,219,1,2
1687,220,1,2
1687,221,1,2
1687,222,1,2
1687,223,1,2
1687,224,1,2
1687,225,1,2
1687,226,1,2
1687,227,1,2
1687,228,1,2
1687,229,1,2
1687,230,1,2
1687,231,1,2
1687,232,1,2
1687,233,1,2
1687,234,1,2
1687,235,1,2
1687,236,1,2
1687,237,1,2
1687,238,1,2
1687,239,1,2
1687,240,1,2
1687,241,1,2
1687,242,1,2
1687,243,1,2
1687,244,1,2
1687,245,1,2
1687,246,1,2
1687,247,1,2
1687,248,1,2
1687,249,1,2
1687,250,1,2
1687,251,1,2
1687,252,1,2
1687,253,1,2
1687,254,1,2
1687,255,1,2
1687,256,1,2
1687,257,1,2
1687,258,1,2
1687,259,1,2
1687,260,1,2
1687,261,1,2
1687,262,1,2
1687,263,1,2
1687,264,1,2
1687,265,1,2
1687,266,1,2
1687,267,1,2
1687,268,1,2
1687,269,1,2
1687,270,1,2
1687,271,1,2
1687,272,1,2
1687,273,1,2
1687,274,1,2
1687,275,1,2
1687,276,1,2
1687,277,1,2
1687,278,1,2
1687,279,1,2
1687,280,1,2
1687,281,1,2
1687,282,1,2
1687,283,1,2
1687,284,1,2
1687,285,1,2
1687,286,1,2
1687,287,1,2
1687,288,1,2
1687,289,1,2
1687,290,1,2
1687,291,1,2
1687,292,1,2
1687,293,1,2
1687,294,1,2
1687,295,1,2
1687,296,1,2
1687,297,1,2
1687,298,1,2
1687,299,1,2
1687,300,1,2
1687,301,1,2
1687,302,1,2
1687,303,1,2
1687,304,1,2
1687,305,1,2
1687,306,1,2
1687,307,1,2
1687,308,1,2
1687,309,1,2
1687,310,1,2
1687,311,1,2
1687,312,1,2
1687,313,1,2
1687,314,1,2
1687,315,1,2
1687,316,1,2
1687,317,1,2
1687,318,1,2
1687,319,1,2
1687,320,1,2
1687,321,1,2
1687,322,1,2
1687,323,1,2
1687,324,1,2
1687,325,1,2
1687,326,1,2
1687,327,1,2
1687,328,1,2
1687,329,1,2
1687,330,1,2
1687,331,1,2
1687,332,1,2
1687,333,1,2
1687,334,1,2
1687,335,1,2
1687,336,1,2
1687,337,1,2
1687,338,1,2
1687,339,1,2
1687,340,1,2
1687,341,1,2
1687,342,1,2
1687,343,1,2
1687,344,1,2
1687,345,1,2
1687,346,1,2
1687,347,1,2
1687,348,1,2
1687,349,1,2
1687,350,1,2
1687,351,1,2
1687,352,1,2
1687,353,1,2
1687,354,1,2
1687,355,1,2
1687,356,1,2
1687,357,1,2
1687,358,1,2
1687,359,1,2
1687,360,1,2
1687,361,1,2
1687,362,1,2
1687,363,1,2
1687,364,1,2
1687,365,1,2
1687,366,1,2
1687,367,1,2
1687,368,1,2
1687,369,1,2
1687,370,1,2
1687,371,1,2
1687,372,1,2
1687,373,1,2
1687,374,1,2
1687,375,1,2
1687,376,1,2
1687,377,1,2
1688,156,1,3
1688,157,1,2
1688,158,1,2
1688,159,1,3
1688,160,1,3
1688,161,1,3
1688,162,1,3
1688,163,1,3
1688,164,1,3
1688,165,1,3
1688,166,1,3
1688,167,1,3
1688,168,1,3
1688,169,1,3
1688,170,1,3
1688,171,1,3
1688,172,1,3
1688,173,1,3
1688,174,1,3
1688,175,1,3
1688,176,1,2
1688,177,1,2
1688,178,1,2
1688,179,1,2
1688,180,1,2
1688,181,1,2
1688,182,1,2
1688,183,1,2
1688,184,1,2
1688,185,1,2
1688,186,1,2
1688,187,1,2
1688,188,1,2
1688,189,1,2
1688,190,1,2
1688,191,1,2
1688,192,1,2
1688,193,1,2
1688,194,1,2
1688,195,1,2
1688,196,1,2
1688,197,1,2
1688,198,1,2
1688,199,1,2
1688,200,1,2
1688,201,1,2
1688,202,1,2
1688,203,1,2
1688,204,1,2
1688,205,1,2
1688,206,1,2
1688,207,1,2
1688,208,1,2
1688,209,1,2
1688,210,1,2
1688,211,1,2
1688,212,1,2
1688,213,1,2
1688,214,1,2
1688,215,1,2
1688,216,1,2
1688,217,1,2
1688,218,1,2
1688,219,1,2
1688,220,1,2
1688,221,1,2
1688,222,1,2
1688,223,1,2
1688,224,1,2
1688,225,1,2
1688,226,1,2
1688,227,1,2
1688,228,1,2
1688,229,1,2
1688,230,1,2
1688,231,1,2
1688,232,1,2
1688,233,1,2
1688,234,1,2
1688,235,1,2
1688,236,1,2
1688,237,1,2
1688,238,1,2
1688,239,1,2
1688,240,1,2
1688,241,1,2
1688,242,1,2
1688,243,1,2
1688,244,1,2
1688,245,1,2
1688,246,1,2
1688,247,1,2
1688,248,1,2
1688,249,1,2
1688,250,1,2
1688,251,1,2
1688,252,1,2
1688,253,1,2
1688,254,1,2
1688,255,1,2
1688,256,1,2
1688,257,1,2
1688,258,1,2
1688,259,1,2
1688,260,1,2
1688,261,1,2
1688,262,1,2
1688,263,1,2
1688,264,1,2
1688,265,1,2
1688,266,1,2
1688,267,1,2
1688,268,1,2
1688,269,1,2
1688,270,1,2
1688,271,1,2
1688,272,1,2
1688,273,1,2
1688,274,1,2
1688,275,1,2
1688,276,1,2
1688,277,1,2
1688,278,1,2
1688,279,1,2
1688,280,1,2
1688,281,1,2
1688,282,1,2
1688,283,1,2
1688,284,1,2
1688,285,1,2
1688,286,1,2
1688,287,1,2
1688,288,1,2
1688,289,1,2
1688,290,1,2
1688,291,1,2
1688,292,1,2
1688,293,1,2
1688,294,1,2
1688,295,1,2
1688,296,1,2
1688,297,1,2
1688,298,1,2
1688,299,1,2
1688,300,1,2
1688,301,1,2
1688,302,1,2
1688,303,1,2
1688,304,1,2
1688,305,1,2
1688,306,1,2
1688,307,1,2
1688,308,1,2
1688,309,1,2
1688,310,1,2
1688,311,1,2
1688,312,1,2
1688,313,1,2
1688,314,1,2
1688,315,1,2
1688,316,1,2
1688,317,1,2
1688,318,1,2
1688,319,1,2
1688,320,1,2
1688,321,1,2
1688,322,1,2
1688,323,1,2
1688,324,1,2
1688,325,1,2
1688,326,1,2
1688,327,1,2
1688,328,1,2
1688,329,1,2
1688,330,1,2
1688,331,1,2
1688,332,1,2
1688,333,1,2
1688,334,1,2
1688,335,1,2
1688,336,1,2
1688,337,1,2
1688,338,1,2
1688,339,1,2
1688,340,1,2
1688,341,1,2
1688,342,1,2
1688,343,1,2
1688,344,1,2
1688,345,1,2
1688,346,1,2
1688,347,1,2
1688,348,1,2
1688,349,1,2
1688,350,1,2
1688,351,1,2
1688,352,1,2
1688,353,1,2
1688,354,1,2
1688,355,1,2
1688,356,1,2
1688,357,1,2
1688,358,1,2
1688,359,1,2
1688,360,1,2
1688,361,1,2
1688,362,1,2
1688,363,1,2
1688,364,1,2
1688,365,1,2
1688,366,1,2
1688,367,1,2
1688,368,1,2
1688,369,1,2
1688,370,1,2
1688,371,1,2
1688,372,1,2
1688,373,1,2
1688,374,1,3
1689,157,1,2
1689,158,1,2
1689,159,1,3
1689,160,1,3
1689,161,1,3
1689,162,1,3
1689,163,1,3
1689,164,1,3
1689,165,1,3
1689,166,1,3
1689,167,1,3
1689,168,1,3
1689,169,1,3
1689,170,1,3
1689,171,1,3
1689,172,1,3
1689,173,1,3
1689,174,1,3
1689,175,1,3
1689,176,1,2
1689,177,1,2
1689,178,1,2
1689,179,1,2
1689,180,1,2
1689,181,1,2
1689,182,1,2
1689,183,1,2
1689,184,1,2
1689,185,1,2
1689,186,1,2
1689,187,1,2
1689,188,1,2
1689,189,1,2
1689,190,1,2
1689,191,1,2
1689,192,1,2
1689,193,1,2
1689,194,1,2
1689,195,1,2
1689,196,1,2
1689,197,1,2
1689,198,1,2
1689,199,1,2
1689,200,1,2
1689,201,1,2
1689,202,1,2
1689,203,1,2
1689,204,1,2
1689,205,1,2
1689,206,1,2
1689,207,1,2
1689,208,1,2
1689,209,1,2
1689,210,1,2
1689,211,1,2
1689,212,1,2
1689,213,1,2
1689,214,1,2
1689,215,1,2
1689,216,1,2
1689,217,1,2
1689,218,1,2
1689,219,1,2
1689,220,1,2
1689,221,1,2
1689,222,1,2
1689,223,1,2
1689,224,1,2
1689,225,1,2
1689,226,1,2
1689,227,1,2
1689,228,1,2
1689,229,1,2
1689,230,1,2
1689,231,1,2
1689,232,1,2
1689,233,1,2
1689,234,1,2
1689,235,1,2
1689,236,1,2
1689,237,1,2
1689,238,1,2
1689,239,1,2
1689,240,1,2
1689,241,1,2
1689,242,1,2
1689,243,1,2
1689,244,1,2
1689,245,1,2
1689,246,1,2
1689,247,1,2
1689,248,1,2
1689,249,1,2
1689,250,1,2
1689,251,1,2
1689,252,1,2
1689,253,1,2
1689,254,1,2
1689,255,1,2
1689,256,1,2
1689,257,1,2
1689,258,1,2
1689,259,1,2
1689,260,1,2
1689,261,1,2
1689,262,1,2
1689,263,1,2
1689,264,1,2
1689,265,1,2
1689,266,1,2
1689,267,1,2
1689,268,1,2
1689,269,1,2
1689,270,1,2
1689,271,1,2
1689,272,1,2
1689,273,1,2
1689,274,1,2
1689,275,1,2
1689,276,1,2
1689,277,1,2
1689,278,1,2
1689,279,1,2
1689,280,1,2
1689,281,1,2
1689,282,1,2
1689,283,1,2
1689,284,1,2
1689,285,1,2
1689,286,1,2
1689,287,1,2
1689,288,1,2
1689,289,1,2
1689,290,1,2
1689,291,1,2
1689,292,1,2
1689,293,1,2
1689,294,1,2
1689,295,1,2
1689,296,1,2
1689,297,1,2
1689,298,1,2
1689,299,1,2
1689,300,1,2
1689,301,1,2
1689,302,1,2
1689,303,1,2
1689,304,1,2
1689,305,1,2
1689,306,1,2
1689,307,1,2
1689,308,1,2
1689,309,1,2
1689,310,1,2
1689,311,1,2
1689,312,1,2
1689,313,1,2
1689,314,1,2
1689,315,1,2
1689,316,1,2
1689,317,1,2
1689,318,1,2
1689,319,1,2
1689,320,1,2
1689,321,1,2
1689,322,1,2
1689,323,1,2
1689,324,1,2
1689,325,1,2
1689,326,1,2
1689,327,1,2
1689,328,1,2
1689,329,1,2
1689,330,1,2
1689,331,1,2
1689,332,1,2
1689,333,1,2
1689,334,1,2
1689,335,1,2
1689,336,1,2
1689,337,1,2
1689,338,1,2
1689,339,1,2
1689,340,1,2
1689,341,1,2
1689,342,1,2
1689,343,1,2
1689,344,1,2
1689,345,1,2
1689,346,1,2
1689,347,1,2
1689,348,1,2
1689,349,1,2
1689,350,1,2
1689,351,1,2
1689,352,1,2
1689,353,1,2
1689,354,1,2
1689,355,1,2
1689,356,1,2
1689,357,1,2
1689,358,1,2
1689,359,1,2
1689,360,1,2
1689,361,1,2
1689,362,1,2
1689,363,1,2
1689,364,1,2
1689,365,1,2
1689,366,1,2
1689,367,1,2
1689,368,1,2
1689,369,1,2
1689,370,1,2
1689,371,1,2
1689,372,1,2
1689,373,1,3
1690,158,1,2
1690,159,1,3
1690,160,1,3
1690,161,1,3
1690,162,1,3
1690,163,1,3
1690,164,1,3
1690,165,1,3
1690,166,1,3
1690,167,1,3
1690,168,1,3
1690,169,1,3
1690,170,1,3
1690,171,1,3
1690,172,1,3
1690,173,1,3
1690,174,1,3
1690,175,1,3
1690,176,1,2
1690,177,1,2
1690,178,1,2
1690,179,1,2
1690,180,1,2
1690,181,1,2
1690,182,1,2
1690,183,1,2
1690,184,1,2
1690,185,1,2
1690,186,1,2
1690,187,1,2
1690,188,1,2
1690,189,1,2
1690,190,1,2
1690,191,1,2
1690,192,1,2
1690,193,1,2
1690,194,1,2
1690,195,1,2
1690,196,1,2
1690,197,1,2
1690,198,1,2
1690,199,1,2
1690,200,1,2
1690,201,1,2
1690,202,1,2
1690,203,1,2
1690,204,1,2
1690,205,1,2
1690,206,1,2
1690,207,1,2
1690,208,1,2
1690,209,1,2
1690,210,1,2
1690,211,1,2
1690,212,1,2
1690,213,1,2
1690,214,1,2
1690,215,1,2
1690,216,1,2
1690,217,1,2
1690,218,1,2
1690,219,1,2
1690,220,1,2
1690,221,1,2
1690,222,1,2
1690,223,1,2
1690,224,1,2
1690,225,1,2
1690,226,1,2
1690,227,1,2
1690,228,1,2
1690,229,1,2
1690,230,1,2
1690,231,1,2
1690,232,1,2
1690,233,1,2
1690,234,1,2
1690,235,1,2
1690,236,1,2
1690,237,1,2
1690,238,1,2
1690,239,1,2
1690,240,1,2
1690,241,1,2
1690,242,1,2
1690,243,1,2
1690,244,1,2
1690,245,1,2
1690,246,1,2
1690,247,1,2
1690,248,1,2
1690,249,1,2
1690,250,1,2
1690,251,1,2
1690,252,1,2
1690,253,1,2
1690,254,1,2
1690,255,1,2
1690,256,1,2
1690,257,1,2
1690,258,1,2
1690,259,1,2
1690,260,1,2
1690,261,1,2
1690,262,1,2
1690,263,1,2
1690,264,1,2
1690,265,1,2
1690,266,1,2
1690,267,1,2
1690,268,1,2
1690,269,1,2
1690,270,1,2
1690,271,1,2
1690,272,1,2
1690,273,1,2
1690,274,1,2
1690,275,1,2
1690,276,1,2
1690,277,1,2
1690,278,1,2
1690,279,1,2
1690,280,1,2
1690,281,1,2
1690,282,1,2
1690,283,1,2
1690,284,1,2
1690,285,1,2
1690,286,1,2
1690,287,1,2
1690,288,1,2
1690,289,1,2
1690,290,1,2
1690,291,1,2
1690,292,1,2
1690,293,1,2
1690,294,1,2
1690,295,1,2
1690,296,1,2
1690,297,1,2
1690,298,1,2
1690,299,1,2
1690,300,1,2
1690,301,1,2
1690,302,1,2
1690,303,1,2
1690,304,1,2
1690,305,1,2
1690,306,1,2
1690,307,1,2
1690,308,1,2
1690,309,1,2
1690,310,1,2
1690,311,1,2
1690,312,1,2
1690,313,1,2
1690,314,1,2
1690,315,1,2
1690,316,1,2
1690,317,1,2
1690,318,1,2
1690,319,1,2
1690,320,1,2
1690,321,1,2
1690,322,1,2
1690,323,1,2
1690,324,1,2
1690,325,1,2
1690,326,1,2
1690,327,1,2
1690,328,1,2
1690,329,1,2
1690,330,1,2
1690,331,1,2
1690,332,1,2
1690,333,1,2
1690,334,1,2
1690,335,1,2
1690,336,1,2
1690,337,1,2
1690,338,1,2
1690,339,1,2
1690,340,1,2
1690,341,1,2
1690,342,1,2
1690,343,1,2
1690,344,1,2
1690,345,1,2
1690,346,1,2
1690,347,1,2
1690,348,1,2
1690,349,1,2
1690,350,1,2
1690,351,1,2
1690,352,1,2
1690,353,1,2
1690,354,1,2
1690,355,1,2
1690,356,1,2
1690,357,1,2
1690,358,1,2
1690,359,1,2
1690,360,1,2
1690,361,1,2
1690,362,1,2
1690,363,1,2
1690,364,1,2
1690,365,1,2
1690,366,1,2
1690,367,1,2
1690,368,1,2
1690,369,1,2
1690,370,1,2
1690,371,1,2
1690,372,1,2
1691,158,1,2
1691,159,1,2
1691,160,1,3
1691,161,1,3
1691,162,1,3
1691,163,1,3
1691,164,1,3
1691,165,1,3
1691,166,1,3
1691,167,1,3
1691,168,1,3
1691,169,1,3
1691,170,1,3
1691,171,1,3
1691,172,1,3
1691,173,1,3
1691,174,1,3
1691,175,1,3
1691,176,1,2
1691,177,1,2
1691,178,1,2
1691,179,1,2
1691,180,1,2
1691,181,1,2
1691,182,1,2
1691,183,1,2
1691,184,1,2
1691,185,1,2
1691,186,1,2
1691,187,1,2
1691,188,1,2
1691,189,1,2
1691,190,1,2
1691,191,1,2
1691,192,1,2
1691,193,1,2
1691,194,1,2
1691,195,1,2
1691,196,1,2
1691,197,1,2
1691,198,1,2
1691,199,1,2
1691,200,1,2
1691,201,1,2
1691,202,1,2
1691,203,1,2
1691,204,1,2
1691,205,1,2
1691,206,1,2
1691,207,1,2
1691,208,1,2
1691,209,1,2
1691,210,1,2
1691,211,1,2
1691,212,1,2
1691,213,1,2
1691,214,1,2
1691,215,1,2
1691,216,1,2
1691,217,1,2
1691,218,1,2
1691,219,1,2
1691,220,1,2
1691,221,1,2
1691,222,1,2
1691,223,1,2
1691,224,1,2
1691,225,1,2
1691,226,1,2
1691,227,1,2
1691,228,1,2
1691,229,1,2
1691,230,1,2
1691,231,1,2
1691,232,1,2
1691,233,1,2
1691,234,1,2
1691,235,1,2
1691,236,1,2
1691,237,1,2
1691,238,1,2
1691,239,1,2
1691,240,1,2
1691,241,1,2
1691,242,1,2
1691,243,1,2
1691,244,1,2
1691,245,1,2
1691,246,1,2
1691,247,1,2
1691,248,1,2
1691,249,1,2
1691,250,1,2
1691,251,1,2
1691,252,1,2
1691,253,1,2
1691,254,1,2
1691,255,1,2
1691,256,1,2
1691,257,1,2
1691,258,1,2
1691,259,1,2
1691,260,1,2
1691,261,1,2
1691,262,1,2
1691,263,1,2
1691,264,1,2
1691,265,1,2
1691,266,1,2
1691,267,1,2
1691,268,1,2
1691,269,1,2
1691,270,1,2
1691,271,1,2
1691,272,1,2
1691,273,1,2
1691,274,1,2
1691,275,1,2
1691,276,1,2
1691,277,1,2
1691,278,1,2
1691,279,1,2
1691,280,1,2
1691,281,1,2
1691,282,1,2
1691,283,1,2
1691,284,1,2
1691,285,1,2
1691,286,1,2
1691,287,1,2
1691,288,1,2
1691,289,1,2
1691,290,1,2
1691,291,1,2
1691,292,1,2
1691,293,1,2
1691,294,1,2
1691,295,1,2
1691,296,1,2
1691,297,1,2
1691,298,1,2
1691,299,1,2
1691,300,1,2
1691,301,1,2
1691,302,1,2
1691,303,1,2
1691,304,1,2
1691,305,1,2
1691,306,1,2
1691,307,1,2
1691,308,1,2
1691,309,1,2
1691,310,1,2
1691,311,1,2
1691,312,1,2
1691,313,1,2
1691,314,1,2
1691,315,1,2
1691,316,1,2
1691,317,1,2
1691,318,1,2
1691,319,1,2
1691,320,1,2
1691,321,1,2
1691,322,1,2
1691,323,1,2
1691,324,1,2
1691,325,1,2
1691,326,1,2
1691,327,1,2
1691,328,1,2
1691,329,1,2
1691,330,1,2
1691,331,1,2
1691,332,1,2
1691,333,1,2
1691,334,1,2
1691,335,1,2
1691,336,1,2
1691,337,1,2
1691,338,1,2
1691,339,1,2
1691,340,1,2
1691,341,1,2
1691,342,1,2
1691,343,1,2
1691,344,1,2
1691,345,1,2
1691,346,1,2
1691,347,1,2
1691,348,1,2
1691,349,1,2
1691,350,1,2
1691,351,1,2
1691,352,1,2
1691,353,1,2
1691,354,1,2
1691,355,1,2
1691,356,1,2
1691,357,1,2
1691,358,1,2
1691,359,1,2
1691,360,1,2
1691,361,1,2
1691,362,1,2
1691,363,1,2
1691,364,1,2
1691,365,1,2
1691,366,1,2
1691,367,1,2
1691,368,1,2
1691,369,1,2
1691,370,1,2
1692,159,1,3
1692,160,1,3
1692,161,1,3
1692,162,1,3
1692,163,1,3
1692,164,1,3
1692,165,1,3
1692,166,1,3
1692,167,1,3
1692,168,1,3
1692,169,1,3
1692,170,1,3
1692,171,1,3
1692,172,1,3
1692,173,1,3
1692,174,1,3
1692,175,1,3
1692,176,1,2
1692,177,1,2
1692,178,1,2
1692,179,1,2
1692,180,1,2
1692,181,1,2
1692,182,1,2
1692,183,1,2
1692,184,1,2
1692,185,1,2
1692,186,1,2
1692,187,1,2
1692,188,1,2
1692,189,1,2
1692,190,1,2
1692,191,1,2
1692,192,1,2
1692,193,1,2
1692,194,1,2
1692,195,1,2
1692,196,1,2
1692,197,1,2
1692,198,1,2
1692,199,1,2
1692,200,1,2
1692,201,1,2
1692,202,1,2
1692,203,1,2
1692,204,1,2
1692,205,1,2
1692,206,1,2
1692,207,1,2
1692,208,1,2
1692,209,1,2
1692,210,1,2
1692,211,1,2
1692,212,1,2
1692,213,1,2
1692,214,1,2
1692,215,1,2
1692,216,1,2
1692,217,1,2
1692,218,1,2
1692,219,1,2
1692,220,1,2
1692,221,1,2
1692,222,1,2
1692,223,1,2
1692,224,1,2
1692,225,1,2
1692,226,1,2
1692,227,1,2
1692,228,1,2
1692,229,1,2
1692,230,1,2
1692,231,1,2
1692,232,1,2
1692,233,1,2
1692,234,1,2
1692,235,1,2
1692,236,1,2
1692,237,1,2
1692,238,1,2
1692,239,1,2
1692,240,1,2
1692,241,1,2
1692,242,1,2
1692,243,1,2
1692,244,1,2
1692,245,1,2
1692,246,1,2
1692,247,1,2
1692,248,1,2
1692,249,1,2
1692,250,1,2
1692,251,1,2
1692,252,1,2
1692,253,1,2
1692,254,1,2
1692,255,1,2
1692,256,1,2
1692,257,1,2
1692,258,1,2
1692,259,1,2
1692,260,1,2
1692,261,1,2
1692,262,1,2
1692,263,1,2
1692,264,1,2
1692,265,1,2
1692,266,1,2
1692,267,1,2
1692,268,1,2
1692,269,1,2
1692,270,1,2
1692,271,1,2
1692,272,1,2
1692,273,1,2
1692,274,1,2
1692,275,1,2
1692,276,1,2
1692,277,1,2
1692,278,1,2
1692,279,1,2
1692,280,1,2
1692,281,1,2
1692,282,1,2
1692,283,1,2
1692,284,1,2
1692,285,1,2
1692,286,1,2
1692,287,1,2
1692,288,1,2
1692,289,1,2
1692,290,1,2
1692,291,1,2
1692,292,1,2
1692,293,1,2
1692,294,1,2
1692,295,1,2
1692,296,1,2
1692,297,1,2
1692,298,1,2
1692,299,1,2
1692,300,1,2
1692,301,1,2
1692,302,1,2
1692,303,1,2
1692,304,1,2
1692,305,1,2
1692,306,1,2
1692,307,1,2
1692,308,1,2
1692,309,1,2
1692,310,1,2
1692,311,1,2
1692,312,1,2
1692,313,1,2
1692,314,1,2
1692,315,1,2
1692,316,1,2
1692,317,1,2
1692,318,1,2
1692,319,1,2
1692,320,1,2
1692,321,1,2
1692,322,1,2
1692,323,1,2
1692,324,1,2
1692,325,1,2
1692,326,1,2
1692,327,1,2
1692,328,1,2
1692,329,1,2
1692,330,1,2
1692,331,1,2
1692,332,1,2
1692,333,1,2
1692,334,1,2
1692,335,1,2
1692,336,1,2
1692,337,1,2
1692,338,1,2
1692,339,1,2
1692,340,1,2
1692,341,1,2
1692,342,1,2
1692,343,1,2
1692,344,1,2
1692,345,1,2
1692,346,1,2
1692,347,1,2
1692,348,1,2
1692,349,1,2
1692,350,1,2
1692,351,1,2
1692,352,1,2
1692,353,1,2
1692,354,1,2
1692,355,1,2
1692,356,1,2
1692,357,1,2
1692,358,1,2
1692,359,1,2
1692,360,1,2
1692,361,1,2
1692,362,1,2
1692,363,1,2
1692,364,1,2
1692,365,1,2
1692,366,1,2
1692,367,1,2
1692,368,1,2
1693,160,1,3
1693,161,1,3
1693,162,1,3
1693,163,1,3
1693,164,1,3
1693,165,1,3
1693,166,1,3
1693,167,1,3
1693,168,1,3
1693,169,1,3
1693,170,1,3
1693,171,1,3
1693,172,1,3
1693,173,1,3
1693,174,1,3
1693,175,1,3
1693,176,1,2
1693,177,1,2
1693,178,1,2
1693,179,1,2
1693,180,1,2
1693,181,1,2
1693,182,1,2
1693,183,1,2
1693,184,1,2
1693,185,1,2
1693,186,1,2
1693,187,1,2
1693,188,1,2
1693,189,1,2
1693,190,1,2
1693,191,1,2
1693,192,1,2
1693,193,1,2
1693,194,1,2
1693,195,1,2
1693,196,1,2
1693,197,1,2
1693,198,1,2
1693,199,1,2
1693,200,1,2
1693,201,1,2
1693,202,1,2
1693,203,1,2
1693,204,1,2
1693,205,1,2
1693,206,1,2
1693,207,1,2
1693,208,1,2
1693,209,1,2
1693,210,1,2
1693,211,1,2
1693,212,1,2
1693,213,1,2
1693,214,1,2
1693,215,1,2
1693,216,1,2
1693,217,1,2
1693,218,1,2
1693,219,1,2
1693,220,1,2
1693,221,1,2
1693,222,1,2
1693,223,1,2
1693,224,1,2
1693,225,1,2
1693,226,1,2
1693,227,1,2
1693,228,1,2
1693,229,1,2
1693,230,1,2
1693,231,1,2
1693,232,1,2
1693,233,1,2
1693,234,1,2
1693,235,1,2
1693,236,1,2
1693,237,1,2
1693,238,1,2
1693,239,1,2
1693,240,1,2
1693,241,1,2
1693,242,1,2
1693,243,1,2
1693,244,1,2
1693,245,1,2
1693,246,1,2
1693,247,1,2
1693,248,1,2
1693,249,1,2
1693,250,1,2
1693,251,1,2
1693,252,1,2
1693,253,1,2
1693,254,1,2
1693,255,1,2
1693,256,1,2
1693,257,1,2
1693,258,1,2
1693,259,1,2
1693,260,1,2
1693,261,1,2
1693,262,1,2
1693,263,1,2
1693,264,1,2
1693,265,1,2
1693,266,1,2
1693,267,1,2
1693,268,1,2
1693,269,1,2
1693,270,1,2
1693,271,1,2
1693,272,1,2
1693,273,1,2
1693,274,1,2
1693,275,1,2
1693,276,1,2
1693,277,1,2
1693,278,1,2
1693,279,1,2
1693,280,1,2
1693,281,1,2
1693,282,1,2
1693,283,1,2
1693,284,1,2
1693,285,1,2
1693,286,1,2
1693,287,1,2
1693,288,1,2
1693,289,1,2
1693,290,1,2
1693,291,1,2
1693,292,1,2
1693,293,1,2
1693,294,1,2
1693,295,1,2
1693,296,1,2
1693,297,1,2
1693,298,1,2
1693,299,1,2
1693,300,1,2
1693,301,1,2
1693,302,1,2
1693,303,1,2
1693,304,1,2
1693,305,1,2
1693,306,1,2
1693,307,1,2
1693,308,1,2
1693,309,1,2
1693,310,1,2
1693,311,1,2
1693,312,1,2
1693,313,1,2
1693,314,1,2
1693,315,1,2
1693,316,1,2
1693,317,1,2
1693,318,1,2
1693,319,1,2
1693,320,1,2
1693,321,1,2
1693,322,1,2
1693,323,1,2
1693,324,1,2
1693,325,1,2
1693,326,1,2
1693,327,1,2
1693,328,1,2
1693,329,1,2
1693,330,1,2
1693,331,1,2
1693,332,1,2
1693,333,1,2
1693,334,1,2
1693,335,1,2
1693,336,1,2
1693,337,1,2
1693,338,1,2
1693,339,1,2
1693,340,1,2
1693,341,1,2
1693,342,1,2
1693,343,1,2
1693,344,1,2
1693,345,1,2
1693,346,1,2
1693,347,1,2
1693,348,1,2
1693,349,1,2
1693,350,1,2
1693,351,1,2
1693,352,1,2
1693,353,1,2
1693,354,1,2
1693,355,1,2
1693,356,1,2
1693,357,1,2
1693,358,1,2
1693,359,1,2
1693,360,1,2
1693,361,1,2
1693,362,1,2
1693,363,1,2
1693,364,1,2
1693,365,1,2
1693,366,1,2
1693,367,1,2
1694,161,1,3
1694,162,1,3
1694,163,1,3
1694,164,1,3
1694,165,1,3
1694,166,1,3
1694,167,1,3
1694,168,1,3
1694,169,1,3
1694,170,1,3
1694,171,1,3
1694,172,1,3
1694,173,1,3
1694,174,1,3
1694,175,1,3
1694,176,1,2
1694,177,1,2
1694,178,1,2
1694,179,1,2
1694,180,1,2
1694,181,1,2
1694,182,1,2
1694,183,1,2
1694,184,1,2
1694,185,1,2
1694,186,1,2
1694,187,1,2
1694,188,1,2
1694,189,1,2
1694,190,1,2
1694,191,1,2
1694,192,1,2
1694,193,1,2
1694,194,1,2
1694,195,1,2
1694,196,1,2
1694,197,1,2
1694,198,1,2
1694,199,1,2
1694,200,1,2
1694,201,1,2
1694,202,1,2
1694,203,1,2
1694,204,1,2
1694,205,1,2
1694,206,1,2
1694,207,1,2
1694,208,1,2
1694,209,1,2
1694,210,1,2
1694,211,1,2
1694,212,1,2
1694,213,1,2
1694,214,1,2
1694,215,1,2
1694,216,1,2
1694,217,1,2
1694,218,1,2
1694,219,1,2
1694,220,1,2
1694,221,1,2
1694,222,1,2
1694,223,1,2
1694,224,1,2
1694,225,1,2
1694,226,1,2
1694,227,1,2
1694,228,1,2
1694,229,1,2
1694,230,1,2
1694,231,1,2
1694,232,1,2
1694,233,1,2
1694,234,1,2
1694,235,1,2
1694,236,1,2
1694,237,1,2
1694,238,1,2
1694,239,1,2
1694,240,1,2
1694,241,1,2
1694,242,1,2
1694,243,1,2
1694,244,1,2
1694,245,1,2
1694,246,1,2
1694,247,1,2
1694,248,1,2
1694,249,1,2
1694,250,1,2
1694,251,1,2
1694,252,1,2
1694,253,1,2
1694,254,1,2
1694,255,1,2
1694,256,1,2
1694,257,1,2
1694,258,1,2
1694,259,1,2
1694,260,1,2
1694,261,1,2
1694,262,1,2
1694,263,1,2
1694,264,1,2
1694,265,1,2
1694,266,1,2
1694,267,1,2
1694,268,1,2
1694,269,1,2
1694,270,1,2
1694,271,1,2
1694,272,1,2
1694,273,1,2
1694,274,1,2
1694,275,1,2
1694,276,1,2
1694,277,1,2
1694,278,1,2
1694,279,1,2
1694,280,1,2
1694,281,1,2
1694,282,1,2
1694,283,1,2
1694,284,1,2
1694,285,1,2
1694,286,1,2
1694,287,1,2
1694,288,1,2
1694,289,1,2
1694,290,1,2
1694,291,1,2
1694,292,1,2
1694,293,1,2
1694,294,1,2
1694,295,1,2
1694,296,1,2
1694,297,1,2
1694,298,1,2
1694,299,1,2
1694,300,1,2
1694,301,1,2
1694,302,1,2
1694,303,1,2
1694,304,1,2
1694,305,1,2
1694,306,1,2
1694,307,1,2
1694,308,1,2
1694,309,1,2
1694,310,1,2
1694,311,1,2
1694,312,1,2
1694,313,1,2
1694,314,1,2
1694,315,1,2
1694,316,1,2
1694,317,1,2
1694,318,1,2
1694,319,1,2
1694,320,1,2
1694,321,1,2
1694,322,1,2
1694,323,1,2
1694,324,1,2
1694,325,1,2
1694,326,1,2
1694,327,1,2
1694,328,1,2
1694,329,1,2
1694,330,1,2
1694,331,1,2
1694,332,1,2
1694,333,1,2
1694,334,1,2
1694,335,1,2
1694,336,1,2
1694,337,1,2
1694,338,1,2
1694,339,1,2
1694,340,1,2
1694,341,1,2
1694,342,1,2
1694,343,1,2
1694,344,1,2
1694,345,1,2
1694,346,1,2
1694,347,1,2
1694,348,1,2
1694,349,1,2
1694,350,1,2
1694,351,1,2
1694,352,1,2
1694,353,1,2
1694,354,1,2
1694,355,1,2
1694,356,1,2
1694,357,1,2
1694,358,1,2
1694,359,1,2
1694,360,1,2
1694,361,1,2
1694,362,1,2
1694,363,1,2
1694,364,1,2
1694,365,1,2
1694,366,1,2
1695,162,1,3
1695,163,1,3
1695,164,1,3
1695,165,1,2
1695,166,1,2
1695,167,1,3
1695,168,1,3
1695,169,1,3
1695,170,1,3
1695,171,1,3
1695,172,1,3
1695,173,1,3
1695,174,1,3
1695,175,1,3
1695,176,1,2
1695,177,1,2
1695,178,1,2
1695,179,1,2
1695,180,1,2
1695,181,1,2
1695,182,1,2
1695,183,1,2
1695,184,1,2
1695,185,1,2
1695,186,1,2
1695,187,1,2
1695,188,1,2
1695,189,1,2
1695,190,1,2
1695,191,1,2
1695,192,1,2
1695,193,1,2
1695,194,1,2
1695,195,1,2
1695,196,1,2
1695,197,1,2
1695,198,1,2
1695,199,1,2
1695,200,1,2
1695,201,1,2
1695,202,1,2
1695,203,1,2
1695,204,1,2
1695,205,1,2
1695,206,1,2
1695,207,1,2
1695,208,1,2
1695,209,1,2
1695,210,1,2
1695,211,1,2
1695,212,1,2
1695,213,1,2
1695,214,1,2
1695,215,1,2
1695,216,1,2
1695,217,1,2
1695,218,1,2
1695,219,1,2
1695,220,1,2
1695,221,1,2
1695,222,1,2
1695,223,1,2
1695,224,1,2
1695,225,1,2
1695,226,1,2
1695,227,1,2
1695,228,1,2
1695,229,1,2
1695,230,1,2
1695,231,1,2
1695,232,1,2
1695,233,1,2
1695,234,1,2
1695,235,1,2
1695,236,1,2
1695,237,1,2
1695,238,1,2
1695,239,1,2
1695,240,1,2
1695,241,1,2
1695,242,1,2
1695,243,1,2
1695,244,1,2
1695,245,1,2
1695,246,1,2
1695,247,1,2
1695,248,1,2
1695,249,1,2
1695,250,1,2
1695,251,1,2
1695,252,1,2
1695,253,1,2
1695,254,1,2
1695,255,1,2
1695,256,1,2
1695,257,1,2
1695,258,1,2
1695,259,1,2
1695,260,1,2
1695,261,1,2
1695,262,1,2
1695,263,1,2
1695,264,1,2
1695,265,1,2
1695,266,1,2
1695,267,1,2
1695,268,1,2
1695,269,1,2
1695,270,1,2
1695,271,1,2
1695,272,1,2
1695,273,1,2
1695,274,1,2
1695,275,1,2
1695,276,1,2
1695,277,1,2
1695,278,1,2
1695,279,1,2
1695,280,1,2
1695,281,1,2
1695,282,1,2
1695,283,1,2
1695,284,1,2
1695,285,1,2
1695,286,1,2
1695,287,1,2
1695,288,1,2
1695,289,1,2
1695,290,1,2
1695,291,1,2
1695,292,1,2
1695,293,1,2
1695,294,1,2
1695,295,1,2
1695,296,1,2
1695,297,1,2
1695,298,1,2
1695,299,1,2
1695,300,1,2
1695,301,1,2
1695,302,1,2
1695,303,1,2
1695,304,1,2
1695,305,1,2
1695,306,1,2
1695,307,1,2
1695,308,1,2
1695,309,1,2
1695,310,1,2
1695,311,1,2
1695,312,1,2
1695,313,1,2
1695,314,1,2
1695,315,1,2
1695,316,1,2
1695,317,1,2
1695,318,1,2
1695,319,1,2
1695,320,1,2
1695,321,1,2
1695,322,1,2
1695,323,1,2
1695,324,1,2
1695,325,1,2
1695,326,1,2
1695,327,1,2
1695,328,1,2
1695,329,1,2
1695,330,1,2
1695,331,1,2
1695,332,1,2
1695,333,1,2
1695,334,1,2
1695,335,1,2
1695,336,1,2
1695,337,1,2
1695,338,1,2
1695,339,1,2
1695,340,1,2
1695,341,1,2
1695,342,1,2
1695,343,1,2
1695,344,1,2
1695,345,1,2
1695,346,1,2
1695,347,1,2
1695,348,1,2
1695,349,1,2
1695,350,1,2
1695,351,1,2
1695,352,1,2
1695,353,1,2
1695,354,1,2
1695,355,1,2
1695,356,1,2
1695,357,1,2
1695,358,1,2
1695,359,1,2
1695,360,1,2
1695,361,1,2
1695,362,1,2
1695,363,1,2
1695,364,1,2
1695,365,1,2
1695,366,1,2
1696,163,1,3
1696,164,1,2
1696,165,1,2
1696,166,1,2
1696,167,1,3
1696,168,1,3
1696,169,1,3
1696,170,1,3
1696,171,1,3
1696,172,1,3
1696,173,1,3
1696,174,1,3
1696,175,1,3
1696,176,1,2
1696,177,1,2
1696,178,1,2
1696,179,1,2
1696,180,1,2
1696,181,1,2
1696,182,1,2
1696,183,1,2
1696,184,1,2
1696,185,1,2
1696,186,1,2
1696,187,1,2
1696,188,1,2
1696,189,1,2
1696,190,1,2
1696,191,1,2
1696,192,1,2
1696,193,1,2
1696,194,1,2
1696,195,1,2
1696,196,1,2
1696,197,1,2
1696,198,1,2
1696,199,1,2
1696,200,1,2
1696,201,1,2
1696,202,1,2
1696,203,1,2
1696,204,1,2
1696,205,1,2
1696,206,1,2
1696,207,1,2
1696,208,1,2
1696,209,1,2
1696,210,1,2
1696,211,1,2
1696,212,1,2
1696,213,1,2
1696,214,1,2
1696,215,1,2
1696,216,1,2
1696,217,1,2
1696,218,1,2
1696,219,1,2
1696,220,1,2
1696,221,1,2
1696,222,1,2
1696,223,1,2
1696,224,1,2
1696,225,1,2
1696,226,1,2
1696,227,1,2
1696,228,1,2
1696,229,1,2
1696,230,1,2
1696,231,1,2
1696,232,1,2
1696,233,1,2
1696,234,1,2
1696,235,1,2
1696,236,1,2
1696,237,1,2
1696,238,1,2
1696,239,1,2
1696,240,1,2
1696,241,1,2
1696,242,1,2
1696,243,1,2
1696,244,1,2
1696,245,1,2
1696,246,1,2
1696,247,1,2
1696,248,1,2
1696,249,1,2
1696,250,1,2
1696,251,1,2
1696,252,1,2
1696,253,1,2
1696,254,1,2
1696,255,1,2
1696,256,1,2
1696,257,1,2
1696,258,1,2
1696,259,1,2
1696,260,1,2
1696,261,1,2
1696,262,1,2
1696,263,1,2
1696,264,1,2
1696,265,1,2
1696,266,1,2
1696,267,1,2
1696,268,1,2
1696,269,1,2
1696,270,1,2
1696,271,1,2
1696,272,1,2
1696,273,1,2
1696,274,1,2
1696,275,1,2
1696,276,1,2
1696,277,1,2
1696,278,1,2
1696,279,1,2
1696,280,1,2
1696,281,1,2
1696,282,1,2
1696,283,1,2
1696,284,1,2
1696,285,1,2
1696,286,1,2
1696,287,1,2
1696,288,1,2
1696,289,1,2
1696,290,1,2
1696,291,1,2
1696,292,1,2
1696,293,1,2
1696,294,1,2
1696,295,1,2
1696,296,1,2
1696,297,1,2
1696,298,1,2
1696,299,1,2
1696,300,1,2
1696,301,1,2
1696,302,1,2
1696,303,1,2
1696,304,1,2
1696,305,1,2
1696,306,1,2
1696,307,1,2
1696,308,1,2
1696,309,1,2
1696,310,1,2
1696,311,1,2
1696,312,1,2
1696,313,1,2
1696,314,1,2
1696,315,1,2
1696,316,1,2
1696,317,1,2
1696,318,1,2
1696,319,1,2
1696,320,1,2
1696,321,1,2
1696,322,1,2
1696,323,1,2
1696,324,1,2
1696,325,1,2
1696,326,1,2
1696,327,1,2
1696,328,1,2
1696,329,1,2
1696,330,1,2
1696,331,1,2
1696,332,1,2
1696,333,1,2
1696,334,1,2
1696,335,1,2
1696,336,1,2
1696,337,1,2
1696,338,1,2
1696,339,1,2
1696,340,1,2
1696,341,1,2
1696,342,1,2
1696,343,1,2
1696,344,1,2
1696,345,1,2
1696,346,1,2
1696,347,1,2
1696,348,1,2
1696,349,1,2
1696,350,1,2
1696,351,1,2
1696,352,1,2
1696,353,1,2
1696,354,1,2
1696,355,1,2
1696,356,1,2
1696,357,1,2
1696,358,1,2
1696,359,1,2
1696,360,1,2
1696,361,1,2
1696,362,1,2
1696,363,1,2
1696,364,1,2
1697,164,1,2
1697,165,1,2
1697,166,1,2
1697,167,1,2
1697,168,1,2
1697,169,1,3
1697,170,1,3
1697,171,1,3
1697,172,1,3
1697,173,1,3
1697,174,1,3
1697,175,1,2
1697,176,1,2
1697,177,1,2
1697,178,1,2
1697,179,1,2
1697,180,1,2
1697,181,1,2
1697,182,1,2
1697,183,1,2
1697,184,1,2
1697,185,1,2
1697,186,1,2
1697,187,1,2
1697,188,1,2
1697,189,1,2
1697,190,1,2
1697,191,1,2
1697,192,1,2
1697,193,1,2
1697,194,1,2
1697,195,1,2
1697,196,1,2
1697,197,1,2
1697,198,1,2
1697,199,1,2
1697,200,1,2
1697,201,1,2
1697,202,1,2
1697,203,1,2
1697,204,1,2
1697,205,1,2
1697,206,1,2
1697,207,1,2
1697,208,1,2
1697,209,1,2
1697,210,1,2
1697,211,1,2
1697,212,1,2
1697,213,1,2
1697,214,1,2
1697,215,1,2
1697,216,1,2
1697,217,1,2
1697,218,1,2
1697,219,1,2
1697,220,1,2
1697,221,1,2
1697,222,1,2
1697,223,1,2
1697,224,1,2
1697,225,1,2
1697,226,1,2
1697,227,1,2
1697,228,1,2
1697,229,1,2
1697,230,1,2
1697,231,1,2
1697,232,1,2
1697,233,1,2
1697,234,1,2
1697,235,1,2
1697,236,1,2
1697,237,1,2
1697,238,1,2
1697,239,1,2
1697,240,1,2
1697,241,1,2
1697,242,1,2
1697,243,1,2
1697,244,1,2
1697,245,1,2
1697,246,1,2
1697,247,1,2
1697,248,1,2
1697,249,1,2
1697,250,1,2
1697,251,1,2
1697,252,1,2
1697,253,1,2
1697,254,1,2
1697,255,1,2
1697,256,1,2
1697,257,1,2
1697,258,1,2
1697,259,1,2
1697,260,1,2
1697,261,1,2
1697,262,1,2
1697,263,1,2
1697,264,1,2
1697,265,1,2
1697,266,1,2
1697,267,1,2
1697,268,1,2
1697,269,1,2
1697,270,1,2
1697,271,1,2
1697,272,1,2
1697,273,1,2
1697,274,1,2
1697,275,1,2
1697,276,1,2
1697,277,1,2
1697,278,1,2
1697,279,1,2
1697,280,1,2
1697,281,1,2
1697,282,1,2
1697,283,1,2
1697,284,1,2
1697,285,1,2
1697,286,1,2
1697,287,1,2
1697,288,1,2
1697,289,1,2
1697,290,1,2
1697,291,1,2
1697,292,1,2
1697,293,1,2
1697,294,1,2
1697,295,1,2
1697,296,1,2
1697,297,1,2
1697,298,1,2
1697,299,1,2
1697,300,1,2
1697,301,1,2
1697,302,1,2
1697,303,1,2
1697,304,1,2
1697,305,1,2
1697,306,1,2
1697,307,1,2
1697,308,1,2
1697,309,1,2
1697,310,1,2
1697,311,1,2
1697,312,1,2
1697,313,1,2
1697,314,1,2
1697,315,1,2
1697,316,1,2
1697,317,1,2
1697,318,1,2
1697,319,1,2
1697,320,1,2
1697,321,1,2
1697,322,1,2
1697,323,1,2
1697,324,1,2
1697,325,1,2
1697,326,1,2
1697,327,1,2
1697,328,1,2
1697,329,1,2
1697,330,1,2
1697,331,1,2
1697,332,1,2
1697,333,1,2
1697,334,1,2
1697,335,1,2
1697,336,1,2
1697,337,1,2
1697,338,1,2
1697,339,1,2
1697,340,1,2
1697,341,1,2
1697,342,1,2
1697,343,1,2
1697,344,1,2
1697,345,1,2
1697,346,1,2
1697,347,1,2
1697,348,1,2
1697,349,1,2
1697,350,1,2
1697,351,1,2
1697,352,1,2
1697,353,1,2
1697,354,1,2
1697,355,1,2
1697,356,1,2
1697,357,1,2
1697,358,1,2
1697,359,1,2
1697,360,1,2
1697,361,1,2
1697,362,1,2
1698,165,1,2
1698,166,1,2
1698,167,1,2
1698,168,1,2
1698,169,1,3
1698,170,1,3
1698,171,1,3
1698,172,1,3
1698,173,1,3
1698,174,1,3
1698,175,1,2
1698,176,1,2
1698,177,1,2
1698,178,1,2
1698,179,1,2
1698,180,1,2
1698,181,1,2
1698,182,1,2
1698,183,1,2
1698,184,1,2
1698,185,1,2
1698,186,1,2
1698,187,1,2
1698,188,1,2
1698,189,1,2
1698,190,1,2
1698,191,1,2
1698,192,1,2
1698,193,1,2
1698,194,1,2
1698,195,1,2
1698,196,1,2
1698,197,1,2
1698,198,1,2
1698,199,1,2
1698,200,1,2
1698,201,1,2
1698,202,1,2
1698,203,1,2
1698,204,1,2
1698,205,1,2
1698,206,1,2
1698,207,1,2
1698,208,1,2
1698,209,1,2
1698,210,1,2
1698,211,1,2
1698,212,1,2
1698,213,1,2
1698,214,1,2
1698,215,1,2
1698,216,1,2
1698,217,1,2
1698,218,1,2
1698,219,1,2
1698,220,1,2
1698,221,1,2
1698,222,1,2
1698,223,1,2
1698,224,1,2
1698,225,1,2
1698,226,1,2
1698,227,1,2
1698,228,1,2
1698,229,1,2
1698,230,1,2
1698,231,1,2
1698,232,1,2
1698,233,1,2
1698,234,1,2
1698,235,1,2
1698,236,1,2
1698,237,1,2
1698,238,1,2
1698,239,1,2
1698,240,1,2
1698,241,1,2
1698,242,1,2
1698,243,1,2
1698,244,1,2
1698,245,1,2
1698,246,1,2
1698,247,1,2
1698,248,1,2
1698,249,1,2
1698,250,1,2
1698,251,1,2
1698,252,1,2
1698,253,1,2
1698,254,1,2
1698,255,1,2
1698,256,1,2
1698,257,1,2
1698,258,1,2
1698,259,1,2
1698,260,1,2
1698,261,1,2
1698,262,1,2
1698,263,1,2
1698,264,1,2
1698,265,1,2
1698,266,1,2
1698,267,1,2
1698,268,1,2
1698,269,1,2
1698,270,1,2
1698,271,1,2
1698,272,1,2
1698,273,1,2
1698,274,1,2
1698,275,1,2
1698,276,1,2
1698,277,1,2
1698,278,1,2
1698,279,1,2
1698,280,1,2
1698,281,1,2
1698,282,1,2
1698,283,1,2
1698,284,1,2
1698,285,1,2
1698,286,1,2
1698,287,1,2
1698,288,1,2
1698,289,1,2
1698,290,1,2
1698,291,1,2
1698,292,1,2
1698,293,1,2
1698,294,1,2
1698,295,1,2
1698,296,1,2
1698,297,1,2
1698,298,1,2
1698,299,1,2
1698,300,1,2
1698,301,1,2
1698,302,1,2
1698,303,1,2
1698,304,1,2
1698,305,1,2
1698,306,1,2
1698,307,1,2
1698,308,1,2
1698,309,1,2
1698,310,1,2
1698,311,1,2
1698,312,1,2
1698,313,1,2
1698,314,1,2
1698,315,1,2
1698,316,1,2
1698,317,1,2
1698,318,1,2
1698,319,1,2
1698,320,1,2
1698,321,1,2
1698,322,1,2
1698,323,1,2
1698,324,1,2
1698,325,1,2
1698,326,1,2
1698,327,1,2
1698,328,1,2
1698,329,1,2
1698,330,1,2
1698,331,1,2
1698,332,1,2
1698,333,1,2
1698,334,1,2
1698,335,1,2
1698,336,1,2
1698,337,1,2
1698,338,1,2
1698,339,1,2
1698,340,1,2
1698,341,1,2
1698,342,1,2
1698,343,1,2
1698,344,1,2
1698,345,1,2
1698,346,1,2
1698,347,1,2
1698,348,1,2
1698,349,1,2
1698,350,1,2
1698,351,1,2
1698,352,1,2
1698,353,1,2
1698,354,1,2
1698,355,1,2
1698,356,1,2
1698,357,1,2
1698,358,1,2
1698,359,1,2
1698,360,1,2
1699,166,1,2
1699,167,1,2
1699,168,1,2
1699,169,1,2
1699,170,1,2
1699,171,1,2
1699,172,1,2
1699,173,1,2
1699,174,1,2
1699,175,1,2
1699,176,1,2
1699,177,1,2
1699,178,1,2
1699,179,1,2
1699,180,1,2
1699,181,1,2
1699,182,1,2
1699,183,1,2
1699,184,1,2
1699,185,1,2
1699,186,1,2
1699,187,1,2
1699,188,1,2
1699,189,1,2
1699,190,1,2
1699,191,1,2
1699,192,1,2
1699,193,1,2
1699,194,1,2
1699,195,1,2
1699,196,1,2
1699,197,1,2
1699,198,1,2
1699,199,1,2
1699,200,1,2
1699,201,1,2
1699,202,1,2
1699,203,1,2
1699,204,1,2
1699,205,1,2
1699,206,1,2
1699,207,1,2
1699,208,1,2
1699,209,1,2
1699,210,1,2
1699,211,1,2
1699,212,1,2
1699,213,1,2
1699,214,1,2
1699,215,1,2
1699,216,1,2
1699,217,1,2
1699,218,1,2
1699,219,1,2
1699,220,1,2
1699,221,1,2
1699,222,1,2
1699,223,1,2
1699,224,1,2
1699,225,1,2
1699,226,1,2
1699,227,1,2
1699,228,1,2
1699,229,1,2
1699,230,1,2
1699,231,1,2
1699,232,1,2
1699,233,1,2
1699,234,1,2
1699,235,1,2
1699,236,1,2
1699,237,1,2
1699,238,1,2
1699,239,1,2
1699,240,1,2
1699,241,1,2
1699,242,1,2
1699,243,1,2
1699,244,1,2
1699,245,1,2
1699,246,1,2
1699,247,1,2
1699,248,1,2
1699,249,1,2
1699,250,1,2
1699,251,1,2
1699,252,1,2
1699,253,1,2
1699,254,1,2
1699,255,1,2
1699,256,1,2
1699,257,1,2
1699,258,1,2
1699,259,1,2
1699,260,1,2
1699,261,1,2
1699,262,1,2
1699,263,1,2
1699,264,1,2
1699,265,1,2
1699,266,1,2
1699,267,1,2
1699,268,1,2
1699,269,1,2
1699,270,1,2
1699,271,1,2
1699,272,1,2
1699,273,1,2
1699,274,1,2
1699,275,1,2
1699,276,1,2
1699,277,1,2
1699,278,1,2
1699,279,1,2
1699,280,1,2
1699,281,1,2
1699,282,1,2
1699,283,1,2
1699,284,1,2
1699,285,1,2
1699,286,1,2
1699,287,1,2
1699,288,1,2
1699,289,1,2
1699,290,1,2
1699,291,1,2
1699,292,1,2
1699,293,1,2
1699,294,1,2
1699,295,1,2
1699,296,1,2
1699,297,1,2
1699,298,1,2
1699,299,1,2
1699,300,1,2
1699,301,1,2
1699,302,1,2
1699,303,1,2
1699,304,1,2
1699,305,1,2
1699,306,1,2
1699,307,1,2
1699,308,1,2
1699,309,1,2
1699,310,1,2
1699,311,1,2
1699,312,1,2
1699,313,1,2
1699,314,1,2
1699,315,1,2
1699,316,1,2
1699,317,1,2
1699,318,1,2
1699,319,1,2
1699,320,1,2
1699,321,1,2
1699,322,1,2
1699,323,1,2
1699,324,1,2
1699,325,1,2
1699,326,1,2
1699,327,1,2
1699,328,1,2
1699,329,1,2
1699,330,1,2
1699,331,1,2
1699,332,1,2
1699,333,1,2
1699,334,1,2
1699,335,1,2
1699,336,1,2
1699,337,1,2
1699,338,1,2
1699,339,1,2
1699,340,1,2
1699,341,1,2
1699,342,1,2
1699,343,1,2
1699,344,1,2
1699,345,1,2
1699,346,1,2
1699,347,1,2
1699,348,1,2
1699,349,1,2
1699,350,1,2
1699,351,1,2
1699,352,1,2
1699,353,1,2
1699,354,1,2
1699,355,1,2
1699,356,1,2
1699,357,1,2
1699,358,1,2
1700,167,1,2
1700,168,1,2
1700,169,1,3
1700,170,1,2
1700,171,1,2
1700,172,1,2
1700,173,1,2
1700,174,1,2
1700,175,1,2
1700,176,1,2
1700,177,1,2
1700,178,1,2
1700,179,1,2
1700,180,1,2
1700,181,1,2
1700,182,1,2
1700,183,1,2
1700,184,1,2
1700,185,1,2
1700,186,1,2
1700,187,1,2
1700,188,1,2
1700,189,1,2
1700,190,1,2
1700,191,1,2
1700,192,1,2
1700,193,1,2
1700,194,1,2
1700,195,1,2
1700,196,1,2
1700,197,1,2
1700,198,1,2
1700,199,1,2
1700,200,1,2
1700,201,1,2
1700,202,1,2
1700,203,1,2
1700,204,1,2
1700,205,1,2
1700,206,1,2
1700,207,1,2
1700,208,1,2
1700,209,1,2
1700,210,1,2
1700,211,1,2
1700,212,1,2
1700,213,1,2
1700,214,1,2
1700,215,1,2
1700,216,1,2
1700,217,1,2
1700,218,1,2
1700,219,1,2
1700,220,1,2
1700,221,1,2
1700,222,1,2
1700,223,1,2
1700,224,1,2
1700,225,1,2
1700,226,1,2
1700,227,1,2
1700,228,1,2
1700,229,1,2
1700,230,1,2
1700,231,1,2
1700,232,1,2
1700,233,1,2
1700,234,1,2
1700,235,1,2
1700,236,1,2
1700,237,1,2
1700,238,1,2
1700,239,1,2
1700,240,1,2
1700,241,1,2
1700,242,1,2
1700,243,1,2
1700,244,1,2
1700,245,1,2
1700,246,1,2
1700,247,1,2
1700,248,1,2
1700,249,1,2
1700,250,1,2
1700,251,1,2
1700,252,1,2
1700,253,1,2
1700,254,1,2
1700,255,1,2
1700,256,1,2
1700,257,1,2
1700,258,1,2
1700,259,1,2
1700,260,1,2
1700,261,1,2
1700,262,1,2
1700,263,1,2
1700,264,1,2
1700,265,1,2
1700,266,1,2
1700,267,1,2
1700,268,1,2
1700,269,1,2
1700,270,1,2
1700,271,1,2
1700,272,1,2
1700,273,1,2
1700,274,1,2
1700,275,1,2
1700,276,1,2
1700,277,1,2
1700,278,1,2
1700,279,1,2
1700,280,1,2
1700,281,1,2
1700,282,1,2
1700,283,1,2
1700,284,1,2
1700,285,1,2
1700,286,1,2
1700,287,1,2
1700,288,1,2
1700,289,1,2
1700,290,1,2
1700,291,1,2
1700,292,1,2
1700,293,1,2
1700,294,1,2
1700,295,1,2
1700,296,1,2
1700,297,1,2
1700,298,1,2
1700,299,1,2
1700,300,1,2
1700,301,1,2
1700,302,1,2
1700,303,1,2
1700,304,1,2
1700,305,1,2
1700,306,1,2
1700,307,1,2
1700,308,1,2
1700,309,1,2
1700,310,1,2
1700,311,1,2
1700,312,1,2
1700,313,1,2
1700,314,1,2
1700,315,1,2
1700,316,1,2
1700,317,1,2
1700,318,1,2
1700,319,1,2
1700,320,1,2
1700,321,1,2
1700,322,1,2
1700,323,1,2
1700,324,1,2
1700,325,1,2
1700,326,1,2
1700,327,1,2
1700,328,1,2
1700,329,1,2
1700,330,1,2
1700,331,1,2
1700,332,1,2
1700,333,1,2
1700,334,1,2
1700,335,1,2
1700,336,1,2
1700,337,1,2
1700,338,1,2
1700,339,1,2
1700,340,1,2
1700,341,1,2
1700,342,1,2
1700,343,1,2
1700,344,1,2
1700,345,1,2
1700,346,1,2
1700,347,1,2
1700,348,1,2
1700,349,1,2
1700,350,1,2
1700,351,1,2
1700,352,1,2
1700,353,1,2
1700,354,1,2
1700,355,1,2
1700,356,1,2
1700,357,1,2
1701,168,1,2
1701,169,1,2
1701,170,1,2
1701,171,1,2
1701,172,1,2
1701,173,1,2
1701,174,1,2
1701,175,1,2
1701,176,1,2
1701,177,1,2
1701,178,1,2
1701,179,1,2
1701,180,1,2
1701,181,1,2
1701,182,1,2
1701,183,1,2
1701,184,1,2
1701,185,1,2
1701,186,1,2
1701,187,1,2
1701,188,1,2
1701,189,1,2
1701,190,1,2
1701,191,1,2
1701,192,1,2
1701,193,1,2
1701,194,1,2
1701,195,1,2
1701,196,1,2
1701,197,1,2
1701,198,1,2
1701,199,1,2
1701,200,1,2
1701,201,1,2
1701,202,1,2
1701,203,1,2
1701,204,1,2
1701,205,1,2
1701,206,1,2
1701,207,1,2
1701,208,1,2
1701,209,1,2
1701,210,1,2
1701,211,1,2
1701,212,1,2
1701,213,1,2
1701,214,1,2
1701,215,1,2
1701,216,1,2
1701,217,1,2
1701,218,1,2
1701,219,1,2
1701,220,1,2
1701,221,1,2
1701,222,1,2
1701,223,1,2
1701,224,1,2
1701,225,1,2
1701,226,1,2
1701,227,1,2
1701,228,1,2
1701,229,1,2
1701,230,1,2
1701,231,1,2
1701,232,1,2
1701,233,1,2
1701,234,1,2
1701,235,1,2
1701,236,1,2
1701,237,1,2
1701,238,1,2
1701,239,1,2
1701,240,1,2
1701,241,1,2
1701,242,1,2
1701,243,1,2
1701,244,1,2
1701,245,1,2
1701,246,1,2
1701,247,1,2
1701,248,1,2
1701,249,1,2
1701,250,1,2
1701,251,1,2
1701,252,1,2
1701,253,1,2
1701,254,1,2
1701,255,1,2
1701,256,1,2
1701,257,1,2
1701,258,1,2
1701,259,1,2
1701,260,1,2
1701,261,1,2
1701,262,1,2
1701,263,1,2
1701,264,1,2
1701,265,1,2
1701,266,1,2
1701,267,1,2
1701,268,1,2
1701,269,1,2
1701,270,1,2
1701,271,1,2
1701,272,1,2
1701,273,1,2
1701,274,1,2
1701,275,1,2
1701,276,1,2
1701,277,1,2
1701,278,1,2
1701,279,1,2
1701,280,1,2
1701,281,1,2
1701,282,1,2
1701,283,1,2
1701,284,1,2
1701,285,1,2
1701,286,1,2
1701,287,1,2
1701,288,1,2
1701,289,1,2
1701,290,1,2
1701,291,1,2
1701,292,1,2
1701,293,1,2
1701,294,1,2
1701,295,1,2
1701,296,1,2
1701,297,1,2
1701,298,1,2
1701,299,1,2
1701,300,1,2
1701,301,1,2
1701,302,1,2
1701,303,1,2
1701,304,1,2
1701,305,1,2
1701,306,1,2
1701,307,1,2
1701,308,1,2
1701,309,1,2
1701,310,1,2
1701,311,1,2
1701,312,1,2
1701,313,1,2
1701,314,1,2
1701,315,1,2
1701,316,1,2
1701,317,1,2
1701,318,1,2
1701,319,1,2
1701,320,1,2
1701,321,1,2
1701,322,1,2
1701,323,1,2
1701,324,1,2
1701,325,1,2
1701,326,1,2
1701,327,1,2
1701,328,1,2
1701,329,1,2
1701,330,1,2
1701,331,1,2
1701,332,1,2
1701,333,1,2
1701,334,1,2
1701,335,1,2
1701,336,1,2
1701,337,1,2
1701,338,1,2
1701,339,1,2
1701,340,1,2
1701,341,1,2
1701,342,1,2
1701,343,1,2
1701,344,1,2
1701,345,1,2
1701,346,1,2
1701,347,1,2
1701,348,1,2
1701,349,1,2
1701,350,1,2
1701,351,1,2
1701,352,1,2
1701,353,1,2
1701,354,1,2
1701,355,1,2
1702,169,1,2
1702,170,1,2
1702,171,1,2
1702,172,1,2
1702,173,1,2
1702,174,1,2
1702,175,1,2
1702,176,1,2
1702,177,1,2
1702,178,1,2
1702,179,1,2
1702,180,1,2
1702,181,1,2
1702,182,1,2
1702,183,1,2
1702,184,1,2
1702,185,1,2
1702,186,1,2
1702,187,1,2
1702,188,1,2
1702,189,1,2
1702,190,1,2
1702,191,1,2
1702,192,1,2
1702,193,1,2
1702,194,1,2
1702,195,1,2
1702,196,1,2
1702,197,1,2
1702,198,1,2
1702,199,1,2
1702,200,1,2
1702,201,1,2
1702,202,1,2
1702,203,1,2
1702,204,1,2
1702,205,1,2
1702,206,1,2
1702,207,1,2
1702,208,1,2
1702,209,1,2
1702,210,1,2
1702,211,1,2
1702,212,1,2
1702,213,1,2
1702,214,1,2
1702,215,1,2
1702,216,1,2
1702,217,1,2
1702,218,1,2
1702,219,1,2
1702,220,1,2
1702,221,1,2
1702,222,1,2
1702,223,1,2
1702,224,1,2
1702,225,1,2
1702,226,1,2
1702,227,1,2
1702,228,1,2
1702,229,1,2
1702,230,1,2
1702,231,1,2
1702,232,1,2
1702,233,1,2
1702,234,1,2
1702,235,1,2
1702,236,1,2
1702,237,1,2
1702,238,1,2
1702,239,1,2
1702,240,1,2
1702,241,1,2
1702,242,1,2
1702,243,1,2
1702,244,1,2
1702,245,1,2
1702,246,1,2
1702,247,1,2
1702,248,1,2
1702,249,1,2
1702,250,1,2
1702,251,1,2
1702,252,1,2
1702,253,1,2
1702,254,1,2
1702,255,1,2
1702,256,1,2
1702,257,1,2
1702,258,1,2
1702,259,1,2
1702,260,1,2
1702,261,1,2
1702,262,1,2
1702,263,1,2
1702,264,1,2
1702,265,1,2
1702,266,1,2
1702,267,1,2
1702,268,1,2
1702,269,1,2
1702,270,1,2
1702,271,1,2
1702,272,1,2
1702,273,1,2
1702,274,1,2
1702,275,1,2
1702,276,1,2
1702,277,1,2
1702,278,1,2
1702,279,1,2
1702,280,1,2
1702,281,1,2
1702,282,1,2
1702,283,1,2
1702,284,1,2
1702,285,1,2
1702,286,1,2
1702,287,1,2
1702,288,1,2
1702,289,1,2
1702,290,1,2
1702,291,1,2
1702,292,1,2
1702,293,1,2
1702,294,1,2
1702,295,1,2
1702,296,1,2
1702,297,1,2
1702,298,1,2
1702,299,1,2
1702,300,1,2
1702,301,1,2
1702,302,1,2
1702,303,1,2
1702,304,1,2
1702,305,1,2
1702,306,1,2
1702,307,1,2
1702,308,1,2
1702,309,1,2
1702,310,1,2
1702,311,1,2
1702,312,1,2
1702,313,1,2
1702,314,1,2
1702,315,1,2
1702,316,1,2
1702,317,1,2
1702,318,1,2
1702,319,1,2
1702,320,1,2
1702,321,1,2
1702,322,1,2
1702,323,1,2
1702,324,1,2
1702,325,1,2
1702,326,1,2
1702,327,1,2
1702,328,1,2
1702,329,1,2
1702,330,1,2
1702,331,1,2
1702,332,1,2
1702,333,1,2
1702,334,1,2
1702,335,1,2
1702,336,1,2
1702,337,1,2
1702,338,1,2
1702,339,1,2
1702,340,1,2
1702,341,1,2
1702,342,1,2
1702,343,1,2
1702,344,1,2
1702,345,1,2
1702,346,1,2
1702,347,1,2
1702,348,1,2
1702,349,1,2
1702,350,1,2
1702,351,1,2
1702,352,1,2
1702,353,1,2
1703,170,1,2
1703,171,1,2
1703,172,1,2
1703,173,1,2
1703,174,1,2
1703,175,1,2
1703,176,1,2
1703,177,1,2
1703,178,1,2
1703,179,1,2
1703,180,1,2
1703,181,1,2
1703,182,1,2
1703,183,1,2
1703,184,1,2
1703,185,1,2
1703,186,1,2
1703,187,1,2
1703,188,1,2
1703,189,1,2
1703,190,1,2
1703,191,1,2
1703,192,1,2
1703,193,1,2
1703,194,1,2
1703,195,1,2
1703,196,1,2
1703,197,1,2
1703,198,1,2
1703,199,1,2
1703,200,1,2
1703,201,1,2
1703,202,1,2
1703,203,1,2
1703,204,1,2
1703,205,1,2
1703,206,1,2
1703,207,1,2
1703,208,1,2
1703,209,1,2
1703,210,1,2
1703,211,1,2
1703,212,1,2
1703,213,1,2
1703,214,1,2
1703,215,1,2
1703,216,1,2
1703,217,1,2
1703,218,1,2
1703,219,1,2
1703,220,1,2
1703,221,1,2
1703,222,1,2
1703,223,1,2
1703,224,1,2
1703,225,1,2
1703,226,1,2
1703,227,1,2
1703,228,1,2
1703,229,1,2
1703,230,1,2
1703,231,1,2
1703,232,1,2
1703,233,1,2
1703,234,1,2
1703,235,1,2
1703,236,1,2
1703,237,1,2
1703,238,1,2
1703,239,1,2
1703,240,1,2
1703,241,1,2
1703,242,1,2
1703,243,1,2
1703,244,1,2
1703,245,1,2
1703,246,1,2
1703,247,1,2
1703,248,1,2
1703,249,1,2
1703,250,1,2
1703,251,1,2
1703,252,1,2
1703,253,1,2
1703,254,1,2
1703,255,1,2
1703,256,1,2
1703,257,1,2
1703,258,1,2
1703,259,1,2
1703,260,1,2
1703,261,1,2
1703,262,1,2
1703,263,1,2
1703,264,1,2
1703,265,1,2
1703,266,1,2
1703,267,1,2
1703,268,1,2
1703,269,1,2
1703,270,1,2
1703,271,1,2
1703,272,1,2
1703,273,1,2
1703,274,1,2
1703,275,1,2
1703,276,1,2
1703,277,1,2
1703,278,1,2
1703,279,1,2
1703,280,1,2
1703,281,1,2
1703,282,1,2
1703,283,1,2
1703,284,1,2
1703,285,1,2
1703,286,1,2
1703,287,1,2
1703,288,1,2
1703,289,1,2
1703,290,1,2
1703,291,1,2
1703,292,1,2
1703,293,1,2
1703,294,1,2
1703,295,1,2
1703,296,1,2
1703,297,1,2
1703,298,1,2
1703,299,1,2
1703,300,1,2
1703,301,1,2
1703,302,1,2
1703,303,1,2
1703,304,1,2
1703,305,1,2
1703,306,1,2
1703,307,1,2
1703,308,1,2
1703,309,1,2
1703,310,1,2
1703,311,1,2
1703,312,1,2
1703,313,1,2
1703,314,1,2
1703,315,1,2
1703,316,1,2
1703,317,1,2
1703,318,1,2
1703,319,1,2
1703,320,1,2
1703,321,1,2
1703,322,1,2
1703,323,1,2
1703,324,1,2
1703,325,1,2
1703,326,1,2
1703,327,1,2
1703,328,1,2
1703,329,1,2
1703,330,1,2
1703,331,1,2
1703,332,1,2
1703,333,1,2
1703,334,1,2
1703,335,1,2
1703,336,1,2
1703,337,1,2
1703,338,1,2
1703,339,1,2
1703,340,1,2
1703,341,1,2
1703,342,1,2
1703,343,1,2
1703,344,1,2
1703,345,1,2
1703,346,1,2
1703,347,1,2
1703,348,1,2
1703,349,1,2
1703,350,1,2
1703,351,1,2
1703,352,1,2
1704,171,1,2
1704,172,1,2
1704,173,1,2
1704,174,1,2
1704,175,1,2
1704,176,1,2
1704,177,1,2
1704,178,1,2
1704,179,1,2
1704,180,1,2
1704,181,1,2
1704,182,1,2
1704,183,1,2
1704,184,1,2
1704,185,1,2
1704,186,1,2
1704,187,1,2
1704,188,1,2
1704,189,1,2
1704,190,1,2
1704,191,1,2
1704,192,1,2
1704,193,1,2
1704,194,1,2
1704,195,1,2
1704,196,1,2
1704,197,1,2
1704,198,1,2
1704,199,1,2
1704,200,1,2
1704,201,1,2
1704,202,1,2
1704,203,1,2
1704,204,1,2
1704,205,1,2
1704,206,1,2
1704,207,1,2
1704,208,1,2
1704,209,1,2
1704,210,1,2
1704,211,1,2
1704,212,1,2
1704,213,1,2
1704,214,1,2
1704,215,1,2
1704,216,1,2
1704,217,1,2
1704,218,1,2
1704,219,1,2
1704,220,1,2
1704,221,1,2
1704,222,1,2
1704,223,1,2
1704,224,1,2
1704,225,1,2
1704,226,1,2
1704,227,1,2
1704,228,1,2
1704,229,1,2
1704,230,1,2
1704,231,1,2
1704,232,1,2
1704,233,1,2
1704,234,1,2
1704,235,1,2
1704,236,1,2
1704,237,1,2
1704,238,1,2
1704,239,1,2
1704,240,1,2
1704,241,1,2
1704,242,1,2
1704,243,1,2
1704,244,1,2
1704,245,1,2
1704,246,1,2
1704,247,1,2
1704,248,1,2
1704,249,1,2
1704,250,1,2
1704,251,1,2
1704,252,1,2
1704,253,1,2
1704,254,1,2
1704,255,1,2
1704,256,1,2
1704,257,1,2
1704,258,1,2
1704,259,1,2
1704,260,1,2
1704,261,1,2
1704,262,1,2
1704,263,1,2
1704,264,1,2
1704,265,1,2
1704,266,1,2
1704,267,1,2
1704,268,1,2
1704,269,1,2
1704,270,1,2
1704,271,1,2
1704,272,1,2
1704,273,1,2
1704,274,1,2
1704,275,1,2
1704,276,1,2
1704,277,1,2
1704,278,1,2
1704,279,1,2
1704,280,1,2
1704,281,1,2
1704,282,1,2
1704,283,1,2
1704,284,1,2
1704,285,1,2
1704,286,1,2
1704,287,1,2
1704,288,1,2
1704,289,1,2
1704,290,1,2
1704,291,1,2
1704,292,1,2
1704,293,1,2
1704,294,1,2
1704,295,1,2
1704,296,1,2
1704,297,1,2
1704,298,1,2
1704,299,1,2
1704,300,1,2
1704,301,1,2
1704,302,1,2
1704,303,1,2
1704,304,1,2
1704,305,1,2
1704,306,1,2
1704,307,1,2
1704,308,1,2
1704,309,1,2
1704,310,1,2
1704,311,1,2
1704,312,1,2
1704,313,1,2
1704,314,1,2
1704,315,1,2
1704,316,1,2
1704,317,1,2
1704,318,1,2
1704,319,1,2
1704,320,1,2
1704,321,1,2
1704,322,1,2
1704,323,1,2
1704,324,1,2
1704,325,1,2
1704,326,1,2
1704,327,1,2
1704,328,1,2
1704,329,1,2
1704,330,1,2
1704,331,1,2
1704,332,1,2
1704,333,1,2
1704,334,1,2
1704,335,1,2
1704,336,1,2
1704,337,1,2
1704,338,1,2
1704,339,1,2
1704,340,1,2
1704,341,1,2
1704,342,1,2
1704,343,1,2
1704,344,1,2
1704,345,1,2
1704,346,1,2
1704,347,1,2
1704,348,1,2
1704,349,1,2
1704,350,1,2
1705,172,1,2
1705,173,1,2
1705,174,1,2
1705,175,1,2
1705,176,1,2
1705,177,1,2
1705,178,1,2
1705,179,1,2
1705,180,1,2
1705,181,1,2
1705,182,1,2
1705,183,1,2
1705,184,1,2
1705,185,1,2
1705,186,1,2
1705,187,1,2
1705,188,1,2
1705,189,1,2
1705,190,1,2
1705,191,1,2
1705,192,1,2
1705,193,1,2
1705,194,1,2
1705,195,1,2
1705,196,1,2
1705,197,1,2
1705,198,1,2
1705,199,1,2
1705,200,1,2
1705,201,1,2
1705,202,1,2
1705,203,1,2
1705,204,1,2
1705,205,1,2
1705,206,1,2
1705,207,1,2
1705,208,1,2
1705,209,1,2
1705,210,1,2
1705,211,1,2
1705,212,1,2
1705,213,1,2
1705,214,1,2
1705,215,1,2
1705,216,1,2
1705,217,1,2
1705,218,1,2
1705,219,1,2
1705,220,1,2
1705,221,1,2
1705,222,1,2
1705,223,1,2
1705,224,1,2
1705,225,1,2
1705,226,1,2
1705,227,1,2
1705,228,1,2
1705,229,1,2
1705,230,1,2
1705,231,1,2
1705,232,1,2
1705,233,1,2
1705,234,1,2
1705,235,1,2
1705,236,1,2
1705,237,1,2
1705,238,1,2
1705,239,1,2
1705,240,1,2
1705,241,1,2
1705,242,1,2
1705,243,1,2
1705,244,1,2
1705,245,1,2
1705,246,1,2
1705,247,1,2
1705,248,1,2
1705,249,1,2
1705,250,1,2
1705,251,1,2
1705,252,1,2
1705,253,1,2
1705,254,1,2
1705,255,1,2
1705,256,1,2
1705,257,1,2
1705,258,1,2
1705,259,1,2
1705,260,1,2
1705,261,1,2
1705,262,1,2
1705,263,1,2
1705,264,1,2
1705,265,1,2
1705,266,1,2
1705,267,1,2
1705,268,1,2
1705,269,1,2
1705,270,1,2
1705,271,1,2
1705,272,1,2
1705,273,1,2
1705,274,1,2
1705,275,1,2
1705,276,1,2
1705,277,1,2
1705,278,1,2
1705,279,1,2
1705,280,1,2
1705,281,1,2
1705,282,1,2
1705,283,1,2
1705,284,1,2
1705,285,1,2
1705,286,1,2
1705,287,1,2
1705,288,1,2
1705,289,1,2
1705,290,1,2
1705,291,1,2
1705,292,1,2
1705,293,1,2
1705,294,1,2
1705,295,1,2
1705,296,1,2
1705,297,1,2
1705,298,1,2
1705,299,1,2
1705,300,1,2
1705,301,1,2
1705,302,1,2
1705,303,1,2
1705,304,1,2
1705,305,1,2
1705,306,1,2
1705,307,1,2
1705,308,1,2
1705,309,1,2
1705,310,1,2
1705,311,1,2
1705,312,1,2
1705,313,1,2
1705,314,1,2
1705,315,1,2
1705,316,1,2
1705,317,1,2
1705,318,1,2
1705,319,1,2
1705,320,1,2
1705,321,1,2
1705,322,1,2
1705,323,1,2
1705,324,1,2
1705,325,1,2
1705,326,1,2
1705,327,1,2
1705,328,1,2
1705,329,1,2
1705,330,1,2
1705,331,1,2
1705,332,1,2
1705,333,1,2
1705,334,1,2
1705,335,1,2
1705,336,1,2
1705,337,1,2
1705,338,1,2
1705,339,1,2
1705,340,1,2
1705,341,1,2
1705,342,1,2
1705,343,1,2
1705,344,1,2
1705,345,1,2
1705,346,1,2
1705,347,1,2
1705,348,1,2
1706,173,1,2
1706,174,1,2
1706,175,1,2
1706,176,1,2
1706,177,1,2
1706,178,1,2
1706,179,1,2
1706,180,1,2
1706,181,1,2
1706,182,1,2
1706,183,1,2
1706,184,1,2
1706,185,1,2
1706,186,1,2
1706,187,1,2
1706,188,1,2
1706,189,1,2
1706,190,1,2
1706,191,1,2
1706,192,1,2
1706,193,1,2
1706,194,1,2
1706,195,1,2
1706,196,1,2
1706,197,1,2
1706,198,1,2
1706,199,1,2
1706,200,1,2
1706,201,1,2
1706,202,1,2
1706,203,1,2
1706,204,1,2
1706,205,1,2
1706,206,1,2
1706,207,1,2
1706,208,1,2
1706,209,1,2
1706,210,1,2
1706,211,1,2
1706,212,1,2
1706,213,1,2
1706,214,1,2
1706,215,1,2
1706,216,1,2
1706,217,1,2
1706,218,1,2
1706,219,1,2
1706,220,1,2
1706,221,1,2
1706,222,1,2
1706,223,1,2
1706,224,1,2
1706,225,1,2
1706,226,1,2
1706,227,1,2
1706,228,1,2
1706,229,1,2
1706,230,1,2
1706,231,1,2
1706,232,1,2
1706,233,1,2
1706,234,1,2
1706,235,1,2
1706,236,1,2
1706,237,1,2
1706,238,1,2
1706,239,1,2
1706,240,1,2
1706,241,1,2
1706,242,1,2
1706,243,1,2
1706,244,1,2
1706,245,1,2
1706,246,1,2
1706,247,1,2
1706,248,1,2
1706,249,1,2
1706,250,1,2
1706,251,1,2
1706,252,1,2
1706,253,1,2
1706,254,1,2
1706,255,1,2
1706,256,1,2
1706,257,1,2
1706,258,1,2
1706,259,1,2
1706,260,1,2
1706,261,1,2
1706,262,1,2
1706,263,1,2
1706,264,1,2
1706,265,1,2
1706,266,1,2
1706,267,1,2
1706,268,1,2
1706,269,1,2
1706,270,1,2
1706,271,1,2
1706,272,1,2
1706,273,1,2
1706,274,1,2
1706,275,1,2
1706,276,1,2
1706,277,1,2
1706,278,1,2
1706,279,1,2
1706,280,1,2
1706,281,1,2
1706,282,1,2
1706,283,1,2
1706,284,1,2
1706,285,1,2
1706,286,1,2
1706,287,1,2
1706,288,1,2
1706,289,1,2
1706,290,1,2
1706,291,1,2
1706,292,1,2
1706,293,1,2
1706,294,1,2
1706,295,1,2
1706,296,1,2
1706,297,1,2
1706,298,1,2
1706,299,1,2
1706,300,1,2
1706,301,1,2
1706,302,1,2
1706,303,1,2
1706,304,1,2
1706,305,1,2
1706,306,1,2
1706,307,1,2
1706,308,1,2
1706,309,1,2
1706,310,1,2
1706,311,1,2
1706,312,1,2
1706,313,1,2
1706,314,1,2
1706,315,1,2
1706,316,1,2
1706,317,1,2
1706,318,1,2
1706,319,1,2
1706,320,1,2
1706,321,1,2
1706,322,1,2
1706,323,1,2
1706,324,1,2
1706,325,1,2
1706,326,1,2
1706,327,1,2
1706,328,1,2
1706,329,1,2
1706,330,1,2
1706,331,1,2
1706,332,1,2
1706,333,1,2
1706,334,1,2
1706,335,1,2
1706,336,1,2
1706,337,1,2
1706,338,1,2
1706,339,1,2
1706,340,1,2
1706,341,1,2
1706,342,1,2
1706,343,1,2
1706,344,1,2
1706,345,1,2
1706,346,1,2
1707,174,1,2
1707,175,1,2
1707,176,1,2
1707,177,1,2
1707,178,1,2
1707,179,1,2
1707,180,1,2
1707,181,1,2
1707,182,1,2
1707,183,1,2
1707,184,1,2
1707,185,1,2
1707,186,1,2
1707,187,1,2
1707,188,1,2
1707,189,1,2
1707,190,1,2
1707,191,1,2
1707,192,1,2
1707,193,1,2
1707,194,1,2
1707,195,1,2
1707,196,1,2
1707,197,1,2
1707,198,1,2
1707,199,1,2
1707,200,1,2
1707,201,1,2
1707,202,1,2
1707,203,1,2
1707,204,1,2
1707,205,1,2
1707,206,1,2
1707,207,1,2
1707,208,1,2
1707,209,1,2
1707,210,1,2
1707,211,1,2
1707,212,1,2
1707,213,1,2
1707,214,1,2
1707,215,1,2
1707,216,1,2
1707,217,1,2
1707,218,1,2
1707,219,1,2
1707,220,1,2
1707,221,1,2
1707,222,1,2
1707,223,1,2
1707,224,1,2
1707,225,1,2
1707,226,1,2
1707,227,1,2
1707,228,1,2
1707,229,1,2
1707,230,1,2
1707,231,1,2
1707,232,1,2
1707,233,1,2
1707,234,1,2
1707,235,1,2
1707,236,1,2
1707,237,1,2
1707,238,1,2
1707,239,1,2
1707,240,1,2
1707,241,1,2
1707,242,1,2
1707,243,1,2
1707,244,1,2
1707,245,1,2
1707,246,1,2
1707,247,1,2
1707,248,1,2
1707,249,1,2
1707,250,1,2
1707,251,1,2
1707,252,1,2
1707,253,1,2
1707,254,1,2
1707,255,1,2
1707,256,1,2
1707,257,1,2
1707,258,1,2
1707,259,1,2
1707,260,1,2
1707,261,1,2
1707,262,1,2
1707,263,1,2
1707,264,1,2
1707,265,1,2
1707,266,1,2
1707,267,1,2
1707,268,1,2
1707,269,1,2
1707,270,1,2
1707,271,1,2
1707,272,1,2
1707,273,1,2
1707,274,1,2
1707,275,1,2
1707,276,1,2
1707,277,1,2
1707,278,1,2
1707,279,1,2
1707,280,1,2
1707,281,1,2
1707,282,1,2
1707,283,1,2
1707,284,1,2
1707,285,1,2
1707,286,1,2
1707,287,1,2
1707,288,1,2
1707,289,1,2
1707,290,1,2
1707,291,1,2
1707,292,1,2
1707,293,1,2
1707,294,1,2
1707,295,1,2
1707,296,1,2
1707,297,1,2
1707,298,1,2
1707,299,1,2
1707,300,1,2
1707,301,1,2
1707,302,1,2
1707,303,1,2
1707,304,1,2
1707,305,1,2
1707,306,1,2
1707,307,1,2
1707,308,1,2
1707,309,1,2
1707,310,1,2
1707,311,1,2
1707,312,1,2
1707,313,1,2
1707,314,1,2
1707,315,1,2
1707,316,1,2
1707,317,1,2
1707,318,1,2
1707,319,1,2
1707,320,1,2
1707,321,1,2
1707,322,1,2
1707,323,1,2
1707,324,1,2
1707,325,1,2
1707,326,1,2
1707,327,1,2
1707,328,1,2
1707,329,1,2
1707,330,1,2
1707,331,1,2
1707,332,1,2
1707,333,1,2
1707,334,1,2
1707,335,1,2
1707,336,1,2
1707,337,1,2
1707,338,1,2
1707,339,1,2
1707,340,1,2
1707,341,1,2
1707,342,1,2
1707,343,1,2
1707,344,1,2
1707,345,1,2
1708,175,1,2
1708,176,1,2
1708,177,1,2
1708,178,1,2
1708,179,1,2
1708,180,1,2
1708,181,1,2
1708,182,1,2
1708,183,1,2
1708,184,1,2
1708,185,1,2
1708,186,1,2
1708,187,1,2
1708,188,1,2
1708,189,1,2
1708,190,1,2
1708,191,1,2
1708,192,1,2
1708,193,1,2
1708,194,1,2
1708,195,1,2
1708,196,1,2
1708,197,1,2
1708,198,1,2
1708,199,1,2
1708,200,1,2
1708,201,1,2
1708,202,1,2
1708,203,1,2
1708,204,1,2
1708,205,1,2
1708,206,1,2
1708,207,1,2
1708,208,1,2
1708,209,1,2
1708,210,1,2
1708,211,1,2
1708,212,1,2
1708,213,1,2
1708,214,1,2
1708,215,1,2
1708,216,1,2
1708,217,1,2
1708,218,1,2
1708,219,1,2
1708,220,1,2
1708,221,1,2
1708,222,1,2
1708,223,1,2
1708,224,1,2
1708,225,1,2
1708,226,1,2
1708,227,1,2
1708,228,1,2
1708,229,1,2
1708,230,1,2
1708,231,1,2
1708,232,1,2
1708,233,1,2
1708,234,1,2
1708,235,1,2
1708,236,1,2
1708,237,1,2
1708,238,1,2
1708,239,1,2
1708,240,1,2
1708,241,1,2
1708,242,1,2
1708,243,1,2
1708,244,1,2
1708,245,1,2
1708,246,1,2
1708,247,1,2
1708,248,1,2
1708,249,1,2
1708,250,1,2
1708,251,1,2
1708,252,1,2
1708,253,1,2
1708,254,1,2
1708,255,1,2
1708,256,1,2
1708,257,1,2
1708,258,1,2
1708,259,1,2
1708,260,1,2
1708,261,1,2
1708,262,1,2
1708,263,1,2
1708,264,1,2
1708,265,1,2
1708,266,1,2
1708,267,1,2
1708,268,1,2
1708,269,1,2
1708,270,1,2
1708,271,1,2
1708,272,1,2
1708,273,1,2
1708,274,1,2
1708,275,1,2
1708,276,1,2
1708,277,1,2
1708,278,1,2
1708,279,1,2
1708,280,1,2
1708,281,1,2
1708,282,1,2
1708,283,1,2
1708,284,1,2
1708,285,1,2
1708,286,1,2
1708,287,1,2
1708,288,1,2
1708,289,1,2
1708,290,1,2
1708,291,1,2
1708,292,1,2
1708,293,1,2
1708,294,1,2
1708,295,1,2
1708,296,1,2
1708,297,1,2
1708,298,1,2
1708,299,1,2
1708,300,1,2
1708,301,1,2
1708,302,1,2
1708,303,1,2
1708,304,1,2
1708,305,1,2
1708,306,1,2
1708,307,1,2
1708,308,1,2
1708,309,1,2
1708,310,1,2
1708,311,1,2
1708,312,1,2
1708,313,1,2
1708,314,1,2
1708,315,1,2
1708,316,1,2
1708,317,1,2
1708,318,1,2
1708,319,1,2
1708,320,1,2
1708,321,1,2
1708,322,1,2
1708,323,1,2
1708,324,1,2
1708,325,1,2
1708,326,1,2
1708,327,1,2
1708,328,1,2
1708,329,1,2
1708,330,1,2
1708,331,1,2
1708,332,1,2
1708,333,1,2
1708,334,1,2
1708,335,1,2
1708,336,1,2
1708,337,1,2
1708,338,1,2
1708,339,1,2
1708,340,1,2
1708,341,1,2
1708,342,1,2
1708,343,1,2
1709,175,1,2
1709,176,1,2
1709,177,1,2
1709,178,1,2
1709,179,1,2
1709,180,1,2
1709,181,1,2
1709,182,1,2
1709,183,1,2
1709,184,1,2
1709,185,1,2
1709,186,1,2
1709,187,1,2
1709,188,1,2
1709,189,1,2
1709,190,1,2
1709,191,1,2
1709,192,1,2
1709,193,1,2
1709,194,1,2
1709,195,1,2
1709,196,1,2
1709,197,1,2
1709,198,1,2
1709,199,1,2
1709,200,1,2
1709,201,1,2
1709,202,1,2
1709,203,1,2
1709,204,1,2
1709,205,1,2
1709,206,1,2
1709,207,1,2
1709,208,1,2
1709,209,1,2
1709,210,1,2
1709,211,1,2
1709,212,1,2
1709,213,1,2
1709,214,1,2
1709,215,1,2
1709,216,1,2
1709,217,1,2
1709,218,1,2
1709,219,1,2
1709,220,1,2
1709,221,1,2
1709,222,1,2
1709,223,1,2
1709,224,1,2
1709,225,1,2
1709,226,1,2
1709,227,1,2
1709,228,1,2
1709,229,1,2
1709,230,1,2
1709,231,1,2
1709,232,1,2
1709,233,1,2
1709,234,1,2
1709,235,1,2
1709,236,1,2
1709,237,1,2
1709,238,1,2
1709,239,1,2
1709,240,1,2
1709,241,1,2
1709,242,1,2
1709,243,1,2
1709,244,1,2
1709,245,1,2
1709,246,1,2
1709,247,1,2
1709,248,1,2
1709,249,1,2
1709,250,1,2
1709,251,1,2
1709,252,1,2
1709,253,1,2
1709,254,1,2
1709,255,1,2
1709,256,1,2
1709,257,1,2
1709,258,1,2
1709,259,1,2
1709,260,1,2
1709,261,1,2
1709,262,1,2
1709,263,1,2
1709,264,1,2
1709,265,1,2
1709,266,1,2
1709,267,1,2
1709,268,1,2
1709,269,1,2
1709,270,1,2
1709,271,1,2
1709,272,1,2
1709,273,1,2
1709,274,1,2
1709,275,1,2
1709,276,1,2
1709,277,1,2
1709,278,1,2
1709,279,1,2
1709,280,1,2
1709,281,1,2
1709,282,1,2
1709,283,1,2
1709,284,1,2
1709,285,1,2
1709,286,1,2
1709,287,1,2
1709,288,1,2
1709,289,1,2
1709,290,1,2
1709,291,1,2
1709,292,1,2
1709,293,1,2
1709,294,1,2
1709,295,1,2
1709,296,1,2
1709,297,1,2
1709,298,1,2
1709,299,1,2
1709,300,1,2
1709,301,1,2
1709,302,1,2
1709,303,1,2
1709,304,1,2
1709,305,1,2
1709,306,1,2
1709,307,1,2
1709,308,1,2
1709,309,1,2
1709,310,1,2
1709,311,1,2
1709,312,1,2
1709,313,1,2
1709,314,1,2
1709,315,1,2
1709,316,1,2
1709,317,1,2
1709,318,1,2
1709,319,1,2
1709,320,1,2
1709,321,1,2
1709,322,1,2
1709,323,1,2
1709,324,1,2
1709,325,1,2
1709,326,1,2
1709,327,1,2
1709,328,1,2
1709,329,1,2
1709,330,1,2
1709,331,1,2
1709,332,1,2
1709,333,1,2
1709,334,1,2
1709,335,1,2
1709,336,1,2
1709,337,1,2
1709,338,1,2
1709,339,1,2
1709,340,1,2
1709,341,1,2
1710,176,1,2
1710,177,1,2
1710,178,1,2
1710,179,1,2
1710,180,1,2
1710,181,1,2
1710,182,1,2
1710,183,1,2
1710,184,1,2
1710,185,1,2
1710,186,1,2
1710,187,1,2
1710,188,1,2
1710,189,1,2
1710,190,1,2
1710,191,1,2
1710,192,1,2
1710,193,1,2
1710,194,1,2
1710,195,1,2
1710,196,1,2
1710,197,1,2
1710,198,1,2
1710,199,1,2
1710,200,1,2
1710,201,1,2
1710,202,1,2
1710,203,1,2
1710,204,1,2
1710,205,1,2
1710,206,1,2
1710,207,1,2
1710,208,1,2
1710,209,1,2
1710,210,1,2
1710,211,1,2
1710,212,1,2
1710,213,1,2
1710,214,1,2
1710,215,1,2
1710,216,1,2
1710,217,1,2
1710,218,1,2
1710,219,1,3
1710,220,1,3
1710,221,1,2
1710,222,1,2
1710,223,1,2
1710,224,1,2
1710,225,1,2
1710,226,1,2
1710,227,1,2
1710,228,1,2
1710,229,1,2
1710,230,1,2
1710,231,1,2
1710,232,1,2
1710,233,1,2
1710,234,1,2
1710,235,1,2
1710,236,1,2
1710,237,1,2
1710,238,1,2
1710,239,1,2
1710,240,1,2
1710,241,1,2
1710,242,1,2
1710,243,1,2
1710,244,1,2
1710,245,1,2
1710,246,1,2
1710,247,1,2
1710,248,1,2
1710,249,1,2
1710,250,1,2
1710,251,1,2
1710,252,1,2
1710,253,1,2
1710,254,1,2
1710,255,1,2
1710,256,1,2
1710,257,1,2
1710,258,1,2
1710,259,1,2
1710,260,1,2
1710,261,1,2
1710,262,1,2
1710,263,1,2
1710,264,1,2
1710,265,1,2
1710,266,1,2
1710,267,1,2
1710,268,1,2
1710,269,1,2
1710,270,1,2
1710,271,1,2
1710,272,1,2
1710,273,1,2
1710,274,1,2
1710,275,1,2
1710,276,1,2
1710,277,1,2
1710,278,1,2
1710,279,1,2
1710,280,1,2
1710,281,1,2
1710,282,1,2
1710,283,1,2
1710,284,1,2
1710,285,1,2
1710,286,1,2
1710,287,1,2
1710,288,1,2
1710,289,1,2
1710,290,1,2
1710,291,1,2
1710,292,1,2
1710,293,1,2
1710,294,1,2
1710,295,1,2
1710,296,1,2
1710,297,1,2
1710,298,1,2
1710,299,1,2
1710,300,1,2
1710,301,1,2
1710,302,1,2
1710,303,1,2
1710,304,1,2
1710,305,1,2
1710,306,1,2
1710,307,1,2
1710,308,1,2
1710,309,1,2
1710,310,1,2
1710,311,1,2
1710,312,1,2
1710,313,1,2
1710,314,1,2
1710,315,1,2
1710,316,1,2
1710,317,1,2
1710,318,1,2
1710,319,1,2
1710,320,1,2
1710,321,1,2
1710,322,1,2
1710,323,1,2
1710,324,1,2
1710,325,1,2
1710,326,1,2
1710,327,1,2
1710,328,1,2
1710,329,1,2
1710,330,1,2
1710,331,1,2
1710,332,1,2
1710,333,1,2
1710,334,1,2
1710,335,1,2
1710,336,1,2
1710,337,1,2
1710,338,1,2
1710,339,1,2
1711,178,1,2
1711,179,1,2
1711,180,1,2
1711,181,1,2
1711,182,1,2
1711,183,1,2
1711,184,1,2
1711,185,1,2
1711,186,1,2
1711,187,1,2
1711,188,1,2
1711,189,1,2
1711,190,1,2
1711,191,1,2
1711,192,1,2
1711,193,1,2
1711,194,1,2
1711,195,1,2
1711,196,1,2
1711,197,1,2
1711,198,1,2
1711,199,1,2
1711,200,1,2
1711,201,1,2
1711,202,1,2
1711,203,1,2
1711,204,1,2
1711,205,1,2
1711,206,1,2
1711,207,1,2
1711,208,1,2
1711,209,1,2
1711,210,1,2
1711,211,1,2
1711,212,1,2
1711,213,1,2
1711,214,1,2
1711,215,1,2
1711,216,1,2
1711,217,1,3
1711,218,1,3
1711,219,1,3
1711,220,1,3
1711,221,1,3
1711,222,1,2
1711,223,1,2
1711,224,1,2
1711,225,1,2
1711,226,1,2
1711,227,1,2
1711,228,1,2
1711,229,1,2
1711,230,1,2
1711,231,1,2
1711,232,1,2
1711,233,1,2
1711,234,1,2
1711,235,1,2
1711,236,1,2
1711,237,1,2
1711,238,1,2
1711,239,1,2
1711,240,1,2
1711,241,1,2
1711,242,1,2
1711,243,1,2
1711,244,1,2
1711,245,1,2
1711,246,1,2
1711,247,1,2
1711,248,1,2
1711,249,1,2
1711,250,1,2
1711,251,1,2
1711,252,1,2
1711,253,1,2
1711,254,1,2
1711,255,1,2
1711,256,1,2
1711,257,1,2
1711,258,1,2
1711,259,1,2
1711,260,1,2
1711,261,1,2
1711,262,1,2
1711,263,1,2
1711,264,1,2
1711,265,1,2
1711,266,1,2
1711,267,1,2
1711,268,1,2
1711,269,1,2
1711,270,1,2
1711,271,1,2
1711,272,1,2
1711,273,1,2
1711,274,1,2
1711,275,1,2
1711,276,1,2
1711,277,1,2
1711,278,1,2
1711,279,1,2
1711,280,1,2
1711,281,1,2
1711,282,1,2
1711,283,1,2
1711,284,1,2
1711,285,1,2
1711,286,1,2
1711,287,1,2
1711,288,1,2
1711,289,1,2
1711,290,1,2
1711,291,1,2
1711,292,1,2
1711,293,1,2
1711,294,1,2
1711,295,1,2
1711,296,1,2
1711,297,1,2
1711,298,1,2
1711,299,1,2
1711,300,1,2
1711,301,1,2
1711,302,1,2
1711,303,1,2
1711,304,1,2
1711,305,1,2
1711,306,1,2
1711,307,1,2
1711,308,1,2
1711,309,1,2
1711,310,1,2
1711,311,1,2
1711,312,1,2
1711,313,1,2
1711,314,1,2
1711,315,1,2
1711,316,1,2
1711,317,1,2
1711,318,1,2
1711,319,1,2
1711,320,1,2
1711,321,1,2
1711,322,1,2
1711,323,1,2
1711,324,1,2
1711,325,1,2
1711,326,1,2
1711,327,1,2
1711,328,1,2
1711,329,1,2
1711,330,1,2
1711,331,1,2
1711,332,1,2
1711,333,1,2
1711,334,1,2
1711,335,1,2
1711,336,1,2
1711,337,1,2
1711,338,1,2
1712,179,1,2
1712,180,1,2
1712,181,1,2
1712,182,1,2
1712,183,1,2
1712,184,1,2
1712,185,1,2
1712,186,1,2
1712,187,1,2
1712,188,1,2
1712,189,1,2
1712,190,1,2
1712,191,1,2
1712,192,1,2
1712,193,1,2
1712,194,1,2
1712,195,1,2
1712,196,1,2
1712,197,1,2
1712,198,1,2
1712,199,1,2
1712,200,1,2
1712,201,1,2
1712,202,1,2
1712,203,1,2
1712,204,1,2
1712,205,1,2
1712,206,1,2
1712,207,1,2
1712,208,1,2
1712,209,1,2
1712,210,1,2
1712,211,1,2
1712,212,1,2
1712,213,1,2
1712,214,1,2
1712,215,1,3
1712,216,1,3
1712,217,1,3
1712,218,1,3
1712,219,1,3
1712,220,1,3
1712,221,1,3
1712,222,1,3
1712,223,1,3
1712,224,1,2
1712,225,1,2
1712,226,1,2
1712,227,1,2
1712,228,1,2
1712,229,1,2
1712,230,1,2
1712,231,1,2
1712,232,1,2
1712,233,1,2
1712,234,1,2
1712,235,1,2
1712,236,1,2
1712,237,1,2
1712,238,1,2
1712,239,1,2
1712,240,1,2
1712,241,1,2
1712,242,1,2
1712,243,1,2
1712,244,1,2
1712,245,1,2
1712,246,1,2
1712,247,1,2
1712,248,1,2
1712,249,1,2
1712,250,1,2
1712,251,1,2
1712,252,1,2
1712,253,1,2
1712,254,1,2
1712,255,1,2
1712,256,1,2
1712,257,1,2
1712,258,1,2
1712,259,1,2
1712,260,1,2
1712,261,1,2
1712,262,1,2
1712,263,1,2
1712,264,1,2
1712,265,1,2
1712,266,1,2
1712,267,1,2
1712,268,1,2
1712,269,1,2
1712,270,1,2
1712,271,1,2
1712,272,1,2
1712,273,1,2
1712,274,1,2
1712,275,1,2
1712,276,1,2
1712,277,1,2
1712,278,1,2
1712,279,1,2
1712,280,1,2
1712,281,1,2
1712,282,1,2
1712,283,1,2
1712,284,1,2
1712,285,1,2
1712,286,1,2
1712,287,1,2
1712,288,1,2
1712,289,1,2
1712,290,1,2
1712,291,1,2
1712,292,1,2
1712,293,1,2
1712,294,1,2
1712,295,1,2
1712,296,1,2
1712,297,1,2
1712,298,1,2
1712,299,1,2
1712,300,1,2
1712,301,1,2
1712,302,1,2
1712,303,1,2
1712,304,1,2
1712,305,1,2
1712,306,1,2
1712,307,1,2
1712,308,1,2
1712,309,1,2
1712,310,1,2
1712,311,1,2
1712,312,1,2
1712,313,1,2
1712,314,1,2
1712,315,1,2
1712,316,1,2
1712,317,1,2
1712,318,1,2
1712,319,1,2
1712,320,1,2
1712,321,1,2
1712,322,1,2
1712,323,1,2
1712,324,1,2
1712,325,1,2
1712,326,1,2
1712,327,1,2
1712,328,1,2
1712,329,1,2
1712,330,1,2
1712,331,1,2
1712,332,1,2
1712,333,1,2
1712,334,1,2
1712,335,1,2
1713,181,1,2
1713,182,1,2
1713,183,1,2
1713,184,1,2
1713,185,1,2
1713,186,1,2
1713,187,1,2
1713,188,1,2
1713,189,1,2
1713,190,1,2
1713,191,1,2
1713,192,1,2
1713,193,1,2
1713,194,1,2
1713,195,1,2
1713,196,1,2
1713,197,1,2
1713,198,1,2
1713,199,1,2
1713,200,1,2
1713,201,1,2
1713,202,1,2
1713,203,1,2
1713,204,1,2
1713,205,1,2
1713,206,1,2
1713,207,1,2
1713,208,1,2
1713,209,1,2
1713,210,1,2
1713,211,1,2
1713,212,1,2
1713,213,1,2
1713,214,1,3
1713,215,1,3
1713,216,1,3
1713,217,1,3
1713,218,1,3
1713,219,1,3
1713,220,1,3
1713,221,1,3
1713,222,1,3
1713,223,1,3
1713,224,1,3
1713,225,1,2
1713,226,1,2
1713,227,1,2
1713,228,1,2
1713,229,1,2
1713,230,1,2
1713,231,1,2
1713,232,1,2
1713,233,1,2
1713,234,1,2
1713,235,1,2
1713,236,1,2
1713,237,1,2
1713,238,1,2
1713,239,1,2
1713,240,1,2
1713,241,1,2
1713,242,1,2
1713,243,1,2
1713,244,1,2
1713,245,1,2
1713,246,1,2
1713,247,1,2
1713,248,1,2
1713,249,1,2
1713,250,1,2
1713,251,1,2
1713,252,1,2
1713,253,1,2
1713,254,1,2
1713,255,1,2
1713,256,1,2
1713,257,1,2
1713,258,1,2
1713,259,1,2
1713,260,1,2
1713,261,1,2
1713,262,1,2
1713,263,1,2
1713,264,1,2
1713,265,1,2
1713,266,1,2
1713,267,1,2
1713,268,1,2
1713,269,1,2
1713,270,1,2
1713,271,1,2
1713,272,1,2
1713,273,1,2
1713,274,1,2
1713,275,1,2
1713,276,1,2
1713,277,1,2
1713,278,1,2
1713,279,1,2
1713,280,1,2
1713,281,1,2
1713,282,1,2
1713,283,1,2
1713,284,1,2
1713,285,1,2
1713,286,1,2
1713,287,1,2
1713,288,1,2
1713,289,1,2
1713,290,1,2
1713,291,1,2
1713,292,1,2
1713,293,1,2
1713,294,1,2
1713,295,1,2
1713,296,1,2
1713,297,1,2
1713,298,1,2
1713,299,1,2
1713,300,1,2
1713,301,1,2
1713,302,1,2
1713,303,1,2
1713,304,1,2
1713,305,1,2
1713,306,1,2
1713,307,1,2
1713,308,1,2
1713,309,1,2
1713,310,1,2
1713,311,1,2
1713,312,1,2
1713,313,1,2
1713,314,1,2
1713,315,1,2
1713,316,1,2
1713,317,1,2
1713,318,1,2
1713,319,1,2
1713,320,1,2
1713,321,1,2
1713,322,1,2
1713,323,1,2
1713,324,1,2
1713,325,1,2
1713,326,1,2
1713,327,1,2
1713,328,1,2
1713,329,1,2
1713,330,1,2
1713,331,1,2
1713,332,1,2
1713,333,1,2
1713,334,1,2
1714,182,1,2
1714,183,1,2
1714,184,1,2
1714,185,1,2
1714,186,1,2
1714,187,1,2
1714,188,1,2
1714,189,1,2
1714,190,1,2
1714,191,1,2
1714,192,1,2
1714,193,1,2
1714,194,1,2
1714,195,1,2
1714,196,1,2
1714,197,1,2
1714,198,1,2
1714,199,1,2
1714,200,1,2
1714,201,1,2
1714,202,1,2
1714,203,1,2
1714,204,1,2
1714,205,1,2
1714,206,1,2
1714,207,1,2
1714,208,1,2
1714,209,1,2
1714,210,1,2
1714,211,1,2
1714,212,1,2
1714,213,1,3
1714,214,1,3
1714,215,1,3
1714,216,1,3
1714,217,1,3
1714,218,1,3
1714,219,1,3
1714,220,1,3
1714,221,1,3
1714,222,1,3
1714,223,1,3
1714,224,1,3
1714,225,1,3
1714,226,1,2
1714,227,1,2
1714,228,1,2
1714,229,1,2
1714,230,1,2
1714,231,1,2
1714,232,1,2
1714,233,1,2
1714,234,1,2
1714,235,1,2
1714,236,1,2
1714,237,1,2
1714,238,1,2
1714,239,1,2
1714,240,1,2
1714,241,1,2
1714,242,1,2
1714,243,1,2
1714,244,1,2
1714,245,1,2
1714,246,1,2
1714,247,1,2
1714,248,1,2
1714,249,1,2
1714,250,1,2
1714,251,1,2
1714,252,1,2
1714,253,1,2
1714,254,1,2
1714,255,1,2
1714,256,1,2
1714,257,1,2
1714,258,1,2
1714,259,1,2
1714,260,1,2
1714,261,1,2
1714,262,1,2
1714,263,1,2
1714,264,1,2
1714,265,1,2
1714,266,1,2
1714,267,1,2
1714,268,1,2
1714,269,1,2
1714,270,1,2
1714,271,1,2
1714,272,1,2
1714,273,1,2
1714,274,1,2
1714,275,1,2
1714,276,1,2
1714,277,1,2
1714,278,1,2
1714,279,1,2
1714,280,1,2
1714,281,1,2
1714,282,1,2
1714,283,1,2
1714,284,1,2
1714,285,1,2
1714,286,1,2
1714,287,1,2
1714,288,1,2
1714,289,1,2
1714,290,1,2
1714,291,1,2
1714,292,1,2
1714,293,1,2
1714,294,1,2
1714,295,1,2
1714,296,1,2
1714,297,1,2
1714,298,1,2
1714,299,1,2
1714,300,1,2
1714,301,1,2
1714,302,1,2
1714,303,1,2
1714,304,1,2
1714,305,1,2
1714,306,1,2
1714,307,1,2
1714,308,1,2
1714,309,1,2
1714,310,1,2
1714,311,1,2
1714,312,1,2
1714,313,1,2
1714,314,1,2
1714,315,1,2
1714,316,1,2
1714,317,1,2
1714,318,1,2
1714,319,1,2
1714,320,1,2
1714,321,1,2
1714,322,1,2
1714,323,1,2
1714,324,1,2
1714,325,1,2
1714,326,1,2
1714,327,1,2
1714,328,1,2
1714,329,1,2
1714,330,1,2
1714,331,1,2
1715,183,1,2
1715,184,1,2
1715,185,1,2
1715,186,1,2
1715,187,1,2
1715,188,1,2
1715,189,1,2
1715,190,1,2
1715,191,1,2
1715,192,1,2
1715,193,1,2
1715,194,1,2
1715,195,1,2
1715,196,1,2
1715,197,1,2
1715,198,1,2
1715,199,1,2
1715,200,1,2
1715,201,1,2
1715,202,1,2
1715,203,1,2
1715,204,1,2
1715,205,1,2
1715,206,1,2
1715,207,1,2
1715,208,1,2
1715,209,1,2
1715,210,1,2
1715,211,1,2
1715,212,1,2
1715,213,1,3
1715,214,1,3
1715,215,1,3
1715,216,1,3
1715,217,1,3
1715,218,1,3
1715,219,1,3
1715,220,1,3
1715,221,1,3
1715,222,1,3
1715,223,1,3
1715,224,1,3
1715,225,1,3
1715,226,1,3
1715,227,1,2
1715,228,1,2
1715,229,1,2
1715,230,1,2
1715,231,1,2
1715,232,1,2
1715,233,1,2
1715,234,1,2
1715,235,1,2
1715,236,1,2
1715,237,1,2
1715,238,1,2
1715,239,1,2
1715,240,1,2
1715,241,1,2
1715,242,1,2
1715,243,1,2
1715,244,1,2
1715,245,1,2
1715,246,1,2
1715,247,1,2
1715,248,1,2
1715,249,1,2
1715,250,1,2
1715,251,1,2
1715,252,1,2
1715,253,1,2
1715,254,1,2
1715,255,1,2
1715,256,1,2
1715,257,1,2
1715,258,1,2
1715,259,1,2
1715,260,1,2
1715,261,1,2
1715,262,1,2
1715,263,1,2
1715,264,1,2
1715,265,1,2
1715,266,1,2
1715,267,1,2
1715,268,1,2
1715,269,1,2
1715,270,1,2
1715,271,1,2
1715,272,1,2
1715,273,1,2
1715,274,1,2
1715,275,1,2
1715,276,1,2
1715,277,1,2
1715,278,1,2
1715,279,1,2
1715,280,1,2
1715,281,1,2
1715,282,1,2
1715,283,1,2
1715,284,1,2
1715,285,1,2
1715,286,1,2
1715,287,1,2
1715,288,1,2
1715,289,1,2
1715,290,1,2
1715,291,1,2
1715,292,1,2
1715,293,1,2
1715,294,1,2
1715,295,1,2
1715,296,1,2
1715,297,1,2
1715,298,1,2
1715,299,1,2
1715,300,1,2
1715,301,1,2
1715,302,1,2
1715,303,1,2
1715,304,1,2
1715,305,1,2
1715,306,1,2
1715,307,1,2
1715,308,1,2
1715,309,1,2
1715,310,1,2
1715,311,1,2
1715,312,1,2
1715,313,1,2
1715,314,1,2
1715,315,1,2
1715,316,1,2
1715,317,1,2
1715,318,1,2
1715,319,1,2
1715,320,1,2
1715,321,1,2
1715,322,1,2
1715,323,1,2
1715,324,1,2
1715,325,1,2
1715,326,1,2
1715,327,1,2
1715,328,1,2
1716,184,1,2
1716,185,1,2
1716,186,1,2
1716,187,1,2
1716,188,1,2
1716,189,1,2
1716,190,1,2
1716,191,1,2
1716,192,1,2
1716,193,1,2
1716,194,1,2
1716,195,1,2
1716,196,1,2
1716,197,1,2
1716,198,1,2
1716,199,1,2
1716,200,1,2
1716,201,1,2
1716,202,1,2
1716,203,1,2
1716,204,1,2
1716,205,1,2
1716,206,1,2
1716,207,1,2
1716,208,1,2
1716,209,1,2
1716,210,1,2
1716,211,1,2
1716,212,1,3
1716,213,1,3
1716,214,1,3
1716,215,1,3
1716,216,1,3
1716,217,1,3
1716,218,1,3
1716,219,1,3
1716,220,1,3
1716,221,1,3
1716,222,1,3
1716,223,1,3
1716,224,1,3
1716,225,1,3
1716,226,1,3
1716,227,1,3
1716,228,1,2
1716,229,1,2
1716,230,1,2
1716,231,1,2
1716,232,1,2
1716,233,1,2
1716,234,1,2
1716,235,1,2
1716,236,1,2
1716,237,1,2
1716,238,1,2
1716,239,1,2
1716,240,1,2
1716,241,1,2
1716,242,1,2
1716,243,1,2
1716,244,1,2
1716,245,1,2
1716,246,1,2
1716,247,1,2
1716,248,1,2
1716,249,1,2
1716,250,1,2
1716,251,1,2
1716,252,1,2
1716,253,1,2
1716,254,1,2
1716,255,1,2
1716,256,1,2
1716,257,1,2
1716,258,1,2
1716,259,1,2
1716,260,1,2
1716,261,1,2
1716,262,1,2
1716,263,1,2
1716,264,1,2
1716,265,1,2
1716,266,1,2
1716,267,1,2
1716,268,1,2
1716,269,1,2
1716,270,1,2
1716,271,1,2
1716,272,1,2
1716,273,1,2
1716,274,1,2
1716,275,1,2
1716,276,1,2
1716,277,1,2
1716,278,1,2
1716,279,1,2
1716,280,1,2
1716,281,1,2
1716,282,1,2
1716,283,1,2
1716,284,1,2
1716,285,1,2
1716,286,1,2
1716,287,1,2
1716,288,1,2
1716,289,1,2
1716,290,1,2
1716,291,1,2
1716,292,1,2
1716,293,1,2
1716,294,1,2
1716,295,1,2
1716,296,1,2
1716,297,1,2
1716,298,1,2
1716,299,1,2
1716,300,1,2
1716,301,1,2
1716,302,1,2
1716,303,1,2
1716,304,1,2
1716,305,1,2
1716,306,1,2
1716,307,1,2
1716,308,1,2
1716,309,1,2
1716,310,1,2
1716,311,1,2
1716,312,1,2
1716,313,1,2
1716,314,1,2
1716,315,1,2
1716,316,1,2
1716,317,1,2
1716,318,1,2
1716,319,1,2
1716,320,1,2
1716,321,1,2
1716,322,1,2
1716,323,1,2
1716,324,1,2
1716,325,1,2
1716,326,1,2
1717,187,1,2
1717,188,1,2
1717,189,1,2
1717,190,1,2
1717,191,1,2
1717,192,1,2
1717,193,1,2
1717,194,1,2
1717,195,1,2
1717,196,1,2
1717,197,1,2
1717,198,1,2
1717,199,1,2
1717,200,1,2
1717,201,1,2
1717,202,1,2
1717,203,1,2
1717,204,1,2
1717,205,1,2
1717,206,1,2
1717,207,1,2
1717,208,1,2
1717,209,1,2
1717,210,1,2
1717,211,1,2
1717,212,1,3
1717,213,1,3
1717,214,1,3
1717,215,1,3
1717,216,1,3
1717,217,1,3
1717,218,1,3
1717,219,1,3
1717,220,1,3
1717,221,1,3
1717,222,1,3
1717,223,1,3
1717,224,1,3
1717,225,1,3
1717,226,1,3
1717,227,1,3
1717,228,1,2
1717,229,1,2
1717,230,1,2
1717,231,1,2
1717,232,1,2
1717,233,1,2
1717,234,1,2
1717,235,1,2
1717,236,1,2
1717,237,1,2
1717,238,1,2
1717,239,1,2
1717,240,1,2
1717,241,1,2
1717,242,1,2
1717,243,1,2
1717,244,1,2
1717,245,1,2
1717,246,1,2
1717,247,1,2
1717,248,1,2
1717,249,1,2
1717,250,1,2
1717,251,1,2
1717,252,1,2
1717,253,1,2
1717,254,1,2
1717,255,1,2
1717,256,1,2
1717,257,1,2
1717,258,1,2
1717,259,1,2
1717,260,1,2
1717,261,1,2
1717,262,1,2
1717,263,1,2
1717,264,1,2
1717,265,1,2
1717,266,1,2
1717,267,1,2
1717,268,1,2
1717,269,1,2
1717,270,1,2
1717,271,1,2
1717,272,1,2
1717,273,1,2
1717,274,1,2
1717,275,1,2
1717,276,1,2
1717,277,1,2
1717,278,1,2
1717,279,1,2
1717,280,1,2
1717,281,1,2
1717,282,1,2
1717,283,1,2
1717,284,1,2
1717,285,1,2
1717,286,1,2
1717,287,1,2
1717,288,1,2
1717,289,1,2
1717,290,1,2
1717,291,1,2
1717,292,1,2
1717,293,1,2
1717,294,1,2
1717,295,1,2
1717,296,1,2
1717,297,1,2
1717,298,1,2
1717,299,1,2
1717,300,1,2
1717,301,1,2
1717,302,1,2
1717,303,1,2
1717,304,1,2
1717,305,1,2
1717,306,1,2
1717,307,1,2
1717,308,1,2
1717,309,1,2
1717,310,1,2
1717,311,1,2
1717,312,1,2
1717,313,1,2
1717,314,1,2
1717,315,1,2
1717,316,1,2
1717,317,1,2
1717,318,1,2
1717,319,1,2
1717,320,1,2
1717,321,1,2
1717,322,1,2
1717,323,1,2
1717,324,1,2
1717,325,1,2
1718,188,1,2
1718,189,1,2
1718,190,1,2
1718,191,1,2
1718,192,1,2
1718,193,1,2
1718,194,1,2
1718,195,1,2
1718,196,1,2
1718,197,1,2
1718,198,1,2
1718,199,1,2
1718,200,1,2
1718,201,1,2
1718,202,1,2
1718,203,1,2
1718,204,1,2
1718,205,1,2
1718,206,1,2
1718,207,1,2
1718,208,1,2
1718,209,1,2
1718,210,1,2
1718,211,1,2
1718,212,1,3
1718,213,1,3
1718,214,1,3
1718,215,1,3
1718,216,1,3
1718,217,1,3
1718,218,1,3
1718,219,1,3
1718,220,1,3
1718,221,1,3
1718,222,1,3
1718,223,1,3
1718,224,1,3
1718,225,1,3
1718,226,1,3
1718,227,1,3
1718,228,1,3
1718,229,1,2
1718,230,1,2
1718,231,1,2
1718,232,1,2
1718,233,1,2
1718,234,1,2
1718,235,1,2
1718,236,1,2
1718,237,1,2
1718,238,1,2
1718,239,1,2
1718,240,1,2
1718,241,1,2
1718,242,1,2
1718,243,1,2
1718,244,1,2
1718,245,1,2
1718,246,1,2
1718,247,1,2
1718,248,1,2
1718,249,1,2
1718,250,1,2
1718,251,1,2
1718,252,1,2
1718,253,1,2
1718,254,1,2
1718,255,1,2
1718,256,1,2
1718,257,1,2
1718,258,1,2
1718,259,1,2
1718,260,1,2
1718,261,1,2
1718,262,1,2
1718,263,1,2
1718,264,1,2
1718,265,1,2
1718,266,1,2
1718,267,1,2
1718,268,1,2
1718,269,1,2
1718,270,1,2
1718,271,1,2
1718,272,1,2
1718,273,1,2
1718,274,1,2
1718,275,1,2
1718,276,1,2
1718,277,1,2
1718,278,1,2
1718,279,1,2
1718,280,1,2
1718,281,1,2
1718,282,1,2
1718,283,1,2
1718,284,1,2
1718,285,1,2
1718,286,1,2
1718,287,1,2
1718,288,1,2
1718,289,1,2
1718,290,1,2
1718,291,1,2
1718,292,1,2
1718,293,1,2
1718,294,1,2
1718,295,1,2
1718,296,1,2
1718,297,1,2
1718,298,1,2
1718,299,1,2
1718,300,1,2
1718,301,1,2
1718,302,1,2
1718,303,1,2
1718,304,1,2
1718,305,1,2
1718,306,1,2
1718,307,1,2
1718,308,1,2
1718,309,1,2
1718,310,1,2
1718,311,1,2
1718,312,1,2
1718,313,1,2
1718,314,1,2
1718,315,1,2
1718,316,1,2
1718,317,1,2
1718,318,1,2
1718,319,1,2
1718,320,1,2
1718,321,1,2
1718,322,1,2
1718,323,1,2
1719,189,1,2
1719,190,1,2
1719,191,1,2
1719,192,1,2
1719,193,1,2
1719,194,1,2
1719,195,1,2
1719,196,1,2
1719,197,1,2
1719,198,1,2
1719,199,1,2
1719,200,1,2
1719,201,1,2
1719,202,1,2
1719,203,1,2
1719,204,1,2
1719,205,1,2
1719,206,1,2
1719,207,1,2
1719,208,1,2
1719,209,1,2
1719,210,1,2
1719,211,1,3
1719,212,1,3
1719,213,1,3
1719,214,1,3
1719,215,1,3
1719,216,1,3
1719,217,1,3
1719,218,1,3
1719,219,1,3
1719,220,1,3
1719,221,1,3
1719,222,1,3
1719,223,1,3
1719,224,1,3
1719,225,1,3
1719,226,1,3
1719,227,1,3
1719,228,1,3
1719,229,1,2
1719,230,1,2
1719,231,1,2
1719,232,1,2
1719,233,1,2
1719,234,1,2
1719,235,1,2
1719,236,1,2
1719,237,1,2
1719,238,1,2
1719,239,1,2
1719,240,1,2
1719,241,1,2
1719,242,1,2
1719,243,1,2
1719,244,1,2
1719,245,1,2
1719,246,1,2
1719,247,1,2
1719,248,1,2
1719,249,1,2
1719,250,1,2
1719,251,1,2
1719,252,1,2
1719,253,1,2
1719,254,1,2
1719,255,1,2
1719,256,1,2
1719,257,1,2
1719,258,1,2
1719,259,1,2
1719,260,1,2
1719,261,1,2
1719,262,1,2
1719,263,1,2
1719,264,1,2
1719,265,1,2
1719,266,1,2
1719,267,1,2
1719,268,1,2
1719,269,1,2
1719,270,1,2
1719,271,1,2
1719,272,1,2
1719,273,1,2
1719,274,1,2
1719,275,1,2
1719,276,1,2
1719,277,1,2
1719,278,1,2
1719,279,1,2
1719,280,1,2
1719,281,1,2
1719,282,1,2
1719,283,1,2
1719,284,1,2
1719,285,1,2
1719,286,1,2
1719,287,1,2
1719,288,1,2
1719,289,1,2
1719,290,1,2
1719,291,1,2
1719,292,1,2
1719,293,1,2
1719,294,1,2
1719,295,1,2
1719,296,1,2
1719,297,1,2
1719,298,1,2
1719,299,1,2
1719,300,1,2
1719,301,1,2
1719,302,1,2
1719,303,1,2
1719,304,1,2
1719,305,1,2
1719,306,1,2
1719,307,1,2
1719,308,1,2
1719,309,1,2
1719,310,1,2
1719,311,1,2
1719,312,1,2
1719,313,1,2
1719,314,1,2
1719,315,1,2
1719,316,1,2
1719,317,1,2
1719,318,1,2
1719,319,1,2
1719,320,1,2
1719,321,1,2
1719,322,1,2
1720,190,1,2
1720,191,1,2
1720,192,1,2
1720,193,1,2
1720,194,1,2
1720,195,1,2
1720,196,1,2
1720,197,1,2
1720,198,1,2
1720,199,1,2
1720,200,1,2
1720,201,1,2
1720,202,1,2
1720,203,1,2
1720,204,1,2
1720,205,1,2
1720,206,1,2
1720,207,1,2
1720,208,1,2
1720,209,1,2
1720,210,1,2
1720,211,1,3
1720,212,1,3
1720,213,1,3
1720,214,1,3
1720,215,1,3
1720,216,1,3
1720,217,1,3
1720,218,1,3
1720,219,1,3
1720,220,1,3
1720,221,1,3
1720,222,1,3
1720,223,1,3
1720,224,1,3
1720,225,1,3
1720,226,1,3
1720,227,1,3
1720,228,1,3
1720,229,1,3
1720,230,1,3
1720,231,1,2
1720,232,1,2
1720,233,1,2
1720,234,1,2
1720,235,1,2
1720,236,1,2
1720,237,1,2
1720,238,1,2
1720,239,1,2
1720,240,1,2
1720,241,1,2
1720,242,1,2
1720,243,1,2
1720,244,1,2
1720,245,1,2
1720,246,1,2
1720,247,1,2
1720,248,1,2
1720,249,1,2
1720,250,1,2
1720,251,1,2
1720,252,1,2
1720,253,1,2
1720,254,1,2
1720,255,1,2
1720,256,1,2
1720,257,1,2
1720,258,1,2
1720,259,1,2
1720,260,1,2
1720,261,1,2
1720,262,1,2
1720,263,1,2
1720,264,1,2
1720,265,1,2
1720,266,1,2
1720,267,1,2
1720,268,1,2
1720,269,1,2
1720,270,1,2
1720,271,1,2
1720,272,1,2
1720,273,1,2
1720,274,1,2
1720,275,1,2
1720,276,1,2
1720,277,1,2
1720,278,1,2
1720,279,1,2
1720,280,1,2
1720,281,1,2
1720,282,1,2
1720,283,1,2
1720,284,1,2
1720,285,1,2
1720,286,1,2
1720,287,1,2
1720,288,1,2
1720,289,1,2
1720,290,1,2
1720,291,1,2
1720,292,1,2
1720,293,1,2
1720,294,1,2
1720,295,1,2
1720,296,1,2
1720,297,1,2
1720,298,1,2
1720,299,1,2
1720,300,1,2
1720,301,1,2
1720,302,1,2
1720,303,1,2
1720,304,1,2
1720,305,1,2
1720,306,1,2
1720,307,1,2
1720,308,1,2
1720,309,1,2
1720,310,1,2
1720,311,1,2
1720,312,1,2
1720,313,1,2
1720,314,1,2
1720,315,1,2
1720,316,1,2
1720,317,1,2
1720,318,1,2
1720,319,1,2
1720,320,1,2
1720,321,1,2
1721,191,1,2
1721,192,1,2
1721,193,1,2
1721,194,1,2
1721,195,1,2
1721,196,1,2
1721,197,1,2
1721,198,1,2
1721,199,1,2
1721,200,1,2
1721,201,1,2
1721,202,1,2
1721,203,1,2
1721,204,1,2
1721,205,1,2
1721,206,1,2
1721,207,1,2
1721,208,1,2
1721,209,1,2
1721,210,1,2
1721,211,1,3
1721,212,1,3
1721,213,1,3
1721,214,1,3
1721,215,1,3
1721,216,1,3
1721,217,1,3
1721,218,1,3
1721,219,1,3
1721,220,1,3
1721,221,1,3
1721,222,1,3
1721,223,1,3
1721,224,1,3
1721,225,1,3
1721,226,1,3
1721,227,1,3
1721,228,1,3
1721,229,1,3
1721,230,1,3
1721,231,1,2
1721,232,1,2
1721,233,1,2
1721,234,1,2
1721,235,1,2
1721,236,1,2
1721,237,1,2
1721,238,1,2
1721,239,1,2
1721,240,1,2
1721,241,1,2
1721,242,1,2
1721,243,1,2
1721,244,1,2
1721,245,1,2
1721,246,1,2
1721,247,1,2
1721,248,1,2
1721,249,1,2
1721,250,1,2
1721,251,1,2
1721,252,1,2
1721,253,1,2
1721,254,1,2
1721,255,1,2
1721,256,1,2
1721,257,1,2
1721,258,1,2
1721,259,1,2
1721,260,1,2
1721,261,1,2
1721,262,1,2
1721,263,1,2
1721,264,1,2
1721,265,1,2
1721,266,1,2
1721,267,1,2
1721,268,1,2
1721,269,1,2
1721,270,1,2
1721,271,1,2
1721,272,1,2
1721,273,1,2
1721,274,1,2
1721,275,1,2
1721,276,1,2
1721,277,1,2
1721,278,1,2
1721,279,1,2
1721,280,1,2
1721,281,1,2
1721,282,1,2
1721,283,1,2
1721,284,1,2
1721,285,1,2
1721,286,1,2
1721,287,1,2
1721,288,1,2
1721,289,1,2
1721,290,1,2
1721,291,1,2
1721,292,1,2
1721,293,1,2
1721,294,1,2
1721,295,1,2
1721,296,1,2
1721,297,1,2
1721,298,1,2
1721,299,1,2
1721,300,1,2
1721,301,1,2
1721,302,1,2
1721,303,1,2
1721,304,1,2
1721,305,1,2
1721,306,1,2
1721,307,1,2
1721,308,1,2
1721,309,1,2
1721,310,1,2
1721,311,1,2
1721,312,1,2
1721,313,1,2
1721,314,1,2
1721,315,1,2
1721,316,1,2
1721,317,1,2
1721,318,1,2
1721,319,1,2
1722,193,1,2
1722,194,1,2
1722,195,1,2
1722,196,1,2
1722,197,1,2
1722,198,1,2
1722,199,1,2
1722,200,1,2
1722,201,1,2
1722,202,1,2
1722,203,1,2
1722,204,1,2
1722,205,1,2
1722,206,1,2
1722,207,1,2
1722,208,1,2
1722,209,1,2
1722,210,1,2
1722,211,1,2
1722,212,1,2
1722,213,1,3
1722,214,1,3
1722,215,1,3
1722,216,1,3
1722,217,1,3
1722,218,1,3
1722,219,1,3
1722,220,1,3
1722,221,1,3
1722,222,1,3
1722,223,1,3
1722,224,1,3
1722,225,1,3
1722,226,1,3
1722,227,1,3
1722,228,1,3
1722,229,1,3
1722,230,1,3
1722,231,1,3
1722,232,1,3
1722,233,1,2
1722,234,1,2
1722,235,1,2
1722,236,1,2
1722,237,1,2
1722,238,1,2
1722,239,1,2
1722,240,1,2
1722,241,1,2
1722,242,1,2
1722,243,1,2
1722,244,1,2
1722,245,1,2
1722,246,1,2
1722,247,1,2
1722,248,1,2
1722,249,1,2
1722,250,1,2
1722,251,1,2
1722,252,1,2
1722,253,1,2
1722,254,1,2
1722,255,1,2
1722,256,1,2
1722,257,1,2
1722,258,1,2
1722,259,1,2
1722,260,1,2
1722,261,1,2
1722,262,1,2
1722,263,1,2
1722,264,1,2
1722,265,1,2
1722,266,1,2
1722,267,1,2
1722,268,1,2
1722,269,1,2
1722,270,1,2
1722,271,1,2
1722,272,1,2
1722,273,1,2
1722,274,1,2
1722,275,1,2
1722,276,1,2
1722,277,1,2
1722,278,1,2
1722,279,1,2
1722,280,1,2
1722,281,1,2
1722,282,1,2
1722,283,1,2
1722,284,1,2
1722,285,1,2
1722,286,1,2
1722,287,1,2
1722,288,1,2
1722,289,1,2
1722,290,1,2
1722,291,1,2
1722,292,1,2
1722,293,1,2
1722,294,1,2
1722,295,1,2
1722,296,1,2
1722,297,1,2
1722,298,1,2
1722,299,1,2
1722,300,1,2
1722,301,1,2
1722,302,1,2
1722,303,1,2
1722,304,1,2
1722,305,1,2
1722,306,1,2
1722,307,1,2
1722,308,1,2
1722,309,1,2
1722,310,1,2
1722,311,1,2
1722,312,1,2
1722,313,1,2
1722,314,1,2
1722,315,1,2
1722,316,1,2
1722,317,1,2
1723,196,1,2
1723,197,1,2
1723,198,1,2
1723,199,1,2
1723,200,1,2
1723,201,1,2
1723,202,1,2
1723,203,1,2
1723,204,1,2
1723,205,1,2
1723,206,1,2
1723,207,1,2
1723,208,1,2
1723,209,1,2
1723,210,1,2
1723,211,1,2
1723,212,1,2
1723,213,1,2
1723,214,1,3
1723,215,1,3
1723,216,1,3
1723,217,1,3
1723,218,1,3
1723,219,1,3
1723,220,1,3
1723,221,1,3
1723,222,1,3
1723,223,1,3
1723,224,1,3
1723,225,1,3
1723,226,1,3
1723,227,1,3
1723,228,1,3
1723,229,1,3
1723,230,1,3
1723,231,1,3
1723,232,1,3
1723,233,1,2
1723,234,1,2
1723,235,1,2
1723,236,1,2
1723,237,1,2
1723,238,1,2
1723,239,1,2
1723,240,1,2
1723,241,1,2
1723,242,1,2
1723,243,1,2
1723,244,1,2
1723,245,1,2
1723,246,1,2
1723,247,1,2
1723,248,1,2
1723,249,1,2
1723,250,1,2
1723,251,1,2
1723,252,1,2
1723,253,1,2
1723,254,1,2
1723,255,1,2
1723,256,1,2
1723,257,1,2
1723,258,1,2
1723,259,1,2
1723,260,1,2
1723,261,1,2
1723,262,1,2
1723,263,1,2
1723,264,1,2
1723,265,1,2
1723,266,1,2
1723,267,1,2
1723,268,1,2
1723,269,1,2
1723,270,1,2
1723,271,1,2
1723,272,1,2
1723,273,1,2
1723,274,1,2
1723,275,1,2
1723,276,1,2
1723,277,1,2
1723,278,1,2
1723,279,1,2
1723,280,1,2
1723,281,1,2
1723,282,1,2
1723,283,1,2
1723,284,1,2
1723,285,1,2
1723,286,1,2
1723,287,1,2
1723,288,1,2
1723,289,1,2
1723,290,1,2
1723,291,1,2
1723,292,1,2
1723,293,1,2
1723,294,1,2
1723,295,1,2
1723,296,1,2
1723,297,1,2
1723,298,1,2
1723,299,1,2
1723,300,1,2
1723,301,1,2
1723,302,1,2
1723,303,1,2
1723,304,1,2
1723,305,1,2
1723,306,1,2
1723,307,1,2
1723,308,1,2
1723,309,1,2
1723,310,1,2
1723,311,1,2
1723,312,1,2
1723,313,1,2
1723,314,1,2
1724,197,1,2
1724,198,1,2
1724,199,1,2
1724,200,1,2
1724,201,1,2
1724,202,1,2
1724,203,1,2
1724,204,1,2
1724,205,1,2
1724,206,1,2
1724,207,1,2
1724,208,1,2
1724,209,1,2
1724,210,1,2
1724,211,1,2
1724,212,1,2
1724,213,1,2
1724,214,1,2
1724,215,1,3
1724,216,1,3
1724,217,1,3
1724,218,1,3
1724,219,1,3
1724,220,1,3
1724,221,1,3
1724,222,1,3
1724,223,1,3
1724,224,1,3
1724,225,1,3
1724,226,1,3
1724,227,1,3
1724,228,1,3
1724,229,1,3
1724,230,1,3
1724,231,1,3
1724,232,1,3
1724,233,1,3
1724,234,1,2
1724,235,1,2
1724,236,1,2
1724,237,1,2
1724,238,1,2
1724,239,1,2
1724,240,1,2
1724,241,1,2
1724,242,1,2
1724,243,1,2
1724,244,1,2
1724,245,1,2
1724,246,1,2
1724,247,1,2
1724,248,1,2
1724,249,1,2
1724,250,1,2
1724,251,1,2
1724,252,1,2
1724,253,1,2
1724,254,1,2
1724,255,1,2
1724,256,1,2
1724,257,1,2
1724,258,1,2
1724,259,1,2
1724,260,1,2
1724,261,1,2
1724,262,1,2
1724,263,1,2
1724,264,1,2
1724,265,1,2
1724,266,1,2
1724,267,1,2
1724,268,1,2
1724,269,1,2
1724,270,1,2
1724,271,1,2
1724,272,1,2
1724,273,1,2
1724,274,1,2
1724,275,1,2
1724,276,1,2
1724,277,1,2
1724,278,1,2
1724,279,1,2
1724,280,1,2
1724,281,1,2
1724,282,1,2
1724,283,1,2
1724,284,1,2
1724,285,1,2
1724,286,1,2
1724,287,1,2
1724,288,1,2
1724,289,1,2
1724,290,1,2
1724,291,1,2
1724,292,1,2
1724,293,1,2
1724,294,1,2
1724,295,1,2
1724,296,1,2
1724,297,1,2
1724,298,1,2
1724,299,1,2
1724,300,1,2
1724,301,1,2
1724,302,1,2
1724,303,1,2
1724,304,1,2
1724,305,1,2
1724,306,1,2
1724,307,1,2
1724,308,1,2
1724,309,1,2
1724,310,1,2
1724,311,1,2
1724,312,1,2
1725,199,1,2
1725,200,1,2
1725,201,1,2
1725,202,1,2
1725,203,1,2
1725,204,1,2
1725,205,1,2
1725,206,1,2
1725,207,1,2
1725,208,1,2
1725,209,1,2
1725,210,1,2
1725,211,1,2
1725,212,1,2
1725,213,1,2
1725,214,1,2
1725,215,1,2
1725,216,1,2
1725,217,1,3
1725,218,1,3
1725,219,1,3
1725,220,1,3
1725,221,1,3
1725,222,1,3
1725,223,1,3
1725,224,1,3
1725,225,1,3
1725,226,1,3
1725,227,1,3
1725,228,1,3
1725,229,1,3
1725,230,1,3
1725,231,1,3
1725,232,1,3
1725,233,1,3
1725,234,1,2
1725,235,1,2
1725,236,1,2
1725,237,1,2
1725,238,1,2
1725,239,1,2
1725,240,1,2
1725,241,1,2
1725,242,1,2
1725,243,1,2
1725,244,1,2
1725,245,1,2
1725,246,1,2
1725,247,1,2
1725,248,1,2
1725,249,1,2
1725,250,1,2
1725,251,1,2
1725,252,1,2
1725,253,1,2
1725,254,1,2
1725,255,1,2
1725,256,1,2
1725,257,1,2
1725,258,1,2
1725,259,1,2
1725,260,1,2
1725,261,1,2
1725,262,1,2
1725,263,1,2
1725,264,1,2
1725,265,1,2
1725,266,1,2
1725,267,1,2
1725,268,1,2
1725,269,1,2
1725,270,1,2
1725,271,1,2
1725,272,1,2
1725,273,1,2
1725,274,1,2
1725,275,1,2
1725,276,1,2
1725,277,1,2
1725,278,1,2
1725,279,1,2
1725,280,1,2
1725,281,1,2
1725,282,1,2
1725,283,1,2
1725,284,1,2
1725,285,1,2
1725,286,1,2
1725,287,1,2
1725,288,1,2
1725,289,1,2
1725,290,1,2
1725,291,1,2
1725,292,1,2
1725,293,1,2
1725,294,1,2
1725,295,1,2
1725,296,1,2
1725,297,1,2
1725,298,1,2
1725,299,1,2
1725,300,1,2
1725,301,1,2
1725,302,1,2
1725,303,1,2
1725,304,1,2
1725,305,1,2
1725,306,1,2
1725,307,1,2
1725,308,1,2
1725,309,1,2
1725,310,1,2
1726,201,1,2
1726,202,1,2
1726,203,1,2
1726,204,1,2
1726,205,1,2
1726,206,1,2
1726,207,1,2
1726,208,1,2
1726,209,1,2
1726,210,1,2
1726,211,1,2
1726,212,1,2
1726,213,1,2
1726,214,1,2
1726,215,1,2
1726,216,1,2
1726,217,1,2
1726,218,1,2
1726,219,1,3
1726,220,1,3
1726,221,1,3
1726,222,1,3
1726,223,1,3
1726,224,1,3
1726,225,1,3
1726,226,1,3
1726,227,1,3
1726,228,1,3
1726,229,1,3
1726,230,1,3
1726,231,1,3
1726,232,1,3
1726,233,1,3
1726,234,1,2
1726,235,1,2
1726,236,1,2
1726,237,1,2
1726,238,1,2
1726,239,1,2
1726,240,1,2
1726,241,1,2
1726,242,1,2
1726,243,1,2
1726,244,1,2
1726,245,1,2
1726,246,1,2
1726,247,1,2
1726,248,1,2
1726,249,1,2
1726,250,1,2
1726,251,1,2
1726,252,1,2
1726,253,1,2
1726,254,1,2
1726,255,1,2
1726,256,1,2
1726,257,1,2
1726,258,1,2
1726,259,1,2
1726,260,1,2
1726,261,1,2
1726,262,1,2
1726,263,1,2
1726,264,1,2
1726,265,1,2
1726,266,1,2
1726,267,1,2
1726,268,1,2
1726,269,1,2
1726,270,1,2
1726,271,1,2
1726,272,1,2
1726,273,1,2
1726,274,1,2
1726,275,1,2
1726,276,1,2
1726,277,1,2
1726,278,1,2
1726,279,1,2
1726,280,1,2
1726,281,1,2
1726,282,1,2
1726,283,1,2
1726,284,1,2
1726,285,1,2
1726,286,1,2
1726,287,1,2
1726,288,1,2
1726,289,1,2
1726,290,1,2
1726,291,1,2
1726,292,1,2
1726,293,1,2
1726,294,1,2
1726,295,1,2
1726,296,1,2
1726,297,1,2
1726,298,1,2
1726,299,1,2
1726,300,1,2
1726,301,1,2
1726,302,1,2
1726,303,1,2
1726,304,1,2
1726,305,1,2
1726,306,1,2
1726,307,1,2
1726,308,1,2
1727,205,1,2
1727,206,1,2
1727,207,1,2
1727,208,1,2
1727,209,1,2
1727,210,1,2
1727,211,1,2
1727,212,1,2
1727,213,1,2
1727,214,1,2
1727,215,1,2
1727,216,1,2
1727,217,1,2
1727,218,1,2
1727,219,1,3
1727,220,1,3
1727,221,1,3
1727,222,1,3
1727,223,1,3
1727,224,1,3
1727,225,1,3
1727,226,1,3
1727,227,1,3
1727,228,1,3
1727,229,1,3
1727,230,1,3
1727,231,1,3
1727,232,1,3
1727,233,1,2
1727,234,1,2
1727,235,1,2
1727,236,1,2
1727,237,1,2
1727,238,1,2
1727,239,1,2
1727,240,1,2
1727,241,1,2
1727,242,1,2
1727,243,1,2
1727,244,1,2
1727,245,1,2
1727,246,1,2
1727,247,1,2
1727,248,1,2
1727,249,1,2
1727,250,1,2
1727,251,1,2
1727,252,1,2
1727,253,1,2
1727,254,1,2
1727,255,1,2
1727,256,1,2
1727,257,1,2
1727,258,1,2
1727,259,1,2
1727,260,1,2
1727,261,1,2
1727,262,1,2
1727,263,1,2
1727,264,1,2
1727,265,1,2
1727,266,1,2
1727,267,1,2
1727,268,1,2
1727,269,1,2
1727,270,1,2
1727,271,1,2
1727,272,1,2
1727,273,1,2
1727,274,1,2
1727,275,1,2
1727,276,1,2
1727,277,1,2
1727,278,1,2
1727,279,1,2
1727,280,1,2
1727,281,1,2
1727,282,1,2
1727,283,1,2
1727,284,1,2
1727,285,1,2
1727,286,1,2
1727,287,1,2
1727,288,1,2
1727,289,1,2
1727,290,1,2
1727,291,1,2
1727,292,1,2
1727,293,1,2
1727,294,1,2
1727,295,1,2
1727,296,1,2
1727,297,1,2
1727,298,1,2
1727,299,1,2
1727,300,1,2
1727,301,1,2
1727,302,1,2
1727,303,1,2
1727,304,1,2
1727,305,1,2
1727,306,1,2
1728,209,1,2
1728,210,1,2
1728,211,1,2
1728,212,1,2
1728,213,1,2
1728,214,1,2
1728,215,1,2
1728,216,1,2
1728,217,1,2
1728,218,1,3
1728,219,1,3
1728,220,1,3
1728,221,1,3
1728,222,1,3
1728,223,1,3
1728,224,1,3
1728,225,1,3
1728,226,1,3
1728,227,1,3
1728,228,1,3
1728,229,1,3
1728,230,1,3
1728,231,1,3
1728,232,1,3
1728,233,1,2
1728,234,1,2
1728,235,1,2
1728,236,1,2
1728,237,1,2
1728,238,1,2
1728,239,1,2
1728,240,1,2
1728,241,1,2
1728,242,1,2
1728,243,1,2
1728,244,1,2
1728,245,1,2
1728,246,1,2
1728,247,1,2
1728,248,1,2
1728,249,1,2
1728,250,1,2
1728,251,1,2
1728,252,1,2
1728,253,1,2
1728,254,1,2
1728,255,1,2
1728,256,1,2
1728,257,1,2
1728,258,1,2
1728,259,1,2
1728,260,1,2
1728,261,1,2
1728,262,1,2
1728,263,1,2
1728,264,1,2
1728,265,1,2
1728,266,1,2
1728,267,1,2
1728,268,1,2
1728,269,1,2
1728,270,1,2
1728,271,1,2
1728,272,1,2
1728,273,1,2
1728,274,1,2
1728,275,1,2
1728,276,1,2
1728,277,1,2
1728,278,1,2
1728,279,1,2
1728,280,1,2
1728,281,1,2
1728,282,1,2
1728,283,1,2
1728,284,1,2
1728,285,1,2
1728,286,1,2
1728,287,1,2
1728,288,1,2
1728,289,1,2
1728,290,1,2
1728,291,1,2
1728,292,1,2
1728,293,1,2
1728,294,1,2
1728,295,1,2
1728,296,1,2
1728,297,1,2
1728,298,1,2
1728,299,1,2
1728,300,1,2
1728,301,1,2
1728,302,1,2
1728,303,1,2
1729,214,1,2
1729,215,1,2
1729,216,1,2
1729,217,1,3
1729,218,1,3
1729,219,1,3
1729,220,1,3
1729,221,1,3
1729,222,1,3
1729,223,1,2
1729,224,1,2
1729,225,1,3
1729,226,1,3
1729,227,1,3
1729,228,1,3
1729,229,1,3
1729,230,1,3
1729,231,1,3
1729,232,1,3
1729,233,1,2
1729,234,1,2
1729,235,1,2
1729,236,1,2
1729,237,1,2
1729,238,1,2
1729,239,1,2
1729,240,1,2
1729,241,1,2
1729,242,1,2
1729,243,1,2
1729,244,1,2
1729,245,1,2
1729,246,1,2
1729,247,1,2
1729,248,1,2
1729,249,1,2
1729,250,1,2
1729,251,1,2
1729,252,1,2
1729,253,1,2
1729,254,1,2
1729,255,1,2
1729,256,1,2
1729,257,1,2
1729,258,1,2
1729,259,1,2
1729,260,1,2
1729,261,1,2
1729,262,1,2
1729,263,1,2
1729,264,1,2
1729,265,1,2
1729,266,1,2
1729,267,1,2
1729,268,1,2
1729,269,1,2
1729,270,1,2
1729,271,1,2
1729,272,1,2
1729,273,1,2
1729,274,1,2
1729,275,1,2
1729,276,1,2
1729,277,1,2
1729,278,1,2
1729,279,1,2
1729,280,1,2
1729,281,1,2
1729,282,1,2
1729,283,1,2
1729,284,1,2
1729,285,1,2
1729,286,1,2
1729,287,1,2
1729,288,1,2
1729,289,1,2
1729,290,1,2
1729,291,1,2
1729,292,1,2
1729,293,1,2
1729,294,1,2
1729,295,1,2
1729,296,1,2
1729,297,1,2
1729,298,1,2
1729,299,1,2
1729,300,1,2
1729,301,1,2
1730,220,1,2
1730,221,1,2
1730,222,1,2
1730,223,1,3
1730,224,1,2
1730,225,1,2
1730,226,1,2
1730,227,1,3
1730,228,1,3
1730,229,1,3
1730,230,1,3
1730,231,1,2
1730,232,1,2
1730,233,1,2
1730,234,1,2
1730,235,1,2
1730,236,1,2
1730,237,1,2
1730,238,1,2
1730,239,1,2
1730,240,1,2
1730,241,1,2
1730,242,1,2
1730,243,1,2
1730,244,1,2
1730,245,1,2
1730,246,1,2
1730,247,1,2
1730,248,1,2
1730,249,1,2
1730,250,1,2
1730,251,1,2
1730,252,1,2
1730,253,1,2
1730,254,1,2
1730,255,1,2
1730,256,1,2
1730,257,1,2
1730,258,1,2
1730,259,1,2
1730,260,1,2
1730,261,1,2
1730,262,1,2
1730,263,1,2
1730,264,1,2
1730,265,1,2
1730,266,1,2
1730,267,1,2
1730,268,1,2
1730,269,1,2
1730,270,1,2
1730,271,1,2
1730,272,1,2
1730,273,1,2
1730,274,1,2
1730,275,1,2
1730,276,1,2
1730,277,1,2
1730,278,1,2
1730,279,1,2
1730,280,1,2
1730,281,1,2
1730,282,1,2
1730,283,1,2
1730,284,1,2
1730,285,1,2
1730,286,1,2
1730,287,1,2
1730,288,1,2
1730,289,1,2
1730,290,1,2
1730,291,1,2
1730,292,1,2
1730,293,1,2
1730,294,1,2
1730,295,1,2
1730,296,1,2
1730,297,1,2
1730,298,1,2
1731,222,1,2
1731,223,1,2
1731,224,1,2
1731,225,1,2
1731,226,1,2
1731,227,1,3
1731,228,1,2
1731,229,1,2
1731,230,1,2
1731,231,1,2
1731,232,1,2
1731,233,1,2
1731,234,1,2
1731,235,1,2
1731,236,1,2
1731,237,1,2
1731,238,1,2
1731,239,1,2
1731,240,1,2
1731,241,1,2
1731,242,1,2
1731,243,1,2
1731,244,1,2
1731,245,1,2
1731,246,1,2
1731,247,1,2
1731,248,1,2
1731,249,1,2
1731,250,1,2
1731,251,1,2
1731,252,1,2
1731,253,1,2
1731,254,1,2
1731,255,1,2
1731,256,1,2
1731,257,1,2
1731,258,1,2
1731,259,1,2
1731,260,1,2
1731,261,1,2
1731,262,1,2
1731,263,1,2
1731,264,1,2
1731,265,1,2
1731,266,1,2
1731,267,1,2
1731,268,1,2
1731,269,1,2
1731,270,1,2
1731,271,1,2
1731,272,1,2
1731,273,1,2
1731,274,1,2
1731,275,1,2
1731,276,1,2
1731,277,1,2
1731,278,1,2
1731,279,1,2
1731,280,1,2
1731,281,1,2
1731,282,1,2
1731,283,1,2
1731,284,1,2
1731,285,1,2
1731,286,1,2
1731,287,1,2
1731,288,1,2
1731,289,1,2
1731,290,1,2
1731,291,1,2
1731,292,1,2
1731,293,1,2
1731,294,1,2
1732,224,1,2
1732,225,1,2
1732,226,1,2
1732,227,1,2
1732,228,1,2
1732,229,1,2
1732,230,1,2
1732,231,1,2
1732,232,1,2
1732,233,1,2
1732,234,1,2
1732,235,1,2
1732,236,1,2
1732,237,1,2
1732,238,1,2
1732,239,1,2
1732,240,1,2
1732,241,1,2
1732,242,1,2
1732,243,1,2
1732,244,1,2
1732,245,1,2
1732,246,1,2
1732,247,1,2
1732,248,1,2
1732,249,1,2
1732,250,1,2
1732,251,1,2
1732,252,1,2
1732,253,1,2
1732,254,1,2
1732,255,1,2
1732,256,1,2
1732,257,1,2
1732,258,1,2
1732,259,1,2
1732,260,1,2
1732,261,1,2
1732,262,1,2
1732,263,1,2
1732,264,1,2
1732,265,1,2
1732,266,1,2
1732,267,1,2
1732,268,1,2
1732,269,1,2
1732,270,1,2
1732,271,1,2
1732,272,1,2
1732,273,1,2
1732,274,1,2
1732,275,1,2
1732,276,1,2
1732,277,1,2
1732,278,1,2
1732,279,1,2
1732,280,1,2
1732,281,1,2
1732,282,1,2
1732,283,1,2
1732,284,1,2
1732,285,1,2
1732,286,1,2
1732,287,1,2
1732,288,1,2
1732,289,1,2
1732,290,1,2
1732,291,1,2
1733,228,1,2
1733,229,1,2
1733,230,1,2
1733,231,1,2
1733,232,1,2
1733,233,1,2
1733,234,1,2
1733,235,1,2
1733,236,1,2
1733,237,1,2
1733,238,1,2
1733,239,1,2
1733,240,1,2
1733,241,1,2
1733,242,1,2
1733,243,1,2
1733,244,1,2
1733,245,1,2
1733,246,1,2
1733,247,1,2
1733,248,1,2
1733,249,1,2
1733,250,1,2
1733,251,1,2
1733,252,1,2
1733,253,1,2
1733,254,1,2
1733,255,1,2
1733,256,1,2
1733,257,1,2
1733,258,1,2
1733,259,1,2
1733,260,1,2
1733,261,1,2
1733,262,1,2
1733,263,1,2
1733,264,1,2
1733,265,1,2
1733,266,1,2
1733,267,1,2
1733,268,1,2
1733,269,1,2
1733,270,1,2
1733,271,1,2
1733,272,1,2
1733,273,1,2
1733,274,1,2
1733,275,1,2
1733,276,1,2
1733,277,1,2
1733,278,1,2
1733,279,1,2
1733,280,1,2
1733,281,1,2
1733,282,1,2
1733,283,1,2
1733,284,1,2
1733,285,1,2
1733,286,1,2
1733,287,1,2
1733,288,1,2
1734,229,1,2
1734,230,1,2
1734,231,1,2
1734,232,1,2
1734,233,1,2
1734,234,1,2
1734,235,1,2
1734,236,1,2
1734,237,1,2
1734,238,1,2
1734,239,1,2
1734,240,1,2
1734,241,1,2
1734,242,1,2
1734,243,1,2
1734,244,1,2
1734,245,1,2
1734,246,1,2
1734,247,1,2
1734,248,1,2
1734,249,1,2
1734,250,1,2
1734,251,1,2
1734,252,1,2
1734,253,1,2
1734,254,1,2
1734,255,1,2
1734,256,1,2
1734,257,1,2
1734,258,1,2
1734,259,1,2
1734,260,1,2
1734,261,1,2
1734,262,1,2
1734,263,1,2
1734,264,1,2
1734,265,1,2
1734,266,1,2
1734,267,1,2
1734,268,1,2
1734,269,1,2
1734,270,1,2
1734,271,1,2
1734,272,1,2
1734,273,1,2
1734,274,1,2
1734,275,1,2
1734,276,1,2
1734,277,1,2
1734,278,1,2
1734,279,1,2
1734,280,1,2
1734,281,1,2
1735,231,1,2
1735,232,1,2
1735,233,1,2
1735,234,1,2
1735,235,1,2
1735,236,1,2
1735,237,1,2
1735,238,1,2
1735,239,1,2
1735,240,1,2
1735,241,1,2
1735,242,1,2
1735,243,1,2
1735,244,1,2
1735,245,1,2
1735,246,1,2
1735,247,1,2
1735,248,1,2
1735,249,1,2
1735,250,1,2
1735,251,1,2
1735,252,1,2
1735,253,1,2
1735,254,1,2
1735,255,1,2
1735,256,1,2
1735,257,1,2
1735,258,1,2
1735,259,1,2
1735,260,1,2
1735,261,1,2
1735,262,1,2
1735,263,1,2
1735,264,1,2
1735,265,1,2
1735,266,1,2
1735,267,1,2
1735,268,1,2
1735,269,1,2
1735,270,1,2
1735,271,1,2
1735,272,1,2
1735,273,1,2
1735,274,1,2
1735,275,1,2
1735,276,1,2
1735,277,1,2
1736,233,1,2
1736,234,1,2
1736,235,1,2
1736,236,1,2
1736,237,1,2
1736,238,1,2
1736,239,1,2
1736,240,1,2
1736,241,1,2
1736,242,1,2
1736,243,1,2
1736,244,1,2
1736,245,1,2
1736,246,1,2
1736,247,1,2
1736,248,1,2
1736,249,1,2
1736,250,1,2
1736,251,1,2
1736,252,1,2
1736,253,1,2
1736,254,1,2
1736,255,1,2
1736,256,1,2
1736,257,1,2
1736,258,1,2
1736,259,1,2
1736,260,1,2
1736,261,1,2
1736,262,1,2
1736,263,1,2
1736,264,1,2
1736,265,1,2
1736,266,1,2
1736,267,1,2
1736,268,1,2
1737,236,1,2
1737,237,1,2
1737,238,1,2
1737,239,1,2
1737,240,1,2
1737,241,1,2
1737,242,1,2
1737,243,1,2
1737,244,1,2
1737,245,1,2
1737,246,1,2
1737,247,1,2
1737,248,1,2
1737,249,1,2
1737,250,1,2
1737,251,1,2
1737,252,1,2
1737,253,1,2
1737,254,1,2
1737,255,1,2
1737,256,1,2
1737,257,1,2
1737,258,1,2
1737,259,1,2
1737,260,1,2
1737,261,1,2
1737,262,1,2
1737,263,1,2
1737,264,1,2
1737,265,1,2
1738,238,1,2
1738,239,1,2
1738,240,1,2
1738,241,1,2
1738,242,1,2
1738,243,1,2
1738,244,1,2
1738,245,1,2
1738,246,1,2
1738,247,1,2
1738,248,1,2
1738,249,1,2
1738,250,1,2
1738,251,1,2
1738,252,1,2
1738,253,1,2
1738,254,1,2
1738,255,1,2
1738,256,1,2
1738,257,1,2
1738,258,1,2
1738,259,1,2
1738,260,1,2
1738,261,1,2
1739,247,1,2
1739,248,1,2
1739,249,1,2
1739,250,1,2
1739,251,1,2
1739,252,1,2
1739,253,1,2
1739,254,1,2
