1.620000000000000000e+02,3.040000000000000000e+02
1.630000000000000000e+02,3.040000000000000000e+02
1.620000000000000000e+02,3.040000000000000000e+02
