586,213,2,2
586,214,2,2
586,215,2,2
586,216,2,2
586,217,2,2
586,218,2,2
586,219,2,2
586,220,2,2
586,221,2,2
586,222,2,2
586,223,2,2
586,224,2,2
586,225,2,2
586,226,2,2
586,227,2,2
586,228,2,2
586,229,2,2
586,230,2,2
586,231,2,2
586,232,2,2
586,242,2,2
586,243,2,2
587,199,2,2
587,200,2,2
587,201,2,2
587,202,2,2
587,203,2,2
587,204,2,2
587,205,2,2
587,206,2,2
587,207,2,2
587,208,2,2
587,209,2,2
587,210,2,2
587,211,2,2
587,212,2,2
587,213,2,2
587,214,2,2
587,215,2,2
587,216,2,2
587,217,2,2
587,218,2,2
587,219,2,2
587,220,2,2
587,221,2,2
587,222,2,2
587,223,2,2
587,224,2,2
587,225,2,2
587,226,2,2
587,227,2,2
587,228,2,2
587,229,2,2
587,230,2,2
587,231,2,2
587,232,2,2
587,233,2,2
587,234,2,2
587,235,2,2
587,236,2,2
587,237,2,2
587,238,2,2
587,239,2,2
587,240,2,2
587,241,2,2
587,242,2,2
587,243,2,2
587,244,2,2
587,245,2,2
587,246,2,2
587,247,2,2
587,248,2,2
587,249,2,2
587,250,2,2
587,251,2,2
587,252,2,2
587,253,2,2
587,254,2,2
587,255,2,2
587,256,2,2
587,257,2,2
587,258,2,2
587,259,2,2
587,260,2,2
587,261,2,2
587,262,2,2
588,185,2,2
588,186,2,2
588,187,2,2
588,188,2,2
588,189,2,2
588,190,2,2
588,191,2,2
588,192,2,2
588,193,2,2
588,194,2,2
588,195,2,2
588,196,2,2
588,197,2,2
588,198,2,2
588,199,2,2
588,200,2,2
588,201,2,2
588,202,2,2
588,203,2,2
588,204,2,2
588,205,2,2
588,206,2,2
588,207,2,2
588,208,2,2
588,209,2,2
588,210,2,2
588,211,2,2
588,212,2,2
588,213,2,2
588,214,2,2
588,215,2,2
588,216,2,2
588,217,2,2
588,218,2,2
588,219,2,2
588,220,2,2
588,221,2,2
588,222,2,2
588,223,2,2
588,224,2,2
588,225,2,2
588,226,2,2
588,227,2,2
588,228,2,2
588,229,2,2
588,230,2,2
588,231,2,2
588,232,2,2
588,233,2,2
588,234,2,2
588,235,2,2
588,236,2,2
588,237,2,2
588,238,2,2
588,239,2,2
588,240,2,2
588,241,2,2
588,242,2,2
588,243,2,2
588,244,2,2
588,245,2,2
588,246,2,2
588,247,2,2
588,248,2,2
588,249,2,2
588,250,2,2
588,251,2,2
588,252,2,2
588,253,2,2
588,254,2,2
588,255,2,2
588,256,2,2
588,257,2,2
588,258,2,2
588,259,2,2
588,260,2,2
588,261,2,2
588,262,2,2
588,263,2,2
588,264,2,2
588,265,2,2
588,266,2,2
588,267,2,2
588,268,2,2
588,269,2,2
588,270,2,2
588,271,2,2
588,272,2,2
588,273,2,2
589,177,2,2
589,178,2,2
589,179,2,2
589,180,2,2
589,181,2,2
589,182,2,2
589,183,2,2
589,184,2,2
589,185,2,2
589,186,2,2
589,187,2,2
589,188,2,2
589,189,2,2
589,190,2,2
589,191,2,2
589,192,2,2
589,193,2,2
589,194,2,2
589,195,2,2
589,196,2,2
589,197,2,2
589,198,2,2
589,199,2,2
589,200,2,2
589,201,2,2
589,202,2,2
589,203,2,2
589,204,2,2
589,205,2,2
589,206,2,2
589,207,2,2
589,208,2,2
589,209,2,2
589,210,2,2
589,211,2,2
589,212,2,2
589,213,2,2
589,214,2,2
589,215,2,2
589,216,2,2
589,217,2,2
589,218,2,2
589,219,2,2
589,220,2,2
589,221,2,2
589,222,2,2
589,223,2,2
589,224,2,2
589,225,2,2
589,226,2,2
589,227,2,2
589,228,2,2
589,229,2,2
589,230,2,2
589,231,2,2
589,232,2,2
589,233,2,2
589,234,2,2
589,235,2,2
589,236,2,2
589,237,2,2
589,238,2,2
589,239,2,2
589,240,2,2
589,241,2,2
589,242,2,2
589,243,2,2
589,244,2,2
589,245,2,2
589,246,2,2
589,247,2,2
589,248,2,2
589,249,2,2
589,250,2,2
589,251,2,2
589,252,2,2
589,253,2,2
589,254,2,2
589,255,2,2
589,256,2,2
589,257,2,2
589,258,2,2
589,259,2,2
589,260,2,2
589,261,2,2
589,262,2,2
589,263,2,2
589,264,2,2
589,265,2,2
589,266,2,2
589,267,2,2
589,268,2,2
589,269,2,2
589,270,2,2
589,271,2,2
589,272,2,2
589,273,2,2
589,274,2,2
589,275,2,2
589,276,2,2
589,277,2,2
589,278,2,2
589,279,2,2
589,280,2,2
589,281,2,2
589,282,2,2
589,283,2,2
589,284,2,2
589,285,2,2
589,286,2,2
589,287,2,2
589,288,2,2
589,289,2,2
589,290,2,2
589,291,2,2
590,173,2,2
590,174,2,2
590,175,2,2
590,176,2,2
590,177,2,2
590,178,2,2
590,179,2,2
590,180,2,2
590,181,2,2
590,182,2,2
590,183,2,2
590,184,2,2
590,185,2,2
590,186,2,2
590,187,2,2
590,188,2,2
590,189,2,2
590,190,2,2
590,191,2,2
590,192,2,2
590,193,2,2
590,194,2,2
590,195,2,2
590,196,2,2
590,197,2,2
590,198,2,2
590,199,2,2
590,200,2,2
590,201,2,2
590,202,2,2
590,203,2,2
590,204,2,2
590,205,2,2
590,206,2,2
590,207,2,2
590,208,2,2
590,209,2,2
590,210,2,2
590,211,2,2
590,212,2,2
590,213,2,2
590,214,2,2
590,215,2,2
590,216,2,2
590,217,2,2
590,218,2,2
590,219,2,2
590,220,2,2
590,221,2,2
590,222,2,2
590,223,2,2
590,224,2,2
590,225,2,2
590,226,2,2
590,227,2,2
590,228,2,2
590,229,2,2
590,230,2,2
590,231,2,2
590,232,2,2
590,233,2,2
590,234,2,2
590,235,2,2
590,236,2,2
590,237,2,2
590,238,2,2
590,239,2,2
590,240,2,2
590,241,2,2
590,242,2,2
590,243,2,2
590,244,2,2
590,245,2,2
590,246,2,2
590,247,2,2
590,248,2,2
590,249,2,2
590,250,2,2
590,251,2,2
590,252,2,2
590,253,2,2
590,254,2,2
590,255,2,2
590,256,2,2
590,257,2,2
590,258,2,2
590,259,2,2
590,260,2,2
590,261,2,2
590,262,2,2
590,263,2,2
590,264,2,2
590,265,2,2
590,266,2,2
590,267,2,2
590,268,2,2
590,269,2,2
590,270,2,2
590,271,2,2
590,272,2,2
590,273,2,2
590,274,2,2
590,275,2,2
590,276,2,2
590,277,2,2
590,278,2,2
590,279,2,2
590,280,2,2
590,281,2,2
590,282,2,2
590,283,2,2
590,284,2,2
590,285,2,2
590,286,2,2
590,287,2,2
590,288,2,2
590,289,2,2
590,290,2,2
590,291,2,2
590,292,2,2
590,293,2,2
590,294,2,2
590,295,2,2
590,296,2,2
591,169,2,2
591,170,2,2
591,171,2,2
591,172,2,2
591,173,2,2
591,174,2,2
591,175,2,2
591,176,2,2
591,177,2,2
591,178,2,2
591,179,2,2
591,180,2,2
591,181,2,2
591,182,2,2
591,183,2,2
591,184,2,2
591,185,2,2
591,186,2,2
591,187,2,2
591,188,2,2
591,189,2,2
591,190,2,2
591,191,2,2
591,192,2,2
591,193,2,2
591,194,2,2
591,195,2,2
591,196,2,2
591,197,2,2
591,198,2,2
591,199,2,2
591,200,2,2
591,201,2,2
591,202,2,2
591,203,2,2
591,204,2,2
591,205,2,2
591,206,2,2
591,207,2,2
591,208,2,2
591,209,2,2
591,210,2,2
591,211,2,2
591,212,2,2
591,213,2,2
591,214,2,2
591,215,2,2
591,216,2,2
591,217,2,2
591,218,2,2
591,219,2,2
591,220,2,2
591,221,2,2
591,222,2,2
591,223,2,2
591,224,2,2
591,225,2,2
591,226,2,2
591,227,2,2
591,228,2,2
591,229,2,2
591,230,2,2
591,231,2,2
591,232,2,2
591,233,2,2
591,234,2,2
591,235,2,2
591,236,2,2
591,237,2,2
591,238,2,2
591,239,2,2
591,240,2,2
591,241,2,2
591,242,2,2
591,243,2,2
591,244,2,2
591,245,2,2
591,246,2,2
591,247,2,2
591,248,2,2
591,249,2,2
591,250,2,2
591,251,2,2
591,252,2,2
591,253,2,2
591,254,2,2
591,255,2,2
591,256,2,2
591,257,2,2
591,258,2,2
591,259,2,2
591,260,2,2
591,261,2,2
591,262,2,2
591,263,2,2
591,264,2,2
591,265,2,2
591,266,2,2
591,267,2,2
591,268,2,2
591,269,2,2
591,270,2,2
591,271,2,2
591,272,2,2
591,273,2,2
591,274,2,2
591,275,2,2
591,276,2,2
591,277,2,2
591,278,2,2
591,279,2,2
591,280,2,2
591,281,2,2
591,282,2,2
591,283,2,2
591,284,2,2
591,285,2,2
591,286,2,2
591,287,2,2
591,288,2,2
591,289,2,2
591,290,2,2
591,291,2,2
591,292,2,2
591,293,2,2
591,294,2,2
591,295,2,2
591,296,2,2
591,297,2,2
591,298,2,2
591,299,2,2
591,300,2,2
592,167,2,2
592,168,2,2
592,169,2,2
592,170,2,2
592,171,2,2
592,172,2,2
592,173,2,2
592,174,2,2
592,175,2,2
592,176,2,2
592,177,2,2
592,178,2,2
592,179,2,2
592,180,2,2
592,181,2,2
592,182,2,2
592,183,2,2
592,184,2,2
592,185,2,2
592,186,2,2
592,187,2,2
592,188,2,2
592,189,2,2
592,190,2,2
592,191,2,2
592,192,2,2
592,193,2,2
592,194,2,2
592,195,2,2
592,196,2,2
592,197,2,2
592,198,2,2
592,199,2,2
592,200,2,2
592,201,2,2
592,202,2,2
592,203,2,2
592,204,2,2
592,205,2,2
592,206,2,2
592,207,2,2
592,208,2,2
592,209,2,2
592,210,2,2
592,211,2,2
592,212,2,2
592,213,2,2
592,214,2,2
592,215,2,2
592,216,2,2
592,217,2,2
592,218,2,2
592,219,2,2
592,220,2,2
592,221,2,2
592,222,2,2
592,223,2,2
592,224,2,2
592,225,2,2
592,226,2,2
592,227,2,2
592,228,2,2
592,229,2,2
592,230,2,2
592,231,2,2
592,232,2,2
592,233,2,2
592,234,2,2
592,235,2,2
592,236,2,2
592,237,2,2
592,238,2,2
592,239,2,2
592,240,2,2
592,241,2,2
592,242,2,2
592,243,2,2
592,244,2,2
592,245,2,2
592,246,2,2
592,247,2,2
592,248,2,2
592,249,2,2
592,250,2,2
592,251,2,2
592,252,2,2
592,253,2,2
592,254,2,2
592,255,2,2
592,256,2,2
592,257,2,2
592,258,2,2
592,259,2,2
592,260,2,2
592,261,2,2
592,262,2,2
592,263,2,2
592,264,2,2
592,265,2,2
592,266,2,2
592,267,2,2
592,268,2,2
592,269,2,2
592,270,2,2
592,271,2,2
592,272,2,2
592,273,2,2
592,274,2,2
592,275,2,2
592,276,2,2
592,277,2,2
592,278,2,2
592,279,2,2
592,280,2,2
592,281,2,2
592,282,2,2
592,283,2,2
592,284,2,2
592,285,2,2
592,286,2,2
592,287,2,2
592,288,2,2
592,289,2,2
592,290,2,2
592,291,2,2
592,292,2,2
592,293,2,2
592,294,2,2
592,295,2,2
592,296,2,2
592,297,2,2
592,298,2,2
592,299,2,2
592,300,2,2
592,301,2,2
592,302,2,2
592,303,2,2
592,304,2,2
593,163,2,2
593,164,2,2
593,165,2,2
593,166,2,2
593,167,2,2
593,168,2,2
593,169,2,2
593,170,2,2
593,171,2,2
593,172,2,2
593,173,2,2
593,174,2,2
593,175,2,2
593,176,2,2
593,177,2,2
593,178,2,2
593,179,2,2
593,180,2,2
593,181,2,2
593,182,2,2
593,183,2,2
593,184,2,2
593,185,2,2
593,186,2,2
593,187,2,2
593,188,2,2
593,189,2,2
593,190,2,2
593,191,2,2
593,192,2,2
593,193,2,2
593,194,2,2
593,195,2,2
593,196,2,2
593,197,2,2
593,198,2,2
593,199,2,2
593,200,2,2
593,201,2,2
593,202,2,2
593,203,2,2
593,204,2,2
593,205,2,2
593,206,2,2
593,207,2,2
593,208,2,2
593,209,2,2
593,210,2,2
593,211,2,2
593,212,2,2
593,213,2,2
593,214,2,2
593,215,2,2
593,216,2,2
593,217,2,2
593,218,2,2
593,219,2,2
593,220,2,2
593,221,2,2
593,222,2,2
593,223,2,2
593,224,2,2
593,225,2,2
593,226,2,2
593,227,2,2
593,228,2,2
593,229,2,2
593,230,2,2
593,231,2,2
593,232,2,2
593,233,2,2
593,234,2,2
593,235,2,2
593,236,2,2
593,237,2,2
593,238,2,2
593,239,2,2
593,240,2,2
593,241,2,2
593,242,2,2
593,243,2,2
593,244,2,2
593,245,2,2
593,246,2,2
593,247,2,2
593,248,2,2
593,249,2,2
593,250,2,2
593,251,2,2
593,252,2,2
593,253,2,2
593,254,2,2
593,255,2,2
593,256,2,2
593,257,2,2
593,258,2,2
593,259,2,2
593,260,2,2
593,261,2,2
593,262,2,2
593,263,2,2
593,264,2,2
593,265,2,2
593,266,2,2
593,267,2,2
593,268,2,2
593,269,2,2
593,270,2,2
593,271,2,2
593,272,2,2
593,273,2,2
593,274,2,2
593,275,2,2
593,276,2,2
593,277,2,2
593,278,2,2
593,279,2,2
593,280,2,2
593,281,2,2
593,282,2,2
593,283,2,2
593,284,2,2
593,285,2,2
593,286,2,2
593,287,2,2
593,288,2,2
593,289,2,2
593,290,2,2
593,291,2,2
593,292,2,2
593,293,2,2
593,294,2,2
593,295,2,2
593,296,2,2
593,297,2,2
593,298,2,2
593,299,2,2
593,300,2,2
593,301,2,2
593,302,2,2
593,303,2,2
593,304,2,2
593,305,2,2
593,306,2,2
593,307,2,2
593,308,2,2
593,309,2,2
594,157,2,2
594,158,2,2
594,159,2,2
594,160,2,2
594,161,2,2
594,162,2,2
594,163,2,2
594,164,2,2
594,165,2,2
594,166,2,2
594,167,2,2
594,168,2,2
594,169,2,2
594,170,2,2
594,171,2,2
594,172,2,2
594,173,2,2
594,174,2,2
594,175,2,2
594,176,2,2
594,177,2,2
594,178,2,2
594,179,2,2
594,180,2,2
594,181,2,2
594,182,2,2
594,183,2,2
594,184,2,2
594,185,2,2
594,186,2,2
594,187,2,2
594,188,2,2
594,189,2,2
594,190,2,2
594,191,2,2
594,192,2,2
594,193,2,2
594,194,2,2
594,195,2,2
594,196,2,2
594,197,2,2
594,198,2,2
594,199,2,2
594,200,2,2
594,201,2,2
594,202,2,2
594,203,2,2
594,204,2,2
594,205,2,2
594,206,2,2
594,207,2,2
594,208,2,2
594,209,2,2
594,210,2,2
594,211,2,2
594,212,2,2
594,213,2,2
594,214,2,2
594,215,2,2
594,216,2,2
594,217,2,2
594,218,2,2
594,219,2,2
594,220,2,2
594,221,2,2
594,222,2,2
594,223,2,2
594,224,2,2
594,225,2,2
594,226,2,2
594,227,2,2
594,228,2,2
594,229,2,2
594,230,2,2
594,231,2,2
594,232,2,2
594,233,2,2
594,234,2,2
594,235,2,2
594,236,2,2
594,237,2,2
594,238,2,2
594,239,2,2
594,240,2,2
594,241,2,2
594,242,2,2
594,243,2,2
594,244,2,2
594,245,2,2
594,246,2,2
594,247,2,2
594,248,2,2
594,249,2,2
594,250,2,2
594,251,2,2
594,252,2,2
594,253,2,2
594,254,2,2
594,255,2,2
594,256,2,2
594,257,2,2
594,258,2,2
594,259,2,2
594,260,2,2
594,261,2,2
594,262,2,2
594,263,2,2
594,264,2,2
594,265,2,2
594,266,2,2
594,267,2,2
594,268,2,2
594,269,2,2
594,270,2,2
594,271,2,2
594,272,2,2
594,273,2,2
594,274,2,2
594,275,2,2
594,276,2,2
594,277,2,2
594,278,2,2
594,279,2,2
594,280,2,2
594,281,2,2
594,282,2,2
594,283,2,2
594,284,2,2
594,285,2,2
594,286,2,2
594,287,2,2
594,288,2,2
594,289,2,2
594,290,2,2
594,291,2,2
594,292,2,2
594,293,2,2
594,294,2,2
594,295,2,2
594,296,2,2
594,297,2,2
594,298,2,2
594,299,2,2
594,300,2,2
594,301,2,2
594,302,2,2
594,303,2,2
594,304,2,2
594,305,2,2
594,306,2,2
594,307,2,2
594,308,2,2
594,309,2,2
594,310,2,2
594,311,2,2
594,312,2,2
595,153,2,2
595,154,2,2
595,155,2,2
595,156,2,2
595,157,2,2
595,158,2,2
595,159,2,2
595,160,2,2
595,161,2,2
595,162,2,2
595,163,2,2
595,164,2,2
595,165,2,2
595,166,2,2
595,167,2,2
595,168,2,2
595,169,2,2
595,170,2,2
595,171,2,2
595,172,2,2
595,173,2,2
595,174,2,2
595,175,2,2
595,176,2,2
595,177,2,2
595,178,2,2
595,179,2,2
595,180,2,2
595,181,2,2
595,182,2,2
595,183,2,2
595,184,2,2
595,185,2,2
595,186,2,2
595,187,2,2
595,188,2,2
595,189,2,2
595,190,2,2
595,191,2,2
595,192,2,2
595,193,2,2
595,194,2,2
595,195,2,2
595,196,2,2
595,197,2,2
595,198,2,2
595,199,2,2
595,200,2,2
595,201,2,2
595,202,2,2
595,203,2,2
595,204,2,2
595,205,2,2
595,206,2,2
595,207,2,2
595,208,2,2
595,209,2,2
595,210,2,2
595,211,2,2
595,212,2,2
595,213,2,2
595,214,2,2
595,215,2,2
595,216,2,2
595,217,2,2
595,218,2,2
595,219,2,2
595,220,2,2
595,221,2,2
595,222,2,2
595,223,2,2
595,224,2,2
595,225,2,2
595,226,2,2
595,227,2,2
595,228,2,2
595,229,2,2
595,230,2,2
595,231,2,2
595,232,2,2
595,233,2,2
595,234,2,2
595,235,2,2
595,236,2,2
595,237,2,2
595,238,2,2
595,239,2,2
595,240,2,2
595,241,2,2
595,242,2,2
595,243,2,2
595,244,2,2
595,245,2,2
595,246,2,2
595,247,2,2
595,248,2,2
595,249,2,2
595,250,2,2
595,251,2,2
595,252,2,2
595,253,2,2
595,254,2,2
595,255,2,2
595,256,2,2
595,257,2,2
595,258,2,2
595,259,2,2
595,260,2,2
595,261,2,2
595,262,2,2
595,263,2,2
595,264,2,2
595,265,2,2
595,266,2,2
595,267,2,2
595,268,2,2
595,269,2,2
595,270,2,2
595,271,2,2
595,272,2,2
595,273,2,2
595,274,2,2
595,275,2,2
595,276,2,2
595,277,2,2
595,278,2,2
595,279,2,2
595,280,2,2
595,281,2,2
595,282,2,2
595,283,2,2
595,284,2,2
595,285,2,2
595,286,2,2
595,287,2,2
595,288,2,2
595,289,2,2
595,290,2,2
595,291,2,2
595,292,2,2
595,293,2,2
595,294,2,2
595,295,2,2
595,296,2,2
595,297,2,2
595,298,2,2
595,299,2,2
595,300,2,2
595,301,2,2
595,302,2,2
595,303,2,2
595,304,2,2
595,305,2,2
595,306,2,2
595,307,2,2
595,308,2,2
595,309,2,2
595,310,2,2
595,311,2,2
595,312,2,2
595,313,2,2
595,314,2,2
595,315,2,2
595,316,2,2
596,150,2,2
596,151,2,2
596,152,2,2
596,153,2,2
596,154,2,2
596,155,2,2
596,156,2,2
596,157,2,2
596,158,2,2
596,159,2,2
596,160,2,2
596,161,2,2
596,162,2,2
596,163,2,2
596,164,2,2
596,165,2,2
596,166,2,2
596,167,2,2
596,168,2,2
596,169,2,2
596,170,2,2
596,171,2,2
596,172,2,2
596,173,2,2
596,174,2,2
596,175,2,2
596,176,2,2
596,177,2,2
596,178,2,2
596,179,2,2
596,180,2,2
596,181,2,2
596,182,2,2
596,183,2,2
596,184,2,2
596,185,2,2
596,186,2,2
596,187,2,2
596,188,2,2
596,189,2,2
596,190,2,2
596,191,2,2
596,192,2,2
596,193,2,2
596,194,2,2
596,195,2,2
596,196,2,2
596,197,2,2
596,198,2,2
596,199,2,2
596,200,2,2
596,201,2,2
596,202,2,2
596,203,2,2
596,204,2,2
596,205,2,2
596,206,2,2
596,207,2,2
596,208,2,2
596,209,2,2
596,210,2,2
596,211,2,2
596,212,2,2
596,213,2,2
596,214,2,2
596,215,2,2
596,216,2,2
596,217,2,2
596,218,2,2
596,219,2,2
596,220,2,2
596,221,2,2
596,222,2,2
596,223,2,2
596,224,2,2
596,225,2,2
596,226,2,2
596,227,2,2
596,228,2,2
596,229,2,2
596,230,2,2
596,231,2,2
596,232,2,2
596,233,2,2
596,234,2,2
596,235,2,2
596,236,2,2
596,237,2,2
596,238,2,2
596,239,2,2
596,240,2,2
596,241,2,2
596,242,2,2
596,243,2,2
596,244,2,2
596,245,2,2
596,246,2,2
596,247,2,2
596,248,2,2
596,249,2,2
596,250,2,2
596,251,2,2
596,252,2,2
596,253,2,2
596,254,2,2
596,255,2,2
596,256,2,2
596,257,2,2
596,258,2,2
596,259,2,2
596,260,2,2
596,261,2,2
596,262,2,2
596,263,2,2
596,264,2,2
596,265,2,2
596,266,2,2
596,267,2,2
596,268,2,2
596,269,2,2
596,270,2,2
596,271,2,2
596,272,2,2
596,273,2,2
596,274,2,2
596,275,2,2
596,276,2,2
596,277,2,2
596,278,2,2
596,279,2,2
596,280,2,2
596,281,2,2
596,282,2,2
596,283,2,2
596,284,2,2
596,285,2,2
596,286,2,2
596,287,2,2
596,288,2,2
596,289,2,2
596,290,2,2
596,291,2,2
596,292,2,2
596,293,2,2
596,294,2,2
596,295,2,2
596,296,2,2
596,297,2,2
596,298,2,2
596,299,2,2
596,300,2,2
596,301,2,2
596,302,2,2
596,303,2,2
596,304,2,2
596,305,2,2
596,306,2,2
596,307,2,2
596,308,2,2
596,309,2,2
596,310,2,2
596,311,2,2
596,312,2,2
596,313,2,2
596,314,2,2
596,315,2,2
596,316,2,2
596,317,2,2
596,318,2,2
596,319,2,2
596,320,2,2
596,321,2,2
596,322,2,2
597,148,2,2
597,149,2,2
597,150,2,2
597,151,2,2
597,152,2,2
597,153,2,2
597,154,2,2
597,155,2,2
597,156,2,2
597,157,2,2
597,158,2,2
597,159,2,2
597,160,2,2
597,161,2,2
597,162,2,2
597,163,2,2
597,164,2,2
597,165,2,2
597,166,2,2
597,167,2,2
597,168,2,2
597,169,2,2
597,170,2,2
597,171,2,2
597,172,2,2
597,173,2,2
597,174,2,2
597,175,2,2
597,176,2,2
597,177,2,2
597,178,2,2
597,179,2,2
597,180,2,2
597,181,2,2
597,182,2,2
597,183,2,2
597,184,2,2
597,185,2,2
597,186,2,2
597,187,2,2
597,188,2,2
597,189,2,2
597,190,2,2
597,191,2,2
597,192,2,2
597,193,2,2
597,194,2,2
597,195,2,2
597,196,2,2
597,197,2,2
597,198,2,2
597,199,2,2
597,200,2,2
597,201,2,2
597,202,2,2
597,203,2,2
597,204,2,2
597,205,2,2
597,206,2,2
597,207,2,2
597,208,2,2
597,209,2,2
597,210,2,2
597,211,2,2
597,212,2,2
597,213,2,2
597,214,2,2
597,215,2,2
597,216,2,2
597,217,2,2
597,218,2,2
597,219,2,2
597,220,2,2
597,221,2,2
597,222,2,2
597,223,2,2
597,224,2,2
597,225,2,2
597,226,2,2
597,227,2,2
597,228,2,2
597,229,2,2
597,230,2,2
597,231,2,2
597,232,2,2
597,233,2,2
597,234,2,2
597,235,2,2
597,236,2,2
597,237,2,2
597,238,2,2
597,239,2,2
597,240,2,2
597,241,2,2
597,242,2,2
597,243,2,2
597,244,2,2
597,245,2,2
597,246,2,2
597,247,2,2
597,248,2,2
597,249,2,2
597,250,2,2
597,251,2,2
597,252,2,2
597,253,2,2
597,254,2,2
597,255,2,2
597,256,2,2
597,257,2,2
597,258,2,2
597,259,2,2
597,260,2,2
597,261,2,2
597,262,2,2
597,263,2,2
597,264,2,2
597,265,2,2
597,266,2,2
597,267,2,2
597,268,2,2
597,269,2,2
597,270,2,2
597,271,2,2
597,272,2,2
597,273,2,2
597,274,2,2
597,275,2,2
597,276,2,2
597,277,2,2
597,278,2,2
597,279,2,2
597,280,2,2
597,281,2,2
597,282,2,2
597,283,2,2
597,284,2,2
597,285,2,2
597,286,2,2
597,287,2,2
597,288,2,2
597,289,2,2
597,290,2,2
597,291,2,2
597,292,2,2
597,293,2,2
597,294,2,2
597,295,2,2
597,296,2,2
597,297,2,2
597,298,2,2
597,299,2,2
597,300,2,2
597,301,2,2
597,302,2,2
597,303,2,2
597,304,2,2
597,305,2,2
597,306,2,2
597,307,2,2
597,308,2,2
597,309,2,2
597,310,2,2
597,311,2,2
597,312,2,2
597,313,2,2
597,314,2,2
597,315,2,2
597,316,2,2
597,317,2,2
597,318,2,2
597,319,2,2
597,320,2,2
597,321,2,2
597,322,2,2
597,323,2,2
597,324,2,2
597,325,2,2
598,144,2,2
598,145,2,2
598,146,2,2
598,147,2,2
598,148,2,2
598,149,2,2
598,150,2,2
598,151,2,2
598,152,2,2
598,153,2,2
598,154,2,2
598,155,2,2
598,156,2,2
598,157,2,2
598,158,2,2
598,159,2,2
598,160,2,2
598,161,2,2
598,162,2,2
598,163,2,2
598,164,2,2
598,165,2,2
598,166,2,2
598,167,2,2
598,168,2,2
598,169,2,2
598,170,2,2
598,171,2,2
598,172,2,2
598,173,2,2
598,174,2,2
598,175,2,2
598,176,2,2
598,177,2,2
598,178,2,2
598,179,2,2
598,180,2,2
598,181,2,2
598,182,2,2
598,183,2,2
598,184,2,2
598,185,2,2
598,186,2,2
598,187,2,2
598,188,2,2
598,189,2,2
598,190,2,2
598,191,2,2
598,192,2,2
598,193,2,2
598,194,2,2
598,195,2,2
598,196,2,2
598,197,2,2
598,198,2,2
598,199,2,2
598,200,2,2
598,201,2,2
598,202,2,2
598,203,2,2
598,204,2,2
598,205,2,2
598,206,2,2
598,207,2,2
598,208,2,2
598,209,2,2
598,210,2,2
598,211,2,2
598,212,2,2
598,213,2,2
598,214,2,2
598,215,2,2
598,216,2,2
598,217,2,2
598,218,2,2
598,219,2,2
598,220,2,2
598,221,2,2
598,222,2,2
598,223,2,2
598,224,2,2
598,225,2,2
598,226,2,2
598,227,2,2
598,228,2,2
598,229,2,2
598,230,2,2
598,231,2,2
598,232,2,2
598,233,2,2
598,234,2,2
598,235,2,2
598,236,2,2
598,237,2,2
598,238,2,2
598,239,2,2
598,240,2,2
598,241,2,2
598,242,2,2
598,243,2,2
598,244,2,2
598,245,2,2
598,246,2,2
598,247,2,2
598,248,2,2
598,249,2,2
598,250,2,2
598,251,2,2
598,252,2,2
598,253,2,2
598,254,2,2
598,255,2,2
598,256,2,2
598,257,2,2
598,258,2,2
598,259,2,2
598,260,2,2
598,261,2,2
598,262,2,2
598,263,2,2
598,264,2,2
598,265,2,2
598,266,2,2
598,267,2,2
598,268,2,2
598,269,2,2
598,270,2,2
598,271,2,2
598,272,2,2
598,273,2,2
598,274,2,2
598,275,2,2
598,276,2,2
598,277,2,2
598,278,2,2
598,279,2,2
598,280,2,2
598,281,2,2
598,282,2,2
598,283,2,2
598,284,2,2
598,285,2,2
598,286,2,2
598,287,2,2
598,288,2,2
598,289,2,2
598,290,2,2
598,291,2,2
598,292,2,2
598,293,2,2
598,294,2,2
598,295,2,2
598,296,2,2
598,297,2,2
598,298,2,2
598,299,2,2
598,300,2,2
598,301,2,2
598,302,2,2
598,303,2,2
598,304,2,2
598,305,2,2
598,306,2,2
598,307,2,2
598,308,2,2
598,309,2,2
598,310,2,2
598,311,2,2
598,312,2,2
598,313,2,2
598,314,2,2
598,315,2,2
598,316,2,2
598,317,2,2
598,318,2,2
598,319,2,2
598,320,2,2
598,321,2,2
598,322,2,2
598,323,2,2
598,324,2,2
598,325,2,2
598,326,2,2
598,327,2,2
598,328,2,2
599,141,2,2
599,142,2,2
599,143,2,2
599,144,2,2
599,145,2,2
599,146,2,2
599,147,2,2
599,148,2,2
599,149,2,2
599,150,2,2
599,151,2,2
599,152,2,2
599,153,2,2
599,154,2,2
599,155,2,2
599,156,2,2
599,157,2,2
599,158,2,2
599,159,2,2
599,160,2,2
599,161,2,2
599,162,2,2
599,163,2,2
599,164,2,2
599,165,2,2
599,166,2,2
599,167,2,2
599,168,2,2
599,169,2,2
599,170,2,2
599,171,2,2
599,172,2,2
599,173,2,2
599,174,2,2
599,175,2,2
599,176,2,2
599,177,2,2
599,178,2,2
599,179,2,2
599,180,2,2
599,181,2,2
599,182,2,2
599,183,2,2
599,184,2,2
599,185,2,2
599,186,2,2
599,187,2,2
599,188,2,2
599,189,2,2
599,190,2,2
599,191,2,2
599,192,2,2
599,193,2,2
599,194,2,2
599,195,2,2
599,196,2,2
599,197,2,2
599,198,2,2
599,199,2,2
599,200,2,2
599,201,2,2
599,202,2,2
599,203,2,2
599,204,2,2
599,205,2,2
599,206,2,2
599,207,2,2
599,208,2,2
599,209,2,2
599,210,2,2
599,211,2,2
599,212,2,2
599,213,2,2
599,214,2,2
599,215,2,2
599,216,2,2
599,217,2,2
599,218,2,2
599,219,2,2
599,220,2,2
599,221,2,2
599,222,2,2
599,223,2,2
599,224,2,2
599,225,2,2
599,226,2,2
599,227,2,2
599,228,2,2
599,229,2,2
599,230,2,2
599,231,2,2
599,232,2,2
599,233,2,2
599,234,2,2
599,235,2,2
599,236,2,2
599,237,2,2
599,238,2,2
599,239,2,2
599,240,2,2
599,241,2,2
599,242,2,2
599,243,2,2
599,244,2,2
599,245,2,2
599,246,2,2
599,247,2,2
599,248,2,2
599,249,2,2
599,250,2,2
599,251,2,2
599,252,2,2
599,253,2,2
599,254,2,2
599,255,2,2
599,256,2,2
599,257,2,2
599,258,2,2
599,259,2,2
599,260,2,2
599,261,2,2
599,262,2,2
599,263,2,2
599,264,2,2
599,265,2,2
599,266,2,2
599,267,2,2
599,268,2,2
599,269,2,2
599,270,2,2
599,271,2,2
599,272,2,2
599,273,2,2
599,274,2,2
599,275,2,2
599,276,2,2
599,277,2,2
599,278,2,2
599,279,2,2
599,280,2,2
599,281,2,2
599,282,2,2
599,283,2,2
599,284,2,2
599,285,2,2
599,286,2,2
599,287,2,2
599,288,2,2
599,289,2,2
599,290,2,2
599,291,2,2
599,292,2,2
599,293,2,2
599,294,2,2
599,295,2,2
599,296,2,2
599,297,2,2
599,298,2,2
599,299,2,2
599,300,2,2
599,301,2,2
599,302,2,2
599,303,2,2
599,304,2,2
599,305,2,2
599,306,2,2
599,307,2,2
599,308,2,2
599,309,2,2
599,310,2,2
599,311,2,2
599,312,2,2
599,313,2,2
599,314,2,2
599,315,2,2
599,316,2,2
599,317,2,2
599,318,2,2
599,319,2,2
599,320,2,2
599,321,2,2
599,322,2,2
599,323,2,2
599,324,2,2
599,325,2,2
599,326,2,2
599,327,2,2
599,328,2,2
599,329,2,2
599,330,2,2
599,331,2,2
600,139,2,2
600,140,2,2
600,141,2,2
600,142,2,2
600,143,2,2
600,144,2,2
600,145,2,2
600,146,2,2
600,147,2,2
600,148,2,2
600,149,2,2
600,150,2,2
600,151,2,2
600,152,2,2
600,153,2,2
600,154,2,2
600,155,2,2
600,156,2,2
600,157,2,2
600,158,2,2
600,159,2,2
600,160,2,2
600,161,2,2
600,162,2,2
600,163,2,2
600,164,2,2
600,165,2,2
600,166,2,2
600,167,2,2
600,168,2,2
600,169,2,2
600,170,2,2
600,171,2,2
600,172,2,2
600,173,2,2
600,174,2,2
600,175,2,2
600,176,2,2
600,177,2,2
600,178,2,2
600,179,2,2
600,180,2,2
600,181,2,2
600,182,2,2
600,183,2,2
600,184,2,2
600,185,2,2
600,186,2,2
600,187,2,2
600,188,2,2
600,189,2,2
600,190,2,2
600,191,2,2
600,192,2,2
600,193,2,2
600,194,2,2
600,195,2,2
600,196,2,2
600,197,2,2
600,198,2,2
600,199,2,2
600,200,2,2
600,201,2,2
600,202,2,2
600,203,2,2
600,204,2,2
600,205,2,2
600,206,2,2
600,207,2,2
600,208,2,2
600,209,2,2
600,210,2,2
600,211,2,2
600,212,2,2
600,213,2,2
600,214,2,2
600,215,2,2
600,216,2,2
600,217,2,2
600,218,2,2
600,219,2,2
600,220,2,2
600,221,2,2
600,222,2,2
600,223,2,2
600,224,2,2
600,225,2,2
600,226,2,2
600,227,2,2
600,228,2,2
600,229,2,2
600,230,2,2
600,231,2,2
600,232,2,2
600,233,2,2
600,234,2,2
600,235,2,2
600,236,2,2
600,237,2,2
600,238,2,2
600,239,2,2
600,240,2,2
600,241,2,2
600,242,2,2
600,243,2,2
600,244,2,2
600,245,2,2
600,246,2,2
600,247,2,2
600,248,2,2
600,249,2,2
600,250,2,2
600,251,2,2
600,252,2,2
600,253,2,2
600,254,2,2
600,255,2,2
600,256,2,2
600,257,2,2
600,258,2,2
600,259,2,2
600,260,2,2
600,261,2,2
600,262,2,2
600,263,2,2
600,264,2,2
600,265,2,2
600,266,2,2
600,267,2,2
600,268,2,2
600,269,2,2
600,270,2,2
600,271,2,2
600,272,2,2
600,273,2,2
600,274,2,2
600,275,2,2
600,276,2,2
600,277,2,2
600,278,2,2
600,279,2,2
600,280,2,2
600,281,2,2
600,282,2,2
600,283,2,2
600,284,2,2
600,285,2,2
600,286,2,2
600,287,2,2
600,288,2,2
600,289,2,2
600,290,2,2
600,291,2,2
600,292,2,2
600,293,2,2
600,294,2,2
600,295,2,2
600,296,2,2
600,297,2,2
600,298,2,2
600,299,2,2
600,300,2,2
600,301,2,2
600,302,2,2
600,303,2,2
600,304,2,2
600,305,2,2
600,306,2,2
600,307,2,2
600,308,2,2
600,309,2,2
600,310,2,2
600,311,2,2
600,312,2,2
600,313,2,2
600,314,2,2
600,315,2,2
600,316,2,2
600,317,2,2
600,318,2,2
600,319,2,2
600,320,2,2
600,321,2,2
600,322,2,2
600,323,2,2
600,324,2,2
600,325,2,2
600,326,2,2
600,327,2,2
600,328,2,2
600,329,2,2
600,330,2,2
600,331,2,2
600,332,2,2
600,333,2,2
601,135,2,2
601,136,2,2
601,137,2,2
601,138,2,2
601,139,2,2
601,140,2,2
601,141,2,2
601,142,2,2
601,143,2,2
601,144,2,2
601,145,2,2
601,146,2,2
601,147,2,2
601,148,2,2
601,149,2,2
601,150,2,2
601,151,2,2
601,152,2,2
601,153,2,2
601,154,2,2
601,155,2,2
601,156,2,2
601,157,2,2
601,158,2,2
601,159,2,2
601,160,2,2
601,161,2,2
601,162,2,2
601,163,2,2
601,164,2,2
601,165,2,2
601,166,2,2
601,167,2,2
601,168,2,2
601,169,2,2
601,170,2,2
601,171,2,2
601,172,2,2
601,173,2,2
601,174,2,2
601,175,2,2
601,176,2,2
601,177,2,2
601,178,2,2
601,179,2,2
601,180,2,2
601,181,2,2
601,182,2,2
601,183,2,2
601,184,2,2
601,185,2,2
601,186,2,2
601,187,2,2
601,188,2,2
601,189,2,2
601,190,2,2
601,191,2,2
601,192,2,2
601,193,2,2
601,194,2,2
601,195,2,2
601,196,2,2
601,197,2,2
601,198,2,2
601,199,2,2
601,200,2,2
601,201,2,2
601,202,2,2
601,203,2,2
601,204,2,2
601,205,2,2
601,206,2,2
601,207,2,2
601,208,2,2
601,209,2,2
601,210,2,2
601,211,2,2
601,212,2,2
601,213,2,2
601,214,2,2
601,215,2,2
601,216,2,2
601,217,2,2
601,218,2,2
601,219,2,2
601,220,2,2
601,221,2,2
601,222,2,2
601,223,2,2
601,224,2,2
601,225,2,2
601,226,2,2
601,227,2,2
601,228,2,2
601,229,2,2
601,230,2,2
601,231,2,2
601,232,2,2
601,233,2,2
601,234,2,2
601,235,2,2
601,236,2,2
601,237,2,2
601,238,2,2
601,239,2,2
601,240,2,2
601,241,2,2
601,242,2,2
601,243,2,2
601,244,2,2
601,245,2,2
601,246,2,2
601,247,2,2
601,248,2,2
601,249,2,2
601,250,2,2
601,251,2,2
601,252,2,2
601,253,2,2
601,254,2,2
601,255,2,2
601,256,2,2
601,257,2,2
601,258,2,2
601,259,2,2
601,260,2,2
601,261,2,2
601,262,2,2
601,263,2,2
601,264,2,2
601,265,2,2
601,266,2,2
601,267,2,2
601,268,2,2
601,269,2,2
601,270,2,2
601,271,2,2
601,272,2,2
601,273,2,2
601,274,2,2
601,275,2,2
601,276,2,2
601,277,2,2
601,278,2,2
601,279,2,2
601,280,2,2
601,281,2,2
601,282,2,2
601,283,2,2
601,284,2,2
601,285,2,2
601,286,2,2
601,287,2,2
601,288,2,2
601,289,2,2
601,290,2,2
601,291,2,2
601,292,2,2
601,293,2,2
601,294,2,2
601,295,2,2
601,296,2,2
601,297,2,2
601,298,2,2
601,299,2,2
601,300,2,2
601,301,2,2
601,302,2,2
601,303,2,2
601,304,2,2
601,305,2,2
601,306,2,2
601,307,2,2
601,308,2,2
601,309,2,2
601,310,2,2
601,311,2,2
601,312,2,2
601,313,2,2
601,314,2,2
601,315,2,2
601,316,2,2
601,317,2,2
601,318,2,2
601,319,2,2
601,320,2,2
601,321,2,2
601,322,2,2
601,323,2,2
601,324,2,2
601,325,2,2
601,326,2,2
601,327,2,2
601,328,2,2
601,329,2,2
601,330,2,2
601,331,2,2
601,332,2,2
601,333,2,2
601,334,2,2
601,335,2,2
602,133,2,2
602,134,2,2
602,135,2,2
602,136,2,2
602,137,2,2
602,138,2,2
602,139,2,2
602,140,2,2
602,141,2,2
602,142,2,2
602,143,2,2
602,144,2,2
602,145,2,2
602,146,2,2
602,147,2,2
602,148,2,2
602,149,2,2
602,150,2,2
602,151,2,2
602,152,2,2
602,153,2,2
602,154,2,2
602,155,2,2
602,156,2,2
602,157,2,2
602,158,2,2
602,159,2,2
602,160,2,2
602,161,2,2
602,162,2,2
602,163,2,2
602,164,2,2
602,165,2,2
602,166,2,2
602,167,2,2
602,168,2,2
602,169,2,2
602,170,2,2
602,171,2,2
602,172,2,2
602,173,2,2
602,174,2,2
602,175,2,2
602,176,2,2
602,177,2,2
602,178,2,2
602,179,2,2
602,180,2,2
602,181,2,2
602,182,2,2
602,183,2,2
602,184,2,2
602,185,2,2
602,186,2,2
602,187,2,2
602,188,2,2
602,189,2,2
602,190,2,2
602,191,2,2
602,192,2,2
602,193,2,2
602,194,2,2
602,195,2,2
602,196,2,2
602,197,2,2
602,198,2,2
602,199,2,2
602,200,2,2
602,201,2,2
602,202,2,2
602,203,2,2
602,204,2,2
602,205,2,2
602,206,2,2
602,207,2,2
602,208,2,2
602,209,2,2
602,210,2,2
602,211,2,2
602,212,2,2
602,213,2,2
602,214,2,2
602,215,2,2
602,216,2,2
602,217,2,2
602,218,2,2
602,219,2,2
602,220,2,2
602,221,2,2
602,222,2,2
602,223,2,2
602,224,2,2
602,225,2,2
602,226,2,2
602,227,2,2
602,228,2,2
602,229,2,2
602,230,2,2
602,231,2,2
602,232,2,2
602,233,2,2
602,234,2,2
602,235,2,2
602,236,2,2
602,237,2,2
602,238,2,2
602,239,2,2
602,240,2,2
602,241,2,2
602,242,2,2
602,243,2,2
602,244,2,2
602,245,2,2
602,246,2,2
602,247,2,2
602,248,2,2
602,249,2,2
602,250,2,2
602,251,2,2
602,252,2,2
602,253,2,2
602,254,2,2
602,255,2,2
602,256,2,2
602,257,2,2
602,258,2,2
602,259,2,2
602,260,2,2
602,261,2,2
602,262,2,2
602,263,2,2
602,264,2,2
602,265,2,2
602,266,2,2
602,267,2,2
602,268,2,2
602,269,2,2
602,270,2,2
602,271,2,2
602,272,2,2
602,273,2,2
602,274,2,2
602,275,2,2
602,276,2,2
602,277,2,2
602,278,2,2
602,279,2,2
602,280,2,2
602,281,2,2
602,282,2,2
602,283,2,2
602,284,2,2
602,285,2,2
602,286,2,2
602,287,2,2
602,288,2,2
602,289,2,2
602,290,2,2
602,291,2,2
602,292,2,2
602,293,2,2
602,294,2,2
602,295,2,2
602,296,2,2
602,297,2,2
602,298,2,2
602,299,2,2
602,300,2,2
602,301,2,2
602,302,2,2
602,303,2,2
602,304,2,2
602,305,2,2
602,306,2,2
602,307,2,2
602,308,2,2
602,309,2,2
602,310,2,2
602,311,2,2
602,312,2,2
602,313,2,2
602,314,2,2
602,315,2,2
602,316,2,2
602,317,2,2
602,318,2,2
602,319,2,2
602,320,2,2
602,321,2,2
602,322,2,2
602,323,2,2
602,324,2,2
602,325,2,2
602,326,2,2
602,327,2,2
602,328,2,2
602,329,2,2
602,330,2,2
602,331,2,2
602,332,2,2
602,333,2,2
602,334,2,2
602,335,2,2
602,336,2,2
603,130,2,2
603,131,2,2
603,132,2,2
603,133,2,2
603,134,2,2
603,135,2,2
603,136,2,2
603,137,2,2
603,138,2,2
603,139,2,2
603,140,2,2
603,141,2,2
603,142,2,2
603,143,2,2
603,144,2,2
603,145,2,2
603,146,2,2
603,147,2,2
603,148,2,2
603,149,2,2
603,150,2,2
603,151,2,2
603,152,2,2
603,153,2,2
603,154,2,2
603,155,2,2
603,156,2,2
603,157,2,2
603,158,2,2
603,159,2,2
603,160,2,2
603,161,2,2
603,162,2,2
603,163,2,2
603,164,2,2
603,165,2,2
603,166,2,2
603,167,2,2
603,168,2,2
603,169,2,2
603,170,2,2
603,171,2,2
603,172,2,2
603,173,2,2
603,174,2,2
603,175,2,2
603,176,2,2
603,177,2,2
603,178,2,2
603,179,2,2
603,180,2,2
603,181,2,2
603,182,2,2
603,183,2,2
603,184,2,2
603,185,2,2
603,186,2,2
603,187,2,2
603,188,2,2
603,189,2,2
603,190,2,2
603,191,2,2
603,192,2,2
603,193,2,2
603,194,2,2
603,195,2,2
603,196,2,2
603,197,2,2
603,198,2,2
603,199,2,2
603,200,2,2
603,201,2,2
603,202,2,2
603,203,2,2
603,204,2,2
603,205,2,2
603,206,2,2
603,207,2,2
603,208,2,2
603,209,2,2
603,210,2,2
603,211,2,2
603,212,2,2
603,213,2,2
603,214,2,2
603,215,2,2
603,216,2,2
603,217,2,2
603,218,2,2
603,219,2,2
603,220,2,2
603,221,2,2
603,222,2,2
603,223,2,2
603,224,2,2
603,225,2,2
603,226,2,2
603,227,2,2
603,228,2,2
603,229,2,2
603,230,2,2
603,231,2,2
603,232,2,2
603,233,2,2
603,234,2,2
603,235,2,2
603,236,2,2
603,237,2,2
603,238,2,2
603,239,2,2
603,240,2,2
603,241,2,2
603,242,2,2
603,243,2,2
603,244,2,2
603,245,2,2
603,246,2,2
603,247,2,2
603,248,2,2
603,249,2,2
603,250,2,2
603,251,2,2
603,252,2,2
603,253,2,2
603,254,2,2
603,255,2,2
603,256,2,2
603,257,2,2
603,258,2,2
603,259,2,2
603,260,2,2
603,261,2,2
603,262,2,2
603,263,2,2
603,264,2,2
603,265,2,2
603,266,2,2
603,267,2,2
603,268,2,2
603,269,2,2
603,270,2,2
603,271,2,2
603,272,2,2
603,273,2,2
603,274,2,2
603,275,2,2
603,276,2,2
603,277,2,2
603,278,2,2
603,279,2,2
603,280,2,2
603,281,2,2
603,282,2,2
603,283,2,2
603,284,2,2
603,285,2,2
603,286,2,2
603,287,2,2
603,288,2,2
603,289,2,2
603,290,2,2
603,291,2,2
603,292,2,2
603,293,2,2
603,294,2,2
603,295,2,2
603,296,2,2
603,297,2,2
603,298,2,2
603,299,2,2
603,300,2,2
603,301,2,2
603,302,2,2
603,303,2,2
603,304,2,2
603,305,2,2
603,306,2,2
603,307,2,2
603,308,2,2
603,309,2,2
603,310,2,2
603,311,2,2
603,312,2,2
603,313,2,2
603,314,2,2
603,315,2,2
603,316,2,2
603,317,2,2
603,318,2,2
603,319,2,2
603,320,2,2
603,321,2,2
603,322,2,2
603,323,2,2
603,324,2,2
603,325,2,2
603,326,2,2
603,327,2,2
603,328,2,2
603,329,2,2
603,330,2,2
603,331,2,2
603,332,2,2
603,333,2,2
603,334,2,2
603,335,2,2
603,336,2,2
603,337,2,2
604,127,2,2
604,128,2,2
604,129,2,2
604,130,2,2
604,131,2,2
604,132,2,2
604,133,2,2
604,134,2,2
604,135,2,2
604,136,2,2
604,137,2,2
604,138,2,2
604,139,2,2
604,140,2,2
604,141,2,2
604,142,2,2
604,143,2,2
604,144,2,2
604,145,2,2
604,146,2,2
604,147,2,2
604,148,2,2
604,149,2,2
604,150,2,2
604,151,2,2
604,152,2,2
604,153,2,2
604,154,2,2
604,155,2,2
604,156,2,2
604,157,2,2
604,158,2,2
604,159,2,2
604,160,2,2
604,161,2,2
604,162,2,2
604,163,2,2
604,164,2,2
604,165,2,2
604,166,2,2
604,167,2,2
604,168,2,2
604,169,2,2
604,170,2,2
604,171,2,2
604,172,2,2
604,173,2,2
604,174,2,2
604,175,2,2
604,176,2,2
604,177,2,2
604,178,2,2
604,179,2,2
604,180,2,2
604,181,2,2
604,182,2,2
604,183,2,2
604,184,2,2
604,185,2,2
604,186,2,2
604,187,2,2
604,188,2,2
604,189,2,2
604,190,2,2
604,191,2,2
604,192,2,2
604,193,2,2
604,194,2,2
604,195,2,2
604,196,2,2
604,197,2,2
604,198,2,2
604,199,2,2
604,200,2,2
604,201,2,2
604,202,2,2
604,203,2,2
604,204,2,2
604,205,2,2
604,206,2,2
604,207,2,2
604,208,2,2
604,209,2,2
604,210,2,2
604,211,2,2
604,212,2,2
604,213,2,2
604,214,2,2
604,215,2,2
604,216,2,2
604,217,2,2
604,218,2,2
604,219,2,2
604,220,2,2
604,221,2,2
604,222,2,2
604,223,2,2
604,224,2,2
604,225,2,2
604,226,2,2
604,227,2,2
604,228,2,2
604,229,2,2
604,230,2,2
604,231,2,2
604,232,2,2
604,233,2,2
604,234,2,2
604,235,2,2
604,236,2,2
604,237,2,2
604,238,2,2
604,239,2,2
604,240,2,2
604,241,2,2
604,242,2,2
604,243,2,2
604,244,2,2
604,245,2,2
604,246,2,2
604,247,2,2
604,248,2,2
604,249,2,2
604,250,2,2
604,251,2,2
604,252,2,2
604,253,2,2
604,254,2,2
604,255,2,2
604,256,2,2
604,257,2,2
604,258,2,2
604,259,2,2
604,260,2,2
604,261,2,2
604,262,2,2
604,263,2,2
604,264,2,2
604,265,2,2
604,266,2,2
604,267,2,2
604,268,2,2
604,269,2,2
604,270,2,2
604,271,2,2
604,272,2,2
604,273,2,2
604,274,2,2
604,275,2,2
604,276,2,2
604,277,2,2
604,278,2,2
604,279,2,2
604,280,2,2
604,281,2,2
604,282,2,2
604,283,2,2
604,284,2,2
604,285,2,2
604,286,2,2
604,287,2,2
604,288,2,2
604,289,2,2
604,290,2,2
604,291,2,2
604,292,2,2
604,293,2,2
604,294,2,2
604,295,2,2
604,296,2,2
604,297,2,2
604,298,2,2
604,299,2,2
604,300,2,2
604,301,2,2
604,302,2,2
604,303,2,2
604,304,2,2
604,305,2,2
604,306,2,2
604,307,2,2
604,308,2,2
604,309,2,2
604,310,2,2
604,311,2,2
604,312,2,2
604,313,2,2
604,314,2,2
604,315,2,2
604,316,2,2
604,317,2,2
604,318,2,2
604,319,2,2
604,320,2,2
604,321,2,2
604,322,2,2
604,323,2,2
604,324,2,2
604,325,2,2
604,326,2,2
604,327,2,2
604,328,2,2
604,329,2,2
604,330,2,2
604,331,2,2
604,332,2,2
604,333,2,2
604,334,2,2
604,335,2,2
604,336,2,2
604,337,2,2
604,338,2,3
605,125,2,2
605,126,2,2
605,127,2,2
605,128,2,2
605,129,2,2
605,130,2,2
605,131,2,2
605,132,2,2
605,133,2,2
605,134,2,2
605,135,2,2
605,136,2,2
605,137,2,2
605,138,2,2
605,139,2,2
605,140,2,2
605,141,2,2
605,142,2,2
605,143,2,2
605,144,2,2
605,145,2,2
605,146,2,2
605,147,2,2
605,148,2,2
605,149,2,2
605,150,2,2
605,151,2,2
605,152,2,2
605,153,2,2
605,154,2,2
605,155,2,2
605,156,2,2
605,157,2,2
605,158,2,2
605,159,2,2
605,160,2,2
605,161,2,2
605,162,2,2
605,163,2,2
605,164,2,2
605,165,2,2
605,166,2,2
605,167,2,2
605,168,2,2
605,169,2,2
605,170,2,2
605,171,2,2
605,172,2,2
605,173,2,2
605,174,2,2
605,175,2,2
605,176,2,2
605,177,2,2
605,178,2,2
605,179,2,2
605,180,2,2
605,181,2,2
605,182,2,2
605,183,2,2
605,184,2,2
605,185,2,2
605,186,2,2
605,187,2,2
605,188,2,2
605,189,2,2
605,190,2,2
605,191,2,2
605,192,2,2
605,193,2,2
605,194,2,2
605,195,2,2
605,196,2,2
605,197,2,2
605,198,2,2
605,199,2,2
605,200,2,2
605,201,2,2
605,202,2,2
605,203,2,2
605,204,2,2
605,205,2,2
605,206,2,2
605,207,2,2
605,208,2,2
605,209,2,2
605,210,2,2
605,211,2,2
605,212,2,2
605,213,2,2
605,214,2,2
605,215,2,2
605,216,2,2
605,217,2,2
605,218,2,2
605,219,2,2
605,220,2,2
605,221,2,2
605,222,2,2
605,223,2,2
605,224,2,2
605,225,2,2
605,226,2,2
605,227,2,2
605,228,2,2
605,229,2,2
605,230,2,2
605,231,2,2
605,232,2,2
605,233,2,2
605,234,2,2
605,235,2,2
605,236,2,2
605,237,2,2
605,238,2,2
605,239,2,2
605,240,2,2
605,241,2,2
605,242,2,2
605,243,2,2
605,244,2,2
605,245,2,2
605,246,2,2
605,247,2,2
605,248,2,2
605,249,2,2
605,250,2,2
605,251,2,2
605,252,2,2
605,253,2,2
605,254,2,2
605,255,2,2
605,256,2,2
605,257,2,2
605,258,2,2
605,259,2,2
605,260,2,2
605,261,2,2
605,262,2,2
605,263,2,2
605,264,2,2
605,265,2,2
605,266,2,2
605,267,2,2
605,268,2,2
605,269,2,2
605,270,2,2
605,271,2,2
605,272,2,2
605,273,2,2
605,274,2,2
605,275,2,2
605,276,2,2
605,277,2,2
605,278,2,2
605,279,2,2
605,280,2,2
605,281,2,2
605,282,2,2
605,283,2,2
605,284,2,2
605,285,2,2
605,286,2,2
605,287,2,2
605,288,2,2
605,289,2,2
605,290,2,2
605,291,2,2
605,292,2,2
605,293,2,2
605,294,2,2
605,295,2,2
605,296,2,2
605,297,2,2
605,298,2,2
605,299,2,2
605,300,2,2
605,301,2,2
605,302,2,2
605,303,2,2
605,304,2,2
605,305,2,2
605,306,2,2
605,307,2,2
605,308,2,2
605,309,2,2
605,310,2,2
605,311,2,2
605,312,2,2
605,313,2,2
605,314,2,2
605,315,2,2
605,316,2,2
605,317,2,2
605,318,2,2
605,319,2,2
605,320,2,2
605,321,2,2
605,322,2,2
605,323,2,2
605,324,2,2
605,325,2,2
605,326,2,2
605,327,2,2
605,328,2,2
605,329,2,2
605,330,2,2
605,331,2,2
605,332,2,2
605,333,2,2
605,334,2,2
605,335,2,2
605,336,2,2
605,337,2,2
605,338,2,2
606,123,2,2
606,124,2,2
606,125,2,2
606,126,2,2
606,127,2,2
606,128,2,2
606,129,2,2
606,130,2,2
606,131,2,2
606,132,2,2
606,133,2,2
606,134,2,2
606,135,2,2
606,136,2,2
606,137,2,2
606,138,2,2
606,139,2,2
606,140,2,2
606,141,2,2
606,142,2,2
606,143,2,2
606,144,2,2
606,145,2,2
606,146,2,2
606,147,2,2
606,148,2,2
606,149,2,2
606,150,2,2
606,151,2,2
606,152,2,2
606,153,2,2
606,154,2,2
606,155,2,2
606,156,2,2
606,157,2,2
606,158,2,2
606,159,2,2
606,160,2,2
606,161,2,2
606,162,2,2
606,163,2,2
606,164,2,2
606,165,2,2
606,166,2,2
606,167,2,2
606,168,2,2
606,169,2,2
606,170,2,2
606,171,2,2
606,172,2,2
606,173,2,2
606,174,2,2
606,175,2,2
606,176,2,2
606,177,2,2
606,178,2,2
606,179,2,2
606,180,2,2
606,181,2,2
606,182,2,2
606,183,2,2
606,184,2,2
606,185,2,2
606,186,2,2
606,187,2,2
606,188,2,2
606,189,2,2
606,190,2,2
606,191,2,2
606,192,2,2
606,193,2,2
606,194,2,2
606,195,2,2
606,196,2,2
606,197,2,2
606,198,2,2
606,199,2,2
606,200,2,2
606,201,2,2
606,202,2,2
606,203,2,2
606,204,2,2
606,205,2,2
606,206,2,2
606,207,2,2
606,208,2,2
606,209,2,2
606,210,2,2
606,211,2,2
606,212,2,2
606,213,2,2
606,214,2,2
606,215,2,2
606,216,2,2
606,217,2,2
606,218,2,2
606,219,2,2
606,220,2,2
606,221,2,2
606,222,2,2
606,223,2,2
606,224,2,2
606,225,2,2
606,226,2,2
606,227,2,2
606,228,2,2
606,229,2,2
606,230,2,2
606,231,2,2
606,232,2,2
606,233,2,2
606,234,2,2
606,235,2,2
606,236,2,2
606,237,2,2
606,238,2,2
606,239,2,2
606,240,2,2
606,241,2,2
606,242,2,2
606,243,2,2
606,244,2,2
606,245,2,2
606,246,2,2
606,247,2,2
606,248,2,2
606,249,2,2
606,250,2,2
606,251,2,2
606,252,2,2
606,253,2,2
606,254,2,2
606,255,2,2
606,256,2,2
606,257,2,2
606,258,2,2
606,259,2,2
606,260,2,2
606,261,2,2
606,262,2,2
606,263,2,2
606,264,2,2
606,265,2,2
606,266,2,2
606,267,2,2
606,268,2,2
606,269,2,2
606,270,2,2
606,271,2,2
606,272,2,2
606,273,2,2
606,274,2,2
606,275,2,2
606,276,2,2
606,277,2,2
606,278,2,2
606,279,2,2
606,280,2,2
606,281,2,2
606,282,2,2
606,283,2,2
606,284,2,2
606,285,2,2
606,286,2,2
606,287,2,2
606,288,2,2
606,289,2,2
606,290,2,2
606,291,2,2
606,292,2,2
606,293,2,2
606,294,2,2
606,295,2,2
606,296,2,2
606,297,2,2
606,298,2,2
606,299,2,2
606,300,2,2
606,301,2,2
606,302,2,2
606,303,2,2
606,304,2,2
606,305,2,2
606,306,2,2
606,307,2,2
606,308,2,2
606,309,2,2
606,310,2,2
606,311,2,2
606,312,2,2
606,313,2,2
606,314,2,2
606,315,2,2
606,316,2,2
606,317,2,2
606,318,2,2
606,319,2,2
606,320,2,2
606,321,2,2
606,322,2,2
606,323,2,2
606,324,2,2
606,325,2,2
606,326,2,2
606,327,2,2
606,328,2,2
606,329,2,2
606,330,2,2
606,331,2,2
606,332,2,2
606,333,2,2
606,334,2,2
606,335,2,2
606,336,2,2
606,337,2,2
606,338,2,2
606,339,2,2
607,121,2,2
607,122,2,2
607,123,2,2
607,124,2,2
607,125,2,2
607,126,2,2
607,127,2,2
607,128,2,2
607,129,2,2
607,130,2,2
607,131,2,2
607,132,2,2
607,133,2,2
607,134,2,2
607,135,2,2
607,136,2,2
607,137,2,2
607,138,2,2
607,139,2,2
607,140,2,2
607,141,2,2
607,142,2,2
607,143,2,2
607,144,2,2
607,145,2,2
607,146,2,2
607,147,2,2
607,148,2,2
607,149,2,2
607,150,2,2
607,151,2,2
607,152,2,2
607,153,2,2
607,154,2,2
607,155,2,2
607,156,2,2
607,157,2,2
607,158,2,2
607,159,2,2
607,160,2,2
607,161,2,2
607,162,2,2
607,163,2,2
607,164,2,2
607,165,2,2
607,166,2,2
607,167,2,2
607,168,2,2
607,169,2,2
607,170,2,2
607,171,2,2
607,172,2,2
607,173,2,2
607,174,2,2
607,175,2,2
607,176,2,2
607,177,2,2
607,178,2,2
607,179,2,2
607,180,2,2
607,181,2,2
607,182,2,2
607,183,2,2
607,184,2,2
607,185,2,2
607,186,2,2
607,187,2,2
607,188,2,2
607,189,2,2
607,190,2,2
607,191,2,2
607,192,2,2
607,193,2,2
607,194,2,2
607,195,2,2
607,196,2,2
607,197,2,2
607,198,2,2
607,199,2,2
607,200,2,2
607,201,2,2
607,202,2,2
607,203,2,2
607,204,2,2
607,205,2,2
607,206,2,2
607,207,2,2
607,208,2,2
607,209,2,2
607,210,2,2
607,211,2,2
607,212,2,2
607,213,2,2
607,214,2,2
607,215,2,2
607,216,2,2
607,217,2,2
607,218,2,2
607,219,2,2
607,220,2,2
607,221,2,2
607,222,2,2
607,223,2,2
607,224,2,2
607,225,2,2
607,226,2,2
607,227,2,2
607,228,2,2
607,229,2,2
607,230,2,2
607,231,2,2
607,232,2,2
607,233,2,2
607,234,2,2
607,235,2,2
607,236,2,2
607,237,2,2
607,238,2,2
607,239,2,2
607,240,2,2
607,241,2,2
607,242,2,2
607,243,2,2
607,244,2,2
607,245,2,2
607,246,2,2
607,247,2,2
607,248,2,2
607,249,2,2
607,250,2,2
607,251,2,2
607,252,2,2
607,253,2,2
607,254,2,2
607,255,2,2
607,256,2,2
607,257,2,2
607,258,2,2
607,259,2,2
607,260,2,2
607,261,2,2
607,262,2,2
607,263,2,2
607,264,2,2
607,265,2,2
607,266,2,2
607,267,2,2
607,268,2,2
607,269,2,2
607,270,2,2
607,271,2,2
607,272,2,2
607,273,2,2
607,274,2,2
607,275,2,2
607,276,2,2
607,277,2,2
607,278,2,2
607,279,2,2
607,280,2,2
607,281,2,2
607,282,2,2
607,283,2,2
607,284,2,2
607,285,2,2
607,286,2,2
607,287,2,2
607,288,2,2
607,289,2,2
607,290,2,2
607,291,2,2
607,292,2,2
607,293,2,2
607,294,2,2
607,295,2,2
607,296,2,2
607,297,2,2
607,298,2,2
607,299,2,2
607,300,2,2
607,301,2,2
607,302,2,2
607,303,2,2
607,304,2,2
607,305,2,2
607,306,2,2
607,307,2,2
607,308,2,2
607,309,2,2
607,310,2,2
607,311,2,2
607,312,2,2
607,313,2,2
607,314,2,2
607,315,2,2
607,316,2,2
607,317,2,2
607,318,2,2
607,319,2,2
607,320,2,2
607,321,2,2
607,322,2,2
607,323,2,2
607,324,2,2
607,325,2,2
607,326,2,2
607,327,2,2
607,328,2,2
607,329,2,2
607,330,2,2
607,331,2,2
607,332,2,2
607,333,2,2
607,334,2,2
607,335,2,2
607,336,2,2
607,337,2,2
607,338,2,2
607,339,2,2
607,340,2,3
608,121,2,2
608,122,2,2
608,123,2,2
608,124,2,2
608,125,2,2
608,126,2,2
608,127,2,2
608,128,2,2
608,129,2,2
608,130,2,2
608,131,2,2
608,132,2,2
608,133,2,2
608,134,2,2
608,135,2,2
608,136,2,2
608,137,2,2
608,138,2,2
608,139,2,2
608,140,2,2
608,141,2,2
608,142,2,2
608,143,2,2
608,144,2,2
608,145,2,2
608,146,2,2
608,147,2,2
608,148,2,2
608,149,2,2
608,150,2,2
608,151,2,2
608,152,2,2
608,153,2,2
608,154,2,2
608,155,2,2
608,156,2,2
608,157,2,2
608,158,2,2
608,159,2,2
608,160,2,2
608,161,2,2
608,162,2,2
608,163,2,2
608,164,2,2
608,165,2,2
608,166,2,2
608,167,2,2
608,168,2,2
608,169,2,2
608,170,2,2
608,171,2,2
608,172,2,2
608,173,2,2
608,174,2,2
608,175,2,2
608,176,2,2
608,177,2,2
608,178,2,2
608,179,2,2
608,180,2,2
608,181,2,2
608,182,2,2
608,183,2,2
608,184,2,2
608,185,2,2
608,186,2,2
608,187,2,2
608,188,2,2
608,189,2,2
608,190,2,2
608,191,2,2
608,192,2,2
608,193,2,2
608,194,2,2
608,195,2,2
608,196,2,2
608,197,2,2
608,198,2,2
608,199,2,2
608,200,2,2
608,201,2,2
608,202,2,2
608,203,2,2
608,204,2,2
608,205,2,2
608,206,2,2
608,207,2,2
608,208,2,2
608,209,2,2
608,210,2,2
608,211,2,2
608,212,2,2
608,213,2,2
608,214,2,2
608,215,2,2
608,216,2,2
608,217,2,2
608,218,2,2
608,219,2,2
608,220,2,2
608,221,2,2
608,222,2,2
608,223,2,2
608,224,2,2
608,225,2,2
608,226,2,2
608,227,2,2
608,228,2,2
608,229,2,2
608,230,2,2
608,231,2,2
608,232,2,2
608,233,2,2
608,234,2,2
608,235,2,2
608,236,2,2
608,237,2,2
608,238,2,2
608,239,2,2
608,240,2,2
608,241,2,2
608,242,2,2
608,243,2,2
608,244,2,2
608,245,2,2
608,246,2,2
608,247,2,2
608,248,2,2
608,249,2,2
608,250,2,2
608,251,2,2
608,252,2,2
608,253,2,2
608,254,2,2
608,255,2,2
608,256,2,2
608,257,2,2
608,258,2,2
608,259,2,2
608,260,2,2
608,261,2,2
608,262,2,2
608,263,2,2
608,264,2,2
608,265,2,2
608,266,2,2
608,267,2,2
608,268,2,2
608,269,2,2
608,270,2,2
608,271,2,2
608,272,2,2
608,273,2,2
608,274,2,2
608,275,2,2
608,276,2,2
608,277,2,2
608,278,2,2
608,279,2,2
608,280,2,2
608,281,2,2
608,282,2,2
608,283,2,2
608,284,2,2
608,285,2,2
608,286,2,2
608,287,2,2
608,288,2,2
608,289,2,2
608,290,2,2
608,291,2,2
608,292,2,2
608,293,2,2
608,294,2,2
608,295,2,2
608,296,2,2
608,297,2,2
608,298,2,2
608,299,2,2
608,300,2,2
608,301,2,2
608,302,2,2
608,303,2,2
608,304,2,2
608,305,2,2
608,306,2,2
608,307,2,2
608,308,2,2
608,309,2,2
608,310,2,2
608,311,2,2
608,312,2,2
608,313,2,2
608,314,2,2
608,315,2,2
608,316,2,2
608,317,2,2
608,318,2,2
608,319,2,2
608,320,2,2
608,321,2,2
608,322,2,2
608,323,2,2
608,324,2,2
608,325,2,2
608,326,2,2
608,327,2,2
608,328,2,2
608,329,2,2
608,330,2,2
608,331,2,2
608,332,2,2
608,333,2,2
608,334,2,2
608,335,2,2
608,336,2,2
608,337,2,2
608,338,2,2
608,339,2,2
608,340,2,2
608,341,2,3
609,117,2,2
609,118,2,2
609,119,2,2
609,120,2,2
609,121,2,2
609,122,2,2
609,123,2,2
609,124,2,2
609,125,2,2
609,126,2,2
609,127,2,2
609,128,2,2
609,129,2,2
609,130,2,2
609,131,2,2
609,132,2,2
609,133,2,2
609,134,2,2
609,135,2,2
609,136,2,2
609,137,2,2
609,138,2,2
609,139,2,2
609,140,2,2
609,141,2,2
609,142,2,2
609,143,2,2
609,144,2,2
609,145,2,2
609,146,2,2
609,147,2,2
609,148,2,2
609,149,2,2
609,150,2,2
609,151,2,2
609,152,2,2
609,153,2,2
609,154,2,2
609,155,2,2
609,156,2,2
609,157,2,2
609,158,2,2
609,159,2,2
609,160,2,2
609,161,2,2
609,162,2,2
609,163,2,2
609,164,2,2
609,165,2,2
609,166,2,2
609,167,2,2
609,168,2,2
609,169,2,2
609,170,2,2
609,171,2,2
609,172,2,2
609,173,2,2
609,174,2,2
609,175,2,2
609,176,2,2
609,177,2,2
609,178,2,2
609,179,2,2
609,180,2,2
609,181,2,2
609,182,2,2
609,183,2,2
609,184,2,2
609,185,2,2
609,186,2,2
609,187,2,2
609,188,2,2
609,189,2,2
609,190,2,2
609,191,2,2
609,192,2,2
609,193,2,2
609,194,2,2
609,195,2,2
609,196,2,2
609,197,2,2
609,198,2,2
609,199,2,2
609,200,2,2
609,201,2,2
609,202,2,2
609,203,2,2
609,204,2,2
609,205,2,2
609,206,2,2
609,207,2,2
609,208,2,2
609,209,2,2
609,210,2,2
609,211,2,2
609,212,2,2
609,213,2,2
609,214,2,2
609,215,2,2
609,216,2,2
609,217,2,2
609,218,2,2
609,219,2,2
609,220,2,2
609,221,2,2
609,222,2,2
609,223,2,2
609,224,2,2
609,225,2,2
609,226,2,2
609,227,2,2
609,228,2,2
609,229,2,2
609,230,2,2
609,231,2,2
609,232,2,2
609,233,2,2
609,234,2,2
609,235,2,2
609,236,2,2
609,237,2,2
609,238,2,2
609,239,2,2
609,240,2,2
609,241,2,2
609,242,2,2
609,243,2,2
609,244,2,2
609,245,2,2
609,246,2,2
609,247,2,2
609,248,2,2
609,249,2,2
609,250,2,2
609,251,2,2
609,252,2,2
609,253,2,2
609,254,2,2
609,255,2,2
609,256,2,2
609,257,2,2
609,258,2,2
609,259,2,2
609,260,2,2
609,261,2,2
609,262,2,2
609,263,2,2
609,264,2,2
609,265,2,2
609,266,2,2
609,267,2,2
609,268,2,2
609,269,2,2
609,270,2,2
609,271,2,2
609,272,2,2
609,273,2,2
609,274,2,2
609,275,2,2
609,276,2,2
609,277,2,2
609,278,2,2
609,279,2,2
609,280,2,2
609,281,2,2
609,282,2,2
609,283,2,2
609,284,2,2
609,285,2,2
609,286,2,2
609,287,2,2
609,288,2,2
609,289,2,2
609,290,2,2
609,291,2,2
609,292,2,2
609,293,2,2
609,294,2,2
609,295,2,2
609,296,2,2
609,297,2,2
609,298,2,2
609,299,2,2
609,300,2,2
609,301,2,2
609,302,2,2
609,303,2,2
609,304,2,2
609,305,2,2
609,306,2,2
609,307,2,2
609,308,2,2
609,309,2,2
609,310,2,2
609,311,2,2
609,312,2,2
609,313,2,2
609,314,2,2
609,315,2,2
609,316,2,2
609,317,2,2
609,318,2,2
609,319,2,2
609,320,2,2
609,321,2,2
609,322,2,2
609,323,2,2
609,324,2,2
609,325,2,2
609,326,2,2
609,327,2,2
609,328,2,2
609,329,2,2
609,330,2,2
609,331,2,2
609,332,2,2
609,333,2,2
609,334,2,2
609,335,2,2
609,336,2,2
609,337,2,2
609,338,2,2
609,339,2,2
609,340,2,2
609,341,2,2
609,342,2,2
610,116,2,2
610,117,2,2
610,118,2,2
610,119,2,2
610,120,2,2
610,121,2,2
610,122,2,2
610,123,2,2
610,124,2,2
610,125,2,2
610,126,2,2
610,127,2,2
610,128,2,2
610,129,2,2
610,130,2,2
610,131,2,2
610,132,2,2
610,133,2,2
610,134,2,2
610,135,2,2
610,136,2,2
610,137,2,2
610,138,2,2
610,139,2,2
610,140,2,2
610,141,2,2
610,142,2,2
610,143,2,2
610,144,2,2
610,145,2,2
610,146,2,2
610,147,2,2
610,148,2,2
610,149,2,2
610,150,2,2
610,151,2,2
610,152,2,2
610,153,2,2
610,154,2,2
610,155,2,2
610,156,2,2
610,157,2,2
610,158,2,2
610,159,2,2
610,160,2,2
610,161,2,2
610,162,2,2
610,163,2,2
610,164,2,2
610,165,2,2
610,166,2,2
610,167,2,2
610,168,2,2
610,169,2,2
610,170,2,2
610,171,2,2
610,172,2,2
610,173,2,2
610,174,2,2
610,175,2,2
610,176,2,2
610,177,2,2
610,178,2,2
610,179,2,2
610,180,2,2
610,181,2,2
610,182,2,2
610,183,2,2
610,184,2,2
610,185,2,2
610,186,2,2
610,187,2,2
610,188,2,2
610,189,2,2
610,190,2,2
610,191,2,2
610,192,2,2
610,193,2,2
610,194,2,2
610,195,2,2
610,196,2,2
610,197,2,2
610,198,2,2
610,199,2,2
610,200,2,2
610,201,2,2
610,202,2,2
610,203,2,2
610,204,2,2
610,205,2,2
610,206,2,2
610,207,2,2
610,208,2,2
610,209,2,2
610,210,2,2
610,211,2,2
610,212,2,2
610,213,2,2
610,214,2,2
610,215,2,2
610,216,2,2
610,217,2,2
610,218,2,2
610,219,2,2
610,220,2,2
610,221,2,2
610,222,2,2
610,223,2,2
610,224,2,2
610,225,2,2
610,226,2,2
610,227,2,2
610,228,2,2
610,229,2,2
610,230,2,2
610,231,2,2
610,232,2,2
610,233,2,2
610,234,2,2
610,235,2,2
610,236,2,2
610,237,2,2
610,238,2,2
610,239,2,2
610,240,2,2
610,241,2,2
610,242,2,2
610,243,2,2
610,244,2,2
610,245,2,2
610,246,2,2
610,247,2,2
610,248,2,2
610,249,2,2
610,250,2,2
610,251,2,2
610,252,2,2
610,253,2,2
610,254,2,2
610,255,2,2
610,256,2,2
610,257,2,2
610,258,2,2
610,259,2,2
610,260,2,2
610,261,2,2
610,262,2,2
610,263,2,2
610,264,2,2
610,265,2,2
610,266,2,2
610,267,2,2
610,268,2,2
610,269,2,2
610,270,2,2
610,271,2,2
610,272,2,2
610,273,2,2
610,274,2,2
610,275,2,2
610,276,2,2
610,277,2,2
610,278,2,2
610,279,2,2
610,280,2,2
610,281,2,2
610,282,2,2
610,283,2,2
610,284,2,2
610,285,2,2
610,286,2,2
610,287,2,2
610,288,2,2
610,289,2,2
610,290,2,2
610,291,2,2
610,292,2,2
610,293,2,2
610,294,2,2
610,295,2,2
610,296,2,2
610,297,2,2
610,298,2,2
610,299,2,2
610,300,2,2
610,301,2,2
610,302,2,2
610,303,2,2
610,304,2,2
610,305,2,2
610,306,2,2
610,307,2,2
610,308,2,2
610,309,2,2
610,310,2,2
610,311,2,2
610,312,2,2
610,313,2,2
610,314,2,2
610,315,2,2
610,316,2,2
610,317,2,2
610,318,2,2
610,319,2,2
610,320,2,2
610,321,2,2
610,322,2,2
610,323,2,2
610,324,2,2
610,325,2,2
610,326,2,2
610,327,2,2
610,328,2,2
610,329,2,2
610,330,2,2
610,331,2,2
610,332,2,2
610,333,2,2
610,334,2,2
610,335,2,2
610,336,2,2
610,337,2,2
610,338,2,2
610,339,2,2
610,340,2,2
610,341,2,2
610,342,2,2
611,116,2,2
611,117,2,2
611,118,2,2
611,119,2,2
611,120,2,2
611,121,2,2
611,122,2,2
611,123,2,2
611,124,2,2
611,125,2,2
611,126,2,2
611,127,2,2
611,128,2,2
611,129,2,2
611,130,2,2
611,131,2,2
611,132,2,2
611,133,2,2
611,134,2,2
611,135,2,2
611,136,2,2
611,137,2,2
611,138,2,2
611,139,2,2
611,140,2,2
611,141,2,2
611,142,2,2
611,143,2,2
611,144,2,2
611,145,2,2
611,146,2,2
611,147,2,2
611,148,2,2
611,149,2,2
611,150,2,2
611,151,2,2
611,152,2,2
611,153,2,2
611,154,2,2
611,155,2,2
611,156,2,2
611,157,2,2
611,158,2,2
611,159,2,2
611,160,2,2
611,161,2,2
611,162,2,2
611,163,2,2
611,164,2,2
611,165,2,2
611,166,2,2
611,167,2,2
611,168,2,2
611,169,2,2
611,170,2,2
611,171,2,2
611,172,2,2
611,173,2,2
611,174,2,2
611,175,2,2
611,176,2,2
611,177,2,2
611,178,2,2
611,179,2,2
611,180,2,2
611,181,2,2
611,182,2,2
611,183,2,2
611,184,2,2
611,185,2,2
611,186,2,2
611,187,2,2
611,188,2,2
611,189,2,2
611,190,2,2
611,191,2,2
611,192,2,2
611,193,2,2
611,194,2,2
611,195,2,2
611,196,2,2
611,197,2,2
611,198,2,2
611,199,2,2
611,200,2,2
611,201,2,2
611,202,2,2
611,203,2,2
611,204,2,2
611,205,2,2
611,206,2,2
611,207,2,2
611,208,2,2
611,209,2,2
611,210,2,2
611,211,2,2
611,212,2,2
611,213,2,2
611,214,2,2
611,215,2,2
611,216,2,2
611,217,2,2
611,218,2,2
611,219,2,2
611,220,2,2
611,221,2,2
611,222,2,2
611,223,2,2
611,224,2,2
611,225,2,2
611,226,2,2
611,227,2,2
611,228,2,2
611,229,2,2
611,230,2,2
611,231,2,2
611,232,2,2
611,233,2,2
611,234,2,2
611,235,2,2
611,236,2,2
611,237,2,2
611,238,2,2
611,239,2,2
611,240,2,2
611,241,2,2
611,242,2,2
611,243,2,2
611,244,2,2
611,245,2,2
611,246,2,2
611,247,2,2
611,248,2,2
611,249,2,2
611,250,2,2
611,251,2,2
611,252,2,2
611,253,2,2
611,254,2,2
611,255,2,2
611,256,2,2
611,257,2,2
611,258,2,2
611,259,2,2
611,260,2,2
611,261,2,2
611,262,2,2
611,263,2,2
611,264,2,2
611,265,2,2
611,266,2,2
611,267,2,2
611,268,2,2
611,269,2,2
611,270,2,2
611,271,2,2
611,272,2,2
611,273,2,2
611,274,2,2
611,275,2,2
611,276,2,2
611,277,2,2
611,278,2,2
611,279,2,2
611,280,2,2
611,281,2,2
611,282,2,2
611,283,2,2
611,284,2,2
611,285,2,2
611,286,2,2
611,287,2,2
611,288,2,2
611,289,2,2
611,290,2,2
611,291,2,2
611,292,2,2
611,293,2,2
611,294,2,2
611,295,2,2
611,296,2,2
611,297,2,2
611,298,2,2
611,299,2,2
611,300,2,2
611,301,2,2
611,302,2,2
611,303,2,2
611,304,2,2
611,305,2,2
611,306,2,2
611,307,2,2
611,308,2,2
611,309,2,2
611,310,2,2
611,311,2,2
611,312,2,2
611,313,2,2
611,314,2,2
611,315,2,2
611,316,2,2
611,317,2,2
611,318,2,2
611,319,2,2
611,320,2,2
611,321,2,2
611,322,2,2
611,323,2,2
611,324,2,2
611,325,2,2
611,326,2,2
611,327,2,2
611,328,2,2
611,329,2,2
611,330,2,2
611,331,2,2
611,332,2,2
611,333,2,2
611,334,2,2
611,335,2,2
611,336,2,2
611,337,2,2
611,338,2,2
611,339,2,2
611,340,2,2
611,341,2,2
611,342,2,2
612,115,2,2
612,116,2,2
612,117,2,2
612,118,2,2
612,119,2,2
612,120,2,2
612,121,2,2
612,122,2,2
612,123,2,2
612,124,2,2
612,125,2,2
612,126,2,2
612,127,2,2
612,128,2,2
612,129,2,2
612,130,2,2
612,131,2,2
612,132,2,2
612,133,2,2
612,134,2,2
612,135,2,2
612,136,2,2
612,137,2,2
612,138,2,2
612,139,2,2
612,140,2,2
612,141,2,2
612,142,2,2
612,143,2,2
612,144,2,2
612,145,2,2
612,146,2,2
612,147,2,2
612,148,2,2
612,149,2,2
612,150,2,2
612,151,2,2
612,152,2,2
612,153,2,2
612,154,2,2
612,155,2,2
612,156,2,2
612,157,2,2
612,158,2,2
612,159,2,2
612,160,2,2
612,161,2,2
612,162,2,2
612,163,2,2
612,164,2,2
612,165,2,2
612,166,2,2
612,167,2,2
612,168,2,2
612,169,2,2
612,170,2,2
612,171,2,2
612,172,2,2
612,173,2,2
612,174,2,2
612,175,2,2
612,176,2,2
612,177,2,2
612,178,2,2
612,179,2,2
612,180,2,2
612,181,2,2
612,182,2,2
612,183,2,2
612,184,2,2
612,185,2,2
612,186,2,2
612,187,2,2
612,188,2,2
612,189,2,2
612,190,2,2
612,191,2,2
612,192,2,2
612,193,2,2
612,194,2,2
612,195,2,2
612,196,2,2
612,197,2,2
612,198,2,2
612,199,2,2
612,200,2,2
612,201,2,2
612,202,2,2
612,203,2,2
612,204,2,2
612,205,2,2
612,206,2,2
612,207,2,2
612,208,2,2
612,209,2,2
612,210,2,2
612,211,2,2
612,212,2,2
612,213,2,2
612,214,2,2
612,215,2,2
612,216,2,2
612,217,2,2
612,218,2,2
612,219,2,2
612,220,2,2
612,221,2,2
612,222,2,2
612,223,2,2
612,224,2,2
612,225,2,2
612,226,2,2
612,227,2,2
612,228,2,2
612,229,2,2
612,230,2,2
612,231,2,2
612,232,2,2
612,233,2,2
612,234,2,2
612,235,2,2
612,236,2,2
612,237,2,2
612,238,2,2
612,239,2,2
612,240,2,2
612,241,2,2
612,242,2,2
612,243,2,2
612,244,2,2
612,245,2,2
612,246,2,2
612,247,2,2
612,248,2,2
612,249,2,2
612,250,2,2
612,251,2,2
612,252,2,2
612,253,2,2
612,254,2,2
612,255,2,2
612,256,2,2
612,257,2,2
612,258,2,2
612,259,2,2
612,260,2,2
612,261,2,2
612,262,2,2
612,263,2,2
612,264,2,2
612,265,2,2
612,266,2,2
612,267,2,2
612,268,2,2
612,269,2,2
612,270,2,2
612,271,2,2
612,272,2,2
612,273,2,2
612,274,2,2
612,275,2,2
612,276,2,2
612,277,2,2
612,278,2,2
612,279,2,2
612,280,2,2
612,281,2,2
612,282,2,2
612,283,2,2
612,284,2,2
612,285,2,2
612,286,2,2
612,287,2,2
612,288,2,2
612,289,2,2
612,290,2,2
612,291,2,2
612,292,2,2
612,293,2,2
612,294,2,2
612,295,2,2
612,296,2,2
612,297,2,2
612,298,2,2
612,299,2,2
612,300,2,2
612,301,2,2
612,302,2,2
612,303,2,2
612,304,2,2
612,305,2,2
612,306,2,2
612,307,2,2
612,308,2,2
612,309,2,2
612,310,2,2
612,311,2,2
612,312,2,2
612,313,2,2
612,314,2,2
612,315,2,2
612,316,2,2
612,317,2,2
612,318,2,2
612,319,2,2
612,320,2,2
612,321,2,2
612,322,2,2
612,323,2,2
612,324,2,2
612,325,2,2
612,326,2,2
612,327,2,2
612,328,2,2
612,329,2,2
612,330,2,2
612,331,2,2
612,332,2,2
612,333,2,2
612,334,2,2
612,335,2,2
612,336,2,2
612,337,2,2
612,338,2,2
612,339,2,2
612,340,2,2
612,341,2,2
612,342,2,2
612,343,2,2
613,113,2,2
613,114,2,2
613,115,2,2
613,116,2,2
613,117,2,2
613,118,2,2
613,119,2,2
613,120,2,2
613,121,2,2
613,122,2,2
613,123,2,2
613,124,2,2
613,125,2,2
613,126,2,2
613,127,2,2
613,128,2,2
613,129,2,2
613,130,2,2
613,131,2,2
613,132,2,2
613,133,2,2
613,134,2,2
613,135,2,2
613,136,2,2
613,137,2,2
613,138,2,2
613,139,2,2
613,140,2,2
613,141,2,2
613,142,2,2
613,143,2,2
613,144,2,2
613,145,2,2
613,146,2,2
613,147,2,2
613,148,2,2
613,149,2,2
613,150,2,2
613,151,2,2
613,152,2,2
613,153,2,2
613,154,2,2
613,155,2,2
613,156,2,2
613,157,2,2
613,158,2,2
613,159,2,2
613,160,2,2
613,161,2,2
613,162,2,2
613,163,2,2
613,164,2,2
613,165,2,2
613,166,2,2
613,167,2,2
613,168,2,2
613,169,2,2
613,170,2,2
613,171,2,2
613,172,2,2
613,173,2,2
613,174,2,2
613,175,2,2
613,176,2,2
613,177,2,2
613,178,2,2
613,179,2,2
613,180,2,2
613,181,2,2
613,182,2,2
613,183,2,2
613,184,2,2
613,185,2,2
613,186,2,2
613,187,2,2
613,188,2,2
613,189,2,2
613,190,2,2
613,191,2,2
613,192,2,2
613,193,2,2
613,194,2,2
613,195,2,2
613,196,2,2
613,197,2,2
613,198,2,2
613,199,2,2
613,200,2,2
613,201,2,2
613,202,2,2
613,203,2,2
613,204,2,2
613,205,2,2
613,206,2,2
613,207,2,2
613,208,2,2
613,209,2,2
613,210,2,2
613,211,2,2
613,212,2,2
613,213,2,2
613,214,2,2
613,215,2,2
613,216,2,2
613,217,2,2
613,218,2,2
613,219,2,2
613,220,2,2
613,221,2,2
613,222,2,2
613,223,2,2
613,224,2,2
613,225,2,2
613,226,2,2
613,227,2,2
613,228,2,2
613,229,2,2
613,230,2,2
613,231,2,2
613,232,2,2
613,233,2,2
613,234,2,2
613,235,2,2
613,236,2,2
613,237,2,2
613,238,2,2
613,239,2,2
613,240,2,2
613,241,2,2
613,242,2,2
613,243,2,2
613,244,2,2
613,245,2,2
613,246,2,2
613,247,2,2
613,248,2,2
613,249,2,2
613,250,2,2
613,251,2,2
613,252,2,2
613,253,2,2
613,254,2,2
613,255,2,2
613,256,2,2
613,257,2,2
613,258,2,2
613,259,2,2
613,260,2,2
613,261,2,2
613,262,2,2
613,263,2,2
613,264,2,2
613,265,2,2
613,266,2,2
613,267,2,2
613,268,2,2
613,269,2,2
613,270,2,2
613,271,2,2
613,272,2,2
613,273,2,2
613,274,2,2
613,275,2,2
613,276,2,2
613,277,2,2
613,278,2,2
613,279,2,2
613,280,2,2
613,281,2,2
613,282,2,2
613,283,2,2
613,284,2,2
613,285,2,2
613,286,2,2
613,287,2,2
613,288,2,2
613,289,2,2
613,290,2,2
613,291,2,2
613,292,2,2
613,293,2,2
613,294,2,2
613,295,2,2
613,296,2,2
613,297,2,2
613,298,2,2
613,299,2,2
613,300,2,2
613,301,2,2
613,302,2,2
613,303,2,2
613,304,2,2
613,305,2,2
613,306,2,2
613,307,2,2
613,308,2,2
613,309,2,2
613,310,2,2
613,311,2,2
613,312,2,2
613,313,2,2
613,314,2,2
613,315,2,2
613,316,2,2
613,317,2,2
613,318,2,2
613,319,2,2
613,320,2,2
613,321,2,2
613,322,2,2
613,323,2,2
613,324,2,2
613,325,2,2
613,326,2,2
613,327,2,2
613,328,2,2
613,329,2,2
613,330,2,2
613,331,2,2
613,332,2,2
613,333,2,2
613,334,2,2
613,335,2,2
613,336,2,2
613,337,2,2
613,338,2,2
613,339,2,2
613,340,2,2
613,341,2,2
613,342,2,2
613,343,2,2
613,344,2,3
614,111,2,2
614,112,2,2
614,113,2,2
614,114,2,2
614,115,2,2
614,116,2,2
614,117,2,2
614,118,2,2
614,119,2,2
614,120,2,2
614,121,2,2
614,122,2,2
614,123,2,2
614,124,2,2
614,125,2,2
614,126,2,2
614,127,2,2
614,128,2,2
614,129,2,2
614,130,2,2
614,131,2,2
614,132,2,2
614,133,2,2
614,134,2,2
614,135,2,2
614,136,2,2
614,137,2,2
614,138,2,2
614,139,2,2
614,140,2,2
614,141,2,2
614,142,2,2
614,143,2,2
614,144,2,2
614,145,2,2
614,146,2,2
614,147,2,2
614,148,2,2
614,149,2,2
614,150,2,2
614,151,2,2
614,152,2,2
614,153,2,2
614,154,2,2
614,155,2,2
614,156,2,2
614,157,2,2
614,158,2,2
614,159,2,2
614,160,2,2
614,161,2,2
614,162,2,2
614,163,2,2
614,164,2,2
614,165,2,2
614,166,2,2
614,167,2,2
614,168,2,2
614,169,2,2
614,170,2,2
614,171,2,2
614,172,2,2
614,173,2,2
614,174,2,2
614,175,2,2
614,176,2,2
614,177,2,2
614,178,2,2
614,179,2,2
614,180,2,2
614,181,2,2
614,182,2,2
614,183,2,2
614,184,2,2
614,185,2,2
614,186,2,2
614,187,2,2
614,188,2,2
614,189,2,2
614,190,2,2
614,191,2,2
614,192,2,2
614,193,2,2
614,194,2,2
614,195,2,2
614,196,2,2
614,197,2,2
614,198,2,2
614,199,2,2
614,200,2,2
614,201,2,2
614,202,2,2
614,203,2,2
614,204,2,2
614,205,2,2
614,206,2,2
614,207,2,2
614,208,2,2
614,209,2,2
614,210,2,2
614,211,2,2
614,212,2,2
614,213,2,2
614,214,2,2
614,215,2,2
614,216,2,2
614,217,2,2
614,218,2,2
614,219,2,2
614,220,2,2
614,221,2,2
614,222,2,2
614,223,2,2
614,224,2,2
614,225,2,2
614,226,2,2
614,227,2,2
614,228,2,2
614,229,2,2
614,230,2,2
614,231,2,2
614,232,2,2
614,233,2,2
614,234,2,2
614,235,2,2
614,236,2,2
614,237,2,2
614,238,2,2
614,239,2,2
614,240,2,2
614,241,2,2
614,242,2,2
614,243,2,2
614,244,2,2
614,245,2,2
614,246,2,2
614,247,2,2
614,248,2,2
614,249,2,2
614,250,2,2
614,251,2,2
614,252,2,2
614,253,2,2
614,254,2,2
614,255,2,2
614,256,2,2
614,257,2,2
614,258,2,2
614,259,2,2
614,260,2,2
614,261,2,2
614,262,2,2
614,263,2,2
614,264,2,2
614,265,2,2
614,266,2,2
614,267,2,2
614,268,2,2
614,269,2,2
614,270,2,2
614,271,2,2
614,272,2,2
614,273,2,2
614,274,2,2
614,275,2,2
614,276,2,2
614,277,2,2
614,278,2,2
614,279,2,2
614,280,2,2
614,281,2,2
614,282,2,2
614,283,2,2
614,284,2,2
614,285,2,2
614,286,2,2
614,287,2,2
614,288,2,2
614,289,2,2
614,290,2,2
614,291,2,2
614,292,2,2
614,293,2,2
614,294,2,2
614,295,2,2
614,296,2,2
614,297,2,2
614,298,2,2
614,299,2,2
614,300,2,2
614,301,2,2
614,302,2,2
614,303,2,2
614,304,2,2
614,305,2,2
614,306,2,2
614,307,2,2
614,308,2,2
614,309,2,2
614,310,2,2
614,311,2,2
614,312,2,2
614,313,2,2
614,314,2,2
614,315,2,2
614,316,2,2
614,317,2,2
614,318,2,2
614,319,2,2
614,320,2,2
614,321,2,2
614,322,2,2
614,323,2,2
614,324,2,2
614,325,2,2
614,326,2,2
614,327,2,2
614,328,2,2
614,329,2,2
614,330,2,2
614,331,2,2
614,332,2,2
614,333,2,2
614,334,2,2
614,335,2,2
614,336,2,2
614,337,2,2
614,338,2,2
614,339,2,2
614,340,2,2
614,341,2,2
614,342,2,2
614,343,2,2
614,344,2,3
614,345,2,3
615,109,2,2
615,110,2,2
615,111,2,2
615,112,2,2
615,113,2,2
615,114,2,2
615,115,2,2
615,116,2,2
615,117,2,2
615,118,2,2
615,119,2,2
615,120,2,2
615,121,2,2
615,122,2,2
615,123,2,2
615,124,2,2
615,125,2,2
615,126,2,2
615,127,2,2
615,128,2,2
615,129,2,2
615,130,2,2
615,131,2,2
615,132,2,2
615,133,2,2
615,134,2,2
615,135,2,2
615,136,2,2
615,137,2,2
615,138,2,2
615,139,2,2
615,140,2,2
615,141,2,2
615,142,2,2
615,143,2,2
615,144,2,2
615,145,2,2
615,146,2,2
615,147,2,2
615,148,2,2
615,149,2,2
615,150,2,2
615,151,2,2
615,152,2,2
615,153,2,2
615,154,2,2
615,155,2,2
615,156,2,2
615,157,2,2
615,158,2,2
615,159,2,2
615,160,2,2
615,161,2,2
615,162,2,2
615,163,2,2
615,164,2,2
615,165,2,2
615,166,2,2
615,167,2,2
615,168,2,2
615,169,2,2
615,170,2,2
615,171,2,2
615,172,2,2
615,173,2,2
615,174,2,2
615,175,2,2
615,176,2,2
615,177,2,2
615,178,2,2
615,179,2,2
615,180,2,2
615,181,2,2
615,182,2,2
615,183,2,2
615,184,2,2
615,185,2,2
615,186,2,2
615,187,2,2
615,188,2,2
615,189,2,2
615,190,2,2
615,191,2,2
615,192,2,2
615,193,2,2
615,194,2,2
615,195,2,2
615,196,2,2
615,197,2,2
615,198,2,2
615,199,2,2
615,200,2,2
615,201,2,2
615,202,2,2
615,203,2,2
615,204,2,2
615,205,2,2
615,206,2,2
615,207,2,2
615,208,2,2
615,209,2,2
615,210,2,2
615,211,2,2
615,212,2,2
615,213,2,2
615,214,2,2
615,215,2,2
615,216,2,2
615,217,2,2
615,218,2,2
615,219,2,2
615,220,2,2
615,221,2,2
615,222,2,2
615,223,2,2
615,224,2,2
615,225,2,2
615,226,2,2
615,227,2,2
615,228,2,2
615,229,2,2
615,230,2,2
615,231,2,2
615,232,2,2
615,233,2,2
615,234,2,2
615,235,2,2
615,236,2,2
615,237,2,2
615,238,2,2
615,239,2,2
615,240,2,2
615,241,2,2
615,242,2,2
615,243,2,2
615,244,2,2
615,245,2,2
615,246,2,2
615,247,2,2
615,248,2,2
615,249,2,2
615,250,2,2
615,251,2,2
615,252,2,2
615,253,2,2
615,254,2,2
615,255,2,2
615,256,2,2
615,257,2,2
615,258,2,2
615,259,2,2
615,260,2,2
615,261,2,2
615,262,2,2
615,263,2,2
615,264,2,2
615,265,2,2
615,266,2,2
615,267,2,2
615,268,2,2
615,269,2,2
615,270,2,2
615,271,2,2
615,272,2,2
615,273,2,2
615,274,2,2
615,275,2,2
615,276,2,2
615,277,2,2
615,278,2,2
615,279,2,2
615,280,2,2
615,281,2,2
615,282,2,2
615,283,2,2
615,284,2,2
615,285,2,2
615,286,2,2
615,287,2,2
615,288,2,2
615,289,2,2
615,290,2,2
615,291,2,2
615,292,2,2
615,293,2,2
615,294,2,2
615,295,2,2
615,296,2,2
615,297,2,2
615,298,2,2
615,299,2,2
615,300,2,2
615,301,2,2
615,302,2,2
615,303,2,2
615,304,2,2
615,305,2,2
615,306,2,2
615,307,2,2
615,308,2,2
615,309,2,2
615,310,2,2
615,311,2,2
615,312,2,2
615,313,2,2
615,314,2,2
615,315,2,2
615,316,2,2
615,317,2,2
615,318,2,2
615,319,2,2
615,320,2,2
615,321,2,2
615,322,2,2
615,323,2,2
615,324,2,2
615,325,2,2
615,326,2,2
615,327,2,2
615,328,2,2
615,329,2,2
615,330,2,2
615,331,2,2
615,332,2,2
615,333,2,2
615,334,2,2
615,335,2,2
615,336,2,2
615,337,2,2
615,338,2,2
615,339,2,2
615,340,2,2
615,341,2,2
615,342,2,2
615,343,2,2
615,344,2,2
615,345,2,2
615,346,2,3
616,108,2,2
616,109,2,2
616,110,2,2
616,111,2,2
616,112,2,2
616,113,2,2
616,114,2,2
616,115,2,2
616,116,2,2
616,117,2,2
616,118,2,2
616,119,2,2
616,120,2,2
616,121,2,2
616,122,2,2
616,123,2,2
616,124,2,2
616,125,2,2
616,126,2,2
616,127,2,2
616,128,2,2
616,129,2,2
616,130,2,2
616,131,2,2
616,132,2,2
616,133,2,2
616,134,2,2
616,135,2,2
616,136,2,2
616,137,2,2
616,138,2,2
616,139,2,2
616,140,2,2
616,141,2,2
616,142,2,2
616,143,2,2
616,144,2,2
616,145,2,2
616,146,2,2
616,147,2,2
616,148,2,2
616,149,2,2
616,150,2,2
616,151,2,2
616,152,2,2
616,153,2,2
616,154,2,2
616,155,2,2
616,156,2,2
616,157,2,2
616,158,2,2
616,159,2,2
616,160,2,2
616,161,2,2
616,162,2,2
616,163,2,2
616,164,2,2
616,165,2,2
616,166,2,2
616,167,2,2
616,168,2,2
616,169,2,2
616,170,2,2
616,171,2,2
616,172,2,2
616,173,2,2
616,174,2,2
616,175,2,2
616,176,2,2
616,177,2,2
616,178,2,2
616,179,2,2
616,180,2,2
616,181,2,2
616,182,2,2
616,183,2,2
616,184,2,2
616,185,2,2
616,186,2,2
616,187,2,2
616,188,2,2
616,189,2,2
616,190,2,2
616,191,2,2
616,192,2,2
616,193,2,2
616,194,2,2
616,195,2,2
616,196,2,2
616,197,2,2
616,198,2,2
616,199,2,2
616,200,2,2
616,201,2,2
616,202,2,2
616,203,2,2
616,204,2,2
616,205,2,2
616,206,2,2
616,207,2,2
616,208,2,2
616,209,2,2
616,210,2,2
616,211,2,2
616,212,2,2
616,213,2,2
616,214,2,2
616,215,2,2
616,216,2,2
616,217,2,2
616,218,2,2
616,219,2,2
616,220,2,2
616,221,2,2
616,222,2,2
616,223,2,2
616,224,2,2
616,225,2,2
616,226,2,2
616,227,2,2
616,228,2,2
616,229,2,2
616,230,2,2
616,231,2,2
616,232,2,2
616,233,2,2
616,234,2,2
616,235,2,2
616,236,2,2
616,237,2,2
616,238,2,2
616,239,2,2
616,240,2,2
616,241,2,2
616,242,2,2
616,243,2,2
616,244,2,2
616,245,2,2
616,246,2,2
616,247,2,2
616,248,2,2
616,249,2,2
616,250,2,2
616,251,2,2
616,252,2,2
616,253,2,2
616,254,2,2
616,255,2,2
616,256,2,2
616,257,2,2
616,258,2,2
616,259,2,2
616,260,2,2
616,261,2,2
616,262,2,2
616,263,2,2
616,264,2,2
616,265,2,2
616,266,2,2
616,267,2,2
616,268,2,2
616,269,2,2
616,270,2,2
616,271,2,2
616,272,2,2
616,273,2,2
616,274,2,2
616,275,2,2
616,276,2,2
616,277,2,2
616,278,2,2
616,279,2,2
616,280,2,2
616,281,2,2
616,282,2,2
616,283,2,2
616,284,2,2
616,285,2,2
616,286,2,2
616,287,2,2
616,288,2,2
616,289,2,2
616,290,2,2
616,291,2,2
616,292,2,2
616,293,2,2
616,294,2,2
616,295,2,2
616,296,2,2
616,297,2,2
616,298,2,2
616,299,2,2
616,300,2,2
616,301,2,2
616,302,2,2
616,303,2,2
616,304,2,2
616,305,2,2
616,306,2,2
616,307,2,2
616,308,2,2
616,309,2,2
616,310,2,2
616,311,2,2
616,312,2,2
616,313,2,2
616,314,2,2
616,315,2,2
616,316,2,2
616,317,2,2
616,318,2,2
616,319,2,2
616,320,2,2
616,321,2,2
616,322,2,2
616,323,2,2
616,324,2,2
616,325,2,2
616,326,2,2
616,327,2,2
616,328,2,2
616,329,2,2
616,330,2,2
616,331,2,2
616,332,2,2
616,333,2,2
616,334,2,2
616,335,2,2
616,336,2,2
616,337,2,2
616,338,2,2
616,339,2,2
616,340,2,2
616,341,2,2
616,342,2,2
616,343,2,2
616,344,2,2
616,345,2,2
616,346,2,2
617,106,2,2
617,107,2,2
617,108,2,2
617,109,2,2
617,110,2,2
617,111,2,2
617,112,2,2
617,113,2,2
617,114,2,2
617,115,2,2
617,116,2,2
617,117,2,2
617,118,2,2
617,119,2,2
617,120,2,2
617,121,2,2
617,122,2,2
617,123,2,2
617,124,2,2
617,125,2,2
617,126,2,2
617,127,2,2
617,128,2,2
617,129,2,2
617,130,2,2
617,131,2,2
617,132,2,2
617,133,2,2
617,134,2,2
617,135,2,2
617,136,2,2
617,137,2,2
617,138,2,2
617,139,2,2
617,140,2,2
617,141,2,2
617,142,2,2
617,143,2,2
617,144,2,2
617,145,2,2
617,146,2,2
617,147,2,2
617,148,2,2
617,149,2,2
617,150,2,2
617,151,2,2
617,152,2,2
617,153,2,2
617,154,2,2
617,155,2,2
617,156,2,2
617,157,2,2
617,158,2,2
617,159,2,2
617,160,2,2
617,161,2,2
617,162,2,2
617,163,2,2
617,164,2,2
617,165,2,2
617,166,2,2
617,167,2,2
617,168,2,2
617,169,2,2
617,170,2,2
617,171,2,2
617,172,2,2
617,173,2,2
617,174,2,2
617,175,2,2
617,176,2,2
617,177,2,2
617,178,2,2
617,179,2,2
617,180,2,2
617,181,2,2
617,182,2,2
617,183,2,2
617,184,2,2
617,185,2,2
617,186,2,2
617,187,2,2
617,188,2,2
617,189,2,2
617,190,2,2
617,191,2,2
617,192,2,2
617,193,2,2
617,194,2,2
617,195,2,2
617,196,2,2
617,197,2,2
617,198,2,2
617,199,2,2
617,200,2,2
617,201,2,2
617,202,2,2
617,203,2,2
617,204,2,2
617,205,2,2
617,206,2,2
617,207,2,2
617,208,2,2
617,209,2,2
617,210,2,2
617,211,2,2
617,212,2,2
617,213,2,2
617,214,2,2
617,215,2,2
617,216,2,2
617,217,2,2
617,218,2,2
617,219,2,2
617,220,2,2
617,221,2,2
617,222,2,2
617,223,2,2
617,224,2,2
617,225,2,2
617,226,2,2
617,227,2,2
617,228,2,2
617,229,2,2
617,230,2,2
617,231,2,2
617,232,2,2
617,233,2,2
617,234,2,2
617,235,2,2
617,236,2,2
617,237,2,2
617,238,2,2
617,239,2,2
617,240,2,2
617,241,2,2
617,242,2,2
617,243,2,2
617,244,2,2
617,245,2,2
617,246,2,2
617,247,2,2
617,248,2,2
617,249,2,2
617,250,2,2
617,251,2,2
617,252,2,2
617,253,2,2
617,254,2,2
617,255,2,2
617,256,2,2
617,257,2,2
617,258,2,2
617,259,2,2
617,260,2,2
617,261,2,2
617,262,2,2
617,263,2,2
617,264,2,2
617,265,2,2
617,266,2,2
617,267,2,2
617,268,2,2
617,269,2,2
617,270,2,2
617,271,2,2
617,272,2,2
617,273,2,2
617,274,2,2
617,275,2,2
617,276,2,2
617,277,2,2
617,278,2,2
617,279,2,2
617,280,2,2
617,281,2,2
617,282,2,2
617,283,2,2
617,284,2,2
617,285,2,2
617,286,2,2
617,287,2,2
617,288,2,2
617,289,2,2
617,290,2,2
617,291,2,2
617,292,2,2
617,293,2,2
617,294,2,2
617,295,2,2
617,296,2,2
617,297,2,2
617,298,2,2
617,299,2,2
617,300,2,2
617,301,2,2
617,302,2,2
617,303,2,2
617,304,2,2
617,305,2,2
617,306,2,2
617,307,2,2
617,308,2,2
617,309,2,2
617,310,2,2
617,311,2,2
617,312,2,2
617,313,2,2
617,314,2,2
617,315,2,2
617,316,2,2
617,317,2,2
617,318,2,2
617,319,2,2
617,320,2,2
617,321,2,2
617,322,2,2
617,323,2,2
617,324,2,2
617,325,2,2
617,326,2,2
617,327,2,2
617,328,2,2
617,329,2,2
617,330,2,2
617,331,2,2
617,332,2,2
617,333,2,2
617,334,2,2
617,335,2,2
617,336,2,2
617,337,2,2
617,338,2,2
617,339,2,2
617,340,2,2
617,341,2,2
617,342,2,2
617,343,2,2
617,344,2,2
617,345,2,2
617,346,2,2
617,347,2,3
618,105,2,2
618,106,2,2
618,107,2,2
618,108,2,2
618,109,2,2
618,110,2,2
618,111,2,2
618,112,2,2
618,113,2,2
618,114,2,2
618,115,2,2
618,116,2,2
618,117,2,2
618,118,2,2
618,119,2,2
618,120,2,2
618,121,2,2
618,122,2,2
618,123,2,2
618,124,2,2
618,125,2,2
618,126,2,2
618,127,2,2
618,128,2,2
618,129,2,2
618,130,2,2
618,131,2,2
618,132,2,2
618,133,2,2
618,134,2,2
618,135,2,2
618,136,2,2
618,137,2,2
618,138,2,2
618,139,2,2
618,140,2,2
618,141,2,2
618,142,2,2
618,143,2,2
618,144,2,2
618,145,2,2
618,146,2,2
618,147,2,2
618,148,2,2
618,149,2,2
618,150,2,2
618,151,2,2
618,152,2,2
618,153,2,2
618,154,2,2
618,155,2,2
618,156,2,2
618,157,2,2
618,158,2,2
618,159,2,2
618,160,2,2
618,161,2,2
618,162,2,2
618,163,2,2
618,164,2,2
618,165,2,2
618,166,2,2
618,167,2,2
618,168,2,2
618,169,2,2
618,170,2,2
618,171,2,2
618,172,2,2
618,173,2,2
618,174,2,2
618,175,2,2
618,176,2,2
618,177,2,2
618,178,2,2
618,179,2,2
618,180,2,2
618,181,2,2
618,182,2,2
618,183,2,2
618,184,2,2
618,185,2,2
618,186,2,2
618,187,2,2
618,188,2,2
618,189,2,2
618,190,2,2
618,191,2,2
618,192,2,2
618,193,2,2
618,194,2,2
618,195,2,2
618,196,2,2
618,197,2,2
618,198,2,2
618,199,2,2
618,200,2,2
618,201,2,2
618,202,2,2
618,203,2,2
618,204,2,2
618,205,2,2
618,206,2,2
618,207,2,2
618,208,2,2
618,209,2,2
618,210,2,2
618,211,2,2
618,212,2,2
618,213,2,2
618,214,2,2
618,215,2,2
618,216,2,2
618,217,2,2
618,218,2,2
618,219,2,2
618,220,2,2
618,221,2,2
618,222,2,2
618,223,2,2
618,224,2,2
618,225,2,2
618,226,2,2
618,227,2,2
618,228,2,2
618,229,2,2
618,230,2,2
618,231,2,2
618,232,2,2
618,233,2,2
618,234,2,2
618,235,2,2
618,236,2,2
618,237,2,2
618,238,2,2
618,239,2,2
618,240,2,2
618,241,2,2
618,242,2,2
618,243,2,2
618,244,2,2
618,245,2,2
618,246,2,2
618,247,2,2
618,248,2,2
618,249,2,2
618,250,2,2
618,251,2,2
618,252,2,2
618,253,2,2
618,254,2,2
618,255,2,2
618,256,2,2
618,257,2,2
618,258,2,2
618,259,2,2
618,260,2,2
618,261,2,2
618,262,2,2
618,263,2,2
618,264,2,2
618,265,2,2
618,266,2,2
618,267,2,2
618,268,2,2
618,269,2,2
618,270,2,2
618,271,2,2
618,272,2,2
618,273,2,2
618,274,2,2
618,275,2,2
618,276,2,2
618,277,2,2
618,278,2,2
618,279,2,2
618,280,2,2
618,281,2,2
618,282,2,2
618,283,2,2
618,284,2,2
618,285,2,2
618,286,2,2
618,287,2,2
618,288,2,2
618,289,2,2
618,290,2,2
618,291,2,2
618,292,2,2
618,293,2,2
618,294,2,2
618,295,2,2
618,296,2,2
618,297,2,2
618,298,2,2
618,299,2,2
618,300,2,2
618,301,2,2
618,302,2,2
618,303,2,2
618,304,2,2
618,305,2,2
618,306,2,2
618,307,2,2
618,308,2,2
618,309,2,2
618,310,2,2
618,311,2,2
618,312,2,2
618,313,2,2
618,314,2,2
618,315,2,2
618,316,2,2
618,317,2,2
618,318,2,2
618,319,2,2
618,320,2,2
618,321,2,2
618,322,2,2
618,323,2,2
618,324,2,2
618,325,2,2
618,326,2,2
618,327,2,2
618,328,2,2
618,329,2,2
618,330,2,2
618,331,2,2
618,332,2,2
618,333,2,2
618,334,2,2
618,335,2,2
618,336,2,2
618,337,2,2
618,338,2,2
618,339,2,2
618,340,2,2
618,341,2,2
618,342,2,2
618,343,2,2
618,344,2,2
618,345,2,2
618,346,2,2
618,347,2,2
619,103,2,2
619,104,2,2
619,105,2,2
619,106,2,2
619,107,2,2
619,108,2,2
619,109,2,2
619,110,2,2
619,111,2,2
619,112,2,2
619,113,2,2
619,114,2,2
619,115,2,2
619,116,2,2
619,117,2,2
619,118,2,2
619,119,2,2
619,120,2,2
619,121,2,2
619,122,2,2
619,123,2,2
619,124,2,2
619,125,2,2
619,126,2,2
619,127,2,2
619,128,2,2
619,129,2,2
619,130,2,2
619,131,2,2
619,132,2,2
619,133,2,2
619,134,2,2
619,135,2,2
619,136,2,2
619,137,2,2
619,138,2,2
619,139,2,2
619,140,2,2
619,141,2,2
619,142,2,2
619,143,2,2
619,144,2,2
619,145,2,2
619,146,2,2
619,147,2,2
619,148,2,2
619,149,2,2
619,150,2,2
619,151,2,2
619,152,2,2
619,153,2,2
619,154,2,2
619,155,2,2
619,156,2,2
619,157,2,2
619,158,2,2
619,159,2,2
619,160,2,2
619,161,2,2
619,162,2,2
619,163,2,2
619,164,2,2
619,165,2,2
619,166,2,2
619,167,2,2
619,168,2,2
619,169,2,2
619,170,2,2
619,171,2,2
619,172,2,2
619,173,2,2
619,174,2,2
619,175,2,2
619,176,2,2
619,177,2,2
619,178,2,2
619,179,2,2
619,180,2,2
619,181,2,2
619,182,2,2
619,183,2,2
619,184,2,2
619,185,2,2
619,186,2,2
619,187,2,2
619,188,2,2
619,189,2,2
619,190,2,2
619,191,2,2
619,192,2,2
619,193,2,2
619,194,2,2
619,195,2,2
619,196,2,2
619,197,2,2
619,198,2,2
619,199,2,2
619,200,2,2
619,201,2,2
619,202,2,2
619,203,2,2
619,204,2,2
619,205,2,2
619,206,2,2
619,207,2,2
619,208,2,2
619,209,2,2
619,210,2,2
619,211,2,2
619,212,2,2
619,213,2,2
619,214,2,2
619,215,2,2
619,216,2,2
619,217,2,2
619,218,2,2
619,219,2,2
619,220,2,2
619,221,2,2
619,222,2,2
619,223,2,2
619,224,2,2
619,225,2,2
619,226,2,2
619,227,2,2
619,228,2,2
619,229,2,2
619,230,2,2
619,231,2,2
619,232,2,2
619,233,2,2
619,234,2,2
619,235,2,2
619,236,2,2
619,237,2,2
619,238,2,2
619,239,2,2
619,240,2,2
619,241,2,2
619,242,2,2
619,243,2,2
619,244,2,2
619,245,2,2
619,246,2,2
619,247,2,2
619,248,2,2
619,249,2,2
619,250,2,2
619,251,2,2
619,252,2,2
619,253,2,2
619,254,2,2
619,255,2,2
619,256,2,2
619,257,2,2
619,258,2,2
619,259,2,2
619,260,2,2
619,261,2,2
619,262,2,2
619,263,2,2
619,264,2,2
619,265,2,2
619,266,2,2
619,267,2,2
619,268,2,2
619,269,2,2
619,270,2,2
619,271,2,2
619,272,2,2
619,273,2,2
619,274,2,2
619,275,2,2
619,276,2,2
619,277,2,2
619,278,2,2
619,279,2,2
619,280,2,2
619,281,2,2
619,282,2,2
619,283,2,2
619,284,2,2
619,285,2,2
619,286,2,2
619,287,2,2
619,288,2,2
619,289,2,2
619,290,2,2
619,291,2,2
619,292,2,2
619,293,2,2
619,294,2,2
619,295,2,2
619,296,2,2
619,297,2,2
619,298,2,2
619,299,2,2
619,300,2,2
619,301,2,2
619,302,2,2
619,303,2,2
619,304,2,2
619,305,2,2
619,306,2,2
619,307,2,2
619,308,2,2
619,309,2,2
619,310,2,2
619,311,2,2
619,312,2,2
619,313,2,2
619,314,2,2
619,315,2,2
619,316,2,2
619,317,2,2
619,318,2,2
619,319,2,2
619,320,2,2
619,321,2,2
619,322,2,2
619,323,2,2
619,324,2,2
619,325,2,2
619,326,2,2
619,327,2,2
619,328,2,2
619,329,2,2
619,330,2,2
619,331,2,2
619,332,2,2
619,333,2,2
619,334,2,2
619,335,2,2
619,336,2,2
619,337,2,2
619,338,2,2
619,339,2,2
619,340,2,2
619,341,2,2
619,342,2,2
619,343,2,2
619,344,2,2
619,345,2,2
619,346,2,2
619,347,2,2
619,348,2,3
620,102,2,2
620,103,2,2
620,104,2,2
620,105,2,2
620,106,2,2
620,107,2,2
620,108,2,2
620,109,2,2
620,110,2,2
620,111,2,2
620,112,2,2
620,113,2,2
620,114,2,2
620,115,2,2
620,116,2,2
620,117,2,2
620,118,2,2
620,119,2,2
620,120,2,2
620,121,2,2
620,122,2,2
620,123,2,2
620,124,2,2
620,125,2,2
620,126,2,2
620,127,2,2
620,128,2,2
620,129,2,2
620,130,2,2
620,131,2,2
620,132,2,2
620,133,2,2
620,134,2,2
620,135,2,2
620,136,2,2
620,137,2,2
620,138,2,2
620,139,2,2
620,140,2,2
620,141,2,2
620,142,2,2
620,143,2,2
620,144,2,2
620,145,2,2
620,146,2,2
620,147,2,2
620,148,2,2
620,149,2,2
620,150,2,2
620,151,2,2
620,152,2,2
620,153,2,2
620,154,2,2
620,155,2,2
620,156,2,2
620,157,2,2
620,158,2,2
620,159,2,2
620,160,2,2
620,161,2,2
620,162,2,2
620,163,2,2
620,164,2,2
620,165,2,2
620,166,2,2
620,167,2,2
620,168,2,2
620,169,2,2
620,170,2,2
620,171,2,2
620,172,2,2
620,173,2,2
620,174,2,2
620,175,2,2
620,176,2,2
620,177,2,2
620,178,2,2
620,179,2,2
620,180,2,2
620,181,2,2
620,182,2,2
620,183,2,2
620,184,2,2
620,185,2,2
620,186,2,2
620,187,2,2
620,188,2,2
620,189,2,2
620,190,2,2
620,191,2,2
620,192,2,2
620,193,2,2
620,194,2,2
620,195,2,2
620,196,2,2
620,197,2,2
620,198,2,2
620,199,2,2
620,200,2,2
620,201,2,2
620,202,2,2
620,203,2,2
620,204,2,2
620,205,2,2
620,206,2,2
620,207,2,2
620,208,2,2
620,209,2,2
620,210,2,2
620,211,2,2
620,212,2,2
620,213,2,2
620,214,2,2
620,215,2,2
620,216,2,2
620,217,2,2
620,218,2,2
620,219,2,2
620,220,2,2
620,221,2,2
620,222,2,2
620,223,2,2
620,224,2,2
620,225,2,2
620,226,2,2
620,227,2,2
620,228,2,2
620,229,2,2
620,230,2,2
620,231,2,2
620,232,2,2
620,233,2,2
620,234,2,2
620,235,2,2
620,236,2,2
620,237,2,2
620,238,2,2
620,239,2,2
620,240,2,2
620,241,2,2
620,242,2,2
620,243,2,2
620,244,2,2
620,245,2,2
620,246,2,2
620,247,2,2
620,248,2,2
620,249,2,2
620,250,2,2
620,251,2,2
620,252,2,2
620,253,2,2
620,254,2,2
620,255,2,2
620,256,2,2
620,257,2,2
620,258,2,2
620,259,2,2
620,260,2,2
620,261,2,2
620,262,2,2
620,263,2,2
620,264,2,2
620,265,2,2
620,266,2,2
620,267,2,2
620,268,2,2
620,269,2,2
620,270,2,2
620,271,2,2
620,272,2,2
620,273,2,2
620,274,2,2
620,275,2,2
620,276,2,2
620,277,2,2
620,278,2,2
620,279,2,2
620,280,2,2
620,281,2,2
620,282,2,2
620,283,2,2
620,284,2,2
620,285,2,2
620,286,2,2
620,287,2,2
620,288,2,2
620,289,2,2
620,290,2,2
620,291,2,2
620,292,2,2
620,293,2,2
620,294,2,2
620,295,2,2
620,296,2,2
620,297,2,2
620,298,2,2
620,299,2,2
620,300,2,2
620,301,2,2
620,302,2,2
620,303,2,2
620,304,2,2
620,305,2,2
620,306,2,2
620,307,2,2
620,308,2,2
620,309,2,2
620,310,2,2
620,311,2,2
620,312,2,2
620,313,2,2
620,314,2,2
620,315,2,2
620,316,2,2
620,317,2,2
620,318,2,2
620,319,2,2
620,320,2,2
620,321,2,2
620,322,2,2
620,323,2,2
620,324,2,2
620,325,2,2
620,326,2,2
620,327,2,2
620,328,2,2
620,329,2,2
620,330,2,2
620,331,2,2
620,332,2,2
620,333,2,2
620,334,2,2
620,335,2,2
620,336,2,2
620,337,2,2
620,338,2,2
620,339,2,2
620,340,2,2
620,341,2,2
620,342,2,2
620,343,2,2
620,344,2,2
620,345,2,2
620,346,2,2
620,347,2,2
620,348,2,2
620,349,2,2
620,350,2,3
621,100,2,2
621,101,2,2
621,102,2,2
621,103,2,2
621,104,2,2
621,105,2,2
621,106,2,2
621,107,2,2
621,108,2,2
621,109,2,2
621,110,2,2
621,111,2,2
621,112,2,2
621,113,2,2
621,114,2,2
621,115,2,2
621,116,2,2
621,117,2,2
621,118,2,2
621,119,2,2
621,120,2,2
621,121,2,2
621,122,2,2
621,123,2,2
621,124,2,2
621,125,2,2
621,126,2,2
621,127,2,2
621,128,2,2
621,129,2,2
621,130,2,2
621,131,2,2
621,132,2,2
621,133,2,2
621,134,2,2
621,135,2,2
621,136,2,2
621,137,2,2
621,138,2,2
621,139,2,2
621,140,2,2
621,141,2,2
621,142,2,2
621,143,2,2
621,144,2,2
621,145,2,2
621,146,2,2
621,147,2,2
621,148,2,2
621,149,2,2
621,150,2,2
621,151,2,2
621,152,2,2
621,153,2,2
621,154,2,2
621,155,2,2
621,156,2,2
621,157,2,2
621,158,2,2
621,159,2,2
621,160,2,2
621,161,2,2
621,162,2,2
621,163,2,2
621,164,2,2
621,165,2,2
621,166,2,2
621,167,2,2
621,168,2,2
621,169,2,2
621,170,2,2
621,171,2,2
621,172,2,2
621,173,2,2
621,174,2,2
621,175,2,2
621,176,2,2
621,177,2,2
621,178,2,2
621,179,2,2
621,180,2,2
621,181,2,2
621,182,2,2
621,183,2,2
621,184,2,2
621,185,2,2
621,186,2,2
621,187,2,2
621,188,2,2
621,189,2,2
621,190,2,2
621,191,2,2
621,192,2,2
621,193,2,2
621,194,2,2
621,195,2,2
621,196,2,2
621,197,2,2
621,198,2,2
621,199,2,2
621,200,2,2
621,201,2,2
621,202,2,2
621,203,2,2
621,204,2,2
621,205,2,2
621,206,2,2
621,207,2,2
621,208,2,2
621,209,2,2
621,210,2,2
621,211,2,2
621,212,2,2
621,213,2,2
621,214,2,2
621,215,2,2
621,216,2,2
621,217,2,2
621,218,2,2
621,219,2,2
621,220,2,2
621,221,2,2
621,222,2,2
621,223,2,2
621,224,2,2
621,225,2,2
621,226,2,2
621,227,2,2
621,228,2,2
621,229,2,2
621,230,2,2
621,231,2,2
621,232,2,2
621,233,2,2
621,234,2,2
621,235,2,2
621,236,2,2
621,237,2,2
621,238,2,2
621,239,2,2
621,240,2,2
621,241,2,2
621,242,2,2
621,243,2,2
621,244,2,2
621,245,2,2
621,246,2,2
621,247,2,2
621,248,2,2
621,249,2,2
621,250,2,2
621,251,2,2
621,252,2,2
621,253,2,2
621,254,2,2
621,255,2,2
621,256,2,2
621,257,2,2
621,258,2,2
621,259,2,2
621,260,2,2
621,261,2,2
621,262,2,2
621,263,2,2
621,264,2,2
621,265,2,2
621,266,2,2
621,267,2,2
621,268,2,2
621,269,2,2
621,270,2,2
621,271,2,2
621,272,2,2
621,273,2,2
621,274,2,2
621,275,2,2
621,276,2,2
621,277,2,2
621,278,2,2
621,279,2,2
621,280,2,2
621,281,2,2
621,282,2,2
621,283,2,2
621,284,2,2
621,285,2,2
621,286,2,2
621,287,2,2
621,288,2,2
621,289,2,2
621,290,2,2
621,291,2,2
621,292,2,2
621,293,2,2
621,294,2,2
621,295,2,2
621,296,2,2
621,297,2,2
621,298,2,2
621,299,2,2
621,300,2,2
621,301,2,2
621,302,2,2
621,303,2,2
621,304,2,2
621,305,2,2
621,306,2,2
621,307,2,2
621,308,2,2
621,309,2,2
621,310,2,2
621,311,2,2
621,312,2,2
621,313,2,2
621,314,2,2
621,315,2,2
621,316,2,2
621,317,2,2
621,318,2,2
621,319,2,2
621,320,2,2
621,321,2,2
621,322,2,2
621,323,2,2
621,324,2,2
621,325,2,2
621,326,2,2
621,327,2,2
621,328,2,2
621,329,2,2
621,330,2,2
621,331,2,2
621,332,2,2
621,333,2,2
621,334,2,2
621,335,2,2
621,336,2,2
621,337,2,2
621,338,2,2
621,339,2,2
621,340,2,2
621,341,2,2
621,342,2,2
621,343,2,2
621,344,2,2
621,345,2,2
621,346,2,2
621,347,2,2
621,348,2,2
621,349,2,2
621,350,2,2
621,351,2,2
622,99,2,2
622,100,2,2
622,101,2,2
622,102,2,2
622,103,2,2
622,104,2,2
622,105,2,2
622,106,2,2
622,107,2,2
622,108,2,2
622,109,2,2
622,110,2,2
622,111,2,2
622,112,2,2
622,113,2,2
622,114,2,2
622,115,2,2
622,116,2,2
622,117,2,2
622,118,2,2
622,119,2,2
622,120,2,2
622,121,2,2
622,122,2,2
622,123,2,2
622,124,2,2
622,125,2,2
622,126,2,2
622,127,2,2
622,128,2,2
622,129,2,2
622,130,2,2
622,131,2,2
622,132,2,2
622,133,2,2
622,134,2,2
622,135,2,2
622,136,2,2
622,137,2,2
622,138,2,2
622,139,2,2
622,140,2,2
622,141,2,2
622,142,2,2
622,143,2,2
622,144,2,2
622,145,2,2
622,146,2,2
622,147,2,2
622,148,2,2
622,149,2,2
622,150,2,2
622,151,2,2
622,152,2,2
622,153,2,2
622,154,2,2
622,155,2,2
622,156,2,2
622,157,2,2
622,158,2,2
622,159,2,2
622,160,2,2
622,161,2,2
622,162,2,2
622,163,2,2
622,164,2,2
622,165,2,2
622,166,2,2
622,167,2,2
622,168,2,2
622,169,2,2
622,170,2,2
622,171,2,2
622,172,2,2
622,173,2,2
622,174,2,2
622,175,2,2
622,176,2,2
622,177,2,2
622,178,2,2
622,179,2,2
622,180,2,2
622,181,2,2
622,182,2,2
622,183,2,2
622,184,2,2
622,185,2,2
622,186,2,2
622,187,2,2
622,188,2,2
622,189,2,2
622,190,2,2
622,191,2,2
622,192,2,2
622,193,2,2
622,194,2,2
622,195,2,2
622,196,2,2
622,197,2,2
622,198,2,2
622,199,2,2
622,200,2,2
622,201,2,2
622,202,2,2
622,203,2,2
622,204,2,2
622,205,2,2
622,206,2,2
622,207,2,2
622,208,2,2
622,209,2,2
622,210,2,2
622,211,2,2
622,212,2,2
622,213,2,2
622,214,2,2
622,215,2,2
622,216,2,2
622,217,2,2
622,218,2,2
622,219,2,2
622,220,2,2
622,221,2,2
622,222,2,2
622,223,2,2
622,224,2,2
622,225,2,2
622,226,2,2
622,227,2,2
622,228,2,2
622,229,2,2
622,230,2,2
622,231,2,2
622,232,2,2
622,233,2,2
622,234,2,2
622,235,2,2
622,236,2,2
622,237,2,2
622,238,2,2
622,239,2,2
622,240,2,2
622,241,2,2
622,242,2,2
622,243,2,2
622,244,2,2
622,245,2,2
622,246,2,2
622,247,2,2
622,248,2,2
622,249,2,2
622,250,2,2
622,251,2,2
622,252,2,2
622,253,2,2
622,254,2,2
622,255,2,2
622,256,2,2
622,257,2,2
622,258,2,2
622,259,2,2
622,260,2,2
622,261,2,2
622,262,2,2
622,263,2,2
622,264,2,2
622,265,2,2
622,266,2,2
622,267,2,2
622,268,2,2
622,269,2,2
622,270,2,2
622,271,2,2
622,272,2,2
622,273,2,2
622,274,2,2
622,275,2,2
622,276,2,2
622,277,2,2
622,278,2,2
622,279,2,2
622,280,2,2
622,281,2,2
622,282,2,2
622,283,2,2
622,284,2,2
622,285,2,2
622,286,2,2
622,287,2,2
622,288,2,2
622,289,2,2
622,290,2,2
622,291,2,2
622,292,2,2
622,293,2,2
622,294,2,2
622,295,2,2
622,296,2,2
622,297,2,2
622,298,2,2
622,299,2,2
622,300,2,2
622,301,2,2
622,302,2,2
622,303,2,2
622,304,2,2
622,305,2,2
622,306,2,2
622,307,2,2
622,308,2,2
622,309,2,2
622,310,2,2
622,311,2,2
622,312,2,2
622,313,2,2
622,314,2,2
622,315,2,2
622,316,2,2
622,317,2,2
622,318,2,2
622,319,2,2
622,320,2,2
622,321,2,2
622,322,2,2
622,323,2,2
622,324,2,2
622,325,2,2
622,326,2,2
622,327,2,2
622,328,2,2
622,329,2,2
622,330,2,2
622,331,2,2
622,332,2,2
622,333,2,2
622,334,2,2
622,335,2,2
622,336,2,2
622,337,2,2
622,338,2,2
622,339,2,2
622,340,2,2
622,341,2,2
622,342,2,2
622,343,2,2
622,344,2,2
622,345,2,2
622,346,2,2
622,347,2,2
622,348,2,2
622,349,2,2
622,350,2,2
622,351,2,2
622,352,2,3
623,97,2,2
623,98,2,2
623,99,2,2
623,100,2,2
623,101,2,2
623,102,2,2
623,103,2,2
623,104,2,2
623,105,2,2
623,106,2,2
623,107,2,2
623,108,2,2
623,109,2,2
623,110,2,2
623,111,2,2
623,112,2,2
623,113,2,2
623,114,2,2
623,115,2,2
623,116,2,2
623,117,2,2
623,118,2,2
623,119,2,2
623,120,2,2
623,121,2,2
623,122,2,2
623,123,2,2
623,124,2,2
623,125,2,2
623,126,2,2
623,127,2,2
623,128,2,2
623,129,2,2
623,130,2,2
623,131,2,2
623,132,2,2
623,133,2,2
623,134,2,2
623,135,2,2
623,136,2,2
623,137,2,2
623,138,2,2
623,139,2,2
623,140,2,2
623,141,2,2
623,142,2,2
623,143,2,2
623,144,2,2
623,145,2,2
623,146,2,2
623,147,2,2
623,148,2,2
623,149,2,2
623,150,2,2
623,151,2,2
623,152,2,2
623,153,2,2
623,154,2,2
623,155,2,2
623,156,2,2
623,157,2,2
623,158,2,2
623,159,2,2
623,160,2,2
623,161,2,2
623,162,2,2
623,163,2,2
623,164,2,2
623,165,2,2
623,166,2,2
623,167,2,2
623,168,2,2
623,169,2,2
623,170,2,2
623,171,2,2
623,172,2,2
623,173,2,2
623,174,2,2
623,175,2,2
623,176,2,2
623,177,2,2
623,178,2,2
623,179,2,2
623,180,2,2
623,181,2,2
623,182,2,2
623,183,2,2
623,184,2,2
623,185,2,2
623,186,2,2
623,187,2,2
623,188,2,2
623,189,2,2
623,190,2,2
623,191,2,2
623,192,2,2
623,193,2,2
623,194,2,2
623,195,2,2
623,196,2,2
623,197,2,2
623,198,2,2
623,199,2,2
623,200,2,2
623,201,2,2
623,202,2,2
623,203,2,2
623,204,2,2
623,205,2,2
623,206,2,2
623,207,2,2
623,208,2,2
623,209,2,2
623,210,2,2
623,211,2,2
623,212,2,2
623,213,2,2
623,214,2,2
623,215,2,2
623,216,2,2
623,217,2,2
623,218,2,2
623,219,2,2
623,220,2,2
623,221,2,2
623,222,2,2
623,223,2,2
623,224,2,2
623,225,2,2
623,226,2,2
623,227,2,2
623,228,2,2
623,229,2,2
623,230,2,2
623,231,2,2
623,232,2,2
623,233,2,2
623,234,2,2
623,235,2,2
623,236,2,2
623,237,2,2
623,238,2,2
623,239,2,2
623,240,2,2
623,241,2,2
623,242,2,2
623,243,2,2
623,244,2,2
623,245,2,2
623,246,2,2
623,247,2,2
623,248,2,2
623,249,2,2
623,250,2,2
623,251,2,2
623,252,2,2
623,253,2,2
623,254,2,2
623,255,2,2
623,256,2,2
623,257,2,2
623,258,2,2
623,259,2,2
623,260,2,2
623,261,2,2
623,262,2,2
623,263,2,2
623,264,2,2
623,265,2,2
623,266,2,2
623,267,2,2
623,268,2,2
623,269,2,2
623,270,2,2
623,271,2,2
623,272,2,2
623,273,2,2
623,274,2,2
623,275,2,2
623,276,2,2
623,277,2,2
623,278,2,2
623,279,2,2
623,280,2,2
623,281,2,2
623,282,2,2
623,283,2,2
623,284,2,2
623,285,2,2
623,286,2,2
623,287,2,2
623,288,2,2
623,289,2,2
623,290,2,2
623,291,2,2
623,292,2,2
623,293,2,2
623,294,2,2
623,295,2,2
623,296,2,2
623,297,2,2
623,298,2,2
623,299,2,2
623,300,2,2
623,301,2,2
623,302,2,2
623,303,2,2
623,304,2,2
623,305,2,2
623,306,2,2
623,307,2,2
623,308,2,2
623,309,2,2
623,310,2,2
623,311,2,2
623,312,2,2
623,313,2,2
623,314,2,2
623,315,2,2
623,316,2,2
623,317,2,2
623,318,2,2
623,319,2,2
623,320,2,2
623,321,2,2
623,322,2,2
623,323,2,2
623,324,2,2
623,325,2,2
623,326,2,2
623,327,2,2
623,328,2,2
623,329,2,2
623,330,2,2
623,331,2,2
623,332,2,2
623,333,2,2
623,334,2,2
623,335,2,2
623,336,2,2
623,337,2,2
623,338,2,2
623,339,2,2
623,340,2,2
623,341,2,2
623,342,2,2
623,343,2,2
623,344,2,2
623,345,2,2
623,346,2,2
623,347,2,2
623,348,2,2
623,349,2,2
623,350,2,2
623,351,2,2
623,352,2,2
624,97,2,2
624,98,2,2
624,99,2,2
624,100,2,2
624,101,2,2
624,102,2,2
624,103,2,2
624,104,2,2
624,105,2,2
624,106,2,2
624,107,2,2
624,108,2,2
624,109,2,2
624,110,2,2
624,111,2,2
624,112,2,2
624,113,2,2
624,114,2,2
624,115,2,2
624,116,2,2
624,117,2,2
624,118,2,2
624,119,2,2
624,120,2,2
624,121,2,2
624,122,2,2
624,123,2,2
624,124,2,2
624,125,2,2
624,126,2,2
624,127,2,2
624,128,2,2
624,129,2,2
624,130,2,2
624,131,2,2
624,132,2,2
624,133,2,2
624,134,2,2
624,135,2,2
624,136,2,2
624,137,2,2
624,138,2,2
624,139,2,2
624,140,2,2
624,141,2,2
624,142,2,2
624,143,2,2
624,144,2,2
624,145,2,2
624,146,2,2
624,147,2,2
624,148,2,2
624,149,2,2
624,150,2,2
624,151,2,2
624,152,2,2
624,153,2,2
624,154,2,2
624,155,2,2
624,156,2,2
624,157,2,2
624,158,2,2
624,159,2,2
624,160,2,2
624,161,2,2
624,162,2,2
624,163,2,2
624,164,2,2
624,165,2,2
624,166,2,2
624,167,2,2
624,168,2,2
624,169,2,2
624,170,2,2
624,171,2,2
624,172,2,2
624,173,2,2
624,174,2,2
624,175,2,2
624,176,2,2
624,177,2,2
624,178,2,2
624,179,2,2
624,180,2,2
624,181,2,2
624,182,2,2
624,183,2,2
624,184,2,2
624,185,2,2
624,186,2,2
624,187,2,2
624,188,2,2
624,189,2,2
624,190,2,2
624,191,2,2
624,192,2,2
624,193,2,2
624,194,2,2
624,195,2,2
624,196,2,2
624,197,2,2
624,198,2,2
624,199,2,2
624,200,2,2
624,201,2,2
624,202,2,2
624,203,2,2
624,204,2,2
624,205,2,2
624,206,2,2
624,207,2,2
624,208,2,2
624,209,2,2
624,210,2,2
624,211,2,2
624,212,2,2
624,213,2,2
624,214,2,2
624,215,2,2
624,216,2,2
624,217,2,2
624,218,2,2
624,219,2,2
624,220,2,2
624,221,2,2
624,222,2,2
624,223,2,2
624,224,2,2
624,225,2,2
624,226,2,2
624,227,2,2
624,228,2,2
624,229,2,2
624,230,2,2
624,231,2,2
624,232,2,2
624,233,2,2
624,234,2,2
624,235,2,2
624,236,2,2
624,237,2,2
624,238,2,2
624,239,2,2
624,240,2,2
624,241,2,2
624,242,2,2
624,243,2,2
624,244,2,2
624,245,2,2
624,246,2,2
624,247,2,2
624,248,2,2
624,249,2,2
624,250,2,2
624,251,2,2
624,252,2,2
624,253,2,2
624,254,2,2
624,255,2,2
624,256,2,2
624,257,2,2
624,258,2,2
624,259,2,2
624,260,2,2
624,261,2,2
624,262,2,2
624,263,2,2
624,264,2,2
624,265,2,2
624,266,2,2
624,267,2,2
624,268,2,2
624,269,2,2
624,270,2,2
624,271,2,2
624,272,2,2
624,273,2,2
624,274,2,2
624,275,2,2
624,276,2,2
624,277,2,2
624,278,2,2
624,279,2,2
624,280,2,2
624,281,2,2
624,282,2,2
624,283,2,2
624,284,2,2
624,285,2,2
624,286,2,2
624,287,2,2
624,288,2,2
624,289,2,2
624,290,2,2
624,291,2,2
624,292,2,2
624,293,2,2
624,294,2,2
624,295,2,2
624,296,2,2
624,297,2,2
624,298,2,2
624,299,2,2
624,300,2,2
624,301,2,2
624,302,2,2
624,303,2,2
624,304,2,2
624,305,2,2
624,306,2,2
624,307,2,2
624,308,2,2
624,309,2,2
624,310,2,2
624,311,2,2
624,312,2,2
624,313,2,2
624,314,2,2
624,315,2,2
624,316,2,2
624,317,2,2
624,318,2,2
624,319,2,2
624,320,2,2
624,321,2,2
624,322,2,2
624,323,2,2
624,324,2,2
624,325,2,2
624,326,2,2
624,327,2,2
624,328,2,2
624,329,2,2
624,330,2,2
624,331,2,2
624,332,2,2
624,333,2,2
624,334,2,2
624,335,2,2
624,336,2,2
624,337,2,2
624,338,2,2
624,339,2,2
624,340,2,2
624,341,2,2
624,342,2,2
624,343,2,2
624,344,2,2
624,345,2,2
624,346,2,2
624,347,2,2
624,348,2,2
624,349,2,2
624,350,2,2
624,351,2,2
624,352,2,2
624,353,2,3
625,97,2,2
625,98,2,2
625,99,2,2
625,100,2,2
625,101,2,2
625,102,2,2
625,103,2,2
625,104,2,2
625,105,2,2
625,106,2,2
625,107,2,2
625,108,2,2
625,109,2,2
625,110,2,2
625,111,2,2
625,112,2,2
625,113,2,2
625,114,2,2
625,115,2,2
625,116,2,2
625,117,2,2
625,118,2,2
625,119,2,2
625,120,2,2
625,121,2,2
625,122,2,2
625,123,2,2
625,124,2,2
625,125,2,2
625,126,2,2
625,127,2,2
625,128,2,2
625,129,2,2
625,130,2,2
625,131,2,2
625,132,2,2
625,133,2,2
625,134,2,2
625,135,2,2
625,136,2,2
625,137,2,2
625,138,2,2
625,139,2,2
625,140,2,2
625,141,2,2
625,142,2,2
625,143,2,2
625,144,2,2
625,145,2,2
625,146,2,2
625,147,2,2
625,148,2,2
625,149,2,2
625,150,2,2
625,151,2,2
625,152,2,2
625,153,2,2
625,154,2,2
625,155,2,2
625,156,2,2
625,157,2,2
625,158,2,2
625,159,2,2
625,160,2,2
625,161,2,2
625,162,2,2
625,163,2,2
625,164,2,2
625,165,2,2
625,166,2,2
625,167,2,2
625,168,2,2
625,169,2,2
625,170,2,2
625,171,2,2
625,172,2,2
625,173,2,2
625,174,2,2
625,175,2,2
625,176,2,2
625,177,2,2
625,178,2,2
625,179,2,2
625,180,2,2
625,181,2,2
625,182,2,2
625,183,2,2
625,184,2,2
625,185,2,2
625,186,2,2
625,187,2,2
625,188,2,2
625,189,2,2
625,190,2,2
625,191,2,2
625,192,2,2
625,193,2,2
625,194,2,2
625,195,2,2
625,196,2,2
625,197,2,2
625,198,2,2
625,199,2,2
625,200,2,2
625,201,2,2
625,202,2,2
625,203,2,2
625,204,2,2
625,205,2,2
625,206,2,2
625,207,2,2
625,208,2,2
625,209,2,2
625,210,2,2
625,211,2,2
625,212,2,2
625,213,2,2
625,214,2,2
625,215,2,2
625,216,2,2
625,217,2,2
625,218,2,2
625,219,2,2
625,220,2,2
625,221,2,2
625,222,2,2
625,223,2,2
625,224,2,2
625,225,2,2
625,226,2,2
625,227,2,2
625,228,2,2
625,229,2,2
625,230,2,2
625,231,2,2
625,232,2,2
625,233,2,2
625,234,2,2
625,235,2,2
625,236,2,2
625,237,2,2
625,238,2,2
625,239,2,2
625,240,2,2
625,241,2,2
625,242,2,2
625,243,2,2
625,244,2,2
625,245,2,2
625,246,2,2
625,247,2,2
625,248,2,2
625,249,2,2
625,250,2,2
625,251,2,2
625,252,2,2
625,253,2,2
625,254,2,2
625,255,2,2
625,256,2,2
625,257,2,2
625,258,2,2
625,259,2,2
625,260,2,2
625,261,2,2
625,262,2,2
625,263,2,2
625,264,2,2
625,265,2,2
625,266,2,2
625,267,2,2
625,268,2,2
625,269,2,2
625,270,2,2
625,271,2,2
625,272,2,2
625,273,2,2
625,274,2,2
625,275,2,2
625,276,2,2
625,277,2,2
625,278,2,2
625,279,2,2
625,280,2,2
625,281,2,2
625,282,2,2
625,283,2,2
625,284,2,2
625,285,2,2
625,286,2,2
625,287,2,2
625,288,2,2
625,289,2,2
625,290,2,2
625,291,2,2
625,292,2,2
625,293,2,2
625,294,2,2
625,295,2,2
625,296,2,2
625,297,2,2
625,298,2,2
625,299,2,2
625,300,2,2
625,301,2,2
625,302,2,2
625,303,2,2
625,304,2,2
625,305,2,2
625,306,2,2
625,307,2,2
625,308,2,2
625,309,2,2
625,310,2,2
625,311,2,2
625,312,2,2
625,313,2,2
625,314,2,2
625,315,2,2
625,316,2,2
625,317,2,2
625,318,2,2
625,319,2,2
625,320,2,2
625,321,2,2
625,322,2,2
625,323,2,2
625,324,2,2
625,325,2,2
625,326,2,2
625,327,2,2
625,328,2,2
625,329,2,2
625,330,2,2
625,331,2,2
625,332,2,2
625,333,2,2
625,334,2,2
625,335,2,2
625,336,2,2
625,337,2,2
625,338,2,2
625,339,2,2
625,340,2,2
625,341,2,2
625,342,2,2
625,343,2,2
625,344,2,2
625,345,2,2
625,346,2,2
625,347,2,2
625,348,2,2
625,349,2,2
625,350,2,2
625,351,2,2
625,352,2,2
625,353,2,2
625,354,2,3
626,96,2,2
626,97,2,2
626,98,2,2
626,99,2,2
626,100,2,2
626,101,2,2
626,102,2,2
626,103,2,2
626,104,2,2
626,105,2,2
626,106,2,2
626,107,2,2
626,108,2,2
626,109,2,2
626,110,2,2
626,111,2,2
626,112,2,2
626,113,2,2
626,114,2,2
626,115,2,2
626,116,2,2
626,117,2,2
626,118,2,2
626,119,2,2
626,120,2,2
626,121,2,2
626,122,2,2
626,123,2,2
626,124,2,2
626,125,2,2
626,126,2,2
626,127,2,2
626,128,2,2
626,129,2,2
626,130,2,2
626,131,2,2
626,132,2,2
626,133,2,2
626,134,2,2
626,135,2,2
626,136,2,2
626,137,2,2
626,138,2,2
626,139,2,2
626,140,2,2
626,141,2,2
626,142,2,2
626,143,2,2
626,144,2,2
626,145,2,2
626,146,2,2
626,147,2,2
626,148,2,2
626,149,2,2
626,150,2,2
626,151,2,2
626,152,2,2
626,153,2,2
626,154,2,2
626,155,2,2
626,156,2,2
626,157,2,2
626,158,2,2
626,159,2,2
626,160,2,2
626,161,2,2
626,162,2,2
626,163,2,2
626,164,2,2
626,165,2,2
626,166,2,2
626,167,2,2
626,168,2,2
626,169,2,2
626,170,2,2
626,171,2,2
626,172,2,2
626,173,2,2
626,174,2,2
626,175,2,2
626,176,2,2
626,177,2,2
626,178,2,2
626,179,2,2
626,180,2,2
626,181,2,2
626,182,2,2
626,183,2,2
626,184,2,2
626,185,2,2
626,186,2,2
626,187,2,2
626,188,2,2
626,189,2,2
626,190,2,2
626,191,2,2
626,192,2,2
626,193,2,2
626,194,2,2
626,195,2,2
626,196,2,2
626,197,2,2
626,198,2,2
626,199,2,2
626,200,2,2
626,201,2,2
626,202,2,2
626,203,2,2
626,204,2,2
626,205,2,2
626,206,2,2
626,207,2,2
626,208,2,2
626,209,2,2
626,210,2,2
626,211,2,2
626,212,2,2
626,213,2,2
626,214,2,2
626,215,2,2
626,216,2,2
626,217,2,2
626,218,2,2
626,219,2,2
626,220,2,2
626,221,2,2
626,222,2,2
626,223,2,2
626,224,2,2
626,225,2,2
626,226,2,2
626,227,2,2
626,228,2,2
626,229,2,2
626,230,2,2
626,231,2,2
626,232,2,2
626,233,2,2
626,234,2,2
626,235,2,2
626,236,2,2
626,237,2,2
626,238,2,2
626,239,2,2
626,240,2,2
626,241,2,2
626,242,2,2
626,243,2,2
626,244,2,2
626,245,2,2
626,246,2,2
626,247,2,2
626,248,2,2
626,249,2,2
626,250,2,2
626,251,2,2
626,252,2,2
626,253,2,2
626,254,2,2
626,255,2,2
626,256,2,2
626,257,2,2
626,258,2,2
626,259,2,2
626,260,2,2
626,261,2,2
626,262,2,2
626,263,2,2
626,264,2,2
626,265,2,2
626,266,2,2
626,267,2,2
626,268,2,2
626,269,2,2
626,270,2,2
626,271,2,2
626,272,2,2
626,273,2,2
626,274,2,2
626,275,2,2
626,276,2,2
626,277,2,2
626,278,2,2
626,279,2,2
626,280,2,2
626,281,2,2
626,282,2,2
626,283,2,2
626,284,2,2
626,285,2,2
626,286,2,2
626,287,2,2
626,288,2,2
626,289,2,2
626,290,2,2
626,291,2,2
626,292,2,2
626,293,2,2
626,294,2,2
626,295,2,2
626,296,2,2
626,297,2,2
626,298,2,2
626,299,2,2
626,300,2,2
626,301,2,2
626,302,2,2
626,303,2,2
626,304,2,2
626,305,2,2
626,306,2,2
626,307,2,2
626,308,2,2
626,309,2,2
626,310,2,2
626,311,2,2
626,312,2,2
626,313,2,2
626,314,2,2
626,315,2,2
626,316,2,2
626,317,2,2
626,318,2,2
626,319,2,2
626,320,2,2
626,321,2,2
626,322,2,2
626,323,2,2
626,324,2,2
626,325,2,2
626,326,2,2
626,327,2,2
626,328,2,2
626,329,2,2
626,330,2,2
626,331,2,2
626,332,2,2
626,333,2,2
626,334,2,2
626,335,2,2
626,336,2,2
626,337,2,2
626,338,2,2
626,339,2,2
626,340,2,2
626,341,2,2
626,342,2,2
626,343,2,2
626,344,2,2
626,345,2,2
626,346,2,2
626,347,2,2
626,348,2,2
626,349,2,2
626,350,2,2
626,351,2,2
626,352,2,2
626,353,2,2
626,354,2,2
626,355,2,3
627,94,2,2
627,95,2,2
627,96,2,2
627,97,2,2
627,98,2,2
627,99,2,2
627,100,2,2
627,101,2,2
627,102,2,2
627,103,2,2
627,104,2,2
627,105,2,2
627,106,2,2
627,107,2,2
627,108,2,2
627,109,2,2
627,110,2,2
627,111,2,2
627,112,2,2
627,113,2,2
627,114,2,2
627,115,2,2
627,116,2,2
627,117,2,2
627,118,2,2
627,119,2,2
627,120,2,2
627,121,2,2
627,122,2,2
627,123,2,2
627,124,2,2
627,125,2,2
627,126,2,2
627,127,2,2
627,128,2,2
627,129,2,2
627,130,2,2
627,131,2,2
627,132,2,2
627,133,2,2
627,134,2,2
627,135,2,2
627,136,2,2
627,137,2,2
627,138,2,2
627,139,2,2
627,140,2,2
627,141,2,2
627,142,2,2
627,143,2,2
627,144,2,2
627,145,2,2
627,146,2,2
627,147,2,2
627,148,2,2
627,149,2,2
627,150,2,2
627,151,2,2
627,152,2,2
627,153,2,2
627,154,2,2
627,155,2,2
627,156,2,2
627,157,2,2
627,158,2,2
627,159,2,2
627,160,2,2
627,161,2,2
627,162,2,2
627,163,2,2
627,164,2,2
627,165,2,2
627,166,2,2
627,167,2,2
627,168,2,2
627,169,2,2
627,170,2,2
627,171,2,3
627,172,2,2
627,173,2,2
627,174,2,2
627,175,2,2
627,176,2,2
627,177,2,2
627,178,2,2
627,179,2,2
627,180,2,2
627,181,2,2
627,182,2,2
627,183,2,2
627,184,2,2
627,185,2,2
627,186,2,2
627,187,2,2
627,188,2,2
627,189,2,2
627,190,2,2
627,191,2,2
627,192,2,2
627,193,2,2
627,194,2,2
627,195,2,2
627,196,2,2
627,197,2,2
627,198,2,2
627,199,2,2
627,200,2,2
627,201,2,2
627,202,2,2
627,203,2,2
627,204,2,2
627,205,2,2
627,206,2,2
627,207,2,2
627,208,2,2
627,209,2,2
627,210,2,2
627,211,2,2
627,212,2,2
627,213,2,2
627,214,2,2
627,215,2,2
627,216,2,2
627,217,2,2
627,218,2,2
627,219,2,2
627,220,2,2
627,221,2,2
627,222,2,2
627,223,2,2
627,224,2,2
627,225,2,2
627,226,2,2
627,227,2,2
627,228,2,2
627,229,2,2
627,230,2,2
627,231,2,2
627,232,2,2
627,233,2,2
627,234,2,2
627,235,2,2
627,236,2,2
627,237,2,2
627,238,2,2
627,239,2,2
627,240,2,2
627,241,2,2
627,242,2,2
627,243,2,2
627,244,2,2
627,245,2,2
627,246,2,2
627,247,2,2
627,248,2,2
627,249,2,2
627,250,2,2
627,251,2,2
627,252,2,2
627,253,2,2
627,254,2,2
627,255,2,2
627,256,2,2
627,257,2,2
627,258,2,2
627,259,2,2
627,260,2,2
627,261,2,2
627,262,2,2
627,263,2,2
627,264,2,2
627,265,2,2
627,266,2,2
627,267,2,2
627,268,2,2
627,269,2,2
627,270,2,2
627,271,2,2
627,272,2,2
627,273,2,2
627,274,2,2
627,275,2,2
627,276,2,2
627,277,2,2
627,278,2,2
627,279,2,2
627,280,2,2
627,281,2,2
627,282,2,2
627,283,2,2
627,284,2,2
627,285,2,2
627,286,2,2
627,287,2,2
627,288,2,2
627,289,2,2
627,290,2,2
627,291,2,2
627,292,2,2
627,293,2,2
627,294,2,2
627,295,2,2
627,296,2,2
627,297,2,2
627,298,2,2
627,299,2,2
627,300,2,2
627,301,2,2
627,302,2,2
627,303,2,2
627,304,2,2
627,305,2,2
627,306,2,2
627,307,2,2
627,308,2,2
627,309,2,2
627,310,2,2
627,311,2,2
627,312,2,2
627,313,2,2
627,314,2,2
627,315,2,2
627,316,2,2
627,317,2,2
627,318,2,2
627,319,2,2
627,320,2,2
627,321,2,2
627,322,2,2
627,323,2,2
627,324,2,2
627,325,2,2
627,326,2,2
627,327,2,2
627,328,2,2
627,329,2,2
627,330,2,2
627,331,2,2
627,332,2,2
627,333,2,2
627,334,2,2
627,335,2,2
627,336,2,2
627,337,2,2
627,338,2,2
627,339,2,2
627,340,2,2
627,341,2,2
627,342,2,2
627,343,2,2
627,344,2,2
627,345,2,2
627,346,2,2
627,347,2,2
627,348,2,2
627,349,2,2
627,350,2,2
627,351,2,2
627,352,2,2
627,353,2,2
627,354,2,2
627,355,2,2
628,92,2,2
628,93,2,2
628,94,2,2
628,95,2,2
628,96,2,2
628,97,2,2
628,98,2,2
628,99,2,2
628,100,2,2
628,101,2,2
628,102,2,2
628,103,2,2
628,104,2,2
628,105,2,2
628,106,2,2
628,107,2,2
628,108,2,2
628,109,2,2
628,110,2,2
628,111,2,2
628,112,2,2
628,113,2,2
628,114,2,2
628,115,2,2
628,116,2,2
628,117,2,2
628,118,2,2
628,119,2,2
628,120,2,2
628,121,2,2
628,122,2,2
628,123,2,2
628,124,2,2
628,125,2,2
628,126,2,2
628,127,2,2
628,128,2,2
628,129,2,2
628,130,2,2
628,131,2,2
628,132,2,2
628,133,2,2
628,134,2,2
628,135,2,2
628,136,2,2
628,137,2,2
628,138,2,2
628,139,2,2
628,140,2,2
628,141,2,2
628,142,2,2
628,143,2,2
628,144,2,2
628,145,2,2
628,146,2,2
628,147,2,2
628,148,2,2
628,149,2,2
628,150,2,2
628,151,2,2
628,152,2,2
628,153,2,2
628,154,2,2
628,155,2,2
628,156,2,2
628,157,2,2
628,158,2,2
628,159,2,2
628,160,2,2
628,161,2,2
628,162,2,2
628,163,2,2
628,164,2,2
628,165,2,2
628,166,2,2
628,167,2,2
628,168,2,2
628,169,2,2
628,170,2,2
628,171,2,3
628,172,2,2
628,173,2,2
628,174,2,2
628,175,2,2
628,176,2,2
628,177,2,2
628,178,2,2
628,179,2,2
628,180,2,2
628,181,2,2
628,182,2,2
628,183,2,2
628,184,2,2
628,185,2,2
628,186,2,2
628,187,2,2
628,188,2,2
628,189,2,2
628,190,2,2
628,191,2,2
628,192,2,2
628,193,2,2
628,194,2,2
628,195,2,2
628,196,2,2
628,197,2,2
628,198,2,2
628,199,2,2
628,200,2,2
628,201,2,2
628,202,2,2
628,203,2,2
628,204,2,2
628,205,2,2
628,206,2,2
628,207,2,2
628,208,2,2
628,209,2,2
628,210,2,2
628,211,2,2
628,212,2,2
628,213,2,2
628,214,2,2
628,215,2,2
628,216,2,2
628,217,2,2
628,218,2,2
628,219,2,2
628,220,2,2
628,221,2,2
628,222,2,2
628,223,2,2
628,224,2,2
628,225,2,2
628,226,2,2
628,227,2,2
628,228,2,2
628,229,2,2
628,230,2,2
628,231,2,2
628,232,2,2
628,233,2,2
628,234,2,2
628,235,2,2
628,236,2,2
628,237,2,2
628,238,2,2
628,239,2,2
628,240,2,2
628,241,2,2
628,242,2,2
628,243,2,2
628,244,2,2
628,245,2,2
628,246,2,2
628,247,2,2
628,248,2,2
628,249,2,2
628,250,2,2
628,251,2,2
628,252,2,2
628,253,2,2
628,254,2,2
628,255,2,2
628,256,2,2
628,257,2,2
628,258,2,2
628,259,2,2
628,260,2,2
628,261,2,2
628,262,2,2
628,263,2,2
628,264,2,2
628,265,2,2
628,266,2,2
628,267,2,2
628,268,2,2
628,269,2,2
628,270,2,2
628,271,2,2
628,272,2,2
628,273,2,2
628,274,2,2
628,275,2,2
628,276,2,2
628,277,2,2
628,278,2,2
628,279,2,2
628,280,2,2
628,281,2,2
628,282,2,2
628,283,2,2
628,284,2,2
628,285,2,2
628,286,2,2
628,287,2,2
628,288,2,2
628,289,2,2
628,290,2,2
628,291,2,2
628,292,2,2
628,293,2,2
628,294,2,2
628,295,2,2
628,296,2,2
628,297,2,2
628,298,2,2
628,299,2,2
628,300,2,2
628,301,2,2
628,302,2,2
628,303,2,2
628,304,2,2
628,305,2,2
628,306,2,2
628,307,2,2
628,308,2,2
628,309,2,2
628,310,2,2
628,311,2,2
628,312,2,2
628,313,2,2
628,314,2,2
628,315,2,2
628,316,2,2
628,317,2,2
628,318,2,2
628,319,2,2
628,320,2,2
628,321,2,2
628,322,2,2
628,323,2,2
628,324,2,2
628,325,2,2
628,326,2,2
628,327,2,2
628,328,2,2
628,329,2,2
628,330,2,2
628,331,2,2
628,332,2,2
628,333,2,2
628,334,2,2
628,335,2,2
628,336,2,2
628,337,2,2
628,338,2,2
628,339,2,2
628,340,2,2
628,341,2,2
628,342,2,2
628,343,2,2
628,344,2,2
628,345,2,2
628,346,2,2
628,347,2,2
628,348,2,2
628,349,2,2
628,350,2,2
628,351,2,2
628,352,2,2
628,353,2,2
628,354,2,2
628,355,2,2
628,356,2,3
629,91,2,2
629,92,2,2
629,93,2,2
629,94,2,2
629,95,2,2
629,96,2,2
629,97,2,2
629,98,2,2
629,99,2,2
629,100,2,2
629,101,2,2
629,102,2,2
629,103,2,2
629,104,2,2
629,105,2,2
629,106,2,2
629,107,2,2
629,108,2,2
629,109,2,2
629,110,2,2
629,111,2,2
629,112,2,2
629,113,2,2
629,114,2,2
629,115,2,2
629,116,2,2
629,117,2,2
629,118,2,2
629,119,2,2
629,120,2,2
629,121,2,2
629,122,2,2
629,123,2,2
629,124,2,2
629,125,2,2
629,126,2,2
629,127,2,2
629,128,2,2
629,129,2,2
629,130,2,2
629,131,2,2
629,132,2,2
629,133,2,2
629,134,2,2
629,135,2,2
629,136,2,2
629,137,2,2
629,138,2,2
629,139,2,2
629,140,2,2
629,141,2,2
629,142,2,2
629,143,2,2
629,144,2,2
629,145,2,2
629,146,2,2
629,147,2,2
629,148,2,2
629,149,2,2
629,150,2,2
629,151,2,2
629,152,2,2
629,153,2,2
629,154,2,2
629,155,2,2
629,156,2,2
629,157,2,2
629,158,2,2
629,159,2,2
629,160,2,2
629,161,2,2
629,162,2,2
629,163,2,2
629,164,2,2
629,165,2,2
629,166,2,2
629,167,2,2
629,168,2,2
629,169,2,3
629,170,2,3
629,171,2,3
629,172,2,3
629,173,2,2
629,174,2,2
629,175,2,2
629,176,2,2
629,177,2,2
629,178,2,2
629,179,2,2
629,180,2,2
629,181,2,2
629,182,2,2
629,183,2,2
629,184,2,2
629,185,2,2
629,186,2,2
629,187,2,2
629,188,2,2
629,189,2,2
629,190,2,2
629,191,2,2
629,192,2,2
629,193,2,2
629,194,2,2
629,195,2,2
629,196,2,2
629,197,2,2
629,198,2,2
629,199,2,2
629,200,2,2
629,201,2,2
629,202,2,2
629,203,2,2
629,204,2,2
629,205,2,2
629,206,2,2
629,207,2,2
629,208,2,2
629,209,2,2
629,210,2,2
629,211,2,2
629,212,2,2
629,213,2,2
629,214,2,2
629,215,2,2
629,216,2,2
629,217,2,2
629,218,2,2
629,219,2,2
629,220,2,2
629,221,2,2
629,222,2,2
629,223,2,2
629,224,2,2
629,225,2,2
629,226,2,2
629,227,2,2
629,228,2,2
629,229,2,2
629,230,2,2
629,231,2,2
629,232,2,2
629,233,2,2
629,234,2,2
629,235,2,2
629,236,2,2
629,237,2,2
629,238,2,2
629,239,2,2
629,240,2,2
629,241,2,2
629,242,2,2
629,243,2,2
629,244,2,2
629,245,2,2
629,246,2,2
629,247,2,2
629,248,2,2
629,249,2,2
629,250,2,2
629,251,2,2
629,252,2,2
629,253,2,2
629,254,2,2
629,255,2,2
629,256,2,2
629,257,2,2
629,258,2,2
629,259,2,2
629,260,2,2
629,261,2,2
629,262,2,2
629,263,2,2
629,264,2,2
629,265,2,2
629,266,2,2
629,267,2,2
629,268,2,2
629,269,2,2
629,270,2,2
629,271,2,2
629,272,2,2
629,273,2,2
629,274,2,2
629,275,2,2
629,276,2,2
629,277,2,2
629,278,2,2
629,279,2,2
629,280,2,2
629,281,2,2
629,282,2,2
629,283,2,2
629,284,2,2
629,285,2,2
629,286,2,2
629,287,2,2
629,288,2,2
629,289,2,2
629,290,2,2
629,291,2,2
629,292,2,2
629,293,2,2
629,294,2,2
629,295,2,2
629,296,2,2
629,297,2,2
629,298,2,2
629,299,2,2
629,300,2,2
629,301,2,2
629,302,2,2
629,303,2,2
629,304,2,2
629,305,2,2
629,306,2,2
629,307,2,2
629,308,2,2
629,309,2,2
629,310,2,2
629,311,2,2
629,312,2,2
629,313,2,2
629,314,2,2
629,315,2,2
629,316,2,2
629,317,2,2
629,318,2,2
629,319,2,2
629,320,2,2
629,321,2,2
629,322,2,2
629,323,2,2
629,324,2,2
629,325,2,2
629,326,2,2
629,327,2,2
629,328,2,2
629,329,2,2
629,330,2,2
629,331,2,2
629,332,2,2
629,333,2,2
629,334,2,2
629,335,2,2
629,336,2,2
629,337,2,2
629,338,2,2
629,339,2,2
629,340,2,2
629,341,2,2
629,342,2,2
629,343,2,2
629,344,2,2
629,345,2,2
629,346,2,2
629,347,2,2
629,348,2,2
629,349,2,2
629,350,2,2
629,351,2,2
629,352,2,2
629,353,2,2
629,354,2,2
629,355,2,2
629,356,2,2
629,357,2,3
630,91,2,2
630,92,2,2
630,93,2,2
630,94,2,2
630,95,2,2
630,96,2,2
630,97,2,2
630,98,2,2
630,99,2,2
630,100,2,2
630,101,2,2
630,102,2,2
630,103,2,2
630,104,2,2
630,105,2,2
630,106,2,2
630,107,2,2
630,108,2,2
630,109,2,2
630,110,2,2
630,111,2,2
630,112,2,2
630,113,2,2
630,114,2,2
630,115,2,2
630,116,2,2
630,117,2,2
630,118,2,2
630,119,2,2
630,120,2,2
630,121,2,2
630,122,2,2
630,123,2,2
630,124,2,2
630,125,2,2
630,126,2,2
630,127,2,2
630,128,2,2
630,129,2,2
630,130,2,2
630,131,2,2
630,132,2,2
630,133,2,2
630,134,2,2
630,135,2,2
630,136,2,2
630,137,2,2
630,138,2,2
630,139,2,2
630,140,2,2
630,141,2,2
630,142,2,2
630,143,2,2
630,144,2,2
630,145,2,2
630,146,2,2
630,147,2,2
630,148,2,2
630,149,2,2
630,150,2,2
630,151,2,2
630,152,2,2
630,153,2,2
630,154,2,2
630,155,2,2
630,156,2,2
630,157,2,2
630,158,2,2
630,159,2,2
630,160,2,2
630,161,2,2
630,162,2,2
630,163,2,2
630,164,2,2
630,165,2,2
630,166,2,2
630,167,2,2
630,168,2,2
630,169,2,3
630,170,2,3
630,171,2,3
630,172,2,3
630,173,2,2
630,174,2,2
630,175,2,2
630,176,2,2
630,177,2,2
630,178,2,2
630,179,2,2
630,180,2,2
630,181,2,2
630,182,2,2
630,183,2,2
630,184,2,2
630,185,2,2
630,186,2,2
630,187,2,2
630,188,2,2
630,189,2,2
630,190,2,2
630,191,2,2
630,192,2,2
630,193,2,2
630,194,2,2
630,195,2,2
630,196,2,2
630,197,2,2
630,198,2,2
630,199,2,2
630,200,2,2
630,201,2,2
630,202,2,2
630,203,2,2
630,204,2,2
630,205,2,2
630,206,2,2
630,207,2,2
630,208,2,2
630,209,2,2
630,210,2,2
630,211,2,2
630,212,2,2
630,213,2,2
630,214,2,2
630,215,2,2
630,216,2,2
630,217,2,2
630,218,2,2
630,219,2,2
630,220,2,2
630,221,2,2
630,222,2,2
630,223,2,2
630,224,2,2
630,225,2,2
630,226,2,2
630,227,2,2
630,228,2,2
630,229,2,2
630,230,2,2
630,231,2,2
630,232,2,2
630,233,2,2
630,234,2,2
630,235,2,2
630,236,2,2
630,237,2,2
630,238,2,2
630,239,2,2
630,240,2,2
630,241,2,2
630,242,2,2
630,243,2,2
630,244,2,2
630,245,2,2
630,246,2,2
630,247,2,2
630,248,2,2
630,249,2,2
630,250,2,2
630,251,2,2
630,252,2,2
630,253,2,2
630,254,2,2
630,255,2,2
630,256,2,2
630,257,2,2
630,258,2,2
630,259,2,2
630,260,2,2
630,261,2,2
630,262,2,2
630,263,2,2
630,264,2,2
630,265,2,2
630,266,2,2
630,267,2,2
630,268,2,2
630,269,2,2
630,270,2,2
630,271,2,2
630,272,2,2
630,273,2,2
630,274,2,2
630,275,2,2
630,276,2,2
630,277,2,2
630,278,2,2
630,279,2,2
630,280,2,2
630,281,2,2
630,282,2,2
630,283,2,2
630,284,2,2
630,285,2,2
630,286,2,2
630,287,2,2
630,288,2,2
630,289,2,2
630,290,2,2
630,291,2,2
630,292,2,2
630,293,2,2
630,294,2,2
630,295,2,2
630,296,2,2
630,297,2,2
630,298,2,2
630,299,2,2
630,300,2,2
630,301,2,2
630,302,2,2
630,303,2,2
630,304,2,2
630,305,2,2
630,306,2,2
630,307,2,2
630,308,2,2
630,309,2,2
630,310,2,2
630,311,2,2
630,312,2,2
630,313,2,2
630,314,2,2
630,315,2,2
630,316,2,2
630,317,2,2
630,318,2,2
630,319,2,2
630,320,2,2
630,321,2,2
630,322,2,2
630,323,2,2
630,324,2,2
630,325,2,2
630,326,2,2
630,327,2,2
630,328,2,2
630,329,2,2
630,330,2,2
630,331,2,2
630,332,2,2
630,333,2,2
630,334,2,2
630,335,2,2
630,336,2,2
630,337,2,2
630,338,2,2
630,339,2,2
630,340,2,2
630,341,2,2
630,342,2,2
630,343,2,2
630,344,2,2
630,345,2,2
630,346,2,2
630,347,2,2
630,348,2,2
630,349,2,2
630,350,2,2
630,351,2,2
630,352,2,2
630,353,2,2
630,354,2,2
630,355,2,2
630,356,2,2
630,357,2,2
630,358,2,2
631,89,2,2
631,90,2,2
631,91,2,2
631,92,2,2
631,93,2,2
631,94,2,2
631,95,2,2
631,96,2,2
631,97,2,2
631,98,2,2
631,99,2,2
631,100,2,2
631,101,2,2
631,102,2,2
631,103,2,2
631,104,2,2
631,105,2,2
631,106,2,2
631,107,2,2
631,108,2,2
631,109,2,2
631,110,2,2
631,111,2,2
631,112,2,2
631,113,2,2
631,114,2,2
631,115,2,2
631,116,2,2
631,117,2,2
631,118,2,2
631,119,2,2
631,120,2,2
631,121,2,2
631,122,2,2
631,123,2,2
631,124,2,2
631,125,2,2
631,126,2,2
631,127,2,2
631,128,2,2
631,129,2,2
631,130,2,2
631,131,2,2
631,132,2,2
631,133,2,2
631,134,2,2
631,135,2,2
631,136,2,2
631,137,2,2
631,138,2,2
631,139,2,2
631,140,2,2
631,141,2,2
631,142,2,2
631,143,2,2
631,144,2,2
631,145,2,2
631,146,2,2
631,147,2,2
631,148,2,2
631,149,2,2
631,150,2,2
631,151,2,2
631,152,2,2
631,153,2,2
631,154,2,2
631,155,2,2
631,156,2,2
631,157,2,2
631,158,2,2
631,159,2,2
631,160,2,2
631,161,2,2
631,162,2,2
631,163,2,2
631,164,2,2
631,165,2,2
631,166,2,2
631,167,2,2
631,168,2,3
631,169,2,3
631,170,2,3
631,171,2,3
631,172,2,3
631,173,2,3
631,174,2,2
631,175,2,2
631,176,2,2
631,177,2,2
631,178,2,2
631,179,2,2
631,180,2,2
631,181,2,2
631,182,2,2
631,183,2,2
631,184,2,2
631,185,2,2
631,186,2,2
631,187,2,2
631,188,2,2
631,189,2,2
631,190,2,2
631,191,2,2
631,192,2,2
631,193,2,2
631,194,2,2
631,195,2,2
631,196,2,2
631,197,2,2
631,198,2,2
631,199,2,2
631,200,2,2
631,201,2,2
631,202,2,2
631,203,2,2
631,204,2,2
631,205,2,2
631,206,2,2
631,207,2,2
631,208,2,2
631,209,2,2
631,210,2,2
631,211,2,2
631,212,2,2
631,213,2,2
631,214,2,2
631,215,2,2
631,216,2,2
631,217,2,2
631,218,2,2
631,219,2,2
631,220,2,2
631,221,2,2
631,222,2,2
631,223,2,2
631,224,2,2
631,225,2,2
631,226,2,2
631,227,2,2
631,228,2,2
631,229,2,2
631,230,2,2
631,231,2,2
631,232,2,2
631,233,2,2
631,234,2,2
631,235,2,2
631,236,2,2
631,237,2,2
631,238,2,2
631,239,2,2
631,240,2,2
631,241,2,2
631,242,2,2
631,243,2,2
631,244,2,2
631,245,2,2
631,246,2,2
631,247,2,2
631,248,2,2
631,249,2,2
631,250,2,2
631,251,2,2
631,252,2,2
631,253,2,2
631,254,2,2
631,255,2,2
631,256,2,2
631,257,2,2
631,258,2,2
631,259,2,2
631,260,2,2
631,261,2,2
631,262,2,2
631,263,2,2
631,264,2,2
631,265,2,2
631,266,2,2
631,267,2,2
631,268,2,2
631,269,2,2
631,270,2,2
631,271,2,2
631,272,2,2
631,273,2,2
631,274,2,2
631,275,2,2
631,276,2,2
631,277,2,2
631,278,2,2
631,279,2,2
631,280,2,2
631,281,2,2
631,282,2,2
631,283,2,2
631,284,2,2
631,285,2,2
631,286,2,2
631,287,2,2
631,288,2,2
631,289,2,2
631,290,2,2
631,291,2,2
631,292,2,2
631,293,2,2
631,294,2,2
631,295,2,2
631,296,2,2
631,297,2,2
631,298,2,2
631,299,2,2
631,300,2,2
631,301,2,2
631,302,2,2
631,303,2,2
631,304,2,2
631,305,2,2
631,306,2,2
631,307,2,2
631,308,2,2
631,309,2,2
631,310,2,2
631,311,2,2
631,312,2,2
631,313,2,2
631,314,2,2
631,315,2,2
631,316,2,2
631,317,2,2
631,318,2,2
631,319,2,2
631,320,2,2
631,321,2,2
631,322,2,2
631,323,2,2
631,324,2,2
631,325,2,2
631,326,2,2
631,327,2,2
631,328,2,2
631,329,2,2
631,330,2,2
631,331,2,2
631,332,2,2
631,333,2,2
631,334,2,2
631,335,2,2
631,336,2,2
631,337,2,2
631,338,2,2
631,339,2,2
631,340,2,2
631,341,2,2
631,342,2,2
631,343,2,2
631,344,2,2
631,345,2,2
631,346,2,2
631,347,2,2
631,348,2,2
631,349,2,2
631,350,2,2
631,351,2,2
631,352,2,2
631,353,2,2
631,354,2,2
631,355,2,2
631,356,2,2
631,357,2,2
631,358,2,2
632,88,2,2
632,89,2,2
632,90,2,2
632,91,2,2
632,92,2,2
632,93,2,2
632,94,2,2
632,95,2,2
632,96,2,2
632,97,2,2
632,98,2,2
632,99,2,2
632,100,2,2
632,101,2,2
632,102,2,2
632,103,2,2
632,104,2,2
632,105,2,2
632,106,2,2
632,107,2,2
632,108,2,2
632,109,2,2
632,110,2,2
632,111,2,2
632,112,2,2
632,113,2,2
632,114,2,2
632,115,2,2
632,116,2,2
632,117,2,2
632,118,2,2
632,119,2,2
632,120,2,2
632,121,2,2
632,122,2,2
632,123,2,2
632,124,2,2
632,125,2,2
632,126,2,2
632,127,2,2
632,128,2,2
632,129,2,2
632,130,2,2
632,131,2,2
632,132,2,2
632,133,2,2
632,134,2,2
632,135,2,2
632,136,2,2
632,137,2,2
632,138,2,2
632,139,2,2
632,140,2,2
632,141,2,2
632,142,2,2
632,143,2,2
632,144,2,2
632,145,2,2
632,146,2,2
632,147,2,2
632,148,2,2
632,149,2,2
632,150,2,2
632,151,2,2
632,152,2,2
632,153,2,2
632,154,2,2
632,155,2,2
632,156,2,2
632,157,2,2
632,158,2,2
632,159,2,2
632,160,2,2
632,161,2,2
632,162,2,2
632,163,2,2
632,164,2,2
632,165,2,2
632,166,2,2
632,167,2,2
632,168,2,3
632,169,2,3
632,170,2,3
632,171,2,3
632,172,2,3
632,173,2,3
632,174,2,2
632,175,2,2
632,176,2,2
632,177,2,2
632,178,2,2
632,179,2,2
632,180,2,2
632,181,2,2
632,182,2,2
632,183,2,2
632,184,2,2
632,185,2,2
632,186,2,2
632,187,2,2
632,188,2,2
632,189,2,2
632,190,2,2
632,191,2,2
632,192,2,2
632,193,2,2
632,194,2,2
632,195,2,2
632,196,2,2
632,197,2,2
632,198,2,2
632,199,2,2
632,200,2,2
632,201,2,2
632,202,2,2
632,203,2,2
632,204,2,2
632,205,2,2
632,206,2,2
632,207,2,2
632,208,2,2
632,209,2,2
632,210,2,2
632,211,2,2
632,212,2,2
632,213,2,2
632,214,2,2
632,215,2,2
632,216,2,2
632,217,2,2
632,218,2,2
632,219,2,2
632,220,2,2
632,221,2,2
632,222,2,2
632,223,2,2
632,224,2,2
632,225,2,2
632,226,2,2
632,227,2,2
632,228,2,2
632,229,2,2
632,230,2,2
632,231,2,2
632,232,2,2
632,233,2,2
632,234,2,2
632,235,2,2
632,236,2,2
632,237,2,2
632,238,2,2
632,239,2,2
632,240,2,2
632,241,2,2
632,242,2,2
632,243,2,2
632,244,2,2
632,245,2,2
632,246,2,2
632,247,2,2
632,248,2,2
632,249,2,2
632,250,2,2
632,251,2,2
632,252,2,2
632,253,2,2
632,254,2,2
632,255,2,2
632,256,2,2
632,257,2,2
632,258,2,2
632,259,2,2
632,260,2,2
632,261,2,2
632,262,2,2
632,263,2,2
632,264,2,2
632,265,2,2
632,266,2,2
632,267,2,2
632,268,2,2
632,269,2,2
632,270,2,2
632,271,2,2
632,272,2,2
632,273,2,2
632,274,2,2
632,275,2,2
632,276,2,2
632,277,2,2
632,278,2,2
632,279,2,2
632,280,2,2
632,281,2,2
632,282,2,2
632,283,2,2
632,284,2,2
632,285,2,2
632,286,2,2
632,287,2,2
632,288,2,2
632,289,2,2
632,290,2,2
632,291,2,2
632,292,2,2
632,293,2,2
632,294,2,2
632,295,2,2
632,296,2,2
632,297,2,2
632,298,2,2
632,299,2,2
632,300,2,2
632,301,2,2
632,302,2,2
632,303,2,2
632,304,2,2
632,305,2,2
632,306,2,2
632,307,2,2
632,308,2,2
632,309,2,2
632,310,2,2
632,311,2,2
632,312,2,2
632,313,2,2
632,314,2,2
632,315,2,2
632,316,2,2
632,317,2,2
632,318,2,2
632,319,2,2
632,320,2,2
632,321,2,2
632,322,2,2
632,323,2,2
632,324,2,2
632,325,2,2
632,326,2,2
632,327,2,2
632,328,2,2
632,329,2,2
632,330,2,2
632,331,2,2
632,332,2,2
632,333,2,2
632,334,2,2
632,335,2,2
632,336,2,2
632,337,2,2
632,338,2,2
632,339,2,2
632,340,2,2
632,341,2,2
632,342,2,2
632,343,2,2
632,344,2,2
632,345,2,2
632,346,2,2
632,347,2,2
632,348,2,2
632,349,2,2
632,350,2,2
632,351,2,2
632,352,2,2
632,353,2,2
632,354,2,2
632,355,2,2
632,356,2,2
632,357,2,2
632,358,2,2
632,359,2,3
633,87,2,2
633,88,2,2
633,89,2,2
633,90,2,2
633,91,2,2
633,92,2,2
633,93,2,2
633,94,2,2
633,95,2,2
633,96,2,2
633,97,2,2
633,98,2,2
633,99,2,2
633,100,2,2
633,101,2,2
633,102,2,2
633,103,2,2
633,104,2,2
633,105,2,2
633,106,2,2
633,107,2,2
633,108,2,2
633,109,2,2
633,110,2,2
633,111,2,2
633,112,2,2
633,113,2,2
633,114,2,2
633,115,2,2
633,116,2,2
633,117,2,2
633,118,2,2
633,119,2,2
633,120,2,2
633,121,2,2
633,122,2,2
633,123,2,2
633,124,2,2
633,125,2,2
633,126,2,2
633,127,2,2
633,128,2,2
633,129,2,2
633,130,2,2
633,131,2,2
633,132,2,2
633,133,2,2
633,134,2,2
633,135,2,2
633,136,2,2
633,137,2,2
633,138,2,2
633,139,2,2
633,140,2,2
633,141,2,2
633,142,2,2
633,143,2,2
633,144,2,2
633,145,2,2
633,146,2,2
633,147,2,2
633,148,2,2
633,149,2,2
633,150,2,2
633,151,2,2
633,152,2,2
633,153,2,2
633,154,2,2
633,155,2,2
633,156,2,2
633,157,2,2
633,158,2,2
633,159,2,2
633,160,2,2
633,161,2,2
633,162,2,2
633,163,2,2
633,164,2,2
633,165,2,2
633,166,2,2
633,167,2,2
633,168,2,2
633,169,2,3
633,170,2,3
633,171,2,3
633,172,2,3
633,173,2,3
633,174,2,2
633,175,2,2
633,176,2,2
633,177,2,2
633,178,2,2
633,179,2,2
633,180,2,2
633,181,2,2
633,182,2,2
633,183,2,2
633,184,2,2
633,185,2,2
633,186,2,2
633,187,2,2
633,188,2,2
633,189,2,2
633,190,2,2
633,191,2,2
633,192,2,2
633,193,2,2
633,194,2,2
633,195,2,2
633,196,2,2
633,197,2,2
633,198,2,2
633,199,2,2
633,200,2,2
633,201,2,2
633,202,2,2
633,203,2,2
633,204,2,2
633,205,2,2
633,206,2,2
633,207,2,2
633,208,2,2
633,209,2,2
633,210,2,2
633,211,2,2
633,212,2,2
633,213,2,2
633,214,2,2
633,215,2,2
633,216,2,2
633,217,2,2
633,218,2,2
633,219,2,2
633,220,2,2
633,221,2,2
633,222,2,2
633,223,2,2
633,224,2,2
633,225,2,2
633,226,2,2
633,227,2,2
633,228,2,2
633,229,2,2
633,230,2,2
633,231,2,2
633,232,2,2
633,233,2,2
633,234,2,2
633,235,2,2
633,236,2,2
633,237,2,2
633,238,2,2
633,239,2,2
633,240,2,2
633,241,2,2
633,242,2,2
633,243,2,2
633,244,2,2
633,245,2,2
633,246,2,2
633,247,2,2
633,248,2,2
633,249,2,2
633,250,2,2
633,251,2,2
633,252,2,2
633,253,2,2
633,254,2,2
633,255,2,2
633,256,2,2
633,257,2,2
633,258,2,2
633,259,2,2
633,260,2,2
633,261,2,2
633,262,2,2
633,263,2,2
633,264,2,2
633,265,2,2
633,266,2,2
633,267,2,2
633,268,2,2
633,269,2,2
633,270,2,2
633,271,2,2
633,272,2,2
633,273,2,2
633,274,2,2
633,275,2,2
633,276,2,2
633,277,2,2
633,278,2,2
633,279,2,2
633,280,2,2
633,281,2,2
633,282,2,2
633,283,2,2
633,284,2,2
633,285,2,2
633,286,2,2
633,287,2,2
633,288,2,2
633,289,2,2
633,290,2,2
633,291,2,2
633,292,2,2
633,293,2,2
633,294,2,2
633,295,2,2
633,296,2,2
633,297,2,2
633,298,2,2
633,299,2,2
633,300,2,2
633,301,2,2
633,302,2,2
633,303,2,2
633,304,2,2
633,305,2,2
633,306,2,2
633,307,2,2
633,308,2,2
633,309,2,2
633,310,2,2
633,311,2,2
633,312,2,2
633,313,2,2
633,314,2,2
633,315,2,2
633,316,2,2
633,317,2,2
633,318,2,2
633,319,2,2
633,320,2,2
633,321,2,2
633,322,2,2
633,323,2,2
633,324,2,2
633,325,2,2
633,326,2,2
633,327,2,2
633,328,2,2
633,329,2,2
633,330,2,2
633,331,2,2
633,332,2,2
633,333,2,2
633,334,2,2
633,335,2,2
633,336,2,2
633,337,2,2
633,338,2,2
633,339,2,2
633,340,2,2
633,341,2,2
633,342,2,2
633,343,2,2
633,344,2,2
633,345,2,2
633,346,2,2
633,347,2,2
633,348,2,2
633,349,2,2
633,350,2,2
633,351,2,2
633,352,2,2
633,353,2,2
633,354,2,2
633,355,2,2
633,356,2,2
633,357,2,2
633,358,2,2
633,359,2,2
634,86,2,2
634,87,2,2
634,88,2,2
634,89,2,2
634,90,2,2
634,91,2,2
634,92,2,2
634,93,2,2
634,94,2,2
634,95,2,2
634,96,2,2
634,97,2,2
634,98,2,2
634,99,2,2
634,100,2,2
634,101,2,2
634,102,2,2
634,103,2,2
634,104,2,2
634,105,2,2
634,106,2,2
634,107,2,2
634,108,2,2
634,109,2,2
634,110,2,2
634,111,2,2
634,112,2,2
634,113,2,2
634,114,2,2
634,115,2,2
634,116,2,2
634,117,2,2
634,118,2,2
634,119,2,2
634,120,2,2
634,121,2,2
634,122,2,2
634,123,2,2
634,124,2,2
634,125,2,2
634,126,2,2
634,127,2,2
634,128,2,2
634,129,2,2
634,130,2,2
634,131,2,2
634,132,2,2
634,133,2,2
634,134,2,2
634,135,2,2
634,136,2,2
634,137,2,2
634,138,2,2
634,139,2,2
634,140,2,2
634,141,2,2
634,142,2,2
634,143,2,2
634,144,2,2
634,145,2,2
634,146,2,2
634,147,2,2
634,148,2,2
634,149,2,2
634,150,2,2
634,151,2,2
634,152,2,2
634,153,2,2
634,154,2,2
634,155,2,2
634,156,2,2
634,157,2,2
634,158,2,2
634,159,2,2
634,160,2,2
634,161,2,2
634,162,2,2
634,163,2,2
634,164,2,2
634,165,2,2
634,166,2,2
634,167,2,2
634,168,2,2
634,169,2,3
634,170,2,3
634,171,2,3
634,172,2,3
634,173,2,3
634,174,2,2
634,175,2,2
634,176,2,2
634,177,2,2
634,178,2,2
634,179,2,2
634,180,2,2
634,181,2,2
634,182,2,2
634,183,2,2
634,184,2,2
634,185,2,2
634,186,2,2
634,187,2,2
634,188,2,2
634,189,2,2
634,190,2,2
634,191,2,2
634,192,2,2
634,193,2,2
634,194,2,2
634,195,2,2
634,196,2,2
634,197,2,2
634,198,2,2
634,199,2,2
634,200,2,2
634,201,2,2
634,202,2,2
634,203,2,2
634,204,2,2
634,205,2,2
634,206,2,2
634,207,2,2
634,208,2,2
634,209,2,2
634,210,2,2
634,211,2,2
634,212,2,2
634,213,2,2
634,214,2,2
634,215,2,2
634,216,2,2
634,217,2,2
634,218,2,2
634,219,2,2
634,220,2,2
634,221,2,2
634,222,2,2
634,223,2,2
634,224,2,2
634,225,2,2
634,226,2,2
634,227,2,2
634,228,2,2
634,229,2,2
634,230,2,2
634,231,2,2
634,232,2,2
634,233,2,2
634,234,2,2
634,235,2,2
634,236,2,2
634,237,2,2
634,238,2,2
634,239,2,2
634,240,2,2
634,241,2,2
634,242,2,2
634,243,2,2
634,244,2,2
634,245,2,2
634,246,2,2
634,247,2,2
634,248,2,2
634,249,2,2
634,250,2,2
634,251,2,2
634,252,2,2
634,253,2,2
634,254,2,2
634,255,2,2
634,256,2,2
634,257,2,2
634,258,2,2
634,259,2,2
634,260,2,2
634,261,2,2
634,262,2,2
634,263,2,2
634,264,2,2
634,265,2,2
634,266,2,2
634,267,2,2
634,268,2,2
634,269,2,2
634,270,2,2
634,271,2,2
634,272,2,2
634,273,2,2
634,274,2,2
634,275,2,2
634,276,2,2
634,277,2,2
634,278,2,2
634,279,2,2
634,280,2,2
634,281,2,2
634,282,2,2
634,283,2,2
634,284,2,2
634,285,2,2
634,286,2,2
634,287,2,2
634,288,2,2
634,289,2,2
634,290,2,2
634,291,2,2
634,292,2,2
634,293,2,2
634,294,2,2
634,295,2,2
634,296,2,2
634,297,2,2
634,298,2,2
634,299,2,2
634,300,2,2
634,301,2,2
634,302,2,2
634,303,2,2
634,304,2,2
634,305,2,2
634,306,2,2
634,307,2,2
634,308,2,2
634,309,2,2
634,310,2,2
634,311,2,2
634,312,2,2
634,313,2,2
634,314,2,2
634,315,2,2
634,316,2,2
634,317,2,2
634,318,2,2
634,319,2,2
634,320,2,2
634,321,2,2
634,322,2,2
634,323,2,2
634,324,2,2
634,325,2,2
634,326,2,2
634,327,2,2
634,328,2,2
634,329,2,2
634,330,2,2
634,331,2,2
634,332,2,2
634,333,2,2
634,334,2,2
634,335,2,2
634,336,2,2
634,337,2,2
634,338,2,2
634,339,2,2
634,340,2,2
634,341,2,2
634,342,2,2
634,343,2,2
634,344,2,2
634,345,2,2
634,346,2,2
634,347,2,2
634,348,2,2
634,349,2,2
634,350,2,2
634,351,2,2
634,352,2,2
634,353,2,2
634,354,2,2
634,355,2,2
634,356,2,2
634,357,2,2
634,358,2,2
634,359,2,2
634,360,2,3
635,85,2,2
635,86,2,2
635,87,2,2
635,88,2,2
635,89,2,2
635,90,2,2
635,91,2,2
635,92,2,2
635,93,2,2
635,94,2,2
635,95,2,2
635,96,2,2
635,97,2,2
635,98,2,2
635,99,2,2
635,100,2,2
635,101,2,2
635,102,2,2
635,103,2,2
635,104,2,2
635,105,2,2
635,106,2,2
635,107,2,2
635,108,2,2
635,109,2,2
635,110,2,2
635,111,2,2
635,112,2,2
635,113,2,2
635,114,2,2
635,115,2,2
635,116,2,2
635,117,2,2
635,118,2,2
635,119,2,2
635,120,2,2
635,121,2,2
635,122,2,2
635,123,2,2
635,124,2,2
635,125,2,2
635,126,2,2
635,127,2,2
635,128,2,2
635,129,2,2
635,130,2,2
635,131,2,2
635,132,2,2
635,133,2,2
635,134,2,2
635,135,2,2
635,136,2,2
635,137,2,2
635,138,2,2
635,139,2,2
635,140,2,2
635,141,2,2
635,142,2,2
635,143,2,2
635,144,2,2
635,145,2,2
635,146,2,2
635,147,2,2
635,148,2,2
635,149,2,2
635,150,2,2
635,151,2,2
635,152,2,2
635,153,2,2
635,154,2,2
635,155,2,2
635,156,2,2
635,157,2,2
635,158,2,2
635,159,2,2
635,160,2,2
635,161,2,2
635,162,2,2
635,163,2,2
635,164,2,2
635,165,2,2
635,166,2,2
635,167,2,2
635,168,2,2
635,169,2,3
635,170,2,3
635,171,2,3
635,172,2,3
635,173,2,3
635,174,2,3
635,175,2,2
635,176,2,2
635,177,2,2
635,178,2,2
635,179,2,2
635,180,2,2
635,181,2,2
635,182,2,2
635,183,2,2
635,184,2,2
635,185,2,2
635,186,2,2
635,187,2,2
635,188,2,2
635,189,2,2
635,190,2,2
635,191,2,2
635,192,2,2
635,193,2,2
635,194,2,2
635,195,2,2
635,196,2,2
635,197,2,2
635,198,2,2
635,199,2,2
635,200,2,2
635,201,2,2
635,202,2,2
635,203,2,2
635,204,2,2
635,205,2,2
635,206,2,2
635,207,2,2
635,208,2,2
635,209,2,2
635,210,2,2
635,211,2,2
635,212,2,2
635,213,2,2
635,214,2,2
635,215,2,2
635,216,2,2
635,217,2,2
635,218,2,2
635,219,2,2
635,220,2,2
635,221,2,2
635,222,2,2
635,223,2,2
635,224,2,2
635,225,2,2
635,226,2,2
635,227,2,2
635,228,2,2
635,229,2,2
635,230,2,2
635,231,2,2
635,232,2,2
635,233,2,2
635,234,2,2
635,235,2,2
635,236,2,2
635,237,2,2
635,238,2,2
635,239,2,2
635,240,2,2
635,241,2,2
635,242,2,2
635,243,2,2
635,244,2,2
635,245,2,2
635,246,2,2
635,247,2,2
635,248,2,2
635,249,2,2
635,250,2,2
635,251,2,2
635,252,2,2
635,253,2,2
635,254,2,2
635,255,2,2
635,256,2,2
635,257,2,2
635,258,2,2
635,259,2,2
635,260,2,2
635,261,2,2
635,262,2,2
635,263,2,2
635,264,2,2
635,265,2,2
635,266,2,2
635,267,2,2
635,268,2,2
635,269,2,2
635,270,2,2
635,271,2,2
635,272,2,2
635,273,2,2
635,274,2,2
635,275,2,2
635,276,2,2
635,277,2,2
635,278,2,2
635,279,2,2
635,280,2,2
635,281,2,2
635,282,2,2
635,283,2,2
635,284,2,2
635,285,2,2
635,286,2,2
635,287,2,2
635,288,2,2
635,289,2,2
635,290,2,2
635,291,2,2
635,292,2,2
635,293,2,2
635,294,2,2
635,295,2,2
635,296,2,2
635,297,2,2
635,298,2,2
635,299,2,2
635,300,2,2
635,301,2,2
635,302,2,2
635,303,2,2
635,304,2,2
635,305,2,2
635,306,2,2
635,307,2,2
635,308,2,2
635,309,2,2
635,310,2,2
635,311,2,2
635,312,2,2
635,313,2,2
635,314,2,2
635,315,2,2
635,316,2,2
635,317,2,2
635,318,2,2
635,319,2,2
635,320,2,2
635,321,2,2
635,322,2,2
635,323,2,2
635,324,2,2
635,325,2,2
635,326,2,2
635,327,2,2
635,328,2,2
635,329,2,2
635,330,2,2
635,331,2,2
635,332,2,2
635,333,2,2
635,334,2,2
635,335,2,2
635,336,2,2
635,337,2,2
635,338,2,2
635,339,2,2
635,340,2,2
635,341,2,2
635,342,2,2
635,343,2,2
635,344,2,2
635,345,2,2
635,346,2,2
635,347,2,2
635,348,2,2
635,349,2,2
635,350,2,2
635,351,2,2
635,352,2,2
635,353,2,2
635,354,2,2
635,355,2,2
635,356,2,2
635,357,2,2
635,358,2,2
635,359,2,2
635,360,2,2
635,361,2,2
636,84,2,2
636,85,2,2
636,86,2,2
636,87,2,2
636,88,2,2
636,89,2,2
636,90,2,2
636,91,2,2
636,92,2,2
636,93,2,2
636,94,2,2
636,95,2,2
636,96,2,2
636,97,2,2
636,98,2,2
636,99,2,2
636,100,2,2
636,101,2,2
636,102,2,2
636,103,2,2
636,104,2,2
636,105,2,2
636,106,2,2
636,107,2,2
636,108,2,2
636,109,2,2
636,110,2,2
636,111,2,2
636,112,2,2
636,113,2,2
636,114,2,2
636,115,2,2
636,116,2,2
636,117,2,2
636,118,2,2
636,119,2,2
636,120,2,2
636,121,2,2
636,122,2,2
636,123,2,2
636,124,2,2
636,125,2,2
636,126,2,2
636,127,2,2
636,128,2,2
636,129,2,2
636,130,2,2
636,131,2,2
636,132,2,2
636,133,2,2
636,134,2,2
636,135,2,2
636,136,2,2
636,137,2,2
636,138,2,2
636,139,2,2
636,140,2,2
636,141,2,2
636,142,2,2
636,143,2,2
636,144,2,2
636,145,2,2
636,146,2,2
636,147,2,2
636,148,2,2
636,149,2,2
636,150,2,2
636,151,2,2
636,152,2,2
636,153,2,2
636,154,2,2
636,155,2,2
636,156,2,2
636,157,2,2
636,158,2,2
636,159,2,2
636,160,2,2
636,161,2,2
636,162,2,2
636,163,2,2
636,164,2,2
636,165,2,2
636,166,2,2
636,167,2,2
636,168,2,2
636,169,2,3
636,170,2,3
636,171,2,3
636,172,2,3
636,173,2,3
636,174,2,3
636,175,2,2
636,176,2,2
636,177,2,2
636,178,2,2
636,179,2,2
636,180,2,2
636,181,2,2
636,182,2,2
636,183,2,2
636,184,2,2
636,185,2,2
636,186,2,2
636,187,2,2
636,188,2,2
636,189,2,2
636,190,2,2
636,191,2,2
636,192,2,2
636,193,2,2
636,194,2,2
636,195,2,2
636,196,2,2
636,197,2,2
636,198,2,2
636,199,2,2
636,200,2,2
636,201,2,2
636,202,2,2
636,203,2,2
636,204,2,2
636,205,2,2
636,206,2,2
636,207,2,2
636,208,2,2
636,209,2,2
636,210,2,2
636,211,2,2
636,212,2,2
636,213,2,2
636,214,2,2
636,215,2,2
636,216,2,2
636,217,2,2
636,218,2,2
636,219,2,2
636,220,2,2
636,221,2,2
636,222,2,2
636,223,2,2
636,224,2,2
636,225,2,2
636,226,2,2
636,227,2,2
636,228,2,2
636,229,2,2
636,230,2,2
636,231,2,2
636,232,2,2
636,233,2,2
636,234,2,2
636,235,2,2
636,236,2,2
636,237,2,2
636,238,2,2
636,239,2,2
636,240,2,2
636,241,2,2
636,242,2,2
636,243,2,2
636,244,2,2
636,245,2,2
636,246,2,2
636,247,2,2
636,248,2,2
636,249,2,2
636,250,2,2
636,251,2,2
636,252,2,2
636,253,2,2
636,254,2,2
636,255,2,2
636,256,2,2
636,257,2,2
636,258,2,2
636,259,2,2
636,260,2,2
636,261,2,2
636,262,2,2
636,263,2,2
636,264,2,2
636,265,2,2
636,266,2,2
636,267,2,2
636,268,2,2
636,269,2,2
636,270,2,2
636,271,2,2
636,272,2,2
636,273,2,2
636,274,2,2
636,275,2,2
636,276,2,2
636,277,2,2
636,278,2,2
636,279,2,2
636,280,2,2
636,281,2,2
636,282,2,2
636,283,2,2
636,284,2,2
636,285,2,2
636,286,2,2
636,287,2,2
636,288,2,2
636,289,2,2
636,290,2,2
636,291,2,2
636,292,2,2
636,293,2,2
636,294,2,2
636,295,2,2
636,296,2,2
636,297,2,2
636,298,2,2
636,299,2,2
636,300,2,2
636,301,2,2
636,302,2,2
636,303,2,2
636,304,2,2
636,305,2,2
636,306,2,2
636,307,2,2
636,308,2,2
636,309,2,2
636,310,2,2
636,311,2,2
636,312,2,2
636,313,2,2
636,314,2,2
636,315,2,2
636,316,2,2
636,317,2,2
636,318,2,2
636,319,2,2
636,320,2,2
636,321,2,2
636,322,2,2
636,323,2,2
636,324,2,2
636,325,2,2
636,326,2,2
636,327,2,2
636,328,2,2
636,329,2,2
636,330,2,2
636,331,2,2
636,332,2,2
636,333,2,2
636,334,2,2
636,335,2,2
636,336,2,2
636,337,2,2
636,338,2,2
636,339,2,2
636,340,2,2
636,341,2,2
636,342,2,2
636,343,2,2
636,344,2,2
636,345,2,2
636,346,2,2
636,347,2,2
636,348,2,2
636,349,2,2
636,350,2,2
636,351,2,2
636,352,2,2
636,353,2,2
636,354,2,2
636,355,2,2
636,356,2,2
636,357,2,2
636,358,2,2
636,359,2,2
636,360,2,2
636,361,2,2
636,362,2,2
637,82,2,2
637,83,2,2
637,84,2,2
637,85,2,2
637,86,2,2
637,87,2,2
637,88,2,2
637,89,2,2
637,90,2,2
637,91,2,2
637,92,2,2
637,93,2,2
637,94,2,2
637,95,2,2
637,96,2,2
637,97,2,2
637,98,2,2
637,99,2,2
637,100,2,2
637,101,2,2
637,102,2,2
637,103,2,2
637,104,2,2
637,105,2,2
637,106,2,2
637,107,2,2
637,108,2,2
637,109,2,2
637,110,2,2
637,111,2,2
637,112,2,2
637,113,2,2
637,114,2,2
637,115,2,2
637,116,2,2
637,117,2,2
637,118,2,2
637,119,2,2
637,120,2,2
637,121,2,2
637,122,2,2
637,123,2,2
637,124,2,2
637,125,2,2
637,126,2,2
637,127,2,2
637,128,2,2
637,129,2,2
637,130,2,2
637,131,2,2
637,132,2,2
637,133,2,2
637,134,2,2
637,135,2,2
637,136,2,2
637,137,2,2
637,138,2,2
637,139,2,2
637,140,2,2
637,141,2,2
637,142,2,2
637,143,2,2
637,144,2,2
637,145,2,2
637,146,2,2
637,147,2,2
637,148,2,2
637,149,2,2
637,150,2,2
637,151,2,2
637,152,2,2
637,153,2,2
637,154,2,2
637,155,2,2
637,156,2,2
637,157,2,2
637,158,2,2
637,159,2,2
637,160,2,2
637,161,2,2
637,162,2,2
637,163,2,2
637,164,2,2
637,165,2,2
637,166,2,2
637,167,2,2
637,168,2,2
637,169,2,3
637,170,2,3
637,171,2,3
637,172,2,3
637,173,2,3
637,174,2,3
637,175,2,3
637,176,2,2
637,177,2,2
637,178,2,2
637,179,2,2
637,180,2,2
637,181,2,2
637,182,2,2
637,183,2,2
637,184,2,2
637,185,2,2
637,186,2,2
637,187,2,2
637,188,2,2
637,189,2,2
637,190,2,2
637,191,2,2
637,192,2,2
637,193,2,2
637,194,2,2
637,195,2,2
637,196,2,2
637,197,2,2
637,198,2,2
637,199,2,2
637,200,2,2
637,201,2,2
637,202,2,2
637,203,2,2
637,204,2,2
637,205,2,2
637,206,2,2
637,207,2,2
637,208,2,2
637,209,2,2
637,210,2,2
637,211,2,2
637,212,2,2
637,213,2,2
637,214,2,2
637,215,2,2
637,216,2,2
637,217,2,2
637,218,2,2
637,219,2,2
637,220,2,2
637,221,2,2
637,222,2,2
637,223,2,2
637,224,2,2
637,225,2,2
637,226,2,2
637,227,2,2
637,228,2,2
637,229,2,2
637,230,2,2
637,231,2,2
637,232,2,2
637,233,2,2
637,234,2,2
637,235,2,2
637,236,2,2
637,237,2,2
637,238,2,2
637,239,2,2
637,240,2,2
637,241,2,2
637,242,2,2
637,243,2,2
637,244,2,2
637,245,2,2
637,246,2,2
637,247,2,2
637,248,2,2
637,249,2,2
637,250,2,2
637,251,2,2
637,252,2,2
637,253,2,2
637,254,2,2
637,255,2,2
637,256,2,2
637,257,2,2
637,258,2,2
637,259,2,2
637,260,2,2
637,261,2,2
637,262,2,2
637,263,2,2
637,264,2,2
637,265,2,2
637,266,2,2
637,267,2,2
637,268,2,2
637,269,2,2
637,270,2,2
637,271,2,2
637,272,2,2
637,273,2,2
637,274,2,2
637,275,2,2
637,276,2,2
637,277,2,2
637,278,2,2
637,279,2,2
637,280,2,2
637,281,2,2
637,282,2,2
637,283,2,2
637,284,2,2
637,285,2,2
637,286,2,2
637,287,2,2
637,288,2,2
637,289,2,2
637,290,2,2
637,291,2,2
637,292,2,2
637,293,2,2
637,294,2,2
637,295,2,2
637,296,2,2
637,297,2,2
637,298,2,2
637,299,2,2
637,300,2,2
637,301,2,2
637,302,2,2
637,303,2,2
637,304,2,2
637,305,2,2
637,306,2,2
637,307,2,2
637,308,2,2
637,309,2,2
637,310,2,2
637,311,2,2
637,312,2,2
637,313,2,2
637,314,2,2
637,315,2,2
637,316,2,2
637,317,2,2
637,318,2,2
637,319,2,2
637,320,2,2
637,321,2,2
637,322,2,2
637,323,2,2
637,324,2,2
637,325,2,2
637,326,2,2
637,327,2,2
637,328,2,2
637,329,2,2
637,330,2,2
637,331,2,2
637,332,2,2
637,333,2,2
637,334,2,2
637,335,2,2
637,336,2,2
637,337,2,2
637,338,2,2
637,339,2,2
637,340,2,2
637,341,2,2
637,342,2,2
637,343,2,2
637,344,2,2
637,345,2,2
637,346,2,2
637,347,2,2
637,348,2,2
637,349,2,2
637,350,2,2
637,351,2,2
637,352,2,2
637,353,2,2
637,354,2,2
637,355,2,2
637,356,2,2
637,357,2,2
637,358,2,2
637,359,2,2
637,360,2,2
637,361,2,2
637,362,2,2
637,363,2,2
637,364,2,3
638,81,2,2
638,82,2,2
638,83,2,2
638,84,2,2
638,85,2,2
638,86,2,2
638,87,2,2
638,88,2,2
638,89,2,2
638,90,2,2
638,91,2,2
638,92,2,2
638,93,2,2
638,94,2,2
638,95,2,2
638,96,2,2
638,97,2,2
638,98,2,2
638,99,2,2
638,100,2,2
638,101,2,2
638,102,2,2
638,103,2,2
638,104,2,2
638,105,2,2
638,106,2,2
638,107,2,2
638,108,2,2
638,109,2,2
638,110,2,2
638,111,2,2
638,112,2,2
638,113,2,2
638,114,2,2
638,115,2,2
638,116,2,2
638,117,2,2
638,118,2,2
638,119,2,2
638,120,2,2
638,121,2,2
638,122,2,2
638,123,2,2
638,124,2,2
638,125,2,2
638,126,2,2
638,127,2,2
638,128,2,2
638,129,2,2
638,130,2,2
638,131,2,2
638,132,2,2
638,133,2,2
638,134,2,2
638,135,2,2
638,136,2,2
638,137,2,2
638,138,2,2
638,139,2,2
638,140,2,2
638,141,2,2
638,142,2,2
638,143,2,2
638,144,2,2
638,145,2,2
638,146,2,2
638,147,2,2
638,148,2,2
638,149,2,2
638,150,2,2
638,151,2,2
638,152,2,2
638,153,2,2
638,154,2,2
638,155,2,2
638,156,2,2
638,157,2,2
638,158,2,2
638,159,2,2
638,160,2,2
638,161,2,2
638,162,2,2
638,163,2,2
638,164,2,2
638,165,2,2
638,166,2,2
638,167,2,2
638,168,2,2
638,169,2,3
638,170,2,3
638,171,2,3
638,172,2,3
638,173,2,3
638,174,2,3
638,175,2,3
638,176,2,3
638,177,2,2
638,178,2,2
638,179,2,2
638,180,2,2
638,181,2,2
638,182,2,2
638,183,2,2
638,184,2,2
638,185,2,2
638,186,2,2
638,187,2,2
638,188,2,2
638,189,2,2
638,190,2,2
638,191,2,2
638,192,2,2
638,193,2,2
638,194,2,2
638,195,2,2
638,196,2,2
638,197,2,2
638,198,2,2
638,199,2,2
638,200,2,2
638,201,2,2
638,202,2,2
638,203,2,2
638,204,2,2
638,205,2,2
638,206,2,2
638,207,2,2
638,208,2,2
638,209,2,2
638,210,2,2
638,211,2,2
638,212,2,2
638,213,2,2
638,214,2,2
638,215,2,2
638,216,2,2
638,217,2,2
638,218,2,2
638,219,2,2
638,220,2,2
638,221,2,2
638,222,2,2
638,223,2,2
638,224,2,2
638,225,2,2
638,226,2,2
638,227,2,2
638,228,2,2
638,229,2,2
638,230,2,2
638,231,2,2
638,232,2,2
638,233,2,2
638,234,2,2
638,235,2,2
638,236,2,2
638,237,2,2
638,238,2,2
638,239,2,2
638,240,2,2
638,241,2,2
638,242,2,2
638,243,2,2
638,244,2,2
638,245,2,2
638,246,2,2
638,247,2,2
638,248,2,2
638,249,2,2
638,250,2,2
638,251,2,2
638,252,2,2
638,253,2,2
638,254,2,2
638,255,2,2
638,256,2,2
638,257,2,2
638,258,2,2
638,259,2,2
638,260,2,2
638,261,2,2
638,262,2,2
638,263,2,2
638,264,2,2
638,265,2,2
638,266,2,2
638,267,2,2
638,268,2,2
638,269,2,2
638,270,2,2
638,271,2,2
638,272,2,2
638,273,2,2
638,274,2,2
638,275,2,2
638,276,2,2
638,277,2,2
638,278,2,2
638,279,2,2
638,280,2,2
638,281,2,2
638,282,2,2
638,283,2,2
638,284,2,2
638,285,2,2
638,286,2,2
638,287,2,2
638,288,2,2
638,289,2,2
638,290,2,2
638,291,2,2
638,292,2,2
638,293,2,2
638,294,2,2
638,295,2,2
638,296,2,2
638,297,2,2
638,298,2,2
638,299,2,2
638,300,2,2
638,301,2,2
638,302,2,2
638,303,2,2
638,304,2,2
638,305,2,2
638,306,2,2
638,307,2,2
638,308,2,2
638,309,2,2
638,310,2,2
638,311,2,2
638,312,2,2
638,313,2,2
638,314,2,2
638,315,2,2
638,316,2,2
638,317,2,2
638,318,2,2
638,319,2,2
638,320,2,2
638,321,2,2
638,322,2,2
638,323,2,2
638,324,2,2
638,325,2,2
638,326,2,2
638,327,2,2
638,328,2,2
638,329,2,2
638,330,2,2
638,331,2,2
638,332,2,2
638,333,2,2
638,334,2,2
638,335,2,2
638,336,2,2
638,337,2,2
638,338,2,2
638,339,2,2
638,340,2,2
638,341,2,2
638,342,2,2
638,343,2,2
638,344,2,2
638,345,2,2
638,346,2,2
638,347,2,2
638,348,2,2
638,349,2,2
638,350,2,2
638,351,2,2
638,352,2,2
638,353,2,2
638,354,2,2
638,355,2,2
638,356,2,2
638,357,2,2
638,358,2,2
638,359,2,2
638,360,2,2
638,361,2,2
638,362,2,2
638,363,2,2
638,364,2,2
639,81,2,2
639,82,2,2
639,83,2,2
639,84,2,2
639,85,2,2
639,86,2,2
639,87,2,2
639,88,2,2
639,89,2,2
639,90,2,2
639,91,2,2
639,92,2,2
639,93,2,2
639,94,2,2
639,95,2,2
639,96,2,2
639,97,2,2
639,98,2,2
639,99,2,2
639,100,2,2
639,101,2,2
639,102,2,2
639,103,2,2
639,104,2,2
639,105,2,2
639,106,2,2
639,107,2,2
639,108,2,2
639,109,2,2
639,110,2,2
639,111,2,2
639,112,2,2
639,113,2,2
639,114,2,2
639,115,2,2
639,116,2,2
639,117,2,2
639,118,2,2
639,119,2,2
639,120,2,2
639,121,2,2
639,122,2,2
639,123,2,2
639,124,2,2
639,125,2,2
639,126,2,2
639,127,2,2
639,128,2,2
639,129,2,2
639,130,2,2
639,131,2,2
639,132,2,2
639,133,2,2
639,134,2,2
639,135,2,2
639,136,2,2
639,137,2,2
639,138,2,2
639,139,2,2
639,140,2,2
639,141,2,2
639,142,2,2
639,143,2,2
639,144,2,2
639,145,2,2
639,146,2,2
639,147,2,2
639,148,2,2
639,149,2,2
639,150,2,2
639,151,2,2
639,152,2,2
639,153,2,2
639,154,2,2
639,155,2,2
639,156,2,2
639,157,2,2
639,158,2,2
639,159,2,2
639,160,2,2
639,161,2,2
639,162,2,2
639,163,2,2
639,164,2,2
639,165,2,2
639,166,2,2
639,167,2,2
639,168,2,2
639,169,2,2
639,170,2,3
639,171,2,3
639,172,2,3
639,173,2,3
639,174,2,3
639,175,2,3
639,176,2,3
639,177,2,2
639,178,2,2
639,179,2,2
639,180,2,2
639,181,2,2
639,182,2,2
639,183,2,2
639,184,2,2
639,185,2,2
639,186,2,2
639,187,2,2
639,188,2,2
639,189,2,2
639,190,2,2
639,191,2,2
639,192,2,2
639,193,2,2
639,194,2,2
639,195,2,2
639,196,2,2
639,197,2,2
639,198,2,2
639,199,2,2
639,200,2,2
639,201,2,2
639,202,2,2
639,203,2,2
639,204,2,2
639,205,2,2
639,206,2,2
639,207,2,2
639,208,2,2
639,209,2,2
639,210,2,2
639,211,2,2
639,212,2,2
639,213,2,2
639,214,2,2
639,215,2,2
639,216,2,2
639,217,2,2
639,218,2,2
639,219,2,2
639,220,2,2
639,221,2,2
639,222,2,2
639,223,2,2
639,224,2,2
639,225,2,2
639,226,2,2
639,227,2,2
639,228,2,2
639,229,2,2
639,230,2,2
639,231,2,2
639,232,2,2
639,233,2,2
639,234,2,2
639,235,2,2
639,236,2,2
639,237,2,2
639,238,2,2
639,239,2,2
639,240,2,2
639,241,2,2
639,242,2,2
639,243,2,2
639,244,2,2
639,245,2,2
639,246,2,2
639,247,2,2
639,248,2,2
639,249,2,2
639,250,2,2
639,251,2,2
639,252,2,2
639,253,2,2
639,254,2,2
639,255,2,2
639,256,2,2
639,257,2,2
639,258,2,2
639,259,2,2
639,260,2,2
639,261,2,2
639,262,2,2
639,263,2,2
639,264,2,2
639,265,2,2
639,266,2,2
639,267,2,2
639,268,2,2
639,269,2,2
639,270,2,2
639,271,2,2
639,272,2,2
639,273,2,2
639,274,2,2
639,275,2,2
639,276,2,2
639,277,2,2
639,278,2,2
639,279,2,2
639,280,2,2
639,281,2,2
639,282,2,2
639,283,2,2
639,284,2,2
639,285,2,2
639,286,2,2
639,287,2,2
639,288,2,2
639,289,2,2
639,290,2,2
639,291,2,2
639,292,2,2
639,293,2,2
639,294,2,2
639,295,2,2
639,296,2,2
639,297,2,2
639,298,2,2
639,299,2,2
639,300,2,2
639,301,2,2
639,302,2,2
639,303,2,2
639,304,2,2
639,305,2,2
639,306,2,2
639,307,2,2
639,308,2,2
639,309,2,2
639,310,2,2
639,311,2,2
639,312,2,2
639,313,2,2
639,314,2,2
639,315,2,2
639,316,2,2
639,317,2,2
639,318,2,2
639,319,2,2
639,320,2,2
639,321,2,2
639,322,2,2
639,323,2,2
639,324,2,2
639,325,2,2
639,326,2,2
639,327,2,2
639,328,2,2
639,329,2,2
639,330,2,2
639,331,2,2
639,332,2,2
639,333,2,2
639,334,2,2
639,335,2,2
639,336,2,2
639,337,2,2
639,338,2,2
639,339,2,2
639,340,2,2
639,341,2,2
639,342,2,2
639,343,2,2
639,344,2,2
639,345,2,2
639,346,2,2
639,347,2,2
639,348,2,2
639,349,2,2
639,350,2,2
639,351,2,2
639,352,2,2
639,353,2,2
639,354,2,2
639,355,2,2
639,356,2,2
639,357,2,2
639,358,2,2
639,359,2,2
639,360,2,2
639,361,2,2
639,362,2,2
639,363,2,2
639,364,2,2
639,365,2,2
640,81,2,2
640,82,2,2
640,83,2,2
640,84,2,2
640,85,2,2
640,86,2,2
640,87,2,2
640,88,2,2
640,89,2,2
640,90,2,2
640,91,2,2
640,92,2,2
640,93,2,2
640,94,2,2
640,95,2,2
640,96,2,2
640,97,2,2
640,98,2,2
640,99,2,2
640,100,2,2
640,101,2,2
640,102,2,2
640,103,2,2
640,104,2,2
640,105,2,2
640,106,2,2
640,107,2,2
640,108,2,2
640,109,2,2
640,110,2,2
640,111,2,2
640,112,2,2
640,113,2,2
640,114,2,2
640,115,2,2
640,116,2,2
640,117,2,2
640,118,2,2
640,119,2,2
640,120,2,2
640,121,2,2
640,122,2,2
640,123,2,2
640,124,2,2
640,125,2,2
640,126,2,2
640,127,2,2
640,128,2,2
640,129,2,2
640,130,2,2
640,131,2,2
640,132,2,2
640,133,2,2
640,134,2,2
640,135,2,2
640,136,2,2
640,137,2,2
640,138,2,2
640,139,2,2
640,140,2,2
640,141,2,2
640,142,2,2
640,143,2,2
640,144,2,2
640,145,2,2
640,146,2,2
640,147,2,2
640,148,2,2
640,149,2,2
640,150,2,2
640,151,2,2
640,152,2,2
640,153,2,2
640,154,2,2
640,155,2,2
640,156,2,2
640,157,2,2
640,158,2,2
640,159,2,2
640,160,2,2
640,161,2,2
640,162,2,2
640,163,2,2
640,164,2,2
640,165,2,2
640,166,2,2
640,167,2,2
640,168,2,2
640,169,2,2
640,170,2,3
640,171,2,3
640,172,2,3
640,173,2,3
640,174,2,3
640,175,2,3
640,176,2,3
640,177,2,2
640,178,2,2
640,179,2,2
640,180,2,2
640,181,2,2
640,182,2,2
640,183,2,2
640,184,2,2
640,185,2,2
640,186,2,2
640,187,2,2
640,188,2,2
640,189,2,2
640,190,2,2
640,191,2,2
640,192,2,2
640,193,2,2
640,194,2,2
640,195,2,2
640,196,2,2
640,197,2,2
640,198,2,2
640,199,2,2
640,200,2,2
640,201,2,2
640,202,2,2
640,203,2,2
640,204,2,2
640,205,2,2
640,206,2,2
640,207,2,2
640,208,2,2
640,209,2,2
640,210,2,2
640,211,2,2
640,212,2,2
640,213,2,2
640,214,2,2
640,215,2,2
640,216,2,2
640,217,2,2
640,218,2,2
640,219,2,2
640,220,2,2
640,221,2,2
640,222,2,2
640,223,2,2
640,224,2,2
640,225,2,2
640,226,2,2
640,227,2,2
640,228,2,2
640,229,2,2
640,230,2,2
640,231,2,2
640,232,2,2
640,233,2,2
640,234,2,2
640,235,2,2
640,236,2,2
640,237,2,2
640,238,2,2
640,239,2,2
640,240,2,2
640,241,2,2
640,242,2,2
640,243,2,2
640,244,2,2
640,245,2,2
640,246,2,2
640,247,2,2
640,248,2,2
640,249,2,2
640,250,2,2
640,251,2,2
640,252,2,2
640,253,2,2
640,254,2,2
640,255,2,2
640,256,2,2
640,257,2,2
640,258,2,2
640,259,2,2
640,260,2,2
640,261,2,2
640,262,2,2
640,263,2,2
640,264,2,2
640,265,2,2
640,266,2,2
640,267,2,2
640,268,2,2
640,269,2,2
640,270,2,2
640,271,2,2
640,272,2,2
640,273,2,2
640,274,2,2
640,275,2,2
640,276,2,2
640,277,2,2
640,278,2,2
640,279,2,2
640,280,2,2
640,281,2,2
640,282,2,2
640,283,2,2
640,284,2,2
640,285,2,2
640,286,2,2
640,287,2,2
640,288,2,2
640,289,2,2
640,290,2,2
640,291,2,2
640,292,2,2
640,293,2,2
640,294,2,2
640,295,2,2
640,296,2,2
640,297,2,2
640,298,2,2
640,299,2,2
640,300,2,2
640,301,2,2
640,302,2,2
640,303,2,2
640,304,2,2
640,305,2,2
640,306,2,2
640,307,2,2
640,308,2,2
640,309,2,2
640,310,2,2
640,311,2,2
640,312,2,2
640,313,2,2
640,314,2,2
640,315,2,2
640,316,2,2
640,317,2,2
640,318,2,2
640,319,2,2
640,320,2,2
640,321,2,2
640,322,2,2
640,323,2,2
640,324,2,2
640,325,2,2
640,326,2,2
640,327,2,2
640,328,2,2
640,329,2,2
640,330,2,2
640,331,2,2
640,332,2,2
640,333,2,2
640,334,2,2
640,335,2,2
640,336,2,2
640,337,2,2
640,338,2,2
640,339,2,2
640,340,2,2
640,341,2,2
640,342,2,2
640,343,2,2
640,344,2,2
640,345,2,2
640,346,2,2
640,347,2,2
640,348,2,2
640,349,2,2
640,350,2,2
640,351,2,2
640,352,2,2
640,353,2,2
640,354,2,2
640,355,2,2
640,356,2,2
640,357,2,2
640,358,2,2
640,359,2,2
640,360,2,2
640,361,2,2
640,362,2,2
640,363,2,2
640,364,2,2
640,365,2,2
640,366,2,3
641,79,2,2
641,80,2,2
641,81,2,2
641,82,2,2
641,83,2,2
641,84,2,2
641,85,2,2
641,86,2,2
641,87,2,2
641,88,2,2
641,89,2,2
641,90,2,2
641,91,2,2
641,92,2,2
641,93,2,2
641,94,2,2
641,95,2,2
641,96,2,2
641,97,2,2
641,98,2,2
641,99,2,2
641,100,2,2
641,101,2,2
641,102,2,2
641,103,2,2
641,104,2,2
641,105,2,2
641,106,2,2
641,107,2,2
641,108,2,2
641,109,2,2
641,110,2,2
641,111,2,2
641,112,2,2
641,113,2,2
641,114,2,2
641,115,2,2
641,116,2,2
641,117,2,2
641,118,2,2
641,119,2,2
641,120,2,2
641,121,2,2
641,122,2,2
641,123,2,2
641,124,2,2
641,125,2,2
641,126,2,2
641,127,2,2
641,128,2,2
641,129,2,2
641,130,2,2
641,131,2,2
641,132,2,2
641,133,2,2
641,134,2,2
641,135,2,2
641,136,2,2
641,137,2,2
641,138,2,2
641,139,2,2
641,140,2,2
641,141,2,2
641,142,2,2
641,143,2,2
641,144,2,2
641,145,2,2
641,146,2,2
641,147,2,2
641,148,2,2
641,149,2,2
641,150,2,2
641,151,2,2
641,152,2,2
641,153,2,2
641,154,2,2
641,155,2,2
641,156,2,2
641,157,2,2
641,158,2,2
641,159,2,2
641,160,2,2
641,161,2,2
641,162,2,2
641,163,2,2
641,164,2,2
641,165,2,2
641,166,2,2
641,167,2,2
641,168,2,2
641,169,2,2
641,170,2,3
641,171,2,3
641,172,2,3
641,173,2,3
641,174,2,3
641,175,2,3
641,176,2,3
641,177,2,2
641,178,2,2
641,179,2,2
641,180,2,2
641,181,2,2
641,182,2,2
641,183,2,2
641,184,2,2
641,185,2,2
641,186,2,2
641,187,2,2
641,188,2,2
641,189,2,2
641,190,2,2
641,191,2,2
641,192,2,2
641,193,2,2
641,194,2,2
641,195,2,2
641,196,2,2
641,197,2,2
641,198,2,2
641,199,2,2
641,200,2,2
641,201,2,2
641,202,2,2
641,203,2,2
641,204,2,2
641,205,2,2
641,206,2,2
641,207,2,2
641,208,2,2
641,209,2,2
641,210,2,2
641,211,2,2
641,212,2,2
641,213,2,2
641,214,2,2
641,215,2,2
641,216,2,2
641,217,2,2
641,218,2,2
641,219,2,2
641,220,2,2
641,221,2,2
641,222,2,2
641,223,2,2
641,224,2,2
641,225,2,2
641,226,2,2
641,227,2,2
641,228,2,2
641,229,2,2
641,230,2,2
641,231,2,2
641,232,2,2
641,233,2,2
641,234,2,2
641,235,2,2
641,236,2,2
641,237,2,2
641,238,2,2
641,239,2,2
641,240,2,2
641,241,2,2
641,242,2,2
641,243,2,2
641,244,2,2
641,245,2,2
641,246,2,2
641,247,2,2
641,248,2,2
641,249,2,2
641,250,2,2
641,251,2,2
641,252,2,2
641,253,2,2
641,254,2,2
641,255,2,2
641,256,2,2
641,257,2,2
641,258,2,2
641,259,2,2
641,260,2,2
641,261,2,2
641,262,2,2
641,263,2,2
641,264,2,2
641,265,2,2
641,266,2,2
641,267,2,2
641,268,2,2
641,269,2,2
641,270,2,2
641,271,2,2
641,272,2,2
641,273,2,2
641,274,2,2
641,275,2,2
641,276,2,2
641,277,2,2
641,278,2,2
641,279,2,2
641,280,2,2
641,281,2,2
641,282,2,2
641,283,2,2
641,284,2,2
641,285,2,2
641,286,2,2
641,287,2,2
641,288,2,2
641,289,2,2
641,290,2,2
641,291,2,2
641,292,2,2
641,293,2,2
641,294,2,2
641,295,2,2
641,296,2,2
641,297,2,2
641,298,2,2
641,299,2,2
641,300,2,2
641,301,2,2
641,302,2,2
641,303,2,2
641,304,2,2
641,305,2,2
641,306,2,2
641,307,2,2
641,308,2,2
641,309,2,2
641,310,2,2
641,311,2,2
641,312,2,2
641,313,2,2
641,314,2,2
641,315,2,2
641,316,2,2
641,317,2,2
641,318,2,2
641,319,2,2
641,320,2,2
641,321,2,2
641,322,2,2
641,323,2,2
641,324,2,2
641,325,2,2
641,326,2,2
641,327,2,2
641,328,2,2
641,329,2,2
641,330,2,2
641,331,2,2
641,332,2,2
641,333,2,2
641,334,2,2
641,335,2,2
641,336,2,2
641,337,2,2
641,338,2,2
641,339,2,2
641,340,2,2
641,341,2,2
641,342,2,2
641,343,2,2
641,344,2,2
641,345,2,2
641,346,2,2
641,347,2,2
641,348,2,2
641,349,2,2
641,350,2,2
641,351,2,2
641,352,2,2
641,353,2,2
641,354,2,2
641,355,2,2
641,356,2,2
641,357,2,2
641,358,2,2
641,359,2,2
641,360,2,2
641,361,2,2
641,362,2,2
641,363,2,2
641,364,2,2
641,365,2,2
641,366,2,2
642,79,2,2
642,80,2,2
642,81,2,2
642,82,2,2
642,83,2,2
642,84,2,2
642,85,2,2
642,86,2,2
642,87,2,2
642,88,2,2
642,89,2,2
642,90,2,2
642,91,2,2
642,92,2,2
642,93,2,2
642,94,2,2
642,95,2,2
642,96,2,2
642,97,2,2
642,98,2,2
642,99,2,2
642,100,2,2
642,101,2,2
642,102,2,2
642,103,2,2
642,104,2,2
642,105,2,2
642,106,2,2
642,107,2,2
642,108,2,2
642,109,2,2
642,110,2,2
642,111,2,2
642,112,2,2
642,113,2,2
642,114,2,2
642,115,2,2
642,116,2,2
642,117,2,2
642,118,2,2
642,119,2,2
642,120,2,2
642,121,2,2
642,122,2,2
642,123,2,3
642,124,2,3
642,125,2,3
642,126,2,3
642,127,2,2
642,128,2,2
642,129,2,2
642,130,2,2
642,131,2,2
642,132,2,2
642,133,2,2
642,134,2,2
642,135,2,2
642,136,2,2
642,137,2,2
642,138,2,2
642,139,2,2
642,140,2,2
642,141,2,2
642,142,2,2
642,143,2,2
642,144,2,2
642,145,2,2
642,146,2,2
642,147,2,2
642,148,2,2
642,149,2,2
642,150,2,2
642,151,2,2
642,152,2,2
642,153,2,2
642,154,2,2
642,155,2,2
642,156,2,2
642,157,2,2
642,158,2,2
642,159,2,2
642,160,2,2
642,161,2,2
642,162,2,2
642,163,2,2
642,164,2,2
642,165,2,2
642,166,2,2
642,167,2,2
642,168,2,2
642,169,2,2
642,170,2,3
642,171,2,3
642,172,2,3
642,173,2,3
642,174,2,3
642,175,2,3
642,176,2,3
642,177,2,2
642,178,2,2
642,179,2,2
642,180,2,2
642,181,2,2
642,182,2,2
642,183,2,2
642,184,2,2
642,185,2,2
642,186,2,2
642,187,2,2
642,188,2,2
642,189,2,2
642,190,2,2
642,191,2,2
642,192,2,2
642,193,2,2
642,194,2,2
642,195,2,2
642,196,2,2
642,197,2,2
642,198,2,2
642,199,2,2
642,200,2,2
642,201,2,2
642,202,2,2
642,203,2,2
642,204,2,2
642,205,2,2
642,206,2,2
642,207,2,2
642,208,2,2
642,209,2,2
642,210,2,2
642,211,2,2
642,212,2,2
642,213,2,2
642,214,2,2
642,215,2,2
642,216,2,2
642,217,2,2
642,218,2,2
642,219,2,2
642,220,2,2
642,221,2,2
642,222,2,2
642,223,2,2
642,224,2,2
642,225,2,2
642,226,2,2
642,227,2,2
642,228,2,2
642,229,2,2
642,230,2,2
642,231,2,2
642,232,2,2
642,233,2,2
642,234,2,2
642,235,2,2
642,236,2,2
642,237,2,2
642,238,2,2
642,239,2,2
642,240,2,2
642,241,2,2
642,242,2,2
642,243,2,2
642,244,2,2
642,245,2,2
642,246,2,2
642,247,2,2
642,248,2,2
642,249,2,2
642,250,2,2
642,251,2,2
642,252,2,2
642,253,2,2
642,254,2,2
642,255,2,2
642,256,2,2
642,257,2,2
642,258,2,2
642,259,2,2
642,260,2,2
642,261,2,2
642,262,2,2
642,263,2,2
642,264,2,2
642,265,2,2
642,266,2,2
642,267,2,2
642,268,2,2
642,269,2,2
642,270,2,2
642,271,2,2
642,272,2,2
642,273,2,2
642,274,2,2
642,275,2,2
642,276,2,2
642,277,2,2
642,278,2,2
642,279,2,2
642,280,2,2
642,281,2,2
642,282,2,2
642,283,2,2
642,284,2,2
642,285,2,2
642,286,2,2
642,287,2,2
642,288,2,2
642,289,2,2
642,290,2,2
642,291,2,2
642,292,2,2
642,293,2,2
642,294,2,2
642,295,2,2
642,296,2,2
642,297,2,2
642,298,2,2
642,299,2,2
642,300,2,2
642,301,2,2
642,302,2,2
642,303,2,2
642,304,2,2
642,305,2,2
642,306,2,2
642,307,2,2
642,308,2,2
642,309,2,2
642,310,2,2
642,311,2,2
642,312,2,2
642,313,2,2
642,314,2,2
642,315,2,2
642,316,2,2
642,317,2,2
642,318,2,2
642,319,2,2
642,320,2,2
642,321,2,2
642,322,2,2
642,323,2,2
642,324,2,2
642,325,2,2
642,326,2,2
642,327,2,2
642,328,2,2
642,329,2,2
642,330,2,2
642,331,2,2
642,332,2,2
642,333,2,2
642,334,2,2
642,335,2,2
642,336,2,2
642,337,2,2
642,338,2,2
642,339,2,2
642,340,2,2
642,341,2,2
642,342,2,2
642,343,2,2
642,344,2,2
642,345,2,2
642,346,2,2
642,347,2,2
642,348,2,2
642,349,2,2
642,350,2,2
642,351,2,2
642,352,2,2
642,353,2,2
642,354,2,2
642,355,2,2
642,356,2,2
642,357,2,2
642,358,2,2
642,359,2,2
642,360,2,2
642,361,2,2
642,362,2,2
642,363,2,2
642,364,2,2
642,365,2,2
642,366,2,2
642,367,2,3
643,77,2,3
643,78,2,2
643,79,2,2
643,80,2,2
643,81,2,2
643,82,2,2
643,83,2,2
643,84,2,2
643,85,2,2
643,86,2,2
643,87,2,2
643,88,2,2
643,89,2,2
643,90,2,2
643,91,2,2
643,92,2,2
643,93,2,2
643,94,2,2
643,95,2,2
643,96,2,2
643,97,2,2
643,98,2,2
643,99,2,2
643,100,2,2
643,101,2,2
643,102,2,2
643,103,2,2
643,104,2,2
643,105,2,2
643,106,2,2
643,107,2,2
643,108,2,2
643,109,2,2
643,110,2,2
643,111,2,2
643,112,2,2
643,113,2,2
643,114,2,2
643,115,2,2
643,116,2,2
643,117,2,2
643,118,2,2
643,119,2,2
643,120,2,2
643,121,2,2
643,122,2,2
643,123,2,3
643,124,2,3
643,125,2,3
643,126,2,3
643,127,2,2
643,128,2,2
643,129,2,2
643,130,2,2
643,131,2,2
643,132,2,2
643,133,2,2
643,134,2,2
643,135,2,2
643,136,2,2
643,137,2,2
643,138,2,2
643,139,2,2
643,140,2,2
643,141,2,2
643,142,2,2
643,143,2,2
643,144,2,2
643,145,2,2
643,146,2,2
643,147,2,2
643,148,2,2
643,149,2,2
643,150,2,2
643,151,2,2
643,152,2,2
643,153,2,2
643,154,2,2
643,155,2,2
643,156,2,2
643,157,2,2
643,158,2,2
643,159,2,2
643,160,2,2
643,161,2,2
643,162,2,2
643,163,2,2
643,164,2,2
643,165,2,2
643,166,2,2
643,167,2,2
643,168,2,2
643,169,2,2
643,170,2,3
643,171,2,3
643,172,2,3
643,173,2,3
643,174,2,3
643,175,2,3
643,176,2,3
643,177,2,2
643,178,2,2
643,179,2,2
643,180,2,2
643,181,2,2
643,182,2,2
643,183,2,2
643,184,2,2
643,185,2,2
643,186,2,2
643,187,2,2
643,188,2,2
643,189,2,2
643,190,2,2
643,191,2,2
643,192,2,2
643,193,2,2
643,194,2,2
643,195,2,2
643,196,2,2
643,197,2,2
643,198,2,2
643,199,2,2
643,200,2,2
643,201,2,2
643,202,2,2
643,203,2,2
643,204,2,2
643,205,2,2
643,206,2,2
643,207,2,2
643,208,2,2
643,209,2,2
643,210,2,2
643,211,2,2
643,212,2,2
643,213,2,2
643,214,2,2
643,215,2,2
643,216,2,2
643,217,2,2
643,218,2,2
643,219,2,2
643,220,2,2
643,221,2,2
643,222,2,2
643,223,2,2
643,224,2,2
643,225,2,2
643,226,2,2
643,227,2,2
643,228,2,2
643,229,2,2
643,230,2,2
643,231,2,2
643,232,2,2
643,233,2,2
643,234,2,2
643,235,2,2
643,236,2,2
643,237,2,2
643,238,2,2
643,239,2,2
643,240,2,2
643,241,2,2
643,242,2,2
643,243,2,2
643,244,2,2
643,245,2,2
643,246,2,2
643,247,2,2
643,248,2,2
643,249,2,2
643,250,2,2
643,251,2,2
643,252,2,2
643,253,2,2
643,254,2,2
643,255,2,2
643,256,2,2
643,257,2,2
643,258,2,2
643,259,2,2
643,260,2,2
643,261,2,2
643,262,2,2
643,263,2,2
643,264,2,2
643,265,2,2
643,266,2,2
643,267,2,2
643,268,2,2
643,269,2,2
643,270,2,2
643,271,2,2
643,272,2,2
643,273,2,2
643,274,2,2
643,275,2,2
643,276,2,2
643,277,2,2
643,278,2,2
643,279,2,2
643,280,2,2
643,281,2,2
643,282,2,2
643,283,2,2
643,284,2,2
643,285,2,2
643,286,2,2
643,287,2,2
643,288,2,2
643,289,2,2
643,290,2,2
643,291,2,2
643,292,2,2
643,293,2,2
643,294,2,2
643,295,2,2
643,296,2,2
643,297,2,2
643,298,2,2
643,299,2,2
643,300,2,2
643,301,2,2
643,302,2,2
643,303,2,2
643,304,2,2
643,305,2,2
643,306,2,2
643,307,2,2
643,308,2,2
643,309,2,2
643,310,2,2
643,311,2,2
643,312,2,2
643,313,2,2
643,314,2,2
643,315,2,2
643,316,2,2
643,317,2,2
643,318,2,2
643,319,2,2
643,320,2,2
643,321,2,2
643,322,2,2
643,323,2,2
643,324,2,2
643,325,2,2
643,326,2,2
643,327,2,2
643,328,2,2
643,329,2,2
643,330,2,2
643,331,2,2
643,332,2,2
643,333,2,2
643,334,2,2
643,335,2,2
643,336,2,2
643,337,2,2
643,338,2,2
643,339,2,2
643,340,2,2
643,341,2,2
643,342,2,2
643,343,2,2
643,344,2,2
643,345,2,2
643,346,2,2
643,347,2,2
643,348,2,2
643,349,2,2
643,350,2,2
643,351,2,2
643,352,2,2
643,353,2,2
643,354,2,2
643,355,2,2
643,356,2,2
643,357,2,2
643,358,2,2
643,359,2,2
643,360,2,2
643,361,2,2
643,362,2,2
643,363,2,2
643,364,2,2
643,365,2,2
643,366,2,2
643,367,2,2
643,368,2,3
644,76,2,2
644,77,2,2
644,78,2,2
644,79,2,2
644,80,2,2
644,81,2,2
644,82,2,2
644,83,2,2
644,84,2,2
644,85,2,2
644,86,2,2
644,87,2,2
644,88,2,2
644,89,2,2
644,90,2,2
644,91,2,2
644,92,2,2
644,93,2,2
644,94,2,2
644,95,2,2
644,96,2,2
644,97,2,2
644,98,2,2
644,99,2,2
644,100,2,2
644,101,2,2
644,102,2,2
644,103,2,2
644,104,2,2
644,105,2,2
644,106,2,2
644,107,2,2
644,108,2,2
644,109,2,2
644,110,2,2
644,111,2,2
644,112,2,2
644,113,2,2
644,114,2,2
644,115,2,2
644,116,2,2
644,117,2,2
644,118,2,2
644,119,2,2
644,120,2,2
644,121,2,2
644,122,2,3
644,123,2,3
644,124,2,3
644,125,2,3
644,126,2,3
644,127,2,2
644,128,2,2
644,129,2,2
644,130,2,2
644,131,2,2
644,132,2,2
644,133,2,2
644,134,2,2
644,135,2,2
644,136,2,2
644,137,2,2
644,138,2,2
644,139,2,2
644,140,2,2
644,141,2,2
644,142,2,2
644,143,2,2
644,144,2,2
644,145,2,2
644,146,2,2
644,147,2,2
644,148,2,2
644,149,2,2
644,150,2,2
644,151,2,2
644,152,2,2
644,153,2,2
644,154,2,2
644,155,2,2
644,156,2,2
644,157,2,2
644,158,2,2
644,159,2,2
644,160,2,2
644,161,2,2
644,162,2,2
644,163,2,2
644,164,2,2
644,165,2,2
644,166,2,2
644,167,2,2
644,168,2,2
644,169,2,2
644,170,2,3
644,171,2,3
644,172,2,3
644,173,2,3
644,174,2,3
644,175,2,3
644,176,2,3
644,177,2,2
644,178,2,2
644,179,2,2
644,180,2,2
644,181,2,2
644,182,2,2
644,183,2,2
644,184,2,2
644,185,2,2
644,186,2,2
644,187,2,2
644,188,2,2
644,189,2,2
644,190,2,2
644,191,2,2
644,192,2,2
644,193,2,2
644,194,2,2
644,195,2,2
644,196,2,2
644,197,2,2
644,198,2,2
644,199,2,2
644,200,2,2
644,201,2,2
644,202,2,2
644,203,2,2
644,204,2,2
644,205,2,2
644,206,2,2
644,207,2,2
644,208,2,2
644,209,2,2
644,210,2,2
644,211,2,2
644,212,2,2
644,213,2,2
644,214,2,2
644,215,2,2
644,216,2,2
644,217,2,2
644,218,2,2
644,219,2,2
644,220,2,2
644,221,2,2
644,222,2,2
644,223,2,2
644,224,2,2
644,225,2,2
644,226,2,2
644,227,2,2
644,228,2,2
644,229,2,2
644,230,2,2
644,231,2,2
644,232,2,2
644,233,2,2
644,234,2,2
644,235,2,2
644,236,2,2
644,237,2,2
644,238,2,2
644,239,2,2
644,240,2,2
644,241,2,2
644,242,2,2
644,243,2,2
644,244,2,2
644,245,2,2
644,246,2,2
644,247,2,2
644,248,2,2
644,249,2,2
644,250,2,2
644,251,2,2
644,252,2,2
644,253,2,2
644,254,2,2
644,255,2,2
644,256,2,2
644,257,2,2
644,258,2,2
644,259,2,2
644,260,2,2
644,261,2,2
644,262,2,2
644,263,2,2
644,264,2,2
644,265,2,2
644,266,2,2
644,267,2,2
644,268,2,2
644,269,2,2
644,270,2,2
644,271,2,2
644,272,2,2
644,273,2,2
644,274,2,2
644,275,2,2
644,276,2,2
644,277,2,2
644,278,2,2
644,279,2,2
644,280,2,2
644,281,2,2
644,282,2,2
644,283,2,2
644,284,2,2
644,285,2,2
644,286,2,2
644,287,2,2
644,288,2,2
644,289,2,2
644,290,2,2
644,291,2,2
644,292,2,2
644,293,2,2
644,294,2,2
644,295,2,2
644,296,2,2
644,297,2,2
644,298,2,2
644,299,2,2
644,300,2,2
644,301,2,2
644,302,2,2
644,303,2,2
644,304,2,2
644,305,2,2
644,306,2,2
644,307,2,2
644,308,2,2
644,309,2,2
644,310,2,2
644,311,2,2
644,312,2,2
644,313,2,2
644,314,2,2
644,315,2,2
644,316,2,2
644,317,2,2
644,318,2,2
644,319,2,2
644,320,2,2
644,321,2,2
644,322,2,2
644,323,2,2
644,324,2,2
644,325,2,2
644,326,2,2
644,327,2,2
644,328,2,2
644,329,2,2
644,330,2,2
644,331,2,2
644,332,2,2
644,333,2,2
644,334,2,2
644,335,2,2
644,336,2,2
644,337,2,2
644,338,2,2
644,339,2,2
644,340,2,2
644,341,2,2
644,342,2,2
644,343,2,2
644,344,2,2
644,345,2,2
644,346,2,2
644,347,2,2
644,348,2,2
644,349,2,2
644,350,2,2
644,351,2,2
644,352,2,2
644,353,2,2
644,354,2,2
644,355,2,2
644,356,2,2
644,357,2,2
644,358,2,2
644,359,2,2
644,360,2,2
644,361,2,2
644,362,2,2
644,363,2,2
644,364,2,2
644,365,2,2
644,366,2,2
644,367,2,2
644,368,2,2
644,369,2,3
645,74,2,2
645,75,2,2
645,76,2,2
645,77,2,2
645,78,2,2
645,79,2,2
645,80,2,2
645,81,2,2
645,82,2,2
645,83,2,2
645,84,2,2
645,85,2,2
645,86,2,2
645,87,2,2
645,88,2,2
645,89,2,2
645,90,2,2
645,91,2,2
645,92,2,2
645,93,2,2
645,94,2,2
645,95,2,2
645,96,2,2
645,97,2,2
645,98,2,2
645,99,2,2
645,100,2,2
645,101,2,2
645,102,2,2
645,103,2,2
645,104,2,2
645,105,2,2
645,106,2,2
645,107,2,2
645,108,2,2
645,109,2,2
645,110,2,2
645,111,2,2
645,112,2,2
645,113,2,2
645,114,2,2
645,115,2,2
645,116,2,2
645,117,2,2
645,118,2,2
645,119,2,2
645,120,2,2
645,121,2,3
645,122,2,3
645,123,2,3
645,124,2,3
645,125,2,3
645,126,2,3
645,127,2,3
645,128,2,3
645,129,2,2
645,130,2,2
645,131,2,2
645,132,2,2
645,133,2,2
645,134,2,2
645,135,2,2
645,136,2,2
645,137,2,2
645,138,2,2
645,139,2,2
645,140,2,2
645,141,2,2
645,142,2,2
645,143,2,2
645,144,2,2
645,145,2,2
645,146,2,2
645,147,2,2
645,148,2,2
645,149,2,2
645,150,2,2
645,151,2,2
645,152,2,2
645,153,2,2
645,154,2,2
645,155,2,2
645,156,2,2
645,157,2,2
645,158,2,2
645,159,2,2
645,160,2,2
645,161,2,2
645,162,2,2
645,163,2,2
645,164,2,2
645,165,2,2
645,166,2,2
645,167,2,2
645,168,2,2
645,169,2,2
645,170,2,2
645,171,2,2
645,172,2,3
645,173,2,3
645,174,2,3
645,175,2,3
645,176,2,2
645,177,2,2
645,178,2,2
645,179,2,2
645,180,2,2
645,181,2,2
645,182,2,2
645,183,2,2
645,184,2,2
645,185,2,2
645,186,2,2
645,187,2,2
645,188,2,2
645,189,2,2
645,190,2,2
645,191,2,2
645,192,2,2
645,193,2,2
645,194,2,2
645,195,2,2
645,196,2,2
645,197,2,2
645,198,2,2
645,199,2,2
645,200,2,2
645,201,2,2
645,202,2,2
645,203,2,2
645,204,2,2
645,205,2,2
645,206,2,2
645,207,2,2
645,208,2,2
645,209,2,2
645,210,2,2
645,211,2,2
645,212,2,2
645,213,2,2
645,214,2,2
645,215,2,2
645,216,2,2
645,217,2,2
645,218,2,2
645,219,2,2
645,220,2,2
645,221,2,2
645,222,2,2
645,223,2,2
645,224,2,2
645,225,2,2
645,226,2,2
645,227,2,2
645,228,2,2
645,229,2,2
645,230,2,2
645,231,2,2
645,232,2,2
645,233,2,2
645,234,2,2
645,235,2,2
645,236,2,2
645,237,2,2
645,238,2,2
645,239,2,2
645,240,2,2
645,241,2,2
645,242,2,2
645,243,2,2
645,244,2,2
645,245,2,2
645,246,2,2
645,247,2,2
645,248,2,2
645,249,2,2
645,250,2,2
645,251,2,2
645,252,2,2
645,253,2,2
645,254,2,2
645,255,2,2
645,256,2,2
645,257,2,2
645,258,2,2
645,259,2,2
645,260,2,2
645,261,2,2
645,262,2,2
645,263,2,2
645,264,2,2
645,265,2,2
645,266,2,2
645,267,2,2
645,268,2,2
645,269,2,2
645,270,2,2
645,271,2,2
645,272,2,2
645,273,2,2
645,274,2,2
645,275,2,2
645,276,2,2
645,277,2,2
645,278,2,2
645,279,2,2
645,280,2,2
645,281,2,2
645,282,2,2
645,283,2,2
645,284,2,2
645,285,2,2
645,286,2,2
645,287,2,2
645,288,2,2
645,289,2,2
645,290,2,2
645,291,2,2
645,292,2,2
645,293,2,2
645,294,2,2
645,295,2,2
645,296,2,2
645,297,2,2
645,298,2,2
645,299,2,2
645,300,2,2
645,301,2,2
645,302,2,2
645,303,2,2
645,304,2,2
645,305,2,2
645,306,2,2
645,307,2,2
645,308,2,2
645,309,2,2
645,310,2,2
645,311,2,2
645,312,2,2
645,313,2,2
645,314,2,2
645,315,2,2
645,316,2,2
645,317,2,2
645,318,2,2
645,319,2,2
645,320,2,2
645,321,2,2
645,322,2,2
645,323,2,2
645,324,2,2
645,325,2,2
645,326,2,2
645,327,2,2
645,328,2,2
645,329,2,2
645,330,2,2
645,331,2,2
645,332,2,2
645,333,2,2
645,334,2,2
645,335,2,2
645,336,2,2
645,337,2,2
645,338,2,2
645,339,2,2
645,340,2,2
645,341,2,2
645,342,2,2
645,343,2,2
645,344,2,2
645,345,2,2
645,346,2,2
645,347,2,2
645,348,2,2
645,349,2,2
645,350,2,2
645,351,2,2
645,352,2,2
645,353,2,2
645,354,2,2
645,355,2,2
645,356,2,2
645,357,2,2
645,358,2,2
645,359,2,2
645,360,2,2
645,361,2,2
645,362,2,2
645,363,2,2
645,364,2,2
645,365,2,2
645,366,2,2
645,367,2,2
645,368,2,2
645,369,2,2
645,370,2,3
646,73,2,2
646,74,2,2
646,75,2,2
646,76,2,2
646,77,2,2
646,78,2,2
646,79,2,2
646,80,2,2
646,81,2,2
646,82,2,2
646,83,2,2
646,84,2,2
646,85,2,2
646,86,2,2
646,87,2,2
646,88,2,2
646,89,2,2
646,90,2,2
646,91,2,2
646,92,2,2
646,93,2,2
646,94,2,2
646,95,2,2
646,96,2,2
646,97,2,2
646,98,2,2
646,99,2,2
646,100,2,2
646,101,2,2
646,102,2,2
646,103,2,2
646,104,2,2
646,105,2,2
646,106,2,2
646,107,2,2
646,108,2,2
646,109,2,2
646,110,2,2
646,111,2,2
646,112,2,2
646,113,2,2
646,114,2,2
646,115,2,2
646,116,2,2
646,117,2,2
646,118,2,2
646,119,2,2
646,120,2,2
646,121,2,3
646,122,2,3
646,123,2,3
646,124,2,3
646,125,2,3
646,126,2,3
646,127,2,3
646,128,2,3
646,129,2,2
646,130,2,2
646,131,2,2
646,132,2,2
646,133,2,2
646,134,2,2
646,135,2,2
646,136,2,2
646,137,2,2
646,138,2,2
646,139,2,2
646,140,2,2
646,141,2,2
646,142,2,2
646,143,2,2
646,144,2,2
646,145,2,2
646,146,2,2
646,147,2,2
646,148,2,2
646,149,2,2
646,150,2,2
646,151,2,2
646,152,2,2
646,153,2,2
646,154,2,2
646,155,2,2
646,156,2,2
646,157,2,2
646,158,2,2
646,159,2,2
646,160,2,2
646,161,2,2
646,162,2,2
646,163,2,2
646,164,2,2
646,165,2,2
646,166,2,2
646,167,2,2
646,168,2,2
646,169,2,2
646,170,2,2
646,171,2,2
646,172,2,3
646,173,2,3
646,174,2,3
646,175,2,3
646,176,2,2
646,177,2,2
646,178,2,2
646,179,2,2
646,180,2,2
646,181,2,2
646,182,2,2
646,183,2,2
646,184,2,2
646,185,2,2
646,186,2,2
646,187,2,2
646,188,2,2
646,189,2,2
646,190,2,2
646,191,2,2
646,192,2,2
646,193,2,2
646,194,2,2
646,195,2,2
646,196,2,2
646,197,2,2
646,198,2,2
646,199,2,2
646,200,2,2
646,201,2,2
646,202,2,2
646,203,2,2
646,204,2,2
646,205,2,2
646,206,2,2
646,207,2,2
646,208,2,2
646,209,2,2
646,210,2,2
646,211,2,2
646,212,2,2
646,213,2,2
646,214,2,2
646,215,2,2
646,216,2,2
646,217,2,2
646,218,2,2
646,219,2,2
646,220,2,2
646,221,2,2
646,222,2,2
646,223,2,2
646,224,2,2
646,225,2,2
646,226,2,2
646,227,2,2
646,228,2,2
646,229,2,2
646,230,2,2
646,231,2,2
646,232,2,2
646,233,2,2
646,234,2,2
646,235,2,2
646,236,2,2
646,237,2,2
646,238,2,2
646,239,2,2
646,240,2,2
646,241,2,2
646,242,2,2
646,243,2,2
646,244,2,2
646,245,2,2
646,246,2,2
646,247,2,2
646,248,2,2
646,249,2,2
646,250,2,2
646,251,2,2
646,252,2,2
646,253,2,2
646,254,2,2
646,255,2,2
646,256,2,2
646,257,2,2
646,258,2,2
646,259,2,2
646,260,2,2
646,261,2,2
646,262,2,2
646,263,2,2
646,264,2,2
646,265,2,2
646,266,2,2
646,267,2,2
646,268,2,2
646,269,2,2
646,270,2,2
646,271,2,2
646,272,2,2
646,273,2,2
646,274,2,2
646,275,2,2
646,276,2,2
646,277,2,2
646,278,2,2
646,279,2,2
646,280,2,2
646,281,2,2
646,282,2,2
646,283,2,2
646,284,2,2
646,285,2,2
646,286,2,2
646,287,2,2
646,288,2,2
646,289,2,2
646,290,2,2
646,291,2,2
646,292,2,2
646,293,2,2
646,294,2,2
646,295,2,2
646,296,2,2
646,297,2,2
646,298,2,2
646,299,2,2
646,300,2,2
646,301,2,2
646,302,2,2
646,303,2,2
646,304,2,2
646,305,2,2
646,306,2,2
646,307,2,2
646,308,2,2
646,309,2,2
646,310,2,2
646,311,2,2
646,312,2,2
646,313,2,2
646,314,2,2
646,315,2,2
646,316,2,2
646,317,2,2
646,318,2,2
646,319,2,2
646,320,2,2
646,321,2,2
646,322,2,2
646,323,2,2
646,324,2,2
646,325,2,2
646,326,2,2
646,327,2,2
646,328,2,2
646,329,2,2
646,330,2,2
646,331,2,2
646,332,2,2
646,333,2,2
646,334,2,2
646,335,2,2
646,336,2,2
646,337,2,2
646,338,2,2
646,339,2,2
646,340,2,2
646,341,2,2
646,342,2,2
646,343,2,2
646,344,2,2
646,345,2,2
646,346,2,2
646,347,2,2
646,348,2,2
646,349,2,2
646,350,2,2
646,351,2,2
646,352,2,2
646,353,2,2
646,354,2,2
646,355,2,2
646,356,2,2
646,357,2,2
646,358,2,2
646,359,2,2
646,360,2,2
646,361,2,2
646,362,2,2
646,363,2,2
646,364,2,2
646,365,2,2
646,366,2,2
646,367,2,2
646,368,2,2
646,369,2,2
646,370,2,2
646,371,2,3
647,73,2,2
647,74,2,2
647,75,2,2
647,76,2,2
647,77,2,2
647,78,2,2
647,79,2,2
647,80,2,2
647,81,2,2
647,82,2,2
647,83,2,2
647,84,2,2
647,85,2,2
647,86,2,2
647,87,2,2
647,88,2,2
647,89,2,2
647,90,2,2
647,91,2,2
647,92,2,2
647,93,2,2
647,94,2,2
647,95,2,2
647,96,2,2
647,97,2,2
647,98,2,2
647,99,2,2
647,100,2,2
647,101,2,2
647,102,2,2
647,103,2,2
647,104,2,2
647,105,2,2
647,106,2,2
647,107,2,2
647,108,2,2
647,109,2,2
647,110,2,2
647,111,2,2
647,112,2,2
647,113,2,2
647,114,2,2
647,115,2,2
647,116,2,2
647,117,2,2
647,118,2,2
647,119,2,2
647,120,2,3
647,121,2,3
647,122,2,3
647,123,2,3
647,124,2,3
647,125,2,3
647,126,2,3
647,127,2,3
647,128,2,3
647,129,2,2
647,130,2,2
647,131,2,2
647,132,2,2
647,133,2,2
647,134,2,2
647,135,2,2
647,136,2,2
647,137,2,2
647,138,2,2
647,139,2,2
647,140,2,2
647,141,2,2
647,142,2,2
647,143,2,2
647,144,2,2
647,145,2,2
647,146,2,2
647,147,2,2
647,148,2,2
647,149,2,2
647,150,2,2
647,151,2,2
647,152,2,2
647,153,2,2
647,154,2,2
647,155,2,2
647,156,2,2
647,157,2,2
647,158,2,2
647,159,2,2
647,160,2,2
647,161,2,2
647,162,2,2
647,163,2,2
647,164,2,2
647,165,2,2
647,166,2,2
647,167,2,2
647,168,2,2
647,169,2,2
647,170,2,2
647,171,2,2
647,172,2,2
647,173,2,2
647,174,2,2
647,175,2,2
647,176,2,2
647,177,2,2
647,178,2,2
647,179,2,2
647,180,2,2
647,181,2,2
647,182,2,2
647,183,2,2
647,184,2,2
647,185,2,2
647,186,2,2
647,187,2,2
647,188,2,2
647,189,2,2
647,190,2,2
647,191,2,2
647,192,2,2
647,193,2,2
647,194,2,2
647,195,2,2
647,196,2,2
647,197,2,2
647,198,2,2
647,199,2,2
647,200,2,2
647,201,2,2
647,202,2,2
647,203,2,2
647,204,2,2
647,205,2,2
647,206,2,2
647,207,2,2
647,208,2,2
647,209,2,2
647,210,2,2
647,211,2,2
647,212,2,2
647,213,2,2
647,214,2,2
647,215,2,2
647,216,2,2
647,217,2,2
647,218,2,2
647,219,2,2
647,220,2,2
647,221,2,2
647,222,2,2
647,223,2,2
647,224,2,2
647,225,2,2
647,226,2,2
647,227,2,2
647,228,2,2
647,229,2,2
647,230,2,2
647,231,2,2
647,232,2,2
647,233,2,2
647,234,2,2
647,235,2,2
647,236,2,2
647,237,2,2
647,238,2,2
647,239,2,2
647,240,2,2
647,241,2,2
647,242,2,2
647,243,2,2
647,244,2,2
647,245,2,2
647,246,2,2
647,247,2,2
647,248,2,2
647,249,2,2
647,250,2,2
647,251,2,2
647,252,2,2
647,253,2,2
647,254,2,2
647,255,2,2
647,256,2,2
647,257,2,2
647,258,2,2
647,259,2,2
647,260,2,2
647,261,2,2
647,262,2,2
647,263,2,2
647,264,2,2
647,265,2,2
647,266,2,2
647,267,2,2
647,268,2,2
647,269,2,2
647,270,2,2
647,271,2,2
647,272,2,2
647,273,2,2
647,274,2,2
647,275,2,2
647,276,2,2
647,277,2,2
647,278,2,2
647,279,2,2
647,280,2,2
647,281,2,2
647,282,2,2
647,283,2,2
647,284,2,2
647,285,2,2
647,286,2,2
647,287,2,2
647,288,2,2
647,289,2,2
647,290,2,2
647,291,2,2
647,292,2,2
647,293,2,2
647,294,2,2
647,295,2,2
647,296,2,2
647,297,2,2
647,298,2,2
647,299,2,2
647,300,2,2
647,301,2,2
647,302,2,2
647,303,2,2
647,304,2,2
647,305,2,2
647,306,2,2
647,307,2,2
647,308,2,2
647,309,2,2
647,310,2,2
647,311,2,2
647,312,2,2
647,313,2,2
647,314,2,2
647,315,2,2
647,316,2,2
647,317,2,2
647,318,2,2
647,319,2,2
647,320,2,2
647,321,2,2
647,322,2,2
647,323,2,2
647,324,2,2
647,325,2,2
647,326,2,2
647,327,2,2
647,328,2,2
647,329,2,2
647,330,2,2
647,331,2,2
647,332,2,2
647,333,2,2
647,334,2,2
647,335,2,2
647,336,2,2
647,337,2,2
647,338,2,2
647,339,2,2
647,340,2,2
647,341,2,2
647,342,2,2
647,343,2,2
647,344,2,2
647,345,2,2
647,346,2,2
647,347,2,2
647,348,2,2
647,349,2,2
647,350,2,2
647,351,2,2
647,352,2,2
647,353,2,2
647,354,2,2
647,355,2,2
647,356,2,2
647,357,2,2
647,358,2,2
647,359,2,2
647,360,2,2
647,361,2,2
647,362,2,2
647,363,2,2
647,364,2,2
647,365,2,2
647,366,2,2
647,367,2,2
647,368,2,2
647,369,2,2
647,370,2,2
647,371,2,2
648,72,2,2
648,73,2,2
648,74,2,2
648,75,2,2
648,76,2,2
648,77,2,2
648,78,2,2
648,79,2,2
648,80,2,2
648,81,2,2
648,82,2,2
648,83,2,2
648,84,2,2
648,85,2,2
648,86,2,2
648,87,2,2
648,88,2,2
648,89,2,2
648,90,2,2
648,91,2,2
648,92,2,2
648,93,2,2
648,94,2,2
648,95,2,2
648,96,2,2
648,97,2,2
648,98,2,2
648,99,2,2
648,100,2,2
648,101,2,2
648,102,2,2
648,103,2,2
648,104,2,2
648,105,2,2
648,106,2,2
648,107,2,2
648,108,2,2
648,109,2,2
648,110,2,2
648,111,2,2
648,112,2,2
648,113,2,2
648,114,2,2
648,115,2,2
648,116,2,2
648,117,2,2
648,118,2,2
648,119,2,2
648,120,2,3
648,121,2,3
648,122,2,3
648,123,2,3
648,124,2,3
648,125,2,3
648,126,2,3
648,127,2,3
648,128,2,3
648,129,2,2
648,130,2,2
648,131,2,2
648,132,2,2
648,133,2,2
648,134,2,2
648,135,2,2
648,136,2,2
648,137,2,2
648,138,2,2
648,139,2,2
648,140,2,2
648,141,2,2
648,142,2,2
648,143,2,2
648,144,2,2
648,145,2,2
648,146,2,2
648,147,2,2
648,148,2,2
648,149,2,2
648,150,2,2
648,151,2,2
648,152,2,2
648,153,2,2
648,154,2,2
648,155,2,2
648,156,2,2
648,157,2,2
648,158,2,2
648,159,2,2
648,160,2,2
648,161,2,2
648,162,2,2
648,163,2,2
648,164,2,2
648,165,2,2
648,166,2,2
648,167,2,2
648,168,2,2
648,169,2,2
648,170,2,2
648,171,2,2
648,172,2,2
648,173,2,2
648,174,2,2
648,175,2,2
648,176,2,2
648,177,2,2
648,178,2,2
648,179,2,2
648,180,2,2
648,181,2,2
648,182,2,2
648,183,2,2
648,184,2,2
648,185,2,2
648,186,2,2
648,187,2,2
648,188,2,2
648,189,2,2
648,190,2,2
648,191,2,2
648,192,2,2
648,193,2,2
648,194,2,2
648,195,2,2
648,196,2,3
648,197,2,3
648,198,2,3
648,199,2,3
648,200,2,3
648,201,2,3
648,202,2,3
648,203,2,3
648,204,2,2
648,205,2,2
648,206,2,2
648,207,2,2
648,208,2,2
648,209,2,2
648,210,2,2
648,211,2,2
648,212,2,2
648,213,2,2
648,214,2,2
648,215,2,2
648,216,2,2
648,217,2,2
648,218,2,2
648,219,2,2
648,220,2,2
648,221,2,2
648,222,2,2
648,223,2,2
648,224,2,2
648,225,2,2
648,226,2,2
648,227,2,2
648,228,2,2
648,229,2,2
648,230,2,2
648,231,2,2
648,232,2,2
648,233,2,2
648,234,2,2
648,235,2,2
648,236,2,2
648,237,2,2
648,238,2,2
648,239,2,2
648,240,2,2
648,241,2,2
648,242,2,2
648,243,2,2
648,244,2,2
648,245,2,2
648,246,2,2
648,247,2,2
648,248,2,2
648,249,2,2
648,250,2,2
648,251,2,2
648,252,2,2
648,253,2,2
648,254,2,2
648,255,2,2
648,256,2,2
648,257,2,2
648,258,2,2
648,259,2,2
648,260,2,2
648,261,2,2
648,262,2,2
648,263,2,2
648,264,2,2
648,265,2,2
648,266,2,2
648,267,2,2
648,268,2,2
648,269,2,2
648,270,2,2
648,271,2,2
648,272,2,2
648,273,2,2
648,274,2,2
648,275,2,2
648,276,2,2
648,277,2,2
648,278,2,2
648,279,2,2
648,280,2,2
648,281,2,2
648,282,2,2
648,283,2,2
648,284,2,2
648,285,2,2
648,286,2,2
648,287,2,2
648,288,2,2
648,289,2,2
648,290,2,2
648,291,2,2
648,292,2,2
648,293,2,2
648,294,2,2
648,295,2,2
648,296,2,2
648,297,2,2
648,298,2,2
648,299,2,2
648,300,2,2
648,301,2,2
648,302,2,2
648,303,2,2
648,304,2,2
648,305,2,2
648,306,2,2
648,307,2,2
648,308,2,2
648,309,2,2
648,310,2,2
648,311,2,2
648,312,2,2
648,313,2,2
648,314,2,2
648,315,2,2
648,316,2,2
648,317,2,2
648,318,2,2
648,319,2,2
648,320,2,2
648,321,2,2
648,322,2,2
648,323,2,2
648,324,2,2
648,325,2,2
648,326,2,2
648,327,2,2
648,328,2,2
648,329,2,2
648,330,2,2
648,331,2,2
648,332,2,2
648,333,2,2
648,334,2,2
648,335,2,2
648,336,2,2
648,337,2,2
648,338,2,2
648,339,2,2
648,340,2,2
648,341,2,2
648,342,2,2
648,343,2,2
648,344,2,2
648,345,2,2
648,346,2,2
648,347,2,2
648,348,2,2
648,349,2,2
648,350,2,2
648,351,2,2
648,352,2,2
648,353,2,2
648,354,2,2
648,355,2,2
648,356,2,2
648,357,2,2
648,358,2,2
648,359,2,2
648,360,2,2
648,361,2,2
648,362,2,2
648,363,2,2
648,364,2,2
648,365,2,2
648,366,2,2
648,367,2,2
648,368,2,2
648,369,2,2
648,370,2,2
648,371,2,2
648,372,2,3
649,71,2,2
649,72,2,2
649,73,2,2
649,74,2,2
649,75,2,2
649,76,2,2
649,77,2,2
649,78,2,2
649,79,2,2
649,80,2,2
649,81,2,2
649,82,2,2
649,83,2,2
649,84,2,2
649,85,2,2
649,86,2,2
649,87,2,2
649,88,2,2
649,89,2,2
649,90,2,2
649,91,2,2
649,92,2,2
649,93,2,2
649,94,2,2
649,95,2,2
649,96,2,2
649,97,2,2
649,98,2,2
649,99,2,2
649,100,2,2
649,101,2,2
649,102,2,2
649,103,2,2
649,104,2,2
649,105,2,2
649,106,2,2
649,107,2,2
649,108,2,2
649,109,2,2
649,110,2,2
649,111,2,2
649,112,2,2
649,113,2,2
649,114,2,2
649,115,2,2
649,116,2,2
649,117,2,2
649,118,2,2
649,119,2,2
649,120,2,2
649,121,2,3
649,122,2,3
649,123,2,3
649,124,2,3
649,125,2,3
649,126,2,3
649,127,2,3
649,128,2,3
649,129,2,2
649,130,2,2
649,131,2,2
649,132,2,2
649,133,2,2
649,134,2,2
649,135,2,2
649,136,2,2
649,137,2,2
649,138,2,2
649,139,2,2
649,140,2,2
649,141,2,2
649,142,2,2
649,143,2,2
649,144,2,2
649,145,2,2
649,146,2,2
649,147,2,2
649,148,2,2
649,149,2,2
649,150,2,2
649,151,2,2
649,152,2,2
649,153,2,2
649,154,2,2
649,155,2,2
649,156,2,2
649,157,2,2
649,158,2,2
649,159,2,2
649,160,2,2
649,161,2,2
649,162,2,2
649,163,2,2
649,164,2,2
649,165,2,2
649,166,2,2
649,167,2,2
649,168,2,2
649,169,2,2
649,170,2,2
649,171,2,2
649,172,2,2
649,173,2,2
649,174,2,2
649,175,2,2
649,176,2,2
649,177,2,2
649,178,2,2
649,179,2,2
649,180,2,2
649,181,2,2
649,182,2,2
649,183,2,2
649,184,2,2
649,185,2,2
649,186,2,2
649,187,2,2
649,188,2,2
649,189,2,2
649,190,2,2
649,191,2,2
649,192,2,2
649,193,2,2
649,194,2,2
649,195,2,3
649,196,2,3
649,197,2,3
649,198,2,3
649,199,2,3
649,200,2,3
649,201,2,3
649,202,2,3
649,203,2,3
649,204,2,2
649,205,2,2
649,206,2,2
649,207,2,2
649,208,2,2
649,209,2,2
649,210,2,2
649,211,2,2
649,212,2,2
649,213,2,2
649,214,2,2
649,215,2,2
649,216,2,2
649,217,2,2
649,218,2,2
649,219,2,2
649,220,2,2
649,221,2,2
649,222,2,2
649,223,2,2
649,224,2,2
649,225,2,2
649,226,2,2
649,227,2,2
649,228,2,2
649,229,2,2
649,230,2,2
649,231,2,2
649,232,2,2
649,233,2,2
649,234,2,2
649,235,2,2
649,236,2,2
649,237,2,2
649,238,2,2
649,239,2,2
649,240,2,2
649,241,2,2
649,242,2,2
649,243,2,2
649,244,2,2
649,245,2,2
649,246,2,2
649,247,2,2
649,248,2,2
649,249,2,2
649,250,2,2
649,251,2,2
649,252,2,2
649,253,2,2
649,254,2,2
649,255,2,2
649,256,2,2
649,257,2,2
649,258,2,2
649,259,2,2
649,260,2,2
649,261,2,2
649,262,2,2
649,263,2,2
649,264,2,2
649,265,2,2
649,266,2,2
649,267,2,2
649,268,2,2
649,269,2,2
649,270,2,2
649,271,2,2
649,272,2,2
649,273,2,2
649,274,2,2
649,275,2,2
649,276,2,2
649,277,2,2
649,278,2,2
649,279,2,2
649,280,2,2
649,281,2,2
649,282,2,2
649,283,2,2
649,284,2,2
649,285,2,2
649,286,2,2
649,287,2,2
649,288,2,2
649,289,2,2
649,290,2,2
649,291,2,2
649,292,2,2
649,293,2,2
649,294,2,2
649,295,2,2
649,296,2,2
649,297,2,2
649,298,2,2
649,299,2,2
649,300,2,2
649,301,2,2
649,302,2,2
649,303,2,2
649,304,2,2
649,305,2,2
649,306,2,2
649,307,2,2
649,308,2,2
649,309,2,2
649,310,2,2
649,311,2,2
649,312,2,2
649,313,2,2
649,314,2,2
649,315,2,2
649,316,2,2
649,317,2,2
649,318,2,2
649,319,2,2
649,320,2,2
649,321,2,2
649,322,2,2
649,323,2,2
649,324,2,2
649,325,2,2
649,326,2,2
649,327,2,2
649,328,2,2
649,329,2,2
649,330,2,2
649,331,2,2
649,332,2,2
649,333,2,2
649,334,2,2
649,335,2,2
649,336,2,2
649,337,2,2
649,338,2,2
649,339,2,2
649,340,2,2
649,341,2,2
649,342,2,2
649,343,2,2
649,344,2,2
649,345,2,2
649,346,2,2
649,347,2,2
649,348,2,2
649,349,2,2
649,350,2,2
649,351,2,2
649,352,2,2
649,353,2,2
649,354,2,2
649,355,2,2
649,356,2,2
649,357,2,2
649,358,2,2
649,359,2,2
649,360,2,2
649,361,2,2
649,362,2,2
649,363,2,2
649,364,2,2
649,365,2,2
649,366,2,2
649,367,2,2
649,368,2,2
649,369,2,2
649,370,2,2
649,371,2,2
649,372,2,2
649,373,2,3
650,70,2,3
650,71,2,2
650,72,2,2
650,73,2,2
650,74,2,2
650,75,2,2
650,76,2,2
650,77,2,2
650,78,2,2
650,79,2,2
650,80,2,2
650,81,2,2
650,82,2,2
650,83,2,2
650,84,2,2
650,85,2,2
650,86,2,2
650,87,2,2
650,88,2,2
650,89,2,2
650,90,2,2
650,91,2,2
650,92,2,2
650,93,2,2
650,94,2,2
650,95,2,2
650,96,2,2
650,97,2,2
650,98,2,2
650,99,2,2
650,100,2,2
650,101,2,2
650,102,2,2
650,103,2,2
650,104,2,2
650,105,2,2
650,106,2,2
650,107,2,2
650,108,2,2
650,109,2,2
650,110,2,2
650,111,2,2
650,112,2,2
650,113,2,2
650,114,2,2
650,115,2,2
650,116,2,2
650,117,2,2
650,118,2,2
650,119,2,2
650,120,2,2
650,121,2,3
650,122,2,3
650,123,2,3
650,124,2,3
650,125,2,3
650,126,2,3
650,127,2,3
650,128,2,3
650,129,2,2
650,130,2,2
650,131,2,2
650,132,2,2
650,133,2,2
650,134,2,2
650,135,2,2
650,136,2,2
650,137,2,2
650,138,2,2
650,139,2,2
650,140,2,2
650,141,2,2
650,142,2,2
650,143,2,2
650,144,2,2
650,145,2,2
650,146,2,2
650,147,2,2
650,148,2,2
650,149,2,2
650,150,2,2
650,151,2,2
650,152,2,2
650,153,2,2
650,154,2,2
650,155,2,2
650,156,2,2
650,157,2,2
650,158,2,2
650,159,2,2
650,160,2,2
650,161,2,2
650,162,2,2
650,163,2,2
650,164,2,2
650,165,2,2
650,166,2,2
650,167,2,2
650,168,2,2
650,169,2,2
650,170,2,2
650,171,2,2
650,172,2,2
650,173,2,2
650,174,2,2
650,175,2,2
650,176,2,2
650,177,2,2
650,178,2,2
650,179,2,2
650,180,2,2
650,181,2,2
650,182,2,2
650,183,2,2
650,184,2,2
650,185,2,2
650,186,2,2
650,187,2,2
650,188,2,2
650,189,2,2
650,190,2,2
650,191,2,2
650,192,2,2
650,193,2,2
650,194,2,2
650,195,2,3
650,196,2,3
650,197,2,3
650,198,2,3
650,199,2,3
650,200,2,3
650,201,2,3
650,202,2,3
650,203,2,3
650,204,2,3
650,205,2,3
650,206,2,2
650,207,2,2
650,208,2,2
650,209,2,2
650,210,2,2
650,211,2,2
650,212,2,2
650,213,2,2
650,214,2,2
650,215,2,2
650,216,2,2
650,217,2,2
650,218,2,2
650,219,2,2
650,220,2,2
650,221,2,2
650,222,2,2
650,223,2,2
650,224,2,2
650,225,2,2
650,226,2,2
650,227,2,2
650,228,2,2
650,229,2,2
650,230,2,2
650,231,2,2
650,232,2,2
650,233,2,2
650,234,2,2
650,235,2,2
650,236,2,2
650,237,2,2
650,238,2,2
650,239,2,2
650,240,2,2
650,241,2,2
650,242,2,2
650,243,2,2
650,244,2,2
650,245,2,2
650,246,2,2
650,247,2,2
650,248,2,2
650,249,2,2
650,250,2,2
650,251,2,2
650,252,2,2
650,253,2,2
650,254,2,2
650,255,2,2
650,256,2,2
650,257,2,2
650,258,2,2
650,259,2,2
650,260,2,2
650,261,2,2
650,262,2,2
650,263,2,2
650,264,2,2
650,265,2,2
650,266,2,2
650,267,2,2
650,268,2,2
650,269,2,2
650,270,2,2
650,271,2,2
650,272,2,2
650,273,2,2
650,274,2,2
650,275,2,2
650,276,2,2
650,277,2,2
650,278,2,2
650,279,2,2
650,280,2,2
650,281,2,2
650,282,2,2
650,283,2,2
650,284,2,2
650,285,2,2
650,286,2,2
650,287,2,2
650,288,2,2
650,289,2,2
650,290,2,2
650,291,2,2
650,292,2,2
650,293,2,2
650,294,2,2
650,295,2,2
650,296,2,2
650,297,2,2
650,298,2,2
650,299,2,2
650,300,2,2
650,301,2,2
650,302,2,2
650,303,2,2
650,304,2,2
650,305,2,2
650,306,2,2
650,307,2,2
650,308,2,2
650,309,2,2
650,310,2,2
650,311,2,2
650,312,2,2
650,313,2,2
650,314,2,2
650,315,2,2
650,316,2,2
650,317,2,2
650,318,2,2
650,319,2,2
650,320,2,2
650,321,2,2
650,322,2,2
650,323,2,2
650,324,2,2
650,325,2,2
650,326,2,2
650,327,2,2
650,328,2,2
650,329,2,2
650,330,2,2
650,331,2,2
650,332,2,2
650,333,2,2
650,334,2,2
650,335,2,2
650,336,2,2
650,337,2,2
650,338,2,2
650,339,2,2
650,340,2,2
650,341,2,2
650,342,2,2
650,343,2,2
650,344,2,2
650,345,2,2
650,346,2,2
650,347,2,2
650,348,2,2
650,349,2,2
650,350,2,2
650,351,2,2
650,352,2,2
650,353,2,2
650,354,2,2
650,355,2,2
650,356,2,2
650,357,2,2
650,358,2,2
650,359,2,2
650,360,2,2
650,361,2,2
650,362,2,2
650,363,2,2
650,364,2,2
650,365,2,2
650,366,2,2
650,367,2,2
650,368,2,2
650,369,2,2
650,370,2,2
650,371,2,2
650,372,2,2
650,373,2,2
650,374,2,3
651,69,2,2
651,70,2,2
651,71,2,2
651,72,2,2
651,73,2,2
651,74,2,2
651,75,2,2
651,76,2,2
651,77,2,2
651,78,2,2
651,79,2,2
651,80,2,2
651,81,2,2
651,82,2,2
651,83,2,2
651,84,2,2
651,85,2,2
651,86,2,2
651,87,2,2
651,88,2,2
651,89,2,2
651,90,2,2
651,91,2,2
651,92,2,2
651,93,2,2
651,94,2,2
651,95,2,2
651,96,2,2
651,97,2,2
651,98,2,2
651,99,2,2
651,100,2,2
651,101,2,2
651,102,2,2
651,103,2,2
651,104,2,2
651,105,2,2
651,106,2,2
651,107,2,2
651,108,2,2
651,109,2,2
651,110,2,2
651,111,2,2
651,112,2,2
651,113,2,2
651,114,2,2
651,115,2,2
651,116,2,2
651,117,2,2
651,118,2,2
651,119,2,2
651,120,2,2
651,121,2,3
651,122,2,3
651,123,2,3
651,124,2,3
651,125,2,3
651,126,2,3
651,127,2,3
651,128,2,3
651,129,2,2
651,130,2,2
651,131,2,2
651,132,2,2
651,133,2,2
651,134,2,2
651,135,2,2
651,136,2,2
651,137,2,2
651,138,2,2
651,139,2,2
651,140,2,2
651,141,2,2
651,142,2,2
651,143,2,2
651,144,2,2
651,145,2,2
651,146,2,2
651,147,2,2
651,148,2,2
651,149,2,2
651,150,2,2
651,151,2,2
651,152,2,2
651,153,2,2
651,154,2,2
651,155,2,2
651,156,2,2
651,157,2,2
651,158,2,2
651,159,2,2
651,160,2,2
651,161,2,2
651,162,2,2
651,163,2,2
651,164,2,2
651,165,2,2
651,166,2,2
651,167,2,2
651,168,2,2
651,169,2,2
651,170,2,2
651,171,2,2
651,172,2,2
651,173,2,2
651,174,2,2
651,175,2,2
651,176,2,2
651,177,2,2
651,178,2,2
651,179,2,2
651,180,2,2
651,181,2,2
651,182,2,2
651,183,2,2
651,184,2,2
651,185,2,2
651,186,2,2
651,187,2,2
651,188,2,2
651,189,2,2
651,190,2,2
651,191,2,2
651,192,2,2
651,193,2,2
651,194,2,2
651,195,2,2
651,196,2,3
651,197,2,3
651,198,2,3
651,199,2,3
651,200,2,3
651,201,2,3
651,202,2,3
651,203,2,3
651,204,2,3
651,205,2,3
651,206,2,2
651,207,2,2
651,208,2,2
651,209,2,2
651,210,2,2
651,211,2,2
651,212,2,2
651,213,2,2
651,214,2,2
651,215,2,2
651,216,2,2
651,217,2,2
651,218,2,2
651,219,2,2
651,220,2,2
651,221,2,2
651,222,2,2
651,223,2,2
651,224,2,2
651,225,2,2
651,226,2,2
651,227,2,2
651,228,2,2
651,229,2,2
651,230,2,2
651,231,2,2
651,232,2,2
651,233,2,2
651,234,2,2
651,235,2,2
651,236,2,2
651,237,2,2
651,238,2,2
651,239,2,2
651,240,2,2
651,241,2,2
651,242,2,2
651,243,2,2
651,244,2,2
651,245,2,2
651,246,2,2
651,247,2,2
651,248,2,2
651,249,2,2
651,250,2,2
651,251,2,2
651,252,2,2
651,253,2,2
651,254,2,2
651,255,2,2
651,256,2,2
651,257,2,2
651,258,2,2
651,259,2,2
651,260,2,2
651,261,2,2
651,262,2,2
651,263,2,2
651,264,2,2
651,265,2,2
651,266,2,2
651,267,2,2
651,268,2,2
651,269,2,2
651,270,2,2
651,271,2,2
651,272,2,2
651,273,2,2
651,274,2,2
651,275,2,2
651,276,2,2
651,277,2,2
651,278,2,2
651,279,2,2
651,280,2,2
651,281,2,2
651,282,2,2
651,283,2,2
651,284,2,2
651,285,2,2
651,286,2,2
651,287,2,2
651,288,2,2
651,289,2,2
651,290,2,2
651,291,2,2
651,292,2,2
651,293,2,2
651,294,2,2
651,295,2,2
651,296,2,2
651,297,2,2
651,298,2,2
651,299,2,2
651,300,2,2
651,301,2,2
651,302,2,2
651,303,2,2
651,304,2,2
651,305,2,2
651,306,2,2
651,307,2,2
651,308,2,2
651,309,2,2
651,310,2,2
651,311,2,2
651,312,2,2
651,313,2,2
651,314,2,2
651,315,2,2
651,316,2,2
651,317,2,2
651,318,2,2
651,319,2,2
651,320,2,2
651,321,2,2
651,322,2,2
651,323,2,2
651,324,2,2
651,325,2,2
651,326,2,2
651,327,2,2
651,328,2,2
651,329,2,2
651,330,2,2
651,331,2,2
651,332,2,2
651,333,2,2
651,334,2,2
651,335,2,2
651,336,2,2
651,337,2,2
651,338,2,2
651,339,2,2
651,340,2,2
651,341,2,2
651,342,2,2
651,343,2,2
651,344,2,2
651,345,2,2
651,346,2,2
651,347,2,2
651,348,2,2
651,349,2,2
651,350,2,2
651,351,2,2
651,352,2,2
651,353,2,2
651,354,2,2
651,355,2,2
651,356,2,2
651,357,2,2
651,358,2,2
651,359,2,2
651,360,2,2
651,361,2,2
651,362,2,2
651,363,2,2
651,364,2,2
651,365,2,2
651,366,2,2
651,367,2,2
651,368,2,2
651,369,2,2
651,370,2,2
651,371,2,2
651,372,2,2
651,373,2,2
651,374,2,2
652,67,2,2
652,68,2,2
652,69,2,2
652,70,2,2
652,71,2,2
652,72,2,2
652,73,2,2
652,74,2,2
652,75,2,2
652,76,2,2
652,77,2,2
652,78,2,2
652,79,2,2
652,80,2,2
652,81,2,2
652,82,2,2
652,83,2,2
652,84,2,2
652,85,2,2
652,86,2,2
652,87,2,2
652,88,2,2
652,89,2,2
652,90,2,2
652,91,2,2
652,92,2,2
652,93,2,2
652,94,2,2
652,95,2,2
652,96,2,2
652,97,2,2
652,98,2,2
652,99,2,2
652,100,2,2
652,101,2,2
652,102,2,2
652,103,2,2
652,104,2,2
652,105,2,2
652,106,2,2
652,107,2,2
652,108,2,2
652,109,2,2
652,110,2,2
652,111,2,2
652,112,2,2
652,113,2,2
652,114,2,2
652,115,2,2
652,116,2,2
652,117,2,2
652,118,2,2
652,119,2,2
652,120,2,2
652,121,2,2
652,122,2,2
652,123,2,2
652,124,2,3
652,125,2,3
652,126,2,2
652,127,2,2
652,128,2,2
652,129,2,2
652,130,2,2
652,131,2,2
652,132,2,2
652,133,2,2
652,134,2,2
652,135,2,2
652,136,2,2
652,137,2,2
652,138,2,2
652,139,2,2
652,140,2,2
652,141,2,2
652,142,2,2
652,143,2,2
652,144,2,2
652,145,2,2
652,146,2,2
652,147,2,2
652,148,2,2
652,149,2,2
652,150,2,2
652,151,2,2
652,152,2,2
652,153,2,2
652,154,2,2
652,155,2,2
652,156,2,2
652,157,2,2
652,158,2,2
652,159,2,2
652,160,2,2
652,161,2,2
652,162,2,2
652,163,2,2
652,164,2,2
652,165,2,2
652,166,2,2
652,167,2,2
652,168,2,2
652,169,2,2
652,170,2,2
652,171,2,2
652,172,2,2
652,173,2,2
652,174,2,2
652,175,2,2
652,176,2,2
652,177,2,2
652,178,2,2
652,179,2,2
652,180,2,2
652,181,2,2
652,182,2,2
652,183,2,2
652,184,2,2
652,185,2,2
652,186,2,2
652,187,2,2
652,188,2,2
652,189,2,2
652,190,2,2
652,191,2,2
652,192,2,2
652,193,2,2
652,194,2,2
652,195,2,2
652,196,2,3
652,197,2,3
652,198,2,3
652,199,2,3
652,200,2,3
652,201,2,3
652,202,2,3
652,203,2,3
652,204,2,3
652,205,2,3
652,206,2,3
652,207,2,3
652,208,2,2
652,209,2,2
652,210,2,2
652,211,2,2
652,212,2,2
652,213,2,2
652,214,2,2
652,215,2,2
652,216,2,2
652,217,2,2
652,218,2,2
652,219,2,2
652,220,2,2
652,221,2,2
652,222,2,2
652,223,2,2
652,224,2,2
652,225,2,2
652,226,2,2
652,227,2,2
652,228,2,2
652,229,2,2
652,230,2,2
652,231,2,2
652,232,2,2
652,233,2,2
652,234,2,2
652,235,2,2
652,236,2,2
652,237,2,2
652,238,2,2
652,239,2,2
652,240,2,2
652,241,2,2
652,242,2,2
652,243,2,2
652,244,2,2
652,245,2,2
652,246,2,2
652,247,2,2
652,248,2,2
652,249,2,2
652,250,2,2
652,251,2,2
652,252,2,2
652,253,2,2
652,254,2,2
652,255,2,2
652,256,2,2
652,257,2,2
652,258,2,2
652,259,2,2
652,260,2,2
652,261,2,2
652,262,2,2
652,263,2,2
652,264,2,2
652,265,2,2
652,266,2,2
652,267,2,2
652,268,2,2
652,269,2,2
652,270,2,2
652,271,2,2
652,272,2,2
652,273,2,2
652,274,2,2
652,275,2,2
652,276,2,2
652,277,2,2
652,278,2,2
652,279,2,2
652,280,2,2
652,281,2,2
652,282,2,2
652,283,2,2
652,284,2,2
652,285,2,2
652,286,2,2
652,287,2,2
652,288,2,2
652,289,2,2
652,290,2,2
652,291,2,2
652,292,2,2
652,293,2,2
652,294,2,2
652,295,2,2
652,296,2,2
652,297,2,2
652,298,2,2
652,299,2,2
652,300,2,2
652,301,2,2
652,302,2,2
652,303,2,2
652,304,2,2
652,305,2,2
652,306,2,2
652,307,2,2
652,308,2,2
652,309,2,2
652,310,2,2
652,311,2,2
652,312,2,2
652,313,2,2
652,314,2,2
652,315,2,2
652,316,2,2
652,317,2,2
652,318,2,2
652,319,2,2
652,320,2,2
652,321,2,2
652,322,2,2
652,323,2,2
652,324,2,2
652,325,2,2
652,326,2,2
652,327,2,2
652,328,2,2
652,329,2,2
652,330,2,2
652,331,2,2
652,332,2,2
652,333,2,2
652,334,2,2
652,335,2,2
652,336,2,2
652,337,2,2
652,338,2,2
652,339,2,2
652,340,2,2
652,341,2,2
652,342,2,2
652,343,2,2
652,344,2,2
652,345,2,2
652,346,2,2
652,347,2,2
652,348,2,2
652,349,2,2
652,350,2,2
652,351,2,2
652,352,2,2
652,353,2,2
652,354,2,2
652,355,2,2
652,356,2,2
652,357,2,2
652,358,2,2
652,359,2,2
652,360,2,2
652,361,2,2
652,362,2,2
652,363,2,2
652,364,2,2
652,365,2,2
652,366,2,2
652,367,2,2
652,368,2,2
652,369,2,2
652,370,2,2
652,371,2,2
652,372,2,2
652,373,2,2
652,374,2,2
652,375,2,3
653,66,2,2
653,67,2,2
653,68,2,2
653,69,2,2
653,70,2,2
653,71,2,2
653,72,2,2
653,73,2,2
653,74,2,2
653,75,2,2
653,76,2,2
653,77,2,2
653,78,2,2
653,79,2,2
653,80,2,2
653,81,2,2
653,82,2,2
653,83,2,2
653,84,2,2
653,85,2,2
653,86,2,2
653,87,2,2
653,88,2,2
653,89,2,2
653,90,2,2
653,91,2,2
653,92,2,2
653,93,2,2
653,94,2,2
653,95,2,2
653,96,2,2
653,97,2,2
653,98,2,2
653,99,2,2
653,100,2,2
653,101,2,2
653,102,2,2
653,103,2,2
653,104,2,2
653,105,2,2
653,106,2,2
653,107,2,2
653,108,2,2
653,109,2,2
653,110,2,2
653,111,2,2
653,112,2,2
653,113,2,2
653,114,2,2
653,115,2,2
653,116,2,2
653,117,2,2
653,118,2,2
653,119,2,2
653,120,2,2
653,121,2,2
653,122,2,2
653,123,2,2
653,124,2,2
653,125,2,2
653,126,2,2
653,127,2,2
653,128,2,2
653,129,2,2
653,130,2,2
653,131,2,2
653,132,2,2
653,133,2,2
653,134,2,2
653,135,2,2
653,136,2,2
653,137,2,2
653,138,2,2
653,139,2,2
653,140,2,2
653,141,2,2
653,142,2,2
653,143,2,2
653,144,2,2
653,145,2,2
653,146,2,2
653,147,2,2
653,148,2,2
653,149,2,2
653,150,2,2
653,151,2,2
653,152,2,2
653,153,2,2
653,154,2,2
653,155,2,2
653,156,2,2
653,157,2,2
653,158,2,2
653,159,2,2
653,160,2,2
653,161,2,2
653,162,2,2
653,163,2,2
653,164,2,2
653,165,2,2
653,166,2,2
653,167,2,2
653,168,2,2
653,169,2,2
653,170,2,2
653,171,2,2
653,172,2,2
653,173,2,2
653,174,2,2
653,175,2,2
653,176,2,2
653,177,2,2
653,178,2,2
653,179,2,2
653,180,2,2
653,181,2,2
653,182,2,2
653,183,2,2
653,184,2,2
653,185,2,2
653,186,2,2
653,187,2,2
653,188,2,2
653,189,2,2
653,190,2,2
653,191,2,2
653,192,2,2
653,193,2,2
653,194,2,2
653,195,2,2
653,196,2,2
653,197,2,2
653,198,2,2
653,199,2,3
653,200,2,3
653,201,2,3
653,202,2,3
653,203,2,3
653,204,2,3
653,205,2,3
653,206,2,3
653,207,2,3
653,208,2,3
653,209,2,2
653,210,2,2
653,211,2,2
653,212,2,2
653,213,2,2
653,214,2,2
653,215,2,2
653,216,2,2
653,217,2,2
653,218,2,2
653,219,2,2
653,220,2,2
653,221,2,2
653,222,2,2
653,223,2,2
653,224,2,2
653,225,2,2
653,226,2,2
653,227,2,2
653,228,2,2
653,229,2,2
653,230,2,2
653,231,2,2
653,232,2,2
653,233,2,2
653,234,2,2
653,235,2,2
653,236,2,2
653,237,2,2
653,238,2,2
653,239,2,2
653,240,2,2
653,241,2,2
653,242,2,2
653,243,2,2
653,244,2,2
653,245,2,2
653,246,2,2
653,247,2,2
653,248,2,2
653,249,2,2
653,250,2,2
653,251,2,2
653,252,2,2
653,253,2,2
653,254,2,2
653,255,2,2
653,256,2,2
653,257,2,2
653,258,2,2
653,259,2,2
653,260,2,2
653,261,2,2
653,262,2,2
653,263,2,2
653,264,2,2
653,265,2,2
653,266,2,2
653,267,2,2
653,268,2,2
653,269,2,2
653,270,2,2
653,271,2,2
653,272,2,2
653,273,2,2
653,274,2,2
653,275,2,2
653,276,2,2
653,277,2,2
653,278,2,2
653,279,2,2
653,280,2,2
653,281,2,2
653,282,2,2
653,283,2,2
653,284,2,2
653,285,2,2
653,286,2,2
653,287,2,2
653,288,2,2
653,289,2,2
653,290,2,2
653,291,2,2
653,292,2,2
653,293,2,2
653,294,2,2
653,295,2,2
653,296,2,2
653,297,2,2
653,298,2,2
653,299,2,2
653,300,2,2
653,301,2,2
653,302,2,2
653,303,2,2
653,304,2,2
653,305,2,2
653,306,2,2
653,307,2,2
653,308,2,2
653,309,2,2
653,310,2,2
653,311,2,2
653,312,2,2
653,313,2,2
653,314,2,2
653,315,2,2
653,316,2,2
653,317,2,2
653,318,2,2
653,319,2,2
653,320,2,2
653,321,2,2
653,322,2,2
653,323,2,2
653,324,2,2
653,325,2,2
653,326,2,2
653,327,2,2
653,328,2,2
653,329,2,2
653,330,2,2
653,331,2,2
653,332,2,2
653,333,2,2
653,334,2,2
653,335,2,2
653,336,2,2
653,337,2,2
653,338,2,2
653,339,2,2
653,340,2,2
653,341,2,2
653,342,2,2
653,343,2,2
653,344,2,2
653,345,2,2
653,346,2,2
653,347,2,2
653,348,2,2
653,349,2,2
653,350,2,2
653,351,2,2
653,352,2,2
653,353,2,2
653,354,2,2
653,355,2,2
653,356,2,2
653,357,2,2
653,358,2,2
653,359,2,2
653,360,2,2
653,361,2,2
653,362,2,2
653,363,2,2
653,364,2,2
653,365,2,2
653,366,2,2
653,367,2,2
653,368,2,2
653,369,2,2
653,370,2,2
653,371,2,2
653,372,2,2
653,373,2,2
653,374,2,2
653,375,2,2
653,376,2,3
654,65,2,2
654,66,2,2
654,67,2,2
654,68,2,2
654,69,2,2
654,70,2,2
654,71,2,2
654,72,2,2
654,73,2,2
654,74,2,2
654,75,2,2
654,76,2,2
654,77,2,2
654,78,2,2
654,79,2,2
654,80,2,2
654,81,2,2
654,82,2,2
654,83,2,2
654,84,2,2
654,85,2,2
654,86,2,2
654,87,2,2
654,88,2,2
654,89,2,2
654,90,2,2
654,91,2,2
654,92,2,2
654,93,2,2
654,94,2,2
654,95,2,2
654,96,2,2
654,97,2,2
654,98,2,2
654,99,2,2
654,100,2,2
654,101,2,2
654,102,2,2
654,103,2,2
654,104,2,2
654,105,2,2
654,106,2,2
654,107,2,2
654,108,2,2
654,109,2,2
654,110,2,2
654,111,2,2
654,112,2,2
654,113,2,2
654,114,2,2
654,115,2,2
654,116,2,2
654,117,2,2
654,118,2,2
654,119,2,2
654,120,2,2
654,121,2,2
654,122,2,2
654,123,2,2
654,124,2,2
654,125,2,2
654,126,2,2
654,127,2,2
654,128,2,2
654,129,2,2
654,130,2,2
654,131,2,2
654,132,2,2
654,133,2,2
654,134,2,2
654,135,2,2
654,136,2,2
654,137,2,2
654,138,2,2
654,139,2,2
654,140,2,2
654,141,2,2
654,142,2,2
654,143,2,2
654,144,2,2
654,145,2,2
654,146,2,2
654,147,2,2
654,148,2,2
654,149,2,2
654,150,2,2
654,151,2,2
654,152,2,2
654,153,2,2
654,154,2,2
654,155,2,2
654,156,2,2
654,157,2,2
654,158,2,2
654,159,2,2
654,160,2,2
654,161,2,2
654,162,2,2
654,163,2,2
654,164,2,2
654,165,2,2
654,166,2,2
654,167,2,2
654,168,2,2
654,169,2,2
654,170,2,2
654,171,2,2
654,172,2,2
654,173,2,2
654,174,2,2
654,175,2,2
654,176,2,2
654,177,2,2
654,178,2,2
654,179,2,2
654,180,2,2
654,181,2,2
654,182,2,2
654,183,2,2
654,184,2,2
654,185,2,2
654,186,2,2
654,187,2,2
654,188,2,2
654,189,2,2
654,190,2,2
654,191,2,2
654,192,2,2
654,193,2,2
654,194,2,2
654,195,2,2
654,196,2,2
654,197,2,2
654,198,2,2
654,199,2,3
654,200,2,3
654,201,2,3
654,202,2,3
654,203,2,3
654,204,2,3
654,205,2,3
654,206,2,3
654,207,2,3
654,208,2,3
654,209,2,2
654,210,2,2
654,211,2,2
654,212,2,2
654,213,2,2
654,214,2,2
654,215,2,2
654,216,2,2
654,217,2,2
654,218,2,2
654,219,2,2
654,220,2,2
654,221,2,2
654,222,2,2
654,223,2,2
654,224,2,2
654,225,2,2
654,226,2,2
654,227,2,2
654,228,2,2
654,229,2,2
654,230,2,2
654,231,2,2
654,232,2,2
654,233,2,2
654,234,2,2
654,235,2,2
654,236,2,2
654,237,2,2
654,238,2,2
654,239,2,2
654,240,2,2
654,241,2,2
654,242,2,2
654,243,2,2
654,244,2,2
654,245,2,2
654,246,2,2
654,247,2,2
654,248,2,2
654,249,2,2
654,250,2,2
654,251,2,2
654,252,2,2
654,253,2,2
654,254,2,2
654,255,2,2
654,256,2,2
654,257,2,2
654,258,2,2
654,259,2,2
654,260,2,2
654,261,2,2
654,262,2,2
654,263,2,2
654,264,2,2
654,265,2,2
654,266,2,2
654,267,2,2
654,268,2,2
654,269,2,2
654,270,2,2
654,271,2,2
654,272,2,2
654,273,2,2
654,274,2,2
654,275,2,2
654,276,2,2
654,277,2,2
654,278,2,2
654,279,2,2
654,280,2,2
654,281,2,2
654,282,2,2
654,283,2,2
654,284,2,2
654,285,2,2
654,286,2,2
654,287,2,2
654,288,2,2
654,289,2,2
654,290,2,2
654,291,2,2
654,292,2,2
654,293,2,2
654,294,2,2
654,295,2,2
654,296,2,2
654,297,2,2
654,298,2,2
654,299,2,2
654,300,2,2
654,301,2,2
654,302,2,2
654,303,2,2
654,304,2,2
654,305,2,2
654,306,2,2
654,307,2,2
654,308,2,2
654,309,2,2
654,310,2,2
654,311,2,2
654,312,2,2
654,313,2,2
654,314,2,2
654,315,2,2
654,316,2,2
654,317,2,2
654,318,2,2
654,319,2,2
654,320,2,2
654,321,2,2
654,322,2,2
654,323,2,2
654,324,2,2
654,325,2,2
654,326,2,2
654,327,2,2
654,328,2,2
654,329,2,2
654,330,2,2
654,331,2,2
654,332,2,2
654,333,2,2
654,334,2,2
654,335,2,2
654,336,2,2
654,337,2,2
654,338,2,2
654,339,2,2
654,340,2,2
654,341,2,2
654,342,2,2
654,343,2,2
654,344,2,2
654,345,2,2
654,346,2,2
654,347,2,2
654,348,2,2
654,349,2,2
654,350,2,2
654,351,2,2
654,352,2,2
654,353,2,2
654,354,2,2
654,355,2,2
654,356,2,2
654,357,2,2
654,358,2,2
654,359,2,2
654,360,2,2
654,361,2,2
654,362,2,2
654,363,2,2
654,364,2,2
654,365,2,2
654,366,2,2
654,367,2,2
654,368,2,2
654,369,2,2
654,370,2,2
654,371,2,2
654,372,2,2
654,373,2,2
654,374,2,2
654,375,2,2
654,376,2,2
655,65,2,2
655,66,2,2
655,67,2,2
655,68,2,2
655,69,2,2
655,70,2,2
655,71,2,2
655,72,2,2
655,73,2,2
655,74,2,2
655,75,2,2
655,76,2,2
655,77,2,2
655,78,2,2
655,79,2,2
655,80,2,2
655,81,2,2
655,82,2,2
655,83,2,2
655,84,2,2
655,85,2,2
655,86,2,2
655,87,2,2
655,88,2,2
655,89,2,2
655,90,2,2
655,91,2,2
655,92,2,2
655,93,2,2
655,94,2,2
655,95,2,2
655,96,2,2
655,97,2,2
655,98,2,2
655,99,2,2
655,100,2,2
655,101,2,2
655,102,2,2
655,103,2,2
655,104,2,2
655,105,2,2
655,106,2,2
655,107,2,2
655,108,2,2
655,109,2,2
655,110,2,2
655,111,2,2
655,112,2,2
655,113,2,2
655,114,2,2
655,115,2,2
655,116,2,2
655,117,2,2
655,118,2,2
655,119,2,2
655,120,2,2
655,121,2,2
655,122,2,2
655,123,2,2
655,124,2,2
655,125,2,2
655,126,2,2
655,127,2,2
655,128,2,2
655,129,2,2
655,130,2,2
655,131,2,2
655,132,2,2
655,133,2,2
655,134,2,2
655,135,2,2
655,136,2,2
655,137,2,2
655,138,2,2
655,139,2,2
655,140,2,2
655,141,2,2
655,142,2,2
655,143,2,2
655,144,2,2
655,145,2,2
655,146,2,2
655,147,2,2
655,148,2,2
655,149,2,2
655,150,2,2
655,151,2,2
655,152,2,2
655,153,2,2
655,154,2,2
655,155,2,2
655,156,2,2
655,157,2,2
655,158,2,2
655,159,2,2
655,160,2,2
655,161,2,2
655,162,2,2
655,163,2,2
655,164,2,2
655,165,2,2
655,166,2,2
655,167,2,2
655,168,2,2
655,169,2,2
655,170,2,2
655,171,2,2
655,172,2,2
655,173,2,2
655,174,2,2
655,175,2,2
655,176,2,2
655,177,2,2
655,178,2,2
655,179,2,2
655,180,2,2
655,181,2,2
655,182,2,2
655,183,2,2
655,184,2,2
655,185,2,2
655,186,2,2
655,187,2,2
655,188,2,2
655,189,2,2
655,190,2,2
655,191,2,2
655,192,2,2
655,193,2,2
655,194,2,2
655,195,2,2
655,196,2,2
655,197,2,2
655,198,2,2
655,199,2,2
655,200,2,2
655,201,2,3
655,202,2,3
655,203,2,3
655,204,2,3
655,205,2,3
655,206,2,3
655,207,2,3
655,208,2,3
655,209,2,2
655,210,2,2
655,211,2,2
655,212,2,2
655,213,2,2
655,214,2,2
655,215,2,2
655,216,2,2
655,217,2,2
655,218,2,2
655,219,2,2
655,220,2,2
655,221,2,2
655,222,2,2
655,223,2,2
655,224,2,2
655,225,2,2
655,226,2,2
655,227,2,2
655,228,2,2
655,229,2,2
655,230,2,2
655,231,2,2
655,232,2,2
655,233,2,2
655,234,2,2
655,235,2,2
655,236,2,2
655,237,2,2
655,238,2,2
655,239,2,2
655,240,2,2
655,241,2,2
655,242,2,2
655,243,2,2
655,244,2,2
655,245,2,2
655,246,2,2
655,247,2,2
655,248,2,2
655,249,2,2
655,250,2,2
655,251,2,2
655,252,2,2
655,253,2,2
655,254,2,2
655,255,2,2
655,256,2,2
655,257,2,2
655,258,2,2
655,259,2,2
655,260,2,2
655,261,2,2
655,262,2,2
655,263,2,2
655,264,2,2
655,265,2,2
655,266,2,2
655,267,2,2
655,268,2,2
655,269,2,2
655,270,2,2
655,271,2,2
655,272,2,2
655,273,2,2
655,274,2,2
655,275,2,2
655,276,2,2
655,277,2,2
655,278,2,2
655,279,2,2
655,280,2,2
655,281,2,2
655,282,2,2
655,283,2,2
655,284,2,2
655,285,2,2
655,286,2,2
655,287,2,2
655,288,2,2
655,289,2,2
655,290,2,2
655,291,2,2
655,292,2,2
655,293,2,2
655,294,2,2
655,295,2,2
655,296,2,2
655,297,2,2
655,298,2,2
655,299,2,2
655,300,2,2
655,301,2,2
655,302,2,2
655,303,2,2
655,304,2,2
655,305,2,2
655,306,2,2
655,307,2,2
655,308,2,2
655,309,2,2
655,310,2,2
655,311,2,2
655,312,2,2
655,313,2,2
655,314,2,2
655,315,2,2
655,316,2,2
655,317,2,2
655,318,2,2
655,319,2,2
655,320,2,2
655,321,2,2
655,322,2,2
655,323,2,2
655,324,2,2
655,325,2,2
655,326,2,2
655,327,2,2
655,328,2,2
655,329,2,2
655,330,2,2
655,331,2,2
655,332,2,2
655,333,2,2
655,334,2,2
655,335,2,2
655,336,2,2
655,337,2,2
655,338,2,2
655,339,2,2
655,340,2,2
655,341,2,2
655,342,2,2
655,343,2,2
655,344,2,2
655,345,2,2
655,346,2,2
655,347,2,2
655,348,2,2
655,349,2,2
655,350,2,2
655,351,2,2
655,352,2,2
655,353,2,2
655,354,2,2
655,355,2,2
655,356,2,2
655,357,2,2
655,358,2,2
655,359,2,2
655,360,2,2
655,361,2,2
655,362,2,2
655,363,2,2
655,364,2,2
655,365,2,2
655,366,2,2
655,367,2,2
655,368,2,2
655,369,2,2
655,370,2,2
655,371,2,2
655,372,2,2
655,373,2,2
655,374,2,2
655,375,2,2
655,376,2,2
655,377,2,3
656,65,2,2
656,66,2,2
656,67,2,2
656,68,2,2
656,69,2,2
656,70,2,2
656,71,2,2
656,72,2,2
656,73,2,2
656,74,2,2
656,75,2,2
656,76,2,2
656,77,2,2
656,78,2,2
656,79,2,2
656,80,2,2
656,81,2,2
656,82,2,2
656,83,2,2
656,84,2,2
656,85,2,2
656,86,2,2
656,87,2,2
656,88,2,2
656,89,2,2
656,90,2,2
656,91,2,2
656,92,2,2
656,93,2,2
656,94,2,2
656,95,2,2
656,96,2,2
656,97,2,2
656,98,2,2
656,99,2,2
656,100,2,2
656,101,2,2
656,102,2,2
656,103,2,2
656,104,2,2
656,105,2,2
656,106,2,2
656,107,2,2
656,108,2,2
656,109,2,2
656,110,2,2
656,111,2,2
656,112,2,2
656,113,2,2
656,114,2,2
656,115,2,2
656,116,2,2
656,117,2,2
656,118,2,2
656,119,2,2
656,120,2,2
656,121,2,2
656,122,2,2
656,123,2,2
656,124,2,2
656,125,2,2
656,126,2,2
656,127,2,2
656,128,2,2
656,129,2,2
656,130,2,2
656,131,2,2
656,132,2,2
656,133,2,2
656,134,2,2
656,135,2,2
656,136,2,2
656,137,2,2
656,138,2,2
656,139,2,2
656,140,2,2
656,141,2,2
656,142,2,2
656,143,2,2
656,144,2,2
656,145,2,2
656,146,2,2
656,147,2,2
656,148,2,2
656,149,2,2
656,150,2,2
656,151,2,2
656,152,2,2
656,153,2,2
656,154,2,2
656,155,2,2
656,156,2,2
656,157,2,2
656,158,2,2
656,159,2,2
656,160,2,2
656,161,2,2
656,162,2,2
656,163,2,2
656,164,2,2
656,165,2,2
656,166,2,2
656,167,2,2
656,168,2,2
656,169,2,2
656,170,2,2
656,171,2,2
656,172,2,2
656,173,2,2
656,174,2,2
656,175,2,2
656,176,2,2
656,177,2,2
656,178,2,2
656,179,2,2
656,180,2,2
656,181,2,2
656,182,2,2
656,183,2,2
656,184,2,2
656,185,2,2
656,186,2,2
656,187,2,2
656,188,2,2
656,189,2,2
656,190,2,2
656,191,2,2
656,192,2,2
656,193,2,2
656,194,2,2
656,195,2,2
656,196,2,2
656,197,2,2
656,198,2,2
656,199,2,2
656,200,2,2
656,201,2,3
656,202,2,3
656,203,2,3
656,204,2,3
656,205,2,3
656,206,2,3
656,207,2,3
656,208,2,3
656,209,2,3
656,210,2,2
656,211,2,2
656,212,2,2
656,213,2,2
656,214,2,2
656,215,2,2
656,216,2,2
656,217,2,2
656,218,2,2
656,219,2,2
656,220,2,2
656,221,2,2
656,222,2,2
656,223,2,2
656,224,2,2
656,225,2,2
656,226,2,2
656,227,2,2
656,228,2,2
656,229,2,2
656,230,2,2
656,231,2,2
656,232,2,2
656,233,2,2
656,234,2,2
656,235,2,2
656,236,2,2
656,237,2,2
656,238,2,2
656,239,2,2
656,240,2,2
656,241,2,2
656,242,2,2
656,243,2,2
656,244,2,2
656,245,2,2
656,246,2,2
656,247,2,2
656,248,2,2
656,249,2,2
656,250,2,2
656,251,2,2
656,252,2,2
656,253,2,2
656,254,2,2
656,255,2,2
656,256,2,2
656,257,2,2
656,258,2,2
656,259,2,2
656,260,2,2
656,261,2,2
656,262,2,2
656,263,2,2
656,264,2,2
656,265,2,2
656,266,2,2
656,267,2,2
656,268,2,2
656,269,2,2
656,270,2,2
656,271,2,2
656,272,2,2
656,273,2,2
656,274,2,2
656,275,2,2
656,276,2,2
656,277,2,2
656,278,2,2
656,279,2,2
656,280,2,2
656,281,2,2
656,282,2,2
656,283,2,2
656,284,2,2
656,285,2,2
656,286,2,2
656,287,2,2
656,288,2,2
656,289,2,2
656,290,2,2
656,291,2,2
656,292,2,2
656,293,2,2
656,294,2,2
656,295,2,2
656,296,2,2
656,297,2,2
656,298,2,2
656,299,2,2
656,300,2,2
656,301,2,2
656,302,2,2
656,303,2,2
656,304,2,2
656,305,2,2
656,306,2,2
656,307,2,2
656,308,2,2
656,309,2,2
656,310,2,2
656,311,2,2
656,312,2,2
656,313,2,2
656,314,2,2
656,315,2,2
656,316,2,2
656,317,2,2
656,318,2,2
656,319,2,2
656,320,2,2
656,321,2,2
656,322,2,2
656,323,2,2
656,324,2,2
656,325,2,2
656,326,2,2
656,327,2,2
656,328,2,2
656,329,2,2
656,330,2,2
656,331,2,2
656,332,2,2
656,333,2,2
656,334,2,2
656,335,2,2
656,336,2,2
656,337,2,2
656,338,2,2
656,339,2,2
656,340,2,2
656,341,2,2
656,342,2,2
656,343,2,2
656,344,2,2
656,345,2,2
656,346,2,2
656,347,2,2
656,348,2,2
656,349,2,2
656,350,2,2
656,351,2,2
656,352,2,2
656,353,2,2
656,354,2,2
656,355,2,2
656,356,2,2
656,357,2,2
656,358,2,2
656,359,2,2
656,360,2,2
656,361,2,2
656,362,2,2
656,363,2,2
656,364,2,2
656,365,2,2
656,366,2,2
656,367,2,2
656,368,2,2
656,369,2,2
656,370,2,2
656,371,2,2
656,372,2,2
656,373,2,2
656,374,2,2
656,375,2,2
656,376,2,2
656,377,2,2
656,378,2,3
657,63,2,2
657,64,2,2
657,65,2,2
657,66,2,2
657,67,2,2
657,68,2,2
657,69,2,2
657,70,2,2
657,71,2,2
657,72,2,2
657,73,2,2
657,74,2,2
657,75,2,2
657,76,2,2
657,77,2,2
657,78,2,2
657,79,2,2
657,80,2,2
657,81,2,2
657,82,2,2
657,83,2,2
657,84,2,2
657,85,2,2
657,86,2,2
657,87,2,2
657,88,2,2
657,89,2,2
657,90,2,2
657,91,2,2
657,92,2,2
657,93,2,2
657,94,2,2
657,95,2,2
657,96,2,2
657,97,2,2
657,98,2,2
657,99,2,2
657,100,2,2
657,101,2,2
657,102,2,2
657,103,2,2
657,104,2,2
657,105,2,2
657,106,2,2
657,107,2,2
657,108,2,2
657,109,2,2
657,110,2,2
657,111,2,2
657,112,2,2
657,113,2,2
657,114,2,2
657,115,2,2
657,116,2,2
657,117,2,2
657,118,2,2
657,119,2,2
657,120,2,2
657,121,2,2
657,122,2,2
657,123,2,2
657,124,2,2
657,125,2,2
657,126,2,2
657,127,2,2
657,128,2,2
657,129,2,2
657,130,2,2
657,131,2,2
657,132,2,2
657,133,2,2
657,134,2,2
657,135,2,2
657,136,2,2
657,137,2,2
657,138,2,2
657,139,2,2
657,140,2,2
657,141,2,2
657,142,2,2
657,143,2,2
657,144,2,2
657,145,2,2
657,146,2,2
657,147,2,2
657,148,2,2
657,149,2,2
657,150,2,2
657,151,2,2
657,152,2,2
657,153,2,2
657,154,2,2
657,155,2,2
657,156,2,2
657,157,2,2
657,158,2,2
657,159,2,2
657,160,2,2
657,161,2,2
657,162,2,2
657,163,2,2
657,164,2,2
657,165,2,2
657,166,2,2
657,167,2,2
657,168,2,2
657,169,2,2
657,170,2,2
657,171,2,2
657,172,2,2
657,173,2,2
657,174,2,2
657,175,2,2
657,176,2,2
657,177,2,2
657,178,2,2
657,179,2,2
657,180,2,2
657,181,2,2
657,182,2,2
657,183,2,2
657,184,2,2
657,185,2,2
657,186,2,2
657,187,2,2
657,188,2,2
657,189,2,2
657,190,2,2
657,191,2,2
657,192,2,2
657,193,2,2
657,194,2,2
657,195,2,2
657,196,2,2
657,197,2,2
657,198,2,2
657,199,2,2
657,200,2,2
657,201,2,3
657,202,2,3
657,203,2,3
657,204,2,3
657,205,2,3
657,206,2,3
657,207,2,3
657,208,2,3
657,209,2,3
657,210,2,3
657,211,2,2
657,212,2,2
657,213,2,2
657,214,2,2
657,215,2,2
657,216,2,2
657,217,2,2
657,218,2,2
657,219,2,2
657,220,2,2
657,221,2,2
657,222,2,2
657,223,2,2
657,224,2,2
657,225,2,2
657,226,2,2
657,227,2,2
657,228,2,2
657,229,2,2
657,230,2,2
657,231,2,2
657,232,2,2
657,233,2,2
657,234,2,2
657,235,2,2
657,236,2,2
657,237,2,2
657,238,2,2
657,239,2,2
657,240,2,2
657,241,2,2
657,242,2,2
657,243,2,2
657,244,2,2
657,245,2,2
657,246,2,2
657,247,2,2
657,248,2,2
657,249,2,2
657,250,2,2
657,251,2,2
657,252,2,2
657,253,2,2
657,254,2,2
657,255,2,2
657,256,2,2
657,257,2,2
657,258,2,2
657,259,2,2
657,260,2,2
657,261,2,2
657,262,2,2
657,263,2,2
657,264,2,2
657,265,2,2
657,266,2,2
657,267,2,2
657,268,2,2
657,269,2,2
657,270,2,2
657,271,2,2
657,272,2,2
657,273,2,2
657,274,2,2
657,275,2,2
657,276,2,2
657,277,2,2
657,278,2,2
657,279,2,2
657,280,2,2
657,281,2,2
657,282,2,2
657,283,2,2
657,284,2,2
657,285,2,2
657,286,2,2
657,287,2,2
657,288,2,2
657,289,2,2
657,290,2,2
657,291,2,2
657,292,2,2
657,293,2,2
657,294,2,2
657,295,2,2
657,296,2,2
657,297,2,2
657,298,2,2
657,299,2,2
657,300,2,2
657,301,2,2
657,302,2,2
657,303,2,2
657,304,2,2
657,305,2,2
657,306,2,2
657,307,2,2
657,308,2,2
657,309,2,2
657,310,2,2
657,311,2,2
657,312,2,2
657,313,2,2
657,314,2,2
657,315,2,2
657,316,2,2
657,317,2,2
657,318,2,2
657,319,2,2
657,320,2,2
657,321,2,2
657,322,2,2
657,323,2,2
657,324,2,2
657,325,2,2
657,326,2,2
657,327,2,2
657,328,2,2
657,329,2,2
657,330,2,2
657,331,2,2
657,332,2,2
657,333,2,2
657,334,2,2
657,335,2,2
657,336,2,2
657,337,2,2
657,338,2,2
657,339,2,2
657,340,2,2
657,341,2,2
657,342,2,2
657,343,2,2
657,344,2,2
657,345,2,2
657,346,2,2
657,347,2,2
657,348,2,2
657,349,2,2
657,350,2,2
657,351,2,2
657,352,2,2
657,353,2,2
657,354,2,2
657,355,2,2
657,356,2,2
657,357,2,2
657,358,2,2
657,359,2,2
657,360,2,2
657,361,2,2
657,362,2,2
657,363,2,2
657,364,2,2
657,365,2,2
657,366,2,2
657,367,2,2
657,368,2,2
657,369,2,2
657,370,2,2
657,371,2,2
657,372,2,2
657,373,2,2
657,374,2,2
657,375,2,2
657,376,2,2
657,377,2,2
657,378,2,2
657,379,2,2
658,63,2,2
658,64,2,2
658,65,2,2
658,66,2,2
658,67,2,2
658,68,2,2
658,69,2,2
658,70,2,2
658,71,2,2
658,72,2,2
658,73,2,2
658,74,2,2
658,75,2,2
658,76,2,2
658,77,2,2
658,78,2,2
658,79,2,2
658,80,2,2
658,81,2,2
658,82,2,2
658,83,2,2
658,84,2,2
658,85,2,2
658,86,2,2
658,87,2,2
658,88,2,2
658,89,2,2
658,90,2,2
658,91,2,2
658,92,2,2
658,93,2,2
658,94,2,2
658,95,2,2
658,96,2,2
658,97,2,2
658,98,2,2
658,99,2,2
658,100,2,2
658,101,2,2
658,102,2,2
658,103,2,2
658,104,2,2
658,105,2,2
658,106,2,2
658,107,2,2
658,108,2,2
658,109,2,2
658,110,2,2
658,111,2,2
658,112,2,2
658,113,2,2
658,114,2,2
658,115,2,2
658,116,2,2
658,117,2,2
658,118,2,2
658,119,2,2
658,120,2,2
658,121,2,2
658,122,2,2
658,123,2,2
658,124,2,2
658,125,2,2
658,126,2,2
658,127,2,2
658,128,2,2
658,129,2,2
658,130,2,2
658,131,2,2
658,132,2,2
658,133,2,2
658,134,2,2
658,135,2,2
658,136,2,2
658,137,2,2
658,138,2,2
658,139,2,2
658,140,2,2
658,141,2,2
658,142,2,2
658,143,2,2
658,144,2,2
658,145,2,2
658,146,2,2
658,147,2,2
658,148,2,2
658,149,2,2
658,150,2,2
658,151,2,2
658,152,2,2
658,153,2,2
658,154,2,2
658,155,2,2
658,156,2,2
658,157,2,2
658,158,2,2
658,159,2,2
658,160,2,2
658,161,2,2
658,162,2,2
658,163,2,2
658,164,2,2
658,165,2,2
658,166,2,2
658,167,2,2
658,168,2,2
658,169,2,2
658,170,2,2
658,171,2,2
658,172,2,2
658,173,2,2
658,174,2,2
658,175,2,2
658,176,2,2
658,177,2,2
658,178,2,2
658,179,2,2
658,180,2,2
658,181,2,2
658,182,2,2
658,183,2,2
658,184,2,2
658,185,2,2
658,186,2,2
658,187,2,2
658,188,2,2
658,189,2,2
658,190,2,2
658,191,2,2
658,192,2,2
658,193,2,2
658,194,2,2
658,195,2,2
658,196,2,2
658,197,2,2
658,198,2,2
658,199,2,2
658,200,2,2
658,201,2,3
658,202,2,3
658,203,2,3
658,204,2,3
658,205,2,3
658,206,2,3
658,207,2,3
658,208,2,3
658,209,2,3
658,210,2,3
658,211,2,3
658,212,2,2
658,213,2,2
658,214,2,2
658,215,2,2
658,216,2,2
658,217,2,2
658,218,2,2
658,219,2,2
658,220,2,2
658,221,2,2
658,222,2,2
658,223,2,2
658,224,2,2
658,225,2,2
658,226,2,2
658,227,2,2
658,228,2,2
658,229,2,2
658,230,2,2
658,231,2,2
658,232,2,2
658,233,2,2
658,234,2,2
658,235,2,2
658,236,2,2
658,237,2,2
658,238,2,2
658,239,2,2
658,240,2,2
658,241,2,2
658,242,2,2
658,243,2,2
658,244,2,2
658,245,2,2
658,246,2,2
658,247,2,2
658,248,2,2
658,249,2,2
658,250,2,2
658,251,2,2
658,252,2,2
658,253,2,2
658,254,2,2
658,255,2,2
658,256,2,2
658,257,2,2
658,258,2,2
658,259,2,2
658,260,2,2
658,261,2,2
658,262,2,2
658,263,2,2
658,264,2,2
658,265,2,2
658,266,2,2
658,267,2,2
658,268,2,2
658,269,2,2
658,270,2,2
658,271,2,2
658,272,2,2
658,273,2,2
658,274,2,2
658,275,2,2
658,276,2,2
658,277,2,2
658,278,2,2
658,279,2,2
658,280,2,2
658,281,2,2
658,282,2,2
658,283,2,2
658,284,2,2
658,285,2,2
658,286,2,2
658,287,2,2
658,288,2,2
658,289,2,2
658,290,2,2
658,291,2,2
658,292,2,2
658,293,2,2
658,294,2,2
658,295,2,2
658,296,2,2
658,297,2,2
658,298,2,2
658,299,2,2
658,300,2,2
658,301,2,2
658,302,2,2
658,303,2,2
658,304,2,2
658,305,2,2
658,306,2,2
658,307,2,2
658,308,2,2
658,309,2,2
658,310,2,2
658,311,2,2
658,312,2,2
658,313,2,2
658,314,2,2
658,315,2,2
658,316,2,2
658,317,2,2
658,318,2,2
658,319,2,2
658,320,2,2
658,321,2,2
658,322,2,2
658,323,2,2
658,324,2,2
658,325,2,2
658,326,2,2
658,327,2,2
658,328,2,2
658,329,2,2
658,330,2,2
658,331,2,2
658,332,2,2
658,333,2,2
658,334,2,2
658,335,2,2
658,336,2,2
658,337,2,2
658,338,2,2
658,339,2,2
658,340,2,2
658,341,2,2
658,342,2,2
658,343,2,2
658,344,2,2
658,345,2,2
658,346,2,2
658,347,2,2
658,348,2,2
658,349,2,2
658,350,2,2
658,351,2,2
658,352,2,2
658,353,2,2
658,354,2,2
658,355,2,2
658,356,2,2
658,357,2,2
658,358,2,2
658,359,2,2
658,360,2,2
658,361,2,2
658,362,2,2
658,363,2,2
658,364,2,2
658,365,2,2
658,366,2,2
658,367,2,2
658,368,2,2
658,369,2,2
658,370,2,2
658,371,2,2
658,372,2,2
658,373,2,2
658,374,2,2
658,375,2,2
658,376,2,2
658,377,2,2
658,378,2,2
658,379,2,2
659,62,2,2
659,63,2,2
659,64,2,2
659,65,2,2
659,66,2,2
659,67,2,2
659,68,2,2
659,69,2,2
659,70,2,2
659,71,2,2
659,72,2,2
659,73,2,2
659,74,2,2
659,75,2,2
659,76,2,2
659,77,2,2
659,78,2,2
659,79,2,2
659,80,2,2
659,81,2,2
659,82,2,2
659,83,2,2
659,84,2,2
659,85,2,2
659,86,2,2
659,87,2,2
659,88,2,2
659,89,2,2
659,90,2,2
659,91,2,2
659,92,2,2
659,93,2,2
659,94,2,2
659,95,2,2
659,96,2,2
659,97,2,2
659,98,2,2
659,99,2,2
659,100,2,2
659,101,2,2
659,102,2,2
659,103,2,2
659,104,2,2
659,105,2,2
659,106,2,2
659,107,2,2
659,108,2,2
659,109,2,2
659,110,2,2
659,111,2,2
659,112,2,2
659,113,2,2
659,114,2,2
659,115,2,2
659,116,2,2
659,117,2,2
659,118,2,2
659,119,2,2
659,120,2,2
659,121,2,2
659,122,2,2
659,123,2,2
659,124,2,2
659,125,2,2
659,126,2,2
659,127,2,2
659,128,2,2
659,129,2,2
659,130,2,2
659,131,2,2
659,132,2,2
659,133,2,2
659,134,2,2
659,135,2,2
659,136,2,2
659,137,2,2
659,138,2,2
659,139,2,2
659,140,2,2
659,141,2,2
659,142,2,2
659,143,2,2
659,144,2,2
659,145,2,2
659,146,2,2
659,147,2,2
659,148,2,2
659,149,2,2
659,150,2,2
659,151,2,2
659,152,2,2
659,153,2,2
659,154,2,2
659,155,2,2
659,156,2,2
659,157,2,2
659,158,2,2
659,159,2,2
659,160,2,2
659,161,2,2
659,162,2,2
659,163,2,2
659,164,2,2
659,165,2,2
659,166,2,2
659,167,2,2
659,168,2,2
659,169,2,2
659,170,2,2
659,171,2,2
659,172,2,2
659,173,2,2
659,174,2,2
659,175,2,2
659,176,2,2
659,177,2,2
659,178,2,2
659,179,2,2
659,180,2,2
659,181,2,2
659,182,2,2
659,183,2,2
659,184,2,2
659,185,2,2
659,186,2,2
659,187,2,2
659,188,2,2
659,189,2,2
659,190,2,2
659,191,2,2
659,192,2,2
659,193,2,2
659,194,2,2
659,195,2,2
659,196,2,2
659,197,2,2
659,198,2,2
659,199,2,2
659,200,2,2
659,201,2,3
659,202,2,3
659,203,2,3
659,204,2,3
659,205,2,3
659,206,2,3
659,207,2,3
659,208,2,3
659,209,2,3
659,210,2,3
659,211,2,3
659,212,2,3
659,213,2,2
659,214,2,2
659,215,2,2
659,216,2,2
659,217,2,2
659,218,2,2
659,219,2,2
659,220,2,2
659,221,2,2
659,222,2,2
659,223,2,2
659,224,2,2
659,225,2,2
659,226,2,2
659,227,2,2
659,228,2,2
659,229,2,2
659,230,2,2
659,231,2,2
659,232,2,2
659,233,2,2
659,234,2,2
659,235,2,2
659,236,2,2
659,237,2,2
659,238,2,2
659,239,2,2
659,240,2,2
659,241,2,2
659,242,2,2
659,243,2,2
659,244,2,2
659,245,2,2
659,246,2,2
659,247,2,2
659,248,2,2
659,249,2,2
659,250,2,2
659,251,2,2
659,252,2,2
659,253,2,2
659,254,2,2
659,255,2,2
659,256,2,2
659,257,2,2
659,258,2,2
659,259,2,2
659,260,2,2
659,261,2,2
659,262,2,2
659,263,2,2
659,264,2,2
659,265,2,2
659,266,2,2
659,267,2,2
659,268,2,2
659,269,2,2
659,270,2,2
659,271,2,2
659,272,2,2
659,273,2,2
659,274,2,2
659,275,2,2
659,276,2,2
659,277,2,2
659,278,2,2
659,279,2,2
659,280,2,2
659,281,2,2
659,282,2,2
659,283,2,2
659,284,2,2
659,285,2,2
659,286,2,2
659,287,2,2
659,288,2,2
659,289,2,2
659,290,2,2
659,291,2,2
659,292,2,2
659,293,2,2
659,294,2,2
659,295,2,2
659,296,2,2
659,297,2,2
659,298,2,2
659,299,2,2
659,300,2,2
659,301,2,2
659,302,2,2
659,303,2,2
659,304,2,2
659,305,2,2
659,306,2,2
659,307,2,2
659,308,2,2
659,309,2,2
659,310,2,2
659,311,2,2
659,312,2,2
659,313,2,2
659,314,2,2
659,315,2,2
659,316,2,2
659,317,2,2
659,318,2,2
659,319,2,2
659,320,2,2
659,321,2,2
659,322,2,2
659,323,2,2
659,324,2,2
659,325,2,2
659,326,2,2
659,327,2,2
659,328,2,2
659,329,2,2
659,330,2,2
659,331,2,2
659,332,2,2
659,333,2,2
659,334,2,2
659,335,2,2
659,336,2,2
659,337,2,2
659,338,2,2
659,339,2,2
659,340,2,2
659,341,2,2
659,342,2,2
659,343,2,2
659,344,2,2
659,345,2,2
659,346,2,2
659,347,2,2
659,348,2,2
659,349,2,2
659,350,2,2
659,351,2,2
659,352,2,2
659,353,2,2
659,354,2,2
659,355,2,2
659,356,2,2
659,357,2,2
659,358,2,2
659,359,2,2
659,360,2,2
659,361,2,2
659,362,2,2
659,363,2,2
659,364,2,2
659,365,2,2
659,366,2,2
659,367,2,2
659,368,2,2
659,369,2,2
659,370,2,2
659,371,2,2
659,372,2,2
659,373,2,2
659,374,2,2
659,375,2,2
659,376,2,2
659,377,2,2
659,378,2,2
659,379,2,2
659,380,2,2
660,62,2,2
660,63,2,2
660,64,2,2
660,65,2,2
660,66,2,2
660,67,2,2
660,68,2,2
660,69,2,2
660,70,2,2
660,71,2,2
660,72,2,2
660,73,2,2
660,74,2,2
660,75,2,2
660,76,2,2
660,77,2,2
660,78,2,2
660,79,2,2
660,80,2,2
660,81,2,2
660,82,2,2
660,83,2,2
660,84,2,2
660,85,2,2
660,86,2,2
660,87,2,2
660,88,2,2
660,89,2,2
660,90,2,2
660,91,2,2
660,92,2,2
660,93,2,2
660,94,2,2
660,95,2,2
660,96,2,2
660,97,2,2
660,98,2,2
660,99,2,2
660,100,2,2
660,101,2,2
660,102,2,2
660,103,2,2
660,104,2,2
660,105,2,2
660,106,2,2
660,107,2,2
660,108,2,2
660,109,2,2
660,110,2,2
660,111,2,2
660,112,2,2
660,113,2,2
660,114,2,2
660,115,2,2
660,116,2,2
660,117,2,2
660,118,2,2
660,119,2,2
660,120,2,2
660,121,2,2
660,122,2,2
660,123,2,2
660,124,2,2
660,125,2,2
660,126,2,2
660,127,2,2
660,128,2,2
660,129,2,2
660,130,2,2
660,131,2,2
660,132,2,2
660,133,2,2
660,134,2,2
660,135,2,2
660,136,2,2
660,137,2,2
660,138,2,2
660,139,2,2
660,140,2,2
660,141,2,2
660,142,2,2
660,143,2,2
660,144,2,2
660,145,2,2
660,146,2,2
660,147,2,2
660,148,2,2
660,149,2,2
660,150,2,2
660,151,2,2
660,152,2,2
660,153,2,2
660,154,2,2
660,155,2,2
660,156,2,2
660,157,2,2
660,158,2,2
660,159,2,2
660,160,2,2
660,161,2,2
660,162,2,2
660,163,2,2
660,164,2,2
660,165,2,2
660,166,2,2
660,167,2,2
660,168,2,2
660,169,2,2
660,170,2,2
660,171,2,2
660,172,2,2
660,173,2,2
660,174,2,2
660,175,2,2
660,176,2,2
660,177,2,2
660,178,2,2
660,179,2,2
660,180,2,2
660,181,2,2
660,182,2,2
660,183,2,2
660,184,2,2
660,185,2,2
660,186,2,2
660,187,2,2
660,188,2,2
660,189,2,2
660,190,2,2
660,191,2,2
660,192,2,2
660,193,2,2
660,194,2,2
660,195,2,2
660,196,2,2
660,197,2,2
660,198,2,2
660,199,2,2
660,200,2,2
660,201,2,3
660,202,2,3
660,203,2,3
660,204,2,3
660,205,2,3
660,206,2,3
660,207,2,3
660,208,2,3
660,209,2,3
660,210,2,3
660,211,2,3
660,212,2,3
660,213,2,2
660,214,2,2
660,215,2,2
660,216,2,2
660,217,2,2
660,218,2,2
660,219,2,2
660,220,2,2
660,221,2,2
660,222,2,2
660,223,2,2
660,224,2,2
660,225,2,2
660,226,2,2
660,227,2,2
660,228,2,2
660,229,2,2
660,230,2,2
660,231,2,2
660,232,2,2
660,233,2,2
660,234,2,2
660,235,2,2
660,236,2,2
660,237,2,2
660,238,2,2
660,239,2,2
660,240,2,2
660,241,2,2
660,242,2,2
660,243,2,2
660,244,2,2
660,245,2,2
660,246,2,2
660,247,2,2
660,248,2,2
660,249,2,2
660,250,2,2
660,251,2,2
660,252,2,2
660,253,2,2
660,254,2,2
660,255,2,2
660,256,2,2
660,257,2,2
660,258,2,2
660,259,2,2
660,260,2,2
660,261,2,2
660,262,2,2
660,263,2,2
660,264,2,2
660,265,2,2
660,266,2,2
660,267,2,2
660,268,2,2
660,269,2,2
660,270,2,2
660,271,2,2
660,272,2,2
660,273,2,2
660,274,2,2
660,275,2,2
660,276,2,2
660,277,2,2
660,278,2,2
660,279,2,2
660,280,2,2
660,281,2,2
660,282,2,2
660,283,2,2
660,284,2,2
660,285,2,2
660,286,2,2
660,287,2,2
660,288,2,2
660,289,2,2
660,290,2,2
660,291,2,2
660,292,2,2
660,293,2,2
660,294,2,2
660,295,2,2
660,296,2,2
660,297,2,2
660,298,2,2
660,299,2,2
660,300,2,2
660,301,2,2
660,302,2,2
660,303,2,2
660,304,2,2
660,305,2,2
660,306,2,2
660,307,2,2
660,308,2,2
660,309,2,2
660,310,2,2
660,311,2,2
660,312,2,2
660,313,2,2
660,314,2,2
660,315,2,2
660,316,2,2
660,317,2,2
660,318,2,2
660,319,2,2
660,320,2,2
660,321,2,2
660,322,2,2
660,323,2,2
660,324,2,2
660,325,2,2
660,326,2,2
660,327,2,2
660,328,2,2
660,329,2,2
660,330,2,2
660,331,2,2
660,332,2,2
660,333,2,2
660,334,2,2
660,335,2,2
660,336,2,2
660,337,2,2
660,338,2,2
660,339,2,2
660,340,2,2
660,341,2,2
660,342,2,2
660,343,2,2
660,344,2,2
660,345,2,2
660,346,2,2
660,347,2,2
660,348,2,2
660,349,2,2
660,350,2,2
660,351,2,2
660,352,2,2
660,353,2,2
660,354,2,2
660,355,2,2
660,356,2,2
660,357,2,2
660,358,2,2
660,359,2,2
660,360,2,2
660,361,2,2
660,362,2,2
660,363,2,2
660,364,2,2
660,365,2,2
660,366,2,2
660,367,2,2
660,368,2,2
660,369,2,2
660,370,2,2
660,371,2,2
660,372,2,2
660,373,2,2
660,374,2,2
660,375,2,2
660,376,2,2
660,377,2,2
660,378,2,2
660,379,2,2
660,380,2,2
660,381,2,3
661,61,2,2
661,62,2,2
661,63,2,2
661,64,2,2
661,65,2,2
661,66,2,2
661,67,2,2
661,68,2,2
661,69,2,2
661,70,2,2
661,71,2,2
661,72,2,2
661,73,2,2
661,74,2,2
661,75,2,2
661,76,2,2
661,77,2,2
661,78,2,2
661,79,2,2
661,80,2,2
661,81,2,2
661,82,2,2
661,83,2,2
661,84,2,2
661,85,2,2
661,86,2,2
661,87,2,2
661,88,2,2
661,89,2,2
661,90,2,2
661,91,2,2
661,92,2,2
661,93,2,2
661,94,2,2
661,95,2,2
661,96,2,2
661,97,2,2
661,98,2,2
661,99,2,2
661,100,2,2
661,101,2,2
661,102,2,2
661,103,2,2
661,104,2,2
661,105,2,2
661,106,2,2
661,107,2,2
661,108,2,2
661,109,2,2
661,110,2,2
661,111,2,2
661,112,2,2
661,113,2,2
661,114,2,2
661,115,2,2
661,116,2,2
661,117,2,2
661,118,2,2
661,119,2,2
661,120,2,2
661,121,2,2
661,122,2,2
661,123,2,2
661,124,2,2
661,125,2,2
661,126,2,2
661,127,2,2
661,128,2,2
661,129,2,2
661,130,2,2
661,131,2,2
661,132,2,2
661,133,2,2
661,134,2,2
661,135,2,2
661,136,2,2
661,137,2,2
661,138,2,2
661,139,2,2
661,140,2,2
661,141,2,2
661,142,2,2
661,143,2,2
661,144,2,2
661,145,2,2
661,146,2,2
661,147,2,2
661,148,2,2
661,149,2,2
661,150,2,2
661,151,2,2
661,152,2,2
661,153,2,2
661,154,2,2
661,155,2,2
661,156,2,2
661,157,2,2
661,158,2,2
661,159,2,2
661,160,2,2
661,161,2,2
661,162,2,2
661,163,2,2
661,164,2,2
661,165,2,2
661,166,2,2
661,167,2,2
661,168,2,2
661,169,2,2
661,170,2,2
661,171,2,2
661,172,2,2
661,173,2,2
661,174,2,2
661,175,2,2
661,176,2,2
661,177,2,2
661,178,2,2
661,179,2,2
661,180,2,2
661,181,2,2
661,182,2,2
661,183,2,2
661,184,2,2
661,185,2,2
661,186,2,2
661,187,2,2
661,188,2,2
661,189,2,2
661,190,2,2
661,191,2,2
661,192,2,2
661,193,2,2
661,194,2,2
661,195,2,2
661,196,2,2
661,197,2,2
661,198,2,2
661,199,2,2
661,200,2,2
661,201,2,3
661,202,2,3
661,203,2,3
661,204,2,3
661,205,2,3
661,206,2,3
661,207,2,3
661,208,2,3
661,209,2,3
661,210,2,3
661,211,2,3
661,212,2,3
661,213,2,3
661,214,2,2
661,215,2,2
661,216,2,2
661,217,2,2
661,218,2,2
661,219,2,2
661,220,2,2
661,221,2,2
661,222,2,2
661,223,2,2
661,224,2,2
661,225,2,2
661,226,2,2
661,227,2,2
661,228,2,2
661,229,2,2
661,230,2,2
661,231,2,2
661,232,2,2
661,233,2,2
661,234,2,2
661,235,2,2
661,236,2,2
661,237,2,2
661,238,2,2
661,239,2,2
661,240,2,2
661,241,2,2
661,242,2,2
661,243,2,2
661,244,2,2
661,245,2,2
661,246,2,2
661,247,2,2
661,248,2,2
661,249,2,2
661,250,2,2
661,251,2,2
661,252,2,2
661,253,2,2
661,254,2,2
661,255,2,2
661,256,2,2
661,257,2,2
661,258,2,2
661,259,2,2
661,260,2,2
661,261,2,2
661,262,2,2
661,263,2,2
661,264,2,2
661,265,2,2
661,266,2,2
661,267,2,2
661,268,2,2
661,269,2,2
661,270,2,2
661,271,2,2
661,272,2,2
661,273,2,2
661,274,2,2
661,275,2,2
661,276,2,2
661,277,2,2
661,278,2,2
661,279,2,2
661,280,2,2
661,281,2,2
661,282,2,2
661,283,2,2
661,284,2,2
661,285,2,2
661,286,2,2
661,287,2,2
661,288,2,2
661,289,2,2
661,290,2,2
661,291,2,2
661,292,2,2
661,293,2,2
661,294,2,2
661,295,2,2
661,296,2,2
661,297,2,2
661,298,2,2
661,299,2,2
661,300,2,2
661,301,2,2
661,302,2,2
661,303,2,2
661,304,2,2
661,305,2,2
661,306,2,2
661,307,2,2
661,308,2,2
661,309,2,2
661,310,2,2
661,311,2,2
661,312,2,2
661,313,2,2
661,314,2,2
661,315,2,2
661,316,2,2
661,317,2,2
661,318,2,2
661,319,2,2
661,320,2,2
661,321,2,2
661,322,2,2
661,323,2,2
661,324,2,2
661,325,2,2
661,326,2,2
661,327,2,2
661,328,2,2
661,329,2,2
661,330,2,2
661,331,2,2
661,332,2,2
661,333,2,2
661,334,2,2
661,335,2,2
661,336,2,2
661,337,2,2
661,338,2,2
661,339,2,2
661,340,2,2
661,341,2,2
661,342,2,2
661,343,2,2
661,344,2,2
661,345,2,2
661,346,2,2
661,347,2,2
661,348,2,2
661,349,2,2
661,350,2,2
661,351,2,2
661,352,2,2
661,353,2,2
661,354,2,2
661,355,2,2
661,356,2,2
661,357,2,2
661,358,2,2
661,359,2,2
661,360,2,2
661,361,2,2
661,362,2,2
661,363,2,2
661,364,2,2
661,365,2,2
661,366,2,2
661,367,2,2
661,368,2,2
661,369,2,2
661,370,2,2
661,371,2,2
661,372,2,2
661,373,2,2
661,374,2,2
661,375,2,2
661,376,2,2
661,377,2,2
661,378,2,2
661,379,2,2
661,380,2,2
661,381,2,2
661,382,2,3
662,60,2,3
662,61,2,2
662,62,2,2
662,63,2,2
662,64,2,2
662,65,2,2
662,66,2,2
662,67,2,2
662,68,2,2
662,69,2,2
662,70,2,2
662,71,2,2
662,72,2,2
662,73,2,2
662,74,2,2
662,75,2,2
662,76,2,2
662,77,2,2
662,78,2,2
662,79,2,2
662,80,2,2
662,81,2,2
662,82,2,2
662,83,2,2
662,84,2,2
662,85,2,2
662,86,2,2
662,87,2,2
662,88,2,2
662,89,2,2
662,90,2,2
662,91,2,2
662,92,2,2
662,93,2,2
662,94,2,2
662,95,2,2
662,96,2,2
662,97,2,2
662,98,2,2
662,99,2,2
662,100,2,2
662,101,2,2
662,102,2,2
662,103,2,2
662,104,2,2
662,105,2,2
662,106,2,2
662,107,2,2
662,108,2,2
662,109,2,2
662,110,2,2
662,111,2,2
662,112,2,2
662,113,2,2
662,114,2,2
662,115,2,2
662,116,2,2
662,117,2,2
662,118,2,2
662,119,2,2
662,120,2,2
662,121,2,2
662,122,2,2
662,123,2,2
662,124,2,2
662,125,2,2
662,126,2,2
662,127,2,2
662,128,2,2
662,129,2,2
662,130,2,2
662,131,2,2
662,132,2,2
662,133,2,2
662,134,2,2
662,135,2,2
662,136,2,2
662,137,2,2
662,138,2,2
662,139,2,2
662,140,2,2
662,141,2,2
662,142,2,2
662,143,2,2
662,144,2,2
662,145,2,2
662,146,2,2
662,147,2,2
662,148,2,2
662,149,2,2
662,150,2,2
662,151,2,2
662,152,2,2
662,153,2,2
662,154,2,2
662,155,2,2
662,156,2,2
662,157,2,2
662,158,2,2
662,159,2,2
662,160,2,2
662,161,2,2
662,162,2,2
662,163,2,2
662,164,2,2
662,165,2,2
662,166,2,2
662,167,2,2
662,168,2,2
662,169,2,2
662,170,2,2
662,171,2,2
662,172,2,2
662,173,2,2
662,174,2,2
662,175,2,2
662,176,2,2
662,177,2,2
662,178,2,2
662,179,2,2
662,180,2,2
662,181,2,2
662,182,2,2
662,183,2,2
662,184,2,2
662,185,2,2
662,186,2,2
662,187,2,2
662,188,2,2
662,189,2,2
662,190,2,2
662,191,2,2
662,192,2,2
662,193,2,2
662,194,2,2
662,195,2,2
662,196,2,2
662,197,2,2
662,198,2,2
662,199,2,2
662,200,2,2
662,201,2,3
662,202,2,3
662,203,2,3
662,204,2,3
662,205,2,3
662,206,2,3
662,207,2,3
662,208,2,3
662,209,2,3
662,210,2,3
662,211,2,3
662,212,2,3
662,213,2,3
662,214,2,3
662,215,2,3
662,216,2,2
662,217,2,2
662,218,2,2
662,219,2,2
662,220,2,2
662,221,2,2
662,222,2,2
662,223,2,2
662,224,2,2
662,225,2,2
662,226,2,2
662,227,2,2
662,228,2,2
662,229,2,2
662,230,2,2
662,231,2,2
662,232,2,2
662,233,2,2
662,234,2,2
662,235,2,2
662,236,2,2
662,237,2,2
662,238,2,2
662,239,2,2
662,240,2,2
662,241,2,2
662,242,2,2
662,243,2,2
662,244,2,2
662,245,2,2
662,246,2,2
662,247,2,2
662,248,2,2
662,249,2,2
662,250,2,2
662,251,2,2
662,252,2,2
662,253,2,2
662,254,2,2
662,255,2,2
662,256,2,2
662,257,2,2
662,258,2,2
662,259,2,2
662,260,2,2
662,261,2,2
662,262,2,2
662,263,2,2
662,264,2,2
662,265,2,2
662,266,2,2
662,267,2,2
662,268,2,2
662,269,2,2
662,270,2,2
662,271,2,2
662,272,2,2
662,273,2,2
662,274,2,2
662,275,2,2
662,276,2,2
662,277,2,2
662,278,2,2
662,279,2,2
662,280,2,2
662,281,2,2
662,282,2,2
662,283,2,2
662,284,2,2
662,285,2,2
662,286,2,2
662,287,2,2
662,288,2,2
662,289,2,2
662,290,2,2
662,291,2,2
662,292,2,2
662,293,2,2
662,294,2,2
662,295,2,2
662,296,2,2
662,297,2,2
662,298,2,2
662,299,2,2
662,300,2,2
662,301,2,2
662,302,2,2
662,303,2,2
662,304,2,2
662,305,2,2
662,306,2,2
662,307,2,2
662,308,2,2
662,309,2,2
662,310,2,2
662,311,2,2
662,312,2,2
662,313,2,2
662,314,2,2
662,315,2,2
662,316,2,2
662,317,2,2
662,318,2,2
662,319,2,2
662,320,2,2
662,321,2,2
662,322,2,2
662,323,2,2
662,324,2,2
662,325,2,2
662,326,2,2
662,327,2,2
662,328,2,2
662,329,2,2
662,330,2,2
662,331,2,2
662,332,2,2
662,333,2,2
662,334,2,2
662,335,2,2
662,336,2,2
662,337,2,2
662,338,2,2
662,339,2,2
662,340,2,2
662,341,2,2
662,342,2,2
662,343,2,2
662,344,2,2
662,345,2,2
662,346,2,2
662,347,2,2
662,348,2,2
662,349,2,2
662,350,2,2
662,351,2,2
662,352,2,2
662,353,2,2
662,354,2,2
662,355,2,2
662,356,2,2
662,357,2,2
662,358,2,2
662,359,2,2
662,360,2,2
662,361,2,2
662,362,2,2
662,363,2,2
662,364,2,2
662,365,2,2
662,366,2,2
662,367,2,2
662,368,2,2
662,369,2,2
662,370,2,2
662,371,2,2
662,372,2,2
662,373,2,2
662,374,2,2
662,375,2,2
662,376,2,2
662,377,2,2
662,378,2,2
662,379,2,2
662,380,2,2
662,381,2,2
662,382,2,2
662,383,2,3
663,60,2,3
663,61,2,2
663,62,2,2
663,63,2,2
663,64,2,2
663,65,2,2
663,66,2,2
663,67,2,2
663,68,2,2
663,69,2,2
663,70,2,2
663,71,2,2
663,72,2,2
663,73,2,2
663,74,2,2
663,75,2,2
663,76,2,2
663,77,2,2
663,78,2,2
663,79,2,2
663,80,2,2
663,81,2,2
663,82,2,2
663,83,2,2
663,84,2,2
663,85,2,2
663,86,2,2
663,87,2,2
663,88,2,2
663,89,2,2
663,90,2,2
663,91,2,2
663,92,2,2
663,93,2,2
663,94,2,2
663,95,2,2
663,96,2,2
663,97,2,2
663,98,2,2
663,99,2,2
663,100,2,2
663,101,2,2
663,102,2,2
663,103,2,2
663,104,2,2
663,105,2,2
663,106,2,2
663,107,2,2
663,108,2,2
663,109,2,2
663,110,2,2
663,111,2,2
663,112,2,2
663,113,2,2
663,114,2,2
663,115,2,2
663,116,2,2
663,117,2,2
663,118,2,2
663,119,2,2
663,120,2,2
663,121,2,2
663,122,2,2
663,123,2,2
663,124,2,2
663,125,2,2
663,126,2,2
663,127,2,2
663,128,2,2
663,129,2,2
663,130,2,2
663,131,2,2
663,132,2,2
663,133,2,2
663,134,2,2
663,135,2,2
663,136,2,2
663,137,2,2
663,138,2,2
663,139,2,2
663,140,2,2
663,141,2,2
663,142,2,2
663,143,2,2
663,144,2,2
663,145,2,2
663,146,2,2
663,147,2,2
663,148,2,2
663,149,2,2
663,150,2,2
663,151,2,2
663,152,2,2
663,153,2,2
663,154,2,2
663,155,2,2
663,156,2,2
663,157,2,2
663,158,2,2
663,159,2,2
663,160,2,2
663,161,2,2
663,162,2,2
663,163,2,2
663,164,2,2
663,165,2,2
663,166,2,2
663,167,2,2
663,168,2,2
663,169,2,2
663,170,2,2
663,171,2,2
663,172,2,2
663,173,2,2
663,174,2,2
663,175,2,2
663,176,2,2
663,177,2,2
663,178,2,2
663,179,2,2
663,180,2,2
663,181,2,2
663,182,2,2
663,183,2,2
663,184,2,2
663,185,2,2
663,186,2,2
663,187,2,2
663,188,2,2
663,189,2,2
663,190,2,2
663,191,2,2
663,192,2,2
663,193,2,2
663,194,2,2
663,195,2,2
663,196,2,2
663,197,2,2
663,198,2,2
663,199,2,2
663,200,2,2
663,201,2,3
663,202,2,3
663,203,2,3
663,204,2,3
663,205,2,3
663,206,2,3
663,207,2,3
663,208,2,3
663,209,2,3
663,210,2,3
663,211,2,3
663,212,2,3
663,213,2,3
663,214,2,3
663,215,2,3
663,216,2,3
663,217,2,2
663,218,2,2
663,219,2,2
663,220,2,2
663,221,2,2
663,222,2,2
663,223,2,2
663,224,2,2
663,225,2,2
663,226,2,2
663,227,2,2
663,228,2,2
663,229,2,2
663,230,2,2
663,231,2,2
663,232,2,2
663,233,2,2
663,234,2,2
663,235,2,2
663,236,2,2
663,237,2,2
663,238,2,2
663,239,2,2
663,240,2,2
663,241,2,2
663,242,2,2
663,243,2,2
663,244,2,2
663,245,2,2
663,246,2,2
663,247,2,2
663,248,2,2
663,249,2,2
663,250,2,2
663,251,2,2
663,252,2,2
663,253,2,2
663,254,2,2
663,255,2,2
663,256,2,2
663,257,2,2
663,258,2,2
663,259,2,2
663,260,2,2
663,261,2,2
663,262,2,2
663,263,2,2
663,264,2,2
663,265,2,2
663,266,2,2
663,267,2,2
663,268,2,2
663,269,2,2
663,270,2,2
663,271,2,2
663,272,2,2
663,273,2,2
663,274,2,2
663,275,2,2
663,276,2,2
663,277,2,2
663,278,2,2
663,279,2,2
663,280,2,2
663,281,2,2
663,282,2,2
663,283,2,2
663,284,2,2
663,285,2,2
663,286,2,2
663,287,2,2
663,288,2,2
663,289,2,2
663,290,2,2
663,291,2,2
663,292,2,2
663,293,2,2
663,294,2,2
663,295,2,2
663,296,2,2
663,297,2,2
663,298,2,2
663,299,2,2
663,300,2,2
663,301,2,2
663,302,2,2
663,303,2,2
663,304,2,2
663,305,2,2
663,306,2,2
663,307,2,2
663,308,2,2
663,309,2,2
663,310,2,2
663,311,2,2
663,312,2,2
663,313,2,2
663,314,2,2
663,315,2,2
663,316,2,2
663,317,2,2
663,318,2,2
663,319,2,2
663,320,2,2
663,321,2,2
663,322,2,2
663,323,2,2
663,324,2,2
663,325,2,2
663,326,2,2
663,327,2,2
663,328,2,2
663,329,2,2
663,330,2,2
663,331,2,2
663,332,2,2
663,333,2,2
663,334,2,2
663,335,2,2
663,336,2,2
663,337,2,2
663,338,2,2
663,339,2,2
663,340,2,2
663,341,2,2
663,342,2,2
663,343,2,2
663,344,2,2
663,345,2,2
663,346,2,2
663,347,2,2
663,348,2,2
663,349,2,2
663,350,2,2
663,351,2,2
663,352,2,2
663,353,2,2
663,354,2,2
663,355,2,2
663,356,2,2
663,357,2,2
663,358,2,2
663,359,2,2
663,360,2,2
663,361,2,2
663,362,2,2
663,363,2,2
663,364,2,2
663,365,2,2
663,366,2,2
663,367,2,2
663,368,2,2
663,369,2,2
663,370,2,2
663,371,2,2
663,372,2,2
663,373,2,2
663,374,2,2
663,375,2,2
663,376,2,2
663,377,2,2
663,378,2,2
663,379,2,2
663,380,2,2
663,381,2,2
663,382,2,2
663,383,2,2
663,384,2,3
663,385,2,2
664,59,2,3
664,60,2,3
664,61,2,2
664,62,2,2
664,63,2,2
664,64,2,2
664,65,2,2
664,66,2,2
664,67,2,2
664,68,2,2
664,69,2,2
664,70,2,2
664,71,2,2
664,72,2,2
664,73,2,2
664,74,2,2
664,75,2,2
664,76,2,2
664,77,2,2
664,78,2,2
664,79,2,2
664,80,2,2
664,81,2,2
664,82,2,2
664,83,2,2
664,84,2,2
664,85,2,2
664,86,2,2
664,87,2,2
664,88,2,2
664,89,2,2
664,90,2,2
664,91,2,2
664,92,2,2
664,93,2,2
664,94,2,2
664,95,2,2
664,96,2,2
664,97,2,2
664,98,2,2
664,99,2,2
664,100,2,2
664,101,2,2
664,102,2,2
664,103,2,2
664,104,2,2
664,105,2,2
664,106,2,2
664,107,2,2
664,108,2,2
664,109,2,2
664,110,2,2
664,111,2,2
664,112,2,2
664,113,2,2
664,114,2,2
664,115,2,2
664,116,2,2
664,117,2,2
664,118,2,2
664,119,2,2
664,120,2,2
664,121,2,2
664,122,2,2
664,123,2,2
664,124,2,2
664,125,2,2
664,126,2,2
664,127,2,2
664,128,2,2
664,129,2,2
664,130,2,2
664,131,2,2
664,132,2,2
664,133,2,2
664,134,2,2
664,135,2,2
664,136,2,2
664,137,2,2
664,138,2,2
664,139,2,2
664,140,2,2
664,141,2,2
664,142,2,2
664,143,2,2
664,144,2,2
664,145,2,2
664,146,2,2
664,147,2,2
664,148,2,2
664,149,2,2
664,150,2,2
664,151,2,2
664,152,2,2
664,153,2,2
664,154,2,2
664,155,2,2
664,156,2,2
664,157,2,2
664,158,2,2
664,159,2,2
664,160,2,2
664,161,2,2
664,162,2,2
664,163,2,2
664,164,2,2
664,165,2,2
664,166,2,2
664,167,2,2
664,168,2,2
664,169,2,2
664,170,2,2
664,171,2,2
664,172,2,2
664,173,2,2
664,174,2,2
664,175,2,2
664,176,2,2
664,177,2,2
664,178,2,2
664,179,2,2
664,180,2,2
664,181,2,2
664,182,2,2
664,183,2,2
664,184,2,2
664,185,2,2
664,186,2,2
664,187,2,2
664,188,2,2
664,189,2,2
664,190,2,2
664,191,2,2
664,192,2,2
664,193,2,2
664,194,2,2
664,195,2,2
664,196,2,2
664,197,2,2
664,198,2,2
664,199,2,2
664,200,2,2
664,201,2,3
664,202,2,3
664,203,2,3
664,204,2,3
664,205,2,3
664,206,2,3
664,207,2,3
664,208,2,3
664,209,2,3
664,210,2,3
664,211,2,3
664,212,2,3
664,213,2,3
664,214,2,3
664,215,2,3
664,216,2,3
664,217,2,2
664,218,2,2
664,219,2,2
664,220,2,2
664,221,2,2
664,222,2,2
664,223,2,2
664,224,2,2
664,225,2,2
664,226,2,2
664,227,2,2
664,228,2,2
664,229,2,2
664,230,2,2
664,231,2,2
664,232,2,2
664,233,2,2
664,234,2,2
664,235,2,2
664,236,2,2
664,237,2,2
664,238,2,2
664,239,2,2
664,240,2,2
664,241,2,2
664,242,2,2
664,243,2,2
664,244,2,2
664,245,2,2
664,246,2,2
664,247,2,2
664,248,2,2
664,249,2,2
664,250,2,2
664,251,2,2
664,252,2,2
664,253,2,2
664,254,2,2
664,255,2,2
664,256,2,2
664,257,2,2
664,258,2,2
664,259,2,2
664,260,2,2
664,261,2,2
664,262,2,2
664,263,2,2
664,264,2,2
664,265,2,2
664,266,2,2
664,267,2,2
664,268,2,2
664,269,2,2
664,270,2,2
664,271,2,2
664,272,2,2
664,273,2,2
664,274,2,2
664,275,2,2
664,276,2,2
664,277,2,2
664,278,2,2
664,279,2,2
664,280,2,2
664,281,2,2
664,282,2,2
664,283,2,2
664,284,2,2
664,285,2,2
664,286,2,2
664,287,2,2
664,288,2,2
664,289,2,2
664,290,2,2
664,291,2,2
664,292,2,2
664,293,2,2
664,294,2,2
664,295,2,2
664,296,2,2
664,297,2,2
664,298,2,2
664,299,2,2
664,300,2,2
664,301,2,2
664,302,2,2
664,303,2,2
664,304,2,2
664,305,2,2
664,306,2,2
664,307,2,2
664,308,2,2
664,309,2,2
664,310,2,2
664,311,2,2
664,312,2,2
664,313,2,2
664,314,2,2
664,315,2,2
664,316,2,2
664,317,2,2
664,318,2,2
664,319,2,2
664,320,2,2
664,321,2,2
664,322,2,2
664,323,2,2
664,324,2,2
664,325,2,2
664,326,2,2
664,327,2,2
664,328,2,2
664,329,2,2
664,330,2,2
664,331,2,2
664,332,2,2
664,333,2,2
664,334,2,2
664,335,2,2
664,336,2,2
664,337,2,2
664,338,2,2
664,339,2,2
664,340,2,2
664,341,2,2
664,342,2,2
664,343,2,2
664,344,2,2
664,345,2,2
664,346,2,2
664,347,2,2
664,348,2,2
664,349,2,2
664,350,2,2
664,351,2,2
664,352,2,2
664,353,2,2
664,354,2,2
664,355,2,2
664,356,2,2
664,357,2,2
664,358,2,2
664,359,2,2
664,360,2,2
664,361,2,2
664,362,2,2
664,363,2,2
664,364,2,2
664,365,2,2
664,366,2,2
664,367,2,2
664,368,2,2
664,369,2,2
664,370,2,2
664,371,2,2
664,372,2,2
664,373,2,2
664,374,2,2
664,375,2,2
664,376,2,2
664,377,2,2
664,378,2,2
664,379,2,2
664,380,2,2
664,381,2,2
664,382,2,2
664,383,2,2
664,384,2,3
664,385,2,3
665,59,2,3
665,60,2,2
665,61,2,2
665,62,2,2
665,63,2,2
665,64,2,2
665,65,2,2
665,66,2,2
665,67,2,2
665,68,2,2
665,69,2,2
665,70,2,2
665,71,2,2
665,72,2,2
665,73,2,2
665,74,2,2
665,75,2,2
665,76,2,2
665,77,2,2
665,78,2,2
665,79,2,2
665,80,2,2
665,81,2,2
665,82,2,2
665,83,2,2
665,84,2,2
665,85,2,2
665,86,2,2
665,87,2,2
665,88,2,2
665,89,2,2
665,90,2,2
665,91,2,2
665,92,2,2
665,93,2,2
665,94,2,2
665,95,2,2
665,96,2,2
665,97,2,2
665,98,2,2
665,99,2,2
665,100,2,2
665,101,2,2
665,102,2,2
665,103,2,2
665,104,2,2
665,105,2,2
665,106,2,2
665,107,2,2
665,108,2,2
665,109,2,2
665,110,2,2
665,111,2,2
665,112,2,2
665,113,2,2
665,114,2,2
665,115,2,2
665,116,2,2
665,117,2,2
665,118,2,2
665,119,2,2
665,120,2,2
665,121,2,2
665,122,2,2
665,123,2,2
665,124,2,2
665,125,2,2
665,126,2,2
665,127,2,2
665,128,2,2
665,129,2,2
665,130,2,2
665,131,2,2
665,132,2,2
665,133,2,2
665,134,2,2
665,135,2,2
665,136,2,2
665,137,2,2
665,138,2,2
665,139,2,2
665,140,2,2
665,141,2,2
665,142,2,2
665,143,2,2
665,144,2,2
665,145,2,2
665,146,2,2
665,147,2,2
665,148,2,2
665,149,2,2
665,150,2,2
665,151,2,2
665,152,2,2
665,153,2,2
665,154,2,2
665,155,2,2
665,156,2,2
665,157,2,2
665,158,2,2
665,159,2,2
665,160,2,2
665,161,2,2
665,162,2,2
665,163,2,2
665,164,2,2
665,165,2,2
665,166,2,2
665,167,2,2
665,168,2,2
665,169,2,2
665,170,2,2
665,171,2,2
665,172,2,2
665,173,2,2
665,174,2,2
665,175,2,2
665,176,2,2
665,177,2,2
665,178,2,2
665,179,2,2
665,180,2,2
665,181,2,2
665,182,2,2
665,183,2,2
665,184,2,2
665,185,2,2
665,186,2,2
665,187,2,2
665,188,2,2
665,189,2,2
665,190,2,2
665,191,2,2
665,192,2,2
665,193,2,2
665,194,2,2
665,195,2,2
665,196,2,2
665,197,2,2
665,198,2,2
665,199,2,2
665,200,2,2
665,201,2,3
665,202,2,3
665,203,2,3
665,204,2,3
665,205,2,3
665,206,2,3
665,207,2,3
665,208,2,3
665,209,2,3
665,210,2,3
665,211,2,3
665,212,2,3
665,213,2,3
665,214,2,3
665,215,2,3
665,216,2,3
665,217,2,3
665,218,2,3
665,219,2,2
665,220,2,2
665,221,2,2
665,222,2,2
665,223,2,2
665,224,2,2
665,225,2,2
665,226,2,2
665,227,2,2
665,228,2,2
665,229,2,2
665,230,2,2
665,231,2,2
665,232,2,2
665,233,2,2
665,234,2,2
665,235,2,2
665,236,2,2
665,237,2,2
665,238,2,2
665,239,2,2
665,240,2,2
665,241,2,2
665,242,2,2
665,243,2,2
665,244,2,2
665,245,2,2
665,246,2,2
665,247,2,2
665,248,2,2
665,249,2,2
665,250,2,2
665,251,2,2
665,252,2,2
665,253,2,2
665,254,2,2
665,255,2,2
665,256,2,2
665,257,2,2
665,258,2,2
665,259,2,2
665,260,2,2
665,261,2,2
665,262,2,2
665,263,2,2
665,264,2,2
665,265,2,2
665,266,2,2
665,267,2,2
665,268,2,2
665,269,2,2
665,270,2,2
665,271,2,2
665,272,2,2
665,273,2,2
665,274,2,2
665,275,2,2
665,276,2,2
665,277,2,2
665,278,2,2
665,279,2,2
665,280,2,2
665,281,2,2
665,282,2,2
665,283,2,2
665,284,2,2
665,285,2,2
665,286,2,2
665,287,2,2
665,288,2,2
665,289,2,2
665,290,2,2
665,291,2,2
665,292,2,2
665,293,2,2
665,294,2,2
665,295,2,2
665,296,2,2
665,297,2,2
665,298,2,2
665,299,2,2
665,300,2,2
665,301,2,2
665,302,2,2
665,303,2,2
665,304,2,2
665,305,2,2
665,306,2,2
665,307,2,2
665,308,2,2
665,309,2,2
665,310,2,2
665,311,2,2
665,312,2,2
665,313,2,2
665,314,2,2
665,315,2,2
665,316,2,2
665,317,2,2
665,318,2,2
665,319,2,2
665,320,2,2
665,321,2,2
665,322,2,2
665,323,2,2
665,324,2,2
665,325,2,2
665,326,2,2
665,327,2,2
665,328,2,2
665,329,2,2
665,330,2,2
665,331,2,2
665,332,2,2
665,333,2,2
665,334,2,2
665,335,2,2
665,336,2,2
665,337,2,2
665,338,2,2
665,339,2,2
665,340,2,2
665,341,2,2
665,342,2,2
665,343,2,2
665,344,2,2
665,345,2,2
665,346,2,2
665,347,2,2
665,348,2,2
665,349,2,2
665,350,2,2
665,351,2,2
665,352,2,2
665,353,2,2
665,354,2,2
665,355,2,2
665,356,2,2
665,357,2,2
665,358,2,2
665,359,2,2
665,360,2,2
665,361,2,2
665,362,2,2
665,363,2,2
665,364,2,2
665,365,2,2
665,366,2,2
665,367,2,2
665,368,2,2
665,369,2,2
665,370,2,2
665,371,2,2
665,372,2,2
665,373,2,2
665,374,2,2
665,375,2,2
665,376,2,2
665,377,2,2
665,378,2,2
665,379,2,2
665,380,2,2
665,381,2,2
665,382,2,2
665,383,2,2
665,384,2,2
665,385,2,3
665,386,2,3
666,58,2,3
666,59,2,2
666,60,2,2
666,61,2,2
666,62,2,2
666,63,2,2
666,64,2,2
666,65,2,2
666,66,2,2
666,67,2,2
666,68,2,2
666,69,2,2
666,70,2,2
666,71,2,2
666,72,2,2
666,73,2,2
666,74,2,2
666,75,2,2
666,76,2,2
666,77,2,2
666,78,2,2
666,79,2,2
666,80,2,2
666,81,2,2
666,82,2,2
666,83,2,2
666,84,2,2
666,85,2,2
666,86,2,2
666,87,2,2
666,88,2,2
666,89,2,2
666,90,2,2
666,91,2,2
666,92,2,2
666,93,2,2
666,94,2,2
666,95,2,2
666,96,2,2
666,97,2,2
666,98,2,2
666,99,2,2
666,100,2,2
666,101,2,2
666,102,2,2
666,103,2,2
666,104,2,2
666,105,2,2
666,106,2,2
666,107,2,2
666,108,2,2
666,109,2,2
666,110,2,2
666,111,2,2
666,112,2,2
666,113,2,2
666,114,2,2
666,115,2,2
666,116,2,2
666,117,2,2
666,118,2,2
666,119,2,2
666,120,2,2
666,121,2,2
666,122,2,2
666,123,2,2
666,124,2,2
666,125,2,2
666,126,2,2
666,127,2,2
666,128,2,2
666,129,2,2
666,130,2,2
666,131,2,2
666,132,2,2
666,133,2,2
666,134,2,2
666,135,2,2
666,136,2,2
666,137,2,2
666,138,2,2
666,139,2,2
666,140,2,2
666,141,2,2
666,142,2,2
666,143,2,2
666,144,2,2
666,145,2,2
666,146,2,2
666,147,2,2
666,148,2,2
666,149,2,2
666,150,2,2
666,151,2,2
666,152,2,2
666,153,2,2
666,154,2,2
666,155,2,2
666,156,2,2
666,157,2,2
666,158,2,2
666,159,2,2
666,160,2,2
666,161,2,2
666,162,2,2
666,163,2,2
666,164,2,2
666,165,2,2
666,166,2,2
666,167,2,2
666,168,2,2
666,169,2,2
666,170,2,2
666,171,2,2
666,172,2,2
666,173,2,2
666,174,2,2
666,175,2,2
666,176,2,2
666,177,2,2
666,178,2,2
666,179,2,2
666,180,2,2
666,181,2,2
666,182,2,2
666,183,2,2
666,184,2,2
666,185,2,2
666,186,2,2
666,187,2,2
666,188,2,2
666,189,2,2
666,190,2,2
666,191,2,2
666,192,2,2
666,193,2,2
666,194,2,2
666,195,2,2
666,196,2,2
666,197,2,2
666,198,2,2
666,199,2,2
666,200,2,2
666,201,2,3
666,202,2,3
666,203,2,3
666,204,2,3
666,205,2,3
666,206,2,3
666,207,2,3
666,208,2,3
666,209,2,3
666,210,2,3
666,211,2,3
666,212,2,3
666,213,2,3
666,214,2,3
666,215,2,3
666,216,2,3
666,217,2,3
666,218,2,3
666,219,2,2
666,220,2,2
666,221,2,2
666,222,2,2
666,223,2,2
666,224,2,2
666,225,2,2
666,226,2,2
666,227,2,2
666,228,2,2
666,229,2,2
666,230,2,2
666,231,2,2
666,232,2,2
666,233,2,2
666,234,2,2
666,235,2,2
666,236,2,2
666,237,2,2
666,238,2,2
666,239,2,2
666,240,2,2
666,241,2,2
666,242,2,2
666,243,2,2
666,244,2,2
666,245,2,2
666,246,2,2
666,247,2,2
666,248,2,2
666,249,2,2
666,250,2,2
666,251,2,2
666,252,2,2
666,253,2,2
666,254,2,2
666,255,2,2
666,256,2,2
666,257,2,2
666,258,2,2
666,259,2,2
666,260,2,2
666,261,2,2
666,262,2,2
666,263,2,2
666,264,2,2
666,265,2,2
666,266,2,2
666,267,2,2
666,268,2,2
666,269,2,2
666,270,2,2
666,271,2,2
666,272,2,2
666,273,2,2
666,274,2,2
666,275,2,2
666,276,2,2
666,277,2,2
666,278,2,2
666,279,2,2
666,280,2,2
666,281,2,2
666,282,2,2
666,283,2,2
666,284,2,2
666,285,2,2
666,286,2,2
666,287,2,2
666,288,2,2
666,289,2,2
666,290,2,2
666,291,2,2
666,292,2,2
666,293,2,2
666,294,2,2
666,295,2,2
666,296,2,2
666,297,2,2
666,298,2,2
666,299,2,2
666,300,2,2
666,301,2,2
666,302,2,2
666,303,2,2
666,304,2,2
666,305,2,2
666,306,2,2
666,307,2,2
666,308,2,2
666,309,2,2
666,310,2,2
666,311,2,2
666,312,2,2
666,313,2,2
666,314,2,2
666,315,2,2
666,316,2,2
666,317,2,2
666,318,2,2
666,319,2,2
666,320,2,2
666,321,2,2
666,322,2,2
666,323,2,2
666,324,2,2
666,325,2,2
666,326,2,2
666,327,2,2
666,328,2,2
666,329,2,2
666,330,2,2
666,331,2,2
666,332,2,2
666,333,2,2
666,334,2,2
666,335,2,2
666,336,2,2
666,337,2,2
666,338,2,2
666,339,2,2
666,340,2,2
666,341,2,2
666,342,2,2
666,343,2,2
666,344,2,2
666,345,2,2
666,346,2,2
666,347,2,2
666,348,2,2
666,349,2,2
666,350,2,2
666,351,2,2
666,352,2,2
666,353,2,2
666,354,2,2
666,355,2,2
666,356,2,2
666,357,2,2
666,358,2,2
666,359,2,2
666,360,2,2
666,361,2,2
666,362,2,2
666,363,2,2
666,364,2,2
666,365,2,2
666,366,2,2
666,367,2,2
666,368,2,2
666,369,2,2
666,370,2,2
666,371,2,2
666,372,2,2
666,373,2,2
666,374,2,2
666,375,2,2
666,376,2,2
666,377,2,2
666,378,2,2
666,379,2,2
666,380,2,2
666,381,2,2
666,382,2,2
666,383,2,2
666,384,2,2
666,385,2,3
666,386,2,3
667,57,2,3
667,58,2,2
667,59,2,2
667,60,2,2
667,61,2,2
667,62,2,2
667,63,2,2
667,64,2,2
667,65,2,2
667,66,2,2
667,67,2,2
667,68,2,2
667,69,2,2
667,70,2,2
667,71,2,2
667,72,2,2
667,73,2,2
667,74,2,2
667,75,2,2
667,76,2,2
667,77,2,2
667,78,2,2
667,79,2,2
667,80,2,2
667,81,2,2
667,82,2,2
667,83,2,2
667,84,2,2
667,85,2,2
667,86,2,2
667,87,2,2
667,88,2,2
667,89,2,2
667,90,2,2
667,91,2,2
667,92,2,2
667,93,2,2
667,94,2,2
667,95,2,2
667,96,2,2
667,97,2,2
667,98,2,2
667,99,2,2
667,100,2,2
667,101,2,2
667,102,2,2
667,103,2,2
667,104,2,2
667,105,2,2
667,106,2,2
667,107,2,2
667,108,2,2
667,109,2,2
667,110,2,2
667,111,2,2
667,112,2,2
667,113,2,2
667,114,2,2
667,115,2,2
667,116,2,2
667,117,2,2
667,118,2,2
667,119,2,2
667,120,2,2
667,121,2,2
667,122,2,2
667,123,2,2
667,124,2,2
667,125,2,2
667,126,2,2
667,127,2,2
667,128,2,2
667,129,2,2
667,130,2,2
667,131,2,2
667,132,2,2
667,133,2,2
667,134,2,2
667,135,2,2
667,136,2,2
667,137,2,2
667,138,2,2
667,139,2,2
667,140,2,2
667,141,2,2
667,142,2,2
667,143,2,2
667,144,2,2
667,145,2,2
667,146,2,2
667,147,2,2
667,148,2,2
667,149,2,2
667,150,2,2
667,151,2,2
667,152,2,2
667,153,2,2
667,154,2,2
667,155,2,2
667,156,2,2
667,157,2,2
667,158,2,2
667,159,2,2
667,160,2,2
667,161,2,2
667,162,2,2
667,163,2,2
667,164,2,2
667,165,2,2
667,166,2,2
667,167,2,2
667,168,2,2
667,169,2,2
667,170,2,2
667,171,2,2
667,172,2,2
667,173,2,2
667,174,2,2
667,175,2,2
667,176,2,2
667,177,2,2
667,178,2,2
667,179,2,2
667,180,2,2
667,181,2,2
667,182,2,2
667,183,2,2
667,184,2,2
667,185,2,2
667,186,2,2
667,187,2,2
667,188,2,2
667,189,2,2
667,190,2,2
667,191,2,2
667,192,2,2
667,193,2,2
667,194,2,2
667,195,2,2
667,196,2,2
667,197,2,2
667,198,2,2
667,199,2,2
667,200,2,2
667,201,2,3
667,202,2,3
667,203,2,3
667,204,2,3
667,205,2,3
667,206,2,3
667,207,2,3
667,208,2,3
667,209,2,3
667,210,2,3
667,211,2,3
667,212,2,3
667,213,2,3
667,214,2,3
667,215,2,3
667,216,2,3
667,217,2,3
667,218,2,3
667,219,2,2
667,220,2,2
667,221,2,2
667,222,2,2
667,223,2,2
667,224,2,2
667,225,2,2
667,226,2,2
667,227,2,2
667,228,2,2
667,229,2,2
667,230,2,2
667,231,2,2
667,232,2,2
667,233,2,2
667,234,2,2
667,235,2,2
667,236,2,2
667,237,2,2
667,238,2,2
667,239,2,2
667,240,2,2
667,241,2,2
667,242,2,2
667,243,2,2
667,244,2,2
667,245,2,2
667,246,2,2
667,247,2,2
667,248,2,2
667,249,2,2
667,250,2,2
667,251,2,2
667,252,2,2
667,253,2,2
667,254,2,2
667,255,2,2
667,256,2,2
667,257,2,2
667,258,2,2
667,259,2,2
667,260,2,2
667,261,2,2
667,262,2,2
667,263,2,2
667,264,2,2
667,265,2,2
667,266,2,2
667,267,2,2
667,268,2,2
667,269,2,2
667,270,2,2
667,271,2,2
667,272,2,2
667,273,2,2
667,274,2,2
667,275,2,2
667,276,2,2
667,277,2,2
667,278,2,2
667,279,2,2
667,280,2,2
667,281,2,2
667,282,2,2
667,283,2,2
667,284,2,2
667,285,2,2
667,286,2,2
667,287,2,2
667,288,2,2
667,289,2,2
667,290,2,2
667,291,2,2
667,292,2,2
667,293,2,2
667,294,2,2
667,295,2,2
667,296,2,2
667,297,2,2
667,298,2,2
667,299,2,2
667,300,2,2
667,301,2,2
667,302,2,2
667,303,2,2
667,304,2,2
667,305,2,2
667,306,2,2
667,307,2,2
667,308,2,2
667,309,2,2
667,310,2,2
667,311,2,2
667,312,2,2
667,313,2,2
667,314,2,2
667,315,2,2
667,316,2,2
667,317,2,2
667,318,2,2
667,319,2,2
667,320,2,2
667,321,2,2
667,322,2,2
667,323,2,2
667,324,2,2
667,325,2,2
667,326,2,2
667,327,2,2
667,328,2,2
667,329,2,2
667,330,2,2
667,331,2,2
667,332,2,2
667,333,2,2
667,334,2,2
667,335,2,2
667,336,2,2
667,337,2,2
667,338,2,2
667,339,2,2
667,340,2,2
667,341,2,2
667,342,2,2
667,343,2,2
667,344,2,2
667,345,2,2
667,346,2,2
667,347,2,2
667,348,2,2
667,349,2,2
667,350,2,2
667,351,2,2
667,352,2,2
667,353,2,2
667,354,2,2
667,355,2,2
667,356,2,2
667,357,2,2
667,358,2,2
667,359,2,2
667,360,2,2
667,361,2,2
667,362,2,2
667,363,2,2
667,364,2,2
667,365,2,2
667,366,2,2
667,367,2,2
667,368,2,2
667,369,2,2
667,370,2,2
667,371,2,2
667,372,2,2
667,373,2,2
667,374,2,2
667,375,2,2
667,376,2,2
667,377,2,2
667,378,2,2
667,379,2,2
667,380,2,2
667,381,2,2
667,382,2,2
667,383,2,2
667,384,2,2
667,385,2,2
667,386,2,2
667,387,2,3
668,55,2,3
668,56,2,2
668,57,2,2
668,58,2,2
668,59,2,2
668,60,2,2
668,61,2,2
668,62,2,2
668,63,2,2
668,64,2,2
668,65,2,2
668,66,2,2
668,67,2,2
668,68,2,2
668,69,2,2
668,70,2,2
668,71,2,2
668,72,2,2
668,73,2,2
668,74,2,2
668,75,2,2
668,76,2,2
668,77,2,2
668,78,2,2
668,79,2,2
668,80,2,2
668,81,2,2
668,82,2,2
668,83,2,2
668,84,2,2
668,85,2,2
668,86,2,2
668,87,2,2
668,88,2,2
668,89,2,2
668,90,2,2
668,91,2,2
668,92,2,2
668,93,2,2
668,94,2,2
668,95,2,2
668,96,2,2
668,97,2,2
668,98,2,2
668,99,2,2
668,100,2,2
668,101,2,2
668,102,2,2
668,103,2,2
668,104,2,2
668,105,2,2
668,106,2,2
668,107,2,2
668,108,2,2
668,109,2,2
668,110,2,2
668,111,2,2
668,112,2,2
668,113,2,2
668,114,2,2
668,115,2,2
668,116,2,2
668,117,2,2
668,118,2,2
668,119,2,2
668,120,2,2
668,121,2,2
668,122,2,2
668,123,2,2
668,124,2,2
668,125,2,2
668,126,2,2
668,127,2,2
668,128,2,2
668,129,2,2
668,130,2,2
668,131,2,2
668,132,2,2
668,133,2,2
668,134,2,2
668,135,2,2
668,136,2,2
668,137,2,2
668,138,2,2
668,139,2,2
668,140,2,2
668,141,2,2
668,142,2,2
668,143,2,2
668,144,2,2
668,145,2,2
668,146,2,2
668,147,2,2
668,148,2,2
668,149,2,2
668,150,2,2
668,151,2,2
668,152,2,2
668,153,2,2
668,154,2,2
668,155,2,2
668,156,2,2
668,157,2,2
668,158,2,2
668,159,2,2
668,160,2,2
668,161,2,2
668,162,2,2
668,163,2,2
668,164,2,2
668,165,2,2
668,166,2,2
668,167,2,2
668,168,2,2
668,169,2,2
668,170,2,2
668,171,2,2
668,172,2,2
668,173,2,2
668,174,2,2
668,175,2,2
668,176,2,2
668,177,2,2
668,178,2,2
668,179,2,2
668,180,2,2
668,181,2,2
668,182,2,2
668,183,2,2
668,184,2,2
668,185,2,2
668,186,2,2
668,187,2,2
668,188,2,2
668,189,2,2
668,190,2,2
668,191,2,2
668,192,2,2
668,193,2,2
668,194,2,2
668,195,2,2
668,196,2,2
668,197,2,2
668,198,2,2
668,199,2,2
668,200,2,2
668,201,2,3
668,202,2,3
668,203,2,3
668,204,2,3
668,205,2,3
668,206,2,3
668,207,2,3
668,208,2,3
668,209,2,3
668,210,2,3
668,211,2,3
668,212,2,3
668,213,2,3
668,214,2,3
668,215,2,3
668,216,2,3
668,217,2,3
668,218,2,3
668,219,2,2
668,220,2,2
668,221,2,2
668,222,2,2
668,223,2,2
668,224,2,2
668,225,2,2
668,226,2,2
668,227,2,2
668,228,2,2
668,229,2,2
668,230,2,2
668,231,2,2
668,232,2,2
668,233,2,2
668,234,2,2
668,235,2,2
668,236,2,2
668,237,2,2
668,238,2,2
668,239,2,2
668,240,2,2
668,241,2,2
668,242,2,2
668,243,2,2
668,244,2,2
668,245,2,2
668,246,2,2
668,247,2,2
668,248,2,2
668,249,2,2
668,250,2,2
668,251,2,2
668,252,2,2
668,253,2,2
668,254,2,2
668,255,2,2
668,256,2,2
668,257,2,2
668,258,2,2
668,259,2,2
668,260,2,2
668,261,2,2
668,262,2,2
668,263,2,2
668,264,2,2
668,265,2,2
668,266,2,2
668,267,2,2
668,268,2,2
668,269,2,2
668,270,2,2
668,271,2,2
668,272,2,2
668,273,2,2
668,274,2,2
668,275,2,2
668,276,2,2
668,277,2,2
668,278,2,2
668,279,2,2
668,280,2,2
668,281,2,2
668,282,2,2
668,283,2,2
668,284,2,2
668,285,2,2
668,286,2,2
668,287,2,2
668,288,2,2
668,289,2,2
668,290,2,2
668,291,2,2
668,292,2,2
668,293,2,2
668,294,2,2
668,295,2,2
668,296,2,2
668,297,2,2
668,298,2,2
668,299,2,2
668,300,2,2
668,301,2,2
668,302,2,2
668,303,2,2
668,304,2,2
668,305,2,2
668,306,2,2
668,307,2,2
668,308,2,2
668,309,2,2
668,310,2,2
668,311,2,2
668,312,2,2
668,313,2,2
668,314,2,2
668,315,2,2
668,316,2,2
668,317,2,2
668,318,2,2
668,319,2,2
668,320,2,2
668,321,2,2
668,322,2,2
668,323,2,2
668,324,2,2
668,325,2,2
668,326,2,2
668,327,2,2
668,328,2,2
668,329,2,2
668,330,2,2
668,331,2,2
668,332,2,2
668,333,2,2
668,334,2,2
668,335,2,2
668,336,2,2
668,337,2,2
668,338,2,2
668,339,2,2
668,340,2,2
668,341,2,2
668,342,2,2
668,343,2,2
668,344,2,2
668,345,2,2
668,346,2,2
668,347,2,2
668,348,2,2
668,349,2,2
668,350,2,2
668,351,2,2
668,352,2,2
668,353,2,2
668,354,2,2
668,355,2,2
668,356,2,2
668,357,2,2
668,358,2,2
668,359,2,2
668,360,2,2
668,361,2,2
668,362,2,2
668,363,2,2
668,364,2,2
668,365,2,2
668,366,2,2
668,367,2,2
668,368,2,2
668,369,2,2
668,370,2,2
668,371,2,2
668,372,2,2
668,373,2,2
668,374,2,2
668,375,2,2
668,376,2,2
668,377,2,2
668,378,2,2
668,379,2,2
668,380,2,2
668,381,2,2
668,382,2,2
668,383,2,2
668,384,2,2
668,385,2,2
668,386,2,2
668,387,2,3
668,388,2,3
668,389,2,3
669,54,2,2
669,55,2,2
669,56,2,2
669,57,2,2
669,58,2,2
669,59,2,2
669,60,2,2
669,61,2,2
669,62,2,2
669,63,2,2
669,64,2,2
669,65,2,2
669,66,2,2
669,67,2,2
669,68,2,2
669,69,2,2
669,70,2,2
669,71,2,2
669,72,2,2
669,73,2,2
669,74,2,2
669,75,2,2
669,76,2,2
669,77,2,2
669,78,2,2
669,79,2,2
669,80,2,2
669,81,2,2
669,82,2,2
669,83,2,2
669,84,2,2
669,85,2,2
669,86,2,2
669,87,2,2
669,88,2,2
669,89,2,2
669,90,2,2
669,91,2,2
669,92,2,2
669,93,2,2
669,94,2,2
669,95,2,2
669,96,2,2
669,97,2,2
669,98,2,2
669,99,2,2
669,100,2,2
669,101,2,2
669,102,2,2
669,103,2,2
669,104,2,2
669,105,2,2
669,106,2,2
669,107,2,2
669,108,2,2
669,109,2,2
669,110,2,2
669,111,2,2
669,112,2,2
669,113,2,2
669,114,2,2
669,115,2,2
669,116,2,2
669,117,2,2
669,118,2,2
669,119,2,2
669,120,2,2
669,121,2,2
669,122,2,2
669,123,2,2
669,124,2,2
669,125,2,2
669,126,2,2
669,127,2,2
669,128,2,2
669,129,2,2
669,130,2,2
669,131,2,2
669,132,2,2
669,133,2,2
669,134,2,2
669,135,2,2
669,136,2,2
669,137,2,2
669,138,2,2
669,139,2,2
669,140,2,2
669,141,2,2
669,142,2,2
669,143,2,2
669,144,2,2
669,145,2,2
669,146,2,2
669,147,2,2
669,148,2,2
669,149,2,2
669,150,2,2
669,151,2,2
669,152,2,2
669,153,2,2
669,154,2,2
669,155,2,2
669,156,2,2
669,157,2,2
669,158,2,2
669,159,2,2
669,160,2,2
669,161,2,2
669,162,2,2
669,163,2,2
669,164,2,2
669,165,2,2
669,166,2,2
669,167,2,2
669,168,2,2
669,169,2,2
669,170,2,2
669,171,2,2
669,172,2,2
669,173,2,2
669,174,2,2
669,175,2,2
669,176,2,2
669,177,2,2
669,178,2,2
669,179,2,2
669,180,2,2
669,181,2,2
669,182,2,2
669,183,2,2
669,184,2,2
669,185,2,2
669,186,2,2
669,187,2,2
669,188,2,2
669,189,2,2
669,190,2,2
669,191,2,2
669,192,2,2
669,193,2,2
669,194,2,2
669,195,2,2
669,196,2,2
669,197,2,2
669,198,2,2
669,199,2,2
669,200,2,2
669,201,2,3
669,202,2,3
669,203,2,3
669,204,2,3
669,205,2,3
669,206,2,3
669,207,2,3
669,208,2,3
669,209,2,3
669,210,2,3
669,211,2,3
669,212,2,3
669,213,2,3
669,214,2,3
669,215,2,3
669,216,2,3
669,217,2,3
669,218,2,3
669,219,2,2
669,220,2,2
669,221,2,2
669,222,2,2
669,223,2,2
669,224,2,2
669,225,2,2
669,226,2,2
669,227,2,2
669,228,2,2
669,229,2,2
669,230,2,2
669,231,2,2
669,232,2,2
669,233,2,2
669,234,2,2
669,235,2,2
669,236,2,2
669,237,2,2
669,238,2,2
669,239,2,2
669,240,2,2
669,241,2,2
669,242,2,2
669,243,2,2
669,244,2,2
669,245,2,2
669,246,2,2
669,247,2,2
669,248,2,2
669,249,2,2
669,250,2,2
669,251,2,2
669,252,2,2
669,253,2,2
669,254,2,2
669,255,2,2
669,256,2,2
669,257,2,2
669,258,2,2
669,259,2,2
669,260,2,2
669,261,2,2
669,262,2,2
669,263,2,2
669,264,2,2
669,265,2,2
669,266,2,2
669,267,2,2
669,268,2,2
669,269,2,2
669,270,2,2
669,271,2,2
669,272,2,2
669,273,2,2
669,274,2,2
669,275,2,2
669,276,2,2
669,277,2,2
669,278,2,2
669,279,2,2
669,280,2,2
669,281,2,2
669,282,2,2
669,283,2,2
669,284,2,2
669,285,2,2
669,286,2,2
669,287,2,2
669,288,2,2
669,289,2,2
669,290,2,2
669,291,2,2
669,292,2,2
669,293,2,2
669,294,2,2
669,295,2,2
669,296,2,2
669,297,2,2
669,298,2,2
669,299,2,2
669,300,2,2
669,301,2,2
669,302,2,2
669,303,2,2
669,304,2,2
669,305,2,2
669,306,2,2
669,307,2,2
669,308,2,2
669,309,2,2
669,310,2,2
669,311,2,2
669,312,2,2
669,313,2,2
669,314,2,2
669,315,2,2
669,316,2,2
669,317,2,2
669,318,2,2
669,319,2,2
669,320,2,2
669,321,2,2
669,322,2,2
669,323,2,2
669,324,2,2
669,325,2,2
669,326,2,2
669,327,2,2
669,328,2,2
669,329,2,2
669,330,2,2
669,331,2,2
669,332,2,2
669,333,2,2
669,334,2,2
669,335,2,2
669,336,2,2
669,337,2,2
669,338,2,2
669,339,2,2
669,340,2,2
669,341,2,2
669,342,2,2
669,343,2,2
669,344,2,2
669,345,2,2
669,346,2,2
669,347,2,2
669,348,2,2
669,349,2,2
669,350,2,2
669,351,2,2
669,352,2,2
669,353,2,2
669,354,2,2
669,355,2,2
669,356,2,2
669,357,2,2
669,358,2,2
669,359,2,2
669,360,2,2
669,361,2,2
669,362,2,2
669,363,2,2
669,364,2,2
669,365,2,2
669,366,2,2
669,367,2,2
669,368,2,2
669,369,2,2
669,370,2,2
669,371,2,2
669,372,2,2
669,373,2,2
669,374,2,2
669,375,2,2
669,376,2,2
669,377,2,2
669,378,2,2
669,379,2,2
669,380,2,2
669,381,2,2
669,382,2,2
669,383,2,2
669,384,2,2
669,385,2,2
669,386,2,2
669,387,2,2
669,388,2,2
669,389,2,3
669,390,2,3
670,53,2,2
670,54,2,2
670,55,2,2
670,56,2,2
670,57,2,2
670,58,2,2
670,59,2,2
670,60,2,2
670,61,2,2
670,62,2,2
670,63,2,2
670,64,2,2
670,65,2,2
670,66,2,2
670,67,2,2
670,68,2,2
670,69,2,2
670,70,2,2
670,71,2,2
670,72,2,2
670,73,2,2
670,74,2,2
670,75,2,2
670,76,2,2
670,77,2,2
670,78,2,2
670,79,2,2
670,80,2,2
670,81,2,2
670,82,2,2
670,83,2,2
670,84,2,2
670,85,2,2
670,86,2,2
670,87,2,2
670,88,2,2
670,89,2,2
670,90,2,2
670,91,2,2
670,92,2,2
670,93,2,2
670,94,2,2
670,95,2,2
670,96,2,2
670,97,2,2
670,98,2,2
670,99,2,2
670,100,2,2
670,101,2,2
670,102,2,2
670,103,2,2
670,104,2,2
670,105,2,2
670,106,2,2
670,107,2,2
670,108,2,2
670,109,2,2
670,110,2,2
670,111,2,2
670,112,2,2
670,113,2,2
670,114,2,2
670,115,2,2
670,116,2,2
670,117,2,2
670,118,2,2
670,119,2,2
670,120,2,2
670,121,2,2
670,122,2,2
670,123,2,2
670,124,2,2
670,125,2,2
670,126,2,2
670,127,2,2
670,128,2,2
670,129,2,2
670,130,2,2
670,131,2,2
670,132,2,2
670,133,2,2
670,134,2,2
670,135,2,2
670,136,2,2
670,137,2,2
670,138,2,2
670,139,2,2
670,140,2,2
670,141,2,2
670,142,2,2
670,143,2,2
670,144,2,2
670,145,2,2
670,146,2,2
670,147,2,2
670,148,2,2
670,149,2,2
670,150,2,2
670,151,2,2
670,152,2,2
670,153,2,2
670,154,2,2
670,155,2,2
670,156,2,2
670,157,2,2
670,158,2,2
670,159,2,2
670,160,2,2
670,161,2,2
670,162,2,2
670,163,2,2
670,164,2,2
670,165,2,2
670,166,2,2
670,167,2,2
670,168,2,2
670,169,2,2
670,170,2,2
670,171,2,2
670,172,2,2
670,173,2,2
670,174,2,2
670,175,2,2
670,176,2,2
670,177,2,2
670,178,2,2
670,179,2,2
670,180,2,2
670,181,2,2
670,182,2,2
670,183,2,2
670,184,2,2
670,185,2,2
670,186,2,2
670,187,2,2
670,188,2,2
670,189,2,2
670,190,2,2
670,191,2,2
670,192,2,2
670,193,2,2
670,194,2,2
670,195,2,2
670,196,2,2
670,197,2,2
670,198,2,2
670,199,2,2
670,200,2,2
670,201,2,3
670,202,2,3
670,203,2,3
670,204,2,3
670,205,2,3
670,206,2,3
670,207,2,3
670,208,2,3
670,209,2,3
670,210,2,3
670,211,2,3
670,212,2,3
670,213,2,3
670,214,2,3
670,215,2,3
670,216,2,3
670,217,2,3
670,218,2,3
670,219,2,2
670,220,2,2
670,221,2,2
670,222,2,2
670,223,2,2
670,224,2,2
670,225,2,2
670,226,2,2
670,227,2,2
670,228,2,2
670,229,2,2
670,230,2,2
670,231,2,2
670,232,2,2
670,233,2,2
670,234,2,2
670,235,2,2
670,236,2,2
670,237,2,2
670,238,2,2
670,239,2,2
670,240,2,2
670,241,2,2
670,242,2,2
670,243,2,2
670,244,2,2
670,245,2,2
670,246,2,2
670,247,2,2
670,248,2,2
670,249,2,2
670,250,2,2
670,251,2,2
670,252,2,2
670,253,2,2
670,254,2,2
670,255,2,2
670,256,2,2
670,257,2,2
670,258,2,2
670,259,2,2
670,260,2,2
670,261,2,2
670,262,2,2
670,263,2,2
670,264,2,2
670,265,2,2
670,266,2,2
670,267,2,2
670,268,2,2
670,269,2,2
670,270,2,2
670,271,2,2
670,272,2,2
670,273,2,2
670,274,2,2
670,275,2,2
670,276,2,2
670,277,2,2
670,278,2,2
670,279,2,2
670,280,2,2
670,281,2,2
670,282,2,2
670,283,2,2
670,284,2,2
670,285,2,2
670,286,2,2
670,287,2,2
670,288,2,2
670,289,2,2
670,290,2,2
670,291,2,2
670,292,2,2
670,293,2,2
670,294,2,2
670,295,2,2
670,296,2,2
670,297,2,2
670,298,2,2
670,299,2,2
670,300,2,2
670,301,2,2
670,302,2,2
670,303,2,2
670,304,2,2
670,305,2,2
670,306,2,2
670,307,2,2
670,308,2,2
670,309,2,2
670,310,2,2
670,311,2,2
670,312,2,2
670,313,2,2
670,314,2,2
670,315,2,2
670,316,2,2
670,317,2,2
670,318,2,2
670,319,2,2
670,320,2,2
670,321,2,2
670,322,2,2
670,323,2,2
670,324,2,2
670,325,2,2
670,326,2,2
670,327,2,2
670,328,2,2
670,329,2,2
670,330,2,2
670,331,2,2
670,332,2,2
670,333,2,2
670,334,2,2
670,335,2,2
670,336,2,2
670,337,2,2
670,338,2,2
670,339,2,2
670,340,2,2
670,341,2,2
670,342,2,2
670,343,2,2
670,344,2,2
670,345,2,2
670,346,2,2
670,347,2,2
670,348,2,2
670,349,2,2
670,350,2,2
670,351,2,2
670,352,2,2
670,353,2,2
670,354,2,2
670,355,2,2
670,356,2,2
670,357,2,2
670,358,2,2
670,359,2,2
670,360,2,2
670,361,2,2
670,362,2,2
670,363,2,2
670,364,2,2
670,365,2,2
670,366,2,2
670,367,2,2
670,368,2,2
670,369,2,2
670,370,2,2
670,371,2,2
670,372,2,2
670,373,2,2
670,374,2,2
670,375,2,2
670,376,2,2
670,377,2,2
670,378,2,2
670,379,2,2
670,380,2,2
670,381,2,2
670,382,2,2
670,383,2,2
670,384,2,2
670,385,2,2
670,386,2,2
670,387,2,2
670,388,2,2
670,389,2,3
670,390,2,3
670,391,2,3
671,53,2,2
671,54,2,2
671,55,2,2
671,56,2,2
671,57,2,2
671,58,2,2
671,59,2,2
671,60,2,2
671,61,2,2
671,62,2,2
671,63,2,2
671,64,2,2
671,65,2,2
671,66,2,2
671,67,2,2
671,68,2,2
671,69,2,2
671,70,2,2
671,71,2,2
671,72,2,2
671,73,2,2
671,74,2,2
671,75,2,2
671,76,2,2
671,77,2,2
671,78,2,2
671,79,2,2
671,80,2,2
671,81,2,2
671,82,2,2
671,83,2,2
671,84,2,2
671,85,2,2
671,86,2,2
671,87,2,2
671,88,2,2
671,89,2,2
671,90,2,2
671,91,2,2
671,92,2,2
671,93,2,2
671,94,2,2
671,95,2,2
671,96,2,2
671,97,2,2
671,98,2,2
671,99,2,2
671,100,2,2
671,101,2,2
671,102,2,2
671,103,2,2
671,104,2,2
671,105,2,2
671,106,2,2
671,107,2,2
671,108,2,2
671,109,2,2
671,110,2,2
671,111,2,2
671,112,2,2
671,113,2,2
671,114,2,2
671,115,2,2
671,116,2,2
671,117,2,2
671,118,2,2
671,119,2,2
671,120,2,2
671,121,2,2
671,122,2,2
671,123,2,2
671,124,2,2
671,125,2,2
671,126,2,2
671,127,2,2
671,128,2,2
671,129,2,2
671,130,2,2
671,131,2,2
671,132,2,2
671,133,2,2
671,134,2,2
671,135,2,2
671,136,2,2
671,137,2,2
671,138,2,2
671,139,2,2
671,140,2,2
671,141,2,2
671,142,2,2
671,143,2,2
671,144,2,2
671,145,2,2
671,146,2,2
671,147,2,2
671,148,2,2
671,149,2,2
671,150,2,2
671,151,2,2
671,152,2,2
671,153,2,2
671,154,2,2
671,155,2,2
671,156,2,2
671,157,2,2
671,158,2,2
671,159,2,2
671,160,2,2
671,161,2,2
671,162,2,2
671,163,2,2
671,164,2,2
671,165,2,2
671,166,2,2
671,167,2,2
671,168,2,2
671,169,2,2
671,170,2,2
671,171,2,2
671,172,2,2
671,173,2,2
671,174,2,2
671,175,2,2
671,176,2,2
671,177,2,2
671,178,2,2
671,179,2,2
671,180,2,2
671,181,2,2
671,182,2,2
671,183,2,2
671,184,2,2
671,185,2,2
671,186,2,2
671,187,2,2
671,188,2,2
671,189,2,2
671,190,2,2
671,191,2,2
671,192,2,2
671,193,2,2
671,194,2,2
671,195,2,2
671,196,2,2
671,197,2,2
671,198,2,2
671,199,2,2
671,200,2,3
671,201,2,3
671,202,2,3
671,203,2,3
671,204,2,3
671,205,2,3
671,206,2,3
671,207,2,3
671,208,2,3
671,209,2,3
671,210,2,3
671,211,2,3
671,212,2,3
671,213,2,3
671,214,2,3
671,215,2,3
671,216,2,3
671,217,2,3
671,218,2,3
671,219,2,2
671,220,2,2
671,221,2,2
671,222,2,2
671,223,2,2
671,224,2,2
671,225,2,2
671,226,2,2
671,227,2,2
671,228,2,2
671,229,2,2
671,230,2,2
671,231,2,2
671,232,2,2
671,233,2,2
671,234,2,2
671,235,2,2
671,236,2,2
671,237,2,2
671,238,2,2
671,239,2,2
671,240,2,2
671,241,2,2
671,242,2,2
671,243,2,2
671,244,2,2
671,245,2,2
671,246,2,2
671,247,2,2
671,248,2,2
671,249,2,2
671,250,2,2
671,251,2,2
671,252,2,2
671,253,2,2
671,254,2,2
671,255,2,2
671,256,2,2
671,257,2,2
671,258,2,2
671,259,2,2
671,260,2,2
671,261,2,2
671,262,2,2
671,263,2,2
671,264,2,2
671,265,2,2
671,266,2,2
671,267,2,2
671,268,2,2
671,269,2,2
671,270,2,2
671,271,2,2
671,272,2,2
671,273,2,2
671,274,2,2
671,275,2,2
671,276,2,2
671,277,2,2
671,278,2,2
671,279,2,2
671,280,2,2
671,281,2,2
671,282,2,2
671,283,2,2
671,284,2,2
671,285,2,2
671,286,2,2
671,287,2,2
671,288,2,2
671,289,2,2
671,290,2,2
671,291,2,2
671,292,2,2
671,293,2,2
671,294,2,2
671,295,2,2
671,296,2,2
671,297,2,2
671,298,2,2
671,299,2,2
671,300,2,2
671,301,2,2
671,302,2,2
671,303,2,2
671,304,2,2
671,305,2,2
671,306,2,2
671,307,2,2
671,308,2,2
671,309,2,2
671,310,2,2
671,311,2,2
671,312,2,2
671,313,2,2
671,314,2,2
671,315,2,2
671,316,2,2
671,317,2,2
671,318,2,2
671,319,2,2
671,320,2,2
671,321,2,2
671,322,2,2
671,323,2,2
671,324,2,2
671,325,2,2
671,326,2,2
671,327,2,2
671,328,2,2
671,329,2,2
671,330,2,2
671,331,2,2
671,332,2,2
671,333,2,2
671,334,2,2
671,335,2,2
671,336,2,2
671,337,2,2
671,338,2,2
671,339,2,2
671,340,2,2
671,341,2,2
671,342,2,2
671,343,2,2
671,344,2,2
671,345,2,2
671,346,2,2
671,347,2,2
671,348,2,2
671,349,2,2
671,350,2,2
671,351,2,2
671,352,2,2
671,353,2,2
671,354,2,2
671,355,2,2
671,356,2,2
671,357,2,2
671,358,2,2
671,359,2,2
671,360,2,2
671,361,2,2
671,362,2,2
671,363,2,2
671,364,2,2
671,365,2,2
671,366,2,2
671,367,2,2
671,368,2,2
671,369,2,2
671,370,2,2
671,371,2,2
671,372,2,2
671,373,2,2
671,374,2,2
671,375,2,2
671,376,2,2
671,377,2,2
671,378,2,2
671,379,2,2
671,380,2,2
671,381,2,2
671,382,2,2
671,383,2,2
671,384,2,2
671,385,2,2
671,386,2,2
671,387,2,2
671,388,2,2
671,389,2,2
671,390,2,2
671,391,2,3
672,52,2,2
672,53,2,2
672,54,2,2
672,55,2,2
672,56,2,2
672,57,2,2
672,58,2,2
672,59,2,2
672,60,2,2
672,61,2,2
672,62,2,2
672,63,2,2
672,64,2,2
672,65,2,2
672,66,2,2
672,67,2,2
672,68,2,2
672,69,2,2
672,70,2,2
672,71,2,2
672,72,2,2
672,73,2,2
672,74,2,2
672,75,2,2
672,76,2,2
672,77,2,2
672,78,2,2
672,79,2,2
672,80,2,2
672,81,2,2
672,82,2,2
672,83,2,2
672,84,2,2
672,85,2,2
672,86,2,2
672,87,2,2
672,88,2,2
672,89,2,2
672,90,2,2
672,91,2,2
672,92,2,2
672,93,2,2
672,94,2,2
672,95,2,2
672,96,2,2
672,97,2,2
672,98,2,2
672,99,2,2
672,100,2,2
672,101,2,2
672,102,2,2
672,103,2,2
672,104,2,2
672,105,2,2
672,106,2,2
672,107,2,2
672,108,2,2
672,109,2,2
672,110,2,2
672,111,2,2
672,112,2,2
672,113,2,2
672,114,2,2
672,115,2,2
672,116,2,2
672,117,2,2
672,118,2,2
672,119,2,2
672,120,2,2
672,121,2,2
672,122,2,2
672,123,2,2
672,124,2,2
672,125,2,2
672,126,2,2
672,127,2,2
672,128,2,2
672,129,2,2
672,130,2,2
672,131,2,2
672,132,2,2
672,133,2,2
672,134,2,2
672,135,2,2
672,136,2,2
672,137,2,2
672,138,2,2
672,139,2,2
672,140,2,2
672,141,2,2
672,142,2,2
672,143,2,2
672,144,2,2
672,145,2,2
672,146,2,2
672,147,2,2
672,148,2,2
672,149,2,2
672,150,2,2
672,151,2,2
672,152,2,2
672,153,2,2
672,154,2,2
672,155,2,2
672,156,2,2
672,157,2,2
672,158,2,2
672,159,2,2
672,160,2,2
672,161,2,2
672,162,2,2
672,163,2,2
672,164,2,2
672,165,2,2
672,166,2,2
672,167,2,2
672,168,2,2
672,169,2,2
672,170,2,2
672,171,2,2
672,172,2,2
672,173,2,2
672,174,2,2
672,175,2,2
672,176,2,2
672,177,2,2
672,178,2,2
672,179,2,2
672,180,2,2
672,181,2,2
672,182,2,2
672,183,2,2
672,184,2,2
672,185,2,2
672,186,2,2
672,187,2,2
672,188,2,2
672,189,2,2
672,190,2,2
672,191,2,2
672,192,2,2
672,193,2,2
672,194,2,2
672,195,2,2
672,196,2,2
672,197,2,2
672,198,2,2
672,199,2,2
672,200,2,3
672,201,2,3
672,202,2,3
672,203,2,3
672,204,2,3
672,205,2,3
672,206,2,3
672,207,2,3
672,208,2,3
672,209,2,3
672,210,2,3
672,211,2,3
672,212,2,3
672,213,2,3
672,214,2,3
672,215,2,3
672,216,2,3
672,217,2,3
672,218,2,3
672,219,2,2
672,220,2,2
672,221,2,2
672,222,2,2
672,223,2,2
672,224,2,2
672,225,2,2
672,226,2,2
672,227,2,2
672,228,2,2
672,229,2,2
672,230,2,2
672,231,2,2
672,232,2,2
672,233,2,2
672,234,2,2
672,235,2,2
672,236,2,2
672,237,2,2
672,238,2,2
672,239,2,2
672,240,2,2
672,241,2,2
672,242,2,2
672,243,2,2
672,244,2,2
672,245,2,2
672,246,2,2
672,247,2,2
672,248,2,2
672,249,2,2
672,250,2,2
672,251,2,2
672,252,2,2
672,253,2,2
672,254,2,2
672,255,2,2
672,256,2,2
672,257,2,2
672,258,2,2
672,259,2,2
672,260,2,2
672,261,2,2
672,262,2,2
672,263,2,2
672,264,2,2
672,265,2,2
672,266,2,2
672,267,2,2
672,268,2,2
672,269,2,2
672,270,2,2
672,271,2,2
672,272,2,2
672,273,2,2
672,274,2,2
672,275,2,2
672,276,2,2
672,277,2,2
672,278,2,2
672,279,2,2
672,280,2,2
672,281,2,2
672,282,2,2
672,283,2,2
672,284,2,2
672,285,2,2
672,286,2,2
672,287,2,2
672,288,2,2
672,289,2,2
672,290,2,2
672,291,2,2
672,292,2,2
672,293,2,2
672,294,2,2
672,295,2,2
672,296,2,2
672,297,2,2
672,298,2,2
672,299,2,2
672,300,2,2
672,301,2,2
672,302,2,2
672,303,2,2
672,304,2,2
672,305,2,2
672,306,2,2
672,307,2,2
672,308,2,2
672,309,2,2
672,310,2,2
672,311,2,2
672,312,2,2
672,313,2,2
672,314,2,2
672,315,2,2
672,316,2,2
672,317,2,2
672,318,2,2
672,319,2,2
672,320,2,2
672,321,2,2
672,322,2,2
672,323,2,2
672,324,2,2
672,325,2,2
672,326,2,2
672,327,2,2
672,328,2,2
672,329,2,2
672,330,2,2
672,331,2,2
672,332,2,2
672,333,2,2
672,334,2,2
672,335,2,2
672,336,2,2
672,337,2,2
672,338,2,2
672,339,2,2
672,340,2,2
672,341,2,2
672,342,2,2
672,343,2,2
672,344,2,2
672,345,2,2
672,346,2,2
672,347,2,2
672,348,2,2
672,349,2,2
672,350,2,2
672,351,2,2
672,352,2,2
672,353,2,2
672,354,2,2
672,355,2,2
672,356,2,2
672,357,2,2
672,358,2,2
672,359,2,2
672,360,2,2
672,361,2,2
672,362,2,2
672,363,2,2
672,364,2,2
672,365,2,2
672,366,2,2
672,367,2,2
672,368,2,2
672,369,2,2
672,370,2,2
672,371,2,2
672,372,2,2
672,373,2,2
672,374,2,2
672,375,2,2
672,376,2,2
672,377,2,2
672,378,2,2
672,379,2,2
672,380,2,2
672,381,2,2
672,382,2,2
672,383,2,2
672,384,2,2
672,385,2,2
672,386,2,2
672,387,2,2
672,388,2,2
672,389,2,2
672,390,2,3
672,391,2,3
673,51,2,2
673,52,2,2
673,53,2,2
673,54,2,2
673,55,2,2
673,56,2,2
673,57,2,2
673,58,2,2
673,59,2,2
673,60,2,2
673,61,2,2
673,62,2,2
673,63,2,2
673,64,2,2
673,65,2,2
673,66,2,2
673,67,2,2
673,68,2,2
673,69,2,2
673,70,2,2
673,71,2,2
673,72,2,2
673,73,2,2
673,74,2,2
673,75,2,2
673,76,2,2
673,77,2,2
673,78,2,2
673,79,2,2
673,80,2,2
673,81,2,2
673,82,2,2
673,83,2,2
673,84,2,2
673,85,2,2
673,86,2,2
673,87,2,2
673,88,2,2
673,89,2,2
673,90,2,2
673,91,2,2
673,92,2,2
673,93,2,2
673,94,2,2
673,95,2,2
673,96,2,2
673,97,2,2
673,98,2,2
673,99,2,2
673,100,2,2
673,101,2,2
673,102,2,2
673,103,2,2
673,104,2,2
673,105,2,2
673,106,2,2
673,107,2,2
673,108,2,2
673,109,2,2
673,110,2,2
673,111,2,2
673,112,2,2
673,113,2,2
673,114,2,2
673,115,2,2
673,116,2,2
673,117,2,2
673,118,2,2
673,119,2,2
673,120,2,2
673,121,2,2
673,122,2,2
673,123,2,2
673,124,2,2
673,125,2,2
673,126,2,2
673,127,2,2
673,128,2,2
673,129,2,2
673,130,2,2
673,131,2,2
673,132,2,2
673,133,2,2
673,134,2,2
673,135,2,2
673,136,2,2
673,137,2,2
673,138,2,2
673,139,2,2
673,140,2,2
673,141,2,2
673,142,2,2
673,143,2,2
673,144,2,2
673,145,2,2
673,146,2,2
673,147,2,2
673,148,2,2
673,149,2,2
673,150,2,2
673,151,2,2
673,152,2,2
673,153,2,2
673,154,2,2
673,155,2,2
673,156,2,2
673,157,2,2
673,158,2,2
673,159,2,2
673,160,2,2
673,161,2,2
673,162,2,2
673,163,2,2
673,164,2,2
673,165,2,2
673,166,2,2
673,167,2,2
673,168,2,2
673,169,2,2
673,170,2,2
673,171,2,2
673,172,2,2
673,173,2,2
673,174,2,2
673,175,2,2
673,176,2,2
673,177,2,2
673,178,2,2
673,179,2,2
673,180,2,2
673,181,2,2
673,182,2,2
673,183,2,2
673,184,2,2
673,185,2,2
673,186,2,2
673,187,2,2
673,188,2,2
673,189,2,2
673,190,2,2
673,191,2,2
673,192,2,2
673,193,2,2
673,194,2,2
673,195,2,2
673,196,2,2
673,197,2,2
673,198,2,2
673,199,2,2
673,200,2,3
673,201,2,3
673,202,2,3
673,203,2,3
673,204,2,3
673,205,2,3
673,206,2,3
673,207,2,3
673,208,2,3
673,209,2,3
673,210,2,3
673,211,2,3
673,212,2,3
673,213,2,2
673,214,2,2
673,215,2,2
673,216,2,2
673,217,2,2
673,218,2,2
673,219,2,2
673,220,2,2
673,221,2,2
673,222,2,2
673,223,2,2
673,224,2,2
673,225,2,2
673,226,2,2
673,227,2,2
673,228,2,2
673,229,2,2
673,230,2,2
673,231,2,2
673,232,2,2
673,233,2,2
673,234,2,2
673,235,2,2
673,236,2,2
673,237,2,2
673,238,2,2
673,239,2,2
673,240,2,2
673,241,2,2
673,242,2,2
673,243,2,2
673,244,2,2
673,245,2,2
673,246,2,2
673,247,2,2
673,248,2,2
673,249,2,2
673,250,2,2
673,251,2,2
673,252,2,2
673,253,2,2
673,254,2,2
673,255,2,2
673,256,2,2
673,257,2,2
673,258,2,2
673,259,2,2
673,260,2,2
673,261,2,2
673,262,2,2
673,263,2,2
673,264,2,2
673,265,2,2
673,266,2,2
673,267,2,2
673,268,2,2
673,269,2,2
673,270,2,2
673,271,2,2
673,272,2,2
673,273,2,2
673,274,2,2
673,275,2,2
673,276,2,2
673,277,2,2
673,278,2,2
673,279,2,2
673,280,2,2
673,281,2,2
673,282,2,2
673,283,2,2
673,284,2,2
673,285,2,2
673,286,2,2
673,287,2,2
673,288,2,2
673,289,2,2
673,290,2,2
673,291,2,2
673,292,2,2
673,293,2,2
673,294,2,2
673,295,2,2
673,296,2,2
673,297,2,2
673,298,2,2
673,299,2,2
673,300,2,2
673,301,2,2
673,302,2,2
673,303,2,2
673,304,2,2
673,305,2,2
673,306,2,2
673,307,2,2
673,308,2,2
673,309,2,2
673,310,2,2
673,311,2,2
673,312,2,2
673,313,2,2
673,314,2,2
673,315,2,2
673,316,2,2
673,317,2,2
673,318,2,2
673,319,2,2
673,320,2,2
673,321,2,2
673,322,2,2
673,323,2,2
673,324,2,2
673,325,2,2
673,326,2,2
673,327,2,2
673,328,2,2
673,329,2,2
673,330,2,2
673,331,2,2
673,332,2,2
673,333,2,2
673,334,2,2
673,335,2,2
673,336,2,2
673,337,2,2
673,338,2,2
673,339,2,2
673,340,2,2
673,341,2,2
673,342,2,2
673,343,2,2
673,344,2,2
673,345,2,2
673,346,2,2
673,347,2,2
673,348,2,2
673,349,2,2
673,350,2,2
673,351,2,2
673,352,2,2
673,353,2,2
673,354,2,2
673,355,2,2
673,356,2,2
673,357,2,2
673,358,2,2
673,359,2,2
673,360,2,2
673,361,2,2
673,362,2,2
673,363,2,2
673,364,2,2
673,365,2,2
673,366,2,2
673,367,2,2
673,368,2,2
673,369,2,2
673,370,2,2
673,371,2,2
673,372,2,2
673,373,2,2
673,374,2,2
673,375,2,2
673,376,2,2
673,377,2,2
673,378,2,2
673,379,2,2
673,380,2,2
673,381,2,2
673,382,2,2
673,383,2,2
673,384,2,2
673,385,2,2
673,386,2,2
673,387,2,2
673,388,2,2
673,389,2,2
673,390,2,3
673,391,2,3
674,51,2,2
674,52,2,2
674,53,2,2
674,54,2,2
674,55,2,2
674,56,2,2
674,57,2,2
674,58,2,2
674,59,2,2
674,60,2,2
674,61,2,2
674,62,2,2
674,63,2,2
674,64,2,2
674,65,2,2
674,66,2,2
674,67,2,2
674,68,2,2
674,69,2,2
674,70,2,2
674,71,2,2
674,72,2,2
674,73,2,2
674,74,2,2
674,75,2,2
674,76,2,2
674,77,2,2
674,78,2,2
674,79,2,2
674,80,2,2
674,81,2,2
674,82,2,2
674,83,2,2
674,84,2,2
674,85,2,2
674,86,2,2
674,87,2,2
674,88,2,2
674,89,2,2
674,90,2,2
674,91,2,2
674,92,2,2
674,93,2,2
674,94,2,2
674,95,2,2
674,96,2,2
674,97,2,2
674,98,2,2
674,99,2,2
674,100,2,2
674,101,2,2
674,102,2,2
674,103,2,2
674,104,2,2
674,105,2,2
674,106,2,2
674,107,2,2
674,108,2,2
674,109,2,2
674,110,2,2
674,111,2,2
674,112,2,2
674,113,2,2
674,114,2,2
674,115,2,2
674,116,2,2
674,117,2,2
674,118,2,2
674,119,2,2
674,120,2,2
674,121,2,2
674,122,2,2
674,123,2,2
674,124,2,2
674,125,2,2
674,126,2,2
674,127,2,2
674,128,2,2
674,129,2,2
674,130,2,2
674,131,2,2
674,132,2,2
674,133,2,2
674,134,2,2
674,135,2,2
674,136,2,2
674,137,2,2
674,138,2,2
674,139,2,2
674,140,2,2
674,141,2,2
674,142,2,2
674,143,2,2
674,144,2,2
674,145,2,2
674,146,2,2
674,147,2,2
674,148,2,2
674,149,2,2
674,150,2,2
674,151,2,2
674,152,2,2
674,153,2,2
674,154,2,2
674,155,2,2
674,156,2,2
674,157,2,2
674,158,2,2
674,159,2,2
674,160,2,2
674,161,2,2
674,162,2,2
674,163,2,2
674,164,2,2
674,165,2,2
674,166,2,2
674,167,2,2
674,168,2,2
674,169,2,2
674,170,2,2
674,171,2,2
674,172,2,2
674,173,2,2
674,174,2,2
674,175,2,2
674,176,2,2
674,177,2,2
674,178,2,2
674,179,2,2
674,180,2,2
674,181,2,2
674,182,2,2
674,183,2,2
674,184,2,2
674,185,2,2
674,186,2,2
674,187,2,2
674,188,2,2
674,189,2,2
674,190,2,2
674,191,2,2
674,192,2,2
674,193,2,2
674,194,2,2
674,195,2,2
674,196,2,2
674,197,2,2
674,198,2,2
674,199,2,2
674,200,2,3
674,201,2,3
674,202,2,3
674,203,2,3
674,204,2,3
674,205,2,3
674,206,2,3
674,207,2,3
674,208,2,3
674,209,2,3
674,210,2,3
674,211,2,3
674,212,2,3
674,213,2,2
674,214,2,2
674,215,2,2
674,216,2,2
674,217,2,2
674,218,2,2
674,219,2,2
674,220,2,2
674,221,2,2
674,222,2,2
674,223,2,2
674,224,2,2
674,225,2,2
674,226,2,2
674,227,2,2
674,228,2,2
674,229,2,2
674,230,2,2
674,231,2,2
674,232,2,2
674,233,2,2
674,234,2,2
674,235,2,2
674,236,2,2
674,237,2,2
674,238,2,2
674,239,2,2
674,240,2,2
674,241,2,2
674,242,2,2
674,243,2,2
674,244,2,2
674,245,2,2
674,246,2,2
674,247,2,2
674,248,2,2
674,249,2,2
674,250,2,2
674,251,2,2
674,252,2,2
674,253,2,2
674,254,2,2
674,255,2,2
674,256,2,2
674,257,2,2
674,258,2,2
674,259,2,2
674,260,2,2
674,261,2,2
674,262,2,2
674,263,2,2
674,264,2,2
674,265,2,2
674,266,2,2
674,267,2,2
674,268,2,2
674,269,2,2
674,270,2,2
674,271,2,2
674,272,2,2
674,273,2,2
674,274,2,2
674,275,2,2
674,276,2,2
674,277,2,2
674,278,2,2
674,279,2,2
674,280,2,2
674,281,2,2
674,282,2,2
674,283,2,2
674,284,2,2
674,285,2,2
674,286,2,2
674,287,2,2
674,288,2,2
674,289,2,2
674,290,2,2
674,291,2,2
674,292,2,2
674,293,2,2
674,294,2,2
674,295,2,2
674,296,2,2
674,297,2,2
674,298,2,2
674,299,2,2
674,300,2,2
674,301,2,2
674,302,2,2
674,303,2,2
674,304,2,2
674,305,2,2
674,306,2,2
674,307,2,2
674,308,2,2
674,309,2,2
674,310,2,2
674,311,2,2
674,312,2,2
674,313,2,2
674,314,2,2
674,315,2,2
674,316,2,2
674,317,2,2
674,318,2,2
674,319,2,2
674,320,2,2
674,321,2,2
674,322,2,2
674,323,2,2
674,324,2,2
674,325,2,2
674,326,2,2
674,327,2,2
674,328,2,2
674,329,2,2
674,330,2,2
674,331,2,2
674,332,2,2
674,333,2,2
674,334,2,2
674,335,2,2
674,336,2,2
674,337,2,2
674,338,2,2
674,339,2,2
674,340,2,2
674,341,2,2
674,342,2,2
674,343,2,2
674,344,2,2
674,345,2,2
674,346,2,2
674,347,2,2
674,348,2,2
674,349,2,2
674,350,2,2
674,351,2,2
674,352,2,2
674,353,2,2
674,354,2,2
674,355,2,2
674,356,2,2
674,357,2,2
674,358,2,2
674,359,2,2
674,360,2,2
674,361,2,2
674,362,2,2
674,363,2,2
674,364,2,2
674,365,2,2
674,366,2,2
674,367,2,2
674,368,2,2
674,369,2,2
674,370,2,2
674,371,2,2
674,372,2,2
674,373,2,2
674,374,2,2
674,375,2,2
674,376,2,2
674,377,2,2
674,378,2,2
674,379,2,2
674,380,2,2
674,381,2,2
674,382,2,2
674,383,2,2
674,384,2,2
674,385,2,2
674,386,2,2
674,387,2,2
674,388,2,2
674,389,2,2
674,390,2,2
674,391,2,3
675,50,2,2
675,51,2,2
675,52,2,2
675,53,2,2
675,54,2,2
675,55,2,2
675,56,2,2
675,57,2,2
675,58,2,2
675,59,2,2
675,60,2,2
675,61,2,2
675,62,2,2
675,63,2,2
675,64,2,2
675,65,2,2
675,66,2,2
675,67,2,2
675,68,2,2
675,69,2,2
675,70,2,2
675,71,2,2
675,72,2,2
675,73,2,2
675,74,2,2
675,75,2,2
675,76,2,2
675,77,2,2
675,78,2,2
675,79,2,2
675,80,2,2
675,81,2,2
675,82,2,2
675,83,2,2
675,84,2,2
675,85,2,2
675,86,2,2
675,87,2,2
675,88,2,2
675,89,2,2
675,90,2,2
675,91,2,2
675,92,2,2
675,93,2,2
675,94,2,2
675,95,2,2
675,96,2,2
675,97,2,2
675,98,2,2
675,99,2,2
675,100,2,2
675,101,2,2
675,102,2,2
675,103,2,2
675,104,2,2
675,105,2,2
675,106,2,2
675,107,2,2
675,108,2,2
675,109,2,2
675,110,2,2
675,111,2,2
675,112,2,2
675,113,2,2
675,114,2,2
675,115,2,2
675,116,2,2
675,117,2,2
675,118,2,2
675,119,2,2
675,120,2,2
675,121,2,2
675,122,2,2
675,123,2,2
675,124,2,2
675,125,2,2
675,126,2,2
675,127,2,2
675,128,2,2
675,129,2,2
675,130,2,2
675,131,2,2
675,132,2,2
675,133,2,2
675,134,2,2
675,135,2,2
675,136,2,2
675,137,2,2
675,138,2,2
675,139,2,2
675,140,2,2
675,141,2,2
675,142,2,2
675,143,2,2
675,144,2,2
675,145,2,2
675,146,2,2
675,147,2,2
675,148,2,2
675,149,2,2
675,150,2,2
675,151,2,2
675,152,2,2
675,153,2,2
675,154,2,2
675,155,2,2
675,156,2,2
675,157,2,2
675,158,2,2
675,159,2,2
675,160,2,2
675,161,2,2
675,162,2,2
675,163,2,2
675,164,2,2
675,165,2,2
675,166,2,2
675,167,2,2
675,168,2,2
675,169,2,2
675,170,2,2
675,171,2,2
675,172,2,2
675,173,2,2
675,174,2,2
675,175,2,2
675,176,2,2
675,177,2,2
675,178,2,2
675,179,2,2
675,180,2,2
675,181,2,2
675,182,2,2
675,183,2,2
675,184,2,2
675,185,2,2
675,186,2,2
675,187,2,2
675,188,2,2
675,189,2,2
675,190,2,2
675,191,2,2
675,192,2,2
675,193,2,2
675,194,2,2
675,195,2,2
675,196,2,2
675,197,2,2
675,198,2,2
675,199,2,2
675,200,2,3
675,201,2,3
675,202,2,3
675,203,2,3
675,204,2,3
675,205,2,3
675,206,2,3
675,207,2,3
675,208,2,3
675,209,2,3
675,210,2,3
675,211,2,3
675,212,2,3
675,213,2,2
675,214,2,2
675,215,2,2
675,216,2,2
675,217,2,2
675,218,2,2
675,219,2,2
675,220,2,2
675,221,2,2
675,222,2,2
675,223,2,2
675,224,2,2
675,225,2,2
675,226,2,2
675,227,2,2
675,228,2,2
675,229,2,2
675,230,2,2
675,231,2,2
675,232,2,2
675,233,2,2
675,234,2,2
675,235,2,2
675,236,2,2
675,237,2,2
675,238,2,2
675,239,2,2
675,240,2,2
675,241,2,2
675,242,2,2
675,243,2,2
675,244,2,2
675,245,2,2
675,246,2,2
675,247,2,2
675,248,2,2
675,249,2,2
675,250,2,2
675,251,2,2
675,252,2,2
675,253,2,2
675,254,2,2
675,255,2,2
675,256,2,2
675,257,2,2
675,258,2,2
675,259,2,2
675,260,2,2
675,261,2,2
675,262,2,2
675,263,2,2
675,264,2,2
675,265,2,2
675,266,2,2
675,267,2,2
675,268,2,2
675,269,2,2
675,270,2,2
675,271,2,2
675,272,2,2
675,273,2,2
675,274,2,2
675,275,2,2
675,276,2,2
675,277,2,2
675,278,2,2
675,279,2,2
675,280,2,2
675,281,2,2
675,282,2,2
675,283,2,2
675,284,2,2
675,285,2,2
675,286,2,2
675,287,2,2
675,288,2,2
675,289,2,2
675,290,2,2
675,291,2,2
675,292,2,2
675,293,2,2
675,294,2,2
675,295,2,2
675,296,2,2
675,297,2,2
675,298,2,2
675,299,2,2
675,300,2,2
675,301,2,2
675,302,2,2
675,303,2,2
675,304,2,2
675,305,2,2
675,306,2,2
675,307,2,2
675,308,2,2
675,309,2,2
675,310,2,2
675,311,2,2
675,312,2,2
675,313,2,2
675,314,2,2
675,315,2,2
675,316,2,2
675,317,2,2
675,318,2,2
675,319,2,2
675,320,2,2
675,321,2,2
675,322,2,2
675,323,2,2
675,324,2,2
675,325,2,2
675,326,2,2
675,327,2,2
675,328,2,2
675,329,2,2
675,330,2,2
675,331,2,2
675,332,2,2
675,333,2,2
675,334,2,2
675,335,2,2
675,336,2,2
675,337,2,2
675,338,2,2
675,339,2,2
675,340,2,2
675,341,2,2
675,342,2,2
675,343,2,2
675,344,2,2
675,345,2,2
675,346,2,2
675,347,2,2
675,348,2,2
675,349,2,2
675,350,2,2
675,351,2,2
675,352,2,2
675,353,2,2
675,354,2,2
675,355,2,2
675,356,2,2
675,357,2,2
675,358,2,2
675,359,2,2
675,360,2,2
675,361,2,2
675,362,2,2
675,363,2,2
675,364,2,2
675,365,2,2
675,366,2,2
675,367,2,2
675,368,2,2
675,369,2,2
675,370,2,2
675,371,2,2
675,372,2,2
675,373,2,2
675,374,2,2
675,375,2,2
675,376,2,2
675,377,2,2
675,378,2,2
675,379,2,2
675,380,2,2
675,381,2,2
675,382,2,2
675,383,2,2
675,384,2,2
675,385,2,2
675,386,2,2
675,387,2,2
675,388,2,2
675,389,2,2
675,390,2,2
675,391,2,3
675,392,2,3
676,49,2,2
676,50,2,2
676,51,2,2
676,52,2,2
676,53,2,2
676,54,2,2
676,55,2,2
676,56,2,2
676,57,2,2
676,58,2,2
676,59,2,2
676,60,2,2
676,61,2,2
676,62,2,2
676,63,2,2
676,64,2,2
676,65,2,2
676,66,2,2
676,67,2,2
676,68,2,2
676,69,2,2
676,70,2,2
676,71,2,2
676,72,2,2
676,73,2,2
676,74,2,2
676,75,2,2
676,76,2,2
676,77,2,2
676,78,2,2
676,79,2,2
676,80,2,2
676,81,2,2
676,82,2,2
676,83,2,2
676,84,2,2
676,85,2,2
676,86,2,2
676,87,2,2
676,88,2,2
676,89,2,2
676,90,2,2
676,91,2,2
676,92,2,2
676,93,2,2
676,94,2,2
676,95,2,2
676,96,2,2
676,97,2,2
676,98,2,2
676,99,2,2
676,100,2,2
676,101,2,2
676,102,2,2
676,103,2,2
676,104,2,2
676,105,2,2
676,106,2,2
676,107,2,2
676,108,2,2
676,109,2,2
676,110,2,2
676,111,2,2
676,112,2,2
676,113,2,2
676,114,2,2
676,115,2,2
676,116,2,2
676,117,2,2
676,118,2,2
676,119,2,2
676,120,2,2
676,121,2,2
676,122,2,2
676,123,2,2
676,124,2,2
676,125,2,2
676,126,2,2
676,127,2,2
676,128,2,2
676,129,2,2
676,130,2,2
676,131,2,2
676,132,2,2
676,133,2,2
676,134,2,2
676,135,2,2
676,136,2,2
676,137,2,2
676,138,2,2
676,139,2,2
676,140,2,2
676,141,2,2
676,142,2,2
676,143,2,2
676,144,2,2
676,145,2,2
676,146,2,2
676,147,2,2
676,148,2,2
676,149,2,2
676,150,2,2
676,151,2,2
676,152,2,2
676,153,2,2
676,154,2,2
676,155,2,2
676,156,2,2
676,157,2,2
676,158,2,2
676,159,2,2
676,160,2,2
676,161,2,2
676,162,2,2
676,163,2,2
676,164,2,2
676,165,2,2
676,166,2,2
676,167,2,2
676,168,2,2
676,169,2,2
676,170,2,2
676,171,2,2
676,172,2,2
676,173,2,2
676,174,2,2
676,175,2,2
676,176,2,2
676,177,2,2
676,178,2,2
676,179,2,2
676,180,2,2
676,181,2,2
676,182,2,2
676,183,2,2
676,184,2,2
676,185,2,2
676,186,2,2
676,187,2,2
676,188,2,2
676,189,2,2
676,190,2,2
676,191,2,2
676,192,2,2
676,193,2,2
676,194,2,2
676,195,2,2
676,196,2,2
676,197,2,2
676,198,2,2
676,199,2,2
676,200,2,3
676,201,2,3
676,202,2,3
676,203,2,3
676,204,2,3
676,205,2,3
676,206,2,3
676,207,2,3
676,208,2,3
676,209,2,3
676,210,2,3
676,211,2,3
676,212,2,3
676,213,2,2
676,214,2,2
676,215,2,2
676,216,2,2
676,217,2,2
676,218,2,2
676,219,2,2
676,220,2,2
676,221,2,2
676,222,2,2
676,223,2,2
676,224,2,2
676,225,2,2
676,226,2,2
676,227,2,2
676,228,2,2
676,229,2,2
676,230,2,2
676,231,2,2
676,232,2,2
676,233,2,2
676,234,2,2
676,235,2,2
676,236,2,2
676,237,2,2
676,238,2,2
676,239,2,2
676,240,2,2
676,241,2,2
676,242,2,2
676,243,2,2
676,244,2,2
676,245,2,2
676,246,2,2
676,247,2,2
676,248,2,2
676,249,2,2
676,250,2,2
676,251,2,2
676,252,2,2
676,253,2,2
676,254,2,2
676,255,2,2
676,256,2,2
676,257,2,2
676,258,2,2
676,259,2,2
676,260,2,2
676,261,2,2
676,262,2,2
676,263,2,2
676,264,2,2
676,265,2,2
676,266,2,2
676,267,2,2
676,268,2,2
676,269,2,2
676,270,2,2
676,271,2,2
676,272,2,2
676,273,2,2
676,274,2,2
676,275,2,2
676,276,2,2
676,277,2,2
676,278,2,2
676,279,2,2
676,280,2,2
676,281,2,2
676,282,2,2
676,283,2,2
676,284,2,2
676,285,2,2
676,286,2,2
676,287,2,2
676,288,2,2
676,289,2,2
676,290,2,2
676,291,2,2
676,292,2,2
676,293,2,2
676,294,2,2
676,295,2,2
676,296,2,2
676,297,2,2
676,298,2,2
676,299,2,2
676,300,2,2
676,301,2,2
676,302,2,2
676,303,2,2
676,304,2,2
676,305,2,2
676,306,2,2
676,307,2,2
676,308,2,2
676,309,2,2
676,310,2,2
676,311,2,2
676,312,2,2
676,313,2,2
676,314,2,2
676,315,2,2
676,316,2,2
676,317,2,2
676,318,2,2
676,319,2,2
676,320,2,2
676,321,2,2
676,322,2,2
676,323,2,2
676,324,2,2
676,325,2,2
676,326,2,2
676,327,2,2
676,328,2,2
676,329,2,2
676,330,2,2
676,331,2,2
676,332,2,2
676,333,2,2
676,334,2,2
676,335,2,2
676,336,2,2
676,337,2,2
676,338,2,2
676,339,2,2
676,340,2,2
676,341,2,2
676,342,2,2
676,343,2,2
676,344,2,2
676,345,2,2
676,346,2,2
676,347,2,2
676,348,2,2
676,349,2,2
676,350,2,2
676,351,2,2
676,352,2,2
676,353,2,2
676,354,2,2
676,355,2,2
676,356,2,2
676,357,2,2
676,358,2,2
676,359,2,2
676,360,2,2
676,361,2,2
676,362,2,2
676,363,2,2
676,364,2,2
676,365,2,2
676,366,2,2
676,367,2,2
676,368,2,2
676,369,2,2
676,370,2,2
676,371,2,2
676,372,2,2
676,373,2,2
676,374,2,2
676,375,2,2
676,376,2,2
676,377,2,2
676,378,2,2
676,379,2,2
676,380,2,2
676,381,2,2
676,382,2,2
676,383,2,2
676,384,2,2
676,385,2,2
676,386,2,2
676,387,2,2
676,388,2,2
676,389,2,2
676,390,2,2
676,391,2,2
676,392,2,3
676,393,2,3
677,49,2,2
677,50,2,2
677,51,2,2
677,52,2,2
677,53,2,2
677,54,2,2
677,55,2,2
677,56,2,2
677,57,2,2
677,58,2,2
677,59,2,2
677,60,2,2
677,61,2,2
677,62,2,2
677,63,2,2
677,64,2,2
677,65,2,2
677,66,2,2
677,67,2,2
677,68,2,2
677,69,2,2
677,70,2,2
677,71,2,2
677,72,2,2
677,73,2,2
677,74,2,2
677,75,2,2
677,76,2,2
677,77,2,2
677,78,2,2
677,79,2,2
677,80,2,2
677,81,2,2
677,82,2,2
677,83,2,2
677,84,2,2
677,85,2,2
677,86,2,2
677,87,2,2
677,88,2,2
677,89,2,2
677,90,2,2
677,91,2,2
677,92,2,2
677,93,2,2
677,94,2,2
677,95,2,2
677,96,2,2
677,97,2,2
677,98,2,2
677,99,2,2
677,100,2,2
677,101,2,2
677,102,2,2
677,103,2,2
677,104,2,2
677,105,2,2
677,106,2,2
677,107,2,2
677,108,2,2
677,109,2,2
677,110,2,2
677,111,2,2
677,112,2,2
677,113,2,2
677,114,2,2
677,115,2,2
677,116,2,2
677,117,2,2
677,118,2,2
677,119,2,2
677,120,2,2
677,121,2,2
677,122,2,2
677,123,2,2
677,124,2,2
677,125,2,2
677,126,2,2
677,127,2,2
677,128,2,2
677,129,2,2
677,130,2,2
677,131,2,2
677,132,2,2
677,133,2,2
677,134,2,2
677,135,2,2
677,136,2,2
677,137,2,2
677,138,2,2
677,139,2,2
677,140,2,2
677,141,2,2
677,142,2,2
677,143,2,2
677,144,2,2
677,145,2,2
677,146,2,2
677,147,2,2
677,148,2,2
677,149,2,2
677,150,2,2
677,151,2,2
677,152,2,2
677,153,2,2
677,154,2,2
677,155,2,2
677,156,2,2
677,157,2,2
677,158,2,2
677,159,2,2
677,160,2,2
677,161,2,2
677,162,2,2
677,163,2,2
677,164,2,2
677,165,2,2
677,166,2,2
677,167,2,2
677,168,2,2
677,169,2,2
677,170,2,2
677,171,2,2
677,172,2,2
677,173,2,2
677,174,2,2
677,175,2,2
677,176,2,2
677,177,2,2
677,178,2,2
677,179,2,2
677,180,2,2
677,181,2,2
677,182,2,2
677,183,2,2
677,184,2,2
677,185,2,2
677,186,2,2
677,187,2,2
677,188,2,2
677,189,2,2
677,190,2,2
677,191,2,2
677,192,2,2
677,193,2,2
677,194,2,2
677,195,2,2
677,196,2,2
677,197,2,2
677,198,2,2
677,199,2,3
677,200,2,3
677,201,2,3
677,202,2,3
677,203,2,3
677,204,2,3
677,205,2,3
677,206,2,3
677,207,2,3
677,208,2,3
677,209,2,3
677,210,2,3
677,211,2,3
677,212,2,3
677,213,2,3
677,214,2,2
677,215,2,2
677,216,2,2
677,217,2,2
677,218,2,2
677,219,2,2
677,220,2,2
677,221,2,2
677,222,2,2
677,223,2,2
677,224,2,2
677,225,2,2
677,226,2,2
677,227,2,2
677,228,2,2
677,229,2,2
677,230,2,2
677,231,2,2
677,232,2,2
677,233,2,2
677,234,2,2
677,235,2,2
677,236,2,2
677,237,2,2
677,238,2,2
677,239,2,2
677,240,2,2
677,241,2,2
677,242,2,2
677,243,2,2
677,244,2,2
677,245,2,2
677,246,2,2
677,247,2,2
677,248,2,2
677,249,2,2
677,250,2,2
677,251,2,2
677,252,2,2
677,253,2,2
677,254,2,2
677,255,2,2
677,256,2,2
677,257,2,2
677,258,2,2
677,259,2,2
677,260,2,2
677,261,2,2
677,262,2,2
677,263,2,2
677,264,2,2
677,265,2,2
677,266,2,2
677,267,2,2
677,268,2,2
677,269,2,2
677,270,2,2
677,271,2,2
677,272,2,2
677,273,2,2
677,274,2,2
677,275,2,2
677,276,2,2
677,277,2,2
677,278,2,2
677,279,2,2
677,280,2,2
677,281,2,2
677,282,2,2
677,283,2,2
677,284,2,2
677,285,2,2
677,286,2,2
677,287,2,2
677,288,2,2
677,289,2,2
677,290,2,2
677,291,2,2
677,292,2,2
677,293,2,2
677,294,2,2
677,295,2,2
677,296,2,2
677,297,2,2
677,298,2,2
677,299,2,2
677,300,2,2
677,301,2,2
677,302,2,2
677,303,2,2
677,304,2,2
677,305,2,2
677,306,2,2
677,307,2,2
677,308,2,2
677,309,2,2
677,310,2,2
677,311,2,2
677,312,2,2
677,313,2,2
677,314,2,2
677,315,2,2
677,316,2,2
677,317,2,2
677,318,2,2
677,319,2,2
677,320,2,2
677,321,2,2
677,322,2,2
677,323,2,2
677,324,2,2
677,325,2,2
677,326,2,2
677,327,2,2
677,328,2,2
677,329,2,2
677,330,2,2
677,331,2,2
677,332,2,2
677,333,2,2
677,334,2,2
677,335,2,2
677,336,2,2
677,337,2,2
677,338,2,2
677,339,2,2
677,340,2,2
677,341,2,2
677,342,2,2
677,343,2,2
677,344,2,2
677,345,2,2
677,346,2,2
677,347,2,2
677,348,2,2
677,349,2,2
677,350,2,2
677,351,2,2
677,352,2,2
677,353,2,2
677,354,2,2
677,355,2,2
677,356,2,2
677,357,2,2
677,358,2,2
677,359,2,2
677,360,2,2
677,361,2,2
677,362,2,2
677,363,2,2
677,364,2,2
677,365,2,2
677,366,2,2
677,367,2,2
677,368,2,2
677,369,2,2
677,370,2,2
677,371,2,2
677,372,2,2
677,373,2,2
677,374,2,2
677,375,2,2
677,376,2,2
677,377,2,2
677,378,2,2
677,379,2,2
677,380,2,2
677,381,2,2
677,382,2,2
677,383,2,2
677,384,2,2
677,385,2,2
677,386,2,2
677,387,2,2
677,388,2,2
677,389,2,2
677,390,2,2
677,391,2,2
677,392,2,3
677,393,2,3
677,394,2,3
678,49,2,2
678,50,2,2
678,51,2,2
678,52,2,2
678,53,2,2
678,54,2,2
678,55,2,2
678,56,2,2
678,57,2,2
678,58,2,2
678,59,2,2
678,60,2,2
678,61,2,2
678,62,2,2
678,63,2,2
678,64,2,2
678,65,2,2
678,66,2,2
678,67,2,2
678,68,2,2
678,69,2,2
678,70,2,2
678,71,2,2
678,72,2,2
678,73,2,2
678,74,2,2
678,75,2,2
678,76,2,2
678,77,2,2
678,78,2,2
678,79,2,2
678,80,2,2
678,81,2,2
678,82,2,2
678,83,2,2
678,84,2,2
678,85,2,2
678,86,2,2
678,87,2,2
678,88,2,2
678,89,2,2
678,90,2,2
678,91,2,2
678,92,2,2
678,93,2,2
678,94,2,2
678,95,2,2
678,96,2,2
678,97,2,2
678,98,2,2
678,99,2,2
678,100,2,2
678,101,2,2
678,102,2,2
678,103,2,2
678,104,2,2
678,105,2,2
678,106,2,2
678,107,2,2
678,108,2,2
678,109,2,2
678,110,2,2
678,111,2,2
678,112,2,2
678,113,2,2
678,114,2,2
678,115,2,2
678,116,2,2
678,117,2,2
678,118,2,2
678,119,2,2
678,120,2,2
678,121,2,2
678,122,2,2
678,123,2,2
678,124,2,2
678,125,2,2
678,126,2,2
678,127,2,2
678,128,2,2
678,129,2,2
678,130,2,2
678,131,2,2
678,132,2,2
678,133,2,2
678,134,2,2
678,135,2,2
678,136,2,2
678,137,2,2
678,138,2,2
678,139,2,2
678,140,2,2
678,141,2,2
678,142,2,2
678,143,2,2
678,144,2,2
678,145,2,2
678,146,2,2
678,147,2,2
678,148,2,2
678,149,2,2
678,150,2,2
678,151,2,2
678,152,2,2
678,153,2,2
678,154,2,2
678,155,2,2
678,156,2,2
678,157,2,2
678,158,2,2
678,159,2,2
678,160,2,2
678,161,2,2
678,162,2,2
678,163,2,2
678,164,2,2
678,165,2,2
678,166,2,2
678,167,2,2
678,168,2,2
678,169,2,2
678,170,2,2
678,171,2,2
678,172,2,2
678,173,2,2
678,174,2,2
678,175,2,2
678,176,2,2
678,177,2,2
678,178,2,2
678,179,2,2
678,180,2,2
678,181,2,2
678,182,2,2
678,183,2,2
678,184,2,2
678,185,2,2
678,186,2,2
678,187,2,2
678,188,2,2
678,189,2,2
678,190,2,2
678,191,2,2
678,192,2,2
678,193,2,2
678,194,2,2
678,195,2,2
678,196,2,2
678,197,2,2
678,198,2,2
678,199,2,3
678,200,2,3
678,201,2,3
678,202,2,3
678,203,2,3
678,204,2,3
678,205,2,3
678,206,2,3
678,207,2,3
678,208,2,3
678,209,2,3
678,210,2,3
678,211,2,3
678,212,2,3
678,213,2,3
678,214,2,2
678,215,2,2
678,216,2,2
678,217,2,2
678,218,2,2
678,219,2,2
678,220,2,2
678,221,2,2
678,222,2,2
678,223,2,2
678,224,2,2
678,225,2,2
678,226,2,2
678,227,2,2
678,228,2,2
678,229,2,2
678,230,2,2
678,231,2,2
678,232,2,2
678,233,2,2
678,234,2,2
678,235,2,2
678,236,2,2
678,237,2,2
678,238,2,2
678,239,2,2
678,240,2,2
678,241,2,2
678,242,2,2
678,243,2,2
678,244,2,2
678,245,2,2
678,246,2,2
678,247,2,2
678,248,2,2
678,249,2,2
678,250,2,2
678,251,2,2
678,252,2,2
678,253,2,2
678,254,2,2
678,255,2,2
678,256,2,2
678,257,2,2
678,258,2,2
678,259,2,2
678,260,2,2
678,261,2,2
678,262,2,2
678,263,2,2
678,264,2,2
678,265,2,2
678,266,2,2
678,267,2,2
678,268,2,2
678,269,2,2
678,270,2,2
678,271,2,2
678,272,2,2
678,273,2,2
678,274,2,2
678,275,2,2
678,276,2,2
678,277,2,2
678,278,2,2
678,279,2,2
678,280,2,2
678,281,2,2
678,282,2,2
678,283,2,2
678,284,2,2
678,285,2,2
678,286,2,2
678,287,2,2
678,288,2,2
678,289,2,2
678,290,2,2
678,291,2,2
678,292,2,2
678,293,2,2
678,294,2,2
678,295,2,2
678,296,2,2
678,297,2,2
678,298,2,2
678,299,2,2
678,300,2,2
678,301,2,2
678,302,2,2
678,303,2,2
678,304,2,2
678,305,2,2
678,306,2,2
678,307,2,2
678,308,2,2
678,309,2,2
678,310,2,2
678,311,2,2
678,312,2,2
678,313,2,2
678,314,2,2
678,315,2,2
678,316,2,2
678,317,2,2
678,318,2,2
678,319,2,2
678,320,2,2
678,321,2,2
678,322,2,2
678,323,2,2
678,324,2,2
678,325,2,2
678,326,2,2
678,327,2,2
678,328,2,2
678,329,2,2
678,330,2,2
678,331,2,2
678,332,2,2
678,333,2,2
678,334,2,2
678,335,2,2
678,336,2,2
678,337,2,2
678,338,2,2
678,339,2,2
678,340,2,2
678,341,2,2
678,342,2,2
678,343,2,2
678,344,2,2
678,345,2,2
678,346,2,2
678,347,2,2
678,348,2,2
678,349,2,2
678,350,2,2
678,351,2,2
678,352,2,2
678,353,2,2
678,354,2,2
678,355,2,2
678,356,2,2
678,357,2,2
678,358,2,2
678,359,2,2
678,360,2,2
678,361,2,2
678,362,2,2
678,363,2,2
678,364,2,2
678,365,2,2
678,366,2,2
678,367,2,2
678,368,2,2
678,369,2,2
678,370,2,2
678,371,2,2
678,372,2,2
678,373,2,2
678,374,2,2
678,375,2,2
678,376,2,2
678,377,2,2
678,378,2,2
678,379,2,2
678,380,2,2
678,381,2,2
678,382,2,2
678,383,2,2
678,384,2,2
678,385,2,2
678,386,2,2
678,387,2,2
678,388,2,2
678,389,2,2
678,390,2,2
678,391,2,2
678,392,2,2
678,393,2,2
678,394,2,3
679,49,2,2
679,50,2,2
679,51,2,2
679,52,2,2
679,53,2,2
679,54,2,2
679,55,2,2
679,56,2,2
679,57,2,2
679,58,2,2
679,59,2,2
679,60,2,2
679,61,2,2
679,62,2,2
679,63,2,2
679,64,2,2
679,65,2,2
679,66,2,2
679,67,2,2
679,68,2,2
679,69,2,2
679,70,2,2
679,71,2,2
679,72,2,2
679,73,2,2
679,74,2,2
679,75,2,2
679,76,2,2
679,77,2,2
679,78,2,2
679,79,2,2
679,80,2,2
679,81,2,2
679,82,2,2
679,83,2,2
679,84,2,2
679,85,2,2
679,86,2,2
679,87,2,2
679,88,2,2
679,89,2,2
679,90,2,2
679,91,2,2
679,92,2,2
679,93,2,2
679,94,2,2
679,95,2,2
679,96,2,2
679,97,2,2
679,98,2,2
679,99,2,2
679,100,2,2
679,101,2,2
679,102,2,2
679,103,2,2
679,104,2,2
679,105,2,2
679,106,2,2
679,107,2,2
679,108,2,2
679,109,2,2
679,110,2,2
679,111,2,2
679,112,2,2
679,113,2,2
679,114,2,2
679,115,2,2
679,116,2,2
679,117,2,2
679,118,2,2
679,119,2,2
679,120,2,2
679,121,2,2
679,122,2,2
679,123,2,2
679,124,2,2
679,125,2,2
679,126,2,2
679,127,2,2
679,128,2,2
679,129,2,2
679,130,2,2
679,131,2,2
679,132,2,2
679,133,2,2
679,134,2,2
679,135,2,2
679,136,2,2
679,137,2,2
679,138,2,2
679,139,2,2
679,140,2,2
679,141,2,2
679,142,2,2
679,143,2,2
679,144,2,2
679,145,2,2
679,146,2,2
679,147,2,2
679,148,2,2
679,149,2,2
679,150,2,2
679,151,2,2
679,152,2,2
679,153,2,2
679,154,2,2
679,155,2,2
679,156,2,2
679,157,2,2
679,158,2,2
679,159,2,2
679,160,2,2
679,161,2,2
679,162,2,2
679,163,2,2
679,164,2,2
679,165,2,2
679,166,2,2
679,167,2,2
679,168,2,2
679,169,2,2
679,170,2,2
679,171,2,2
679,172,2,2
679,173,2,2
679,174,2,2
679,175,2,2
679,176,2,2
679,177,2,2
679,178,2,2
679,179,2,2
679,180,2,2
679,181,2,2
679,182,2,2
679,183,2,2
679,184,2,2
679,185,2,2
679,186,2,2
679,187,2,2
679,188,2,2
679,189,2,2
679,190,2,2
679,191,2,2
679,192,2,2
679,193,2,2
679,194,2,2
679,195,2,2
679,196,2,2
679,197,2,2
679,198,2,2
679,199,2,3
679,200,2,3
679,201,2,3
679,202,2,3
679,203,2,3
679,204,2,3
679,205,2,3
679,206,2,3
679,207,2,3
679,208,2,3
679,209,2,3
679,210,2,3
679,211,2,3
679,212,2,3
679,213,2,3
679,214,2,2
679,215,2,2
679,216,2,2
679,217,2,2
679,218,2,2
679,219,2,2
679,220,2,2
679,221,2,2
679,222,2,2
679,223,2,2
679,224,2,2
679,225,2,2
679,226,2,2
679,227,2,2
679,228,2,2
679,229,2,2
679,230,2,2
679,231,2,2
679,232,2,2
679,233,2,2
679,234,2,2
679,235,2,2
679,236,2,2
679,237,2,2
679,238,2,2
679,239,2,2
679,240,2,2
679,241,2,2
679,242,2,2
679,243,2,2
679,244,2,2
679,245,2,2
679,246,2,2
679,247,2,2
679,248,2,2
679,249,2,2
679,250,2,2
679,251,2,2
679,252,2,2
679,253,2,2
679,254,2,2
679,255,2,2
679,256,2,2
679,257,2,2
679,258,2,2
679,259,2,2
679,260,2,2
679,261,2,2
679,262,2,2
679,263,2,2
679,264,2,2
679,265,2,2
679,266,2,2
679,267,2,2
679,268,2,2
679,269,2,2
679,270,2,2
679,271,2,2
679,272,2,2
679,273,2,2
679,274,2,2
679,275,2,2
679,276,2,2
679,277,2,2
679,278,2,2
679,279,2,2
679,280,2,2
679,281,2,2
679,282,2,2
679,283,2,2
679,284,2,2
679,285,2,2
679,286,2,2
679,287,2,2
679,288,2,2
679,289,2,2
679,290,2,2
679,291,2,2
679,292,2,2
679,293,2,2
679,294,2,2
679,295,2,2
679,296,2,2
679,297,2,2
679,298,2,2
679,299,2,2
679,300,2,2
679,301,2,2
679,302,2,2
679,303,2,2
679,304,2,2
679,305,2,2
679,306,2,2
679,307,2,2
679,308,2,2
679,309,2,2
679,310,2,2
679,311,2,2
679,312,2,2
679,313,2,2
679,314,2,2
679,315,2,2
679,316,2,2
679,317,2,2
679,318,2,2
679,319,2,2
679,320,2,2
679,321,2,2
679,322,2,2
679,323,2,2
679,324,2,2
679,325,2,2
679,326,2,2
679,327,2,2
679,328,2,2
679,329,2,2
679,330,2,2
679,331,2,2
679,332,2,2
679,333,2,2
679,334,2,2
679,335,2,2
679,336,2,2
679,337,2,2
679,338,2,2
679,339,2,2
679,340,2,2
679,341,2,2
679,342,2,2
679,343,2,2
679,344,2,2
679,345,2,2
679,346,2,2
679,347,2,2
679,348,2,2
679,349,2,2
679,350,2,2
679,351,2,2
679,352,2,2
679,353,2,2
679,354,2,2
679,355,2,2
679,356,2,2
679,357,2,2
679,358,2,2
679,359,2,2
679,360,2,2
679,361,2,2
679,362,2,2
679,363,2,2
679,364,2,2
679,365,2,2
679,366,2,2
679,367,2,2
679,368,2,2
679,369,2,2
679,370,2,2
679,371,2,2
679,372,2,2
679,373,2,2
679,374,2,2
679,375,2,2
679,376,2,2
679,377,2,2
679,378,2,2
679,379,2,2
679,380,2,2
679,381,2,2
679,382,2,2
679,383,2,2
679,384,2,2
679,385,2,2
679,386,2,2
679,387,2,2
679,388,2,2
679,389,2,2
679,390,2,2
679,391,2,2
679,392,2,2
679,393,2,2
679,394,2,3
679,395,2,3
680,48,2,2
680,49,2,2
680,50,2,2
680,51,2,2
680,52,2,2
680,53,2,2
680,54,2,2
680,55,2,2
680,56,2,2
680,57,2,2
680,58,2,2
680,59,2,2
680,60,2,2
680,61,2,2
680,62,2,2
680,63,2,2
680,64,2,2
680,65,2,2
680,66,2,2
680,67,2,2
680,68,2,2
680,69,2,2
680,70,2,2
680,71,2,2
680,72,2,2
680,73,2,2
680,74,2,2
680,75,2,2
680,76,2,2
680,77,2,2
680,78,2,2
680,79,2,2
680,80,2,2
680,81,2,2
680,82,2,2
680,83,2,2
680,84,2,2
680,85,2,2
680,86,2,2
680,87,2,2
680,88,2,2
680,89,2,2
680,90,2,2
680,91,2,2
680,92,2,2
680,93,2,2
680,94,2,2
680,95,2,2
680,96,2,2
680,97,2,2
680,98,2,2
680,99,2,2
680,100,2,2
680,101,2,2
680,102,2,2
680,103,2,2
680,104,2,2
680,105,2,2
680,106,2,2
680,107,2,2
680,108,2,2
680,109,2,2
680,110,2,2
680,111,2,2
680,112,2,2
680,113,2,2
680,114,2,2
680,115,2,2
680,116,2,2
680,117,2,2
680,118,2,2
680,119,2,2
680,120,2,2
680,121,2,2
680,122,2,2
680,123,2,2
680,124,2,2
680,125,2,2
680,126,2,2
680,127,2,2
680,128,2,2
680,129,2,2
680,130,2,2
680,131,2,2
680,132,2,2
680,133,2,2
680,134,2,2
680,135,2,2
680,136,2,2
680,137,2,2
680,138,2,2
680,139,2,2
680,140,2,2
680,141,2,2
680,142,2,2
680,143,2,2
680,144,2,2
680,145,2,2
680,146,2,2
680,147,2,2
680,148,2,2
680,149,2,2
680,150,2,2
680,151,2,2
680,152,2,2
680,153,2,2
680,154,2,2
680,155,2,2
680,156,2,2
680,157,2,2
680,158,2,2
680,159,2,2
680,160,2,2
680,161,2,2
680,162,2,2
680,163,2,2
680,164,2,2
680,165,2,2
680,166,2,2
680,167,2,2
680,168,2,2
680,169,2,2
680,170,2,2
680,171,2,2
680,172,2,2
680,173,2,2
680,174,2,2
680,175,2,2
680,176,2,2
680,177,2,2
680,178,2,2
680,179,2,2
680,180,2,2
680,181,2,2
680,182,2,2
680,183,2,2
680,184,2,2
680,185,2,2
680,186,2,2
680,187,2,2
680,188,2,2
680,189,2,2
680,190,2,2
680,191,2,2
680,192,2,2
680,193,2,2
680,194,2,2
680,195,2,2
680,196,2,2
680,197,2,2
680,198,2,2
680,199,2,3
680,200,2,3
680,201,2,3
680,202,2,3
680,203,2,3
680,204,2,3
680,205,2,3
680,206,2,3
680,207,2,3
680,208,2,3
680,209,2,3
680,210,2,3
680,211,2,3
680,212,2,3
680,213,2,3
680,214,2,2
680,215,2,2
680,216,2,2
680,217,2,2
680,218,2,2
680,219,2,2
680,220,2,2
680,221,2,2
680,222,2,2
680,223,2,2
680,224,2,2
680,225,2,2
680,226,2,2
680,227,2,2
680,228,2,2
680,229,2,2
680,230,2,2
680,231,2,2
680,232,2,2
680,233,2,2
680,234,2,2
680,235,2,2
680,236,2,2
680,237,2,2
680,238,2,2
680,239,2,2
680,240,2,2
680,241,2,2
680,242,2,2
680,243,2,2
680,244,2,2
680,245,2,2
680,246,2,2
680,247,2,2
680,248,2,2
680,249,2,2
680,250,2,2
680,251,2,2
680,252,2,2
680,253,2,2
680,254,2,2
680,255,2,2
680,256,2,2
680,257,2,2
680,258,2,2
680,259,2,2
680,260,2,2
680,261,2,2
680,262,2,2
680,263,2,2
680,264,2,2
680,265,2,2
680,266,2,2
680,267,2,2
680,268,2,2
680,269,2,2
680,270,2,2
680,271,2,2
680,272,2,2
680,273,2,2
680,274,2,2
680,275,2,2
680,276,2,2
680,277,2,2
680,278,2,2
680,279,2,2
680,280,2,2
680,281,2,2
680,282,2,2
680,283,2,2
680,284,2,2
680,285,2,2
680,286,2,2
680,287,2,2
680,288,2,2
680,289,2,2
680,290,2,2
680,291,2,2
680,292,2,2
680,293,2,2
680,294,2,2
680,295,2,2
680,296,2,2
680,297,2,2
680,298,2,2
680,299,2,2
680,300,2,2
680,301,2,2
680,302,2,2
680,303,2,2
680,304,2,2
680,305,2,2
680,306,2,2
680,307,2,2
680,308,2,2
680,309,2,2
680,310,2,2
680,311,2,2
680,312,2,2
680,313,2,2
680,314,2,2
680,315,2,2
680,316,2,2
680,317,2,2
680,318,2,2
680,319,2,2
680,320,2,2
680,321,2,2
680,322,2,2
680,323,2,2
680,324,2,2
680,325,2,2
680,326,2,2
680,327,2,2
680,328,2,2
680,329,2,2
680,330,2,2
680,331,2,2
680,332,2,2
680,333,2,2
680,334,2,2
680,335,2,2
680,336,2,2
680,337,2,2
680,338,2,2
680,339,2,2
680,340,2,2
680,341,2,2
680,342,2,2
680,343,2,2
680,344,2,2
680,345,2,2
680,346,2,2
680,347,2,2
680,348,2,2
680,349,2,2
680,350,2,2
680,351,2,2
680,352,2,2
680,353,2,2
680,354,2,2
680,355,2,2
680,356,2,2
680,357,2,2
680,358,2,2
680,359,2,2
680,360,2,2
680,361,2,2
680,362,2,2
680,363,2,2
680,364,2,2
680,365,2,2
680,366,2,2
680,367,2,2
680,368,2,2
680,369,2,2
680,370,2,2
680,371,2,2
680,372,2,2
680,373,2,2
680,374,2,2
680,375,2,2
680,376,2,2
680,377,2,2
680,378,2,2
680,379,2,2
680,380,2,2
680,381,2,2
680,382,2,2
680,383,2,2
680,384,2,2
680,385,2,2
680,386,2,2
680,387,2,2
680,388,2,2
680,389,2,2
680,390,2,2
680,391,2,2
680,392,2,2
680,393,2,2
680,394,2,2
680,395,2,3
681,47,2,2
681,48,2,2
681,49,2,2
681,50,2,2
681,51,2,2
681,52,2,2
681,53,2,2
681,54,2,2
681,55,2,2
681,56,2,2
681,57,2,2
681,58,2,2
681,59,2,2
681,60,2,2
681,61,2,2
681,62,2,2
681,63,2,2
681,64,2,2
681,65,2,2
681,66,2,2
681,67,2,2
681,68,2,2
681,69,2,2
681,70,2,2
681,71,2,2
681,72,2,2
681,73,2,2
681,74,2,2
681,75,2,2
681,76,2,2
681,77,2,2
681,78,2,2
681,79,2,2
681,80,2,2
681,81,2,2
681,82,2,2
681,83,2,2
681,84,2,2
681,85,2,2
681,86,2,2
681,87,2,2
681,88,2,2
681,89,2,2
681,90,2,2
681,91,2,2
681,92,2,2
681,93,2,2
681,94,2,2
681,95,2,2
681,96,2,2
681,97,2,2
681,98,2,2
681,99,2,2
681,100,2,2
681,101,2,2
681,102,2,2
681,103,2,2
681,104,2,2
681,105,2,2
681,106,2,2
681,107,2,2
681,108,2,2
681,109,2,2
681,110,2,2
681,111,2,2
681,112,2,2
681,113,2,2
681,114,2,2
681,115,2,2
681,116,2,2
681,117,2,2
681,118,2,2
681,119,2,2
681,120,2,2
681,121,2,2
681,122,2,2
681,123,2,2
681,124,2,2
681,125,2,2
681,126,2,2
681,127,2,2
681,128,2,2
681,129,2,2
681,130,2,2
681,131,2,2
681,132,2,2
681,133,2,2
681,134,2,2
681,135,2,2
681,136,2,2
681,137,2,2
681,138,2,2
681,139,2,2
681,140,2,2
681,141,2,2
681,142,2,2
681,143,2,2
681,144,2,2
681,145,2,2
681,146,2,2
681,147,2,2
681,148,2,2
681,149,2,2
681,150,2,2
681,151,2,2
681,152,2,2
681,153,2,2
681,154,2,2
681,155,2,2
681,156,2,2
681,157,2,2
681,158,2,2
681,159,2,2
681,160,2,2
681,161,2,2
681,162,2,2
681,163,2,2
681,164,2,2
681,165,2,2
681,166,2,2
681,167,2,2
681,168,2,2
681,169,2,2
681,170,2,2
681,171,2,2
681,172,2,2
681,173,2,2
681,174,2,2
681,175,2,2
681,176,2,2
681,177,2,2
681,178,2,2
681,179,2,2
681,180,2,2
681,181,2,2
681,182,2,2
681,183,2,2
681,184,2,2
681,185,2,2
681,186,2,2
681,187,2,2
681,188,2,2
681,189,2,2
681,190,2,2
681,191,2,2
681,192,2,2
681,193,2,2
681,194,2,2
681,195,2,2
681,196,2,2
681,197,2,2
681,198,2,2
681,199,2,3
681,200,2,3
681,201,2,3
681,202,2,3
681,203,2,3
681,204,2,3
681,205,2,3
681,206,2,3
681,207,2,3
681,208,2,3
681,209,2,3
681,210,2,3
681,211,2,3
681,212,2,3
681,213,2,2
681,214,2,2
681,215,2,2
681,216,2,2
681,217,2,2
681,218,2,2
681,219,2,2
681,220,2,2
681,221,2,2
681,222,2,2
681,223,2,2
681,224,2,2
681,225,2,2
681,226,2,2
681,227,2,2
681,228,2,2
681,229,2,2
681,230,2,2
681,231,2,2
681,232,2,2
681,233,2,2
681,234,2,2
681,235,2,2
681,236,2,2
681,237,2,2
681,238,2,2
681,239,2,2
681,240,2,2
681,241,2,2
681,242,2,2
681,243,2,2
681,244,2,2
681,245,2,2
681,246,2,2
681,247,2,2
681,248,2,2
681,249,2,2
681,250,2,2
681,251,2,2
681,252,2,2
681,253,2,2
681,254,2,2
681,255,2,2
681,256,2,2
681,257,2,2
681,258,2,2
681,259,2,2
681,260,2,2
681,261,2,2
681,262,2,2
681,263,2,2
681,264,2,2
681,265,2,2
681,266,2,2
681,267,2,2
681,268,2,2
681,269,2,2
681,270,2,2
681,271,2,2
681,272,2,2
681,273,2,2
681,274,2,2
681,275,2,2
681,276,2,2
681,277,2,2
681,278,2,2
681,279,2,2
681,280,2,2
681,281,2,2
681,282,2,2
681,283,2,2
681,284,2,2
681,285,2,2
681,286,2,2
681,287,2,2
681,288,2,2
681,289,2,2
681,290,2,2
681,291,2,2
681,292,2,2
681,293,2,2
681,294,2,2
681,295,2,2
681,296,2,2
681,297,2,2
681,298,2,2
681,299,2,2
681,300,2,2
681,301,2,2
681,302,2,2
681,303,2,2
681,304,2,2
681,305,2,2
681,306,2,2
681,307,2,2
681,308,2,2
681,309,2,2
681,310,2,2
681,311,2,2
681,312,2,2
681,313,2,2
681,314,2,2
681,315,2,2
681,316,2,2
681,317,2,2
681,318,2,2
681,319,2,2
681,320,2,2
681,321,2,2
681,322,2,2
681,323,2,2
681,324,2,2
681,325,2,2
681,326,2,2
681,327,2,2
681,328,2,2
681,329,2,2
681,330,2,2
681,331,2,2
681,332,2,2
681,333,2,2
681,334,2,2
681,335,2,2
681,336,2,2
681,337,2,2
681,338,2,2
681,339,2,2
681,340,2,2
681,341,2,2
681,342,2,2
681,343,2,2
681,344,2,2
681,345,2,2
681,346,2,2
681,347,2,2
681,348,2,2
681,349,2,2
681,350,2,2
681,351,2,2
681,352,2,2
681,353,2,2
681,354,2,2
681,355,2,2
681,356,2,2
681,357,2,2
681,358,2,2
681,359,2,2
681,360,2,2
681,361,2,2
681,362,2,2
681,363,2,2
681,364,2,2
681,365,2,2
681,366,2,2
681,367,2,2
681,368,2,2
681,369,2,2
681,370,2,2
681,371,2,2
681,372,2,2
681,373,2,2
681,374,2,2
681,375,2,2
681,376,2,2
681,377,2,2
681,378,2,2
681,379,2,2
681,380,2,2
681,381,2,2
681,382,2,2
681,383,2,2
681,384,2,2
681,385,2,2
681,386,2,2
681,387,2,2
681,388,2,2
681,389,2,2
681,390,2,2
681,391,2,2
681,392,2,2
681,393,2,2
681,394,2,2
681,395,2,3
681,396,2,3
682,47,2,2
682,48,2,2
682,49,2,2
682,50,2,2
682,51,2,2
682,52,2,2
682,53,2,2
682,54,2,2
682,55,2,2
682,56,2,2
682,57,2,2
682,58,2,2
682,59,2,2
682,60,2,2
682,61,2,2
682,62,2,2
682,63,2,2
682,64,2,2
682,65,2,2
682,66,2,2
682,67,2,2
682,68,2,2
682,69,2,2
682,70,2,2
682,71,2,2
682,72,2,2
682,73,2,2
682,74,2,2
682,75,2,2
682,76,2,2
682,77,2,2
682,78,2,2
682,79,2,2
682,80,2,2
682,81,2,2
682,82,2,2
682,83,2,2
682,84,2,2
682,85,2,2
682,86,2,2
682,87,2,2
682,88,2,2
682,89,2,2
682,90,2,2
682,91,2,2
682,92,2,2
682,93,2,2
682,94,2,2
682,95,2,2
682,96,2,2
682,97,2,2
682,98,2,2
682,99,2,2
682,100,2,2
682,101,2,2
682,102,2,2
682,103,2,2
682,104,2,2
682,105,2,2
682,106,2,2
682,107,2,2
682,108,2,2
682,109,2,2
682,110,2,2
682,111,2,2
682,112,2,2
682,113,2,2
682,114,2,2
682,115,2,2
682,116,2,2
682,117,2,2
682,118,2,2
682,119,2,2
682,120,2,2
682,121,2,2
682,122,2,2
682,123,2,2
682,124,2,2
682,125,2,2
682,126,2,2
682,127,2,2
682,128,2,2
682,129,2,2
682,130,2,2
682,131,2,2
682,132,2,2
682,133,2,2
682,134,2,2
682,135,2,2
682,136,2,2
682,137,2,2
682,138,2,2
682,139,2,2
682,140,2,2
682,141,2,2
682,142,2,2
682,143,2,2
682,144,2,2
682,145,2,2
682,146,2,2
682,147,2,2
682,148,2,2
682,149,2,2
682,150,2,2
682,151,2,2
682,152,2,2
682,153,2,2
682,154,2,2
682,155,2,2
682,156,2,2
682,157,2,2
682,158,2,2
682,159,2,2
682,160,2,2
682,161,2,2
682,162,2,2
682,163,2,2
682,164,2,2
682,165,2,2
682,166,2,2
682,167,2,2
682,168,2,2
682,169,2,2
682,170,2,2
682,171,2,2
682,172,2,2
682,173,2,2
682,174,2,2
682,175,2,2
682,176,2,2
682,177,2,2
682,178,2,2
682,179,2,2
682,180,2,2
682,181,2,2
682,182,2,2
682,183,2,2
682,184,2,2
682,185,2,2
682,186,2,2
682,187,2,2
682,188,2,2
682,189,2,2
682,190,2,2
682,191,2,2
682,192,2,2
682,193,2,2
682,194,2,2
682,195,2,2
682,196,2,2
682,197,2,2
682,198,2,2
682,199,2,3
682,200,2,3
682,201,2,3
682,202,2,3
682,203,2,3
682,204,2,3
682,205,2,3
682,206,2,3
682,207,2,3
682,208,2,3
682,209,2,3
682,210,2,3
682,211,2,3
682,212,2,3
682,213,2,2
682,214,2,2
682,215,2,2
682,216,2,2
682,217,2,2
682,218,2,2
682,219,2,2
682,220,2,2
682,221,2,2
682,222,2,2
682,223,2,2
682,224,2,2
682,225,2,2
682,226,2,2
682,227,2,2
682,228,2,2
682,229,2,2
682,230,2,2
682,231,2,2
682,232,2,2
682,233,2,2
682,234,2,2
682,235,2,2
682,236,2,2
682,237,2,2
682,238,2,2
682,239,2,2
682,240,2,2
682,241,2,2
682,242,2,2
682,243,2,2
682,244,2,2
682,245,2,2
682,246,2,2
682,247,2,2
682,248,2,2
682,249,2,2
682,250,2,2
682,251,2,2
682,252,2,2
682,253,2,2
682,254,2,2
682,255,2,2
682,256,2,2
682,257,2,2
682,258,2,2
682,259,2,2
682,260,2,2
682,261,2,2
682,262,2,2
682,263,2,2
682,264,2,2
682,265,2,2
682,266,2,2
682,267,2,2
682,268,2,2
682,269,2,2
682,270,2,2
682,271,2,2
682,272,2,2
682,273,2,2
682,274,2,2
682,275,2,2
682,276,2,2
682,277,2,2
682,278,2,2
682,279,2,2
682,280,2,2
682,281,2,2
682,282,2,2
682,283,2,2
682,284,2,2
682,285,2,2
682,286,2,2
682,287,2,2
682,288,2,2
682,289,2,2
682,290,2,2
682,291,2,2
682,292,2,2
682,293,2,2
682,294,2,2
682,295,2,2
682,296,2,2
682,297,2,2
682,298,2,2
682,299,2,2
682,300,2,2
682,301,2,2
682,302,2,2
682,303,2,2
682,304,2,2
682,305,2,2
682,306,2,2
682,307,2,2
682,308,2,2
682,309,2,2
682,310,2,2
682,311,2,2
682,312,2,2
682,313,2,2
682,314,2,2
682,315,2,2
682,316,2,2
682,317,2,2
682,318,2,2
682,319,2,2
682,320,2,2
682,321,2,2
682,322,2,2
682,323,2,2
682,324,2,2
682,325,2,2
682,326,2,2
682,327,2,2
682,328,2,2
682,329,2,2
682,330,2,2
682,331,2,2
682,332,2,2
682,333,2,2
682,334,2,2
682,335,2,2
682,336,2,2
682,337,2,2
682,338,2,2
682,339,2,2
682,340,2,2
682,341,2,2
682,342,2,2
682,343,2,2
682,344,2,2
682,345,2,2
682,346,2,2
682,347,2,2
682,348,2,2
682,349,2,2
682,350,2,2
682,351,2,2
682,352,2,2
682,353,2,2
682,354,2,2
682,355,2,2
682,356,2,2
682,357,2,2
682,358,2,2
682,359,2,2
682,360,2,2
682,361,2,2
682,362,2,2
682,363,2,2
682,364,2,2
682,365,2,2
682,366,2,2
682,367,2,2
682,368,2,2
682,369,2,2
682,370,2,2
682,371,2,2
682,372,2,2
682,373,2,2
682,374,2,2
682,375,2,2
682,376,2,2
682,377,2,2
682,378,2,2
682,379,2,2
682,380,2,2
682,381,2,2
682,382,2,2
682,383,2,2
682,384,2,2
682,385,2,2
682,386,2,2
682,387,2,2
682,388,2,2
682,389,2,2
682,390,2,2
682,391,2,2
682,392,2,2
682,393,2,2
682,394,2,2
682,395,2,2
682,396,2,3
682,397,2,3
682,398,2,2
683,46,2,2
683,47,2,2
683,48,2,2
683,49,2,2
683,50,2,2
683,51,2,2
683,52,2,2
683,53,2,2
683,54,2,2
683,55,2,2
683,56,2,2
683,57,2,2
683,58,2,2
683,59,2,2
683,60,2,2
683,61,2,2
683,62,2,2
683,63,2,2
683,64,2,2
683,65,2,2
683,66,2,2
683,67,2,2
683,68,2,2
683,69,2,2
683,70,2,2
683,71,2,2
683,72,2,2
683,73,2,2
683,74,2,2
683,75,2,2
683,76,2,2
683,77,2,2
683,78,2,2
683,79,2,2
683,80,2,2
683,81,2,2
683,82,2,2
683,83,2,2
683,84,2,2
683,85,2,2
683,86,2,2
683,87,2,2
683,88,2,2
683,89,2,2
683,90,2,2
683,91,2,2
683,92,2,2
683,93,2,2
683,94,2,2
683,95,2,2
683,96,2,2
683,97,2,2
683,98,2,2
683,99,2,2
683,100,2,2
683,101,2,2
683,102,2,2
683,103,2,2
683,104,2,2
683,105,2,2
683,106,2,2
683,107,2,2
683,108,2,2
683,109,2,2
683,110,2,2
683,111,2,2
683,112,2,2
683,113,2,2
683,114,2,2
683,115,2,2
683,116,2,2
683,117,2,2
683,118,2,2
683,119,2,2
683,120,2,2
683,121,2,2
683,122,2,2
683,123,2,2
683,124,2,2
683,125,2,2
683,126,2,2
683,127,2,2
683,128,2,2
683,129,2,2
683,130,2,2
683,131,2,2
683,132,2,2
683,133,2,2
683,134,2,2
683,135,2,2
683,136,2,2
683,137,2,2
683,138,2,2
683,139,2,2
683,140,2,2
683,141,2,2
683,142,2,2
683,143,2,2
683,144,2,2
683,145,2,2
683,146,2,2
683,147,2,2
683,148,2,2
683,149,2,2
683,150,2,2
683,151,2,2
683,152,2,2
683,153,2,2
683,154,2,2
683,155,2,2
683,156,2,2
683,157,2,2
683,158,2,2
683,159,2,2
683,160,2,2
683,161,2,2
683,162,2,2
683,163,2,2
683,164,2,2
683,165,2,2
683,166,2,2
683,167,2,2
683,168,2,2
683,169,2,2
683,170,2,2
683,171,2,2
683,172,2,2
683,173,2,2
683,174,2,2
683,175,2,2
683,176,2,2
683,177,2,2
683,178,2,2
683,179,2,2
683,180,2,2
683,181,2,2
683,182,2,2
683,183,2,2
683,184,2,2
683,185,2,2
683,186,2,2
683,187,2,2
683,188,2,2
683,189,2,2
683,190,2,2
683,191,2,2
683,192,2,2
683,193,2,2
683,194,2,2
683,195,2,2
683,196,2,2
683,197,2,2
683,198,2,3
683,199,2,3
683,200,2,3
683,201,2,3
683,202,2,3
683,203,2,3
683,204,2,3
683,205,2,3
683,206,2,3
683,207,2,3
683,208,2,3
683,209,2,3
683,210,2,3
683,211,2,3
683,212,2,3
683,213,2,2
683,214,2,2
683,215,2,2
683,216,2,2
683,217,2,2
683,218,2,2
683,219,2,2
683,220,2,2
683,221,2,2
683,222,2,2
683,223,2,2
683,224,2,2
683,225,2,2
683,226,2,2
683,227,2,2
683,228,2,2
683,229,2,2
683,230,2,2
683,231,2,2
683,232,2,2
683,233,2,2
683,234,2,2
683,235,2,2
683,236,2,2
683,237,2,2
683,238,2,2
683,239,2,2
683,240,2,2
683,241,2,2
683,242,2,2
683,243,2,2
683,244,2,2
683,245,2,2
683,246,2,2
683,247,2,2
683,248,2,2
683,249,2,2
683,250,2,2
683,251,2,2
683,252,2,2
683,253,2,2
683,254,2,2
683,255,2,2
683,256,2,2
683,257,2,2
683,258,2,2
683,259,2,2
683,260,2,2
683,261,2,2
683,262,2,2
683,263,2,2
683,264,2,2
683,265,2,2
683,266,2,2
683,267,2,2
683,268,2,2
683,269,2,2
683,270,2,2
683,271,2,2
683,272,2,2
683,273,2,2
683,274,2,2
683,275,2,2
683,276,2,2
683,277,2,2
683,278,2,2
683,279,2,2
683,280,2,2
683,281,2,2
683,282,2,2
683,283,2,2
683,284,2,2
683,285,2,2
683,286,2,2
683,287,2,2
683,288,2,2
683,289,2,2
683,290,2,2
683,291,2,2
683,292,2,2
683,293,2,2
683,294,2,2
683,295,2,2
683,296,2,2
683,297,2,2
683,298,2,2
683,299,2,2
683,300,2,2
683,301,2,2
683,302,2,2
683,303,2,2
683,304,2,2
683,305,2,2
683,306,2,2
683,307,2,2
683,308,2,2
683,309,2,2
683,310,2,2
683,311,2,2
683,312,2,2
683,313,2,2
683,314,2,2
683,315,2,2
683,316,2,2
683,317,2,2
683,318,2,2
683,319,2,2
683,320,2,2
683,321,2,2
683,322,2,2
683,323,2,2
683,324,2,2
683,325,2,2
683,326,2,2
683,327,2,2
683,328,2,2
683,329,2,2
683,330,2,2
683,331,2,2
683,332,2,2
683,333,2,2
683,334,2,2
683,335,2,2
683,336,2,2
683,337,2,2
683,338,2,2
683,339,2,2
683,340,2,2
683,341,2,2
683,342,2,2
683,343,2,2
683,344,2,2
683,345,2,2
683,346,2,2
683,347,2,2
683,348,2,2
683,349,2,2
683,350,2,2
683,351,2,2
683,352,2,2
683,353,2,2
683,354,2,2
683,355,2,2
683,356,2,2
683,357,2,2
683,358,2,2
683,359,2,2
683,360,2,2
683,361,2,2
683,362,2,2
683,363,2,2
683,364,2,2
683,365,2,2
683,366,2,2
683,367,2,2
683,368,2,2
683,369,2,2
683,370,2,2
683,371,2,2
683,372,2,2
683,373,2,2
683,374,2,2
683,375,2,2
683,376,2,2
683,377,2,2
683,378,2,2
683,379,2,2
683,380,2,2
683,381,2,2
683,382,2,2
683,383,2,2
683,384,2,2
683,385,2,2
683,386,2,2
683,387,2,2
683,388,2,2
683,389,2,2
683,390,2,2
683,391,2,2
683,392,2,2
683,393,2,2
683,394,2,2
683,395,2,2
683,396,2,2
683,397,2,2
683,398,2,2
683,399,2,2
683,401,2,2
683,402,2,2
684,45,2,2
684,46,2,2
684,47,2,2
684,48,2,2
684,49,2,2
684,50,2,2
684,51,2,2
684,52,2,2
684,53,2,2
684,54,2,2
684,55,2,2
684,56,2,2
684,57,2,2
684,58,2,2
684,59,2,2
684,60,2,2
684,61,2,2
684,62,2,2
684,63,2,2
684,64,2,2
684,65,2,2
684,66,2,2
684,67,2,2
684,68,2,2
684,69,2,2
684,70,2,2
684,71,2,2
684,72,2,2
684,73,2,2
684,74,2,2
684,75,2,2
684,76,2,2
684,77,2,2
684,78,2,2
684,79,2,2
684,80,2,2
684,81,2,2
684,82,2,2
684,83,2,2
684,84,2,2
684,85,2,2
684,86,2,2
684,87,2,2
684,88,2,2
684,89,2,2
684,90,2,2
684,91,2,2
684,92,2,2
684,93,2,2
684,94,2,2
684,95,2,2
684,96,2,2
684,97,2,2
684,98,2,2
684,99,2,2
684,100,2,2
684,101,2,2
684,102,2,2
684,103,2,2
684,104,2,2
684,105,2,2
684,106,2,2
684,107,2,2
684,108,2,2
684,109,2,2
684,110,2,2
684,111,2,2
684,112,2,2
684,113,2,2
684,114,2,2
684,115,2,2
684,116,2,2
684,117,2,2
684,118,2,2
684,119,2,2
684,120,2,2
684,121,2,2
684,122,2,2
684,123,2,2
684,124,2,2
684,125,2,2
684,126,2,2
684,127,2,2
684,128,2,2
684,129,2,2
684,130,2,2
684,131,2,2
684,132,2,2
684,133,2,2
684,134,2,2
684,135,2,2
684,136,2,2
684,137,2,2
684,138,2,2
684,139,2,2
684,140,2,2
684,141,2,2
684,142,2,2
684,143,2,2
684,144,2,2
684,145,2,2
684,146,2,2
684,147,2,2
684,148,2,2
684,149,2,2
684,150,2,2
684,151,2,2
684,152,2,2
684,153,2,2
684,154,2,2
684,155,2,2
684,156,2,2
684,157,2,2
684,158,2,2
684,159,2,2
684,160,2,2
684,161,2,2
684,162,2,2
684,163,2,2
684,164,2,2
684,165,2,2
684,166,2,2
684,167,2,2
684,168,2,2
684,169,2,2
684,170,2,2
684,171,2,2
684,172,2,2
684,173,2,2
684,174,2,2
684,175,2,2
684,176,2,2
684,177,2,2
684,178,2,2
684,179,2,2
684,180,2,2
684,181,2,2
684,182,2,2
684,183,2,2
684,184,2,2
684,185,2,2
684,186,2,2
684,187,2,2
684,188,2,2
684,189,2,2
684,190,2,2
684,191,2,2
684,192,2,2
684,193,2,2
684,194,2,2
684,195,2,2
684,196,2,2
684,197,2,2
684,198,2,3
684,199,2,3
684,200,2,3
684,201,2,3
684,202,2,3
684,203,2,3
684,204,2,3
684,205,2,3
684,206,2,3
684,207,2,3
684,208,2,3
684,209,2,3
684,210,2,3
684,211,2,3
684,212,2,3
684,213,2,2
684,214,2,2
684,215,2,2
684,216,2,2
684,217,2,2
684,218,2,2
684,219,2,2
684,220,2,2
684,221,2,2
684,222,2,2
684,223,2,2
684,224,2,2
684,225,2,2
684,226,2,2
684,227,2,2
684,228,2,2
684,229,2,2
684,230,2,2
684,231,2,2
684,232,2,2
684,233,2,2
684,234,2,2
684,235,2,2
684,236,2,2
684,237,2,2
684,238,2,2
684,239,2,2
684,240,2,2
684,241,2,2
684,242,2,2
684,243,2,2
684,244,2,2
684,245,2,2
684,246,2,2
684,247,2,2
684,248,2,2
684,249,2,2
684,250,2,2
684,251,2,2
684,252,2,2
684,253,2,2
684,254,2,2
684,255,2,2
684,256,2,2
684,257,2,2
684,258,2,2
684,259,2,2
684,260,2,2
684,261,2,2
684,262,2,2
684,263,2,2
684,264,2,2
684,265,2,2
684,266,2,2
684,267,2,2
684,268,2,2
684,269,2,2
684,270,2,2
684,271,2,2
684,272,2,2
684,273,2,2
684,274,2,2
684,275,2,2
684,276,2,2
684,277,2,2
684,278,2,2
684,279,2,2
684,280,2,2
684,281,2,2
684,282,2,2
684,283,2,2
684,284,2,2
684,285,2,2
684,286,2,2
684,287,2,2
684,288,2,2
684,289,2,2
684,290,2,2
684,291,2,2
684,292,2,2
684,293,2,2
684,294,2,2
684,295,2,2
684,296,2,2
684,297,2,2
684,298,2,2
684,299,2,2
684,300,2,2
684,301,2,2
684,302,2,2
684,303,2,2
684,304,2,2
684,305,2,2
684,306,2,2
684,307,2,2
684,308,2,2
684,309,2,2
684,310,2,2
684,311,2,2
684,312,2,2
684,313,2,2
684,314,2,2
684,315,2,2
684,316,2,2
684,317,2,2
684,318,2,2
684,319,2,2
684,320,2,2
684,321,2,2
684,322,2,2
684,323,2,2
684,324,2,2
684,325,2,2
684,326,2,2
684,327,2,2
684,328,2,2
684,329,2,2
684,330,2,2
684,331,2,2
684,332,2,2
684,333,2,2
684,334,2,2
684,335,2,2
684,336,2,2
684,337,2,2
684,338,2,2
684,339,2,2
684,340,2,2
684,341,2,2
684,342,2,2
684,343,2,2
684,344,2,2
684,345,2,2
684,346,2,2
684,347,2,2
684,348,2,2
684,349,2,2
684,350,2,2
684,351,2,2
684,352,2,2
684,353,2,2
684,354,2,2
684,355,2,2
684,356,2,2
684,357,2,2
684,358,2,2
684,359,2,2
684,360,2,2
684,361,2,2
684,362,2,2
684,363,2,2
684,364,2,2
684,365,2,2
684,366,2,2
684,367,2,2
684,368,2,2
684,369,2,2
684,370,2,2
684,371,2,2
684,372,2,2
684,373,2,2
684,374,2,2
684,375,2,2
684,376,2,2
684,377,2,2
684,378,2,2
684,379,2,2
684,380,2,2
684,381,2,2
684,382,2,2
684,383,2,2
684,384,2,2
684,385,2,2
684,386,2,2
684,387,2,2
684,388,2,2
684,389,2,2
684,390,2,2
684,391,2,2
684,392,2,2
684,393,2,2
684,394,2,2
684,395,2,2
684,396,2,2
684,397,2,2
684,398,2,2
684,399,2,2
684,400,2,2
684,401,2,2
684,402,2,3
685,45,2,2
685,46,2,2
685,47,2,2
685,48,2,2
685,49,2,2
685,50,2,2
685,51,2,2
685,52,2,2
685,53,2,2
685,54,2,2
685,55,2,2
685,56,2,2
685,57,2,2
685,58,2,2
685,59,2,2
685,60,2,2
685,61,2,2
685,62,2,2
685,63,2,2
685,64,2,2
685,65,2,2
685,66,2,2
685,67,2,2
685,68,2,2
685,69,2,2
685,70,2,2
685,71,2,2
685,72,2,2
685,73,2,2
685,74,2,2
685,75,2,2
685,76,2,2
685,77,2,2
685,78,2,2
685,79,2,2
685,80,2,2
685,81,2,2
685,82,2,2
685,83,2,2
685,84,2,2
685,85,2,2
685,86,2,2
685,87,2,2
685,88,2,2
685,89,2,2
685,90,2,2
685,91,2,2
685,92,2,2
685,93,2,2
685,94,2,2
685,95,2,2
685,96,2,2
685,97,2,2
685,98,2,2
685,99,2,2
685,100,2,2
685,101,2,2
685,102,2,2
685,103,2,2
685,104,2,2
685,105,2,2
685,106,2,2
685,107,2,2
685,108,2,2
685,109,2,2
685,110,2,2
685,111,2,2
685,112,2,2
685,113,2,2
685,114,2,2
685,115,2,2
685,116,2,2
685,117,2,2
685,118,2,2
685,119,2,2
685,120,2,2
685,121,2,2
685,122,2,2
685,123,2,2
685,124,2,2
685,125,2,2
685,126,2,2
685,127,2,2
685,128,2,2
685,129,2,2
685,130,2,2
685,131,2,2
685,132,2,2
685,133,2,2
685,134,2,2
685,135,2,2
685,136,2,2
685,137,2,2
685,138,2,2
685,139,2,2
685,140,2,2
685,141,2,2
685,142,2,2
685,143,2,2
685,144,2,2
685,145,2,2
685,146,2,2
685,147,2,2
685,148,2,2
685,149,2,2
685,150,2,2
685,151,2,2
685,152,2,2
685,153,2,2
685,154,2,2
685,155,2,2
685,156,2,2
685,157,2,2
685,158,2,2
685,159,2,2
685,160,2,2
685,161,2,2
685,162,2,2
685,163,2,2
685,164,2,2
685,165,2,2
685,166,2,2
685,167,2,2
685,168,2,2
685,169,2,2
685,170,2,2
685,171,2,2
685,172,2,2
685,173,2,2
685,174,2,2
685,175,2,2
685,176,2,2
685,177,2,2
685,178,2,2
685,179,2,2
685,180,2,2
685,181,2,2
685,182,2,2
685,183,2,2
685,184,2,2
685,185,2,2
685,186,2,2
685,187,2,2
685,188,2,2
685,189,2,2
685,190,2,2
685,191,2,2
685,192,2,2
685,193,2,2
685,194,2,2
685,195,2,2
685,196,2,2
685,197,2,2
685,198,2,3
685,199,2,3
685,200,2,3
685,201,2,3
685,202,2,3
685,203,2,3
685,204,2,3
685,205,2,3
685,206,2,3
685,207,2,3
685,208,2,3
685,209,2,3
685,210,2,3
685,211,2,3
685,212,2,3
685,213,2,2
685,214,2,2
685,215,2,2
685,216,2,2
685,217,2,2
685,218,2,2
685,219,2,2
685,220,2,2
685,221,2,2
685,222,2,2
685,223,2,2
685,224,2,2
685,225,2,2
685,226,2,2
685,227,2,2
685,228,2,2
685,229,2,2
685,230,2,2
685,231,2,2
685,232,2,2
685,233,2,2
685,234,2,2
685,235,2,2
685,236,2,2
685,237,2,2
685,238,2,2
685,239,2,2
685,240,2,2
685,241,2,2
685,242,2,2
685,243,2,2
685,244,2,2
685,245,2,2
685,246,2,2
685,247,2,2
685,248,2,2
685,249,2,2
685,250,2,2
685,251,2,2
685,252,2,2
685,253,2,2
685,254,2,2
685,255,2,2
685,256,2,2
685,257,2,2
685,258,2,2
685,259,2,2
685,260,2,2
685,261,2,2
685,262,2,2
685,263,2,2
685,264,2,2
685,265,2,2
685,266,2,2
685,267,2,2
685,268,2,2
685,269,2,2
685,270,2,2
685,271,2,2
685,272,2,2
685,273,2,2
685,274,2,2
685,275,2,2
685,276,2,2
685,277,2,2
685,278,2,2
685,279,2,2
685,280,2,2
685,281,2,2
685,282,2,2
685,283,2,2
685,284,2,2
685,285,2,2
685,286,2,2
685,287,2,2
685,288,2,2
685,289,2,2
685,290,2,2
685,291,2,2
685,292,2,2
685,293,2,2
685,294,2,2
685,295,2,2
685,296,2,2
685,297,2,2
685,298,2,2
685,299,2,2
685,300,2,2
685,301,2,2
685,302,2,2
685,303,2,2
685,304,2,2
685,305,2,2
685,306,2,2
685,307,2,2
685,308,2,2
685,309,2,2
685,310,2,2
685,311,2,2
685,312,2,2
685,313,2,2
685,314,2,2
685,315,2,2
685,316,2,2
685,317,2,2
685,318,2,2
685,319,2,2
685,320,2,2
685,321,2,2
685,322,2,2
685,323,2,2
685,324,2,2
685,325,2,2
685,326,2,2
685,327,2,2
685,328,2,2
685,329,2,2
685,330,2,2
685,331,2,2
685,332,2,2
685,333,2,2
685,334,2,2
685,335,2,2
685,336,2,2
685,337,2,2
685,338,2,2
685,339,2,2
685,340,2,2
685,341,2,2
685,342,2,2
685,343,2,2
685,344,2,2
685,345,2,2
685,346,2,2
685,347,2,2
685,348,2,2
685,349,2,2
685,350,2,2
685,351,2,2
685,352,2,2
685,353,2,2
685,354,2,2
685,355,2,2
685,356,2,2
685,357,2,2
685,358,2,2
685,359,2,2
685,360,2,2
685,361,2,2
685,362,2,2
685,363,2,2
685,364,2,2
685,365,2,2
685,366,2,2
685,367,2,2
685,368,2,2
685,369,2,2
685,370,2,2
685,371,2,2
685,372,2,2
685,373,2,2
685,374,2,2
685,375,2,2
685,376,2,2
685,377,2,2
685,378,2,2
685,379,2,2
685,380,2,2
685,381,2,2
685,382,2,2
685,383,2,2
685,384,2,2
685,385,2,2
685,386,2,2
685,387,2,2
685,388,2,2
685,389,2,2
685,390,2,2
685,391,2,2
685,392,2,2
685,393,2,2
685,394,2,2
685,395,2,2
685,396,2,2
685,397,2,2
685,398,2,2
685,399,2,2
685,400,2,2
685,401,2,2
685,402,2,2
685,403,2,2
685,404,2,2
686,45,2,2
686,46,2,2
686,47,2,2
686,48,2,2
686,49,2,2
686,50,2,2
686,51,2,2
686,52,2,2
686,53,2,2
686,54,2,2
686,55,2,2
686,56,2,2
686,57,2,2
686,58,2,2
686,59,2,2
686,60,2,2
686,61,2,2
686,62,2,2
686,63,2,2
686,64,2,2
686,65,2,2
686,66,2,2
686,67,2,2
686,68,2,2
686,69,2,2
686,70,2,2
686,71,2,2
686,72,2,2
686,73,2,2
686,74,2,2
686,75,2,2
686,76,2,2
686,77,2,2
686,78,2,2
686,79,2,2
686,80,2,2
686,81,2,2
686,82,2,2
686,83,2,2
686,84,2,2
686,85,2,2
686,86,2,2
686,87,2,2
686,88,2,2
686,89,2,2
686,90,2,2
686,91,2,2
686,92,2,2
686,93,2,2
686,94,2,2
686,95,2,2
686,96,2,2
686,97,2,2
686,98,2,2
686,99,2,2
686,100,2,2
686,101,2,2
686,102,2,2
686,103,2,2
686,104,2,2
686,105,2,2
686,106,2,2
686,107,2,2
686,108,2,2
686,109,2,2
686,110,2,2
686,111,2,2
686,112,2,2
686,113,2,2
686,114,2,2
686,115,2,2
686,116,2,2
686,117,2,2
686,118,2,2
686,119,2,2
686,120,2,2
686,121,2,2
686,122,2,2
686,123,2,2
686,124,2,2
686,125,2,2
686,126,2,2
686,127,2,2
686,128,2,2
686,129,2,2
686,130,2,2
686,131,2,2
686,132,2,2
686,133,2,2
686,134,2,2
686,135,2,2
686,136,2,2
686,137,2,2
686,138,2,2
686,139,2,2
686,140,2,2
686,141,2,2
686,142,2,2
686,143,2,2
686,144,2,2
686,145,2,2
686,146,2,2
686,147,2,2
686,148,2,2
686,149,2,2
686,150,2,2
686,151,2,2
686,152,2,2
686,153,2,2
686,154,2,2
686,155,2,2
686,156,2,2
686,157,2,2
686,158,2,2
686,159,2,2
686,160,2,2
686,161,2,2
686,162,2,2
686,163,2,2
686,164,2,2
686,165,2,2
686,166,2,2
686,167,2,2
686,168,2,2
686,169,2,2
686,170,2,2
686,171,2,2
686,172,2,2
686,173,2,2
686,174,2,2
686,175,2,2
686,176,2,2
686,177,2,2
686,178,2,2
686,179,2,2
686,180,2,2
686,181,2,2
686,182,2,2
686,183,2,2
686,184,2,2
686,185,2,2
686,186,2,2
686,187,2,2
686,188,2,2
686,189,2,2
686,190,2,2
686,191,2,2
686,192,2,2
686,193,2,2
686,194,2,2
686,195,2,2
686,196,2,2
686,197,2,2
686,198,2,3
686,199,2,3
686,200,2,3
686,201,2,3
686,202,2,3
686,203,2,3
686,204,2,3
686,205,2,3
686,206,2,3
686,207,2,3
686,208,2,3
686,209,2,3
686,210,2,3
686,211,2,3
686,212,2,3
686,213,2,2
686,214,2,2
686,215,2,2
686,216,2,2
686,217,2,2
686,218,2,2
686,219,2,2
686,220,2,2
686,221,2,2
686,222,2,2
686,223,2,2
686,224,2,2
686,225,2,2
686,226,2,2
686,227,2,2
686,228,2,2
686,229,2,2
686,230,2,2
686,231,2,2
686,232,2,2
686,233,2,2
686,234,2,2
686,235,2,2
686,236,2,2
686,237,2,2
686,238,2,2
686,239,2,2
686,240,2,2
686,241,2,2
686,242,2,2
686,243,2,2
686,244,2,2
686,245,2,2
686,246,2,2
686,247,2,2
686,248,2,2
686,249,2,2
686,250,2,2
686,251,2,2
686,252,2,2
686,253,2,2
686,254,2,2
686,255,2,2
686,256,2,2
686,257,2,2
686,258,2,2
686,259,2,2
686,260,2,2
686,261,2,2
686,262,2,2
686,263,2,2
686,264,2,2
686,265,2,2
686,266,2,2
686,267,2,2
686,268,2,2
686,269,2,2
686,270,2,2
686,271,2,2
686,272,2,2
686,273,2,2
686,274,2,2
686,275,2,2
686,276,2,2
686,277,2,2
686,278,2,2
686,279,2,2
686,280,2,2
686,281,2,2
686,282,2,2
686,283,2,2
686,284,2,2
686,285,2,2
686,286,2,2
686,287,2,2
686,288,2,2
686,289,2,2
686,290,2,2
686,291,2,2
686,292,2,2
686,293,2,2
686,294,2,2
686,295,2,2
686,296,2,2
686,297,2,2
686,298,2,2
686,299,2,2
686,300,2,2
686,301,2,2
686,302,2,2
686,303,2,2
686,304,2,2
686,305,2,2
686,306,2,2
686,307,2,2
686,308,2,2
686,309,2,2
686,310,2,2
686,311,2,2
686,312,2,2
686,313,2,2
686,314,2,2
686,315,2,2
686,316,2,2
686,317,2,2
686,318,2,2
686,319,2,2
686,320,2,2
686,321,2,2
686,322,2,2
686,323,2,2
686,324,2,2
686,325,2,2
686,326,2,2
686,327,2,2
686,328,2,2
686,329,2,2
686,330,2,2
686,331,2,2
686,332,2,2
686,333,2,2
686,334,2,2
686,335,2,2
686,336,2,2
686,337,2,2
686,338,2,2
686,339,2,2
686,340,2,2
686,341,2,2
686,342,2,2
686,343,2,2
686,344,2,2
686,345,2,2
686,346,2,2
686,347,2,2
686,348,2,2
686,349,2,2
686,350,2,2
686,351,2,2
686,352,2,2
686,353,2,2
686,354,2,2
686,355,2,2
686,356,2,2
686,357,2,2
686,358,2,2
686,359,2,2
686,360,2,2
686,361,2,2
686,362,2,2
686,363,2,2
686,364,2,2
686,365,2,2
686,366,2,2
686,367,2,2
686,368,2,2
686,369,2,2
686,370,2,2
686,371,2,2
686,372,2,2
686,373,2,2
686,374,2,2
686,375,2,2
686,376,2,2
686,377,2,2
686,378,2,2
686,379,2,2
686,380,2,2
686,381,2,2
686,382,2,2
686,383,2,2
686,384,2,2
686,385,2,2
686,386,2,2
686,387,2,2
686,388,2,2
686,389,2,2
686,390,2,2
686,391,2,2
686,392,2,2
686,393,2,2
686,394,2,2
686,395,2,2
686,396,2,2
686,397,2,2
686,398,2,2
686,399,2,2
686,400,2,2
686,401,2,2
686,402,2,2
686,403,2,2
686,404,2,2
687,44,2,2
687,45,2,2
687,46,2,2
687,47,2,2
687,48,2,2
687,49,2,2
687,50,2,2
687,51,2,2
687,52,2,2
687,53,2,2
687,54,2,2
687,55,2,2
687,56,2,2
687,57,2,2
687,58,2,2
687,59,2,2
687,60,2,2
687,61,2,2
687,62,2,2
687,63,2,2
687,64,2,2
687,65,2,2
687,66,2,2
687,67,2,2
687,68,2,2
687,69,2,2
687,70,2,2
687,71,2,2
687,72,2,2
687,73,2,2
687,74,2,2
687,75,2,2
687,76,2,2
687,77,2,2
687,78,2,2
687,79,2,2
687,80,2,2
687,81,2,2
687,82,2,2
687,83,2,2
687,84,2,2
687,85,2,2
687,86,2,2
687,87,2,2
687,88,2,2
687,89,2,2
687,90,2,2
687,91,2,2
687,92,2,2
687,93,2,2
687,94,2,2
687,95,2,2
687,96,2,2
687,97,2,2
687,98,2,2
687,99,2,2
687,100,2,2
687,101,2,2
687,102,2,2
687,103,2,2
687,104,2,2
687,105,2,2
687,106,2,2
687,107,2,2
687,108,2,2
687,109,2,2
687,110,2,2
687,111,2,2
687,112,2,2
687,113,2,2
687,114,2,2
687,115,2,2
687,116,2,2
687,117,2,2
687,118,2,2
687,119,2,2
687,120,2,2
687,121,2,2
687,122,2,2
687,123,2,2
687,124,2,2
687,125,2,2
687,126,2,2
687,127,2,2
687,128,2,2
687,129,2,2
687,130,2,2
687,131,2,2
687,132,2,2
687,133,2,2
687,134,2,2
687,135,2,2
687,136,2,2
687,137,2,2
687,138,2,2
687,139,2,2
687,140,2,2
687,141,2,2
687,142,2,2
687,143,2,2
687,144,2,2
687,145,2,2
687,146,2,2
687,147,2,2
687,148,2,2
687,149,2,2
687,150,2,2
687,151,2,2
687,152,2,2
687,153,2,2
687,154,2,2
687,155,2,2
687,156,2,2
687,157,2,2
687,158,2,2
687,159,2,2
687,160,2,2
687,161,2,2
687,162,2,2
687,163,2,2
687,164,2,2
687,165,2,2
687,166,2,2
687,167,2,2
687,168,2,2
687,169,2,2
687,170,2,2
687,171,2,2
687,172,2,2
687,173,2,2
687,174,2,2
687,175,2,2
687,176,2,2
687,177,2,2
687,178,2,2
687,179,2,2
687,180,2,2
687,181,2,2
687,182,2,2
687,183,2,2
687,184,2,2
687,185,2,2
687,186,2,2
687,187,2,2
687,188,2,2
687,189,2,2
687,190,2,2
687,191,2,2
687,192,2,2
687,193,2,2
687,194,2,2
687,195,2,2
687,196,2,2
687,197,2,2
687,198,2,3
687,199,2,3
687,200,2,3
687,201,2,3
687,202,2,3
687,203,2,3
687,204,2,3
687,205,2,3
687,206,2,3
687,207,2,3
687,208,2,3
687,209,2,3
687,210,2,3
687,211,2,3
687,212,2,3
687,213,2,2
687,214,2,2
687,215,2,2
687,216,2,2
687,217,2,2
687,218,2,2
687,219,2,2
687,220,2,2
687,221,2,2
687,222,2,2
687,223,2,2
687,224,2,2
687,225,2,2
687,226,2,2
687,227,2,2
687,228,2,2
687,229,2,2
687,230,2,2
687,231,2,2
687,232,2,2
687,233,2,2
687,234,2,2
687,235,2,2
687,236,2,2
687,237,2,2
687,238,2,2
687,239,2,2
687,240,2,2
687,241,2,2
687,242,2,2
687,243,2,2
687,244,2,2
687,245,2,2
687,246,2,2
687,247,2,2
687,248,2,2
687,249,2,2
687,250,2,2
687,251,2,2
687,252,2,2
687,253,2,2
687,254,2,2
687,255,2,2
687,256,2,2
687,257,2,2
687,258,2,2
687,259,2,2
687,260,2,2
687,261,2,2
687,262,2,2
687,263,2,2
687,264,2,2
687,265,2,2
687,266,2,2
687,267,2,2
687,268,2,2
687,269,2,2
687,270,2,2
687,271,2,2
687,272,2,2
687,273,2,2
687,274,2,2
687,275,2,2
687,276,2,2
687,277,2,2
687,278,2,2
687,279,2,2
687,280,2,2
687,281,2,2
687,282,2,2
687,283,2,2
687,284,2,2
687,285,2,2
687,286,2,2
687,287,2,2
687,288,2,2
687,289,2,2
687,290,2,2
687,291,2,2
687,292,2,2
687,293,2,2
687,294,2,2
687,295,2,2
687,296,2,2
687,297,2,2
687,298,2,2
687,299,2,2
687,300,2,2
687,301,2,2
687,302,2,2
687,303,2,2
687,304,2,2
687,305,2,2
687,306,2,2
687,307,2,2
687,308,2,2
687,309,2,2
687,310,2,2
687,311,2,2
687,312,2,2
687,313,2,2
687,314,2,2
687,315,2,2
687,316,2,2
687,317,2,2
687,318,2,2
687,319,2,2
687,320,2,2
687,321,2,2
687,322,2,2
687,323,2,2
687,324,2,2
687,325,2,2
687,326,2,2
687,327,2,2
687,328,2,2
687,329,2,2
687,330,2,2
687,331,2,2
687,332,2,2
687,333,2,2
687,334,2,2
687,335,2,2
687,336,2,2
687,337,2,2
687,338,2,2
687,339,2,2
687,340,2,2
687,341,2,2
687,342,2,2
687,343,2,2
687,344,2,2
687,345,2,2
687,346,2,2
687,347,2,2
687,348,2,2
687,349,2,2
687,350,2,2
687,351,2,2
687,352,2,2
687,353,2,2
687,354,2,2
687,355,2,2
687,356,2,2
687,357,2,2
687,358,2,2
687,359,2,2
687,360,2,2
687,361,2,2
687,362,2,2
687,363,2,2
687,364,2,2
687,365,2,2
687,366,2,2
687,367,2,2
687,368,2,2
687,369,2,2
687,370,2,2
687,371,2,2
687,372,2,2
687,373,2,2
687,374,2,2
687,375,2,2
687,376,2,2
687,377,2,2
687,378,2,2
687,379,2,2
687,380,2,2
687,381,2,2
687,382,2,2
687,383,2,2
687,384,2,2
687,385,2,2
687,386,2,2
687,387,2,2
687,388,2,2
687,389,2,2
687,390,2,2
687,391,2,2
687,392,2,2
687,393,2,2
687,394,2,2
687,395,2,2
687,396,2,2
687,397,2,2
687,398,2,2
687,399,2,2
687,400,2,2
687,401,2,2
687,402,2,2
687,403,2,2
687,404,2,2
687,405,2,2
687,406,2,2
688,44,2,2
688,45,2,2
688,46,2,2
688,47,2,2
688,48,2,2
688,49,2,2
688,50,2,2
688,51,2,2
688,52,2,2
688,53,2,2
688,54,2,2
688,55,2,2
688,56,2,2
688,57,2,2
688,58,2,2
688,59,2,2
688,60,2,2
688,61,2,2
688,62,2,2
688,63,2,2
688,64,2,2
688,65,2,2
688,66,2,2
688,67,2,2
688,68,2,2
688,69,2,2
688,70,2,2
688,71,2,2
688,72,2,2
688,73,2,2
688,74,2,2
688,75,2,2
688,76,2,2
688,77,2,2
688,78,2,2
688,79,2,2
688,80,2,2
688,81,2,2
688,82,2,2
688,83,2,2
688,84,2,2
688,85,2,2
688,86,2,2
688,87,2,2
688,88,2,2
688,89,2,2
688,90,2,2
688,91,2,2
688,92,2,2
688,93,2,2
688,94,2,2
688,95,2,2
688,96,2,2
688,97,2,2
688,98,2,2
688,99,2,2
688,100,2,2
688,101,2,2
688,102,2,2
688,103,2,2
688,104,2,2
688,105,2,2
688,106,2,2
688,107,2,2
688,108,2,2
688,109,2,2
688,110,2,2
688,111,2,2
688,112,2,2
688,113,2,2
688,114,2,2
688,115,2,2
688,116,2,2
688,117,2,2
688,118,2,2
688,119,2,2
688,120,2,2
688,121,2,2
688,122,2,2
688,123,2,2
688,124,2,2
688,125,2,2
688,126,2,2
688,127,2,2
688,128,2,2
688,129,2,2
688,130,2,2
688,131,2,2
688,132,2,2
688,133,2,2
688,134,2,2
688,135,2,2
688,136,2,2
688,137,2,2
688,138,2,2
688,139,2,2
688,140,2,2
688,141,2,2
688,142,2,2
688,143,2,2
688,144,2,2
688,145,2,2
688,146,2,2
688,147,2,2
688,148,2,2
688,149,2,2
688,150,2,2
688,151,2,2
688,152,2,2
688,153,2,2
688,154,2,2
688,155,2,2
688,156,2,2
688,157,2,2
688,158,2,2
688,159,2,2
688,160,2,2
688,161,2,2
688,162,2,2
688,163,2,2
688,164,2,2
688,165,2,2
688,166,2,2
688,167,2,2
688,168,2,2
688,169,2,2
688,170,2,2
688,171,2,2
688,172,2,2
688,173,2,2
688,174,2,2
688,175,2,2
688,176,2,2
688,177,2,2
688,178,2,2
688,179,2,2
688,180,2,2
688,181,2,2
688,182,2,2
688,183,2,2
688,184,2,2
688,185,2,2
688,186,2,2
688,187,2,2
688,188,2,2
688,189,2,2
688,190,2,2
688,191,2,2
688,192,2,2
688,193,2,2
688,194,2,2
688,195,2,2
688,196,2,2
688,197,2,2
688,198,2,3
688,199,2,3
688,200,2,3
688,201,2,3
688,202,2,3
688,203,2,3
688,204,2,3
688,205,2,3
688,206,2,3
688,207,2,3
688,208,2,3
688,209,2,3
688,210,2,3
688,211,2,3
688,212,2,3
688,213,2,2
688,214,2,2
688,215,2,2
688,216,2,2
688,217,2,2
688,218,2,2
688,219,2,2
688,220,2,2
688,221,2,2
688,222,2,2
688,223,2,2
688,224,2,2
688,225,2,2
688,226,2,2
688,227,2,2
688,228,2,2
688,229,2,2
688,230,2,2
688,231,2,2
688,232,2,2
688,233,2,2
688,234,2,2
688,235,2,2
688,236,2,2
688,237,2,2
688,238,2,2
688,239,2,2
688,240,2,2
688,241,2,2
688,242,2,2
688,243,2,2
688,244,2,2
688,245,2,2
688,246,2,2
688,247,2,2
688,248,2,2
688,249,2,2
688,250,2,2
688,251,2,2
688,252,2,2
688,253,2,2
688,254,2,2
688,255,2,2
688,256,2,2
688,257,2,2
688,258,2,2
688,259,2,2
688,260,2,2
688,261,2,2
688,262,2,2
688,263,2,2
688,264,2,2
688,265,2,2
688,266,2,2
688,267,2,2
688,268,2,2
688,269,2,2
688,270,2,2
688,271,2,2
688,272,2,2
688,273,2,2
688,274,2,2
688,275,2,2
688,276,2,2
688,277,2,2
688,278,2,2
688,279,2,2
688,280,2,2
688,281,2,2
688,282,2,2
688,283,2,2
688,284,2,2
688,285,2,2
688,286,2,2
688,287,2,2
688,288,2,2
688,289,2,2
688,290,2,2
688,291,2,2
688,292,2,2
688,293,2,2
688,294,2,2
688,295,2,2
688,296,2,2
688,297,2,2
688,298,2,2
688,299,2,2
688,300,2,2
688,301,2,2
688,302,2,2
688,303,2,2
688,304,2,2
688,305,2,2
688,306,2,2
688,307,2,2
688,308,2,2
688,309,2,2
688,310,2,2
688,311,2,2
688,312,2,2
688,313,2,2
688,314,2,2
688,315,2,2
688,316,2,2
688,317,2,2
688,318,2,2
688,319,2,2
688,320,2,2
688,321,2,2
688,322,2,2
688,323,2,2
688,324,2,2
688,325,2,2
688,326,2,2
688,327,2,2
688,328,2,2
688,329,2,2
688,330,2,2
688,331,2,2
688,332,2,2
688,333,2,2
688,334,2,2
688,335,2,2
688,336,2,2
688,337,2,2
688,338,2,2
688,339,2,2
688,340,2,2
688,341,2,2
688,342,2,2
688,343,2,2
688,344,2,2
688,345,2,2
688,346,2,2
688,347,2,2
688,348,2,2
688,349,2,2
688,350,2,2
688,351,2,2
688,352,2,2
688,353,2,2
688,354,2,2
688,355,2,2
688,356,2,2
688,357,2,2
688,358,2,2
688,359,2,2
688,360,2,2
688,361,2,2
688,362,2,2
688,363,2,2
688,364,2,2
688,365,2,2
688,366,2,2
688,367,2,2
688,368,2,2
688,369,2,2
688,370,2,2
688,371,2,2
688,372,2,2
688,373,2,2
688,374,2,2
688,375,2,2
688,376,2,2
688,377,2,2
688,378,2,2
688,379,2,2
688,380,2,2
688,381,2,2
688,382,2,2
688,383,2,2
688,384,2,2
688,385,2,2
688,386,2,2
688,387,2,2
688,388,2,2
688,389,2,2
688,390,2,2
688,391,2,2
688,392,2,2
688,393,2,2
688,394,2,2
688,395,2,2
688,396,2,2
688,397,2,2
688,398,2,2
688,399,2,2
688,400,2,2
688,401,2,2
688,402,2,2
688,403,2,2
688,404,2,2
688,405,2,2
688,406,2,2
689,43,2,2
689,44,2,2
689,45,2,2
689,46,2,2
689,47,2,2
689,48,2,2
689,49,2,2
689,50,2,2
689,51,2,2
689,52,2,2
689,53,2,2
689,54,2,2
689,55,2,2
689,56,2,2
689,57,2,2
689,58,2,2
689,59,2,2
689,60,2,2
689,61,2,2
689,62,2,2
689,63,2,2
689,64,2,2
689,65,2,2
689,66,2,2
689,67,2,2
689,68,2,2
689,69,2,2
689,70,2,2
689,71,2,2
689,72,2,2
689,73,2,2
689,74,2,2
689,75,2,2
689,76,2,2
689,77,2,2
689,78,2,2
689,79,2,2
689,80,2,2
689,81,2,2
689,82,2,2
689,83,2,2
689,84,2,2
689,85,2,2
689,86,2,2
689,87,2,2
689,88,2,2
689,89,2,2
689,90,2,2
689,91,2,2
689,92,2,2
689,93,2,2
689,94,2,2
689,95,2,2
689,96,2,2
689,97,2,2
689,98,2,2
689,99,2,2
689,100,2,2
689,101,2,2
689,102,2,2
689,103,2,2
689,104,2,2
689,105,2,2
689,106,2,2
689,107,2,2
689,108,2,2
689,109,2,2
689,110,2,2
689,111,2,2
689,112,2,2
689,113,2,2
689,114,2,2
689,115,2,2
689,116,2,2
689,117,2,2
689,118,2,2
689,119,2,2
689,120,2,2
689,121,2,2
689,122,2,2
689,123,2,2
689,124,2,2
689,125,2,2
689,126,2,2
689,127,2,2
689,128,2,2
689,129,2,2
689,130,2,2
689,131,2,2
689,132,2,2
689,133,2,2
689,134,2,2
689,135,2,2
689,136,2,2
689,137,2,2
689,138,2,2
689,139,2,2
689,140,2,2
689,141,2,2
689,142,2,2
689,143,2,2
689,144,2,2
689,145,2,2
689,146,2,2
689,147,2,2
689,148,2,2
689,149,2,2
689,150,2,2
689,151,2,2
689,152,2,2
689,153,2,2
689,154,2,2
689,155,2,2
689,156,2,2
689,157,2,2
689,158,2,2
689,159,2,2
689,160,2,2
689,161,2,2
689,162,2,2
689,163,2,2
689,164,2,2
689,165,2,2
689,166,2,2
689,167,2,2
689,168,2,2
689,169,2,2
689,170,2,2
689,171,2,2
689,172,2,2
689,173,2,2
689,174,2,2
689,175,2,2
689,176,2,2
689,177,2,2
689,178,2,2
689,179,2,2
689,180,2,2
689,181,2,2
689,182,2,2
689,183,2,2
689,184,2,2
689,185,2,2
689,186,2,2
689,187,2,2
689,188,2,2
689,189,2,2
689,190,2,2
689,191,2,2
689,192,2,2
689,193,2,2
689,194,2,2
689,195,2,2
689,196,2,2
689,197,2,3
689,198,2,3
689,199,2,3
689,200,2,3
689,201,2,3
689,202,2,3
689,203,2,3
689,204,2,3
689,205,2,3
689,206,2,3
689,207,2,3
689,208,2,3
689,209,2,3
689,210,2,3
689,211,2,3
689,212,2,2
689,213,2,2
689,214,2,2
689,215,2,2
689,216,2,2
689,217,2,2
689,218,2,2
689,219,2,2
689,220,2,2
689,221,2,2
689,222,2,2
689,223,2,2
689,224,2,2
689,225,2,2
689,226,2,2
689,227,2,2
689,228,2,2
689,229,2,2
689,230,2,2
689,231,2,2
689,232,2,2
689,233,2,2
689,234,2,2
689,235,2,2
689,236,2,2
689,237,2,2
689,238,2,2
689,239,2,2
689,240,2,2
689,241,2,2
689,242,2,2
689,243,2,2
689,244,2,2
689,245,2,2
689,246,2,2
689,247,2,2
689,248,2,2
689,249,2,2
689,250,2,2
689,251,2,2
689,252,2,2
689,253,2,2
689,254,2,2
689,255,2,2
689,256,2,2
689,257,2,2
689,258,2,2
689,259,2,2
689,260,2,2
689,261,2,2
689,262,2,2
689,263,2,2
689,264,2,2
689,265,2,2
689,266,2,2
689,267,2,2
689,268,2,2
689,269,2,2
689,270,2,2
689,271,2,2
689,272,2,2
689,273,2,2
689,274,2,2
689,275,2,2
689,276,2,2
689,277,2,2
689,278,2,2
689,279,2,2
689,280,2,2
689,281,2,2
689,282,2,2
689,283,2,2
689,284,2,2
689,285,2,2
689,286,2,2
689,287,2,2
689,288,2,2
689,289,2,2
689,290,2,2
689,291,2,2
689,292,2,2
689,293,2,2
689,294,2,2
689,295,2,2
689,296,2,2
689,297,2,2
689,298,2,2
689,299,2,2
689,300,2,2
689,301,2,2
689,302,2,2
689,303,2,2
689,304,2,2
689,305,2,2
689,306,2,2
689,307,2,2
689,308,2,2
689,309,2,2
689,310,2,2
689,311,2,2
689,312,2,2
689,313,2,2
689,314,2,2
689,315,2,2
689,316,2,2
689,317,2,2
689,318,2,2
689,319,2,2
689,320,2,2
689,321,2,2
689,322,2,2
689,323,2,2
689,324,2,2
689,325,2,2
689,326,2,2
689,327,2,2
689,328,2,2
689,329,2,2
689,330,2,2
689,331,2,2
689,332,2,2
689,333,2,2
689,334,2,2
689,335,2,2
689,336,2,2
689,337,2,2
689,338,2,2
689,339,2,2
689,340,2,2
689,341,2,2
689,342,2,2
689,343,2,2
689,344,2,2
689,345,2,2
689,346,2,2
689,347,2,2
689,348,2,2
689,349,2,2
689,350,2,2
689,351,2,2
689,352,2,2
689,353,2,2
689,354,2,2
689,355,2,2
689,356,2,2
689,357,2,2
689,358,2,2
689,359,2,2
689,360,2,2
689,361,2,2
689,362,2,2
689,363,2,2
689,364,2,2
689,365,2,2
689,366,2,2
689,367,2,2
689,368,2,2
689,369,2,2
689,370,2,2
689,371,2,2
689,372,2,2
689,373,2,2
689,374,2,2
689,375,2,2
689,376,2,2
689,377,2,2
689,378,2,2
689,379,2,2
689,380,2,2
689,381,2,2
689,382,2,2
689,383,2,2
689,384,2,2
689,385,2,2
689,386,2,2
689,387,2,2
689,388,2,2
689,389,2,2
689,390,2,2
689,391,2,2
689,392,2,2
689,393,2,2
689,394,2,2
689,395,2,2
689,396,2,2
689,397,2,2
689,398,2,2
689,399,2,2
689,400,2,2
689,401,2,2
689,402,2,2
689,403,2,2
689,404,2,2
689,405,2,2
689,406,2,2
689,407,2,2
690,43,2,2
690,44,2,2
690,45,2,2
690,46,2,2
690,47,2,2
690,48,2,2
690,49,2,2
690,50,2,2
690,51,2,2
690,52,2,2
690,53,2,2
690,54,2,2
690,55,2,2
690,56,2,2
690,57,2,2
690,58,2,2
690,59,2,2
690,60,2,2
690,61,2,2
690,62,2,2
690,63,2,2
690,64,2,2
690,65,2,2
690,66,2,2
690,67,2,2
690,68,2,2
690,69,2,2
690,70,2,2
690,71,2,2
690,72,2,2
690,73,2,2
690,74,2,2
690,75,2,2
690,76,2,2
690,77,2,2
690,78,2,2
690,79,2,2
690,80,2,2
690,81,2,2
690,82,2,2
690,83,2,2
690,84,2,2
690,85,2,2
690,86,2,2
690,87,2,2
690,88,2,2
690,89,2,2
690,90,2,2
690,91,2,2
690,92,2,2
690,93,2,2
690,94,2,2
690,95,2,2
690,96,2,2
690,97,2,2
690,98,2,2
690,99,2,2
690,100,2,2
690,101,2,2
690,102,2,2
690,103,2,2
690,104,2,2
690,105,2,2
690,106,2,2
690,107,2,2
690,108,2,2
690,109,2,2
690,110,2,2
690,111,2,2
690,112,2,2
690,113,2,2
690,114,2,2
690,115,2,2
690,116,2,2
690,117,2,2
690,118,2,2
690,119,2,2
690,120,2,2
690,121,2,2
690,122,2,2
690,123,2,2
690,124,2,2
690,125,2,2
690,126,2,2
690,127,2,2
690,128,2,2
690,129,2,2
690,130,2,2
690,131,2,2
690,132,2,2
690,133,2,2
690,134,2,2
690,135,2,2
690,136,2,2
690,137,2,2
690,138,2,2
690,139,2,2
690,140,2,2
690,141,2,2
690,142,2,2
690,143,2,2
690,144,2,2
690,145,2,2
690,146,2,2
690,147,2,2
690,148,2,2
690,149,2,2
690,150,2,2
690,151,2,2
690,152,2,2
690,153,2,2
690,154,2,2
690,155,2,2
690,156,2,2
690,157,2,2
690,158,2,2
690,159,2,2
690,160,2,2
690,161,2,2
690,162,2,2
690,163,2,2
690,164,2,2
690,165,2,2
690,166,2,2
690,167,2,2
690,168,2,2
690,169,2,2
690,170,2,2
690,171,2,2
690,172,2,2
690,173,2,2
690,174,2,2
690,175,2,2
690,176,2,2
690,177,2,2
690,178,2,2
690,179,2,2
690,180,2,2
690,181,2,2
690,182,2,2
690,183,2,2
690,184,2,2
690,185,2,2
690,186,2,2
690,187,2,2
690,188,2,2
690,189,2,2
690,190,2,2
690,191,2,2
690,192,2,2
690,193,2,2
690,194,2,2
690,195,2,2
690,196,2,2
690,197,2,3
690,198,2,3
690,199,2,3
690,200,2,3
690,201,2,3
690,202,2,3
690,203,2,3
690,204,2,3
690,205,2,3
690,206,2,3
690,207,2,3
690,208,2,3
690,209,2,3
690,210,2,3
690,211,2,3
690,212,2,2
690,213,2,2
690,214,2,2
690,215,2,2
690,216,2,2
690,217,2,2
690,218,2,2
690,219,2,2
690,220,2,2
690,221,2,2
690,222,2,2
690,223,2,2
690,224,2,2
690,225,2,2
690,226,2,2
690,227,2,2
690,228,2,2
690,229,2,2
690,230,2,2
690,231,2,2
690,232,2,2
690,233,2,2
690,234,2,2
690,235,2,2
690,236,2,2
690,237,2,2
690,238,2,2
690,239,2,2
690,240,2,2
690,241,2,2
690,242,2,2
690,243,2,2
690,244,2,2
690,245,2,2
690,246,2,2
690,247,2,2
690,248,2,2
690,249,2,2
690,250,2,2
690,251,2,2
690,252,2,2
690,253,2,2
690,254,2,2
690,255,2,2
690,256,2,2
690,257,2,2
690,258,2,2
690,259,2,2
690,260,2,2
690,261,2,2
690,262,2,2
690,263,2,2
690,264,2,2
690,265,2,2
690,266,2,2
690,267,2,2
690,268,2,2
690,269,2,2
690,270,2,2
690,271,2,2
690,272,2,2
690,273,2,2
690,274,2,2
690,275,2,2
690,276,2,2
690,277,2,2
690,278,2,2
690,279,2,2
690,280,2,2
690,281,2,2
690,282,2,2
690,283,2,2
690,284,2,2
690,285,2,2
690,286,2,2
690,287,2,2
690,288,2,2
690,289,2,2
690,290,2,2
690,291,2,2
690,292,2,2
690,293,2,2
690,294,2,2
690,295,2,2
690,296,2,2
690,297,2,2
690,298,2,2
690,299,2,2
690,300,2,2
690,301,2,2
690,302,2,2
690,303,2,2
690,304,2,2
690,305,2,2
690,306,2,2
690,307,2,2
690,308,2,2
690,309,2,2
690,310,2,2
690,311,2,2
690,312,2,2
690,313,2,2
690,314,2,2
690,315,2,2
690,316,2,2
690,317,2,2
690,318,2,2
690,319,2,2
690,320,2,2
690,321,2,2
690,322,2,2
690,323,2,2
690,324,2,2
690,325,2,2
690,326,2,2
690,327,2,2
690,328,2,2
690,329,2,2
690,330,2,2
690,331,2,2
690,332,2,2
690,333,2,2
690,334,2,2
690,335,2,2
690,336,2,2
690,337,2,2
690,338,2,2
690,339,2,2
690,340,2,2
690,341,2,2
690,342,2,2
690,343,2,2
690,344,2,2
690,345,2,2
690,346,2,2
690,347,2,2
690,348,2,2
690,349,2,2
690,350,2,2
690,351,2,2
690,352,2,2
690,353,2,2
690,354,2,2
690,355,2,2
690,356,2,2
690,357,2,2
690,358,2,2
690,359,2,2
690,360,2,2
690,361,2,2
690,362,2,2
690,363,2,2
690,364,2,2
690,365,2,2
690,366,2,2
690,367,2,2
690,368,2,2
690,369,2,2
690,370,2,2
690,371,2,2
690,372,2,2
690,373,2,2
690,374,2,2
690,375,2,2
690,376,2,2
690,377,2,2
690,378,2,2
690,379,2,2
690,380,2,2
690,381,2,2
690,382,2,2
690,383,2,2
690,384,2,2
690,385,2,2
690,386,2,2
690,387,2,2
690,388,2,2
690,389,2,2
690,390,2,2
690,391,2,2
690,392,2,2
690,393,2,2
690,394,2,2
690,395,2,2
690,396,2,2
690,397,2,2
690,398,2,2
690,399,2,2
690,400,2,2
690,401,2,2
690,402,2,2
690,403,2,2
690,404,2,2
690,405,2,2
690,406,2,2
690,407,2,2
691,42,2,2
691,43,2,2
691,44,2,2
691,45,2,2
691,46,2,2
691,47,2,2
691,48,2,2
691,49,2,2
691,50,2,2
691,51,2,2
691,52,2,2
691,53,2,2
691,54,2,2
691,55,2,2
691,56,2,2
691,57,2,2
691,58,2,2
691,59,2,2
691,60,2,2
691,61,2,2
691,62,2,2
691,63,2,2
691,64,2,2
691,65,2,2
691,66,2,2
691,67,2,2
691,68,2,2
691,69,2,2
691,70,2,2
691,71,2,2
691,72,2,2
691,73,2,2
691,74,2,2
691,75,2,2
691,76,2,2
691,77,2,2
691,78,2,2
691,79,2,2
691,80,2,2
691,81,2,2
691,82,2,2
691,83,2,2
691,84,2,2
691,85,2,2
691,86,2,2
691,87,2,2
691,88,2,2
691,89,2,2
691,90,2,2
691,91,2,2
691,92,2,2
691,93,2,2
691,94,2,2
691,95,2,2
691,96,2,2
691,97,2,2
691,98,2,2
691,99,2,2
691,100,2,2
691,101,2,2
691,102,2,2
691,103,2,2
691,104,2,2
691,105,2,2
691,106,2,2
691,107,2,2
691,108,2,2
691,109,2,2
691,110,2,2
691,111,2,2
691,112,2,2
691,113,2,2
691,114,2,2
691,115,2,2
691,116,2,2
691,117,2,2
691,118,2,2
691,119,2,2
691,120,2,2
691,121,2,2
691,122,2,2
691,123,2,2
691,124,2,2
691,125,2,2
691,126,2,2
691,127,2,2
691,128,2,2
691,129,2,2
691,130,2,2
691,131,2,2
691,132,2,2
691,133,2,2
691,134,2,2
691,135,2,2
691,136,2,2
691,137,2,2
691,138,2,2
691,139,2,2
691,140,2,2
691,141,2,2
691,142,2,2
691,143,2,2
691,144,2,2
691,145,2,2
691,146,2,2
691,147,2,2
691,148,2,2
691,149,2,2
691,150,2,2
691,151,2,2
691,152,2,2
691,153,2,2
691,154,2,2
691,155,2,2
691,156,2,2
691,157,2,2
691,158,2,2
691,159,2,2
691,160,2,2
691,161,2,2
691,162,2,2
691,163,2,2
691,164,2,2
691,165,2,2
691,166,2,2
691,167,2,2
691,168,2,2
691,169,2,2
691,170,2,2
691,171,2,2
691,172,2,2
691,173,2,2
691,174,2,2
691,175,2,2
691,176,2,2
691,177,2,2
691,178,2,2
691,179,2,2
691,180,2,2
691,181,2,2
691,182,2,2
691,183,2,2
691,184,2,2
691,185,2,2
691,186,2,2
691,187,2,2
691,188,2,2
691,189,2,2
691,190,2,2
691,191,2,2
691,192,2,2
691,193,2,2
691,194,2,2
691,195,2,2
691,196,2,2
691,197,2,3
691,198,2,3
691,199,2,3
691,200,2,3
691,201,2,3
691,202,2,3
691,203,2,3
691,204,2,3
691,205,2,3
691,206,2,3
691,207,2,3
691,208,2,3
691,209,2,3
691,210,2,3
691,211,2,3
691,212,2,2
691,213,2,2
691,214,2,2
691,215,2,2
691,216,2,2
691,217,2,2
691,218,2,2
691,219,2,2
691,220,2,2
691,221,2,2
691,222,2,2
691,223,2,2
691,224,2,2
691,225,2,2
691,226,2,2
691,227,2,2
691,228,2,2
691,229,2,2
691,230,2,2
691,231,2,2
691,232,2,2
691,233,2,2
691,234,2,2
691,235,2,2
691,236,2,2
691,237,2,2
691,238,2,2
691,239,2,2
691,240,2,2
691,241,2,2
691,242,2,2
691,243,2,2
691,244,2,2
691,245,2,2
691,246,2,2
691,247,2,2
691,248,2,2
691,249,2,2
691,250,2,2
691,251,2,2
691,252,2,2
691,253,2,2
691,254,2,2
691,255,2,2
691,256,2,2
691,257,2,2
691,258,2,2
691,259,2,2
691,260,2,2
691,261,2,2
691,262,2,2
691,263,2,2
691,264,2,2
691,265,2,2
691,266,2,2
691,267,2,2
691,268,2,2
691,269,2,2
691,270,2,2
691,271,2,2
691,272,2,2
691,273,2,2
691,274,2,2
691,275,2,2
691,276,2,2
691,277,2,2
691,278,2,2
691,279,2,2
691,280,2,2
691,281,2,2
691,282,2,2
691,283,2,2
691,284,2,2
691,285,2,2
691,286,2,2
691,287,2,2
691,288,2,2
691,289,2,2
691,290,2,2
691,291,2,2
691,292,2,2
691,293,2,2
691,294,2,2
691,295,2,2
691,296,2,2
691,297,2,2
691,298,2,2
691,299,2,2
691,300,2,2
691,301,2,2
691,302,2,2
691,303,2,2
691,304,2,2
691,305,2,2
691,306,2,2
691,307,2,2
691,308,2,2
691,309,2,2
691,310,2,2
691,311,2,2
691,312,2,2
691,313,2,2
691,314,2,2
691,315,2,2
691,316,2,2
691,317,2,2
691,318,2,2
691,319,2,2
691,320,2,2
691,321,2,2
691,322,2,2
691,323,2,2
691,324,2,2
691,325,2,2
691,326,2,2
691,327,2,2
691,328,2,2
691,329,2,2
691,330,2,2
691,331,2,2
691,332,2,2
691,333,2,2
691,334,2,2
691,335,2,2
691,336,2,2
691,337,2,2
691,338,2,2
691,339,2,2
691,340,2,2
691,341,2,2
691,342,2,2
691,343,2,2
691,344,2,2
691,345,2,2
691,346,2,2
691,347,2,2
691,348,2,2
691,349,2,2
691,350,2,2
691,351,2,2
691,352,2,2
691,353,2,2
691,354,2,2
691,355,2,2
691,356,2,2
691,357,2,2
691,358,2,2
691,359,2,2
691,360,2,2
691,361,2,2
691,362,2,2
691,363,2,2
691,364,2,2
691,365,2,2
691,366,2,2
691,367,2,2
691,368,2,2
691,369,2,2
691,370,2,2
691,371,2,2
691,372,2,2
691,373,2,2
691,374,2,2
691,375,2,2
691,376,2,2
691,377,2,2
691,378,2,2
691,379,2,2
691,380,2,2
691,381,2,2
691,382,2,2
691,383,2,2
691,384,2,2
691,385,2,2
691,386,2,2
691,387,2,2
691,388,2,2
691,389,2,2
691,390,2,2
691,391,2,2
691,392,2,2
691,393,2,2
691,394,2,2
691,395,2,2
691,396,2,2
691,397,2,2
691,398,2,2
691,399,2,2
691,400,2,2
691,401,2,2
691,402,2,2
691,403,2,2
691,404,2,2
691,405,2,2
691,406,2,2
691,407,2,2
691,408,2,2
692,41,2,2
692,42,2,2
692,43,2,2
692,44,2,2
692,45,2,2
692,46,2,2
692,47,2,2
692,48,2,2
692,49,2,2
692,50,2,2
692,51,2,2
692,52,2,2
692,53,2,2
692,54,2,2
692,55,2,2
692,56,2,2
692,57,2,2
692,58,2,2
692,59,2,2
692,60,2,2
692,61,2,2
692,62,2,2
692,63,2,2
692,64,2,2
692,65,2,2
692,66,2,2
692,67,2,2
692,68,2,2
692,69,2,2
692,70,2,2
692,71,2,2
692,72,2,2
692,73,2,2
692,74,2,2
692,75,2,2
692,76,2,2
692,77,2,2
692,78,2,2
692,79,2,2
692,80,2,2
692,81,2,2
692,82,2,2
692,83,2,2
692,84,2,2
692,85,2,2
692,86,2,2
692,87,2,2
692,88,2,2
692,89,2,2
692,90,2,2
692,91,2,2
692,92,2,2
692,93,2,2
692,94,2,2
692,95,2,2
692,96,2,2
692,97,2,2
692,98,2,2
692,99,2,2
692,100,2,2
692,101,2,2
692,102,2,2
692,103,2,2
692,104,2,2
692,105,2,2
692,106,2,2
692,107,2,2
692,108,2,2
692,109,2,2
692,110,2,2
692,111,2,2
692,112,2,2
692,113,2,2
692,114,2,2
692,115,2,2
692,116,2,2
692,117,2,2
692,118,2,2
692,119,2,2
692,120,2,2
692,121,2,2
692,122,2,2
692,123,2,2
692,124,2,2
692,125,2,2
692,126,2,2
692,127,2,2
692,128,2,2
692,129,2,2
692,130,2,2
692,131,2,2
692,132,2,2
692,133,2,2
692,134,2,2
692,135,2,2
692,136,2,2
692,137,2,2
692,138,2,2
692,139,2,2
692,140,2,2
692,141,2,2
692,142,2,2
692,143,2,2
692,144,2,2
692,145,2,2
692,146,2,2
692,147,2,2
692,148,2,2
692,149,2,2
692,150,2,2
692,151,2,2
692,152,2,2
692,153,2,2
692,154,2,2
692,155,2,2
692,156,2,2
692,157,2,2
692,158,2,2
692,159,2,2
692,160,2,2
692,161,2,2
692,162,2,2
692,163,2,2
692,164,2,2
692,165,2,2
692,166,2,2
692,167,2,2
692,168,2,2
692,169,2,2
692,170,2,2
692,171,2,2
692,172,2,2
692,173,2,2
692,174,2,2
692,175,2,2
692,176,2,2
692,177,2,2
692,178,2,2
692,179,2,2
692,180,2,2
692,181,2,2
692,182,2,2
692,183,2,2
692,184,2,2
692,185,2,2
692,186,2,2
692,187,2,2
692,188,2,2
692,189,2,2
692,190,2,2
692,191,2,2
692,192,2,2
692,193,2,2
692,194,2,2
692,195,2,2
692,196,2,2
692,197,2,3
692,198,2,3
692,199,2,3
692,200,2,3
692,201,2,3
692,202,2,3
692,203,2,3
692,204,2,3
692,205,2,3
692,206,2,3
692,207,2,3
692,208,2,3
692,209,2,3
692,210,2,3
692,211,2,3
692,212,2,2
692,213,2,2
692,214,2,2
692,215,2,2
692,216,2,2
692,217,2,2
692,218,2,2
692,219,2,2
692,220,2,2
692,221,2,2
692,222,2,2
692,223,2,2
692,224,2,2
692,225,2,2
692,226,2,2
692,227,2,2
692,228,2,2
692,229,2,2
692,230,2,2
692,231,2,2
692,232,2,2
692,233,2,2
692,234,2,2
692,235,2,2
692,236,2,2
692,237,2,2
692,238,2,2
692,239,2,2
692,240,2,2
692,241,2,2
692,242,2,2
692,243,2,2
692,244,2,2
692,245,2,2
692,246,2,2
692,247,2,2
692,248,2,2
692,249,2,2
692,250,2,2
692,251,2,2
692,252,2,2
692,253,2,2
692,254,2,2
692,255,2,2
692,256,2,2
692,257,2,2
692,258,2,2
692,259,2,2
692,260,2,2
692,261,2,2
692,262,2,2
692,263,2,2
692,264,2,2
692,265,2,2
692,266,2,2
692,267,2,2
692,268,2,2
692,269,2,2
692,270,2,2
692,271,2,2
692,272,2,2
692,273,2,2
692,274,2,2
692,275,2,2
692,276,2,2
692,277,2,2
692,278,2,2
692,279,2,2
692,280,2,2
692,281,2,2
692,282,2,2
692,283,2,2
692,284,2,2
692,285,2,2
692,286,2,2
692,287,2,2
692,288,2,2
692,289,2,2
692,290,2,2
692,291,2,2
692,292,2,2
692,293,2,2
692,294,2,2
692,295,2,2
692,296,2,2
692,297,2,2
692,298,2,2
692,299,2,2
692,300,2,2
692,301,2,2
692,302,2,2
692,303,2,2
692,304,2,2
692,305,2,2
692,306,2,2
692,307,2,2
692,308,2,2
692,309,2,2
692,310,2,2
692,311,2,2
692,312,2,2
692,313,2,2
692,314,2,2
692,315,2,2
692,316,2,2
692,317,2,2
692,318,2,2
692,319,2,2
692,320,2,2
692,321,2,2
692,322,2,2
692,323,2,2
692,324,2,2
692,325,2,2
692,326,2,2
692,327,2,2
692,328,2,2
692,329,2,2
692,330,2,2
692,331,2,2
692,332,2,2
692,333,2,2
692,334,2,2
692,335,2,2
692,336,2,2
692,337,2,2
692,338,2,2
692,339,2,2
692,340,2,2
692,341,2,2
692,342,2,2
692,343,2,2
692,344,2,2
692,345,2,2
692,346,2,2
692,347,2,2
692,348,2,2
692,349,2,2
692,350,2,2
692,351,2,2
692,352,2,2
692,353,2,2
692,354,2,2
692,355,2,2
692,356,2,2
692,357,2,2
692,358,2,2
692,359,2,2
692,360,2,2
692,361,2,2
692,362,2,2
692,363,2,2
692,364,2,2
692,365,2,2
692,366,2,2
692,367,2,2
692,368,2,2
692,369,2,2
692,370,2,2
692,371,2,2
692,372,2,2
692,373,2,2
692,374,2,2
692,375,2,2
692,376,2,2
692,377,2,2
692,378,2,2
692,379,2,2
692,380,2,2
692,381,2,2
692,382,2,2
692,383,2,2
692,384,2,2
692,385,2,2
692,386,2,2
692,387,2,2
692,388,2,2
692,389,2,2
692,390,2,2
692,391,2,2
692,392,2,2
692,393,2,2
692,394,2,2
692,395,2,2
692,396,2,2
692,397,2,2
692,398,2,2
692,399,2,2
692,400,2,2
692,401,2,2
692,402,2,2
692,403,2,2
692,404,2,2
692,405,2,2
692,406,2,2
692,407,2,2
692,408,2,2
692,409,2,2
693,40,2,2
693,41,2,2
693,42,2,2
693,43,2,2
693,44,2,2
693,45,2,2
693,46,2,2
693,47,2,2
693,48,2,2
693,49,2,2
693,50,2,2
693,51,2,2
693,52,2,2
693,53,2,2
693,54,2,2
693,55,2,2
693,56,2,2
693,57,2,2
693,58,2,2
693,59,2,2
693,60,2,2
693,61,2,2
693,62,2,2
693,63,2,2
693,64,2,2
693,65,2,2
693,66,2,2
693,67,2,2
693,68,2,2
693,69,2,2
693,70,2,2
693,71,2,2
693,72,2,2
693,73,2,2
693,74,2,2
693,75,2,2
693,76,2,2
693,77,2,2
693,78,2,2
693,79,2,2
693,80,2,2
693,81,2,2
693,82,2,2
693,83,2,2
693,84,2,2
693,85,2,2
693,86,2,2
693,87,2,2
693,88,2,2
693,89,2,2
693,90,2,2
693,91,2,2
693,92,2,2
693,93,2,2
693,94,2,2
693,95,2,2
693,96,2,2
693,97,2,2
693,98,2,2
693,99,2,2
693,100,2,2
693,101,2,2
693,102,2,2
693,103,2,2
693,104,2,2
693,105,2,2
693,106,2,2
693,107,2,2
693,108,2,2
693,109,2,2
693,110,2,2
693,111,2,2
693,112,2,2
693,113,2,2
693,114,2,2
693,115,2,2
693,116,2,2
693,117,2,2
693,118,2,2
693,119,2,2
693,120,2,2
693,121,2,2
693,122,2,2
693,123,2,2
693,124,2,2
693,125,2,2
693,126,2,2
693,127,2,2
693,128,2,2
693,129,2,2
693,130,2,2
693,131,2,2
693,132,2,2
693,133,2,2
693,134,2,2
693,135,2,2
693,136,2,2
693,137,2,2
693,138,2,2
693,139,2,2
693,140,2,2
693,141,2,2
693,142,2,2
693,143,2,2
693,144,2,2
693,145,2,2
693,146,2,2
693,147,2,2
693,148,2,2
693,149,2,2
693,150,2,2
693,151,2,2
693,152,2,2
693,153,2,2
693,154,2,2
693,155,2,2
693,156,2,2
693,157,2,2
693,158,2,2
693,159,2,2
693,160,2,2
693,161,2,2
693,162,2,2
693,163,2,2
693,164,2,2
693,165,2,2
693,166,2,2
693,167,2,2
693,168,2,2
693,169,2,2
693,170,2,2
693,171,2,2
693,172,2,2
693,173,2,2
693,174,2,2
693,175,2,2
693,176,2,2
693,177,2,2
693,178,2,2
693,179,2,2
693,180,2,2
693,181,2,2
693,182,2,2
693,183,2,2
693,184,2,2
693,185,2,2
693,186,2,2
693,187,2,2
693,188,2,2
693,189,2,2
693,190,2,2
693,191,2,2
693,192,2,2
693,193,2,2
693,194,2,2
693,195,2,2
693,196,2,2
693,197,2,3
693,198,2,3
693,199,2,3
693,200,2,3
693,201,2,3
693,202,2,3
693,203,2,3
693,204,2,3
693,205,2,3
693,206,2,3
693,207,2,3
693,208,2,3
693,209,2,3
693,210,2,3
693,211,2,3
693,212,2,2
693,213,2,2
693,214,2,2
693,215,2,2
693,216,2,2
693,217,2,2
693,218,2,2
693,219,2,2
693,220,2,2
693,221,2,2
693,222,2,2
693,223,2,2
693,224,2,2
693,225,2,2
693,226,2,2
693,227,2,2
693,228,2,2
693,229,2,2
693,230,2,2
693,231,2,2
693,232,2,2
693,233,2,2
693,234,2,2
693,235,2,2
693,236,2,2
693,237,2,2
693,238,2,2
693,239,2,2
693,240,2,2
693,241,2,2
693,242,2,2
693,243,2,2
693,244,2,2
693,245,2,2
693,246,2,2
693,247,2,2
693,248,2,2
693,249,2,2
693,250,2,2
693,251,2,2
693,252,2,2
693,253,2,2
693,254,2,2
693,255,2,2
693,256,2,2
693,257,2,2
693,258,2,2
693,259,2,2
693,260,2,2
693,261,2,2
693,262,2,2
693,263,2,2
693,264,2,2
693,265,2,2
693,266,2,2
693,267,2,2
693,268,2,2
693,269,2,2
693,270,2,2
693,271,2,2
693,272,2,2
693,273,2,2
693,274,2,2
693,275,2,2
693,276,2,2
693,277,2,2
693,278,2,2
693,279,2,2
693,280,2,2
693,281,2,2
693,282,2,2
693,283,2,2
693,284,2,2
693,285,2,2
693,286,2,2
693,287,2,2
693,288,2,2
693,289,2,2
693,290,2,2
693,291,2,2
693,292,2,2
693,293,2,2
693,294,2,2
693,295,2,2
693,296,2,2
693,297,2,2
693,298,2,2
693,299,2,2
693,300,2,2
693,301,2,2
693,302,2,2
693,303,2,2
693,304,2,2
693,305,2,2
693,306,2,2
693,307,2,2
693,308,2,2
693,309,2,2
693,310,2,2
693,311,2,2
693,312,2,2
693,313,2,2
693,314,2,2
693,315,2,2
693,316,2,2
693,317,2,2
693,318,2,2
693,319,2,2
693,320,2,2
693,321,2,2
693,322,2,2
693,323,2,2
693,324,2,2
693,325,2,2
693,326,2,2
693,327,2,2
693,328,2,2
693,329,2,2
693,330,2,2
693,331,2,2
693,332,2,2
693,333,2,2
693,334,2,2
693,335,2,2
693,336,2,2
693,337,2,2
693,338,2,2
693,339,2,2
693,340,2,2
693,341,2,2
693,342,2,2
693,343,2,2
693,344,2,2
693,345,2,2
693,346,2,2
693,347,2,2
693,348,2,2
693,349,2,2
693,350,2,2
693,351,2,2
693,352,2,2
693,353,2,2
693,354,2,2
693,355,2,2
693,356,2,2
693,357,2,2
693,358,2,2
693,359,2,2
693,360,2,2
693,361,2,2
693,362,2,2
693,363,2,2
693,364,2,2
693,365,2,2
693,366,2,2
693,367,2,2
693,368,2,2
693,369,2,2
693,370,2,2
693,371,2,2
693,372,2,2
693,373,2,2
693,374,2,2
693,375,2,2
693,376,2,2
693,377,2,2
693,378,2,2
693,379,2,2
693,380,2,2
693,381,2,2
693,382,2,2
693,383,2,2
693,384,2,2
693,385,2,2
693,386,2,2
693,387,2,2
693,388,2,2
693,389,2,2
693,390,2,2
693,391,2,2
693,392,2,2
693,393,2,2
693,394,2,2
693,395,2,2
693,396,2,2
693,397,2,2
693,398,2,2
693,399,2,2
693,400,2,2
693,401,2,2
693,402,2,2
693,403,2,2
693,404,2,2
693,405,2,2
693,406,2,2
693,407,2,2
693,408,2,2
693,409,2,2
693,410,2,2
694,40,2,2
694,41,2,2
694,42,2,2
694,43,2,2
694,44,2,2
694,45,2,2
694,46,2,2
694,47,2,2
694,48,2,2
694,49,2,2
694,50,2,2
694,51,2,2
694,52,2,2
694,53,2,2
694,54,2,2
694,55,2,2
694,56,2,2
694,57,2,2
694,58,2,2
694,59,2,2
694,60,2,2
694,61,2,2
694,62,2,2
694,63,2,2
694,64,2,2
694,65,2,2
694,66,2,2
694,67,2,2
694,68,2,2
694,69,2,2
694,70,2,2
694,71,2,2
694,72,2,2
694,73,2,2
694,74,2,2
694,75,2,2
694,76,2,2
694,77,2,2
694,78,2,2
694,79,2,2
694,80,2,2
694,81,2,2
694,82,2,2
694,83,2,2
694,84,2,2
694,85,2,2
694,86,2,2
694,87,2,2
694,88,2,2
694,89,2,2
694,90,2,2
694,91,2,2
694,92,2,2
694,93,2,2
694,94,2,2
694,95,2,2
694,96,2,2
694,97,2,2
694,98,2,2
694,99,2,2
694,100,2,2
694,101,2,2
694,102,2,2
694,103,2,2
694,104,2,2
694,105,2,2
694,106,2,2
694,107,2,2
694,108,2,2
694,109,2,2
694,110,2,2
694,111,2,2
694,112,2,2
694,113,2,2
694,114,2,2
694,115,2,2
694,116,2,2
694,117,2,2
694,118,2,2
694,119,2,2
694,120,2,2
694,121,2,2
694,122,2,2
694,123,2,2
694,124,2,2
694,125,2,2
694,126,2,2
694,127,2,2
694,128,2,2
694,129,2,2
694,130,2,2
694,131,2,2
694,132,2,2
694,133,2,2
694,134,2,2
694,135,2,2
694,136,2,2
694,137,2,2
694,138,2,2
694,139,2,2
694,140,2,2
694,141,2,2
694,142,2,2
694,143,2,2
694,144,2,2
694,145,2,2
694,146,2,2
694,147,2,2
694,148,2,2
694,149,2,2
694,150,2,2
694,151,2,2
694,152,2,2
694,153,2,2
694,154,2,2
694,155,2,2
694,156,2,2
694,157,2,2
694,158,2,2
694,159,2,2
694,160,2,2
694,161,2,2
694,162,2,2
694,163,2,2
694,164,2,2
694,165,2,2
694,166,2,2
694,167,2,2
694,168,2,2
694,169,2,2
694,170,2,2
694,171,2,2
694,172,2,2
694,173,2,2
694,174,2,2
694,175,2,2
694,176,2,2
694,177,2,2
694,178,2,2
694,179,2,2
694,180,2,2
694,181,2,2
694,182,2,2
694,183,2,2
694,184,2,2
694,185,2,2
694,186,2,2
694,187,2,2
694,188,2,2
694,189,2,2
694,190,2,2
694,191,2,2
694,192,2,2
694,193,2,2
694,194,2,2
694,195,2,2
694,196,2,2
694,197,2,3
694,198,2,3
694,199,2,3
694,200,2,3
694,201,2,3
694,202,2,3
694,203,2,3
694,204,2,3
694,205,2,3
694,206,2,3
694,207,2,3
694,208,2,3
694,209,2,3
694,210,2,3
694,211,2,3
694,212,2,2
694,213,2,2
694,214,2,2
694,215,2,2
694,216,2,2
694,217,2,2
694,218,2,2
694,219,2,2
694,220,2,2
694,221,2,2
694,222,2,2
694,223,2,2
694,224,2,2
694,225,2,2
694,226,2,2
694,227,2,2
694,228,2,2
694,229,2,2
694,230,2,2
694,231,2,2
694,232,2,2
694,233,2,2
694,234,2,2
694,235,2,2
694,236,2,2
694,237,2,2
694,238,2,2
694,239,2,2
694,240,2,2
694,241,2,2
694,242,2,2
694,243,2,2
694,244,2,2
694,245,2,2
694,246,2,2
694,247,2,2
694,248,2,2
694,249,2,2
694,250,2,2
694,251,2,2
694,252,2,2
694,253,2,2
694,254,2,2
694,255,2,2
694,256,2,2
694,257,2,2
694,258,2,2
694,259,2,2
694,260,2,2
694,261,2,2
694,262,2,2
694,263,2,2
694,264,2,2
694,265,2,2
694,266,2,2
694,267,2,2
694,268,2,2
694,269,2,2
694,270,2,2
694,271,2,2
694,272,2,2
694,273,2,2
694,274,2,2
694,275,2,2
694,276,2,2
694,277,2,2
694,278,2,2
694,279,2,2
694,280,2,2
694,281,2,2
694,282,2,2
694,283,2,2
694,284,2,2
694,285,2,2
694,286,2,2
694,287,2,2
694,288,2,2
694,289,2,2
694,290,2,2
694,291,2,2
694,292,2,2
694,293,2,2
694,294,2,2
694,295,2,2
694,296,2,2
694,297,2,2
694,298,2,2
694,299,2,2
694,300,2,2
694,301,2,2
694,302,2,2
694,303,2,2
694,304,2,2
694,305,2,2
694,306,2,2
694,307,2,2
694,308,2,2
694,309,2,2
694,310,2,2
694,311,2,2
694,312,2,2
694,313,2,2
694,314,2,2
694,315,2,2
694,316,2,2
694,317,2,2
694,318,2,2
694,319,2,2
694,320,2,2
694,321,2,2
694,322,2,2
694,323,2,2
694,324,2,2
694,325,2,2
694,326,2,2
694,327,2,2
694,328,2,2
694,329,2,2
694,330,2,2
694,331,2,2
694,332,2,2
694,333,2,2
694,334,2,2
694,335,2,2
694,336,2,2
694,337,2,2
694,338,2,2
694,339,2,2
694,340,2,2
694,341,2,2
694,342,2,2
694,343,2,2
694,344,2,2
694,345,2,2
694,346,2,2
694,347,2,2
694,348,2,2
694,349,2,2
694,350,2,2
694,351,2,2
694,352,2,2
694,353,2,2
694,354,2,2
694,355,2,2
694,356,2,2
694,357,2,2
694,358,2,2
694,359,2,2
694,360,2,2
694,361,2,2
694,362,2,2
694,363,2,2
694,364,2,2
694,365,2,2
694,366,2,2
694,367,2,2
694,368,2,2
694,369,2,2
694,370,2,2
694,371,2,2
694,372,2,2
694,373,2,2
694,374,2,2
694,375,2,2
694,376,2,2
694,377,2,2
694,378,2,2
694,379,2,2
694,380,2,2
694,381,2,2
694,382,2,2
694,383,2,2
694,384,2,2
694,385,2,2
694,386,2,2
694,387,2,2
694,388,2,2
694,389,2,2
694,390,2,2
694,391,2,2
694,392,2,2
694,393,2,2
694,394,2,2
694,395,2,2
694,396,2,2
694,397,2,2
694,398,2,2
694,399,2,2
694,400,2,2
694,401,2,2
694,402,2,2
694,403,2,2
694,404,2,2
694,405,2,2
694,406,2,2
694,407,2,2
694,408,2,2
694,409,2,2
694,410,2,2
695,39,2,2
695,40,2,2
695,41,2,2
695,42,2,2
695,43,2,2
695,44,2,2
695,45,2,2
695,46,2,2
695,47,2,2
695,48,2,2
695,49,2,2
695,50,2,2
695,51,2,2
695,52,2,2
695,53,2,2
695,54,2,2
695,55,2,2
695,56,2,2
695,57,2,2
695,58,2,2
695,59,2,2
695,60,2,2
695,61,2,2
695,62,2,2
695,63,2,2
695,64,2,2
695,65,2,2
695,66,2,2
695,67,2,2
695,68,2,2
695,69,2,2
695,70,2,2
695,71,2,2
695,72,2,2
695,73,2,2
695,74,2,2
695,75,2,2
695,76,2,2
695,77,2,2
695,78,2,2
695,79,2,2
695,80,2,2
695,81,2,2
695,82,2,2
695,83,2,2
695,84,2,2
695,85,2,2
695,86,2,2
695,87,2,2
695,88,2,2
695,89,2,2
695,90,2,2
695,91,2,2
695,92,2,2
695,93,2,2
695,94,2,2
695,95,2,2
695,96,2,2
695,97,2,2
695,98,2,2
695,99,2,2
695,100,2,2
695,101,2,2
695,102,2,2
695,103,2,2
695,104,2,2
695,105,2,2
695,106,2,2
695,107,2,2
695,108,2,2
695,109,2,2
695,110,2,2
695,111,2,2
695,112,2,2
695,113,2,2
695,114,2,2
695,115,2,2
695,116,2,2
695,117,2,2
695,118,2,2
695,119,2,2
695,120,2,2
695,121,2,2
695,122,2,2
695,123,2,2
695,124,2,2
695,125,2,2
695,126,2,2
695,127,2,2
695,128,2,2
695,129,2,2
695,130,2,2
695,131,2,2
695,132,2,2
695,133,2,2
695,134,2,2
695,135,2,2
695,136,2,2
695,137,2,2
695,138,2,2
695,139,2,2
695,140,2,2
695,141,2,2
695,142,2,2
695,143,2,2
695,144,2,2
695,145,2,2
695,146,2,2
695,147,2,2
695,148,2,2
695,149,2,2
695,150,2,2
695,151,2,2
695,152,2,2
695,153,2,2
695,154,2,2
695,155,2,2
695,156,2,2
695,157,2,2
695,158,2,2
695,159,2,2
695,160,2,2
695,161,2,2
695,162,2,2
695,163,2,2
695,164,2,2
695,165,2,2
695,166,2,2
695,167,2,2
695,168,2,2
695,169,2,2
695,170,2,2
695,171,2,2
695,172,2,2
695,173,2,2
695,174,2,2
695,175,2,2
695,176,2,2
695,177,2,2
695,178,2,2
695,179,2,2
695,180,2,2
695,181,2,2
695,182,2,2
695,183,2,2
695,184,2,2
695,185,2,2
695,186,2,2
695,187,2,2
695,188,2,2
695,189,2,2
695,190,2,2
695,191,2,2
695,192,2,2
695,193,2,2
695,194,2,2
695,195,2,2
695,196,2,3
695,197,2,3
695,198,2,3
695,199,2,3
695,200,2,3
695,201,2,3
695,202,2,3
695,203,2,3
695,204,2,3
695,205,2,3
695,206,2,3
695,207,2,3
695,208,2,3
695,209,2,3
695,210,2,3
695,211,2,3
695,212,2,2
695,213,2,2
695,214,2,2
695,215,2,2
695,216,2,2
695,217,2,2
695,218,2,2
695,219,2,2
695,220,2,2
695,221,2,2
695,222,2,2
695,223,2,2
695,224,2,2
695,225,2,2
695,226,2,2
695,227,2,2
695,228,2,2
695,229,2,2
695,230,2,2
695,231,2,2
695,232,2,2
695,233,2,2
695,234,2,2
695,235,2,2
695,236,2,2
695,237,2,2
695,238,2,2
695,239,2,2
695,240,2,2
695,241,2,2
695,242,2,2
695,243,2,2
695,244,2,2
695,245,2,2
695,246,2,2
695,247,2,2
695,248,2,2
695,249,2,2
695,250,2,2
695,251,2,2
695,252,2,2
695,253,2,2
695,254,2,2
695,255,2,2
695,256,2,2
695,257,2,2
695,258,2,2
695,259,2,2
695,260,2,2
695,261,2,2
695,262,2,2
695,263,2,2
695,264,2,2
695,265,2,2
695,266,2,2
695,267,2,2
695,268,2,2
695,269,2,2
695,270,2,2
695,271,2,2
695,272,2,2
695,273,2,2
695,274,2,2
695,275,2,2
695,276,2,2
695,277,2,2
695,278,2,2
695,279,2,2
695,280,2,2
695,281,2,2
695,282,2,2
695,283,2,2
695,284,2,2
695,285,2,2
695,286,2,2
695,287,2,2
695,288,2,2
695,289,2,2
695,290,2,2
695,291,2,2
695,292,2,2
695,293,2,2
695,294,2,2
695,295,2,2
695,296,2,2
695,297,2,2
695,298,2,2
695,299,2,2
695,300,2,2
695,301,2,2
695,302,2,2
695,303,2,2
695,304,2,2
695,305,2,2
695,306,2,2
695,307,2,2
695,308,2,2
695,309,2,2
695,310,2,2
695,311,2,2
695,312,2,2
695,313,2,2
695,314,2,2
695,315,2,2
695,316,2,2
695,317,2,2
695,318,2,2
695,319,2,2
695,320,2,2
695,321,2,2
695,322,2,2
695,323,2,2
695,324,2,2
695,325,2,2
695,326,2,2
695,327,2,2
695,328,2,2
695,329,2,2
695,330,2,2
695,331,2,2
695,332,2,2
695,333,2,2
695,334,2,2
695,335,2,2
695,336,2,2
695,337,2,2
695,338,2,2
695,339,2,2
695,340,2,2
695,341,2,2
695,342,2,2
695,343,2,2
695,344,2,2
695,345,2,2
695,346,2,2
695,347,2,2
695,348,2,2
695,349,2,2
695,350,2,2
695,351,2,2
695,352,2,2
695,353,2,2
695,354,2,2
695,355,2,2
695,356,2,2
695,357,2,2
695,358,2,2
695,359,2,2
695,360,2,2
695,361,2,2
695,362,2,2
695,363,2,2
695,364,2,2
695,365,2,2
695,366,2,2
695,367,2,2
695,368,2,2
695,369,2,2
695,370,2,2
695,371,2,2
695,372,2,2
695,373,2,2
695,374,2,2
695,375,2,2
695,376,2,2
695,377,2,2
695,378,2,2
695,379,2,2
695,380,2,2
695,381,2,2
695,382,2,2
695,383,2,2
695,384,2,2
695,385,2,2
695,386,2,2
695,387,2,2
695,388,2,2
695,389,2,2
695,390,2,2
695,391,2,2
695,392,2,2
695,393,2,2
695,394,2,2
695,395,2,2
695,396,2,2
695,397,2,2
695,398,2,2
695,399,2,2
695,400,2,2
695,401,2,2
695,402,2,2
695,403,2,2
695,404,2,2
695,405,2,2
695,406,2,2
695,407,2,2
695,408,2,2
695,409,2,2
695,410,2,2
696,39,2,2
696,40,2,2
696,41,2,2
696,42,2,2
696,43,2,2
696,44,2,2
696,45,2,2
696,46,2,2
696,47,2,2
696,48,2,2
696,49,2,2
696,50,2,2
696,51,2,2
696,52,2,2
696,53,2,2
696,54,2,2
696,55,2,2
696,56,2,2
696,57,2,2
696,58,2,2
696,59,2,2
696,60,2,2
696,61,2,2
696,62,2,2
696,63,2,2
696,64,2,2
696,65,2,2
696,66,2,2
696,67,2,2
696,68,2,2
696,69,2,2
696,70,2,2
696,71,2,2
696,72,2,2
696,73,2,2
696,74,2,2
696,75,2,2
696,76,2,2
696,77,2,2
696,78,2,2
696,79,2,2
696,80,2,2
696,81,2,2
696,82,2,2
696,83,2,2
696,84,2,2
696,85,2,2
696,86,2,2
696,87,2,2
696,88,2,2
696,89,2,2
696,90,2,2
696,91,2,2
696,92,2,2
696,93,2,2
696,94,2,2
696,95,2,2
696,96,2,2
696,97,2,2
696,98,2,2
696,99,2,2
696,100,2,2
696,101,2,2
696,102,2,2
696,103,2,2
696,104,2,2
696,105,2,2
696,106,2,2
696,107,2,2
696,108,2,2
696,109,2,2
696,110,2,2
696,111,2,2
696,112,2,2
696,113,2,2
696,114,2,2
696,115,2,2
696,116,2,2
696,117,2,2
696,118,2,2
696,119,2,2
696,120,2,2
696,121,2,2
696,122,2,2
696,123,2,2
696,124,2,2
696,125,2,2
696,126,2,2
696,127,2,2
696,128,2,2
696,129,2,2
696,130,2,2
696,131,2,2
696,132,2,2
696,133,2,2
696,134,2,2
696,135,2,2
696,136,2,2
696,137,2,2
696,138,2,2
696,139,2,2
696,140,2,2
696,141,2,2
696,142,2,2
696,143,2,2
696,144,2,2
696,145,2,2
696,146,2,2
696,147,2,2
696,148,2,2
696,149,2,2
696,150,2,2
696,151,2,2
696,152,2,2
696,153,2,2
696,154,2,2
696,155,2,2
696,156,2,2
696,157,2,2
696,158,2,2
696,159,2,2
696,160,2,2
696,161,2,2
696,162,2,2
696,163,2,2
696,164,2,2
696,165,2,2
696,166,2,2
696,167,2,2
696,168,2,2
696,169,2,2
696,170,2,2
696,171,2,2
696,172,2,2
696,173,2,2
696,174,2,2
696,175,2,2
696,176,2,2
696,177,2,2
696,178,2,2
696,179,2,2
696,180,2,2
696,181,2,2
696,182,2,2
696,183,2,2
696,184,2,2
696,185,2,2
696,186,2,2
696,187,2,2
696,188,2,2
696,189,2,2
696,190,2,2
696,191,2,2
696,192,2,2
696,193,2,2
696,194,2,2
696,195,2,2
696,196,2,3
696,197,2,3
696,198,2,3
696,199,2,3
696,200,2,3
696,201,2,3
696,202,2,3
696,203,2,3
696,204,2,3
696,205,2,3
696,206,2,3
696,207,2,3
696,208,2,3
696,209,2,3
696,210,2,3
696,211,2,3
696,212,2,2
696,213,2,2
696,214,2,2
696,215,2,2
696,216,2,2
696,217,2,2
696,218,2,2
696,219,2,2
696,220,2,2
696,221,2,2
696,222,2,2
696,223,2,2
696,224,2,2
696,225,2,2
696,226,2,2
696,227,2,2
696,228,2,2
696,229,2,2
696,230,2,2
696,231,2,2
696,232,2,2
696,233,2,2
696,234,2,2
696,235,2,2
696,236,2,2
696,237,2,2
696,238,2,2
696,239,2,2
696,240,2,2
696,241,2,2
696,242,2,2
696,243,2,2
696,244,2,2
696,245,2,2
696,246,2,2
696,247,2,2
696,248,2,2
696,249,2,2
696,250,2,2
696,251,2,2
696,252,2,2
696,253,2,2
696,254,2,2
696,255,2,2
696,256,2,2
696,257,2,2
696,258,2,2
696,259,2,2
696,260,2,2
696,261,2,2
696,262,2,2
696,263,2,2
696,264,2,2
696,265,2,2
696,266,2,2
696,267,2,2
696,268,2,2
696,269,2,2
696,270,2,2
696,271,2,2
696,272,2,2
696,273,2,2
696,274,2,2
696,275,2,2
696,276,2,2
696,277,2,2
696,278,2,2
696,279,2,2
696,280,2,2
696,281,2,2
696,282,2,2
696,283,2,2
696,284,2,2
696,285,2,2
696,286,2,2
696,287,2,2
696,288,2,2
696,289,2,2
696,290,2,2
696,291,2,2
696,292,2,2
696,293,2,2
696,294,2,2
696,295,2,2
696,296,2,2
696,297,2,2
696,298,2,2
696,299,2,2
696,300,2,2
696,301,2,2
696,302,2,2
696,303,2,2
696,304,2,2
696,305,2,2
696,306,2,2
696,307,2,2
696,308,2,2
696,309,2,2
696,310,2,2
696,311,2,2
696,312,2,2
696,313,2,2
696,314,2,2
696,315,2,2
696,316,2,2
696,317,2,2
696,318,2,2
696,319,2,2
696,320,2,2
696,321,2,2
696,322,2,2
696,323,2,2
696,324,2,2
696,325,2,2
696,326,2,2
696,327,2,2
696,328,2,2
696,329,2,2
696,330,2,2
696,331,2,2
696,332,2,2
696,333,2,2
696,334,2,2
696,335,2,2
696,336,2,2
696,337,2,2
696,338,2,2
696,339,2,2
696,340,2,2
696,341,2,2
696,342,2,2
696,343,2,2
696,344,2,2
696,345,2,2
696,346,2,2
696,347,2,2
696,348,2,2
696,349,2,2
696,350,2,2
696,351,2,2
696,352,2,2
696,353,2,2
696,354,2,2
696,355,2,2
696,356,2,2
696,357,2,2
696,358,2,2
696,359,2,2
696,360,2,2
696,361,2,2
696,362,2,2
696,363,2,2
696,364,2,2
696,365,2,2
696,366,2,2
696,367,2,2
696,368,2,2
696,369,2,2
696,370,2,2
696,371,2,2
696,372,2,2
696,373,2,2
696,374,2,2
696,375,2,2
696,376,2,2
696,377,2,2
696,378,2,2
696,379,2,2
696,380,2,2
696,381,2,2
696,382,2,2
696,383,2,2
696,384,2,2
696,385,2,2
696,386,2,2
696,387,2,2
696,388,2,2
696,389,2,2
696,390,2,2
696,391,2,2
696,392,2,2
696,393,2,2
696,394,2,2
696,395,2,2
696,396,2,2
696,397,2,2
696,398,2,2
696,399,2,2
696,400,2,2
696,401,2,2
696,402,2,2
696,403,2,2
696,404,2,2
696,405,2,2
696,406,2,2
696,407,2,2
696,408,2,2
696,409,2,2
696,410,2,2
697,39,2,2
697,40,2,2
697,41,2,2
697,42,2,2
697,43,2,2
697,44,2,2
697,45,2,2
697,46,2,2
697,47,2,2
697,48,2,2
697,49,2,2
697,50,2,2
697,51,2,2
697,52,2,2
697,53,2,2
697,54,2,2
697,55,2,2
697,56,2,2
697,57,2,2
697,58,2,2
697,59,2,2
697,60,2,2
697,61,2,2
697,62,2,2
697,63,2,2
697,64,2,2
697,65,2,2
697,66,2,2
697,67,2,2
697,68,2,2
697,69,2,2
697,70,2,2
697,71,2,2
697,72,2,2
697,73,2,2
697,74,2,2
697,75,2,2
697,76,2,2
697,77,2,2
697,78,2,2
697,79,2,2
697,80,2,2
697,81,2,2
697,82,2,2
697,83,2,2
697,84,2,2
697,85,2,2
697,86,2,2
697,87,2,2
697,88,2,2
697,89,2,2
697,90,2,2
697,91,2,2
697,92,2,2
697,93,2,2
697,94,2,2
697,95,2,2
697,96,2,2
697,97,2,2
697,98,2,2
697,99,2,2
697,100,2,2
697,101,2,2
697,102,2,2
697,103,2,2
697,104,2,2
697,105,2,2
697,106,2,2
697,107,2,2
697,108,2,2
697,109,2,2
697,110,2,2
697,111,2,2
697,112,2,2
697,113,2,2
697,114,2,2
697,115,2,2
697,116,2,2
697,117,2,2
697,118,2,2
697,119,2,2
697,120,2,2
697,121,2,2
697,122,2,2
697,123,2,2
697,124,2,2
697,125,2,2
697,126,2,2
697,127,2,2
697,128,2,2
697,129,2,2
697,130,2,2
697,131,2,2
697,132,2,2
697,133,2,2
697,134,2,2
697,135,2,2
697,136,2,2
697,137,2,2
697,138,2,2
697,139,2,2
697,140,2,2
697,141,2,2
697,142,2,2
697,143,2,2
697,144,2,2
697,145,2,2
697,146,2,2
697,147,2,2
697,148,2,2
697,149,2,2
697,150,2,2
697,151,2,2
697,152,2,2
697,153,2,2
697,154,2,2
697,155,2,2
697,156,2,2
697,157,2,2
697,158,2,2
697,159,2,2
697,160,2,2
697,161,2,2
697,162,2,2
697,163,2,2
697,164,2,2
697,165,2,2
697,166,2,2
697,167,2,2
697,168,2,2
697,169,2,2
697,170,2,2
697,171,2,2
697,172,2,2
697,173,2,2
697,174,2,2
697,175,2,2
697,176,2,2
697,177,2,2
697,178,2,2
697,179,2,2
697,180,2,2
697,181,2,2
697,182,2,2
697,183,2,2
697,184,2,2
697,185,2,2
697,186,2,2
697,187,2,2
697,188,2,2
697,189,2,2
697,190,2,2
697,191,2,2
697,192,2,2
697,193,2,2
697,194,2,2
697,195,2,2
697,196,2,3
697,197,2,3
697,198,2,3
697,199,2,3
697,200,2,3
697,201,2,3
697,202,2,3
697,203,2,3
697,204,2,3
697,205,2,3
697,206,2,3
697,207,2,3
697,208,2,3
697,209,2,3
697,210,2,3
697,211,2,2
697,212,2,2
697,213,2,2
697,214,2,2
697,215,2,2
697,216,2,2
697,217,2,2
697,218,2,2
697,219,2,2
697,220,2,2
697,221,2,2
697,222,2,2
697,223,2,2
697,224,2,2
697,225,2,2
697,226,2,2
697,227,2,2
697,228,2,2
697,229,2,2
697,230,2,2
697,231,2,2
697,232,2,2
697,233,2,2
697,234,2,2
697,235,2,2
697,236,2,2
697,237,2,2
697,238,2,2
697,239,2,2
697,240,2,2
697,241,2,2
697,242,2,2
697,243,2,2
697,244,2,2
697,245,2,2
697,246,2,2
697,247,2,2
697,248,2,2
697,249,2,2
697,250,2,2
697,251,2,2
697,252,2,2
697,253,2,2
697,254,2,2
697,255,2,2
697,256,2,2
697,257,2,2
697,258,2,2
697,259,2,2
697,260,2,2
697,261,2,2
697,262,2,2
697,263,2,2
697,264,2,2
697,265,2,2
697,266,2,2
697,267,2,2
697,268,2,2
697,269,2,2
697,270,2,2
697,271,2,2
697,272,2,2
697,273,2,2
697,274,2,2
697,275,2,2
697,276,2,2
697,277,2,2
697,278,2,2
697,279,2,2
697,280,2,2
697,281,2,2
697,282,2,2
697,283,2,2
697,284,2,2
697,285,2,2
697,286,2,2
697,287,2,2
697,288,2,2
697,289,2,2
697,290,2,2
697,291,2,2
697,292,2,2
697,293,2,2
697,294,2,2
697,295,2,2
697,296,2,2
697,297,2,2
697,298,2,2
697,299,2,2
697,300,2,2
697,301,2,2
697,302,2,2
697,303,2,2
697,304,2,2
697,305,2,2
697,306,2,2
697,307,2,2
697,308,2,2
697,309,2,2
697,310,2,2
697,311,2,2
697,312,2,2
697,313,2,2
697,314,2,2
697,315,2,2
697,316,2,2
697,317,2,2
697,318,2,2
697,319,2,2
697,320,2,2
697,321,2,2
697,322,2,2
697,323,2,2
697,324,2,2
697,325,2,2
697,326,2,2
697,327,2,2
697,328,2,2
697,329,2,2
697,330,2,2
697,331,2,2
697,332,2,2
697,333,2,2
697,334,2,2
697,335,2,2
697,336,2,2
697,337,2,2
697,338,2,2
697,339,2,2
697,340,2,2
697,341,2,2
697,342,2,2
697,343,2,2
697,344,2,2
697,345,2,2
697,346,2,2
697,347,2,2
697,348,2,2
697,349,2,2
697,350,2,2
697,351,2,2
697,352,2,2
697,353,2,2
697,354,2,2
697,355,2,2
697,356,2,2
697,357,2,2
697,358,2,2
697,359,2,2
697,360,2,2
697,361,2,2
697,362,2,2
697,363,2,2
697,364,2,2
697,365,2,2
697,366,2,2
697,367,2,2
697,368,2,2
697,369,2,2
697,370,2,2
697,371,2,2
697,372,2,2
697,373,2,2
697,374,2,2
697,375,2,2
697,376,2,2
697,377,2,2
697,378,2,2
697,379,2,2
697,380,2,2
697,381,2,2
697,382,2,2
697,383,2,2
697,384,2,2
697,385,2,2
697,386,2,2
697,387,2,2
697,388,2,2
697,389,2,2
697,390,2,2
697,391,2,2
697,392,2,2
697,393,2,2
697,394,2,2
697,395,2,2
697,396,2,2
697,397,2,2
697,398,2,2
697,399,2,2
697,400,2,2
697,401,2,2
697,402,2,2
697,403,2,2
697,404,2,2
697,405,2,2
697,406,2,2
697,407,2,2
697,408,2,2
697,409,2,2
698,39,2,2
698,40,2,2
698,41,2,2
698,42,2,2
698,43,2,2
698,44,2,2
698,45,2,2
698,46,2,2
698,47,2,2
698,48,2,2
698,49,2,2
698,50,2,2
698,51,2,2
698,52,2,2
698,53,2,2
698,54,2,2
698,55,2,2
698,56,2,2
698,57,2,2
698,58,2,2
698,59,2,2
698,60,2,2
698,61,2,2
698,62,2,2
698,63,2,2
698,64,2,2
698,65,2,2
698,66,2,2
698,67,2,2
698,68,2,2
698,69,2,2
698,70,2,2
698,71,2,2
698,72,2,2
698,73,2,2
698,74,2,2
698,75,2,2
698,76,2,2
698,77,2,2
698,78,2,2
698,79,2,2
698,80,2,2
698,81,2,2
698,82,2,2
698,83,2,2
698,84,2,2
698,85,2,2
698,86,2,2
698,87,2,2
698,88,2,2
698,89,2,2
698,90,2,2
698,91,2,2
698,92,2,2
698,93,2,2
698,94,2,2
698,95,2,2
698,96,2,2
698,97,2,2
698,98,2,2
698,99,2,2
698,100,2,2
698,101,2,2
698,102,2,2
698,103,2,2
698,104,2,2
698,105,2,2
698,106,2,2
698,107,2,2
698,108,2,2
698,109,2,2
698,110,2,2
698,111,2,2
698,112,2,2
698,113,2,2
698,114,2,2
698,115,2,2
698,116,2,2
698,117,2,2
698,118,2,2
698,119,2,2
698,120,2,2
698,121,2,2
698,122,2,2
698,123,2,2
698,124,2,2
698,125,2,2
698,126,2,2
698,127,2,2
698,128,2,2
698,129,2,2
698,130,2,2
698,131,2,2
698,132,2,2
698,133,2,2
698,134,2,2
698,135,2,2
698,136,2,2
698,137,2,2
698,138,2,2
698,139,2,2
698,140,2,2
698,141,2,2
698,142,2,2
698,143,2,2
698,144,2,2
698,145,2,2
698,146,2,2
698,147,2,2
698,148,2,2
698,149,2,2
698,150,2,2
698,151,2,2
698,152,2,2
698,153,2,2
698,154,2,2
698,155,2,2
698,156,2,2
698,157,2,2
698,158,2,2
698,159,2,2
698,160,2,2
698,161,2,2
698,162,2,2
698,163,2,2
698,164,2,2
698,165,2,2
698,166,2,2
698,167,2,2
698,168,2,2
698,169,2,2
698,170,2,2
698,171,2,2
698,172,2,2
698,173,2,2
698,174,2,2
698,175,2,2
698,176,2,2
698,177,2,2
698,178,2,2
698,179,2,2
698,180,2,2
698,181,2,2
698,182,2,2
698,183,2,2
698,184,2,2
698,185,2,2
698,186,2,2
698,187,2,2
698,188,2,2
698,189,2,2
698,190,2,2
698,191,2,2
698,192,2,2
698,193,2,2
698,194,2,2
698,195,2,2
698,196,2,3
698,197,2,3
698,198,2,3
698,199,2,3
698,200,2,3
698,201,2,3
698,202,2,3
698,203,2,3
698,204,2,3
698,205,2,3
698,206,2,3
698,207,2,3
698,208,2,3
698,209,2,3
698,210,2,3
698,211,2,2
698,212,2,2
698,213,2,2
698,214,2,2
698,215,2,2
698,216,2,2
698,217,2,2
698,218,2,2
698,219,2,2
698,220,2,2
698,221,2,2
698,222,2,2
698,223,2,2
698,224,2,2
698,225,2,2
698,226,2,2
698,227,2,2
698,228,2,2
698,229,2,2
698,230,2,2
698,231,2,2
698,232,2,2
698,233,2,2
698,234,2,2
698,235,2,2
698,236,2,2
698,237,2,2
698,238,2,2
698,239,2,2
698,240,2,2
698,241,2,2
698,242,2,2
698,243,2,2
698,244,2,2
698,245,2,2
698,246,2,2
698,247,2,2
698,248,2,2
698,249,2,2
698,250,2,2
698,251,2,2
698,252,2,2
698,253,2,2
698,254,2,2
698,255,2,2
698,256,2,2
698,257,2,2
698,258,2,2
698,259,2,2
698,260,2,2
698,261,2,2
698,262,2,2
698,263,2,2
698,264,2,2
698,265,2,2
698,266,2,2
698,267,2,2
698,268,2,2
698,269,2,2
698,270,2,2
698,271,2,2
698,272,2,2
698,273,2,2
698,274,2,2
698,275,2,2
698,276,2,2
698,277,2,2
698,278,2,2
698,279,2,2
698,280,2,2
698,281,2,2
698,282,2,2
698,283,2,2
698,284,2,2
698,285,2,2
698,286,2,2
698,287,2,2
698,288,2,2
698,289,2,2
698,290,2,2
698,291,2,2
698,292,2,2
698,293,2,2
698,294,2,2
698,295,2,2
698,296,2,2
698,297,2,2
698,298,2,2
698,299,2,2
698,300,2,2
698,301,2,2
698,302,2,2
698,303,2,2
698,304,2,2
698,305,2,2
698,306,2,2
698,307,2,2
698,308,2,2
698,309,2,2
698,310,2,2
698,311,2,2
698,312,2,2
698,313,2,2
698,314,2,2
698,315,2,2
698,316,2,2
698,317,2,2
698,318,2,2
698,319,2,2
698,320,2,2
698,321,2,2
698,322,2,2
698,323,2,2
698,324,2,2
698,325,2,2
698,326,2,2
698,327,2,2
698,328,2,2
698,329,2,2
698,330,2,2
698,331,2,2
698,332,2,2
698,333,2,2
698,334,2,2
698,335,2,2
698,336,2,2
698,337,2,2
698,338,2,2
698,339,2,2
698,340,2,2
698,341,2,2
698,342,2,2
698,343,2,2
698,344,2,2
698,345,2,2
698,346,2,2
698,347,2,2
698,348,2,2
698,349,2,2
698,350,2,2
698,351,2,2
698,352,2,2
698,353,2,2
698,354,2,2
698,355,2,2
698,356,2,2
698,357,2,2
698,358,2,2
698,359,2,2
698,360,2,2
698,361,2,2
698,362,2,2
698,363,2,2
698,364,2,2
698,365,2,2
698,366,2,2
698,367,2,2
698,368,2,2
698,369,2,2
698,370,2,2
698,371,2,2
698,372,2,2
698,373,2,2
698,374,2,2
698,375,2,2
698,376,2,2
698,377,2,2
698,378,2,2
698,379,2,2
698,380,2,2
698,381,2,2
698,382,2,2
698,383,2,2
698,384,2,2
698,385,2,2
698,386,2,2
698,387,2,2
698,388,2,2
698,389,2,2
698,390,2,2
698,391,2,2
698,392,2,2
698,393,2,2
698,394,2,2
698,395,2,2
698,396,2,2
698,397,2,2
698,398,2,2
698,399,2,2
698,400,2,2
698,401,2,2
698,402,2,2
698,403,2,2
698,404,2,2
698,405,2,2
698,406,2,2
698,407,2,2
698,408,2,2
698,409,2,2
698,410,2,3
699,38,2,2
699,39,2,2
699,40,2,2
699,41,2,2
699,42,2,2
699,43,2,2
699,44,2,2
699,45,2,2
699,46,2,2
699,47,2,2
699,48,2,2
699,49,2,2
699,50,2,2
699,51,2,2
699,52,2,2
699,53,2,2
699,54,2,2
699,55,2,2
699,56,2,2
699,57,2,2
699,58,2,2
699,59,2,2
699,60,2,2
699,61,2,2
699,62,2,2
699,63,2,2
699,64,2,2
699,65,2,2
699,66,2,2
699,67,2,2
699,68,2,2
699,69,2,2
699,70,2,2
699,71,2,2
699,72,2,2
699,73,2,2
699,74,2,2
699,75,2,2
699,76,2,2
699,77,2,2
699,78,2,2
699,79,2,2
699,80,2,2
699,81,2,2
699,82,2,2
699,83,2,2
699,84,2,2
699,85,2,2
699,86,2,2
699,87,2,2
699,88,2,2
699,89,2,2
699,90,2,2
699,91,2,2
699,92,2,2
699,93,2,2
699,94,2,2
699,95,2,2
699,96,2,2
699,97,2,2
699,98,2,2
699,99,2,2
699,100,2,2
699,101,2,2
699,102,2,2
699,103,2,2
699,104,2,2
699,105,2,2
699,106,2,2
699,107,2,2
699,108,2,2
699,109,2,2
699,110,2,2
699,111,2,2
699,112,2,2
699,113,2,2
699,114,2,2
699,115,2,2
699,116,2,2
699,117,2,2
699,118,2,2
699,119,2,2
699,120,2,2
699,121,2,2
699,122,2,2
699,123,2,2
699,124,2,2
699,125,2,2
699,126,2,2
699,127,2,2
699,128,2,2
699,129,2,2
699,130,2,2
699,131,2,2
699,132,2,2
699,133,2,2
699,134,2,2
699,135,2,2
699,136,2,2
699,137,2,2
699,138,2,2
699,139,2,2
699,140,2,2
699,141,2,2
699,142,2,2
699,143,2,2
699,144,2,2
699,145,2,2
699,146,2,2
699,147,2,2
699,148,2,2
699,149,2,2
699,150,2,2
699,151,2,2
699,152,2,2
699,153,2,2
699,154,2,2
699,155,2,2
699,156,2,2
699,157,2,2
699,158,2,2
699,159,2,2
699,160,2,2
699,161,2,2
699,162,2,2
699,163,2,2
699,164,2,2
699,165,2,2
699,166,2,2
699,167,2,2
699,168,2,2
699,169,2,2
699,170,2,2
699,171,2,2
699,172,2,2
699,173,2,2
699,174,2,2
699,175,2,2
699,176,2,2
699,177,2,2
699,178,2,2
699,179,2,2
699,180,2,2
699,181,2,2
699,182,2,2
699,183,2,2
699,184,2,2
699,185,2,2
699,186,2,2
699,187,2,2
699,188,2,2
699,189,2,2
699,190,2,2
699,191,2,2
699,192,2,2
699,193,2,2
699,194,2,2
699,195,2,3
699,196,2,3
699,197,2,3
699,198,2,3
699,199,2,3
699,200,2,3
699,201,2,3
699,202,2,3
699,203,2,3
699,204,2,3
699,205,2,3
699,206,2,3
699,207,2,3
699,208,2,3
699,209,2,3
699,210,2,3
699,211,2,3
699,212,2,3
699,213,2,2
699,214,2,2
699,215,2,2
699,216,2,2
699,217,2,2
699,218,2,2
699,219,2,2
699,220,2,2
699,221,2,2
699,222,2,2
699,223,2,2
699,224,2,2
699,225,2,2
699,226,2,2
699,227,2,2
699,228,2,2
699,229,2,2
699,230,2,2
699,231,2,2
699,232,2,2
699,233,2,2
699,234,2,2
699,235,2,2
699,236,2,2
699,237,2,2
699,238,2,2
699,239,2,2
699,240,2,2
699,241,2,2
699,242,2,2
699,243,2,2
699,244,2,2
699,245,2,2
699,246,2,2
699,247,2,2
699,248,2,2
699,249,2,2
699,250,2,2
699,251,2,2
699,252,2,2
699,253,2,2
699,254,2,2
699,255,2,2
699,256,2,2
699,257,2,2
699,258,2,2
699,259,2,2
699,260,2,2
699,261,2,2
699,262,2,2
699,263,2,2
699,264,2,2
699,265,2,2
699,266,2,2
699,267,2,2
699,268,2,2
699,269,2,2
699,270,2,2
699,271,2,2
699,272,2,2
699,273,2,2
699,274,2,2
699,275,2,2
699,276,2,2
699,277,2,2
699,278,2,2
699,279,2,2
699,280,2,2
699,281,2,2
699,282,2,2
699,283,2,2
699,284,2,2
699,285,2,2
699,286,2,2
699,287,2,2
699,288,2,2
699,289,2,2
699,290,2,2
699,291,2,2
699,292,2,2
699,293,2,2
699,294,2,2
699,295,2,2
699,296,2,2
699,297,2,2
699,298,2,2
699,299,2,2
699,300,2,2
699,301,2,2
699,302,2,2
699,303,2,2
699,304,2,2
699,305,2,2
699,306,2,2
699,307,2,2
699,308,2,2
699,309,2,2
699,310,2,2
699,311,2,2
699,312,2,2
699,313,2,2
699,314,2,2
699,315,2,2
699,316,2,2
699,317,2,2
699,318,2,2
699,319,2,2
699,320,2,2
699,321,2,2
699,322,2,2
699,323,2,2
699,324,2,2
699,325,2,2
699,326,2,2
699,327,2,2
699,328,2,2
699,329,2,2
699,330,2,2
699,331,2,2
699,332,2,2
699,333,2,2
699,334,2,2
699,335,2,2
699,336,2,2
699,337,2,2
699,338,2,2
699,339,2,2
699,340,2,2
699,341,2,2
699,342,2,2
699,343,2,2
699,344,2,2
699,345,2,2
699,346,2,2
699,347,2,2
699,348,2,2
699,349,2,2
699,350,2,2
699,351,2,2
699,352,2,2
699,353,2,2
699,354,2,2
699,355,2,2
699,356,2,2
699,357,2,2
699,358,2,2
699,359,2,2
699,360,2,2
699,361,2,2
699,362,2,2
699,363,2,2
699,364,2,2
699,365,2,2
699,366,2,2
699,367,2,2
699,368,2,2
699,369,2,2
699,370,2,2
699,371,2,2
699,372,2,2
699,373,2,2
699,374,2,2
699,375,2,2
699,376,2,2
699,377,2,2
699,378,2,2
699,379,2,2
699,380,2,2
699,381,2,2
699,382,2,2
699,383,2,2
699,384,2,2
699,385,2,2
699,386,2,2
699,387,2,2
699,388,2,2
699,389,2,2
699,390,2,2
699,391,2,2
699,392,2,2
699,393,2,2
699,394,2,2
699,395,2,2
699,396,2,2
699,397,2,2
699,398,2,2
699,399,2,2
699,400,2,2
699,401,2,2
699,402,2,2
699,403,2,2
699,404,2,2
699,405,2,2
699,406,2,2
699,407,2,2
699,408,2,2
699,409,2,2
699,410,2,3
700,38,2,2
700,39,2,2
700,40,2,2
700,41,2,2
700,42,2,2
700,43,2,2
700,44,2,2
700,45,2,2
700,46,2,2
700,47,2,2
700,48,2,2
700,49,2,2
700,50,2,2
700,51,2,2
700,52,2,2
700,53,2,2
700,54,2,2
700,55,2,2
700,56,2,2
700,57,2,2
700,58,2,2
700,59,2,2
700,60,2,2
700,61,2,2
700,62,2,2
700,63,2,2
700,64,2,2
700,65,2,2
700,66,2,2
700,67,2,2
700,68,2,2
700,69,2,2
700,70,2,2
700,71,2,2
700,72,2,2
700,73,2,2
700,74,2,2
700,75,2,2
700,76,2,2
700,77,2,2
700,78,2,2
700,79,2,2
700,80,2,2
700,81,2,2
700,82,2,2
700,83,2,2
700,84,2,2
700,85,2,2
700,86,2,2
700,87,2,2
700,88,2,2
700,89,2,2
700,90,2,2
700,91,2,2
700,92,2,2
700,93,2,2
700,94,2,2
700,95,2,2
700,96,2,2
700,97,2,2
700,98,2,2
700,99,2,2
700,100,2,2
700,101,2,2
700,102,2,2
700,103,2,2
700,104,2,2
700,105,2,2
700,106,2,2
700,107,2,2
700,108,2,2
700,109,2,2
700,110,2,2
700,111,2,2
700,112,2,2
700,113,2,2
700,114,2,2
700,115,2,2
700,116,2,2
700,117,2,2
700,118,2,2
700,119,2,2
700,120,2,2
700,121,2,2
700,122,2,2
700,123,2,2
700,124,2,2
700,125,2,2
700,126,2,2
700,127,2,2
700,128,2,2
700,129,2,2
700,130,2,2
700,131,2,2
700,132,2,2
700,133,2,2
700,134,2,2
700,135,2,2
700,136,2,2
700,137,2,2
700,138,2,2
700,139,2,2
700,140,2,2
700,141,2,2
700,142,2,2
700,143,2,2
700,144,2,2
700,145,2,2
700,146,2,2
700,147,2,2
700,148,2,2
700,149,2,2
700,150,2,2
700,151,2,2
700,152,2,2
700,153,2,2
700,154,2,2
700,155,2,2
700,156,2,2
700,157,2,2
700,158,2,2
700,159,2,2
700,160,2,2
700,161,2,2
700,162,2,2
700,163,2,2
700,164,2,2
700,165,2,2
700,166,2,2
700,167,2,2
700,168,2,2
700,169,2,2
700,170,2,2
700,171,2,2
700,172,2,2
700,173,2,2
700,174,2,2
700,175,2,2
700,176,2,2
700,177,2,2
700,178,2,2
700,179,2,2
700,180,2,2
700,181,2,2
700,182,2,2
700,183,2,2
700,184,2,2
700,185,2,2
700,186,2,2
700,187,2,2
700,188,2,2
700,189,2,2
700,190,2,2
700,191,2,2
700,192,2,2
700,193,2,2
700,194,2,3
700,195,2,3
700,196,2,3
700,197,2,3
700,198,2,3
700,199,2,3
700,200,2,3
700,201,2,3
700,202,2,3
700,203,2,3
700,204,2,3
700,205,2,3
700,206,2,3
700,207,2,3
700,208,2,3
700,209,2,3
700,210,2,3
700,211,2,3
700,212,2,3
700,213,2,2
700,214,2,2
700,215,2,2
700,216,2,2
700,217,2,2
700,218,2,2
700,219,2,2
700,220,2,2
700,221,2,2
700,222,2,2
700,223,2,2
700,224,2,2
700,225,2,2
700,226,2,2
700,227,2,2
700,228,2,2
700,229,2,2
700,230,2,2
700,231,2,2
700,232,2,2
700,233,2,2
700,234,2,2
700,235,2,2
700,236,2,2
700,237,2,2
700,238,2,2
700,239,2,2
700,240,2,2
700,241,2,2
700,242,2,2
700,243,2,2
700,244,2,2
700,245,2,2
700,246,2,2
700,247,2,2
700,248,2,2
700,249,2,2
700,250,2,2
700,251,2,2
700,252,2,2
700,253,2,2
700,254,2,2
700,255,2,2
700,256,2,2
700,257,2,2
700,258,2,2
700,259,2,2
700,260,2,2
700,261,2,2
700,262,2,2
700,263,2,2
700,264,2,2
700,265,2,2
700,266,2,2
700,267,2,2
700,268,2,2
700,269,2,2
700,270,2,2
700,271,2,2
700,272,2,2
700,273,2,2
700,274,2,2
700,275,2,2
700,276,2,2
700,277,2,2
700,278,2,2
700,279,2,2
700,280,2,2
700,281,2,2
700,282,2,2
700,283,2,2
700,284,2,2
700,285,2,2
700,286,2,2
700,287,2,2
700,288,2,2
700,289,2,2
700,290,2,2
700,291,2,2
700,292,2,2
700,293,2,2
700,294,2,2
700,295,2,2
700,296,2,2
700,297,2,2
700,298,2,2
700,299,2,2
700,300,2,2
700,301,2,2
700,302,2,2
700,303,2,2
700,304,2,2
700,305,2,2
700,306,2,2
700,307,2,2
700,308,2,2
700,309,2,2
700,310,2,2
700,311,2,2
700,312,2,2
700,313,2,2
700,314,2,2
700,315,2,2
700,316,2,2
700,317,2,2
700,318,2,2
700,319,2,2
700,320,2,2
700,321,2,2
700,322,2,2
700,323,2,2
700,324,2,2
700,325,2,2
700,326,2,2
700,327,2,2
700,328,2,2
700,329,2,2
700,330,2,2
700,331,2,2
700,332,2,2
700,333,2,2
700,334,2,2
700,335,2,2
700,336,2,2
700,337,2,2
700,338,2,2
700,339,2,2
700,340,2,2
700,341,2,2
700,342,2,2
700,343,2,2
700,344,2,2
700,345,2,2
700,346,2,2
700,347,2,2
700,348,2,2
700,349,2,2
700,350,2,2
700,351,2,2
700,352,2,2
700,353,2,2
700,354,2,2
700,355,2,2
700,356,2,2
700,357,2,2
700,358,2,2
700,359,2,2
700,360,2,2
700,361,2,2
700,362,2,2
700,363,2,2
700,364,2,2
700,365,2,2
700,366,2,2
700,367,2,2
700,368,2,2
700,369,2,2
700,370,2,2
700,371,2,2
700,372,2,2
700,373,2,2
700,374,2,2
700,375,2,2
700,376,2,2
700,377,2,2
700,378,2,2
700,379,2,2
700,380,2,2
700,381,2,2
700,382,2,2
700,383,2,2
700,384,2,2
700,385,2,2
700,386,2,2
700,387,2,2
700,388,2,2
700,389,2,2
700,390,2,2
700,391,2,2
700,392,2,2
700,393,2,2
700,394,2,2
700,395,2,2
700,396,2,2
700,397,2,2
700,398,2,2
700,399,2,2
700,400,2,2
700,401,2,2
700,402,2,2
700,403,2,2
700,404,2,2
700,405,2,2
700,406,2,2
700,407,2,2
700,408,2,2
700,409,2,2
700,410,2,3
700,411,2,3
701,38,2,2
701,39,2,2
701,40,2,2
701,41,2,2
701,42,2,2
701,43,2,2
701,44,2,2
701,45,2,2
701,46,2,2
701,47,2,2
701,48,2,2
701,49,2,2
701,50,2,2
701,51,2,2
701,52,2,2
701,53,2,2
701,54,2,2
701,55,2,2
701,56,2,2
701,57,2,2
701,58,2,2
701,59,2,2
701,60,2,2
701,61,2,2
701,62,2,2
701,63,2,2
701,64,2,2
701,65,2,2
701,66,2,2
701,67,2,2
701,68,2,2
701,69,2,2
701,70,2,2
701,71,2,2
701,72,2,2
701,73,2,2
701,74,2,2
701,75,2,2
701,76,2,2
701,77,2,2
701,78,2,2
701,79,2,2
701,80,2,2
701,81,2,2
701,82,2,2
701,83,2,2
701,84,2,2
701,85,2,2
701,86,2,2
701,87,2,2
701,88,2,2
701,89,2,2
701,90,2,2
701,91,2,2
701,92,2,2
701,93,2,2
701,94,2,2
701,95,2,2
701,96,2,2
701,97,2,2
701,98,2,2
701,99,2,2
701,100,2,2
701,101,2,2
701,102,2,2
701,103,2,2
701,104,2,2
701,105,2,2
701,106,2,2
701,107,2,2
701,108,2,2
701,109,2,2
701,110,2,2
701,111,2,2
701,112,2,2
701,113,2,2
701,114,2,2
701,115,2,2
701,116,2,2
701,117,2,2
701,118,2,2
701,119,2,2
701,120,2,2
701,121,2,2
701,122,2,2
701,123,2,2
701,124,2,2
701,125,2,2
701,126,2,2
701,127,2,2
701,128,2,2
701,129,2,2
701,130,2,2
701,131,2,2
701,132,2,2
701,133,2,2
701,134,2,2
701,135,2,2
701,136,2,2
701,137,2,2
701,138,2,2
701,139,2,2
701,140,2,2
701,141,2,2
701,142,2,2
701,143,2,2
701,144,2,2
701,145,2,2
701,146,2,2
701,147,2,2
701,148,2,2
701,149,2,2
701,150,2,2
701,151,2,2
701,152,2,2
701,153,2,2
701,154,2,2
701,155,2,2
701,156,2,2
701,157,2,2
701,158,2,2
701,159,2,2
701,160,2,2
701,161,2,2
701,162,2,2
701,163,2,2
701,164,2,2
701,165,2,2
701,166,2,2
701,167,2,2
701,168,2,2
701,169,2,2
701,170,2,2
701,171,2,2
701,172,2,2
701,173,2,2
701,174,2,2
701,175,2,2
701,176,2,2
701,177,2,2
701,178,2,2
701,179,2,2
701,180,2,2
701,181,2,2
701,182,2,2
701,183,2,2
701,184,2,2
701,185,2,2
701,186,2,2
701,187,2,2
701,188,2,2
701,189,2,2
701,190,2,2
701,191,2,2
701,192,2,2
701,193,2,3
701,194,2,3
701,195,2,3
701,196,2,3
701,197,2,3
701,198,2,3
701,199,2,3
701,200,2,3
701,201,2,3
701,202,2,3
701,203,2,3
701,204,2,3
701,205,2,3
701,206,2,3
701,207,2,3
701,208,2,3
701,209,2,3
701,210,2,3
701,211,2,3
701,212,2,3
701,213,2,3
701,214,2,3
701,215,2,2
701,216,2,2
701,217,2,2
701,218,2,2
701,219,2,2
701,220,2,2
701,221,2,2
701,222,2,2
701,223,2,2
701,224,2,2
701,225,2,2
701,226,2,2
701,227,2,2
701,228,2,2
701,229,2,2
701,230,2,2
701,231,2,2
701,232,2,2
701,233,2,2
701,234,2,2
701,235,2,2
701,236,2,2
701,237,2,2
701,238,2,2
701,239,2,2
701,240,2,2
701,241,2,2
701,242,2,2
701,243,2,2
701,244,2,2
701,245,2,2
701,246,2,2
701,247,2,2
701,248,2,2
701,249,2,2
701,250,2,2
701,251,2,2
701,252,2,2
701,253,2,2
701,254,2,2
701,255,2,2
701,256,2,2
701,257,2,2
701,258,2,2
701,259,2,2
701,260,2,2
701,261,2,2
701,262,2,2
701,263,2,2
701,264,2,2
701,265,2,2
701,266,2,2
701,267,2,2
701,268,2,2
701,269,2,2
701,270,2,2
701,271,2,2
701,272,2,2
701,273,2,2
701,274,2,2
701,275,2,2
701,276,2,2
701,277,2,2
701,278,2,2
701,279,2,2
701,280,2,2
701,281,2,2
701,282,2,2
701,283,2,2
701,284,2,2
701,285,2,2
701,286,2,2
701,287,2,2
701,288,2,2
701,289,2,2
701,290,2,2
701,291,2,2
701,292,2,2
701,293,2,2
701,294,2,2
701,295,2,2
701,296,2,2
701,297,2,2
701,298,2,2
701,299,2,2
701,300,2,2
701,301,2,2
701,302,2,2
701,303,2,2
701,304,2,2
701,305,2,2
701,306,2,2
701,307,2,2
701,308,2,2
701,309,2,2
701,310,2,2
701,311,2,2
701,312,2,2
701,313,2,2
701,314,2,2
701,315,2,2
701,316,2,2
701,317,2,2
701,318,2,2
701,319,2,2
701,320,2,2
701,321,2,2
701,322,2,2
701,323,2,2
701,324,2,2
701,325,2,2
701,326,2,2
701,327,2,2
701,328,2,2
701,329,2,2
701,330,2,2
701,331,2,2
701,332,2,2
701,333,2,2
701,334,2,2
701,335,2,2
701,336,2,2
701,337,2,2
701,338,2,2
701,339,2,2
701,340,2,2
701,341,2,2
701,342,2,2
701,343,2,2
701,344,2,2
701,345,2,2
701,346,2,2
701,347,2,2
701,348,2,2
701,349,2,2
701,350,2,2
701,351,2,2
701,352,2,2
701,353,2,2
701,354,2,2
701,355,2,2
701,356,2,2
701,357,2,2
701,358,2,2
701,359,2,2
701,360,2,2
701,361,2,2
701,362,2,2
701,363,2,2
701,364,2,2
701,365,2,2
701,366,2,2
701,367,2,2
701,368,2,2
701,369,2,2
701,370,2,2
701,371,2,2
701,372,2,2
701,373,2,2
701,374,2,2
701,375,2,2
701,376,2,2
701,377,2,2
701,378,2,2
701,379,2,2
701,380,2,2
701,381,2,2
701,382,2,2
701,383,2,2
701,384,2,2
701,385,2,2
701,386,2,2
701,387,2,2
701,388,2,2
701,389,2,2
701,390,2,2
701,391,2,2
701,392,2,2
701,393,2,2
701,394,2,2
701,395,2,2
701,396,2,2
701,397,2,2
701,398,2,2
701,399,2,2
701,400,2,2
701,401,2,2
701,402,2,2
701,403,2,2
701,404,2,2
701,405,2,2
701,406,2,2
701,407,2,2
701,408,2,2
701,409,2,2
701,410,2,2
701,411,2,3
702,38,2,2
702,39,2,2
702,40,2,2
702,41,2,2
702,42,2,2
702,43,2,2
702,44,2,2
702,45,2,2
702,46,2,2
702,47,2,2
702,48,2,2
702,49,2,2
702,50,2,2
702,51,2,2
702,52,2,2
702,53,2,2
702,54,2,2
702,55,2,2
702,56,2,2
702,57,2,2
702,58,2,2
702,59,2,2
702,60,2,2
702,61,2,2
702,62,2,2
702,63,2,2
702,64,2,2
702,65,2,2
702,66,2,2
702,67,2,2
702,68,2,2
702,69,2,2
702,70,2,2
702,71,2,2
702,72,2,2
702,73,2,2
702,74,2,2
702,75,2,2
702,76,2,2
702,77,2,2
702,78,2,2
702,79,2,2
702,80,2,2
702,81,2,2
702,82,2,2
702,83,2,2
702,84,2,2
702,85,2,2
702,86,2,2
702,87,2,2
702,88,2,2
702,89,2,2
702,90,2,2
702,91,2,2
702,92,2,2
702,93,2,2
702,94,2,2
702,95,2,2
702,96,2,2
702,97,2,2
702,98,2,2
702,99,2,2
702,100,2,2
702,101,2,2
702,102,2,2
702,103,2,2
702,104,2,2
702,105,2,2
702,106,2,2
702,107,2,2
702,108,2,2
702,109,2,2
702,110,2,2
702,111,2,2
702,112,2,2
702,113,2,2
702,114,2,2
702,115,2,2
702,116,2,2
702,117,2,2
702,118,2,2
702,119,2,2
702,120,2,2
702,121,2,2
702,122,2,2
702,123,2,2
702,124,2,2
702,125,2,2
702,126,2,2
702,127,2,2
702,128,2,2
702,129,2,2
702,130,2,2
702,131,2,2
702,132,2,2
702,133,2,2
702,134,2,2
702,135,2,2
702,136,2,2
702,137,2,2
702,138,2,2
702,139,2,2
702,140,2,2
702,141,2,2
702,142,2,2
702,143,2,2
702,144,2,2
702,145,2,2
702,146,2,2
702,147,2,2
702,148,2,2
702,149,2,2
702,150,2,2
702,151,2,2
702,152,2,2
702,153,2,2
702,154,2,2
702,155,2,2
702,156,2,2
702,157,2,2
702,158,2,2
702,159,2,2
702,160,2,2
702,161,2,2
702,162,2,2
702,163,2,2
702,164,2,2
702,165,2,2
702,166,2,2
702,167,2,2
702,168,2,2
702,169,2,2
702,170,2,2
702,171,2,2
702,172,2,2
702,173,2,2
702,174,2,2
702,175,2,2
702,176,2,2
702,177,2,2
702,178,2,2
702,179,2,2
702,180,2,2
702,181,2,2
702,182,2,2
702,183,2,2
702,184,2,2
702,185,2,2
702,186,2,2
702,187,2,2
702,188,2,2
702,189,2,2
702,190,2,2
702,191,2,2
702,192,2,2
702,193,2,3
702,194,2,3
702,195,2,3
702,196,2,3
702,197,2,3
702,198,2,3
702,199,2,3
702,200,2,3
702,201,2,3
702,202,2,3
702,203,2,3
702,204,2,3
702,205,2,3
702,206,2,3
702,207,2,3
702,208,2,3
702,209,2,3
702,210,2,3
702,211,2,3
702,212,2,3
702,213,2,3
702,214,2,3
702,215,2,3
702,216,2,3
702,217,2,2
702,218,2,2
702,219,2,2
702,220,2,2
702,221,2,2
702,222,2,2
702,223,2,2
702,224,2,2
702,225,2,2
702,226,2,2
702,227,2,2
702,228,2,2
702,229,2,2
702,230,2,2
702,231,2,2
702,232,2,2
702,233,2,2
702,234,2,2
702,235,2,2
702,236,2,2
702,237,2,2
702,238,2,2
702,239,2,2
702,240,2,2
702,241,2,2
702,242,2,2
702,243,2,2
702,244,2,2
702,245,2,2
702,246,2,2
702,247,2,2
702,248,2,2
702,249,2,2
702,250,2,2
702,251,2,2
702,252,2,2
702,253,2,2
702,254,2,2
702,255,2,2
702,256,2,2
702,257,2,2
702,258,2,2
702,259,2,2
702,260,2,2
702,261,2,2
702,262,2,2
702,263,2,2
702,264,2,2
702,265,2,2
702,266,2,2
702,267,2,2
702,268,2,2
702,269,2,2
702,270,2,2
702,271,2,2
702,272,2,2
702,273,2,2
702,274,2,2
702,275,2,2
702,276,2,2
702,277,2,2
702,278,2,2
702,279,2,2
702,280,2,2
702,281,2,2
702,282,2,2
702,283,2,2
702,284,2,2
702,285,2,2
702,286,2,2
702,287,2,2
702,288,2,2
702,289,2,2
702,290,2,2
702,291,2,2
702,292,2,2
702,293,2,2
702,294,2,2
702,295,2,2
702,296,2,2
702,297,2,2
702,298,2,2
702,299,2,2
702,300,2,2
702,301,2,2
702,302,2,2
702,303,2,2
702,304,2,2
702,305,2,2
702,306,2,2
702,307,2,2
702,308,2,2
702,309,2,2
702,310,2,2
702,311,2,2
702,312,2,2
702,313,2,2
702,314,2,2
702,315,2,2
702,316,2,2
702,317,2,2
702,318,2,2
702,319,2,2
702,320,2,2
702,321,2,2
702,322,2,2
702,323,2,2
702,324,2,2
702,325,2,2
702,326,2,2
702,327,2,2
702,328,2,2
702,329,2,2
702,330,2,2
702,331,2,2
702,332,2,2
702,333,2,2
702,334,2,2
702,335,2,2
702,336,2,2
702,337,2,2
702,338,2,2
702,339,2,2
702,340,2,2
702,341,2,2
702,342,2,2
702,343,2,2
702,344,2,2
702,345,2,2
702,346,2,2
702,347,2,2
702,348,2,2
702,349,2,2
702,350,2,2
702,351,2,2
702,352,2,2
702,353,2,2
702,354,2,2
702,355,2,2
702,356,2,2
702,357,2,2
702,358,2,2
702,359,2,2
702,360,2,2
702,361,2,2
702,362,2,2
702,363,2,2
702,364,2,2
702,365,2,2
702,366,2,2
702,367,2,2
702,368,2,2
702,369,2,2
702,370,2,2
702,371,2,2
702,372,2,2
702,373,2,2
702,374,2,2
702,375,2,2
702,376,2,2
702,377,2,2
702,378,2,2
702,379,2,2
702,380,2,2
702,381,2,2
702,382,2,2
702,383,2,2
702,384,2,2
702,385,2,2
702,386,2,2
702,387,2,2
702,388,2,2
702,389,2,2
702,390,2,2
702,391,2,2
702,392,2,2
702,393,2,2
702,394,2,2
702,395,2,2
702,396,2,2
702,397,2,2
702,398,2,2
702,399,2,2
702,400,2,2
702,401,2,2
702,402,2,2
702,403,2,2
702,404,2,2
702,405,2,2
702,406,2,2
702,407,2,2
702,408,2,2
702,409,2,2
702,410,2,2
702,411,2,3
702,412,2,3
703,37,2,3
703,38,2,2
703,39,2,2
703,40,2,2
703,41,2,2
703,42,2,2
703,43,2,2
703,44,2,2
703,45,2,2
703,46,2,2
703,47,2,2
703,48,2,2
703,49,2,2
703,50,2,2
703,51,2,2
703,52,2,2
703,53,2,2
703,54,2,2
703,55,2,2
703,56,2,2
703,57,2,2
703,58,2,2
703,59,2,2
703,60,2,2
703,61,2,2
703,62,2,2
703,63,2,2
703,64,2,2
703,65,2,2
703,66,2,2
703,67,2,2
703,68,2,2
703,69,2,2
703,70,2,2
703,71,2,2
703,72,2,2
703,73,2,2
703,74,2,2
703,75,2,2
703,76,2,2
703,77,2,2
703,78,2,2
703,79,2,2
703,80,2,2
703,81,2,2
703,82,2,2
703,83,2,2
703,84,2,2
703,85,2,2
703,86,2,2
703,87,2,2
703,88,2,2
703,89,2,2
703,90,2,2
703,91,2,2
703,92,2,2
703,93,2,2
703,94,2,2
703,95,2,2
703,96,2,2
703,97,2,2
703,98,2,2
703,99,2,2
703,100,2,2
703,101,2,2
703,102,2,2
703,103,2,2
703,104,2,2
703,105,2,2
703,106,2,2
703,107,2,2
703,108,2,2
703,109,2,2
703,110,2,2
703,111,2,2
703,112,2,2
703,113,2,2
703,114,2,2
703,115,2,2
703,116,2,2
703,117,2,2
703,118,2,2
703,119,2,2
703,120,2,2
703,121,2,2
703,122,2,2
703,123,2,2
703,124,2,2
703,125,2,2
703,126,2,2
703,127,2,2
703,128,2,2
703,129,2,2
703,130,2,2
703,131,2,2
703,132,2,2
703,133,2,2
703,134,2,2
703,135,2,2
703,136,2,2
703,137,2,2
703,138,2,2
703,139,2,2
703,140,2,2
703,141,2,2
703,142,2,2
703,143,2,2
703,144,2,2
703,145,2,2
703,146,2,2
703,147,2,2
703,148,2,2
703,149,2,2
703,150,2,2
703,151,2,2
703,152,2,2
703,153,2,2
703,154,2,2
703,155,2,2
703,156,2,2
703,157,2,2
703,158,2,2
703,159,2,2
703,160,2,2
703,161,2,2
703,162,2,2
703,163,2,2
703,164,2,2
703,165,2,2
703,166,2,2
703,167,2,2
703,168,2,2
703,169,2,2
703,170,2,2
703,171,2,2
703,172,2,2
703,173,2,2
703,174,2,2
703,175,2,2
703,176,2,2
703,177,2,2
703,178,2,2
703,179,2,2
703,180,2,2
703,181,2,2
703,182,2,2
703,183,2,2
703,184,2,2
703,185,2,2
703,186,2,2
703,187,2,2
703,188,2,2
703,189,2,2
703,190,2,2
703,191,2,2
703,192,2,2
703,193,2,3
703,194,2,3
703,195,2,3
703,196,2,3
703,197,2,3
703,198,2,3
703,199,2,3
703,200,2,3
703,201,2,3
703,202,2,3
703,203,2,3
703,204,2,3
703,205,2,3
703,206,2,3
703,207,2,3
703,208,2,3
703,209,2,3
703,210,2,3
703,211,2,3
703,212,2,3
703,213,2,3
703,214,2,3
703,215,2,3
703,216,2,3
703,217,2,3
703,218,2,3
703,219,2,3
703,220,2,2
703,221,2,2
703,222,2,2
703,223,2,2
703,224,2,2
703,225,2,2
703,226,2,2
703,227,2,2
703,228,2,2
703,229,2,2
703,230,2,2
703,231,2,2
703,232,2,2
703,233,2,2
703,234,2,2
703,235,2,2
703,236,2,2
703,237,2,2
703,238,2,2
703,239,2,2
703,240,2,2
703,241,2,2
703,242,2,2
703,243,2,2
703,244,2,2
703,245,2,2
703,246,2,2
703,247,2,2
703,248,2,2
703,249,2,2
703,250,2,2
703,251,2,2
703,252,2,2
703,253,2,2
703,254,2,2
703,255,2,2
703,256,2,2
703,257,2,2
703,258,2,2
703,259,2,2
703,260,2,2
703,261,2,2
703,262,2,2
703,263,2,2
703,264,2,2
703,265,2,2
703,266,2,2
703,267,2,2
703,268,2,2
703,269,2,2
703,270,2,2
703,271,2,2
703,272,2,2
703,273,2,2
703,274,2,2
703,275,2,2
703,276,2,2
703,277,2,2
703,278,2,2
703,279,2,2
703,280,2,2
703,281,2,2
703,282,2,2
703,283,2,2
703,284,2,2
703,285,2,2
703,286,2,2
703,287,2,2
703,288,2,2
703,289,2,2
703,290,2,2
703,291,2,2
703,292,2,2
703,293,2,2
703,294,2,2
703,295,2,2
703,296,2,2
703,297,2,2
703,298,2,2
703,299,2,2
703,300,2,2
703,301,2,2
703,302,2,2
703,303,2,2
703,304,2,2
703,305,2,2
703,306,2,2
703,307,2,2
703,308,2,2
703,309,2,2
703,310,2,2
703,311,2,2
703,312,2,2
703,313,2,2
703,314,2,2
703,315,2,2
703,316,2,2
703,317,2,2
703,318,2,2
703,319,2,2
703,320,2,2
703,321,2,2
703,322,2,2
703,323,2,2
703,324,2,2
703,325,2,2
703,326,2,2
703,327,2,2
703,328,2,2
703,329,2,2
703,330,2,2
703,331,2,2
703,332,2,2
703,333,2,2
703,334,2,2
703,335,2,2
703,336,2,2
703,337,2,2
703,338,2,2
703,339,2,2
703,340,2,2
703,341,2,2
703,342,2,2
703,343,2,2
703,344,2,2
703,345,2,2
703,346,2,2
703,347,2,2
703,348,2,2
703,349,2,2
703,350,2,2
703,351,2,2
703,352,2,2
703,353,2,2
703,354,2,2
703,355,2,2
703,356,2,2
703,357,2,2
703,358,2,2
703,359,2,2
703,360,2,2
703,361,2,2
703,362,2,2
703,363,2,2
703,364,2,2
703,365,2,2
703,366,2,2
703,367,2,2
703,368,2,2
703,369,2,2
703,370,2,2
703,371,2,2
703,372,2,2
703,373,2,2
703,374,2,2
703,375,2,2
703,376,2,2
703,377,2,2
703,378,2,2
703,379,2,2
703,380,2,2
703,381,2,2
703,382,2,2
703,383,2,2
703,384,2,2
703,385,2,2
703,386,2,2
703,387,2,2
703,388,2,2
703,389,2,2
703,390,2,2
703,391,2,2
703,392,2,2
703,393,2,2
703,394,2,2
703,395,2,2
703,396,2,2
703,397,2,2
703,398,2,2
703,399,2,2
703,400,2,2
703,401,2,2
703,402,2,2
703,403,2,2
703,404,2,2
703,405,2,2
703,406,2,2
703,407,2,2
703,408,2,2
703,409,2,2
703,410,2,2
703,411,2,2
703,412,2,3
704,37,2,2
704,38,2,2
704,39,2,2
704,40,2,2
704,41,2,2
704,42,2,2
704,43,2,2
704,44,2,2
704,45,2,2
704,46,2,2
704,47,2,2
704,48,2,2
704,49,2,2
704,50,2,2
704,51,2,2
704,52,2,2
704,53,2,2
704,54,2,2
704,55,2,2
704,56,2,2
704,57,2,2
704,58,2,2
704,59,2,2
704,60,2,2
704,61,2,2
704,62,2,2
704,63,2,2
704,64,2,2
704,65,2,2
704,66,2,2
704,67,2,2
704,68,2,2
704,69,2,2
704,70,2,2
704,71,2,2
704,72,2,2
704,73,2,2
704,74,2,2
704,75,2,2
704,76,2,2
704,77,2,2
704,78,2,2
704,79,2,2
704,80,2,2
704,81,2,2
704,82,2,2
704,83,2,2
704,84,2,2
704,85,2,2
704,86,2,2
704,87,2,2
704,88,2,2
704,89,2,2
704,90,2,2
704,91,2,2
704,92,2,2
704,93,2,2
704,94,2,2
704,95,2,2
704,96,2,2
704,97,2,2
704,98,2,2
704,99,2,2
704,100,2,2
704,101,2,2
704,102,2,2
704,103,2,2
704,104,2,2
704,105,2,2
704,106,2,2
704,107,2,2
704,108,2,2
704,109,2,2
704,110,2,2
704,111,2,2
704,112,2,2
704,113,2,2
704,114,2,2
704,115,2,2
704,116,2,2
704,117,2,2
704,118,2,2
704,119,2,2
704,120,2,2
704,121,2,2
704,122,2,2
704,123,2,2
704,124,2,2
704,125,2,2
704,126,2,2
704,127,2,2
704,128,2,2
704,129,2,2
704,130,2,2
704,131,2,2
704,132,2,2
704,133,2,2
704,134,2,2
704,135,2,2
704,136,2,2
704,137,2,2
704,138,2,2
704,139,2,2
704,140,2,2
704,141,2,2
704,142,2,2
704,143,2,2
704,144,2,2
704,145,2,2
704,146,2,2
704,147,2,2
704,148,2,2
704,149,2,2
704,150,2,2
704,151,2,2
704,152,2,2
704,153,2,2
704,154,2,2
704,155,2,2
704,156,2,2
704,157,2,2
704,158,2,2
704,159,2,2
704,160,2,2
704,161,2,2
704,162,2,2
704,163,2,2
704,164,2,2
704,165,2,2
704,166,2,2
704,167,2,2
704,168,2,2
704,169,2,2
704,170,2,2
704,171,2,2
704,172,2,2
704,173,2,2
704,174,2,2
704,175,2,2
704,176,2,2
704,177,2,2
704,178,2,2
704,179,2,2
704,180,2,2
704,181,2,2
704,182,2,2
704,183,2,2
704,184,2,2
704,185,2,2
704,186,2,2
704,187,2,2
704,188,2,2
704,189,2,2
704,190,2,2
704,191,2,2
704,192,2,2
704,193,2,3
704,194,2,3
704,195,2,3
704,196,2,3
704,197,2,3
704,198,2,3
704,199,2,3
704,200,2,3
704,201,2,3
704,202,2,3
704,203,2,3
704,204,2,3
704,205,2,3
704,206,2,3
704,207,2,3
704,208,2,3
704,209,2,3
704,210,2,3
704,211,2,3
704,212,2,3
704,213,2,3
704,214,2,3
704,215,2,3
704,216,2,3
704,217,2,3
704,218,2,3
704,219,2,3
704,220,2,3
704,221,2,3
704,222,2,2
704,223,2,2
704,224,2,2
704,225,2,2
704,226,2,2
704,227,2,2
704,228,2,2
704,229,2,2
704,230,2,2
704,231,2,2
704,232,2,2
704,233,2,2
704,234,2,2
704,235,2,2
704,236,2,2
704,237,2,2
704,238,2,2
704,239,2,2
704,240,2,2
704,241,2,2
704,242,2,2
704,243,2,2
704,244,2,2
704,245,2,2
704,246,2,2
704,247,2,2
704,248,2,2
704,249,2,2
704,250,2,2
704,251,2,2
704,252,2,2
704,253,2,2
704,254,2,2
704,255,2,2
704,256,2,2
704,257,2,2
704,258,2,2
704,259,2,2
704,260,2,2
704,261,2,2
704,262,2,2
704,263,2,2
704,264,2,2
704,265,2,2
704,266,2,2
704,267,2,2
704,268,2,2
704,269,2,2
704,270,2,2
704,271,2,2
704,272,2,2
704,273,2,2
704,274,2,2
704,275,2,2
704,276,2,2
704,277,2,2
704,278,2,2
704,279,2,2
704,280,2,2
704,281,2,2
704,282,2,2
704,283,2,2
704,284,2,2
704,285,2,2
704,286,2,2
704,287,2,2
704,288,2,2
704,289,2,2
704,290,2,2
704,291,2,2
704,292,2,2
704,293,2,2
704,294,2,2
704,295,2,2
704,296,2,2
704,297,2,2
704,298,2,2
704,299,2,2
704,300,2,2
704,301,2,2
704,302,2,2
704,303,2,2
704,304,2,2
704,305,2,2
704,306,2,2
704,307,2,2
704,308,2,2
704,309,2,2
704,310,2,2
704,311,2,2
704,312,2,2
704,313,2,2
704,314,2,2
704,315,2,2
704,316,2,2
704,317,2,2
704,318,2,2
704,319,2,2
704,320,2,2
704,321,2,2
704,322,2,2
704,323,2,2
704,324,2,2
704,325,2,2
704,326,2,2
704,327,2,2
704,328,2,2
704,329,2,2
704,330,2,2
704,331,2,2
704,332,2,2
704,333,2,2
704,334,2,2
704,335,2,2
704,336,2,2
704,337,2,2
704,338,2,2
704,339,2,2
704,340,2,2
704,341,2,2
704,342,2,2
704,343,2,2
704,344,2,2
704,345,2,2
704,346,2,2
704,347,2,2
704,348,2,2
704,349,2,2
704,350,2,2
704,351,2,2
704,352,2,2
704,353,2,2
704,354,2,2
704,355,2,2
704,356,2,2
704,357,2,2
704,358,2,2
704,359,2,2
704,360,2,2
704,361,2,2
704,362,2,2
704,363,2,2
704,364,2,2
704,365,2,2
704,366,2,2
704,367,2,2
704,368,2,2
704,369,2,2
704,370,2,2
704,371,2,2
704,372,2,2
704,373,2,2
704,374,2,2
704,375,2,2
704,376,2,2
704,377,2,2
704,378,2,2
704,379,2,2
704,380,2,2
704,381,2,2
704,382,2,2
704,383,2,2
704,384,2,2
704,385,2,2
704,386,2,2
704,387,2,2
704,388,2,2
704,389,2,2
704,390,2,2
704,391,2,2
704,392,2,2
704,393,2,2
704,394,2,2
704,395,2,2
704,396,2,2
704,397,2,2
704,398,2,2
704,399,2,2
704,400,2,2
704,401,2,2
704,402,2,2
704,403,2,2
704,404,2,2
704,405,2,2
704,406,2,2
704,407,2,2
704,408,2,2
704,409,2,2
704,410,2,2
704,411,2,3
704,412,2,3
705,36,2,2
705,37,2,2
705,38,2,2
705,39,2,2
705,40,2,2
705,41,2,2
705,42,2,2
705,43,2,2
705,44,2,2
705,45,2,2
705,46,2,2
705,47,2,2
705,48,2,2
705,49,2,2
705,50,2,2
705,51,2,2
705,52,2,2
705,53,2,2
705,54,2,2
705,55,2,2
705,56,2,2
705,57,2,2
705,58,2,2
705,59,2,2
705,60,2,2
705,61,2,2
705,62,2,2
705,63,2,2
705,64,2,2
705,65,2,2
705,66,2,2
705,67,2,2
705,68,2,2
705,69,2,2
705,70,2,2
705,71,2,2
705,72,2,2
705,73,2,2
705,74,2,2
705,75,2,2
705,76,2,2
705,77,2,2
705,78,2,2
705,79,2,2
705,80,2,2
705,81,2,2
705,82,2,2
705,83,2,2
705,84,2,2
705,85,2,2
705,86,2,2
705,87,2,2
705,88,2,2
705,89,2,2
705,90,2,2
705,91,2,2
705,92,2,2
705,93,2,2
705,94,2,2
705,95,2,2
705,96,2,2
705,97,2,2
705,98,2,2
705,99,2,2
705,100,2,2
705,101,2,2
705,102,2,2
705,103,2,2
705,104,2,2
705,105,2,2
705,106,2,2
705,107,2,2
705,108,2,2
705,109,2,2
705,110,2,2
705,111,2,2
705,112,2,2
705,113,2,2
705,114,2,2
705,115,2,2
705,116,2,2
705,117,2,2
705,118,2,2
705,119,2,2
705,120,2,2
705,121,2,2
705,122,2,2
705,123,2,2
705,124,2,2
705,125,2,2
705,126,2,2
705,127,2,2
705,128,2,2
705,129,2,2
705,130,2,2
705,131,2,2
705,132,2,2
705,133,2,2
705,134,2,2
705,135,2,2
705,136,2,2
705,137,2,2
705,138,2,2
705,139,2,2
705,140,2,2
705,141,2,2
705,142,2,2
705,143,2,2
705,144,2,2
705,145,2,2
705,146,2,2
705,147,2,2
705,148,2,2
705,149,2,2
705,150,2,2
705,151,2,2
705,152,2,2
705,153,2,2
705,154,2,2
705,155,2,2
705,156,2,2
705,157,2,2
705,158,2,2
705,159,2,2
705,160,2,2
705,161,2,2
705,162,2,2
705,163,2,2
705,164,2,2
705,165,2,2
705,166,2,2
705,167,2,2
705,168,2,2
705,169,2,2
705,170,2,2
705,171,2,2
705,172,2,2
705,173,2,2
705,174,2,2
705,175,2,2
705,176,2,2
705,177,2,2
705,178,2,2
705,179,2,2
705,180,2,2
705,181,2,2
705,182,2,2
705,183,2,2
705,184,2,2
705,185,2,2
705,186,2,2
705,187,2,2
705,188,2,2
705,189,2,2
705,190,2,2
705,191,2,2
705,192,2,2
705,193,2,2
705,194,2,3
705,195,2,3
705,196,2,3
705,197,2,3
705,198,2,3
705,199,2,3
705,200,2,3
705,201,2,3
705,202,2,3
705,203,2,3
705,204,2,3
705,205,2,3
705,206,2,3
705,207,2,3
705,208,2,3
705,209,2,3
705,210,2,3
705,211,2,3
705,212,2,3
705,213,2,3
705,214,2,3
705,215,2,3
705,216,2,3
705,217,2,3
705,218,2,3
705,219,2,3
705,220,2,3
705,221,2,3
705,222,2,3
705,223,2,2
705,224,2,2
705,225,2,2
705,226,2,2
705,227,2,2
705,228,2,2
705,229,2,2
705,230,2,2
705,231,2,2
705,232,2,2
705,233,2,2
705,234,2,2
705,235,2,2
705,236,2,2
705,237,2,2
705,238,2,2
705,239,2,2
705,240,2,2
705,241,2,2
705,242,2,2
705,243,2,2
705,244,2,2
705,245,2,2
705,246,2,2
705,247,2,2
705,248,2,2
705,249,2,2
705,250,2,2
705,251,2,2
705,252,2,2
705,253,2,2
705,254,2,2
705,255,2,2
705,256,2,2
705,257,2,2
705,258,2,2
705,259,2,2
705,260,2,2
705,261,2,2
705,262,2,2
705,263,2,2
705,264,2,2
705,265,2,2
705,266,2,2
705,267,2,2
705,268,2,2
705,269,2,2
705,270,2,2
705,271,2,2
705,272,2,2
705,273,2,2
705,274,2,2
705,275,2,2
705,276,2,2
705,277,2,2
705,278,2,2
705,279,2,2
705,280,2,2
705,281,2,2
705,282,2,2
705,283,2,2
705,284,2,2
705,285,2,2
705,286,2,2
705,287,2,2
705,288,2,2
705,289,2,2
705,290,2,2
705,291,2,2
705,292,2,2
705,293,2,2
705,294,2,2
705,295,2,2
705,296,2,2
705,297,2,2
705,298,2,2
705,299,2,2
705,300,2,2
705,301,2,2
705,302,2,2
705,303,2,2
705,304,2,2
705,305,2,2
705,306,2,2
705,307,2,2
705,308,2,2
705,309,2,2
705,310,2,2
705,311,2,2
705,312,2,2
705,313,2,2
705,314,2,2
705,315,2,2
705,316,2,2
705,317,2,2
705,318,2,2
705,319,2,2
705,320,2,2
705,321,2,2
705,322,2,2
705,323,2,2
705,324,2,2
705,325,2,2
705,326,2,2
705,327,2,2
705,328,2,2
705,329,2,2
705,330,2,2
705,331,2,2
705,332,2,2
705,333,2,2
705,334,2,2
705,335,2,2
705,336,2,2
705,337,2,2
705,338,2,2
705,339,2,2
705,340,2,2
705,341,2,2
705,342,2,2
705,343,2,2
705,344,2,2
705,345,2,2
705,346,2,2
705,347,2,2
705,348,2,2
705,349,2,2
705,350,2,2
705,351,2,2
705,352,2,2
705,353,2,2
705,354,2,2
705,355,2,2
705,356,2,2
705,357,2,2
705,358,2,2
705,359,2,2
705,360,2,2
705,361,2,2
705,362,2,2
705,363,2,2
705,364,2,2
705,365,2,2
705,366,2,2
705,367,2,2
705,368,2,2
705,369,2,2
705,370,2,2
705,371,2,2
705,372,2,2
705,373,2,2
705,374,2,2
705,375,2,2
705,376,2,2
705,377,2,2
705,378,2,2
705,379,2,2
705,380,2,2
705,381,2,2
705,382,2,2
705,383,2,2
705,384,2,2
705,385,2,2
705,386,2,2
705,387,2,2
705,388,2,2
705,389,2,2
705,390,2,2
705,391,2,2
705,392,2,2
705,393,2,2
705,394,2,2
705,395,2,2
705,396,2,2
705,397,2,2
705,398,2,2
705,399,2,2
705,400,2,2
705,401,2,2
705,402,2,2
705,403,2,2
705,404,2,2
705,405,2,2
705,406,2,2
705,407,2,2
705,408,2,2
705,409,2,2
705,410,2,2
705,411,2,2
705,412,2,3
706,36,2,2
706,37,2,2
706,38,2,2
706,39,2,2
706,40,2,2
706,41,2,2
706,42,2,2
706,43,2,2
706,44,2,2
706,45,2,2
706,46,2,2
706,47,2,2
706,48,2,2
706,49,2,2
706,50,2,2
706,51,2,2
706,52,2,2
706,53,2,2
706,54,2,2
706,55,2,2
706,56,2,2
706,57,2,2
706,58,2,2
706,59,2,2
706,60,2,2
706,61,2,2
706,62,2,2
706,63,2,2
706,64,2,2
706,65,2,2
706,66,2,2
706,67,2,2
706,68,2,2
706,69,2,2
706,70,2,2
706,71,2,2
706,72,2,2
706,73,2,2
706,74,2,2
706,75,2,2
706,76,2,2
706,77,2,2
706,78,2,2
706,79,2,2
706,80,2,2
706,81,2,2
706,82,2,2
706,83,2,2
706,84,2,2
706,85,2,2
706,86,2,2
706,87,2,2
706,88,2,2
706,89,2,2
706,90,2,2
706,91,2,2
706,92,2,2
706,93,2,2
706,94,2,2
706,95,2,2
706,96,2,2
706,97,2,2
706,98,2,2
706,99,2,2
706,100,2,2
706,101,2,2
706,102,2,2
706,103,2,2
706,104,2,2
706,105,2,2
706,106,2,2
706,107,2,2
706,108,2,2
706,109,2,2
706,110,2,2
706,111,2,2
706,112,2,2
706,113,2,2
706,114,2,2
706,115,2,2
706,116,2,2
706,117,2,2
706,118,2,2
706,119,2,2
706,120,2,2
706,121,2,2
706,122,2,2
706,123,2,2
706,124,2,2
706,125,2,2
706,126,2,2
706,127,2,2
706,128,2,2
706,129,2,2
706,130,2,2
706,131,2,2
706,132,2,2
706,133,2,2
706,134,2,2
706,135,2,2
706,136,2,2
706,137,2,2
706,138,2,2
706,139,2,2
706,140,2,2
706,141,2,2
706,142,2,2
706,143,2,2
706,144,2,2
706,145,2,2
706,146,2,2
706,147,2,2
706,148,2,2
706,149,2,2
706,150,2,2
706,151,2,2
706,152,2,2
706,153,2,2
706,154,2,2
706,155,2,2
706,156,2,2
706,157,2,2
706,158,2,2
706,159,2,2
706,160,2,2
706,161,2,2
706,162,2,2
706,163,2,2
706,164,2,2
706,165,2,2
706,166,2,2
706,167,2,2
706,168,2,2
706,169,2,2
706,170,2,2
706,171,2,2
706,172,2,2
706,173,2,2
706,174,2,2
706,175,2,2
706,176,2,2
706,177,2,2
706,178,2,2
706,179,2,2
706,180,2,2
706,181,2,2
706,182,2,2
706,183,2,2
706,184,2,2
706,185,2,2
706,186,2,2
706,187,2,2
706,188,2,2
706,189,2,2
706,190,2,2
706,191,2,2
706,192,2,2
706,193,2,2
706,194,2,3
706,195,2,3
706,196,2,3
706,197,2,3
706,198,2,3
706,199,2,3
706,200,2,3
706,201,2,3
706,202,2,3
706,203,2,3
706,204,2,3
706,205,2,3
706,206,2,3
706,207,2,3
706,208,2,3
706,209,2,3
706,210,2,3
706,211,2,3
706,212,2,3
706,213,2,3
706,214,2,3
706,215,2,3
706,216,2,3
706,217,2,3
706,218,2,3
706,219,2,3
706,220,2,3
706,221,2,3
706,222,2,3
706,223,2,2
706,224,2,2
706,225,2,2
706,226,2,2
706,227,2,2
706,228,2,2
706,229,2,2
706,230,2,2
706,231,2,2
706,232,2,2
706,233,2,2
706,234,2,2
706,235,2,2
706,236,2,2
706,237,2,2
706,238,2,2
706,239,2,2
706,240,2,2
706,241,2,2
706,242,2,2
706,243,2,2
706,244,2,2
706,245,2,2
706,246,2,2
706,247,2,2
706,248,2,2
706,249,2,2
706,250,2,2
706,251,2,2
706,252,2,2
706,253,2,2
706,254,2,2
706,255,2,2
706,256,2,2
706,257,2,2
706,258,2,2
706,259,2,2
706,260,2,2
706,261,2,2
706,262,2,2
706,263,2,2
706,264,2,2
706,265,2,2
706,266,2,2
706,267,2,2
706,268,2,2
706,269,2,2
706,270,2,2
706,271,2,2
706,272,2,2
706,273,2,2
706,274,2,2
706,275,2,2
706,276,2,2
706,277,2,2
706,278,2,2
706,279,2,2
706,280,2,2
706,281,2,2
706,282,2,2
706,283,2,2
706,284,2,2
706,285,2,2
706,286,2,2
706,287,2,2
706,288,2,2
706,289,2,2
706,290,2,2
706,291,2,2
706,292,2,2
706,293,2,2
706,294,2,2
706,295,2,2
706,296,2,2
706,297,2,2
706,298,2,2
706,299,2,2
706,300,2,2
706,301,2,2
706,302,2,2
706,303,2,2
706,304,2,2
706,305,2,2
706,306,2,2
706,307,2,2
706,308,2,2
706,309,2,2
706,310,2,2
706,311,2,2
706,312,2,2
706,313,2,2
706,314,2,2
706,315,2,2
706,316,2,2
706,317,2,2
706,318,2,2
706,319,2,2
706,320,2,2
706,321,2,2
706,322,2,2
706,323,2,2
706,324,2,2
706,325,2,2
706,326,2,2
706,327,2,2
706,328,2,2
706,329,2,2
706,330,2,2
706,331,2,2
706,332,2,2
706,333,2,2
706,334,2,2
706,335,2,2
706,336,2,2
706,337,2,2
706,338,2,2
706,339,2,2
706,340,2,2
706,341,2,2
706,342,2,2
706,343,2,2
706,344,2,2
706,345,2,2
706,346,2,2
706,347,2,2
706,348,2,2
706,349,2,2
706,350,2,2
706,351,2,2
706,352,2,2
706,353,2,2
706,354,2,2
706,355,2,2
706,356,2,2
706,357,2,2
706,358,2,2
706,359,2,2
706,360,2,2
706,361,2,2
706,362,2,2
706,363,2,2
706,364,2,2
706,365,2,2
706,366,2,2
706,367,2,2
706,368,2,2
706,369,2,2
706,370,2,2
706,371,2,2
706,372,2,2
706,373,2,2
706,374,2,2
706,375,2,2
706,376,2,2
706,377,2,2
706,378,2,2
706,379,2,2
706,380,2,2
706,381,2,2
706,382,2,2
706,383,2,2
706,384,2,2
706,385,2,2
706,386,2,2
706,387,2,2
706,388,2,2
706,389,2,2
706,390,2,2
706,391,2,2
706,392,2,2
706,393,2,2
706,394,2,2
706,395,2,2
706,396,2,2
706,397,2,2
706,398,2,2
706,399,2,2
706,400,2,2
706,401,2,2
706,402,2,2
706,403,2,2
706,404,2,2
706,405,2,2
706,406,2,2
706,407,2,2
706,408,2,2
706,409,2,2
706,410,2,2
706,411,2,2
706,412,2,3
707,35,2,2
707,36,2,2
707,37,2,2
707,38,2,2
707,39,2,2
707,40,2,2
707,41,2,2
707,42,2,2
707,43,2,2
707,44,2,2
707,45,2,2
707,46,2,2
707,47,2,2
707,48,2,2
707,49,2,2
707,50,2,2
707,51,2,2
707,52,2,2
707,53,2,2
707,54,2,2
707,55,2,2
707,56,2,2
707,57,2,2
707,58,2,2
707,59,2,2
707,60,2,2
707,61,2,2
707,62,2,2
707,63,2,2
707,64,2,2
707,65,2,2
707,66,2,2
707,67,2,2
707,68,2,2
707,69,2,2
707,70,2,2
707,71,2,2
707,72,2,2
707,73,2,2
707,74,2,2
707,75,2,2
707,76,2,2
707,77,2,2
707,78,2,2
707,79,2,2
707,80,2,2
707,81,2,2
707,82,2,2
707,83,2,2
707,84,2,2
707,85,2,2
707,86,2,2
707,87,2,2
707,88,2,2
707,89,2,2
707,90,2,2
707,91,2,2
707,92,2,2
707,93,2,2
707,94,2,2
707,95,2,2
707,96,2,2
707,97,2,2
707,98,2,2
707,99,2,2
707,100,2,2
707,101,2,2
707,102,2,2
707,103,2,2
707,104,2,2
707,105,2,2
707,106,2,2
707,107,2,2
707,108,2,2
707,109,2,2
707,110,2,2
707,111,2,2
707,112,2,2
707,113,2,2
707,114,2,2
707,115,2,2
707,116,2,2
707,117,2,2
707,118,2,2
707,119,2,2
707,120,2,2
707,121,2,2
707,122,2,2
707,123,2,2
707,124,2,2
707,125,2,2
707,126,2,2
707,127,2,2
707,128,2,2
707,129,2,2
707,130,2,2
707,131,2,2
707,132,2,2
707,133,2,2
707,134,2,2
707,135,2,2
707,136,2,2
707,137,2,2
707,138,2,2
707,139,2,2
707,140,2,2
707,141,2,2
707,142,2,2
707,143,2,2
707,144,2,2
707,145,2,2
707,146,2,2
707,147,2,2
707,148,2,2
707,149,2,2
707,150,2,2
707,151,2,2
707,152,2,2
707,153,2,2
707,154,2,2
707,155,2,2
707,156,2,2
707,157,2,2
707,158,2,2
707,159,2,2
707,160,2,2
707,161,2,2
707,162,2,2
707,163,2,2
707,164,2,2
707,165,2,2
707,166,2,2
707,167,2,2
707,168,2,2
707,169,2,2
707,170,2,2
707,171,2,2
707,172,2,2
707,173,2,2
707,174,2,2
707,175,2,2
707,176,2,2
707,177,2,2
707,178,2,2
707,179,2,2
707,180,2,2
707,181,2,2
707,182,2,2
707,183,2,2
707,184,2,2
707,185,2,2
707,186,2,2
707,187,2,2
707,188,2,2
707,189,2,2
707,190,2,2
707,191,2,2
707,192,2,2
707,193,2,2
707,194,2,2
707,195,2,2
707,196,2,3
707,197,2,3
707,198,2,3
707,199,2,3
707,200,2,3
707,201,2,3
707,202,2,3
707,203,2,3
707,204,2,3
707,205,2,3
707,206,2,3
707,207,2,3
707,208,2,3
707,209,2,3
707,210,2,3
707,211,2,3
707,212,2,3
707,213,2,3
707,214,2,3
707,215,2,3
707,216,2,3
707,217,2,3
707,218,2,3
707,219,2,3
707,220,2,3
707,221,2,3
707,222,2,3
707,223,2,2
707,224,2,2
707,225,2,2
707,226,2,2
707,227,2,2
707,228,2,2
707,229,2,2
707,230,2,2
707,231,2,2
707,232,2,2
707,233,2,2
707,234,2,2
707,235,2,2
707,236,2,2
707,237,2,2
707,238,2,2
707,239,2,2
707,240,2,2
707,241,2,2
707,242,2,2
707,243,2,2
707,244,2,2
707,245,2,2
707,246,2,2
707,247,2,2
707,248,2,2
707,249,2,2
707,250,2,2
707,251,2,2
707,252,2,2
707,253,2,2
707,254,2,2
707,255,2,2
707,256,2,2
707,257,2,2
707,258,2,2
707,259,2,2
707,260,2,2
707,261,2,2
707,262,2,2
707,263,2,2
707,264,2,2
707,265,2,2
707,266,2,2
707,267,2,2
707,268,2,2
707,269,2,2
707,270,2,2
707,271,2,2
707,272,2,2
707,273,2,2
707,274,2,2
707,275,2,2
707,276,2,2
707,277,2,2
707,278,2,2
707,279,2,2
707,280,2,2
707,281,2,2
707,282,2,2
707,283,2,2
707,284,2,2
707,285,2,2
707,286,2,2
707,287,2,2
707,288,2,2
707,289,2,2
707,290,2,2
707,291,2,2
707,292,2,2
707,293,2,2
707,294,2,2
707,295,2,2
707,296,2,2
707,297,2,2
707,298,2,2
707,299,2,2
707,300,2,2
707,301,2,2
707,302,2,2
707,303,2,2
707,304,2,2
707,305,2,2
707,306,2,2
707,307,2,2
707,308,2,2
707,309,2,2
707,310,2,2
707,311,2,2
707,312,2,2
707,313,2,2
707,314,2,2
707,315,2,2
707,316,2,2
707,317,2,2
707,318,2,2
707,319,2,2
707,320,2,2
707,321,2,2
707,322,2,2
707,323,2,2
707,324,2,2
707,325,2,2
707,326,2,2
707,327,2,2
707,328,2,2
707,329,2,2
707,330,2,2
707,331,2,2
707,332,2,2
707,333,2,2
707,334,2,2
707,335,2,2
707,336,2,2
707,337,2,2
707,338,2,2
707,339,2,2
707,340,2,2
707,341,2,2
707,342,2,2
707,343,2,2
707,344,2,2
707,345,2,2
707,346,2,2
707,347,2,2
707,348,2,2
707,349,2,2
707,350,2,2
707,351,2,2
707,352,2,2
707,353,2,2
707,354,2,2
707,355,2,2
707,356,2,2
707,357,2,2
707,358,2,2
707,359,2,2
707,360,2,2
707,361,2,2
707,362,2,2
707,363,2,2
707,364,2,2
707,365,2,2
707,366,2,2
707,367,2,2
707,368,2,2
707,369,2,2
707,370,2,2
707,371,2,2
707,372,2,2
707,373,2,2
707,374,2,2
707,375,2,2
707,376,2,2
707,377,2,2
707,378,2,2
707,379,2,2
707,380,2,2
707,381,2,2
707,382,2,2
707,383,2,2
707,384,2,2
707,385,2,2
707,386,2,2
707,387,2,2
707,388,2,2
707,389,2,2
707,390,2,2
707,391,2,2
707,392,2,2
707,393,2,2
707,394,2,2
707,395,2,2
707,396,2,2
707,397,2,2
707,398,2,2
707,399,2,2
707,400,2,2
707,401,2,2
707,402,2,2
707,403,2,2
707,404,2,2
707,405,2,2
707,406,2,2
707,407,2,2
707,408,2,2
707,409,2,2
707,410,2,2
707,411,2,2
707,412,2,3
707,413,2,3
708,35,2,2
708,36,2,2
708,37,2,2
708,38,2,2
708,39,2,2
708,40,2,2
708,41,2,2
708,42,2,2
708,43,2,2
708,44,2,2
708,45,2,2
708,46,2,2
708,47,2,2
708,48,2,2
708,49,2,2
708,50,2,2
708,51,2,2
708,52,2,2
708,53,2,2
708,54,2,2
708,55,2,2
708,56,2,2
708,57,2,2
708,58,2,2
708,59,2,2
708,60,2,2
708,61,2,2
708,62,2,2
708,63,2,2
708,64,2,2
708,65,2,2
708,66,2,2
708,67,2,2
708,68,2,2
708,69,2,2
708,70,2,2
708,71,2,2
708,72,2,2
708,73,2,2
708,74,2,2
708,75,2,2
708,76,2,2
708,77,2,2
708,78,2,2
708,79,2,2
708,80,2,2
708,81,2,2
708,82,2,2
708,83,2,2
708,84,2,2
708,85,2,2
708,86,2,2
708,87,2,2
708,88,2,2
708,89,2,2
708,90,2,2
708,91,2,2
708,92,2,2
708,93,2,2
708,94,2,2
708,95,2,2
708,96,2,2
708,97,2,2
708,98,2,2
708,99,2,2
708,100,2,2
708,101,2,2
708,102,2,2
708,103,2,2
708,104,2,2
708,105,2,2
708,106,2,2
708,107,2,2
708,108,2,2
708,109,2,2
708,110,2,2
708,111,2,2
708,112,2,2
708,113,2,2
708,114,2,2
708,115,2,2
708,116,2,2
708,117,2,2
708,118,2,2
708,119,2,2
708,120,2,2
708,121,2,2
708,122,2,2
708,123,2,2
708,124,2,2
708,125,2,2
708,126,2,2
708,127,2,2
708,128,2,2
708,129,2,2
708,130,2,2
708,131,2,2
708,132,2,2
708,133,2,2
708,134,2,2
708,135,2,2
708,136,2,2
708,137,2,2
708,138,2,2
708,139,2,2
708,140,2,2
708,141,2,2
708,142,2,2
708,143,2,2
708,144,2,2
708,145,2,2
708,146,2,2
708,147,2,2
708,148,2,2
708,149,2,2
708,150,2,2
708,151,2,2
708,152,2,2
708,153,2,2
708,154,2,2
708,155,2,2
708,156,2,2
708,157,2,2
708,158,2,2
708,159,2,2
708,160,2,2
708,161,2,2
708,162,2,2
708,163,2,2
708,164,2,2
708,165,2,2
708,166,2,2
708,167,2,2
708,168,2,2
708,169,2,2
708,170,2,2
708,171,2,2
708,172,2,2
708,173,2,2
708,174,2,2
708,175,2,2
708,176,2,2
708,177,2,2
708,178,2,2
708,179,2,2
708,180,2,2
708,181,2,2
708,182,2,2
708,183,2,2
708,184,2,2
708,185,2,2
708,186,2,2
708,187,2,2
708,188,2,2
708,189,2,2
708,190,2,2
708,191,2,2
708,192,2,2
708,193,2,2
708,194,2,2
708,195,2,2
708,196,2,2
708,197,2,2
708,198,2,3
708,199,2,3
708,200,2,3
708,201,2,3
708,202,2,3
708,203,2,3
708,204,2,3
708,205,2,3
708,206,2,3
708,207,2,3
708,208,2,3
708,209,2,3
708,210,2,3
708,211,2,3
708,212,2,3
708,213,2,3
708,214,2,3
708,215,2,3
708,216,2,3
708,217,2,3
708,218,2,3
708,219,2,3
708,220,2,3
708,221,2,3
708,222,2,3
708,223,2,2
708,224,2,2
708,225,2,2
708,226,2,2
708,227,2,2
708,228,2,2
708,229,2,2
708,230,2,2
708,231,2,2
708,232,2,2
708,233,2,2
708,234,2,2
708,235,2,2
708,236,2,2
708,237,2,2
708,238,2,2
708,239,2,2
708,240,2,2
708,241,2,2
708,242,2,2
708,243,2,2
708,244,2,2
708,245,2,2
708,246,2,2
708,247,2,2
708,248,2,2
708,249,2,2
708,250,2,2
708,251,2,2
708,252,2,2
708,253,2,2
708,254,2,2
708,255,2,2
708,256,2,2
708,257,2,2
708,258,2,2
708,259,2,2
708,260,2,2
708,261,2,2
708,262,2,2
708,263,2,2
708,264,2,2
708,265,2,2
708,266,2,2
708,267,2,2
708,268,2,2
708,269,2,2
708,270,2,2
708,271,2,2
708,272,2,2
708,273,2,2
708,274,2,2
708,275,2,2
708,276,2,2
708,277,2,2
708,278,2,2
708,279,2,2
708,280,2,2
708,281,2,2
708,282,2,2
708,283,2,2
708,284,2,2
708,285,2,2
708,286,2,2
708,287,2,2
708,288,2,2
708,289,2,2
708,290,2,2
708,291,2,2
708,292,2,2
708,293,2,2
708,294,2,2
708,295,2,2
708,296,2,2
708,297,2,2
708,298,2,2
708,299,2,2
708,300,2,2
708,301,2,2
708,302,2,2
708,303,2,2
708,304,2,2
708,305,2,2
708,306,2,2
708,307,2,2
708,308,2,2
708,309,2,2
708,310,2,2
708,311,2,2
708,312,2,2
708,313,2,2
708,314,2,2
708,315,2,2
708,316,2,2
708,317,2,2
708,318,2,2
708,319,2,2
708,320,2,2
708,321,2,2
708,322,2,2
708,323,2,2
708,324,2,2
708,325,2,2
708,326,2,2
708,327,2,2
708,328,2,2
708,329,2,2
708,330,2,2
708,331,2,2
708,332,2,2
708,333,2,2
708,334,2,2
708,335,2,2
708,336,2,2
708,337,2,2
708,338,2,2
708,339,2,2
708,340,2,2
708,341,2,2
708,342,2,2
708,343,2,2
708,344,2,2
708,345,2,2
708,346,2,2
708,347,2,2
708,348,2,2
708,349,2,2
708,350,2,2
708,351,2,2
708,352,2,2
708,353,2,2
708,354,2,2
708,355,2,2
708,356,2,2
708,357,2,2
708,358,2,2
708,359,2,2
708,360,2,2
708,361,2,2
708,362,2,2
708,363,2,2
708,364,2,2
708,365,2,2
708,366,2,2
708,367,2,2
708,368,2,2
708,369,2,2
708,370,2,2
708,371,2,2
708,372,2,2
708,373,2,2
708,374,2,2
708,375,2,2
708,376,2,2
708,377,2,2
708,378,2,2
708,379,2,2
708,380,2,2
708,381,2,2
708,382,2,2
708,383,2,2
708,384,2,2
708,385,2,2
708,386,2,2
708,387,2,2
708,388,2,2
708,389,2,2
708,390,2,2
708,391,2,2
708,392,2,2
708,393,2,2
708,394,2,2
708,395,2,2
708,396,2,2
708,397,2,2
708,398,2,2
708,399,2,2
708,400,2,2
708,401,2,2
708,402,2,2
708,403,2,2
708,404,2,2
708,405,2,2
708,406,2,2
708,407,2,2
708,408,2,2
708,409,2,2
708,410,2,2
708,411,2,2
708,412,2,2
708,413,2,3
708,414,2,3
709,34,2,2
709,35,2,2
709,36,2,2
709,37,2,2
709,38,2,2
709,39,2,2
709,40,2,2
709,41,2,2
709,42,2,2
709,43,2,2
709,44,2,2
709,45,2,2
709,46,2,2
709,47,2,2
709,48,2,2
709,49,2,2
709,50,2,2
709,51,2,2
709,52,2,2
709,53,2,2
709,54,2,2
709,55,2,2
709,56,2,2
709,57,2,2
709,58,2,2
709,59,2,2
709,60,2,2
709,61,2,2
709,62,2,2
709,63,2,2
709,64,2,2
709,65,2,2
709,66,2,2
709,67,2,2
709,68,2,2
709,69,2,2
709,70,2,2
709,71,2,2
709,72,2,2
709,73,2,2
709,74,2,2
709,75,2,2
709,76,2,2
709,77,2,2
709,78,2,2
709,79,2,2
709,80,2,2
709,81,2,2
709,82,2,2
709,83,2,2
709,84,2,2
709,85,2,2
709,86,2,2
709,87,2,2
709,88,2,2
709,89,2,2
709,90,2,2
709,91,2,2
709,92,2,2
709,93,2,2
709,94,2,2
709,95,2,2
709,96,2,2
709,97,2,2
709,98,2,2
709,99,2,2
709,100,2,2
709,101,2,2
709,102,2,2
709,103,2,2
709,104,2,2
709,105,2,2
709,106,2,2
709,107,2,2
709,108,2,2
709,109,2,2
709,110,2,2
709,111,2,2
709,112,2,2
709,113,2,2
709,114,2,2
709,115,2,2
709,116,2,2
709,117,2,2
709,118,2,2
709,119,2,2
709,120,2,2
709,121,2,2
709,122,2,2
709,123,2,2
709,124,2,2
709,125,2,2
709,126,2,2
709,127,2,2
709,128,2,2
709,129,2,2
709,130,2,2
709,131,2,2
709,132,2,2
709,133,2,2
709,134,2,2
709,135,2,2
709,136,2,2
709,137,2,2
709,138,2,2
709,139,2,2
709,140,2,2
709,141,2,2
709,142,2,2
709,143,2,2
709,144,2,2
709,145,2,2
709,146,2,2
709,147,2,2
709,148,2,2
709,149,2,2
709,150,2,2
709,151,2,2
709,152,2,2
709,153,2,2
709,154,2,2
709,155,2,2
709,156,2,2
709,157,2,2
709,158,2,2
709,159,2,2
709,160,2,2
709,161,2,2
709,162,2,2
709,163,2,2
709,164,2,2
709,165,2,2
709,166,2,2
709,167,2,2
709,168,2,2
709,169,2,2
709,170,2,2
709,171,2,2
709,172,2,2
709,173,2,2
709,174,2,2
709,175,2,2
709,176,2,2
709,177,2,2
709,178,2,2
709,179,2,2
709,180,2,2
709,181,2,2
709,182,2,2
709,183,2,2
709,184,2,2
709,185,2,2
709,186,2,2
709,187,2,2
709,188,2,2
709,189,2,2
709,190,2,2
709,191,2,2
709,192,2,2
709,193,2,2
709,194,2,2
709,195,2,2
709,196,2,2
709,197,2,2
709,198,2,2
709,199,2,2
709,200,2,2
709,201,2,3
709,202,2,3
709,203,2,3
709,204,2,3
709,205,2,3
709,206,2,3
709,207,2,3
709,208,2,3
709,209,2,3
709,210,2,3
709,211,2,3
709,212,2,3
709,213,2,3
709,214,2,3
709,215,2,3
709,216,2,3
709,217,2,3
709,218,2,3
709,219,2,3
709,220,2,3
709,221,2,3
709,222,2,2
709,223,2,2
709,224,2,2
709,225,2,2
709,226,2,2
709,227,2,2
709,228,2,2
709,229,2,2
709,230,2,2
709,231,2,2
709,232,2,2
709,233,2,2
709,234,2,2
709,235,2,2
709,236,2,2
709,237,2,2
709,238,2,2
709,239,2,2
709,240,2,2
709,241,2,2
709,242,2,2
709,243,2,2
709,244,2,2
709,245,2,2
709,246,2,2
709,247,2,2
709,248,2,2
709,249,2,2
709,250,2,2
709,251,2,2
709,252,2,2
709,253,2,2
709,254,2,2
709,255,2,2
709,256,2,2
709,257,2,2
709,258,2,2
709,259,2,2
709,260,2,2
709,261,2,2
709,262,2,2
709,263,2,2
709,264,2,2
709,265,2,2
709,266,2,2
709,267,2,2
709,268,2,2
709,269,2,2
709,270,2,2
709,271,2,2
709,272,2,2
709,273,2,2
709,274,2,2
709,275,2,2
709,276,2,2
709,277,2,2
709,278,2,2
709,279,2,2
709,280,2,2
709,281,2,2
709,282,2,2
709,283,2,2
709,284,2,2
709,285,2,2
709,286,2,2
709,287,2,2
709,288,2,2
709,289,2,2
709,290,2,2
709,291,2,2
709,292,2,2
709,293,2,2
709,294,2,2
709,295,2,2
709,296,2,2
709,297,2,2
709,298,2,2
709,299,2,2
709,300,2,2
709,301,2,2
709,302,2,2
709,303,2,2
709,304,2,2
709,305,2,2
709,306,2,2
709,307,2,2
709,308,2,2
709,309,2,2
709,310,2,2
709,311,2,2
709,312,2,2
709,313,2,2
709,314,2,2
709,315,2,2
709,316,2,2
709,317,2,2
709,318,2,2
709,319,2,2
709,320,2,2
709,321,2,2
709,322,2,2
709,323,2,2
709,324,2,2
709,325,2,2
709,326,2,2
709,327,2,2
709,328,2,2
709,329,2,2
709,330,2,2
709,331,2,2
709,332,2,2
709,333,2,2
709,334,2,2
709,335,2,2
709,336,2,2
709,337,2,2
709,338,2,2
709,339,2,2
709,340,2,2
709,341,2,2
709,342,2,2
709,343,2,2
709,344,2,2
709,345,2,2
709,346,2,2
709,347,2,2
709,348,2,2
709,349,2,2
709,350,2,2
709,351,2,2
709,352,2,2
709,353,2,2
709,354,2,2
709,355,2,2
709,356,2,2
709,357,2,2
709,358,2,2
709,359,2,2
709,360,2,2
709,361,2,2
709,362,2,2
709,363,2,2
709,364,2,2
709,365,2,2
709,366,2,2
709,367,2,2
709,368,2,2
709,369,2,2
709,370,2,2
709,371,2,2
709,372,2,2
709,373,2,2
709,374,2,2
709,375,2,2
709,376,2,2
709,377,2,2
709,378,2,2
709,379,2,2
709,380,2,2
709,381,2,2
709,382,2,2
709,383,2,2
709,384,2,2
709,385,2,2
709,386,2,2
709,387,2,2
709,388,2,2
709,389,2,2
709,390,2,2
709,391,2,2
709,392,2,2
709,393,2,2
709,394,2,2
709,395,2,2
709,396,2,2
709,397,2,2
709,398,2,2
709,399,2,2
709,400,2,2
709,401,2,2
709,402,2,2
709,403,2,2
709,404,2,2
709,405,2,2
709,406,2,2
709,407,2,2
709,408,2,2
709,409,2,2
709,410,2,2
709,411,2,2
709,412,2,2
709,413,2,2
709,414,2,2
709,415,2,3
710,34,2,2
710,35,2,2
710,36,2,2
710,37,2,2
710,38,2,2
710,39,2,2
710,40,2,2
710,41,2,2
710,42,2,2
710,43,2,2
710,44,2,2
710,45,2,2
710,46,2,2
710,47,2,2
710,48,2,2
710,49,2,2
710,50,2,2
710,51,2,2
710,52,2,2
710,53,2,2
710,54,2,2
710,55,2,2
710,56,2,2
710,57,2,2
710,58,2,2
710,59,2,2
710,60,2,2
710,61,2,2
710,62,2,2
710,63,2,2
710,64,2,2
710,65,2,2
710,66,2,2
710,67,2,2
710,68,2,2
710,69,2,2
710,70,2,2
710,71,2,2
710,72,2,2
710,73,2,2
710,74,2,2
710,75,2,2
710,76,2,2
710,77,2,2
710,78,2,2
710,79,2,2
710,80,2,2
710,81,2,2
710,82,2,2
710,83,2,2
710,84,2,2
710,85,2,2
710,86,2,2
710,87,2,2
710,88,2,2
710,89,2,2
710,90,2,2
710,91,2,2
710,92,2,2
710,93,2,2
710,94,2,2
710,95,2,2
710,96,2,2
710,97,2,2
710,98,2,2
710,99,2,2
710,100,2,2
710,101,2,2
710,102,2,2
710,103,2,2
710,104,2,2
710,105,2,2
710,106,2,2
710,107,2,2
710,108,2,2
710,109,2,2
710,110,2,2
710,111,2,2
710,112,2,2
710,113,2,2
710,114,2,2
710,115,2,2
710,116,2,2
710,117,2,2
710,118,2,2
710,119,2,2
710,120,2,2
710,121,2,2
710,122,2,2
710,123,2,2
710,124,2,2
710,125,2,2
710,126,2,2
710,127,2,2
710,128,2,2
710,129,2,2
710,130,2,2
710,131,2,2
710,132,2,2
710,133,2,2
710,134,2,2
710,135,2,2
710,136,2,2
710,137,2,2
710,138,2,2
710,139,2,2
710,140,2,2
710,141,2,2
710,142,2,2
710,143,2,2
710,144,2,2
710,145,2,2
710,146,2,2
710,147,2,2
710,148,2,2
710,149,2,2
710,150,2,2
710,151,2,2
710,152,2,2
710,153,2,2
710,154,2,2
710,155,2,2
710,156,2,2
710,157,2,2
710,158,2,2
710,159,2,2
710,160,2,2
710,161,2,2
710,162,2,2
710,163,2,2
710,164,2,2
710,165,2,2
710,166,2,2
710,167,2,2
710,168,2,2
710,169,2,2
710,170,2,2
710,171,2,2
710,172,2,2
710,173,2,2
710,174,2,2
710,175,2,2
710,176,2,2
710,177,2,2
710,178,2,2
710,179,2,2
710,180,2,2
710,181,2,2
710,182,2,2
710,183,2,2
710,184,2,2
710,185,2,2
710,186,2,2
710,187,2,2
710,188,2,2
710,189,2,2
710,190,2,2
710,191,2,2
710,192,2,2
710,193,2,2
710,194,2,2
710,195,2,2
710,196,2,2
710,197,2,2
710,198,2,2
710,199,2,2
710,200,2,2
710,201,2,2
710,202,2,2
710,203,2,3
710,204,2,3
710,205,2,3
710,206,2,3
710,207,2,3
710,208,2,3
710,209,2,3
710,210,2,3
710,211,2,3
710,212,2,3
710,213,2,3
710,214,2,3
710,215,2,3
710,216,2,3
710,217,2,3
710,218,2,3
710,219,2,3
710,220,2,3
710,221,2,3
710,222,2,2
710,223,2,2
710,224,2,2
710,225,2,2
710,226,2,2
710,227,2,2
710,228,2,2
710,229,2,2
710,230,2,2
710,231,2,2
710,232,2,2
710,233,2,2
710,234,2,2
710,235,2,2
710,236,2,2
710,237,2,2
710,238,2,2
710,239,2,2
710,240,2,2
710,241,2,2
710,242,2,2
710,243,2,2
710,244,2,2
710,245,2,2
710,246,2,2
710,247,2,2
710,248,2,2
710,249,2,2
710,250,2,2
710,251,2,2
710,252,2,2
710,253,2,2
710,254,2,2
710,255,2,2
710,256,2,2
710,257,2,2
710,258,2,2
710,259,2,2
710,260,2,2
710,261,2,2
710,262,2,2
710,263,2,2
710,264,2,2
710,265,2,2
710,266,2,2
710,267,2,2
710,268,2,2
710,269,2,2
710,270,2,2
710,271,2,2
710,272,2,2
710,273,2,2
710,274,2,2
710,275,2,2
710,276,2,2
710,277,2,2
710,278,2,2
710,279,2,2
710,280,2,2
710,281,2,2
710,282,2,2
710,283,2,2
710,284,2,2
710,285,2,2
710,286,2,2
710,287,2,2
710,288,2,2
710,289,2,2
710,290,2,2
710,291,2,2
710,292,2,2
710,293,2,2
710,294,2,2
710,295,2,2
710,296,2,2
710,297,2,2
710,298,2,2
710,299,2,2
710,300,2,2
710,301,2,2
710,302,2,2
710,303,2,2
710,304,2,2
710,305,2,2
710,306,2,2
710,307,2,2
710,308,2,2
710,309,2,2
710,310,2,2
710,311,2,2
710,312,2,2
710,313,2,2
710,314,2,2
710,315,2,2
710,316,2,2
710,317,2,2
710,318,2,2
710,319,2,2
710,320,2,2
710,321,2,2
710,322,2,2
710,323,2,2
710,324,2,2
710,325,2,2
710,326,2,2
710,327,2,2
710,328,2,2
710,329,2,2
710,330,2,2
710,331,2,2
710,332,2,2
710,333,2,2
710,334,2,2
710,335,2,2
710,336,2,2
710,337,2,2
710,338,2,2
710,339,2,2
710,340,2,2
710,341,2,2
710,342,2,2
710,343,2,2
710,344,2,2
710,345,2,2
710,346,2,2
710,347,2,2
710,348,2,2
710,349,2,2
710,350,2,2
710,351,2,2
710,352,2,2
710,353,2,2
710,354,2,2
710,355,2,2
710,356,2,2
710,357,2,2
710,358,2,2
710,359,2,2
710,360,2,2
710,361,2,2
710,362,2,2
710,363,2,2
710,364,2,2
710,365,2,2
710,366,2,2
710,367,2,2
710,368,2,2
710,369,2,2
710,370,2,2
710,371,2,2
710,372,2,2
710,373,2,2
710,374,2,2
710,375,2,2
710,376,2,2
710,377,2,2
710,378,2,2
710,379,2,2
710,380,2,2
710,381,2,2
710,382,2,2
710,383,2,2
710,384,2,2
710,385,2,2
710,386,2,2
710,387,2,2
710,388,2,2
710,389,2,2
710,390,2,2
710,391,2,2
710,392,2,2
710,393,2,2
710,394,2,2
710,395,2,2
710,396,2,2
710,397,2,2
710,398,2,2
710,399,2,2
710,400,2,2
710,401,2,2
710,402,2,2
710,403,2,2
710,404,2,2
710,405,2,2
710,406,2,2
710,407,2,2
710,408,2,2
710,409,2,2
710,410,2,2
710,411,2,2
710,412,2,2
710,413,2,2
710,414,2,2
710,415,2,3
710,416,2,3
711,34,2,2
711,35,2,2
711,36,2,2
711,37,2,2
711,38,2,2
711,39,2,2
711,40,2,2
711,41,2,2
711,42,2,2
711,43,2,2
711,44,2,2
711,45,2,2
711,46,2,2
711,47,2,2
711,48,2,2
711,49,2,2
711,50,2,2
711,51,2,2
711,52,2,2
711,53,2,2
711,54,2,2
711,55,2,2
711,56,2,2
711,57,2,2
711,58,2,2
711,59,2,2
711,60,2,2
711,61,2,2
711,62,2,2
711,63,2,2
711,64,2,2
711,65,2,2
711,66,2,2
711,67,2,2
711,68,2,2
711,69,2,2
711,70,2,2
711,71,2,2
711,72,2,2
711,73,2,2
711,74,2,2
711,75,2,2
711,76,2,2
711,77,2,2
711,78,2,2
711,79,2,2
711,80,2,2
711,81,2,2
711,82,2,2
711,83,2,2
711,84,2,2
711,85,2,2
711,86,2,2
711,87,2,2
711,88,2,2
711,89,2,2
711,90,2,2
711,91,2,2
711,92,2,2
711,93,2,2
711,94,2,2
711,95,2,2
711,96,2,2
711,97,2,2
711,98,2,2
711,99,2,2
711,100,2,2
711,101,2,2
711,102,2,2
711,103,2,2
711,104,2,2
711,105,2,2
711,106,2,2
711,107,2,2
711,108,2,2
711,109,2,2
711,110,2,2
711,111,2,2
711,112,2,2
711,113,2,2
711,114,2,2
711,115,2,2
711,116,2,2
711,117,2,2
711,118,2,2
711,119,2,2
711,120,2,2
711,121,2,2
711,122,2,2
711,123,2,2
711,124,2,2
711,125,2,2
711,126,2,2
711,127,2,2
711,128,2,2
711,129,2,2
711,130,2,2
711,131,2,2
711,132,2,2
711,133,2,2
711,134,2,2
711,135,2,2
711,136,2,2
711,137,2,2
711,138,2,2
711,139,2,2
711,140,2,2
711,141,2,2
711,142,2,2
711,143,2,2
711,144,2,2
711,145,2,2
711,146,2,2
711,147,2,2
711,148,2,2
711,149,2,2
711,150,2,2
711,151,2,2
711,152,2,2
711,153,2,2
711,154,2,2
711,155,2,2
711,156,2,2
711,157,2,2
711,158,2,2
711,159,2,2
711,160,2,2
711,161,2,2
711,162,2,2
711,163,2,2
711,164,2,2
711,165,2,2
711,166,2,2
711,167,2,2
711,168,2,2
711,169,2,2
711,170,2,2
711,171,2,2
711,172,2,2
711,173,2,2
711,174,2,2
711,175,2,2
711,176,2,2
711,177,2,2
711,178,2,2
711,179,2,2
711,180,2,2
711,181,2,2
711,182,2,2
711,183,2,2
711,184,2,2
711,185,2,2
711,186,2,2
711,187,2,2
711,188,2,2
711,189,2,2
711,190,2,2
711,191,2,2
711,192,2,2
711,193,2,2
711,194,2,2
711,195,2,2
711,196,2,2
711,197,2,2
711,198,2,2
711,199,2,2
711,200,2,2
711,201,2,2
711,202,2,2
711,203,2,2
711,204,2,2
711,205,2,2
711,206,2,2
711,207,2,2
711,208,2,2
711,209,2,3
711,210,2,3
711,211,2,3
711,212,2,3
711,213,2,3
711,214,2,3
711,215,2,3
711,216,2,3
711,217,2,3
711,218,2,3
711,219,2,3
711,220,2,3
711,221,2,2
711,222,2,2
711,223,2,2
711,224,2,2
711,225,2,2
711,226,2,2
711,227,2,2
711,228,2,2
711,229,2,2
711,230,2,2
711,231,2,2
711,232,2,2
711,233,2,2
711,234,2,2
711,235,2,2
711,236,2,2
711,237,2,2
711,238,2,2
711,239,2,2
711,240,2,2
711,241,2,2
711,242,2,2
711,243,2,2
711,244,2,2
711,245,2,2
711,246,2,2
711,247,2,2
711,248,2,2
711,249,2,2
711,250,2,2
711,251,2,2
711,252,2,2
711,253,2,2
711,254,2,2
711,255,2,2
711,256,2,2
711,257,2,2
711,258,2,2
711,259,2,2
711,260,2,2
711,261,2,2
711,262,2,2
711,263,2,2
711,264,2,2
711,265,2,2
711,266,2,2
711,267,2,2
711,268,2,2
711,269,2,2
711,270,2,2
711,271,2,2
711,272,2,2
711,273,2,2
711,274,2,2
711,275,2,2
711,276,2,2
711,277,2,2
711,278,2,2
711,279,2,2
711,280,2,2
711,281,2,2
711,282,2,2
711,283,2,2
711,284,2,2
711,285,2,2
711,286,2,2
711,287,2,2
711,288,2,2
711,289,2,2
711,290,2,2
711,291,2,2
711,292,2,2
711,293,2,2
711,294,2,2
711,295,2,2
711,296,2,2
711,297,2,2
711,298,2,2
711,299,2,2
711,300,2,2
711,301,2,2
711,302,2,2
711,303,2,2
711,304,2,2
711,305,2,2
711,306,2,2
711,307,2,2
711,308,2,2
711,309,2,2
711,310,2,2
711,311,2,2
711,312,2,2
711,313,2,2
711,314,2,2
711,315,2,2
711,316,2,2
711,317,2,2
711,318,2,2
711,319,2,2
711,320,2,2
711,321,2,2
711,322,2,2
711,323,2,2
711,324,2,2
711,325,2,2
711,326,2,2
711,327,2,2
711,328,2,2
711,329,2,2
711,330,2,2
711,331,2,2
711,332,2,2
711,333,2,2
711,334,2,2
711,335,2,2
711,336,2,2
711,337,2,2
711,338,2,2
711,339,2,2
711,340,2,2
711,341,2,2
711,342,2,2
711,343,2,2
711,344,2,2
711,345,2,2
711,346,2,2
711,347,2,2
711,348,2,2
711,349,2,2
711,350,2,2
711,351,2,2
711,352,2,2
711,353,2,2
711,354,2,2
711,355,2,2
711,356,2,2
711,357,2,2
711,358,2,2
711,359,2,2
711,360,2,2
711,361,2,2
711,362,2,2
711,363,2,2
711,364,2,2
711,365,2,2
711,366,2,2
711,367,2,2
711,368,2,2
711,369,2,2
711,370,2,2
711,371,2,2
711,372,2,2
711,373,2,2
711,374,2,2
711,375,2,2
711,376,2,2
711,377,2,2
711,378,2,2
711,379,2,2
711,380,2,2
711,381,2,2
711,382,2,2
711,383,2,2
711,384,2,2
711,385,2,2
711,386,2,2
711,387,2,2
711,388,2,2
711,389,2,2
711,390,2,2
711,391,2,2
711,392,2,2
711,393,2,2
711,394,2,2
711,395,2,2
711,396,2,2
711,397,2,2
711,398,2,2
711,399,2,2
711,400,2,2
711,401,2,2
711,402,2,2
711,403,2,2
711,404,2,2
711,405,2,2
711,406,2,2
711,407,2,2
711,408,2,2
711,409,2,2
711,410,2,2
711,411,2,2
711,412,2,2
711,413,2,2
711,414,2,2
711,415,2,2
711,416,2,3
711,417,2,3
712,34,2,2
712,35,2,2
712,36,2,2
712,37,2,2
712,38,2,2
712,39,2,2
712,40,2,2
712,41,2,2
712,42,2,2
712,43,2,2
712,44,2,2
712,45,2,2
712,46,2,2
712,47,2,2
712,48,2,2
712,49,2,2
712,50,2,2
712,51,2,2
712,52,2,2
712,53,2,2
712,54,2,2
712,55,2,2
712,56,2,2
712,57,2,2
712,58,2,2
712,59,2,2
712,60,2,2
712,61,2,2
712,62,2,2
712,63,2,2
712,64,2,2
712,65,2,2
712,66,2,2
712,67,2,2
712,68,2,2
712,69,2,2
712,70,2,2
712,71,2,2
712,72,2,2
712,73,2,2
712,74,2,2
712,75,2,2
712,76,2,2
712,77,2,2
712,78,2,2
712,79,2,2
712,80,2,2
712,81,2,2
712,82,2,2
712,83,2,2
712,84,2,2
712,85,2,2
712,86,2,2
712,87,2,2
712,88,2,2
712,89,2,2
712,90,2,2
712,91,2,2
712,92,2,2
712,93,2,2
712,94,2,2
712,95,2,2
712,96,2,2
712,97,2,2
712,98,2,2
712,99,2,2
712,100,2,2
712,101,2,2
712,102,2,2
712,103,2,2
712,104,2,2
712,105,2,2
712,106,2,2
712,107,2,2
712,108,2,2
712,109,2,2
712,110,2,2
712,111,2,2
712,112,2,2
712,113,2,2
712,114,2,2
712,115,2,2
712,116,2,2
712,117,2,2
712,118,2,2
712,119,2,2
712,120,2,2
712,121,2,2
712,122,2,2
712,123,2,2
712,124,2,2
712,125,2,2
712,126,2,2
712,127,2,2
712,128,2,2
712,129,2,2
712,130,2,2
712,131,2,2
712,132,2,2
712,133,2,2
712,134,2,2
712,135,2,2
712,136,2,2
712,137,2,2
712,138,2,2
712,139,2,2
712,140,2,2
712,141,2,2
712,142,2,2
712,143,2,2
712,144,2,2
712,145,2,2
712,146,2,2
712,147,2,2
712,148,2,2
712,149,2,2
712,150,2,2
712,151,2,2
712,152,2,2
712,153,2,2
712,154,2,2
712,155,2,2
712,156,2,2
712,157,2,2
712,158,2,2
712,159,2,2
712,160,2,2
712,161,2,2
712,162,2,2
712,163,2,2
712,164,2,2
712,165,2,2
712,166,2,2
712,167,2,2
712,168,2,2
712,169,2,2
712,170,2,2
712,171,2,2
712,172,2,2
712,173,2,2
712,174,2,2
712,175,2,2
712,176,2,2
712,177,2,2
712,178,2,2
712,179,2,2
712,180,2,2
712,181,2,2
712,182,2,2
712,183,2,2
712,184,2,2
712,185,2,2
712,186,2,2
712,187,2,2
712,188,2,2
712,189,2,2
712,190,2,2
712,191,2,2
712,192,2,2
712,193,2,2
712,194,2,2
712,195,2,2
712,196,2,2
712,197,2,2
712,198,2,2
712,199,2,2
712,200,2,2
712,201,2,2
712,202,2,2
712,203,2,2
712,204,2,2
712,205,2,2
712,206,2,2
712,207,2,2
712,208,2,2
712,209,2,2
712,210,2,2
712,211,2,2
712,212,2,2
712,213,2,2
712,214,2,3
712,215,2,3
712,216,2,3
712,217,2,3
712,218,2,3
712,219,2,3
712,220,2,3
712,221,2,2
712,222,2,2
712,223,2,2
712,224,2,2
712,225,2,2
712,226,2,2
712,227,2,2
712,228,2,2
712,229,2,2
712,230,2,2
712,231,2,2
712,232,2,2
712,233,2,2
712,234,2,2
712,235,2,2
712,236,2,2
712,237,2,2
712,238,2,2
712,239,2,2
712,240,2,2
712,241,2,2
712,242,2,2
712,243,2,2
712,244,2,2
712,245,2,2
712,246,2,2
712,247,2,2
712,248,2,2
712,249,2,2
712,250,2,2
712,251,2,2
712,252,2,2
712,253,2,2
712,254,2,2
712,255,2,2
712,256,2,2
712,257,2,2
712,258,2,2
712,259,2,2
712,260,2,2
712,261,2,2
712,262,2,2
712,263,2,2
712,264,2,2
712,265,2,2
712,266,2,2
712,267,2,2
712,268,2,2
712,269,2,2
712,270,2,2
712,271,2,2
712,272,2,2
712,273,2,2
712,274,2,2
712,275,2,2
712,276,2,2
712,277,2,2
712,278,2,2
712,279,2,2
712,280,2,2
712,281,2,2
712,282,2,2
712,283,2,2
712,284,2,2
712,285,2,2
712,286,2,2
712,287,2,2
712,288,2,2
712,289,2,2
712,290,2,2
712,291,2,2
712,292,2,2
712,293,2,2
712,294,2,2
712,295,2,2
712,296,2,2
712,297,2,2
712,298,2,2
712,299,2,2
712,300,2,2
712,301,2,2
712,302,2,2
712,303,2,2
712,304,2,2
712,305,2,2
712,306,2,2
712,307,2,2
712,308,2,2
712,309,2,2
712,310,2,2
712,311,2,2
712,312,2,2
712,313,2,2
712,314,2,2
712,315,2,2
712,316,2,2
712,317,2,2
712,318,2,2
712,319,2,2
712,320,2,2
712,321,2,2
712,322,2,2
712,323,2,2
712,324,2,2
712,325,2,2
712,326,2,2
712,327,2,2
712,328,2,2
712,329,2,2
712,330,2,2
712,331,2,2
712,332,2,2
712,333,2,2
712,334,2,2
712,335,2,2
712,336,2,2
712,337,2,2
712,338,2,2
712,339,2,2
712,340,2,2
712,341,2,2
712,342,2,2
712,343,2,2
712,344,2,2
712,345,2,2
712,346,2,2
712,347,2,2
712,348,2,2
712,349,2,2
712,350,2,2
712,351,2,2
712,352,2,2
712,353,2,2
712,354,2,2
712,355,2,2
712,356,2,2
712,357,2,2
712,358,2,2
712,359,2,2
712,360,2,2
712,361,2,2
712,362,2,2
712,363,2,2
712,364,2,2
712,365,2,2
712,366,2,2
712,367,2,2
712,368,2,2
712,369,2,2
712,370,2,2
712,371,2,2
712,372,2,2
712,373,2,2
712,374,2,2
712,375,2,2
712,376,2,2
712,377,2,2
712,378,2,2
712,379,2,2
712,380,2,2
712,381,2,2
712,382,2,2
712,383,2,2
712,384,2,2
712,385,2,2
712,386,2,2
712,387,2,2
712,388,2,2
712,389,2,2
712,390,2,2
712,391,2,2
712,392,2,2
712,393,2,2
712,394,2,2
712,395,2,2
712,396,2,2
712,397,2,2
712,398,2,2
712,399,2,2
712,400,2,2
712,401,2,2
712,402,2,2
712,403,2,2
712,404,2,2
712,405,2,2
712,406,2,2
712,407,2,2
712,408,2,2
712,409,2,2
712,410,2,2
712,411,2,2
712,412,2,2
712,413,2,2
712,414,2,2
712,415,2,2
712,416,2,2
712,417,2,3
712,418,2,3
713,33,2,2
713,34,2,2
713,35,2,2
713,36,2,2
713,37,2,2
713,38,2,2
713,39,2,2
713,40,2,2
713,41,2,2
713,42,2,2
713,43,2,2
713,44,2,2
713,45,2,2
713,46,2,2
713,47,2,2
713,48,2,2
713,49,2,2
713,50,2,2
713,51,2,2
713,52,2,2
713,53,2,2
713,54,2,2
713,55,2,2
713,56,2,2
713,57,2,2
713,58,2,2
713,59,2,2
713,60,2,2
713,61,2,2
713,62,2,2
713,63,2,2
713,64,2,2
713,65,2,2
713,66,2,2
713,67,2,2
713,68,2,2
713,69,2,2
713,70,2,2
713,71,2,2
713,72,2,2
713,73,2,2
713,74,2,2
713,75,2,2
713,76,2,2
713,77,2,2
713,78,2,2
713,79,2,2
713,80,2,2
713,81,2,2
713,82,2,2
713,83,2,2
713,84,2,2
713,85,2,2
713,86,2,2
713,87,2,2
713,88,2,2
713,89,2,2
713,90,2,2
713,91,2,2
713,92,2,2
713,93,2,2
713,94,2,2
713,95,2,2
713,96,2,2
713,97,2,2
713,98,2,2
713,99,2,2
713,100,2,2
713,101,2,2
713,102,2,2
713,103,2,2
713,104,2,2
713,105,2,2
713,106,2,2
713,107,2,2
713,108,2,2
713,109,2,2
713,110,2,2
713,111,2,2
713,112,2,2
713,113,2,2
713,114,2,2
713,115,2,2
713,116,2,2
713,117,2,2
713,118,2,2
713,119,2,2
713,120,2,2
713,121,2,2
713,122,2,2
713,123,2,2
713,124,2,2
713,125,2,2
713,126,2,2
713,127,2,2
713,128,2,2
713,129,2,2
713,130,2,2
713,131,2,2
713,132,2,2
713,133,2,2
713,134,2,2
713,135,2,2
713,136,2,2
713,137,2,2
713,138,2,2
713,139,2,2
713,140,2,2
713,141,2,2
713,142,2,2
713,143,2,2
713,144,2,2
713,145,2,2
713,146,2,2
713,147,2,2
713,148,2,2
713,149,2,2
713,150,2,2
713,151,2,2
713,152,2,2
713,153,2,2
713,154,2,2
713,155,2,2
713,156,2,2
713,157,2,2
713,158,2,2
713,159,2,2
713,160,2,2
713,161,2,2
713,162,2,2
713,163,2,2
713,164,2,2
713,165,2,2
713,166,2,2
713,167,2,2
713,168,2,2
713,169,2,2
713,170,2,2
713,171,2,2
713,172,2,2
713,173,2,2
713,174,2,2
713,175,2,2
713,176,2,2
713,177,2,2
713,178,2,2
713,179,2,2
713,180,2,2
713,181,2,2
713,182,2,2
713,183,2,2
713,184,2,2
713,185,2,2
713,186,2,2
713,187,2,2
713,188,2,2
713,189,2,2
713,190,2,2
713,191,2,2
713,192,2,2
713,193,2,2
713,194,2,2
713,195,2,2
713,196,2,2
713,197,2,2
713,198,2,2
713,199,2,2
713,200,2,2
713,201,2,2
713,202,2,2
713,203,2,2
713,204,2,2
713,205,2,2
713,206,2,2
713,207,2,2
713,208,2,2
713,209,2,2
713,210,2,2
713,211,2,2
713,212,2,2
713,213,2,2
713,214,2,2
713,215,2,2
713,216,2,2
713,217,2,3
713,218,2,2
713,219,2,2
713,220,2,2
713,221,2,2
713,222,2,2
713,223,2,2
713,224,2,2
713,225,2,2
713,226,2,2
713,227,2,2
713,228,2,2
713,229,2,2
713,230,2,2
713,231,2,2
713,232,2,2
713,233,2,2
713,234,2,2
713,235,2,2
713,236,2,2
713,237,2,2
713,238,2,2
713,239,2,2
713,240,2,2
713,241,2,2
713,242,2,2
713,243,2,2
713,244,2,2
713,245,2,2
713,246,2,2
713,247,2,2
713,248,2,2
713,249,2,2
713,250,2,2
713,251,2,2
713,252,2,2
713,253,2,2
713,254,2,2
713,255,2,2
713,256,2,2
713,257,2,2
713,258,2,2
713,259,2,2
713,260,2,2
713,261,2,2
713,262,2,2
713,263,2,2
713,264,2,2
713,265,2,2
713,266,2,2
713,267,2,2
713,268,2,2
713,269,2,2
713,270,2,2
713,271,2,2
713,272,2,2
713,273,2,2
713,274,2,2
713,275,2,2
713,276,2,2
713,277,2,2
713,278,2,2
713,279,2,2
713,280,2,2
713,281,2,2
713,282,2,2
713,283,2,2
713,284,2,2
713,285,2,2
713,286,2,2
713,287,2,2
713,288,2,2
713,289,2,2
713,290,2,2
713,291,2,2
713,292,2,2
713,293,2,2
713,294,2,2
713,295,2,2
713,296,2,2
713,297,2,2
713,298,2,2
713,299,2,2
713,300,2,2
713,301,2,2
713,302,2,2
713,303,2,2
713,304,2,2
713,305,2,2
713,306,2,2
713,307,2,2
713,308,2,2
713,309,2,2
713,310,2,2
713,311,2,2
713,312,2,2
713,313,2,2
713,314,2,2
713,315,2,2
713,316,2,2
713,317,2,2
713,318,2,2
713,319,2,2
713,320,2,2
713,321,2,2
713,322,2,2
713,323,2,2
713,324,2,2
713,325,2,2
713,326,2,2
713,327,2,2
713,328,2,2
713,329,2,2
713,330,2,2
713,331,2,2
713,332,2,2
713,333,2,2
713,334,2,2
713,335,2,2
713,336,2,2
713,337,2,2
713,338,2,2
713,339,2,2
713,340,2,2
713,341,2,2
713,342,2,2
713,343,2,2
713,344,2,2
713,345,2,2
713,346,2,2
713,347,2,2
713,348,2,2
713,349,2,2
713,350,2,2
713,351,2,2
713,352,2,2
713,353,2,2
713,354,2,2
713,355,2,2
713,356,2,2
713,357,2,2
713,358,2,2
713,359,2,2
713,360,2,2
713,361,2,2
713,362,2,2
713,363,2,2
713,364,2,2
713,365,2,2
713,366,2,2
713,367,2,2
713,368,2,2
713,369,2,2
713,370,2,2
713,371,2,2
713,372,2,2
713,373,2,2
713,374,2,2
713,375,2,2
713,376,2,2
713,377,2,2
713,378,2,2
713,379,2,2
713,380,2,2
713,381,2,2
713,382,2,2
713,383,2,2
713,384,2,2
713,385,2,2
713,386,2,2
713,387,2,2
713,388,2,2
713,389,2,2
713,390,2,2
713,391,2,2
713,392,2,2
713,393,2,2
713,394,2,2
713,395,2,2
713,396,2,2
713,397,2,2
713,398,2,2
713,399,2,2
713,400,2,2
713,401,2,2
713,402,2,2
713,403,2,2
713,404,2,2
713,405,2,2
713,406,2,2
713,407,2,2
713,408,2,2
713,409,2,2
713,410,2,2
713,411,2,2
713,412,2,2
713,413,2,2
713,414,2,2
713,415,2,2
713,416,2,2
713,417,2,2
713,418,2,3
714,33,2,2
714,34,2,2
714,35,2,2
714,36,2,2
714,37,2,2
714,38,2,2
714,39,2,2
714,40,2,2
714,41,2,2
714,42,2,2
714,43,2,2
714,44,2,2
714,45,2,2
714,46,2,2
714,47,2,2
714,48,2,2
714,49,2,2
714,50,2,2
714,51,2,2
714,52,2,2
714,53,2,2
714,54,2,2
714,55,2,2
714,56,2,2
714,57,2,2
714,58,2,2
714,59,2,2
714,60,2,2
714,61,2,2
714,62,2,2
714,63,2,2
714,64,2,2
714,65,2,2
714,66,2,2
714,67,2,2
714,68,2,2
714,69,2,2
714,70,2,2
714,71,2,2
714,72,2,2
714,73,2,2
714,74,2,2
714,75,2,2
714,76,2,2
714,77,2,2
714,78,2,2
714,79,2,2
714,80,2,2
714,81,2,2
714,82,2,2
714,83,2,2
714,84,2,2
714,85,2,2
714,86,2,2
714,87,2,2
714,88,2,2
714,89,2,2
714,90,2,2
714,91,2,2
714,92,2,2
714,93,2,2
714,94,2,2
714,95,2,2
714,96,2,2
714,97,2,2
714,98,2,2
714,99,2,2
714,100,2,2
714,101,2,2
714,102,2,2
714,103,2,2
714,104,2,2
714,105,2,2
714,106,2,2
714,107,2,2
714,108,2,2
714,109,2,2
714,110,2,2
714,111,2,2
714,112,2,2
714,113,2,2
714,114,2,2
714,115,2,2
714,116,2,2
714,117,2,2
714,118,2,2
714,119,2,2
714,120,2,2
714,121,2,2
714,122,2,2
714,123,2,2
714,124,2,2
714,125,2,2
714,126,2,2
714,127,2,2
714,128,2,2
714,129,2,2
714,130,2,2
714,131,2,2
714,132,2,2
714,133,2,2
714,134,2,2
714,135,2,2
714,136,2,2
714,137,2,2
714,138,2,2
714,139,2,2
714,140,2,2
714,141,2,2
714,142,2,2
714,143,2,2
714,144,2,2
714,145,2,2
714,146,2,2
714,147,2,2
714,148,2,2
714,149,2,2
714,150,2,2
714,151,2,2
714,152,2,2
714,153,2,2
714,154,2,2
714,155,2,2
714,156,2,2
714,157,2,2
714,158,2,2
714,159,2,2
714,160,2,2
714,161,2,2
714,162,2,2
714,163,2,2
714,164,2,2
714,165,2,2
714,166,2,2
714,167,2,2
714,168,2,2
714,169,2,2
714,170,2,2
714,171,2,2
714,172,2,2
714,173,2,2
714,174,2,2
714,175,2,2
714,176,2,2
714,177,2,2
714,178,2,2
714,179,2,2
714,180,2,2
714,181,2,2
714,182,2,2
714,183,2,2
714,184,2,2
714,185,2,2
714,186,2,2
714,187,2,2
714,188,2,2
714,189,2,2
714,190,2,2
714,191,2,2
714,192,2,2
714,193,2,2
714,194,2,2
714,195,2,2
714,196,2,2
714,197,2,2
714,198,2,2
714,199,2,2
714,200,2,2
714,201,2,2
714,202,2,2
714,203,2,2
714,204,2,2
714,205,2,2
714,206,2,2
714,207,2,2
714,208,2,2
714,209,2,2
714,210,2,2
714,211,2,2
714,212,2,2
714,213,2,2
714,214,2,2
714,215,2,2
714,216,2,2
714,217,2,2
714,218,2,2
714,219,2,2
714,220,2,2
714,221,2,2
714,222,2,2
714,223,2,2
714,224,2,2
714,225,2,2
714,226,2,2
714,227,2,2
714,228,2,2
714,229,2,2
714,230,2,2
714,231,2,2
714,232,2,2
714,233,2,2
714,234,2,2
714,235,2,2
714,236,2,2
714,237,2,2
714,238,2,2
714,239,2,2
714,240,2,2
714,241,2,2
714,242,2,2
714,243,2,2
714,244,2,2
714,245,2,2
714,246,2,2
714,247,2,2
714,248,2,2
714,249,2,2
714,250,2,2
714,251,2,2
714,252,2,2
714,253,2,2
714,254,2,2
714,255,2,2
714,256,2,2
714,257,2,2
714,258,2,2
714,259,2,2
714,260,2,2
714,261,2,2
714,262,2,2
714,263,2,2
714,264,2,2
714,265,2,2
714,266,2,2
714,267,2,2
714,268,2,2
714,269,2,2
714,270,2,2
714,271,2,2
714,272,2,2
714,273,2,2
714,274,2,2
714,275,2,2
714,276,2,2
714,277,2,2
714,278,2,2
714,279,2,2
714,280,2,2
714,281,2,2
714,282,2,2
714,283,2,2
714,284,2,2
714,285,2,2
714,286,2,2
714,287,2,2
714,288,2,2
714,289,2,2
714,290,2,2
714,291,2,2
714,292,2,2
714,293,2,2
714,294,2,2
714,295,2,2
714,296,2,2
714,297,2,2
714,298,2,2
714,299,2,2
714,300,2,2
714,301,2,2
714,302,2,2
714,303,2,2
714,304,2,2
714,305,2,2
714,306,2,2
714,307,2,2
714,308,2,2
714,309,2,2
714,310,2,2
714,311,2,2
714,312,2,2
714,313,2,2
714,314,2,2
714,315,2,2
714,316,2,2
714,317,2,2
714,318,2,2
714,319,2,2
714,320,2,2
714,321,2,2
714,322,2,2
714,323,2,2
714,324,2,2
714,325,2,2
714,326,2,2
714,327,2,2
714,328,2,2
714,329,2,2
714,330,2,2
714,331,2,2
714,332,2,2
714,333,2,2
714,334,2,2
714,335,2,2
714,336,2,2
714,337,2,2
714,338,2,2
714,339,2,2
714,340,2,2
714,341,2,2
714,342,2,2
714,343,2,2
714,344,2,2
714,345,2,2
714,346,2,2
714,347,2,2
714,348,2,2
714,349,2,2
714,350,2,2
714,351,2,2
714,352,2,2
714,353,2,2
714,354,2,2
714,355,2,2
714,356,2,2
714,357,2,2
714,358,2,2
714,359,2,2
714,360,2,2
714,361,2,2
714,362,2,2
714,363,2,2
714,364,2,2
714,365,2,2
714,366,2,2
714,367,2,2
714,368,2,2
714,369,2,2
714,370,2,2
714,371,2,2
714,372,2,2
714,373,2,2
714,374,2,2
714,375,2,2
714,376,2,2
714,377,2,2
714,378,2,2
714,379,2,2
714,380,2,2
714,381,2,2
714,382,2,2
714,383,2,2
714,384,2,2
714,385,2,2
714,386,2,2
714,387,2,2
714,388,2,2
714,389,2,2
714,390,2,2
714,391,2,2
714,392,2,2
714,393,2,2
714,394,2,2
714,395,2,2
714,396,2,2
714,397,2,2
714,398,2,2
714,399,2,2
714,400,2,2
714,401,2,2
714,402,2,2
714,403,2,2
714,404,2,2
714,405,2,2
714,406,2,2
714,407,2,2
714,408,2,2
714,409,2,2
714,410,2,2
714,411,2,2
714,412,2,2
714,413,2,2
714,414,2,2
714,415,2,2
714,416,2,2
714,417,2,2
714,418,2,3
714,419,2,3
715,33,2,2
715,34,2,2
715,35,2,2
715,36,2,2
715,37,2,2
715,38,2,2
715,39,2,2
715,40,2,2
715,41,2,2
715,42,2,2
715,43,2,2
715,44,2,2
715,45,2,2
715,46,2,2
715,47,2,2
715,48,2,2
715,49,2,2
715,50,2,2
715,51,2,2
715,52,2,2
715,53,2,2
715,54,2,2
715,55,2,2
715,56,2,2
715,57,2,2
715,58,2,2
715,59,2,2
715,60,2,2
715,61,2,2
715,62,2,2
715,63,2,2
715,64,2,2
715,65,2,2
715,66,2,2
715,67,2,2
715,68,2,2
715,69,2,2
715,70,2,2
715,71,2,2
715,72,2,2
715,73,2,2
715,74,2,2
715,75,2,2
715,76,2,2
715,77,2,2
715,78,2,2
715,79,2,2
715,80,2,2
715,81,2,2
715,82,2,2
715,83,2,2
715,84,2,2
715,85,2,2
715,86,2,2
715,87,2,2
715,88,2,2
715,89,2,2
715,90,2,2
715,91,2,2
715,92,2,2
715,93,2,2
715,94,2,2
715,95,2,2
715,96,2,2
715,97,2,2
715,98,2,2
715,99,2,2
715,100,2,2
715,101,2,2
715,102,2,2
715,103,2,2
715,104,2,2
715,105,2,2
715,106,2,2
715,107,2,2
715,108,2,2
715,109,2,2
715,110,2,2
715,111,2,2
715,112,2,2
715,113,2,2
715,114,2,2
715,115,2,2
715,116,2,2
715,117,2,2
715,118,2,2
715,119,2,2
715,120,2,2
715,121,2,2
715,122,2,2
715,123,2,2
715,124,2,2
715,125,2,2
715,126,2,2
715,127,2,2
715,128,2,2
715,129,2,2
715,130,2,2
715,131,2,2
715,132,2,2
715,133,2,2
715,134,2,2
715,135,2,2
715,136,2,2
715,137,2,2
715,138,2,2
715,139,2,2
715,140,2,2
715,141,2,2
715,142,2,2
715,143,2,2
715,144,2,2
715,145,2,2
715,146,2,2
715,147,2,2
715,148,2,2
715,149,2,2
715,150,2,2
715,151,2,2
715,152,2,2
715,153,2,2
715,154,2,2
715,155,2,2
715,156,2,2
715,157,2,2
715,158,2,2
715,159,2,2
715,160,2,2
715,161,2,2
715,162,2,2
715,163,2,2
715,164,2,2
715,165,2,2
715,166,2,2
715,167,2,2
715,168,2,2
715,169,2,2
715,170,2,2
715,171,2,2
715,172,2,2
715,173,2,2
715,174,2,2
715,175,2,2
715,176,2,2
715,177,2,2
715,178,2,2
715,179,2,2
715,180,2,2
715,181,2,2
715,182,2,2
715,183,2,2
715,184,2,2
715,185,2,2
715,186,2,2
715,187,2,2
715,188,2,2
715,189,2,2
715,190,2,2
715,191,2,2
715,192,2,2
715,193,2,2
715,194,2,2
715,195,2,2
715,196,2,2
715,197,2,2
715,198,2,2
715,199,2,2
715,200,2,2
715,201,2,2
715,202,2,2
715,203,2,2
715,204,2,2
715,205,2,2
715,206,2,2
715,207,2,2
715,208,2,2
715,209,2,2
715,210,2,2
715,211,2,2
715,212,2,2
715,213,2,2
715,214,2,2
715,215,2,2
715,216,2,2
715,217,2,2
715,218,2,2
715,219,2,2
715,220,2,2
715,221,2,2
715,222,2,2
715,223,2,2
715,224,2,2
715,225,2,2
715,226,2,2
715,227,2,2
715,228,2,2
715,229,2,2
715,230,2,2
715,231,2,2
715,232,2,2
715,233,2,2
715,234,2,2
715,235,2,2
715,236,2,2
715,237,2,2
715,238,2,2
715,239,2,2
715,240,2,2
715,241,2,2
715,242,2,2
715,243,2,2
715,244,2,2
715,245,2,2
715,246,2,2
715,247,2,2
715,248,2,2
715,249,2,2
715,250,2,2
715,251,2,2
715,252,2,2
715,253,2,2
715,254,2,2
715,255,2,2
715,256,2,2
715,257,2,2
715,258,2,2
715,259,2,2
715,260,2,2
715,261,2,2
715,262,2,2
715,263,2,2
715,264,2,2
715,265,2,2
715,266,2,2
715,267,2,2
715,268,2,2
715,269,2,2
715,270,2,2
715,271,2,2
715,272,2,2
715,273,2,2
715,274,2,2
715,275,2,2
715,276,2,2
715,277,2,2
715,278,2,2
715,279,2,2
715,280,2,2
715,281,2,2
715,282,2,2
715,283,2,2
715,284,2,2
715,285,2,2
715,286,2,2
715,287,2,2
715,288,2,2
715,289,2,2
715,290,2,2
715,291,2,2
715,292,2,2
715,293,2,2
715,294,2,2
715,295,2,2
715,296,2,2
715,297,2,2
715,298,2,2
715,299,2,2
715,300,2,2
715,301,2,2
715,302,2,2
715,303,2,2
715,304,2,2
715,305,2,2
715,306,2,2
715,307,2,2
715,308,2,2
715,309,2,2
715,310,2,2
715,311,2,2
715,312,2,2
715,313,2,2
715,314,2,2
715,315,2,2
715,316,2,2
715,317,2,2
715,318,2,2
715,319,2,2
715,320,2,2
715,321,2,2
715,322,2,2
715,323,2,2
715,324,2,2
715,325,2,2
715,326,2,2
715,327,2,2
715,328,2,2
715,329,2,2
715,330,2,2
715,331,2,2
715,332,2,2
715,333,2,2
715,334,2,2
715,335,2,2
715,336,2,2
715,337,2,2
715,338,2,2
715,339,2,2
715,340,2,2
715,341,2,2
715,342,2,2
715,343,2,2
715,344,2,2
715,345,2,2
715,346,2,2
715,347,2,2
715,348,2,2
715,349,2,2
715,350,2,2
715,351,2,2
715,352,2,2
715,353,2,2
715,354,2,2
715,355,2,2
715,356,2,2
715,357,2,2
715,358,2,2
715,359,2,2
715,360,2,2
715,361,2,2
715,362,2,2
715,363,2,2
715,364,2,2
715,365,2,2
715,366,2,2
715,367,2,2
715,368,2,2
715,369,2,2
715,370,2,2
715,371,2,2
715,372,2,2
715,373,2,2
715,374,2,2
715,375,2,2
715,376,2,2
715,377,2,2
715,378,2,2
715,379,2,2
715,380,2,2
715,381,2,2
715,382,2,2
715,383,2,2
715,384,2,2
715,385,2,2
715,386,2,2
715,387,2,2
715,388,2,2
715,389,2,2
715,390,2,2
715,391,2,2
715,392,2,2
715,393,2,2
715,394,2,2
715,395,2,2
715,396,2,2
715,397,2,2
715,398,2,2
715,399,2,2
715,400,2,2
715,401,2,2
715,402,2,2
715,403,2,2
715,404,2,2
715,405,2,2
715,406,2,2
715,407,2,2
715,408,2,2
715,409,2,2
715,410,2,2
715,411,2,2
715,412,2,2
715,413,2,2
715,414,2,2
715,415,2,2
715,416,2,2
715,417,2,2
715,418,2,2
715,419,2,3
716,32,2,3
716,33,2,2
716,34,2,2
716,35,2,2
716,36,2,2
716,37,2,2
716,38,2,2
716,39,2,2
716,40,2,2
716,41,2,2
716,42,2,2
716,43,2,2
716,44,2,2
716,45,2,2
716,46,2,2
716,47,2,2
716,48,2,2
716,49,2,2
716,50,2,2
716,51,2,2
716,52,2,2
716,53,2,2
716,54,2,2
716,55,2,2
716,56,2,2
716,57,2,2
716,58,2,2
716,59,2,2
716,60,2,2
716,61,2,2
716,62,2,2
716,63,2,2
716,64,2,2
716,65,2,2
716,66,2,2
716,67,2,2
716,68,2,2
716,69,2,2
716,70,2,2
716,71,2,2
716,72,2,2
716,73,2,2
716,74,2,2
716,75,2,2
716,76,2,2
716,77,2,2
716,78,2,2
716,79,2,2
716,80,2,2
716,81,2,2
716,82,2,2
716,83,2,2
716,84,2,2
716,85,2,2
716,86,2,2
716,87,2,2
716,88,2,2
716,89,2,2
716,90,2,2
716,91,2,2
716,92,2,2
716,93,2,2
716,94,2,2
716,95,2,2
716,96,2,2
716,97,2,2
716,98,2,2
716,99,2,2
716,100,2,2
716,101,2,2
716,102,2,2
716,103,2,2
716,104,2,2
716,105,2,2
716,106,2,2
716,107,2,2
716,108,2,2
716,109,2,2
716,110,2,2
716,111,2,2
716,112,2,2
716,113,2,2
716,114,2,2
716,115,2,2
716,116,2,2
716,117,2,2
716,118,2,2
716,119,2,2
716,120,2,2
716,121,2,2
716,122,2,2
716,123,2,2
716,124,2,2
716,125,2,2
716,126,2,2
716,127,2,2
716,128,2,2
716,129,2,2
716,130,2,2
716,131,2,2
716,132,2,2
716,133,2,2
716,134,2,2
716,135,2,2
716,136,2,2
716,137,2,2
716,138,2,2
716,139,2,2
716,140,2,2
716,141,2,2
716,142,2,2
716,143,2,2
716,144,2,2
716,145,2,2
716,146,2,2
716,147,2,2
716,148,2,2
716,149,2,2
716,150,2,2
716,151,2,2
716,152,2,2
716,153,2,2
716,154,2,2
716,155,2,2
716,156,2,2
716,157,2,2
716,158,2,2
716,159,2,2
716,160,2,2
716,161,2,2
716,162,2,2
716,163,2,2
716,164,2,2
716,165,2,2
716,166,2,2
716,167,2,2
716,168,2,2
716,169,2,2
716,170,2,2
716,171,2,2
716,172,2,2
716,173,2,2
716,174,2,2
716,175,2,2
716,176,2,2
716,177,2,2
716,178,2,2
716,179,2,2
716,180,2,2
716,181,2,2
716,182,2,2
716,183,2,2
716,184,2,2
716,185,2,2
716,186,2,2
716,187,2,2
716,188,2,2
716,189,2,2
716,190,2,2
716,191,2,2
716,192,2,2
716,193,2,2
716,194,2,2
716,195,2,2
716,196,2,2
716,197,2,2
716,198,2,2
716,199,2,2
716,200,2,2
716,201,2,2
716,202,2,2
716,203,2,2
716,204,2,2
716,205,2,2
716,206,2,2
716,207,2,2
716,208,2,2
716,209,2,2
716,210,2,2
716,211,2,2
716,212,2,2
716,213,2,2
716,214,2,2
716,215,2,2
716,216,2,2
716,217,2,2
716,218,2,2
716,219,2,2
716,220,2,2
716,221,2,2
716,222,2,2
716,223,2,2
716,224,2,2
716,225,2,2
716,226,2,2
716,227,2,2
716,228,2,2
716,229,2,2
716,230,2,2
716,231,2,2
716,232,2,2
716,233,2,2
716,234,2,2
716,235,2,2
716,236,2,2
716,237,2,2
716,238,2,2
716,239,2,2
716,240,2,2
716,241,2,2
716,242,2,2
716,243,2,2
716,244,2,2
716,245,2,2
716,246,2,2
716,247,2,2
716,248,2,2
716,249,2,2
716,250,2,2
716,251,2,2
716,252,2,2
716,253,2,2
716,254,2,2
716,255,2,2
716,256,2,2
716,257,2,2
716,258,2,2
716,259,2,2
716,260,2,2
716,261,2,2
716,262,2,2
716,263,2,2
716,264,2,2
716,265,2,2
716,266,2,2
716,267,2,2
716,268,2,2
716,269,2,2
716,270,2,2
716,271,2,2
716,272,2,2
716,273,2,2
716,274,2,2
716,275,2,2
716,276,2,2
716,277,2,2
716,278,2,2
716,279,2,2
716,280,2,2
716,281,2,2
716,282,2,2
716,283,2,2
716,284,2,2
716,285,2,2
716,286,2,2
716,287,2,2
716,288,2,2
716,289,2,2
716,290,2,2
716,291,2,2
716,292,2,2
716,293,2,2
716,294,2,2
716,295,2,2
716,296,2,2
716,297,2,2
716,298,2,2
716,299,2,2
716,300,2,2
716,301,2,2
716,302,2,2
716,303,2,2
716,304,2,2
716,305,2,2
716,306,2,2
716,307,2,2
716,308,2,2
716,309,2,2
716,310,2,2
716,311,2,2
716,312,2,2
716,313,2,2
716,314,2,2
716,315,2,2
716,316,2,2
716,317,2,2
716,318,2,2
716,319,2,2
716,320,2,2
716,321,2,2
716,322,2,2
716,323,2,2
716,324,2,2
716,325,2,2
716,326,2,2
716,327,2,2
716,328,2,2
716,329,2,2
716,330,2,2
716,331,2,2
716,332,2,2
716,333,2,2
716,334,2,2
716,335,2,2
716,336,2,2
716,337,2,2
716,338,2,2
716,339,2,2
716,340,2,2
716,341,2,2
716,342,2,2
716,343,2,2
716,344,2,2
716,345,2,2
716,346,2,2
716,347,2,2
716,348,2,2
716,349,2,2
716,350,2,2
716,351,2,2
716,352,2,2
716,353,2,2
716,354,2,2
716,355,2,2
716,356,2,2
716,357,2,2
716,358,2,2
716,359,2,2
716,360,2,2
716,361,2,2
716,362,2,2
716,363,2,2
716,364,2,2
716,365,2,2
716,366,2,2
716,367,2,2
716,368,2,2
716,369,2,2
716,370,2,2
716,371,2,2
716,372,2,2
716,373,2,2
716,374,2,2
716,375,2,2
716,376,2,2
716,377,2,2
716,378,2,2
716,379,2,2
716,380,2,2
716,381,2,2
716,382,2,2
716,383,2,2
716,384,2,2
716,385,2,2
716,386,2,2
716,387,2,2
716,388,2,2
716,389,2,2
716,390,2,2
716,391,2,2
716,392,2,2
716,393,2,2
716,394,2,2
716,395,2,2
716,396,2,2
716,397,2,2
716,398,2,2
716,399,2,2
716,400,2,2
716,401,2,2
716,402,2,2
716,403,2,2
716,404,2,2
716,405,2,2
716,406,2,2
716,407,2,2
716,408,2,2
716,409,2,2
716,410,2,2
716,411,2,2
716,412,2,2
716,413,2,2
716,414,2,2
716,415,2,2
716,416,2,2
716,417,2,2
716,418,2,2
716,419,2,3
716,420,2,3
717,32,2,2
717,33,2,2
717,34,2,2
717,35,2,2
717,36,2,2
717,37,2,2
717,38,2,2
717,39,2,2
717,40,2,2
717,41,2,2
717,42,2,2
717,43,2,2
717,44,2,2
717,45,2,2
717,46,2,2
717,47,2,2
717,48,2,2
717,49,2,2
717,50,2,2
717,51,2,2
717,52,2,2
717,53,2,2
717,54,2,2
717,55,2,2
717,56,2,2
717,57,2,2
717,58,2,2
717,59,2,2
717,60,2,2
717,61,2,2
717,62,2,2
717,63,2,2
717,64,2,2
717,65,2,2
717,66,2,2
717,67,2,2
717,68,2,2
717,69,2,2
717,70,2,2
717,71,2,2
717,72,2,2
717,73,2,2
717,74,2,2
717,75,2,2
717,76,2,2
717,77,2,2
717,78,2,2
717,79,2,2
717,80,2,2
717,81,2,2
717,82,2,2
717,83,2,2
717,84,2,2
717,85,2,2
717,86,2,2
717,87,2,2
717,88,2,2
717,89,2,2
717,90,2,2
717,91,2,2
717,92,2,2
717,93,2,2
717,94,2,2
717,95,2,2
717,96,2,2
717,97,2,2
717,98,2,2
717,99,2,2
717,100,2,2
717,101,2,2
717,102,2,2
717,103,2,2
717,104,2,2
717,105,2,2
717,106,2,2
717,107,2,2
717,108,2,2
717,109,2,2
717,110,2,2
717,111,2,2
717,112,2,2
717,113,2,2
717,114,2,2
717,115,2,2
717,116,2,2
717,117,2,2
717,118,2,2
717,119,2,2
717,120,2,2
717,121,2,2
717,122,2,2
717,123,2,2
717,124,2,2
717,125,2,2
717,126,2,2
717,127,2,2
717,128,2,2
717,129,2,2
717,130,2,2
717,131,2,2
717,132,2,2
717,133,2,2
717,134,2,2
717,135,2,2
717,136,2,2
717,137,2,2
717,138,2,2
717,139,2,2
717,140,2,2
717,141,2,2
717,142,2,2
717,143,2,2
717,144,2,2
717,145,2,2
717,146,2,2
717,147,2,2
717,148,2,2
717,149,2,2
717,150,2,2
717,151,2,2
717,152,2,2
717,153,2,2
717,154,2,2
717,155,2,2
717,156,2,2
717,157,2,2
717,158,2,2
717,159,2,2
717,160,2,2
717,161,2,2
717,162,2,2
717,163,2,2
717,164,2,2
717,165,2,2
717,166,2,2
717,167,2,2
717,168,2,2
717,169,2,2
717,170,2,2
717,171,2,2
717,172,2,2
717,173,2,2
717,174,2,2
717,175,2,2
717,176,2,2
717,177,2,2
717,178,2,2
717,179,2,2
717,180,2,2
717,181,2,2
717,182,2,2
717,183,2,2
717,184,2,2
717,185,2,2
717,186,2,2
717,187,2,2
717,188,2,2
717,189,2,2
717,190,2,2
717,191,2,2
717,192,2,2
717,193,2,2
717,194,2,2
717,195,2,2
717,196,2,2
717,197,2,2
717,198,2,2
717,199,2,2
717,200,2,2
717,201,2,2
717,202,2,2
717,203,2,2
717,204,2,2
717,205,2,2
717,206,2,2
717,207,2,2
717,208,2,2
717,209,2,2
717,210,2,2
717,211,2,2
717,212,2,2
717,213,2,2
717,214,2,2
717,215,2,2
717,216,2,2
717,217,2,2
717,218,2,2
717,219,2,2
717,220,2,2
717,221,2,2
717,222,2,2
717,223,2,2
717,224,2,2
717,225,2,2
717,226,2,2
717,227,2,2
717,228,2,2
717,229,2,2
717,230,2,2
717,231,2,2
717,232,2,2
717,233,2,2
717,234,2,2
717,235,2,2
717,236,2,2
717,237,2,2
717,238,2,2
717,239,2,2
717,240,2,2
717,241,2,2
717,242,2,2
717,243,2,2
717,244,2,2
717,245,2,2
717,246,2,2
717,247,2,2
717,248,2,2
717,249,2,2
717,250,2,2
717,251,2,2
717,252,2,2
717,253,2,2
717,254,2,2
717,255,2,2
717,256,2,2
717,257,2,2
717,258,2,2
717,259,2,2
717,260,2,2
717,261,2,2
717,262,2,2
717,263,2,2
717,264,2,2
717,265,2,2
717,266,2,2
717,267,2,2
717,268,2,2
717,269,2,2
717,270,2,2
717,271,2,2
717,272,2,2
717,273,2,2
717,274,2,2
717,275,2,2
717,276,2,2
717,277,2,2
717,278,2,2
717,279,2,2
717,280,2,2
717,281,2,2
717,282,2,2
717,283,2,2
717,284,2,2
717,285,2,2
717,286,2,2
717,287,2,2
717,288,2,2
717,289,2,2
717,290,2,2
717,291,2,2
717,292,2,2
717,293,2,2
717,294,2,2
717,295,2,2
717,296,2,2
717,297,2,2
717,298,2,2
717,299,2,2
717,300,2,2
717,301,2,2
717,302,2,2
717,303,2,2
717,304,2,2
717,305,2,2
717,306,2,2
717,307,2,2
717,308,2,2
717,309,2,2
717,310,2,2
717,311,2,2
717,312,2,2
717,313,2,2
717,314,2,2
717,315,2,2
717,316,2,2
717,317,2,2
717,318,2,2
717,319,2,2
717,320,2,2
717,321,2,2
717,322,2,2
717,323,2,2
717,324,2,2
717,325,2,2
717,326,2,2
717,327,2,2
717,328,2,2
717,329,2,2
717,330,2,2
717,331,2,2
717,332,2,2
717,333,2,2
717,334,2,2
717,335,2,2
717,336,2,2
717,337,2,2
717,338,2,2
717,339,2,2
717,340,2,2
717,341,2,2
717,342,2,2
717,343,2,2
717,344,2,2
717,345,2,2
717,346,2,2
717,347,2,2
717,348,2,2
717,349,2,2
717,350,2,2
717,351,2,2
717,352,2,2
717,353,2,2
717,354,2,2
717,355,2,2
717,356,2,2
717,357,2,2
717,358,2,2
717,359,2,2
717,360,2,2
717,361,2,2
717,362,2,2
717,363,2,2
717,364,2,2
717,365,2,2
717,366,2,2
717,367,2,2
717,368,2,2
717,369,2,2
717,370,2,2
717,371,2,2
717,372,2,2
717,373,2,2
717,374,2,2
717,375,2,2
717,376,2,2
717,377,2,2
717,378,2,2
717,379,2,2
717,380,2,2
717,381,2,2
717,382,2,2
717,383,2,2
717,384,2,2
717,385,2,2
717,386,2,2
717,387,2,2
717,388,2,2
717,389,2,2
717,390,2,2
717,391,2,2
717,392,2,2
717,393,2,2
717,394,2,2
717,395,2,2
717,396,2,2
717,397,2,2
717,398,2,2
717,399,2,2
717,400,2,2
717,401,2,2
717,402,2,2
717,403,2,2
717,404,2,2
717,405,2,2
717,406,2,2
717,407,2,2
717,408,2,2
717,409,2,2
717,410,2,2
717,411,2,2
717,412,2,2
717,413,2,2
717,414,2,2
717,415,2,2
717,416,2,2
717,417,2,2
717,418,2,2
717,419,2,2
717,420,2,3
718,32,2,2
718,33,2,2
718,34,2,2
718,35,2,2
718,36,2,2
718,37,2,2
718,38,2,2
718,39,2,2
718,40,2,2
718,41,2,2
718,42,2,2
718,43,2,2
718,44,2,2
718,45,2,2
718,46,2,2
718,47,2,2
718,48,2,2
718,49,2,2
718,50,2,2
718,51,2,2
718,52,2,2
718,53,2,2
718,54,2,2
718,55,2,2
718,56,2,2
718,57,2,2
718,58,2,2
718,59,2,2
718,60,2,2
718,61,2,2
718,62,2,2
718,63,2,2
718,64,2,2
718,65,2,2
718,66,2,2
718,67,2,2
718,68,2,2
718,69,2,2
718,70,2,2
718,71,2,2
718,72,2,2
718,73,2,2
718,74,2,2
718,75,2,2
718,76,2,2
718,77,2,2
718,78,2,2
718,79,2,2
718,80,2,2
718,81,2,2
718,82,2,2
718,83,2,2
718,84,2,2
718,85,2,2
718,86,2,2
718,87,2,2
718,88,2,2
718,89,2,2
718,90,2,2
718,91,2,2
718,92,2,2
718,93,2,2
718,94,2,2
718,95,2,2
718,96,2,2
718,97,2,2
718,98,2,2
718,99,2,2
718,100,2,2
718,101,2,2
718,102,2,2
718,103,2,2
718,104,2,2
718,105,2,2
718,106,2,2
718,107,2,2
718,108,2,2
718,109,2,2
718,110,2,2
718,111,2,2
718,112,2,2
718,113,2,2
718,114,2,2
718,115,2,2
718,116,2,2
718,117,2,2
718,118,2,2
718,119,2,2
718,120,2,2
718,121,2,2
718,122,2,2
718,123,2,2
718,124,2,2
718,125,2,2
718,126,2,2
718,127,2,2
718,128,2,2
718,129,2,2
718,130,2,2
718,131,2,2
718,132,2,2
718,133,2,2
718,134,2,2
718,135,2,2
718,136,2,2
718,137,2,2
718,138,2,2
718,139,2,2
718,140,2,2
718,141,2,2
718,142,2,2
718,143,2,2
718,144,2,2
718,145,2,2
718,146,2,2
718,147,2,2
718,148,2,2
718,149,2,2
718,150,2,2
718,151,2,2
718,152,2,2
718,153,2,2
718,154,2,2
718,155,2,2
718,156,2,2
718,157,2,2
718,158,2,2
718,159,2,2
718,160,2,2
718,161,2,2
718,162,2,2
718,163,2,2
718,164,2,2
718,165,2,2
718,166,2,2
718,167,2,2
718,168,2,2
718,169,2,2
718,170,2,2
718,171,2,2
718,172,2,2
718,173,2,2
718,174,2,2
718,175,2,2
718,176,2,2
718,177,2,2
718,178,2,2
718,179,2,2
718,180,2,2
718,181,2,2
718,182,2,2
718,183,2,2
718,184,2,2
718,185,2,2
718,186,2,2
718,187,2,2
718,188,2,2
718,189,2,2
718,190,2,2
718,191,2,2
718,192,2,2
718,193,2,2
718,194,2,2
718,195,2,2
718,196,2,2
718,197,2,2
718,198,2,2
718,199,2,2
718,200,2,2
718,201,2,2
718,202,2,2
718,203,2,2
718,204,2,2
718,205,2,2
718,206,2,2
718,207,2,2
718,208,2,2
718,209,2,2
718,210,2,2
718,211,2,2
718,212,2,2
718,213,2,2
718,214,2,2
718,215,2,2
718,216,2,2
718,217,2,2
718,218,2,2
718,219,2,2
718,220,2,2
718,221,2,2
718,222,2,2
718,223,2,2
718,224,2,2
718,225,2,2
718,226,2,2
718,227,2,2
718,228,2,2
718,229,2,2
718,230,2,2
718,231,2,2
718,232,2,2
718,233,2,2
718,234,2,2
718,235,2,2
718,236,2,2
718,237,2,2
718,238,2,2
718,239,2,2
718,240,2,2
718,241,2,2
718,242,2,2
718,243,2,2
718,244,2,2
718,245,2,2
718,246,2,2
718,247,2,2
718,248,2,2
718,249,2,2
718,250,2,2
718,251,2,2
718,252,2,2
718,253,2,2
718,254,2,2
718,255,2,2
718,256,2,2
718,257,2,2
718,258,2,2
718,259,2,2
718,260,2,2
718,261,2,2
718,262,2,2
718,263,2,2
718,264,2,2
718,265,2,2
718,266,2,2
718,267,2,2
718,268,2,2
718,269,2,2
718,270,2,2
718,271,2,2
718,272,2,2
718,273,2,2
718,274,2,2
718,275,2,2
718,276,2,2
718,277,2,2
718,278,2,2
718,279,2,2
718,280,2,2
718,281,2,2
718,282,2,2
718,283,2,2
718,284,2,2
718,285,2,2
718,286,2,2
718,287,2,2
718,288,2,2
718,289,2,2
718,290,2,2
718,291,2,2
718,292,2,2
718,293,2,2
718,294,2,2
718,295,2,2
718,296,2,2
718,297,2,2
718,298,2,2
718,299,2,2
718,300,2,2
718,301,2,2
718,302,2,2
718,303,2,2
718,304,2,2
718,305,2,2
718,306,2,2
718,307,2,2
718,308,2,2
718,309,2,2
718,310,2,2
718,311,2,2
718,312,2,2
718,313,2,2
718,314,2,2
718,315,2,2
718,316,2,2
718,317,2,2
718,318,2,2
718,319,2,2
718,320,2,2
718,321,2,2
718,322,2,2
718,323,2,2
718,324,2,2
718,325,2,2
718,326,2,2
718,327,2,2
718,328,2,2
718,329,2,2
718,330,2,2
718,331,2,2
718,332,2,2
718,333,2,2
718,334,2,2
718,335,2,2
718,336,2,2
718,337,2,2
718,338,2,2
718,339,2,2
718,340,2,2
718,341,2,2
718,342,2,2
718,343,2,2
718,344,2,2
718,345,2,2
718,346,2,2
718,347,2,2
718,348,2,2
718,349,2,2
718,350,2,2
718,351,2,2
718,352,2,2
718,353,2,2
718,354,2,2
718,355,2,2
718,356,2,2
718,357,2,2
718,358,2,2
718,359,2,2
718,360,2,2
718,361,2,2
718,362,2,2
718,363,2,2
718,364,2,2
718,365,2,2
718,366,2,2
718,367,2,2
718,368,2,2
718,369,2,2
718,370,2,2
718,371,2,2
718,372,2,2
718,373,2,2
718,374,2,2
718,375,2,2
718,376,2,2
718,377,2,2
718,378,2,2
718,379,2,2
718,380,2,2
718,381,2,2
718,382,2,2
718,383,2,2
718,384,2,2
718,385,2,2
718,386,2,2
718,387,2,2
718,388,2,2
718,389,2,2
718,390,2,2
718,391,2,2
718,392,2,2
718,393,2,2
718,394,2,2
718,395,2,2
718,396,2,2
718,397,2,2
718,398,2,2
718,399,2,2
718,400,2,2
718,401,2,2
718,402,2,2
718,403,2,2
718,404,2,2
718,405,2,2
718,406,2,2
718,407,2,2
718,408,2,2
718,409,2,2
718,410,2,2
718,411,2,2
718,412,2,2
718,413,2,2
718,414,2,2
718,415,2,2
718,416,2,2
718,417,2,2
718,418,2,2
718,419,2,2
718,420,2,3
718,421,2,3
719,31,2,2
719,32,2,2
719,33,2,2
719,34,2,2
719,35,2,2
719,36,2,2
719,37,2,2
719,38,2,2
719,39,2,2
719,40,2,2
719,41,2,2
719,42,2,2
719,43,2,2
719,44,2,2
719,45,2,2
719,46,2,2
719,47,2,2
719,48,2,2
719,49,2,2
719,50,2,2
719,51,2,2
719,52,2,2
719,53,2,2
719,54,2,2
719,55,2,2
719,56,2,2
719,57,2,2
719,58,2,2
719,59,2,2
719,60,2,2
719,61,2,2
719,62,2,2
719,63,2,2
719,64,2,2
719,65,2,2
719,66,2,2
719,67,2,2
719,68,2,2
719,69,2,2
719,70,2,2
719,71,2,2
719,72,2,2
719,73,2,2
719,74,2,2
719,75,2,2
719,76,2,2
719,77,2,2
719,78,2,2
719,79,2,2
719,80,2,2
719,81,2,2
719,82,2,2
719,83,2,2
719,84,2,2
719,85,2,2
719,86,2,2
719,87,2,2
719,88,2,2
719,89,2,2
719,90,2,2
719,91,2,2
719,92,2,2
719,93,2,2
719,94,2,2
719,95,2,2
719,96,2,2
719,97,2,2
719,98,2,2
719,99,2,2
719,100,2,2
719,101,2,2
719,102,2,2
719,103,2,2
719,104,2,2
719,105,2,2
719,106,2,2
719,107,2,2
719,108,2,2
719,109,2,2
719,110,2,2
719,111,2,2
719,112,2,2
719,113,2,2
719,114,2,2
719,115,2,2
719,116,2,2
719,117,2,2
719,118,2,2
719,119,2,2
719,120,2,2
719,121,2,2
719,122,2,2
719,123,2,2
719,124,2,2
719,125,2,2
719,126,2,2
719,127,2,2
719,128,2,2
719,129,2,2
719,130,2,2
719,131,2,2
719,132,2,2
719,133,2,2
719,134,2,2
719,135,2,2
719,136,2,2
719,137,2,2
719,138,2,2
719,139,2,2
719,140,2,2
719,141,2,2
719,142,2,2
719,143,2,2
719,144,2,2
719,145,2,2
719,146,2,2
719,147,2,2
719,148,2,2
719,149,2,2
719,150,2,2
719,151,2,2
719,152,2,2
719,153,2,2
719,154,2,2
719,155,2,2
719,156,2,2
719,157,2,2
719,158,2,2
719,159,2,2
719,160,2,2
719,161,2,2
719,162,2,2
719,163,2,2
719,164,2,2
719,165,2,2
719,166,2,2
719,167,2,2
719,168,2,2
719,169,2,2
719,170,2,2
719,171,2,2
719,172,2,2
719,173,2,2
719,174,2,2
719,175,2,2
719,176,2,2
719,177,2,2
719,178,2,2
719,179,2,2
719,180,2,2
719,181,2,2
719,182,2,2
719,183,2,2
719,184,2,2
719,185,2,2
719,186,2,2
719,187,2,2
719,188,2,2
719,189,2,2
719,190,2,2
719,191,2,2
719,192,2,2
719,193,2,2
719,194,2,2
719,195,2,2
719,196,2,2
719,197,2,2
719,198,2,2
719,199,2,2
719,200,2,2
719,201,2,2
719,202,2,2
719,203,2,2
719,204,2,2
719,205,2,2
719,206,2,2
719,207,2,2
719,208,2,2
719,209,2,2
719,210,2,2
719,211,2,2
719,212,2,2
719,213,2,2
719,214,2,2
719,215,2,2
719,216,2,2
719,217,2,2
719,218,2,2
719,219,2,2
719,220,2,2
719,221,2,2
719,222,2,2
719,223,2,2
719,224,2,2
719,225,2,2
719,226,2,2
719,227,2,2
719,228,2,2
719,229,2,2
719,230,2,2
719,231,2,2
719,232,2,2
719,233,2,2
719,234,2,2
719,235,2,2
719,236,2,2
719,237,2,2
719,238,2,2
719,239,2,2
719,240,2,2
719,241,2,2
719,242,2,2
719,243,2,2
719,244,2,2
719,245,2,2
719,246,2,2
719,247,2,2
719,248,2,2
719,249,2,2
719,250,2,2
719,251,2,2
719,252,2,2
719,253,2,2
719,254,2,2
719,255,2,2
719,256,2,2
719,257,2,2
719,258,2,2
719,259,2,2
719,260,2,2
719,261,2,2
719,262,2,2
719,263,2,2
719,264,2,2
719,265,2,2
719,266,2,2
719,267,2,2
719,268,2,2
719,269,2,2
719,270,2,2
719,271,2,2
719,272,2,2
719,273,2,2
719,274,2,2
719,275,2,2
719,276,2,2
719,277,2,2
719,278,2,2
719,279,2,2
719,280,2,2
719,281,2,2
719,282,2,2
719,283,2,2
719,284,2,2
719,285,2,2
719,286,2,2
719,287,2,2
719,288,2,2
719,289,2,2
719,290,2,2
719,291,2,2
719,292,2,2
719,293,2,2
719,294,2,2
719,295,2,2
719,296,2,2
719,297,2,2
719,298,2,2
719,299,2,2
719,300,2,2
719,301,2,2
719,302,2,2
719,303,2,2
719,304,2,2
719,305,2,2
719,306,2,2
719,307,2,2
719,308,2,2
719,309,2,2
719,310,2,2
719,311,2,2
719,312,2,2
719,313,2,2
719,314,2,2
719,315,2,2
719,316,2,2
719,317,2,2
719,318,2,2
719,319,2,2
719,320,2,2
719,321,2,2
719,322,2,2
719,323,2,2
719,324,2,2
719,325,2,2
719,326,2,2
719,327,2,2
719,328,2,2
719,329,2,2
719,330,2,2
719,331,2,2
719,332,2,2
719,333,2,2
719,334,2,2
719,335,2,2
719,336,2,2
719,337,2,2
719,338,2,2
719,339,2,2
719,340,2,2
719,341,2,2
719,342,2,2
719,343,2,2
719,344,2,2
719,345,2,2
719,346,2,2
719,347,2,2
719,348,2,2
719,349,2,2
719,350,2,2
719,351,2,2
719,352,2,2
719,353,2,2
719,354,2,2
719,355,2,2
719,356,2,2
719,357,2,2
719,358,2,2
719,359,2,2
719,360,2,2
719,361,2,2
719,362,2,2
719,363,2,2
719,364,2,2
719,365,2,2
719,366,2,2
719,367,2,2
719,368,2,2
719,369,2,2
719,370,2,2
719,371,2,2
719,372,2,2
719,373,2,2
719,374,2,2
719,375,2,2
719,376,2,2
719,377,2,2
719,378,2,2
719,379,2,2
719,380,2,2
719,381,2,2
719,382,2,2
719,383,2,2
719,384,2,2
719,385,2,2
719,386,2,2
719,387,2,2
719,388,2,2
719,389,2,2
719,390,2,2
719,391,2,2
719,392,2,2
719,393,2,2
719,394,2,2
719,395,2,2
719,396,2,2
719,397,2,2
719,398,2,2
719,399,2,2
719,400,2,2
719,401,2,2
719,402,2,2
719,403,2,2
719,404,2,2
719,405,2,2
719,406,2,2
719,407,2,2
719,408,2,2
719,409,2,2
719,410,2,2
719,411,2,2
719,412,2,2
719,413,2,2
719,414,2,2
719,415,2,2
719,416,2,2
719,417,2,2
719,418,2,2
719,419,2,2
719,420,2,3
719,421,2,3
720,31,2,2
720,32,2,2
720,33,2,2
720,34,2,2
720,35,2,2
720,36,2,2
720,37,2,2
720,38,2,2
720,39,2,2
720,40,2,2
720,41,2,2
720,42,2,2
720,43,2,2
720,44,2,2
720,45,2,2
720,46,2,2
720,47,2,2
720,48,2,2
720,49,2,2
720,50,2,2
720,51,2,2
720,52,2,2
720,53,2,2
720,54,2,2
720,55,2,2
720,56,2,2
720,57,2,2
720,58,2,2
720,59,2,2
720,60,2,2
720,61,2,2
720,62,2,2
720,63,2,2
720,64,2,2
720,65,2,2
720,66,2,2
720,67,2,2
720,68,2,2
720,69,2,2
720,70,2,2
720,71,2,2
720,72,2,2
720,73,2,2
720,74,2,2
720,75,2,2
720,76,2,2
720,77,2,2
720,78,2,2
720,79,2,2
720,80,2,2
720,81,2,2
720,82,2,2
720,83,2,2
720,84,2,2
720,85,2,2
720,86,2,2
720,87,2,2
720,88,2,2
720,89,2,2
720,90,2,2
720,91,2,2
720,92,2,2
720,93,2,2
720,94,2,2
720,95,2,2
720,96,2,2
720,97,2,2
720,98,2,2
720,99,2,2
720,100,2,2
720,101,2,2
720,102,2,2
720,103,2,2
720,104,2,2
720,105,2,2
720,106,2,2
720,107,2,2
720,108,2,2
720,109,2,2
720,110,2,2
720,111,2,2
720,112,2,2
720,113,2,2
720,114,2,2
720,115,2,2
720,116,2,2
720,117,2,2
720,118,2,2
720,119,2,2
720,120,2,2
720,121,2,2
720,122,2,2
720,123,2,2
720,124,2,2
720,125,2,2
720,126,2,2
720,127,2,2
720,128,2,2
720,129,2,2
720,130,2,2
720,131,2,2
720,132,2,2
720,133,2,2
720,134,2,2
720,135,2,2
720,136,2,2
720,137,2,2
720,138,2,2
720,139,2,2
720,140,2,2
720,141,2,2
720,142,2,2
720,143,2,2
720,144,2,2
720,145,2,2
720,146,2,2
720,147,2,2
720,148,2,2
720,149,2,2
720,150,2,2
720,151,2,2
720,152,2,2
720,153,2,2
720,154,2,2
720,155,2,2
720,156,2,2
720,157,2,2
720,158,2,2
720,159,2,2
720,160,2,2
720,161,2,2
720,162,2,2
720,163,2,2
720,164,2,2
720,165,2,2
720,166,2,2
720,167,2,2
720,168,2,2
720,169,2,2
720,170,2,2
720,171,2,2
720,172,2,2
720,173,2,2
720,174,2,2
720,175,2,2
720,176,2,2
720,177,2,2
720,178,2,2
720,179,2,2
720,180,2,2
720,181,2,2
720,182,2,2
720,183,2,2
720,184,2,2
720,185,2,2
720,186,2,2
720,187,2,2
720,188,2,2
720,189,2,2
720,190,2,2
720,191,2,2
720,192,2,2
720,193,2,2
720,194,2,2
720,195,2,2
720,196,2,2
720,197,2,2
720,198,2,2
720,199,2,2
720,200,2,2
720,201,2,2
720,202,2,2
720,203,2,2
720,204,2,2
720,205,2,2
720,206,2,2
720,207,2,2
720,208,2,2
720,209,2,2
720,210,2,2
720,211,2,2
720,212,2,2
720,213,2,2
720,214,2,2
720,215,2,2
720,216,2,2
720,217,2,2
720,218,2,2
720,219,2,2
720,220,2,2
720,221,2,2
720,222,2,2
720,223,2,2
720,224,2,2
720,225,2,2
720,226,2,2
720,227,2,2
720,228,2,2
720,229,2,2
720,230,2,2
720,231,2,2
720,232,2,2
720,233,2,2
720,234,2,2
720,235,2,2
720,236,2,2
720,237,2,2
720,238,2,2
720,239,2,2
720,240,2,2
720,241,2,2
720,242,2,2
720,243,2,2
720,244,2,2
720,245,2,2
720,246,2,2
720,247,2,2
720,248,2,2
720,249,2,2
720,250,2,2
720,251,2,2
720,252,2,2
720,253,2,2
720,254,2,2
720,255,2,2
720,256,2,2
720,257,2,2
720,258,2,2
720,259,2,2
720,260,2,2
720,261,2,2
720,262,2,2
720,263,2,2
720,264,2,2
720,265,2,2
720,266,2,2
720,267,2,2
720,268,2,2
720,269,2,2
720,270,2,2
720,271,2,2
720,272,2,2
720,273,2,2
720,274,2,2
720,275,2,2
720,276,2,2
720,277,2,2
720,278,2,2
720,279,2,2
720,280,2,2
720,281,2,2
720,282,2,2
720,283,2,2
720,284,2,2
720,285,2,2
720,286,2,2
720,287,2,2
720,288,2,2
720,289,2,2
720,290,2,2
720,291,2,2
720,292,2,2
720,293,2,2
720,294,2,2
720,295,2,2
720,296,2,2
720,297,2,2
720,298,2,2
720,299,2,2
720,300,2,2
720,301,2,2
720,302,2,2
720,303,2,2
720,304,2,2
720,305,2,2
720,306,2,2
720,307,2,2
720,308,2,2
720,309,2,2
720,310,2,2
720,311,2,2
720,312,2,2
720,313,2,2
720,314,2,2
720,315,2,2
720,316,2,2
720,317,2,2
720,318,2,2
720,319,2,2
720,320,2,2
720,321,2,2
720,322,2,2
720,323,2,2
720,324,2,2
720,325,2,2
720,326,2,2
720,327,2,2
720,328,2,2
720,329,2,2
720,330,2,2
720,331,2,2
720,332,2,2
720,333,2,2
720,334,2,2
720,335,2,2
720,336,2,2
720,337,2,2
720,338,2,2
720,339,2,2
720,340,2,2
720,341,2,2
720,342,2,2
720,343,2,2
720,344,2,2
720,345,2,2
720,346,2,2
720,347,2,2
720,348,2,2
720,349,2,2
720,350,2,2
720,351,2,2
720,352,2,2
720,353,2,2
720,354,2,2
720,355,2,2
720,356,2,2
720,357,2,2
720,358,2,2
720,359,2,2
720,360,2,2
720,361,2,2
720,362,2,2
720,363,2,2
720,364,2,2
720,365,2,2
720,366,2,2
720,367,2,2
720,368,2,2
720,369,2,2
720,370,2,2
720,371,2,2
720,372,2,2
720,373,2,2
720,374,2,2
720,375,2,2
720,376,2,2
720,377,2,2
720,378,2,2
720,379,2,2
720,380,2,2
720,381,2,2
720,382,2,2
720,383,2,2
720,384,2,2
720,385,2,2
720,386,2,2
720,387,2,2
720,388,2,2
720,389,2,2
720,390,2,2
720,391,2,2
720,392,2,2
720,393,2,2
720,394,2,2
720,395,2,2
720,396,2,2
720,397,2,2
720,398,2,2
720,399,2,2
720,400,2,2
720,401,2,2
720,402,2,2
720,403,2,2
720,404,2,2
720,405,2,2
720,406,2,2
720,407,2,2
720,408,2,2
720,409,2,2
720,410,2,2
720,411,2,2
720,412,2,2
720,413,2,2
720,414,2,2
720,415,2,2
720,416,2,2
720,417,2,2
720,418,2,2
720,419,2,2
720,420,2,3
720,421,2,3
721,31,2,2
721,32,2,2
721,33,2,2
721,34,2,2
721,35,2,2
721,36,2,2
721,37,2,2
721,38,2,2
721,39,2,2
721,40,2,2
721,41,2,2
721,42,2,2
721,43,2,2
721,44,2,2
721,45,2,2
721,46,2,2
721,47,2,2
721,48,2,2
721,49,2,2
721,50,2,2
721,51,2,2
721,52,2,2
721,53,2,2
721,54,2,2
721,55,2,2
721,56,2,2
721,57,2,2
721,58,2,2
721,59,2,2
721,60,2,2
721,61,2,2
721,62,2,2
721,63,2,2
721,64,2,2
721,65,2,2
721,66,2,2
721,67,2,2
721,68,2,2
721,69,2,2
721,70,2,2
721,71,2,2
721,72,2,2
721,73,2,2
721,74,2,2
721,75,2,2
721,76,2,2
721,77,2,2
721,78,2,2
721,79,2,2
721,80,2,2
721,81,2,2
721,82,2,2
721,83,2,2
721,84,2,2
721,85,2,2
721,86,2,2
721,87,2,2
721,88,2,2
721,89,2,2
721,90,2,2
721,91,2,2
721,92,2,2
721,93,2,2
721,94,2,2
721,95,2,2
721,96,2,2
721,97,2,2
721,98,2,2
721,99,2,2
721,100,2,2
721,101,2,2
721,102,2,2
721,103,2,2
721,104,2,2
721,105,2,2
721,106,2,2
721,107,2,2
721,108,2,2
721,109,2,2
721,110,2,2
721,111,2,2
721,112,2,2
721,113,2,2
721,114,2,2
721,115,2,2
721,116,2,2
721,117,2,2
721,118,2,2
721,119,2,2
721,120,2,2
721,121,2,2
721,122,2,2
721,123,2,2
721,124,2,2
721,125,2,2
721,126,2,2
721,127,2,2
721,128,2,2
721,129,2,2
721,130,2,2
721,131,2,2
721,132,2,2
721,133,2,2
721,134,2,2
721,135,2,2
721,136,2,2
721,137,2,2
721,138,2,2
721,139,2,2
721,140,2,2
721,141,2,2
721,142,2,2
721,143,2,2
721,144,2,2
721,145,2,2
721,146,2,2
721,147,2,2
721,148,2,2
721,149,2,2
721,150,2,2
721,151,2,2
721,152,2,2
721,153,2,2
721,154,2,2
721,155,2,2
721,156,2,2
721,157,2,2
721,158,2,2
721,159,2,2
721,160,2,2
721,161,2,2
721,162,2,2
721,163,2,2
721,164,2,2
721,165,2,2
721,166,2,2
721,167,2,2
721,168,2,2
721,169,2,2
721,170,2,2
721,171,2,2
721,172,2,2
721,173,2,2
721,174,2,2
721,175,2,2
721,176,2,2
721,177,2,2
721,178,2,2
721,179,2,2
721,180,2,2
721,181,2,2
721,182,2,2
721,183,2,2
721,184,2,2
721,185,2,2
721,186,2,2
721,187,2,2
721,188,2,2
721,189,2,2
721,190,2,2
721,191,2,2
721,192,2,2
721,193,2,2
721,194,2,2
721,195,2,2
721,196,2,2
721,197,2,2
721,198,2,2
721,199,2,2
721,200,2,2
721,201,2,2
721,202,2,2
721,203,2,2
721,204,2,2
721,205,2,2
721,206,2,2
721,207,2,2
721,208,2,2
721,209,2,2
721,210,2,2
721,211,2,2
721,212,2,2
721,213,2,2
721,214,2,2
721,215,2,2
721,216,2,2
721,217,2,2
721,218,2,2
721,219,2,2
721,220,2,2
721,221,2,2
721,222,2,2
721,223,2,2
721,224,2,2
721,225,2,2
721,226,2,2
721,227,2,2
721,228,2,2
721,229,2,2
721,230,2,2
721,231,2,2
721,232,2,2
721,233,2,2
721,234,2,2
721,235,2,2
721,236,2,2
721,237,2,2
721,238,2,2
721,239,2,2
721,240,2,2
721,241,2,2
721,242,2,2
721,243,2,2
721,244,2,2
721,245,2,2
721,246,2,2
721,247,2,2
721,248,2,2
721,249,2,2
721,250,2,2
721,251,2,2
721,252,2,2
721,253,2,2
721,254,2,2
721,255,2,2
721,256,2,2
721,257,2,2
721,258,2,2
721,259,2,2
721,260,2,2
721,261,2,2
721,262,2,2
721,263,2,2
721,264,2,2
721,265,2,2
721,266,2,2
721,267,2,2
721,268,2,2
721,269,2,2
721,270,2,2
721,271,2,2
721,272,2,2
721,273,2,2
721,274,2,2
721,275,2,2
721,276,2,2
721,277,2,2
721,278,2,2
721,279,2,2
721,280,2,2
721,281,2,2
721,282,2,2
721,283,2,2
721,284,2,2
721,285,2,2
721,286,2,2
721,287,2,2
721,288,2,2
721,289,2,2
721,290,2,2
721,291,2,2
721,292,2,2
721,293,2,2
721,294,2,2
721,295,2,2
721,296,2,2
721,297,2,2
721,298,2,2
721,299,2,2
721,300,2,2
721,301,2,2
721,302,2,2
721,303,2,2
721,304,2,2
721,305,2,2
721,306,2,2
721,307,2,2
721,308,2,2
721,309,2,2
721,310,2,2
721,311,2,2
721,312,2,2
721,313,2,2
721,314,2,2
721,315,2,2
721,316,2,2
721,317,2,2
721,318,2,2
721,319,2,2
721,320,2,2
721,321,2,2
721,322,2,2
721,323,2,2
721,324,2,2
721,325,2,2
721,326,2,2
721,327,2,2
721,328,2,2
721,329,2,2
721,330,2,2
721,331,2,2
721,332,2,2
721,333,2,2
721,334,2,2
721,335,2,2
721,336,2,2
721,337,2,2
721,338,2,2
721,339,2,2
721,340,2,2
721,341,2,2
721,342,2,2
721,343,2,2
721,344,2,2
721,345,2,2
721,346,2,2
721,347,2,2
721,348,2,2
721,349,2,2
721,350,2,2
721,351,2,2
721,352,2,2
721,353,2,2
721,354,2,2
721,355,2,2
721,356,2,2
721,357,2,2
721,358,2,2
721,359,2,2
721,360,2,2
721,361,2,2
721,362,2,2
721,363,2,2
721,364,2,2
721,365,2,2
721,366,2,2
721,367,2,2
721,368,2,2
721,369,2,2
721,370,2,2
721,371,2,2
721,372,2,2
721,373,2,2
721,374,2,2
721,375,2,2
721,376,2,2
721,377,2,2
721,378,2,2
721,379,2,2
721,380,2,2
721,381,2,2
721,382,2,2
721,383,2,2
721,384,2,2
721,385,2,2
721,386,2,2
721,387,2,2
721,388,2,2
721,389,2,2
721,390,2,2
721,391,2,2
721,392,2,2
721,393,2,2
721,394,2,2
721,395,2,2
721,396,2,2
721,397,2,2
721,398,2,2
721,399,2,2
721,400,2,2
721,401,2,2
721,402,2,2
721,403,2,2
721,404,2,2
721,405,2,2
721,406,2,2
721,407,2,2
721,408,2,2
721,409,2,2
721,410,2,2
721,411,2,2
721,412,2,2
721,413,2,2
721,414,2,2
721,415,2,2
721,416,2,2
721,417,2,2
721,418,2,2
721,419,2,2
721,420,2,2
721,421,2,3
722,30,2,2
722,31,2,2
722,32,2,2
722,33,2,2
722,34,2,2
722,35,2,2
722,36,2,2
722,37,2,2
722,38,2,2
722,39,2,2
722,40,2,2
722,41,2,2
722,42,2,2
722,43,2,2
722,44,2,2
722,45,2,2
722,46,2,2
722,47,2,2
722,48,2,2
722,49,2,2
722,50,2,2
722,51,2,2
722,52,2,2
722,53,2,2
722,54,2,2
722,55,2,2
722,56,2,2
722,57,2,2
722,58,2,2
722,59,2,2
722,60,2,2
722,61,2,2
722,62,2,2
722,63,2,2
722,64,2,2
722,65,2,2
722,66,2,2
722,67,2,2
722,68,2,2
722,69,2,2
722,70,2,2
722,71,2,2
722,72,2,2
722,73,2,2
722,74,2,2
722,75,2,2
722,76,2,2
722,77,2,2
722,78,2,2
722,79,2,2
722,80,2,2
722,81,2,2
722,82,2,2
722,83,2,2
722,84,2,2
722,85,2,2
722,86,2,2
722,87,2,2
722,88,2,2
722,89,2,2
722,90,2,2
722,91,2,2
722,92,2,2
722,93,2,2
722,94,2,2
722,95,2,2
722,96,2,2
722,97,2,2
722,98,2,2
722,99,2,2
722,100,2,2
722,101,2,2
722,102,2,2
722,103,2,2
722,104,2,2
722,105,2,2
722,106,2,2
722,107,2,2
722,108,2,2
722,109,2,2
722,110,2,2
722,111,2,2
722,112,2,2
722,113,2,2
722,114,2,2
722,115,2,2
722,116,2,2
722,117,2,2
722,118,2,2
722,119,2,2
722,120,2,2
722,121,2,2
722,122,2,2
722,123,2,2
722,124,2,2
722,125,2,2
722,126,2,2
722,127,2,2
722,128,2,2
722,129,2,2
722,130,2,2
722,131,2,2
722,132,2,2
722,133,2,2
722,134,2,2
722,135,2,2
722,136,2,2
722,137,2,2
722,138,2,2
722,139,2,2
722,140,2,2
722,141,2,2
722,142,2,2
722,143,2,2
722,144,2,2
722,145,2,2
722,146,2,2
722,147,2,2
722,148,2,2
722,149,2,2
722,150,2,2
722,151,2,2
722,152,2,2
722,153,2,2
722,154,2,2
722,155,2,2
722,156,2,2
722,157,2,2
722,158,2,2
722,159,2,2
722,160,2,2
722,161,2,2
722,162,2,2
722,163,2,2
722,164,2,2
722,165,2,2
722,166,2,2
722,167,2,2
722,168,2,2
722,169,2,2
722,170,2,2
722,171,2,2
722,172,2,2
722,173,2,2
722,174,2,2
722,175,2,2
722,176,2,2
722,177,2,2
722,178,2,2
722,179,2,2
722,180,2,2
722,181,2,2
722,182,2,2
722,183,2,2
722,184,2,2
722,185,2,2
722,186,2,2
722,187,2,2
722,188,2,2
722,189,2,2
722,190,2,2
722,191,2,2
722,192,2,2
722,193,2,2
722,194,2,2
722,195,2,2
722,196,2,2
722,197,2,2
722,198,2,2
722,199,2,2
722,200,2,2
722,201,2,2
722,202,2,2
722,203,2,2
722,204,2,2
722,205,2,2
722,206,2,2
722,207,2,2
722,208,2,2
722,209,2,2
722,210,2,2
722,211,2,2
722,212,2,2
722,213,2,2
722,214,2,2
722,215,2,2
722,216,2,2
722,217,2,2
722,218,2,2
722,219,2,2
722,220,2,2
722,221,2,2
722,222,2,2
722,223,2,2
722,224,2,2
722,225,2,2
722,226,2,2
722,227,2,2
722,228,2,2
722,229,2,2
722,230,2,2
722,231,2,2
722,232,2,2
722,233,2,2
722,234,2,2
722,235,2,2
722,236,2,2
722,237,2,2
722,238,2,2
722,239,2,2
722,240,2,2
722,241,2,2
722,242,2,2
722,243,2,2
722,244,2,2
722,245,2,2
722,246,2,2
722,247,2,2
722,248,2,2
722,249,2,2
722,250,2,2
722,251,2,2
722,252,2,2
722,253,2,2
722,254,2,2
722,255,2,2
722,256,2,2
722,257,2,2
722,258,2,2
722,259,2,2
722,260,2,2
722,261,2,2
722,262,2,2
722,263,2,2
722,264,2,2
722,265,2,2
722,266,2,2
722,267,2,2
722,268,2,2
722,269,2,2
722,270,2,2
722,271,2,2
722,272,2,2
722,273,2,2
722,274,2,2
722,275,2,2
722,276,2,2
722,277,2,2
722,278,2,2
722,279,2,2
722,280,2,2
722,281,2,2
722,282,2,2
722,283,2,2
722,284,2,2
722,285,2,2
722,286,2,2
722,287,2,2
722,288,2,2
722,289,2,2
722,290,2,2
722,291,2,2
722,292,2,2
722,293,2,2
722,294,2,2
722,295,2,2
722,296,2,2
722,297,2,2
722,298,2,2
722,299,2,2
722,300,2,2
722,301,2,2
722,302,2,2
722,303,2,2
722,304,2,2
722,305,2,2
722,306,2,2
722,307,2,2
722,308,2,2
722,309,2,2
722,310,2,2
722,311,2,2
722,312,2,2
722,313,2,2
722,314,2,2
722,315,2,2
722,316,2,2
722,317,2,2
722,318,2,2
722,319,2,2
722,320,2,2
722,321,2,2
722,322,2,2
722,323,2,2
722,324,2,2
722,325,2,2
722,326,2,2
722,327,2,2
722,328,2,2
722,329,2,2
722,330,2,2
722,331,2,2
722,332,2,2
722,333,2,2
722,334,2,2
722,335,2,2
722,336,2,2
722,337,2,2
722,338,2,2
722,339,2,2
722,340,2,2
722,341,2,2
722,342,2,2
722,343,2,2
722,344,2,2
722,345,2,2
722,346,2,2
722,347,2,2
722,348,2,2
722,349,2,2
722,350,2,2
722,351,2,2
722,352,2,2
722,353,2,2
722,354,2,2
722,355,2,2
722,356,2,2
722,357,2,2
722,358,2,2
722,359,2,2
722,360,2,2
722,361,2,2
722,362,2,2
722,363,2,2
722,364,2,2
722,365,2,2
722,366,2,2
722,367,2,2
722,368,2,2
722,369,2,2
722,370,2,2
722,371,2,2
722,372,2,2
722,373,2,2
722,374,2,2
722,375,2,2
722,376,2,2
722,377,2,2
722,378,2,2
722,379,2,2
722,380,2,2
722,381,2,2
722,382,2,2
722,383,2,2
722,384,2,2
722,385,2,2
722,386,2,2
722,387,2,2
722,388,2,2
722,389,2,2
722,390,2,2
722,391,2,2
722,392,2,2
722,393,2,2
722,394,2,2
722,395,2,2
722,396,2,2
722,397,2,2
722,398,2,2
722,399,2,2
722,400,2,2
722,401,2,2
722,402,2,2
722,403,2,2
722,404,2,2
722,405,2,2
722,406,2,2
722,407,2,2
722,408,2,2
722,409,2,2
722,410,2,2
722,411,2,2
722,412,2,2
722,413,2,2
722,414,2,2
722,415,2,2
722,416,2,2
722,417,2,2
722,418,2,2
722,419,2,2
722,420,2,2
722,421,2,3
723,30,2,2
723,31,2,2
723,32,2,2
723,33,2,2
723,34,2,2
723,35,2,2
723,36,2,2
723,37,2,2
723,38,2,2
723,39,2,2
723,40,2,2
723,41,2,2
723,42,2,2
723,43,2,2
723,44,2,2
723,45,2,2
723,46,2,2
723,47,2,2
723,48,2,2
723,49,2,2
723,50,2,2
723,51,2,2
723,52,2,2
723,53,2,2
723,54,2,2
723,55,2,2
723,56,2,2
723,57,2,2
723,58,2,2
723,59,2,2
723,60,2,2
723,61,2,2
723,62,2,2
723,63,2,2
723,64,2,2
723,65,2,2
723,66,2,2
723,67,2,2
723,68,2,2
723,69,2,2
723,70,2,2
723,71,2,2
723,72,2,2
723,73,2,2
723,74,2,2
723,75,2,2
723,76,2,2
723,77,2,2
723,78,2,2
723,79,2,2
723,80,2,2
723,81,2,2
723,82,2,2
723,83,2,2
723,84,2,2
723,85,2,2
723,86,2,2
723,87,2,2
723,88,2,2
723,89,2,2
723,90,2,2
723,91,2,2
723,92,2,2
723,93,2,2
723,94,2,2
723,95,2,2
723,96,2,2
723,97,2,2
723,98,2,2
723,99,2,2
723,100,2,2
723,101,2,2
723,102,2,2
723,103,2,2
723,104,2,2
723,105,2,2
723,106,2,2
723,107,2,2
723,108,2,2
723,109,2,2
723,110,2,2
723,111,2,2
723,112,2,2
723,113,2,2
723,114,2,2
723,115,2,2
723,116,2,2
723,117,2,2
723,118,2,2
723,119,2,2
723,120,2,2
723,121,2,2
723,122,2,2
723,123,2,2
723,124,2,2
723,125,2,2
723,126,2,2
723,127,2,2
723,128,2,2
723,129,2,2
723,130,2,2
723,131,2,2
723,132,2,2
723,133,2,2
723,134,2,2
723,135,2,2
723,136,2,2
723,137,2,2
723,138,2,2
723,139,2,2
723,140,2,2
723,141,2,2
723,142,2,2
723,143,2,2
723,144,2,2
723,145,2,2
723,146,2,2
723,147,2,2
723,148,2,2
723,149,2,2
723,150,2,2
723,151,2,2
723,152,2,2
723,153,2,2
723,154,2,2
723,155,2,2
723,156,2,2
723,157,2,2
723,158,2,2
723,159,2,2
723,160,2,2
723,161,2,2
723,162,2,2
723,163,2,2
723,164,2,2
723,165,2,2
723,166,2,2
723,167,2,2
723,168,2,2
723,169,2,2
723,170,2,2
723,171,2,2
723,172,2,2
723,173,2,2
723,174,2,2
723,175,2,2
723,176,2,2
723,177,2,2
723,178,2,2
723,179,2,2
723,180,2,2
723,181,2,2
723,182,2,2
723,183,2,2
723,184,2,2
723,185,2,2
723,186,2,2
723,187,2,2
723,188,2,2
723,189,2,2
723,190,2,2
723,191,2,2
723,192,2,2
723,193,2,2
723,194,2,2
723,195,2,2
723,196,2,2
723,197,2,2
723,198,2,2
723,199,2,2
723,200,2,2
723,201,2,2
723,202,2,2
723,203,2,2
723,204,2,2
723,205,2,2
723,206,2,2
723,207,2,2
723,208,2,2
723,209,2,2
723,210,2,2
723,211,2,2
723,212,2,2
723,213,2,2
723,214,2,2
723,215,2,2
723,216,2,2
723,217,2,2
723,218,2,2
723,219,2,2
723,220,2,2
723,221,2,2
723,222,2,2
723,223,2,2
723,224,2,2
723,225,2,2
723,226,2,2
723,227,2,2
723,228,2,2
723,229,2,2
723,230,2,2
723,231,2,2
723,232,2,2
723,233,2,2
723,234,2,2
723,235,2,2
723,236,2,2
723,237,2,2
723,238,2,2
723,239,2,2
723,240,2,2
723,241,2,2
723,242,2,2
723,243,2,2
723,244,2,2
723,245,2,2
723,246,2,2
723,247,2,2
723,248,2,2
723,249,2,2
723,250,2,2
723,251,2,2
723,252,2,2
723,253,2,2
723,254,2,2
723,255,2,2
723,256,2,2
723,257,2,2
723,258,2,2
723,259,2,2
723,260,2,2
723,261,2,2
723,262,2,2
723,263,2,2
723,264,2,2
723,265,2,2
723,266,2,2
723,267,2,2
723,268,2,2
723,269,2,2
723,270,2,2
723,271,2,2
723,272,2,2
723,273,2,2
723,274,2,2
723,275,2,2
723,276,2,2
723,277,2,2
723,278,2,2
723,279,2,2
723,280,2,2
723,281,2,2
723,282,2,2
723,283,2,2
723,284,2,2
723,285,2,2
723,286,2,2
723,287,2,2
723,288,2,2
723,289,2,2
723,290,2,2
723,291,2,2
723,292,2,2
723,293,2,2
723,294,2,2
723,295,2,2
723,296,2,2
723,297,2,2
723,298,2,2
723,299,2,2
723,300,2,2
723,301,2,2
723,302,2,2
723,303,2,2
723,304,2,2
723,305,2,2
723,306,2,2
723,307,2,2
723,308,2,2
723,309,2,2
723,310,2,2
723,311,2,2
723,312,2,2
723,313,2,2
723,314,2,2
723,315,2,2
723,316,2,2
723,317,2,2
723,318,2,2
723,319,2,2
723,320,2,2
723,321,2,2
723,322,2,2
723,323,2,2
723,324,2,2
723,325,2,2
723,326,2,2
723,327,2,2
723,328,2,2
723,329,2,2
723,330,2,2
723,331,2,2
723,332,2,2
723,333,2,2
723,334,2,2
723,335,2,2
723,336,2,2
723,337,2,2
723,338,2,2
723,339,2,2
723,340,2,2
723,341,2,2
723,342,2,2
723,343,2,2
723,344,2,2
723,345,2,2
723,346,2,2
723,347,2,2
723,348,2,2
723,349,2,2
723,350,2,2
723,351,2,2
723,352,2,2
723,353,2,2
723,354,2,2
723,355,2,2
723,356,2,2
723,357,2,2
723,358,2,2
723,359,2,2
723,360,2,2
723,361,2,2
723,362,2,2
723,363,2,2
723,364,2,2
723,365,2,2
723,366,2,2
723,367,2,2
723,368,2,2
723,369,2,2
723,370,2,2
723,371,2,2
723,372,2,2
723,373,2,2
723,374,2,2
723,375,2,2
723,376,2,2
723,377,2,2
723,378,2,2
723,379,2,2
723,380,2,2
723,381,2,2
723,382,2,2
723,383,2,2
723,384,2,2
723,385,2,2
723,386,2,2
723,387,2,2
723,388,2,2
723,389,2,2
723,390,2,2
723,391,2,2
723,392,2,2
723,393,2,2
723,394,2,2
723,395,2,2
723,396,2,2
723,397,2,2
723,398,2,2
723,399,2,2
723,400,2,2
723,401,2,2
723,402,2,2
723,403,2,2
723,404,2,2
723,405,2,2
723,406,2,2
723,407,2,2
723,408,2,2
723,409,2,2
723,410,2,2
723,411,2,2
723,412,2,2
723,413,2,2
723,414,2,2
723,415,2,2
723,416,2,2
723,417,2,2
723,418,2,2
723,419,2,2
723,420,2,2
723,421,2,3
723,422,2,3
724,30,2,2
724,31,2,2
724,32,2,2
724,33,2,2
724,34,2,2
724,35,2,2
724,36,2,2
724,37,2,2
724,38,2,2
724,39,2,2
724,40,2,2
724,41,2,2
724,42,2,2
724,43,2,2
724,44,2,2
724,45,2,2
724,46,2,2
724,47,2,2
724,48,2,2
724,49,2,2
724,50,2,2
724,51,2,2
724,52,2,2
724,53,2,2
724,54,2,2
724,55,2,2
724,56,2,2
724,57,2,2
724,58,2,2
724,59,2,2
724,60,2,2
724,61,2,2
724,62,2,2
724,63,2,2
724,64,2,2
724,65,2,2
724,66,2,2
724,67,2,2
724,68,2,2
724,69,2,2
724,70,2,2
724,71,2,2
724,72,2,2
724,73,2,2
724,74,2,2
724,75,2,2
724,76,2,2
724,77,2,2
724,78,2,2
724,79,2,2
724,80,2,2
724,81,2,2
724,82,2,2
724,83,2,2
724,84,2,2
724,85,2,2
724,86,2,2
724,87,2,2
724,88,2,2
724,89,2,2
724,90,2,2
724,91,2,2
724,92,2,2
724,93,2,2
724,94,2,2
724,95,2,2
724,96,2,2
724,97,2,2
724,98,2,2
724,99,2,2
724,100,2,2
724,101,2,2
724,102,2,2
724,103,2,2
724,104,2,2
724,105,2,2
724,106,2,2
724,107,2,2
724,108,2,2
724,109,2,2
724,110,2,2
724,111,2,2
724,112,2,2
724,113,2,2
724,114,2,2
724,115,2,2
724,116,2,2
724,117,2,2
724,118,2,2
724,119,2,2
724,120,2,2
724,121,2,2
724,122,2,2
724,123,2,2
724,124,2,2
724,125,2,2
724,126,2,2
724,127,2,2
724,128,2,2
724,129,2,2
724,130,2,2
724,131,2,2
724,132,2,2
724,133,2,2
724,134,2,2
724,135,2,2
724,136,2,2
724,137,2,2
724,138,2,2
724,139,2,2
724,140,2,2
724,141,2,2
724,142,2,2
724,143,2,2
724,144,2,2
724,145,2,2
724,146,2,2
724,147,2,2
724,148,2,2
724,149,2,2
724,150,2,2
724,151,2,2
724,152,2,2
724,153,2,2
724,154,2,2
724,155,2,2
724,156,2,2
724,157,2,2
724,158,2,2
724,159,2,2
724,160,2,2
724,161,2,2
724,162,2,2
724,163,2,2
724,164,2,2
724,165,2,2
724,166,2,2
724,167,2,2
724,168,2,2
724,169,2,2
724,170,2,2
724,171,2,2
724,172,2,2
724,173,2,2
724,174,2,2
724,175,2,2
724,176,2,2
724,177,2,2
724,178,2,2
724,179,2,2
724,180,2,2
724,181,2,2
724,182,2,2
724,183,2,2
724,184,2,2
724,185,2,2
724,186,2,2
724,187,2,2
724,188,2,2
724,189,2,2
724,190,2,2
724,191,2,2
724,192,2,2
724,193,2,2
724,194,2,2
724,195,2,2
724,196,2,2
724,197,2,2
724,198,2,2
724,199,2,2
724,200,2,2
724,201,2,2
724,202,2,2
724,203,2,2
724,204,2,2
724,205,2,2
724,206,2,2
724,207,2,2
724,208,2,2
724,209,2,2
724,210,2,2
724,211,2,2
724,212,2,2
724,213,2,2
724,214,2,2
724,215,2,2
724,216,2,2
724,217,2,2
724,218,2,2
724,219,2,2
724,220,2,2
724,221,2,2
724,222,2,2
724,223,2,2
724,224,2,2
724,225,2,2
724,226,2,2
724,227,2,2
724,228,2,2
724,229,2,2
724,230,2,2
724,231,2,2
724,232,2,2
724,233,2,2
724,234,2,2
724,235,2,2
724,236,2,2
724,237,2,2
724,238,2,2
724,239,2,2
724,240,2,2
724,241,2,2
724,242,2,2
724,243,2,2
724,244,2,2
724,245,2,2
724,246,2,2
724,247,2,2
724,248,2,2
724,249,2,2
724,250,2,2
724,251,2,2
724,252,2,2
724,253,2,2
724,254,2,2
724,255,2,2
724,256,2,2
724,257,2,2
724,258,2,2
724,259,2,2
724,260,2,2
724,261,2,2
724,262,2,2
724,263,2,2
724,264,2,2
724,265,2,2
724,266,2,2
724,267,2,2
724,268,2,2
724,269,2,2
724,270,2,2
724,271,2,2
724,272,2,2
724,273,2,2
724,274,2,2
724,275,2,2
724,276,2,2
724,277,2,2
724,278,2,2
724,279,2,2
724,280,2,2
724,281,2,2
724,282,2,2
724,283,2,2
724,284,2,2
724,285,2,2
724,286,2,2
724,287,2,2
724,288,2,2
724,289,2,2
724,290,2,2
724,291,2,2
724,292,2,2
724,293,2,2
724,294,2,2
724,295,2,2
724,296,2,2
724,297,2,2
724,298,2,2
724,299,2,2
724,300,2,2
724,301,2,2
724,302,2,2
724,303,2,2
724,304,2,2
724,305,2,2
724,306,2,2
724,307,2,2
724,308,2,2
724,309,2,2
724,310,2,2
724,311,2,2
724,312,2,2
724,313,2,2
724,314,2,2
724,315,2,2
724,316,2,2
724,317,2,2
724,318,2,2
724,319,2,2
724,320,2,2
724,321,2,2
724,322,2,2
724,323,2,2
724,324,2,2
724,325,2,2
724,326,2,2
724,327,2,2
724,328,2,2
724,329,2,2
724,330,2,2
724,331,2,2
724,332,2,2
724,333,2,2
724,334,2,2
724,335,2,2
724,336,2,2
724,337,2,2
724,338,2,2
724,339,2,2
724,340,2,2
724,341,2,2
724,342,2,2
724,343,2,2
724,344,2,2
724,345,2,2
724,346,2,2
724,347,2,2
724,348,2,2
724,349,2,2
724,350,2,2
724,351,2,2
724,352,2,2
724,353,2,2
724,354,2,2
724,355,2,2
724,356,2,2
724,357,2,2
724,358,2,2
724,359,2,2
724,360,2,2
724,361,2,2
724,362,2,2
724,363,2,2
724,364,2,2
724,365,2,2
724,366,2,2
724,367,2,2
724,368,2,2
724,369,2,2
724,370,2,2
724,371,2,2
724,372,2,2
724,373,2,2
724,374,2,2
724,375,2,2
724,376,2,2
724,377,2,2
724,378,2,2
724,379,2,2
724,380,2,2
724,381,2,2
724,382,2,2
724,383,2,2
724,384,2,2
724,385,2,2
724,386,2,2
724,387,2,2
724,388,2,2
724,389,2,2
724,390,2,2
724,391,2,2
724,392,2,2
724,393,2,2
724,394,2,2
724,395,2,2
724,396,2,2
724,397,2,2
724,398,2,2
724,399,2,2
724,400,2,2
724,401,2,2
724,402,2,2
724,403,2,2
724,404,2,2
724,405,2,2
724,406,2,2
724,407,2,2
724,408,2,2
724,409,2,2
724,410,2,2
724,411,2,2
724,412,2,2
724,413,2,2
724,414,2,2
724,415,2,2
724,416,2,2
724,417,2,2
724,418,2,2
724,419,2,2
724,420,2,2
724,421,2,2
724,422,2,2
725,30,2,3
725,31,2,2
725,32,2,2
725,33,2,2
725,34,2,2
725,35,2,2
725,36,2,2
725,37,2,2
725,38,2,2
725,39,2,2
725,40,2,2
725,41,2,2
725,42,2,2
725,43,2,2
725,44,2,2
725,45,2,2
725,46,2,2
725,47,2,2
725,48,2,2
725,49,2,2
725,50,2,2
725,51,2,2
725,52,2,2
725,53,2,2
725,54,2,2
725,55,2,2
725,56,2,2
725,57,2,2
725,58,2,2
725,59,2,2
725,60,2,2
725,61,2,2
725,62,2,2
725,63,2,2
725,64,2,2
725,65,2,2
725,66,2,2
725,67,2,2
725,68,2,2
725,69,2,2
725,70,2,2
725,71,2,2
725,72,2,2
725,73,2,2
725,74,2,2
725,75,2,2
725,76,2,2
725,77,2,2
725,78,2,2
725,79,2,2
725,80,2,2
725,81,2,2
725,82,2,2
725,83,2,2
725,84,2,2
725,85,2,2
725,86,2,2
725,87,2,2
725,88,2,2
725,89,2,2
725,90,2,2
725,91,2,2
725,92,2,2
725,93,2,2
725,94,2,2
725,95,2,2
725,96,2,2
725,97,2,2
725,98,2,2
725,99,2,2
725,100,2,2
725,101,2,2
725,102,2,2
725,103,2,2
725,104,2,2
725,105,2,2
725,106,2,2
725,107,2,2
725,108,2,2
725,109,2,2
725,110,2,2
725,111,2,2
725,112,2,2
725,113,2,2
725,114,2,2
725,115,2,2
725,116,2,2
725,117,2,2
725,118,2,2
725,119,2,2
725,120,2,2
725,121,2,2
725,122,2,2
725,123,2,2
725,124,2,2
725,125,2,2
725,126,2,2
725,127,2,2
725,128,2,2
725,129,2,2
725,130,2,2
725,131,2,2
725,132,2,2
725,133,2,2
725,134,2,2
725,135,2,2
725,136,2,2
725,137,2,2
725,138,2,2
725,139,2,2
725,140,2,2
725,141,2,2
725,142,2,2
725,143,2,2
725,144,2,2
725,145,2,2
725,146,2,2
725,147,2,2
725,148,2,2
725,149,2,2
725,150,2,2
725,151,2,2
725,152,2,2
725,153,2,2
725,154,2,2
725,155,2,2
725,156,2,2
725,157,2,2
725,158,2,2
725,159,2,2
725,160,2,2
725,161,2,2
725,162,2,2
725,163,2,2
725,164,2,2
725,165,2,2
725,166,2,2
725,167,2,2
725,168,2,2
725,169,2,2
725,170,2,2
725,171,2,2
725,172,2,2
725,173,2,2
725,174,2,2
725,175,2,2
725,176,2,2
725,177,2,2
725,178,2,2
725,179,2,2
725,180,2,2
725,181,2,2
725,182,2,2
725,183,2,2
725,184,2,2
725,185,2,2
725,186,2,2
725,187,2,2
725,188,2,2
725,189,2,2
725,190,2,2
725,191,2,2
725,192,2,2
725,193,2,2
725,194,2,2
725,195,2,2
725,196,2,2
725,197,2,2
725,198,2,2
725,199,2,2
725,200,2,2
725,201,2,2
725,202,2,2
725,203,2,2
725,204,2,2
725,205,2,2
725,206,2,2
725,207,2,2
725,208,2,2
725,209,2,2
725,210,2,2
725,211,2,2
725,212,2,2
725,213,2,2
725,214,2,2
725,215,2,2
725,216,2,2
725,217,2,2
725,218,2,2
725,219,2,2
725,220,2,2
725,221,2,2
725,222,2,2
725,223,2,2
725,224,2,2
725,225,2,2
725,226,2,2
725,227,2,2
725,228,2,2
725,229,2,2
725,230,2,2
725,231,2,2
725,232,2,2
725,233,2,2
725,234,2,2
725,235,2,2
725,236,2,2
725,237,2,2
725,238,2,2
725,239,2,2
725,240,2,2
725,241,2,2
725,242,2,2
725,243,2,2
725,244,2,2
725,245,2,2
725,246,2,2
725,247,2,2
725,248,2,2
725,249,2,2
725,250,2,2
725,251,2,2
725,252,2,2
725,253,2,2
725,254,2,2
725,255,2,2
725,256,2,2
725,257,2,2
725,258,2,2
725,259,2,2
725,260,2,2
725,261,2,2
725,262,2,2
725,263,2,2
725,264,2,2
725,265,2,2
725,266,2,2
725,267,2,2
725,268,2,2
725,269,2,2
725,270,2,2
725,271,2,2
725,272,2,2
725,273,2,2
725,274,2,2
725,275,2,2
725,276,2,2
725,277,2,2
725,278,2,2
725,279,2,2
725,280,2,2
725,281,2,2
725,282,2,2
725,283,2,2
725,284,2,2
725,285,2,2
725,286,2,2
725,287,2,2
725,288,2,2
725,289,2,2
725,290,2,2
725,291,2,2
725,292,2,2
725,293,2,2
725,294,2,2
725,295,2,2
725,296,2,2
725,297,2,2
725,298,2,2
725,299,2,2
725,300,2,2
725,301,2,2
725,302,2,2
725,303,2,2
725,304,2,2
725,305,2,2
725,306,2,2
725,307,2,2
725,308,2,2
725,309,2,2
725,310,2,2
725,311,2,2
725,312,2,2
725,313,2,2
725,314,2,2
725,315,2,2
725,316,2,2
725,317,2,2
725,318,2,2
725,319,2,2
725,320,2,2
725,321,2,2
725,322,2,2
725,323,2,2
725,324,2,2
725,325,2,2
725,326,2,2
725,327,2,2
725,328,2,2
725,329,2,2
725,330,2,2
725,331,2,2
725,332,2,2
725,333,2,2
725,334,2,2
725,335,2,2
725,336,2,2
725,337,2,2
725,338,2,2
725,339,2,2
725,340,2,2
725,341,2,2
725,342,2,2
725,343,2,2
725,344,2,2
725,345,2,2
725,346,2,2
725,347,2,2
725,348,2,2
725,349,2,2
725,350,2,2
725,351,2,2
725,352,2,2
725,353,2,2
725,354,2,2
725,355,2,2
725,356,2,2
725,357,2,2
725,358,2,2
725,359,2,2
725,360,2,2
725,361,2,2
725,362,2,2
725,363,2,2
725,364,2,2
725,365,2,2
725,366,2,2
725,367,2,2
725,368,2,2
725,369,2,2
725,370,2,2
725,371,2,2
725,372,2,2
725,373,2,2
725,374,2,2
725,375,2,2
725,376,2,2
725,377,2,2
725,378,2,2
725,379,2,2
725,380,2,2
725,381,2,2
725,382,2,2
725,383,2,2
725,384,2,2
725,385,2,2
725,386,2,2
725,387,2,2
725,388,2,2
725,389,2,2
725,390,2,2
725,391,2,2
725,392,2,2
725,393,2,2
725,394,2,2
725,395,2,2
725,396,2,2
725,397,2,2
725,398,2,2
725,399,2,2
725,400,2,2
725,401,2,2
725,402,2,2
725,403,2,2
725,404,2,2
725,405,2,2
725,406,2,2
725,407,2,2
725,408,2,2
725,409,2,2
725,410,2,2
725,411,2,2
725,412,2,2
725,413,2,2
725,414,2,2
725,415,2,2
725,416,2,2
725,417,2,2
725,418,2,2
725,419,2,2
725,420,2,2
725,421,2,2
725,422,2,2
725,423,2,2
726,30,2,3
726,31,2,2
726,32,2,2
726,33,2,2
726,34,2,2
726,35,2,2
726,36,2,2
726,37,2,2
726,38,2,2
726,39,2,2
726,40,2,2
726,41,2,2
726,42,2,2
726,43,2,2
726,44,2,2
726,45,2,2
726,46,2,2
726,47,2,2
726,48,2,2
726,49,2,2
726,50,2,2
726,51,2,2
726,52,2,2
726,53,2,2
726,54,2,2
726,55,2,2
726,56,2,2
726,57,2,2
726,58,2,2
726,59,2,2
726,60,2,2
726,61,2,2
726,62,2,2
726,63,2,2
726,64,2,2
726,65,2,2
726,66,2,2
726,67,2,2
726,68,2,2
726,69,2,2
726,70,2,2
726,71,2,2
726,72,2,2
726,73,2,2
726,74,2,2
726,75,2,2
726,76,2,2
726,77,2,2
726,78,2,2
726,79,2,2
726,80,2,2
726,81,2,2
726,82,2,2
726,83,2,2
726,84,2,2
726,85,2,2
726,86,2,2
726,87,2,2
726,88,2,2
726,89,2,2
726,90,2,2
726,91,2,2
726,92,2,2
726,93,2,2
726,94,2,2
726,95,2,2
726,96,2,2
726,97,2,2
726,98,2,2
726,99,2,2
726,100,2,2
726,101,2,2
726,102,2,2
726,103,2,2
726,104,2,2
726,105,2,2
726,106,2,2
726,107,2,2
726,108,2,2
726,109,2,2
726,110,2,2
726,111,2,2
726,112,2,2
726,113,2,2
726,114,2,2
726,115,2,2
726,116,2,2
726,117,2,2
726,118,2,2
726,119,2,2
726,120,2,2
726,121,2,2
726,122,2,2
726,123,2,2
726,124,2,2
726,125,2,2
726,126,2,2
726,127,2,2
726,128,2,2
726,129,2,2
726,130,2,2
726,131,2,2
726,132,2,2
726,133,2,2
726,134,2,2
726,135,2,2
726,136,2,2
726,137,2,2
726,138,2,2
726,139,2,2
726,140,2,2
726,141,2,2
726,142,2,2
726,143,2,2
726,144,2,2
726,145,2,2
726,146,2,2
726,147,2,2
726,148,2,2
726,149,2,2
726,150,2,2
726,151,2,2
726,152,2,2
726,153,2,2
726,154,2,2
726,155,2,2
726,156,2,2
726,157,2,2
726,158,2,2
726,159,2,2
726,160,2,2
726,161,2,2
726,162,2,2
726,163,2,2
726,164,2,2
726,165,2,2
726,166,2,2
726,167,2,2
726,168,2,2
726,169,2,2
726,170,2,2
726,171,2,2
726,172,2,2
726,173,2,2
726,174,2,2
726,175,2,2
726,176,2,2
726,177,2,2
726,178,2,2
726,179,2,2
726,180,2,2
726,181,2,2
726,182,2,2
726,183,2,2
726,184,2,2
726,185,2,2
726,186,2,2
726,187,2,2
726,188,2,2
726,189,2,2
726,190,2,2
726,191,2,2
726,192,2,2
726,193,2,2
726,194,2,2
726,195,2,2
726,196,2,2
726,197,2,2
726,198,2,2
726,199,2,2
726,200,2,2
726,201,2,2
726,202,2,2
726,203,2,2
726,204,2,2
726,205,2,2
726,206,2,2
726,207,2,2
726,208,2,2
726,209,2,2
726,210,2,2
726,211,2,2
726,212,2,2
726,213,2,2
726,214,2,2
726,215,2,2
726,216,2,2
726,217,2,2
726,218,2,2
726,219,2,2
726,220,2,2
726,221,2,2
726,222,2,2
726,223,2,2
726,224,2,2
726,225,2,2
726,226,2,2
726,227,2,2
726,228,2,2
726,229,2,2
726,230,2,2
726,231,2,2
726,232,2,2
726,233,2,2
726,234,2,2
726,235,2,2
726,236,2,2
726,237,2,2
726,238,2,2
726,239,2,2
726,240,2,2
726,241,2,2
726,242,2,2
726,243,2,2
726,244,2,2
726,245,2,2
726,246,2,2
726,247,2,2
726,248,2,2
726,249,2,2
726,250,2,2
726,251,2,2
726,252,2,2
726,253,2,2
726,254,2,2
726,255,2,2
726,256,2,2
726,257,2,2
726,258,2,2
726,259,2,2
726,260,2,2
726,261,2,2
726,262,2,2
726,263,2,2
726,264,2,2
726,265,2,2
726,266,2,2
726,267,2,2
726,268,2,2
726,269,2,2
726,270,2,2
726,271,2,2
726,272,2,2
726,273,2,2
726,274,2,2
726,275,2,2
726,276,2,2
726,277,2,2
726,278,2,2
726,279,2,2
726,280,2,2
726,281,2,2
726,282,2,2
726,283,2,2
726,284,2,2
726,285,2,2
726,286,2,2
726,287,2,2
726,288,2,2
726,289,2,2
726,290,2,2
726,291,2,2
726,292,2,2
726,293,2,2
726,294,2,2
726,295,2,2
726,296,2,2
726,297,2,2
726,298,2,2
726,299,2,2
726,300,2,2
726,301,2,2
726,302,2,2
726,303,2,2
726,304,2,2
726,305,2,2
726,306,2,2
726,307,2,2
726,308,2,2
726,309,2,2
726,310,2,2
726,311,2,2
726,312,2,2
726,313,2,2
726,314,2,2
726,315,2,2
726,316,2,2
726,317,2,2
726,318,2,2
726,319,2,2
726,320,2,2
726,321,2,2
726,322,2,2
726,323,2,2
726,324,2,2
726,325,2,2
726,326,2,2
726,327,2,2
726,328,2,2
726,329,2,2
726,330,2,2
726,331,2,2
726,332,2,2
726,333,2,2
726,334,2,2
726,335,2,2
726,336,2,2
726,337,2,2
726,338,2,2
726,339,2,2
726,340,2,2
726,341,2,2
726,342,2,2
726,343,2,2
726,344,2,2
726,345,2,2
726,346,2,2
726,347,2,2
726,348,2,2
726,349,2,2
726,350,2,2
726,351,2,2
726,352,2,2
726,353,2,2
726,354,2,2
726,355,2,2
726,356,2,2
726,357,2,2
726,358,2,2
726,359,2,2
726,360,2,2
726,361,2,2
726,362,2,2
726,363,2,2
726,364,2,2
726,365,2,2
726,366,2,2
726,367,2,2
726,368,2,2
726,369,2,2
726,370,2,2
726,371,2,2
726,372,2,2
726,373,2,2
726,374,2,2
726,375,2,2
726,376,2,2
726,377,2,2
726,378,2,2
726,379,2,2
726,380,2,2
726,381,2,2
726,382,2,2
726,383,2,2
726,384,2,2
726,385,2,2
726,386,2,2
726,387,2,2
726,388,2,2
726,389,2,2
726,390,2,2
726,391,2,2
726,392,2,2
726,393,2,2
726,394,2,2
726,395,2,2
726,396,2,2
726,397,2,2
726,398,2,2
726,399,2,2
726,400,2,2
726,401,2,2
726,402,2,2
726,403,2,2
726,404,2,2
726,405,2,2
726,406,2,2
726,407,2,2
726,408,2,2
726,409,2,2
726,410,2,2
726,411,2,2
726,412,2,2
726,413,2,2
726,414,2,2
726,415,2,2
726,416,2,2
726,417,2,2
726,418,2,2
726,419,2,2
726,420,2,2
726,421,2,2
726,422,2,2
726,423,2,2
727,30,2,2
727,31,2,2
727,32,2,2
727,33,2,2
727,34,2,2
727,35,2,2
727,36,2,2
727,37,2,2
727,38,2,2
727,39,2,2
727,40,2,2
727,41,2,2
727,42,2,2
727,43,2,2
727,44,2,2
727,45,2,2
727,46,2,2
727,47,2,2
727,48,2,2
727,49,2,2
727,50,2,2
727,51,2,2
727,52,2,2
727,53,2,2
727,54,2,2
727,55,2,2
727,56,2,2
727,57,2,2
727,58,2,2
727,59,2,2
727,60,2,2
727,61,2,2
727,62,2,2
727,63,2,2
727,64,2,2
727,65,2,2
727,66,2,2
727,67,2,2
727,68,2,2
727,69,2,2
727,70,2,2
727,71,2,2
727,72,2,2
727,73,2,2
727,74,2,2
727,75,2,2
727,76,2,2
727,77,2,2
727,78,2,2
727,79,2,2
727,80,2,2
727,81,2,2
727,82,2,2
727,83,2,2
727,84,2,2
727,85,2,2
727,86,2,2
727,87,2,2
727,88,2,2
727,89,2,2
727,90,2,2
727,91,2,2
727,92,2,2
727,93,2,2
727,94,2,2
727,95,2,2
727,96,2,2
727,97,2,2
727,98,2,2
727,99,2,2
727,100,2,2
727,101,2,2
727,102,2,2
727,103,2,2
727,104,2,2
727,105,2,2
727,106,2,2
727,107,2,2
727,108,2,2
727,109,2,2
727,110,2,2
727,111,2,2
727,112,2,2
727,113,2,2
727,114,2,2
727,115,2,2
727,116,2,2
727,117,2,2
727,118,2,2
727,119,2,2
727,120,2,2
727,121,2,2
727,122,2,2
727,123,2,2
727,124,2,2
727,125,2,2
727,126,2,2
727,127,2,2
727,128,2,2
727,129,2,2
727,130,2,2
727,131,2,2
727,132,2,2
727,133,2,2
727,134,2,2
727,135,2,2
727,136,2,2
727,137,2,2
727,138,2,2
727,139,2,2
727,140,2,2
727,141,2,2
727,142,2,2
727,143,2,2
727,144,2,2
727,145,2,2
727,146,2,2
727,147,2,2
727,148,2,2
727,149,2,2
727,150,2,2
727,151,2,2
727,152,2,2
727,153,2,2
727,154,2,2
727,155,2,2
727,156,2,2
727,157,2,2
727,158,2,2
727,159,2,2
727,160,2,2
727,161,2,2
727,162,2,2
727,163,2,2
727,164,2,2
727,165,2,2
727,166,2,2
727,167,2,2
727,168,2,2
727,169,2,2
727,170,2,2
727,171,2,2
727,172,2,2
727,173,2,2
727,174,2,2
727,175,2,2
727,176,2,2
727,177,2,2
727,178,2,2
727,179,2,2
727,180,2,2
727,181,2,2
727,182,2,2
727,183,2,2
727,184,2,2
727,185,2,2
727,186,2,2
727,187,2,2
727,188,2,2
727,189,2,2
727,190,2,2
727,191,2,2
727,192,2,2
727,193,2,2
727,194,2,2
727,195,2,2
727,196,2,2
727,197,2,2
727,198,2,2
727,199,2,2
727,200,2,2
727,201,2,2
727,202,2,2
727,203,2,2
727,204,2,2
727,205,2,2
727,206,2,2
727,207,2,2
727,208,2,2
727,209,2,2
727,210,2,2
727,211,2,2
727,212,2,2
727,213,2,2
727,214,2,2
727,215,2,2
727,216,2,2
727,217,2,2
727,218,2,2
727,219,2,2
727,220,2,2
727,221,2,2
727,222,2,2
727,223,2,2
727,224,2,2
727,225,2,2
727,226,2,2
727,227,2,2
727,228,2,2
727,229,2,2
727,230,2,2
727,231,2,2
727,232,2,2
727,233,2,2
727,234,2,2
727,235,2,2
727,236,2,2
727,237,2,2
727,238,2,2
727,239,2,2
727,240,2,2
727,241,2,2
727,242,2,2
727,243,2,2
727,244,2,2
727,245,2,2
727,246,2,2
727,247,2,2
727,248,2,2
727,249,2,2
727,250,2,2
727,251,2,2
727,252,2,2
727,253,2,2
727,254,2,2
727,255,2,2
727,256,2,2
727,257,2,2
727,258,2,2
727,259,2,2
727,260,2,2
727,261,2,2
727,262,2,2
727,263,2,2
727,264,2,2
727,265,2,2
727,266,2,2
727,267,2,2
727,268,2,2
727,269,2,2
727,270,2,2
727,271,2,2
727,272,2,2
727,273,2,2
727,274,2,2
727,275,2,2
727,276,2,2
727,277,2,2
727,278,2,2
727,279,2,2
727,280,2,2
727,281,2,2
727,282,2,2
727,283,2,2
727,284,2,2
727,285,2,2
727,286,2,2
727,287,2,2
727,288,2,2
727,289,2,2
727,290,2,2
727,291,2,2
727,292,2,2
727,293,2,2
727,294,2,2
727,295,2,2
727,296,2,2
727,297,2,2
727,298,2,2
727,299,2,2
727,300,2,2
727,301,2,2
727,302,2,2
727,303,2,2
727,304,2,2
727,305,2,2
727,306,2,2
727,307,2,2
727,308,2,2
727,309,2,2
727,310,2,2
727,311,2,2
727,312,2,2
727,313,2,2
727,314,2,2
727,315,2,2
727,316,2,2
727,317,2,2
727,318,2,2
727,319,2,2
727,320,2,2
727,321,2,2
727,322,2,2
727,323,2,2
727,324,2,2
727,325,2,2
727,326,2,2
727,327,2,2
727,328,2,2
727,329,2,2
727,330,2,2
727,331,2,2
727,332,2,2
727,333,2,2
727,334,2,2
727,335,2,2
727,336,2,2
727,337,2,2
727,338,2,2
727,339,2,2
727,340,2,2
727,341,2,2
727,342,2,2
727,343,2,2
727,344,2,2
727,345,2,2
727,346,2,2
727,347,2,2
727,348,2,2
727,349,2,2
727,350,2,2
727,351,2,2
727,352,2,2
727,353,2,2
727,354,2,2
727,355,2,2
727,356,2,2
727,357,2,2
727,358,2,2
727,359,2,2
727,360,2,2
727,361,2,2
727,362,2,2
727,363,2,2
727,364,2,2
727,365,2,2
727,366,2,2
727,367,2,2
727,368,2,2
727,369,2,2
727,370,2,2
727,371,2,2
727,372,2,2
727,373,2,2
727,374,2,2
727,375,2,2
727,376,2,2
727,377,2,2
727,378,2,2
727,379,2,2
727,380,2,2
727,381,2,2
727,382,2,2
727,383,2,2
727,384,2,2
727,385,2,2
727,386,2,2
727,387,2,2
727,388,2,2
727,389,2,2
727,390,2,2
727,391,2,2
727,392,2,2
727,393,2,2
727,394,2,2
727,395,2,2
727,396,2,2
727,397,2,2
727,398,2,2
727,399,2,2
727,400,2,2
727,401,2,2
727,402,2,2
727,403,2,2
727,404,2,2
727,405,2,2
727,406,2,2
727,407,2,2
727,408,2,2
727,409,2,2
727,410,2,2
727,411,2,2
727,412,2,2
727,413,2,2
727,414,2,2
727,415,2,2
727,416,2,2
727,417,2,2
727,418,2,2
727,419,2,2
727,420,2,2
727,421,2,2
727,422,2,2
727,423,2,2
727,424,2,2
728,30,2,2
728,31,2,2
728,32,2,2
728,33,2,2
728,34,2,2
728,35,2,2
728,36,2,2
728,37,2,2
728,38,2,2
728,39,2,2
728,40,2,2
728,41,2,2
728,42,2,2
728,43,2,2
728,44,2,2
728,45,2,2
728,46,2,2
728,47,2,2
728,48,2,2
728,49,2,2
728,50,2,2
728,51,2,2
728,52,2,2
728,53,2,2
728,54,2,2
728,55,2,2
728,56,2,2
728,57,2,2
728,58,2,2
728,59,2,2
728,60,2,2
728,61,2,2
728,62,2,2
728,63,2,2
728,64,2,2
728,65,2,2
728,66,2,2
728,67,2,2
728,68,2,2
728,69,2,2
728,70,2,2
728,71,2,2
728,72,2,2
728,73,2,2
728,74,2,2
728,75,2,2
728,76,2,2
728,77,2,2
728,78,2,2
728,79,2,2
728,80,2,2
728,81,2,2
728,82,2,2
728,83,2,2
728,84,2,2
728,85,2,2
728,86,2,2
728,87,2,2
728,88,2,2
728,89,2,2
728,90,2,2
728,91,2,2
728,92,2,2
728,93,2,2
728,94,2,2
728,95,2,2
728,96,2,2
728,97,2,2
728,98,2,2
728,99,2,2
728,100,2,2
728,101,2,2
728,102,2,2
728,103,2,2
728,104,2,2
728,105,2,2
728,106,2,2
728,107,2,2
728,108,2,2
728,109,2,2
728,110,2,2
728,111,2,2
728,112,2,2
728,113,2,2
728,114,2,2
728,115,2,2
728,116,2,2
728,117,2,2
728,118,2,2
728,119,2,2
728,120,2,2
728,121,2,2
728,122,2,2
728,123,2,2
728,124,2,2
728,125,2,2
728,126,2,2
728,127,2,2
728,128,2,2
728,129,2,2
728,130,2,2
728,131,2,2
728,132,2,2
728,133,2,2
728,134,2,2
728,135,2,2
728,136,2,2
728,137,2,2
728,138,2,2
728,139,2,2
728,140,2,2
728,141,2,2
728,142,2,2
728,143,2,2
728,144,2,2
728,145,2,2
728,146,2,2
728,147,2,2
728,148,2,2
728,149,2,2
728,150,2,2
728,151,2,2
728,152,2,2
728,153,2,2
728,154,2,2
728,155,2,2
728,156,2,2
728,157,2,2
728,158,2,2
728,159,2,2
728,160,2,2
728,161,2,2
728,162,2,2
728,163,2,2
728,164,2,2
728,165,2,2
728,166,2,2
728,167,2,2
728,168,2,2
728,169,2,2
728,170,2,2
728,171,2,2
728,172,2,2
728,173,2,2
728,174,2,2
728,175,2,2
728,176,2,2
728,177,2,2
728,178,2,2
728,179,2,2
728,180,2,2
728,181,2,2
728,182,2,2
728,183,2,2
728,184,2,2
728,185,2,2
728,186,2,2
728,187,2,2
728,188,2,2
728,189,2,2
728,190,2,2
728,191,2,2
728,192,2,2
728,193,2,2
728,194,2,2
728,195,2,2
728,196,2,2
728,197,2,2
728,198,2,2
728,199,2,2
728,200,2,2
728,201,2,2
728,202,2,2
728,203,2,2
728,204,2,2
728,205,2,2
728,206,2,2
728,207,2,2
728,208,2,2
728,209,2,2
728,210,2,2
728,211,2,2
728,212,2,2
728,213,2,2
728,214,2,2
728,215,2,2
728,216,2,2
728,217,2,2
728,218,2,2
728,219,2,2
728,220,2,2
728,221,2,2
728,222,2,2
728,223,2,2
728,224,2,2
728,225,2,2
728,226,2,2
728,227,2,2
728,228,2,2
728,229,2,2
728,230,2,2
728,231,2,2
728,232,2,2
728,233,2,2
728,234,2,2
728,235,2,2
728,236,2,2
728,237,2,2
728,238,2,2
728,239,2,2
728,240,2,2
728,241,2,2
728,242,2,2
728,243,2,2
728,244,2,2
728,245,2,2
728,246,2,2
728,247,2,2
728,248,2,2
728,249,2,2
728,250,2,2
728,251,2,2
728,252,2,2
728,253,2,2
728,254,2,2
728,255,2,2
728,256,2,2
728,257,2,2
728,258,2,2
728,259,2,2
728,260,2,2
728,261,2,2
728,262,2,2
728,263,2,2
728,264,2,2
728,265,2,2
728,266,2,2
728,267,2,2
728,268,2,2
728,269,2,2
728,270,2,2
728,271,2,2
728,272,2,2
728,273,2,2
728,274,2,2
728,275,2,2
728,276,2,2
728,277,2,2
728,278,2,2
728,279,2,2
728,280,2,2
728,281,2,2
728,282,2,2
728,283,2,2
728,284,2,2
728,285,2,2
728,286,2,2
728,287,2,2
728,288,2,2
728,289,2,2
728,290,2,2
728,291,2,2
728,292,2,2
728,293,2,2
728,294,2,2
728,295,2,2
728,296,2,2
728,297,2,2
728,298,2,2
728,299,2,2
728,300,2,2
728,301,2,2
728,302,2,2
728,303,2,2
728,304,2,2
728,305,2,2
728,306,2,2
728,307,2,2
728,308,2,2
728,309,2,2
728,310,2,2
728,311,2,2
728,312,2,2
728,313,2,2
728,314,2,2
728,315,2,2
728,316,2,2
728,317,2,2
728,318,2,2
728,319,2,2
728,320,2,2
728,321,2,2
728,322,2,2
728,323,2,2
728,324,2,2
728,325,2,2
728,326,2,2
728,327,2,2
728,328,2,2
728,329,2,2
728,330,2,2
728,331,2,2
728,332,2,2
728,333,2,2
728,334,2,2
728,335,2,2
728,336,2,2
728,337,2,2
728,338,2,2
728,339,2,2
728,340,2,2
728,341,2,2
728,342,2,2
728,343,2,2
728,344,2,2
728,345,2,2
728,346,2,2
728,347,2,2
728,348,2,2
728,349,2,2
728,350,2,2
728,351,2,2
728,352,2,2
728,353,2,2
728,354,2,2
728,355,2,2
728,356,2,2
728,357,2,2
728,358,2,2
728,359,2,2
728,360,2,2
728,361,2,2
728,362,2,2
728,363,2,2
728,364,2,2
728,365,2,2
728,366,2,2
728,367,2,2
728,368,2,2
728,369,2,2
728,370,2,2
728,371,2,2
728,372,2,2
728,373,2,2
728,374,2,2
728,375,2,2
728,376,2,2
728,377,2,2
728,378,2,2
728,379,2,2
728,380,2,2
728,381,2,2
728,382,2,2
728,383,2,2
728,384,2,2
728,385,2,2
728,386,2,2
728,387,2,2
728,388,2,2
728,389,2,2
728,390,2,2
728,391,2,2
728,392,2,2
728,393,2,2
728,394,2,2
728,395,2,2
728,396,2,2
728,397,2,2
728,398,2,2
728,399,2,2
728,400,2,2
728,401,2,2
728,402,2,2
728,403,2,2
728,404,2,2
728,405,2,2
728,406,2,2
728,407,2,2
728,408,2,2
728,409,2,2
728,410,2,2
728,411,2,2
728,412,2,2
728,413,2,2
728,414,2,2
728,415,2,2
728,416,2,2
728,417,2,2
728,418,2,2
728,419,2,2
728,420,2,2
728,421,2,2
728,422,2,2
728,423,2,2
728,424,2,2
729,30,2,2
729,31,2,2
729,32,2,2
729,33,2,2
729,34,2,2
729,35,2,2
729,36,2,2
729,37,2,2
729,38,2,2
729,39,2,2
729,40,2,2
729,41,2,2
729,42,2,2
729,43,2,2
729,44,2,2
729,45,2,2
729,46,2,2
729,47,2,2
729,48,2,2
729,49,2,2
729,50,2,2
729,51,2,2
729,52,2,2
729,53,2,2
729,54,2,2
729,55,2,2
729,56,2,2
729,57,2,2
729,58,2,2
729,59,2,2
729,60,2,2
729,61,2,2
729,62,2,2
729,63,2,2
729,64,2,2
729,65,2,2
729,66,2,2
729,67,2,2
729,68,2,2
729,69,2,2
729,70,2,2
729,71,2,2
729,72,2,2
729,73,2,2
729,74,2,2
729,75,2,2
729,76,2,2
729,77,2,2
729,78,2,2
729,79,2,2
729,80,2,2
729,81,2,2
729,82,2,2
729,83,2,2
729,84,2,2
729,85,2,2
729,86,2,2
729,87,2,2
729,88,2,2
729,89,2,2
729,90,2,2
729,91,2,2
729,92,2,2
729,93,2,2
729,94,2,2
729,95,2,2
729,96,2,2
729,97,2,2
729,98,2,2
729,99,2,2
729,100,2,2
729,101,2,2
729,102,2,2
729,103,2,2
729,104,2,2
729,105,2,2
729,106,2,2
729,107,2,2
729,108,2,2
729,109,2,2
729,110,2,2
729,111,2,2
729,112,2,2
729,113,2,2
729,114,2,2
729,115,2,2
729,116,2,2
729,117,2,2
729,118,2,2
729,119,2,2
729,120,2,2
729,121,2,2
729,122,2,2
729,123,2,2
729,124,2,2
729,125,2,2
729,126,2,2
729,127,2,2
729,128,2,2
729,129,2,2
729,130,2,2
729,131,2,2
729,132,2,2
729,133,2,2
729,134,2,2
729,135,2,2
729,136,2,2
729,137,2,2
729,138,2,2
729,139,2,2
729,140,2,2
729,141,2,2
729,142,2,2
729,143,2,2
729,144,2,2
729,145,2,2
729,146,2,2
729,147,2,2
729,148,2,2
729,149,2,2
729,150,2,2
729,151,2,2
729,152,2,2
729,153,2,2
729,154,2,2
729,155,2,2
729,156,2,2
729,157,2,2
729,158,2,2
729,159,2,2
729,160,2,2
729,161,2,2
729,162,2,2
729,163,2,2
729,164,2,2
729,165,2,2
729,166,2,2
729,167,2,2
729,168,2,2
729,169,2,2
729,170,2,2
729,171,2,2
729,172,2,2
729,173,2,2
729,174,2,2
729,175,2,2
729,176,2,2
729,177,2,2
729,178,2,2
729,179,2,2
729,180,2,2
729,181,2,2
729,182,2,2
729,183,2,2
729,184,2,2
729,185,2,2
729,186,2,2
729,187,2,2
729,188,2,2
729,189,2,2
729,190,2,2
729,191,2,2
729,192,2,2
729,193,2,2
729,194,2,2
729,195,2,2
729,196,2,2
729,197,2,2
729,198,2,2
729,199,2,2
729,200,2,2
729,201,2,2
729,202,2,2
729,203,2,2
729,204,2,2
729,205,2,2
729,206,2,2
729,207,2,2
729,208,2,2
729,209,2,2
729,210,2,2
729,211,2,2
729,212,2,2
729,213,2,2
729,214,2,2
729,215,2,2
729,216,2,2
729,217,2,2
729,218,2,2
729,219,2,2
729,220,2,2
729,221,2,2
729,222,2,2
729,223,2,2
729,224,2,2
729,225,2,2
729,226,2,2
729,227,2,2
729,228,2,2
729,229,2,2
729,230,2,2
729,231,2,2
729,232,2,2
729,233,2,2
729,234,2,2
729,235,2,2
729,236,2,2
729,237,2,2
729,238,2,2
729,239,2,2
729,240,2,2
729,241,2,2
729,242,2,2
729,243,2,2
729,244,2,2
729,245,2,2
729,246,2,2
729,247,2,2
729,248,2,2
729,249,2,2
729,250,2,2
729,251,2,2
729,252,2,2
729,253,2,2
729,254,2,2
729,255,2,2
729,256,2,2
729,257,2,2
729,258,2,2
729,259,2,2
729,260,2,2
729,261,2,2
729,262,2,2
729,263,2,2
729,264,2,2
729,265,2,2
729,266,2,2
729,267,2,2
729,268,2,2
729,269,2,2
729,270,2,2
729,271,2,2
729,272,2,2
729,273,2,2
729,274,2,2
729,275,2,2
729,276,2,2
729,277,2,2
729,278,2,2
729,279,2,2
729,280,2,2
729,281,2,2
729,282,2,2
729,283,2,2
729,284,2,2
729,285,2,2
729,286,2,2
729,287,2,2
729,288,2,2
729,289,2,2
729,290,2,2
729,291,2,2
729,292,2,2
729,293,2,2
729,294,2,2
729,295,2,2
729,296,2,2
729,297,2,2
729,298,2,2
729,299,2,2
729,300,2,2
729,301,2,2
729,302,2,2
729,303,2,2
729,304,2,2
729,305,2,2
729,306,2,2
729,307,2,2
729,308,2,2
729,309,2,2
729,310,2,2
729,311,2,2
729,312,2,2
729,313,2,2
729,314,2,2
729,315,2,2
729,316,2,2
729,317,2,2
729,318,2,2
729,319,2,2
729,320,2,2
729,321,2,2
729,322,2,2
729,323,2,2
729,324,2,2
729,325,2,2
729,326,2,2
729,327,2,2
729,328,2,2
729,329,2,2
729,330,2,2
729,331,2,2
729,332,2,2
729,333,2,2
729,334,2,2
729,335,2,2
729,336,2,2
729,337,2,2
729,338,2,2
729,339,2,2
729,340,2,2
729,341,2,2
729,342,2,2
729,343,2,2
729,344,2,2
729,345,2,2
729,346,2,2
729,347,2,2
729,348,2,2
729,349,2,2
729,350,2,2
729,351,2,2
729,352,2,2
729,353,2,2
729,354,2,2
729,355,2,2
729,356,2,2
729,357,2,2
729,358,2,2
729,359,2,2
729,360,2,2
729,361,2,2
729,362,2,2
729,363,2,2
729,364,2,2
729,365,2,2
729,366,2,2
729,367,2,2
729,368,2,2
729,369,2,2
729,370,2,2
729,371,2,2
729,372,2,2
729,373,2,2
729,374,2,2
729,375,2,2
729,376,2,2
729,377,2,2
729,378,2,2
729,379,2,2
729,380,2,2
729,381,2,2
729,382,2,2
729,383,2,2
729,384,2,2
729,385,2,2
729,386,2,2
729,387,2,2
729,388,2,2
729,389,2,2
729,390,2,2
729,391,2,2
729,392,2,2
729,393,2,2
729,394,2,2
729,395,2,2
729,396,2,2
729,397,2,2
729,398,2,2
729,399,2,2
729,400,2,2
729,401,2,2
729,402,2,2
729,403,2,2
729,404,2,2
729,405,2,2
729,406,2,2
729,407,2,2
729,408,2,2
729,409,2,2
729,410,2,2
729,411,2,2
729,412,2,2
729,413,2,2
729,414,2,2
729,415,2,2
729,416,2,2
729,417,2,2
729,418,2,2
729,419,2,2
729,420,2,2
729,421,2,2
729,422,2,2
729,423,2,2
729,424,2,2
729,425,2,2
730,29,2,3
730,30,2,2
730,31,2,2
730,32,2,2
730,33,2,2
730,34,2,2
730,35,2,2
730,36,2,2
730,37,2,2
730,38,2,2
730,39,2,2
730,40,2,2
730,41,2,2
730,42,2,2
730,43,2,2
730,44,2,2
730,45,2,2
730,46,2,2
730,47,2,2
730,48,2,2
730,49,2,2
730,50,2,2
730,51,2,2
730,52,2,2
730,53,2,2
730,54,2,2
730,55,2,2
730,56,2,2
730,57,2,2
730,58,2,2
730,59,2,2
730,60,2,2
730,61,2,2
730,62,2,2
730,63,2,2
730,64,2,2
730,65,2,2
730,66,2,2
730,67,2,2
730,68,2,2
730,69,2,2
730,70,2,2
730,71,2,2
730,72,2,2
730,73,2,2
730,74,2,2
730,75,2,2
730,76,2,2
730,77,2,2
730,78,2,2
730,79,2,2
730,80,2,2
730,81,2,2
730,82,2,2
730,83,2,2
730,84,2,2
730,85,2,2
730,86,2,2
730,87,2,2
730,88,2,2
730,89,2,2
730,90,2,2
730,91,2,2
730,92,2,2
730,93,2,2
730,94,2,2
730,95,2,2
730,96,2,2
730,97,2,2
730,98,2,2
730,99,2,2
730,100,2,2
730,101,2,2
730,102,2,2
730,103,2,2
730,104,2,2
730,105,2,2
730,106,2,2
730,107,2,2
730,108,2,2
730,109,2,2
730,110,2,2
730,111,2,2
730,112,2,2
730,113,2,2
730,114,2,2
730,115,2,2
730,116,2,2
730,117,2,2
730,118,2,2
730,119,2,2
730,120,2,2
730,121,2,2
730,122,2,2
730,123,2,2
730,124,2,2
730,125,2,2
730,126,2,2
730,127,2,2
730,128,2,2
730,129,2,2
730,130,2,2
730,131,2,2
730,132,2,2
730,133,2,2
730,134,2,2
730,135,2,2
730,136,2,2
730,137,2,2
730,138,2,2
730,139,2,2
730,140,2,2
730,141,2,2
730,142,2,2
730,143,2,2
730,144,2,2
730,145,2,2
730,146,2,2
730,147,2,2
730,148,2,2
730,149,2,2
730,150,2,2
730,151,2,2
730,152,2,2
730,153,2,2
730,154,2,2
730,155,2,2
730,156,2,2
730,157,2,2
730,158,2,2
730,159,2,2
730,160,2,2
730,161,2,2
730,162,2,2
730,163,2,2
730,164,2,2
730,165,2,2
730,166,2,2
730,167,2,2
730,168,2,2
730,169,2,2
730,170,2,2
730,171,2,2
730,172,2,2
730,173,2,2
730,174,2,2
730,175,2,2
730,176,2,2
730,177,2,2
730,178,2,2
730,179,2,2
730,180,2,2
730,181,2,2
730,182,2,2
730,183,2,2
730,184,2,2
730,185,2,2
730,186,2,2
730,187,2,2
730,188,2,2
730,189,2,2
730,190,2,2
730,191,2,2
730,192,2,2
730,193,2,2
730,194,2,2
730,195,2,2
730,196,2,2
730,197,2,2
730,198,2,2
730,199,2,2
730,200,2,2
730,201,2,2
730,202,2,2
730,203,2,2
730,204,2,2
730,205,2,2
730,206,2,2
730,207,2,2
730,208,2,2
730,209,2,2
730,210,2,2
730,211,2,2
730,212,2,2
730,213,2,2
730,214,2,2
730,215,2,2
730,216,2,2
730,217,2,2
730,218,2,2
730,219,2,2
730,220,2,2
730,221,2,2
730,222,2,2
730,223,2,2
730,224,2,2
730,225,2,2
730,226,2,2
730,227,2,2
730,228,2,2
730,229,2,2
730,230,2,2
730,231,2,2
730,232,2,2
730,233,2,2
730,234,2,2
730,235,2,2
730,236,2,2
730,237,2,2
730,238,2,2
730,239,2,2
730,240,2,2
730,241,2,2
730,242,2,2
730,243,2,2
730,244,2,2
730,245,2,2
730,246,2,2
730,247,2,2
730,248,2,2
730,249,2,2
730,250,2,2
730,251,2,2
730,252,2,2
730,253,2,2
730,254,2,2
730,255,2,2
730,256,2,2
730,257,2,2
730,258,2,2
730,259,2,2
730,260,2,2
730,261,2,2
730,262,2,2
730,263,2,2
730,264,2,2
730,265,2,2
730,266,2,2
730,267,2,2
730,268,2,2
730,269,2,2
730,270,2,2
730,271,2,2
730,272,2,2
730,273,2,2
730,274,2,2
730,275,2,2
730,276,2,2
730,277,2,2
730,278,2,2
730,279,2,2
730,280,2,2
730,281,2,2
730,282,2,2
730,283,2,2
730,284,2,2
730,285,2,2
730,286,2,2
730,287,2,2
730,288,2,2
730,289,2,2
730,290,2,2
730,291,2,2
730,292,2,2
730,293,2,2
730,294,2,2
730,295,2,2
730,296,2,2
730,297,2,2
730,298,2,2
730,299,2,2
730,300,2,2
730,301,2,2
730,302,2,2
730,303,2,2
730,304,2,2
730,305,2,2
730,306,2,2
730,307,2,2
730,308,2,2
730,309,2,2
730,310,2,2
730,311,2,2
730,312,2,2
730,313,2,2
730,314,2,2
730,315,2,2
730,316,2,2
730,317,2,2
730,318,2,2
730,319,2,2
730,320,2,2
730,321,2,2
730,322,2,2
730,323,2,2
730,324,2,2
730,325,2,2
730,326,2,2
730,327,2,2
730,328,2,2
730,329,2,2
730,330,2,2
730,331,2,2
730,332,2,2
730,333,2,2
730,334,2,2
730,335,2,2
730,336,2,2
730,337,2,2
730,338,2,2
730,339,2,2
730,340,2,2
730,341,2,2
730,342,2,2
730,343,2,2
730,344,2,2
730,345,2,2
730,346,2,2
730,347,2,2
730,348,2,2
730,349,2,2
730,350,2,2
730,351,2,2
730,352,2,2
730,353,2,2
730,354,2,2
730,355,2,2
730,356,2,2
730,357,2,2
730,358,2,2
730,359,2,2
730,360,2,2
730,361,2,2
730,362,2,2
730,363,2,2
730,364,2,2
730,365,2,2
730,366,2,2
730,367,2,2
730,368,2,2
730,369,2,2
730,370,2,2
730,371,2,2
730,372,2,2
730,373,2,2
730,374,2,2
730,375,2,2
730,376,2,2
730,377,2,2
730,378,2,2
730,379,2,2
730,380,2,2
730,381,2,2
730,382,2,2
730,383,2,2
730,384,2,2
730,385,2,2
730,386,2,2
730,387,2,2
730,388,2,2
730,389,2,2
730,390,2,2
730,391,2,2
730,392,2,2
730,393,2,2
730,394,2,2
730,395,2,2
730,396,2,2
730,397,2,2
730,398,2,2
730,399,2,2
730,400,2,2
730,401,2,2
730,402,2,2
730,403,2,2
730,404,2,2
730,405,2,2
730,406,2,2
730,407,2,2
730,408,2,2
730,409,2,2
730,410,2,2
730,411,2,2
730,412,2,2
730,413,2,2
730,414,2,2
730,415,2,2
730,416,2,2
730,417,2,2
730,418,2,2
730,419,2,2
730,420,2,2
730,421,2,2
730,422,2,2
730,423,2,2
730,424,2,2
730,425,2,2
730,426,2,3
731,29,2,2
731,30,2,2
731,31,2,2
731,32,2,2
731,33,2,2
731,34,2,2
731,35,2,2
731,36,2,2
731,37,2,2
731,38,2,2
731,39,2,2
731,40,2,2
731,41,2,2
731,42,2,2
731,43,2,2
731,44,2,2
731,45,2,2
731,46,2,2
731,47,2,2
731,48,2,2
731,49,2,2
731,50,2,2
731,51,2,2
731,52,2,2
731,53,2,2
731,54,2,2
731,55,2,2
731,56,2,2
731,57,2,2
731,58,2,2
731,59,2,2
731,60,2,2
731,61,2,2
731,62,2,2
731,63,2,2
731,64,2,2
731,65,2,2
731,66,2,2
731,67,2,2
731,68,2,2
731,69,2,2
731,70,2,2
731,71,2,2
731,72,2,2
731,73,2,2
731,74,2,2
731,75,2,2
731,76,2,2
731,77,2,2
731,78,2,2
731,79,2,2
731,80,2,2
731,81,2,2
731,82,2,2
731,83,2,2
731,84,2,2
731,85,2,2
731,86,2,2
731,87,2,2
731,88,2,2
731,89,2,2
731,90,2,2
731,91,2,2
731,92,2,2
731,93,2,2
731,94,2,2
731,95,2,2
731,96,2,2
731,97,2,2
731,98,2,2
731,99,2,2
731,100,2,2
731,101,2,2
731,102,2,2
731,103,2,2
731,104,2,2
731,105,2,2
731,106,2,2
731,107,2,2
731,108,2,2
731,109,2,2
731,110,2,2
731,111,2,2
731,112,2,2
731,113,2,2
731,114,2,2
731,115,2,2
731,116,2,2
731,117,2,2
731,118,2,2
731,119,2,2
731,120,2,2
731,121,2,2
731,122,2,2
731,123,2,2
731,124,2,2
731,125,2,2
731,126,2,2
731,127,2,2
731,128,2,2
731,129,2,2
731,130,2,2
731,131,2,2
731,132,2,2
731,133,2,2
731,134,2,2
731,135,2,2
731,136,2,2
731,137,2,2
731,138,2,2
731,139,2,2
731,140,2,2
731,141,2,2
731,142,2,2
731,143,2,2
731,144,2,2
731,145,2,2
731,146,2,2
731,147,2,2
731,148,2,2
731,149,2,2
731,150,2,2
731,151,2,2
731,152,2,2
731,153,2,2
731,154,2,2
731,155,2,2
731,156,2,2
731,157,2,2
731,158,2,2
731,159,2,2
731,160,2,2
731,161,2,2
731,162,2,2
731,163,2,2
731,164,2,2
731,165,2,2
731,166,2,2
731,167,2,2
731,168,2,2
731,169,2,2
731,170,2,2
731,171,2,2
731,172,2,2
731,173,2,2
731,174,2,2
731,175,2,2
731,176,2,2
731,177,2,2
731,178,2,2
731,179,2,2
731,180,2,2
731,181,2,2
731,182,2,2
731,183,2,2
731,184,2,2
731,185,2,2
731,186,2,2
731,187,2,2
731,188,2,2
731,189,2,2
731,190,2,2
731,191,2,2
731,192,2,2
731,193,2,2
731,194,2,2
731,195,2,2
731,196,2,2
731,197,2,2
731,198,2,2
731,199,2,2
731,200,2,2
731,201,2,2
731,202,2,2
731,203,2,2
731,204,2,2
731,205,2,2
731,206,2,2
731,207,2,2
731,208,2,2
731,209,2,2
731,210,2,2
731,211,2,2
731,212,2,2
731,213,2,2
731,214,2,2
731,215,2,2
731,216,2,2
731,217,2,2
731,218,2,2
731,219,2,2
731,220,2,2
731,221,2,2
731,222,2,2
731,223,2,2
731,224,2,2
731,225,2,2
731,226,2,2
731,227,2,2
731,228,2,2
731,229,2,2
731,230,2,2
731,231,2,2
731,232,2,2
731,233,2,2
731,234,2,2
731,235,2,2
731,236,2,2
731,237,2,2
731,238,2,2
731,239,2,2
731,240,2,2
731,241,2,2
731,242,2,2
731,243,2,2
731,244,2,2
731,245,2,2
731,246,2,2
731,247,2,2
731,248,2,2
731,249,2,2
731,250,2,2
731,251,2,2
731,252,2,2
731,253,2,2
731,254,2,2
731,255,2,2
731,256,2,2
731,257,2,2
731,258,2,2
731,259,2,2
731,260,2,2
731,261,2,2
731,262,2,2
731,263,2,2
731,264,2,2
731,265,2,2
731,266,2,2
731,267,2,2
731,268,2,2
731,269,2,2
731,270,2,2
731,271,2,2
731,272,2,2
731,273,2,2
731,274,2,2
731,275,2,2
731,276,2,2
731,277,2,2
731,278,2,2
731,279,2,2
731,280,2,2
731,281,2,2
731,282,2,2
731,283,2,2
731,284,2,2
731,285,2,2
731,286,2,2
731,287,2,2
731,288,2,2
731,289,2,2
731,290,2,2
731,291,2,2
731,292,2,2
731,293,2,2
731,294,2,2
731,295,2,2
731,296,2,2
731,297,2,2
731,298,2,2
731,299,2,2
731,300,2,2
731,301,2,2
731,302,2,2
731,303,2,2
731,304,2,2
731,305,2,2
731,306,2,2
731,307,2,2
731,308,2,2
731,309,2,2
731,310,2,2
731,311,2,2
731,312,2,2
731,313,2,2
731,314,2,2
731,315,2,2
731,316,2,2
731,317,2,2
731,318,2,2
731,319,2,2
731,320,2,2
731,321,2,2
731,322,2,2
731,323,2,2
731,324,2,2
731,325,2,2
731,326,2,2
731,327,2,2
731,328,2,2
731,329,2,2
731,330,2,2
731,331,2,2
731,332,2,2
731,333,2,2
731,334,2,2
731,335,2,2
731,336,2,2
731,337,2,2
731,338,2,2
731,339,2,2
731,340,2,2
731,341,2,2
731,342,2,2
731,343,2,2
731,344,2,2
731,345,2,2
731,346,2,2
731,347,2,2
731,348,2,2
731,349,2,2
731,350,2,2
731,351,2,2
731,352,2,2
731,353,2,2
731,354,2,2
731,355,2,2
731,356,2,2
731,357,2,2
731,358,2,2
731,359,2,2
731,360,2,2
731,361,2,2
731,362,2,2
731,363,2,2
731,364,2,2
731,365,2,2
731,366,2,2
731,367,2,2
731,368,2,2
731,369,2,2
731,370,2,2
731,371,2,2
731,372,2,2
731,373,2,2
731,374,2,2
731,375,2,2
731,376,2,2
731,377,2,2
731,378,2,2
731,379,2,2
731,380,2,2
731,381,2,2
731,382,2,2
731,383,2,2
731,384,2,2
731,385,2,2
731,386,2,2
731,387,2,2
731,388,2,2
731,389,2,2
731,390,2,2
731,391,2,2
731,392,2,2
731,393,2,2
731,394,2,2
731,395,2,2
731,396,2,2
731,397,2,2
731,398,2,2
731,399,2,2
731,400,2,2
731,401,2,2
731,402,2,2
731,403,2,2
731,404,2,2
731,405,2,2
731,406,2,2
731,407,2,2
731,408,2,2
731,409,2,2
731,410,2,2
731,411,2,2
731,412,2,2
731,413,2,2
731,414,2,2
731,415,2,2
731,416,2,2
731,417,2,2
731,418,2,2
731,419,2,2
731,420,2,2
731,421,2,2
731,422,2,2
731,423,2,2
731,424,2,2
731,425,2,2
731,426,2,2
732,29,2,2
732,30,2,2
732,31,2,2
732,32,2,2
732,33,2,2
732,34,2,2
732,35,2,2
732,36,2,2
732,37,2,2
732,38,2,2
732,39,2,2
732,40,2,2
732,41,2,2
732,42,2,2
732,43,2,2
732,44,2,2
732,45,2,2
732,46,2,2
732,47,2,2
732,48,2,2
732,49,2,2
732,50,2,2
732,51,2,2
732,52,2,2
732,53,2,2
732,54,2,2
732,55,2,2
732,56,2,2
732,57,2,2
732,58,2,2
732,59,2,2
732,60,2,2
732,61,2,2
732,62,2,2
732,63,2,2
732,64,2,2
732,65,2,2
732,66,2,2
732,67,2,2
732,68,2,2
732,69,2,2
732,70,2,2
732,71,2,2
732,72,2,2
732,73,2,2
732,74,2,2
732,75,2,2
732,76,2,2
732,77,2,2
732,78,2,2
732,79,2,2
732,80,2,2
732,81,2,2
732,82,2,2
732,83,2,2
732,84,2,2
732,85,2,2
732,86,2,2
732,87,2,2
732,88,2,2
732,89,2,2
732,90,2,2
732,91,2,2
732,92,2,2
732,93,2,2
732,94,2,2
732,95,2,2
732,96,2,2
732,97,2,2
732,98,2,2
732,99,2,2
732,100,2,2
732,101,2,2
732,102,2,2
732,103,2,2
732,104,2,2
732,105,2,2
732,106,2,2
732,107,2,2
732,108,2,2
732,109,2,2
732,110,2,2
732,111,2,2
732,112,2,2
732,113,2,2
732,114,2,2
732,115,2,2
732,116,2,2
732,117,2,2
732,118,2,2
732,119,2,2
732,120,2,2
732,121,2,2
732,122,2,2
732,123,2,2
732,124,2,2
732,125,2,2
732,126,2,2
732,127,2,2
732,128,2,2
732,129,2,2
732,130,2,2
732,131,2,2
732,132,2,2
732,133,2,2
732,134,2,2
732,135,2,2
732,136,2,2
732,137,2,2
732,138,2,2
732,139,2,2
732,140,2,2
732,141,2,2
732,142,2,2
732,143,2,2
732,144,2,2
732,145,2,2
732,146,2,2
732,147,2,2
732,148,2,2
732,149,2,2
732,150,2,2
732,151,2,2
732,152,2,2
732,153,2,2
732,154,2,2
732,155,2,2
732,156,2,2
732,157,2,2
732,158,2,2
732,159,2,2
732,160,2,2
732,161,2,2
732,162,2,2
732,163,2,2
732,164,2,2
732,165,2,2
732,166,2,2
732,167,2,2
732,168,2,2
732,169,2,2
732,170,2,2
732,171,2,2
732,172,2,2
732,173,2,2
732,174,2,2
732,175,2,2
732,176,2,2
732,177,2,2
732,178,2,2
732,179,2,2
732,180,2,2
732,181,2,2
732,182,2,2
732,183,2,2
732,184,2,2
732,185,2,2
732,186,2,2
732,187,2,2
732,188,2,2
732,189,2,2
732,190,2,2
732,191,2,2
732,192,2,2
732,193,2,2
732,194,2,2
732,195,2,2
732,196,2,2
732,197,2,2
732,198,2,2
732,199,2,2
732,200,2,2
732,201,2,2
732,202,2,2
732,203,2,2
732,204,2,2
732,205,2,2
732,206,2,2
732,207,2,2
732,208,2,2
732,209,2,2
732,210,2,2
732,211,2,2
732,212,2,2
732,213,2,2
732,214,2,2
732,215,2,2
732,216,2,2
732,217,2,2
732,218,2,2
732,219,2,2
732,220,2,2
732,221,2,2
732,222,2,2
732,223,2,2
732,224,2,2
732,225,2,2
732,226,2,2
732,227,2,2
732,228,2,2
732,229,2,2
732,230,2,2
732,231,2,2
732,232,2,2
732,233,2,2
732,234,2,2
732,235,2,2
732,236,2,2
732,237,2,2
732,238,2,2
732,239,2,2
732,240,2,2
732,241,2,2
732,242,2,2
732,243,2,2
732,244,2,2
732,245,2,2
732,246,2,2
732,247,2,2
732,248,2,2
732,249,2,2
732,250,2,2
732,251,2,2
732,252,2,2
732,253,2,2
732,254,2,2
732,255,2,2
732,256,2,2
732,257,2,2
732,258,2,2
732,259,2,2
732,260,2,2
732,261,2,2
732,262,2,2
732,263,2,2
732,264,2,2
732,265,2,2
732,266,2,2
732,267,2,2
732,268,2,2
732,269,2,2
732,270,2,2
732,271,2,2
732,272,2,2
732,273,2,2
732,274,2,2
732,275,2,2
732,276,2,2
732,277,2,2
732,278,2,2
732,279,2,2
732,280,2,2
732,281,2,2
732,282,2,2
732,283,2,2
732,284,2,2
732,285,2,2
732,286,2,2
732,287,2,2
732,288,2,2
732,289,2,2
732,290,2,2
732,291,2,2
732,292,2,2
732,293,2,2
732,294,2,2
732,295,2,2
732,296,2,2
732,297,2,2
732,298,2,2
732,299,2,2
732,300,2,2
732,301,2,2
732,302,2,2
732,303,2,2
732,304,2,2
732,305,2,2
732,306,2,2
732,307,2,2
732,308,2,2
732,309,2,2
732,310,2,2
732,311,2,2
732,312,2,2
732,313,2,2
732,314,2,2
732,315,2,2
732,316,2,2
732,317,2,2
732,318,2,2
732,319,2,2
732,320,2,2
732,321,2,2
732,322,2,2
732,323,2,2
732,324,2,2
732,325,2,2
732,326,2,2
732,327,2,2
732,328,2,2
732,329,2,2
732,330,2,2
732,331,2,2
732,332,2,2
732,333,2,2
732,334,2,2
732,335,2,2
732,336,2,2
732,337,2,2
732,338,2,2
732,339,2,2
732,340,2,2
732,341,2,2
732,342,2,2
732,343,2,2
732,344,2,2
732,345,2,2
732,346,2,2
732,347,2,2
732,348,2,2
732,349,2,2
732,350,2,2
732,351,2,2
732,352,2,2
732,353,2,2
732,354,2,2
732,355,2,2
732,356,2,2
732,357,2,2
732,358,2,2
732,359,2,2
732,360,2,2
732,361,2,2
732,362,2,2
732,363,2,2
732,364,2,2
732,365,2,2
732,366,2,2
732,367,2,2
732,368,2,2
732,369,2,2
732,370,2,2
732,371,2,2
732,372,2,2
732,373,2,2
732,374,2,2
732,375,2,2
732,376,2,2
732,377,2,2
732,378,2,2
732,379,2,2
732,380,2,2
732,381,2,2
732,382,2,2
732,383,2,2
732,384,2,2
732,385,2,2
732,386,2,2
732,387,2,2
732,388,2,2
732,389,2,2
732,390,2,2
732,391,2,2
732,392,2,2
732,393,2,2
732,394,2,2
732,395,2,2
732,396,2,2
732,397,2,2
732,398,2,2
732,399,2,2
732,400,2,2
732,401,2,2
732,402,2,2
732,403,2,2
732,404,2,2
732,405,2,2
732,406,2,2
732,407,2,2
732,408,2,2
732,409,2,2
732,410,2,2
732,411,2,2
732,412,2,2
732,413,2,2
732,414,2,2
732,415,2,2
732,416,2,2
732,417,2,2
732,418,2,2
732,419,2,2
732,420,2,2
732,421,2,2
732,422,2,2
732,423,2,2
732,424,2,2
732,425,2,2
732,426,2,2
733,29,2,2
733,30,2,2
733,31,2,2
733,32,2,2
733,33,2,2
733,34,2,2
733,35,2,2
733,36,2,2
733,37,2,2
733,38,2,2
733,39,2,2
733,40,2,2
733,41,2,2
733,42,2,2
733,43,2,2
733,44,2,2
733,45,2,2
733,46,2,2
733,47,2,2
733,48,2,2
733,49,2,2
733,50,2,2
733,51,2,2
733,52,2,2
733,53,2,2
733,54,2,2
733,55,2,2
733,56,2,2
733,57,2,2
733,58,2,2
733,59,2,2
733,60,2,2
733,61,2,2
733,62,2,2
733,63,2,2
733,64,2,2
733,65,2,2
733,66,2,2
733,67,2,2
733,68,2,2
733,69,2,2
733,70,2,2
733,71,2,2
733,72,2,2
733,73,2,2
733,74,2,2
733,75,2,2
733,76,2,2
733,77,2,2
733,78,2,2
733,79,2,2
733,80,2,2
733,81,2,2
733,82,2,2
733,83,2,2
733,84,2,2
733,85,2,2
733,86,2,2
733,87,2,2
733,88,2,2
733,89,2,2
733,90,2,2
733,91,2,2
733,92,2,2
733,93,2,2
733,94,2,2
733,95,2,2
733,96,2,2
733,97,2,2
733,98,2,2
733,99,2,2
733,100,2,2
733,101,2,2
733,102,2,2
733,103,2,2
733,104,2,2
733,105,2,2
733,106,2,2
733,107,2,2
733,108,2,2
733,109,2,2
733,110,2,2
733,111,2,2
733,112,2,2
733,113,2,2
733,114,2,2
733,115,2,2
733,116,2,2
733,117,2,2
733,118,2,2
733,119,2,2
733,120,2,2
733,121,2,2
733,122,2,2
733,123,2,2
733,124,2,2
733,125,2,2
733,126,2,2
733,127,2,2
733,128,2,2
733,129,2,2
733,130,2,2
733,131,2,2
733,132,2,2
733,133,2,2
733,134,2,2
733,135,2,2
733,136,2,2
733,137,2,2
733,138,2,2
733,139,2,2
733,140,2,2
733,141,2,2
733,142,2,2
733,143,2,2
733,144,2,2
733,145,2,2
733,146,2,2
733,147,2,2
733,148,2,2
733,149,2,2
733,150,2,2
733,151,2,2
733,152,2,2
733,153,2,2
733,154,2,2
733,155,2,2
733,156,2,2
733,157,2,2
733,158,2,2
733,159,2,2
733,160,2,2
733,161,2,2
733,162,2,2
733,163,2,2
733,164,2,2
733,165,2,2
733,166,2,2
733,167,2,2
733,168,2,2
733,169,2,2
733,170,2,2
733,171,2,2
733,172,2,2
733,173,2,2
733,174,2,2
733,175,2,2
733,176,2,2
733,177,2,2
733,178,2,2
733,179,2,2
733,180,2,2
733,181,2,2
733,182,2,2
733,183,2,2
733,184,2,2
733,185,2,2
733,186,2,2
733,187,2,2
733,188,2,2
733,189,2,2
733,190,2,2
733,191,2,2
733,192,2,2
733,193,2,2
733,194,2,2
733,195,2,2
733,196,2,2
733,197,2,2
733,198,2,2
733,199,2,2
733,200,2,2
733,201,2,2
733,202,2,2
733,203,2,2
733,204,2,2
733,205,2,2
733,206,2,2
733,207,2,2
733,208,2,2
733,209,2,2
733,210,2,2
733,211,2,2
733,212,2,2
733,213,2,2
733,214,2,2
733,215,2,2
733,216,2,2
733,217,2,2
733,218,2,2
733,219,2,2
733,220,2,2
733,221,2,2
733,222,2,2
733,223,2,2
733,224,2,2
733,225,2,2
733,226,2,2
733,227,2,2
733,228,2,2
733,229,2,2
733,230,2,2
733,231,2,2
733,232,2,2
733,233,2,2
733,234,2,2
733,235,2,2
733,236,2,2
733,237,2,2
733,238,2,2
733,239,2,2
733,240,2,2
733,241,2,2
733,242,2,2
733,243,2,2
733,244,2,2
733,245,2,2
733,246,2,2
733,247,2,2
733,248,2,2
733,249,2,2
733,250,2,2
733,251,2,2
733,252,2,2
733,253,2,2
733,254,2,2
733,255,2,2
733,256,2,2
733,257,2,2
733,258,2,2
733,259,2,2
733,260,2,2
733,261,2,2
733,262,2,2
733,263,2,2
733,264,2,2
733,265,2,2
733,266,2,2
733,267,2,2
733,268,2,2
733,269,2,2
733,270,2,2
733,271,2,2
733,272,2,2
733,273,2,2
733,274,2,2
733,275,2,2
733,276,2,2
733,277,2,2
733,278,2,2
733,279,2,2
733,280,2,2
733,281,2,2
733,282,2,2
733,283,2,2
733,284,2,2
733,285,2,2
733,286,2,2
733,287,2,2
733,288,2,2
733,289,2,2
733,290,2,2
733,291,2,2
733,292,2,2
733,293,2,2
733,294,2,2
733,295,2,2
733,296,2,2
733,297,2,2
733,298,2,2
733,299,2,2
733,300,2,2
733,301,2,2
733,302,2,2
733,303,2,2
733,304,2,2
733,305,2,2
733,306,2,2
733,307,2,2
733,308,2,2
733,309,2,2
733,310,2,2
733,311,2,2
733,312,2,2
733,313,2,2
733,314,2,2
733,315,2,2
733,316,2,2
733,317,2,2
733,318,2,2
733,319,2,2
733,320,2,2
733,321,2,2
733,322,2,2
733,323,2,2
733,324,2,2
733,325,2,2
733,326,2,2
733,327,2,2
733,328,2,2
733,329,2,2
733,330,2,2
733,331,2,2
733,332,2,2
733,333,2,2
733,334,2,2
733,335,2,2
733,336,2,2
733,337,2,2
733,338,2,2
733,339,2,2
733,340,2,2
733,341,2,2
733,342,2,2
733,343,2,2
733,344,2,2
733,345,2,2
733,346,2,2
733,347,2,2
733,348,2,2
733,349,2,2
733,350,2,2
733,351,2,2
733,352,2,2
733,353,2,2
733,354,2,2
733,355,2,2
733,356,2,2
733,357,2,2
733,358,2,2
733,359,2,2
733,360,2,2
733,361,2,2
733,362,2,2
733,363,2,2
733,364,2,2
733,365,2,2
733,366,2,2
733,367,2,2
733,368,2,2
733,369,2,2
733,370,2,2
733,371,2,2
733,372,2,2
733,373,2,2
733,374,2,2
733,375,2,2
733,376,2,2
733,377,2,2
733,378,2,2
733,379,2,2
733,380,2,2
733,381,2,2
733,382,2,2
733,383,2,2
733,384,2,2
733,385,2,2
733,386,2,2
733,387,2,2
733,388,2,2
733,389,2,2
733,390,2,2
733,391,2,2
733,392,2,2
733,393,2,2
733,394,2,2
733,395,2,2
733,396,2,2
733,397,2,2
733,398,2,2
733,399,2,2
733,400,2,2
733,401,2,2
733,402,2,2
733,403,2,2
733,404,2,2
733,405,2,2
733,406,2,2
733,407,2,2
733,408,2,2
733,409,2,2
733,410,2,2
733,411,2,2
733,412,2,2
733,413,2,2
733,414,2,2
733,415,2,2
733,416,2,2
733,417,2,2
733,418,2,2
733,419,2,2
733,420,2,2
733,421,2,2
733,422,2,2
733,423,2,2
733,424,2,2
733,425,2,2
733,426,2,2
733,427,2,3
734,29,2,2
734,30,2,2
734,31,2,2
734,32,2,2
734,33,2,2
734,34,2,2
734,35,2,2
734,36,2,2
734,37,2,2
734,38,2,2
734,39,2,2
734,40,2,2
734,41,2,2
734,42,2,2
734,43,2,2
734,44,2,2
734,45,2,2
734,46,2,2
734,47,2,2
734,48,2,2
734,49,2,2
734,50,2,2
734,51,2,2
734,52,2,2
734,53,2,2
734,54,2,2
734,55,2,2
734,56,2,2
734,57,2,2
734,58,2,2
734,59,2,2
734,60,2,2
734,61,2,2
734,62,2,2
734,63,2,2
734,64,2,2
734,65,2,2
734,66,2,2
734,67,2,2
734,68,2,2
734,69,2,2
734,70,2,2
734,71,2,2
734,72,2,2
734,73,2,2
734,74,2,2
734,75,2,2
734,76,2,2
734,77,2,2
734,78,2,2
734,79,2,2
734,80,2,2
734,81,2,2
734,82,2,2
734,83,2,2
734,84,2,2
734,85,2,2
734,86,2,2
734,87,2,2
734,88,2,2
734,89,2,2
734,90,2,2
734,91,2,2
734,92,2,2
734,93,2,2
734,94,2,2
734,95,2,2
734,96,2,2
734,97,2,2
734,98,2,2
734,99,2,2
734,100,2,2
734,101,2,2
734,102,2,2
734,103,2,2
734,104,2,2
734,105,2,2
734,106,2,2
734,107,2,2
734,108,2,2
734,109,2,2
734,110,2,2
734,111,2,2
734,112,2,2
734,113,2,2
734,114,2,2
734,115,2,2
734,116,2,2
734,117,2,2
734,118,2,2
734,119,2,2
734,120,2,2
734,121,2,2
734,122,2,2
734,123,2,2
734,124,2,2
734,125,2,2
734,126,2,2
734,127,2,2
734,128,2,2
734,129,2,2
734,130,2,2
734,131,2,2
734,132,2,2
734,133,2,2
734,134,2,2
734,135,2,2
734,136,2,2
734,137,2,2
734,138,2,2
734,139,2,2
734,140,2,2
734,141,2,2
734,142,2,2
734,143,2,2
734,144,2,2
734,145,2,2
734,146,2,2
734,147,2,2
734,148,2,2
734,149,2,2
734,150,2,2
734,151,2,2
734,152,2,2
734,153,2,2
734,154,2,2
734,155,2,2
734,156,2,2
734,157,2,2
734,158,2,2
734,159,2,2
734,160,2,2
734,161,2,2
734,162,2,2
734,163,2,2
734,164,2,2
734,165,2,2
734,166,2,2
734,167,2,2
734,168,2,2
734,169,2,2
734,170,2,2
734,171,2,2
734,172,2,2
734,173,2,2
734,174,2,2
734,175,2,2
734,176,2,2
734,177,2,2
734,178,2,2
734,179,2,2
734,180,2,2
734,181,2,2
734,182,2,2
734,183,2,2
734,184,2,2
734,185,2,2
734,186,2,2
734,187,2,2
734,188,2,2
734,189,2,2
734,190,2,2
734,191,2,2
734,192,2,2
734,193,2,2
734,194,2,2
734,195,2,2
734,196,2,2
734,197,2,2
734,198,2,2
734,199,2,2
734,200,2,2
734,201,2,2
734,202,2,2
734,203,2,2
734,204,2,2
734,205,2,2
734,206,2,2
734,207,2,2
734,208,2,2
734,209,2,2
734,210,2,2
734,211,2,2
734,212,2,2
734,213,2,2
734,214,2,2
734,215,2,2
734,216,2,2
734,217,2,2
734,218,2,2
734,219,2,2
734,220,2,2
734,221,2,2
734,222,2,2
734,223,2,2
734,224,2,2
734,225,2,2
734,226,2,2
734,227,2,2
734,228,2,2
734,229,2,2
734,230,2,2
734,231,2,2
734,232,2,2
734,233,2,2
734,234,2,2
734,235,2,2
734,236,2,2
734,237,2,2
734,238,2,2
734,239,2,2
734,240,2,2
734,241,2,2
734,242,2,2
734,243,2,2
734,244,2,2
734,245,2,2
734,246,2,2
734,247,2,2
734,248,2,2
734,249,2,2
734,250,2,2
734,251,2,2
734,252,2,2
734,253,2,2
734,254,2,2
734,255,2,2
734,256,2,2
734,257,2,2
734,258,2,2
734,259,2,2
734,260,2,2
734,261,2,2
734,262,2,2
734,263,2,2
734,264,2,2
734,265,2,2
734,266,2,2
734,267,2,2
734,268,2,2
734,269,2,2
734,270,2,2
734,271,2,2
734,272,2,2
734,273,2,2
734,274,2,2
734,275,2,2
734,276,2,2
734,277,2,2
734,278,2,2
734,279,2,2
734,280,2,2
734,281,2,2
734,282,2,2
734,283,2,2
734,284,2,2
734,285,2,2
734,286,2,2
734,287,2,2
734,288,2,2
734,289,2,2
734,290,2,2
734,291,2,2
734,292,2,2
734,293,2,2
734,294,2,2
734,295,2,2
734,296,2,2
734,297,2,2
734,298,2,2
734,299,2,2
734,300,2,2
734,301,2,2
734,302,2,2
734,303,2,2
734,304,2,2
734,305,2,2
734,306,2,2
734,307,2,2
734,308,2,2
734,309,2,2
734,310,2,2
734,311,2,2
734,312,2,2
734,313,2,2
734,314,2,2
734,315,2,2
734,316,2,2
734,317,2,2
734,318,2,2
734,319,2,2
734,320,2,2
734,321,2,2
734,322,2,2
734,323,2,2
734,324,2,2
734,325,2,2
734,326,2,2
734,327,2,2
734,328,2,2
734,329,2,2
734,330,2,2
734,331,2,2
734,332,2,2
734,333,2,2
734,334,2,2
734,335,2,2
734,336,2,2
734,337,2,2
734,338,2,2
734,339,2,2
734,340,2,2
734,341,2,2
734,342,2,2
734,343,2,2
734,344,2,2
734,345,2,2
734,346,2,2
734,347,2,2
734,348,2,2
734,349,2,2
734,350,2,2
734,351,2,2
734,352,2,2
734,353,2,2
734,354,2,2
734,355,2,2
734,356,2,2
734,357,2,2
734,358,2,2
734,359,2,2
734,360,2,2
734,361,2,2
734,362,2,2
734,363,2,2
734,364,2,2
734,365,2,2
734,366,2,2
734,367,2,2
734,368,2,2
734,369,2,2
734,370,2,2
734,371,2,2
734,372,2,2
734,373,2,2
734,374,2,2
734,375,2,2
734,376,2,2
734,377,2,2
734,378,2,2
734,379,2,2
734,380,2,2
734,381,2,2
734,382,2,2
734,383,2,2
734,384,2,2
734,385,2,2
734,386,2,2
734,387,2,2
734,388,2,2
734,389,2,2
734,390,2,2
734,391,2,2
734,392,2,2
734,393,2,2
734,394,2,2
734,395,2,2
734,396,2,2
734,397,2,2
734,398,2,2
734,399,2,2
734,400,2,2
734,401,2,2
734,402,2,2
734,403,2,2
734,404,2,2
734,405,2,2
734,406,2,2
734,407,2,2
734,408,2,2
734,409,2,2
734,410,2,2
734,411,2,2
734,412,2,2
734,413,2,2
734,414,2,2
734,415,2,2
734,416,2,2
734,417,2,2
734,418,2,2
734,419,2,2
734,420,2,2
734,421,2,2
734,422,2,2
734,423,2,2
734,424,2,2
734,425,2,2
734,426,2,2
734,427,2,3
735,29,2,2
735,30,2,2
735,31,2,2
735,32,2,2
735,33,2,2
735,34,2,2
735,35,2,2
735,36,2,2
735,37,2,2
735,38,2,2
735,39,2,2
735,40,2,2
735,41,2,2
735,42,2,2
735,43,2,2
735,44,2,2
735,45,2,2
735,46,2,2
735,47,2,2
735,48,2,2
735,49,2,2
735,50,2,2
735,51,2,2
735,52,2,2
735,53,2,2
735,54,2,2
735,55,2,2
735,56,2,2
735,57,2,2
735,58,2,2
735,59,2,2
735,60,2,2
735,61,2,2
735,62,2,2
735,63,2,2
735,64,2,2
735,65,2,2
735,66,2,2
735,67,2,2
735,68,2,2
735,69,2,2
735,70,2,2
735,71,2,2
735,72,2,2
735,73,2,2
735,74,2,2
735,75,2,2
735,76,2,2
735,77,2,2
735,78,2,2
735,79,2,2
735,80,2,2
735,81,2,2
735,82,2,2
735,83,2,2
735,84,2,2
735,85,2,2
735,86,2,2
735,87,2,2
735,88,2,2
735,89,2,2
735,90,2,2
735,91,2,2
735,92,2,2
735,93,2,2
735,94,2,2
735,95,2,2
735,96,2,2
735,97,2,2
735,98,2,2
735,99,2,2
735,100,2,2
735,101,2,2
735,102,2,2
735,103,2,2
735,104,2,2
735,105,2,2
735,106,2,2
735,107,2,2
735,108,2,2
735,109,2,2
735,110,2,2
735,111,2,2
735,112,2,2
735,113,2,2
735,114,2,2
735,115,2,2
735,116,2,2
735,117,2,2
735,118,2,2
735,119,2,2
735,120,2,2
735,121,2,2
735,122,2,2
735,123,2,2
735,124,2,2
735,125,2,2
735,126,2,2
735,127,2,2
735,128,2,2
735,129,2,2
735,130,2,2
735,131,2,2
735,132,2,2
735,133,2,2
735,134,2,2
735,135,2,2
735,136,2,2
735,137,2,2
735,138,2,2
735,139,2,2
735,140,2,2
735,141,2,2
735,142,2,2
735,143,2,2
735,144,2,2
735,145,2,2
735,146,2,2
735,147,2,2
735,148,2,2
735,149,2,2
735,150,2,2
735,151,2,2
735,152,2,2
735,153,2,2
735,154,2,2
735,155,2,2
735,156,2,2
735,157,2,2
735,158,2,2
735,159,2,2
735,160,2,2
735,161,2,2
735,162,2,2
735,163,2,2
735,164,2,2
735,165,2,2
735,166,2,2
735,167,2,2
735,168,2,2
735,169,2,2
735,170,2,2
735,171,2,2
735,172,2,2
735,173,2,2
735,174,2,2
735,175,2,2
735,176,2,2
735,177,2,2
735,178,2,2
735,179,2,2
735,180,2,2
735,181,2,2
735,182,2,2
735,183,2,2
735,184,2,2
735,185,2,2
735,186,2,2
735,187,2,2
735,188,2,2
735,189,2,2
735,190,2,2
735,191,2,2
735,192,2,2
735,193,2,2
735,194,2,2
735,195,2,2
735,196,2,2
735,197,2,2
735,198,2,2
735,199,2,2
735,200,2,2
735,201,2,2
735,202,2,2
735,203,2,2
735,204,2,2
735,205,2,2
735,206,2,2
735,207,2,2
735,208,2,2
735,209,2,2
735,210,2,2
735,211,2,2
735,212,2,2
735,213,2,2
735,214,2,2
735,215,2,2
735,216,2,2
735,217,2,2
735,218,2,2
735,219,2,2
735,220,2,2
735,221,2,2
735,222,2,2
735,223,2,2
735,224,2,2
735,225,2,2
735,226,2,2
735,227,2,2
735,228,2,2
735,229,2,2
735,230,2,2
735,231,2,2
735,232,2,2
735,233,2,2
735,234,2,2
735,235,2,2
735,236,2,2
735,237,2,2
735,238,2,2
735,239,2,2
735,240,2,2
735,241,2,2
735,242,2,2
735,243,2,2
735,244,2,2
735,245,2,2
735,246,2,2
735,247,2,2
735,248,2,2
735,249,2,2
735,250,2,2
735,251,2,2
735,252,2,2
735,253,2,2
735,254,2,2
735,255,2,2
735,256,2,2
735,257,2,2
735,258,2,2
735,259,2,2
735,260,2,2
735,261,2,2
735,262,2,2
735,263,2,2
735,264,2,2
735,265,2,2
735,266,2,2
735,267,2,2
735,268,2,2
735,269,2,2
735,270,2,2
735,271,2,2
735,272,2,2
735,273,2,2
735,274,2,2
735,275,2,2
735,276,2,2
735,277,2,2
735,278,2,2
735,279,2,2
735,280,2,2
735,281,2,2
735,282,2,2
735,283,2,2
735,284,2,2
735,285,2,2
735,286,2,2
735,287,2,2
735,288,2,2
735,289,2,2
735,290,2,2
735,291,2,2
735,292,2,2
735,293,2,2
735,294,2,2
735,295,2,2
735,296,2,2
735,297,2,2
735,298,2,2
735,299,2,2
735,300,2,2
735,301,2,2
735,302,2,2
735,303,2,2
735,304,2,2
735,305,2,2
735,306,2,2
735,307,2,2
735,308,2,2
735,309,2,2
735,310,2,2
735,311,2,2
735,312,2,2
735,313,2,2
735,314,2,2
735,315,2,2
735,316,2,2
735,317,2,2
735,318,2,2
735,319,2,2
735,320,2,2
735,321,2,2
735,322,2,2
735,323,2,2
735,324,2,2
735,325,2,2
735,326,2,2
735,327,2,2
735,328,2,2
735,329,2,2
735,330,2,2
735,331,2,2
735,332,2,2
735,333,2,2
735,334,2,2
735,335,2,2
735,336,2,2
735,337,2,2
735,338,2,2
735,339,2,2
735,340,2,2
735,341,2,2
735,342,2,2
735,343,2,2
735,344,2,2
735,345,2,2
735,346,2,2
735,347,2,2
735,348,2,2
735,349,2,2
735,350,2,2
735,351,2,2
735,352,2,2
735,353,2,2
735,354,2,2
735,355,2,2
735,356,2,2
735,357,2,2
735,358,2,2
735,359,2,2
735,360,2,2
735,361,2,2
735,362,2,2
735,363,2,2
735,364,2,2
735,365,2,2
735,366,2,2
735,367,2,2
735,368,2,2
735,369,2,2
735,370,2,2
735,371,2,2
735,372,2,2
735,373,2,2
735,374,2,2
735,375,2,2
735,376,2,2
735,377,2,2
735,378,2,2
735,379,2,2
735,380,2,2
735,381,2,2
735,382,2,2
735,383,2,2
735,384,2,2
735,385,2,2
735,386,2,2
735,387,2,2
735,388,2,2
735,389,2,2
735,390,2,2
735,391,2,2
735,392,2,2
735,393,2,2
735,394,2,2
735,395,2,2
735,396,2,2
735,397,2,2
735,398,2,2
735,399,2,2
735,400,2,2
735,401,2,2
735,402,2,2
735,403,2,2
735,404,2,2
735,405,2,2
735,406,2,2
735,407,2,2
735,408,2,2
735,409,2,2
735,410,2,2
735,411,2,2
735,412,2,2
735,413,2,2
735,414,2,2
735,415,2,2
735,416,2,2
735,417,2,2
735,418,2,2
735,419,2,2
735,420,2,2
735,421,2,2
735,422,2,2
735,423,2,2
735,424,2,2
735,425,2,2
735,426,2,2
735,427,2,3
736,29,2,2
736,30,2,2
736,31,2,2
736,32,2,2
736,33,2,2
736,34,2,2
736,35,2,2
736,36,2,2
736,37,2,2
736,38,2,2
736,39,2,2
736,40,2,2
736,41,2,2
736,42,2,2
736,43,2,2
736,44,2,2
736,45,2,2
736,46,2,2
736,47,2,2
736,48,2,2
736,49,2,2
736,50,2,2
736,51,2,2
736,52,2,2
736,53,2,2
736,54,2,2
736,55,2,2
736,56,2,2
736,57,2,2
736,58,2,2
736,59,2,2
736,60,2,2
736,61,2,2
736,62,2,2
736,63,2,2
736,64,2,2
736,65,2,2
736,66,2,2
736,67,2,2
736,68,2,2
736,69,2,2
736,70,2,2
736,71,2,2
736,72,2,2
736,73,2,2
736,74,2,2
736,75,2,2
736,76,2,2
736,77,2,2
736,78,2,2
736,79,2,2
736,80,2,2
736,81,2,2
736,82,2,2
736,83,2,2
736,84,2,2
736,85,2,2
736,86,2,2
736,87,2,2
736,88,2,2
736,89,2,2
736,90,2,2
736,91,2,2
736,92,2,2
736,93,2,2
736,94,2,2
736,95,2,2
736,96,2,2
736,97,2,2
736,98,2,2
736,99,2,2
736,100,2,2
736,101,2,2
736,102,2,2
736,103,2,2
736,104,2,2
736,105,2,2
736,106,2,2
736,107,2,2
736,108,2,2
736,109,2,2
736,110,2,2
736,111,2,2
736,112,2,2
736,113,2,2
736,114,2,2
736,115,2,2
736,116,2,2
736,117,2,2
736,118,2,2
736,119,2,2
736,120,2,2
736,121,2,2
736,122,2,2
736,123,2,2
736,124,2,2
736,125,2,2
736,126,2,2
736,127,2,2
736,128,2,2
736,129,2,2
736,130,2,2
736,131,2,2
736,132,2,2
736,133,2,2
736,134,2,2
736,135,2,2
736,136,2,2
736,137,2,2
736,138,2,2
736,139,2,2
736,140,2,2
736,141,2,2
736,142,2,2
736,143,2,2
736,144,2,2
736,145,2,2
736,146,2,2
736,147,2,2
736,148,2,2
736,149,2,2
736,150,2,2
736,151,2,2
736,152,2,2
736,153,2,2
736,154,2,2
736,155,2,2
736,156,2,2
736,157,2,2
736,158,2,2
736,159,2,2
736,160,2,2
736,161,2,2
736,162,2,2
736,163,2,2
736,164,2,2
736,165,2,2
736,166,2,2
736,167,2,2
736,168,2,2
736,169,2,2
736,170,2,2
736,171,2,2
736,172,2,2
736,173,2,2
736,174,2,2
736,175,2,2
736,176,2,2
736,177,2,2
736,178,2,2
736,179,2,2
736,180,2,2
736,181,2,2
736,182,2,2
736,183,2,2
736,184,2,2
736,185,2,2
736,186,2,2
736,187,2,2
736,188,2,2
736,189,2,2
736,190,2,2
736,191,2,2
736,192,2,2
736,193,2,2
736,194,2,2
736,195,2,2
736,196,2,2
736,197,2,2
736,198,2,2
736,199,2,2
736,200,2,2
736,201,2,2
736,202,2,2
736,203,2,2
736,204,2,2
736,205,2,2
736,206,2,2
736,207,2,2
736,208,2,2
736,209,2,2
736,210,2,2
736,211,2,2
736,212,2,2
736,213,2,2
736,214,2,2
736,215,2,2
736,216,2,2
736,217,2,2
736,218,2,2
736,219,2,2
736,220,2,2
736,221,2,2
736,222,2,2
736,223,2,2
736,224,2,2
736,225,2,2
736,226,2,2
736,227,2,2
736,228,2,2
736,229,2,2
736,230,2,2
736,231,2,2
736,232,2,2
736,233,2,3
736,234,2,3
736,235,2,3
736,236,2,3
736,237,2,3
736,238,2,3
736,239,2,3
736,240,2,3
736,241,2,2
736,242,2,2
736,243,2,2
736,244,2,2
736,245,2,2
736,246,2,2
736,247,2,2
736,248,2,2
736,249,2,2
736,250,2,2
736,251,2,2
736,252,2,2
736,253,2,2
736,254,2,2
736,255,2,2
736,256,2,2
736,257,2,2
736,258,2,2
736,259,2,2
736,260,2,2
736,261,2,2
736,262,2,2
736,263,2,2
736,264,2,2
736,265,2,2
736,266,2,2
736,267,2,2
736,268,2,2
736,269,2,2
736,270,2,2
736,271,2,2
736,272,2,2
736,273,2,2
736,274,2,2
736,275,2,2
736,276,2,2
736,277,2,2
736,278,2,2
736,279,2,2
736,280,2,2
736,281,2,2
736,282,2,2
736,283,2,2
736,284,2,2
736,285,2,2
736,286,2,2
736,287,2,2
736,288,2,2
736,289,2,2
736,290,2,2
736,291,2,2
736,292,2,2
736,293,2,2
736,294,2,2
736,295,2,2
736,296,2,2
736,297,2,2
736,298,2,2
736,299,2,2
736,300,2,2
736,301,2,2
736,302,2,2
736,303,2,2
736,304,2,2
736,305,2,2
736,306,2,2
736,307,2,2
736,308,2,2
736,309,2,2
736,310,2,2
736,311,2,2
736,312,2,2
736,313,2,2
736,314,2,2
736,315,2,2
736,316,2,2
736,317,2,2
736,318,2,2
736,319,2,2
736,320,2,2
736,321,2,2
736,322,2,2
736,323,2,2
736,324,2,2
736,325,2,2
736,326,2,2
736,327,2,2
736,328,2,2
736,329,2,2
736,330,2,2
736,331,2,2
736,332,2,2
736,333,2,2
736,334,2,2
736,335,2,2
736,336,2,2
736,337,2,2
736,338,2,2
736,339,2,2
736,340,2,2
736,341,2,2
736,342,2,2
736,343,2,2
736,344,2,2
736,345,2,2
736,346,2,2
736,347,2,2
736,348,2,2
736,349,2,2
736,350,2,2
736,351,2,2
736,352,2,2
736,353,2,2
736,354,2,2
736,355,2,2
736,356,2,2
736,357,2,2
736,358,2,2
736,359,2,2
736,360,2,2
736,361,2,2
736,362,2,2
736,363,2,2
736,364,2,2
736,365,2,2
736,366,2,2
736,367,2,2
736,368,2,2
736,369,2,2
736,370,2,2
736,371,2,2
736,372,2,2
736,373,2,2
736,374,2,2
736,375,2,2
736,376,2,2
736,377,2,2
736,378,2,2
736,379,2,2
736,380,2,2
736,381,2,2
736,382,2,2
736,383,2,2
736,384,2,2
736,385,2,2
736,386,2,2
736,387,2,2
736,388,2,2
736,389,2,2
736,390,2,2
736,391,2,2
736,392,2,2
736,393,2,2
736,394,2,2
736,395,2,2
736,396,2,2
736,397,2,2
736,398,2,2
736,399,2,2
736,400,2,2
736,401,2,2
736,402,2,2
736,403,2,2
736,404,2,2
736,405,2,2
736,406,2,2
736,407,2,2
736,408,2,2
736,409,2,2
736,410,2,2
736,411,2,2
736,412,2,2
736,413,2,2
736,414,2,2
736,415,2,2
736,416,2,2
736,417,2,2
736,418,2,2
736,419,2,2
736,420,2,2
736,421,2,2
736,422,2,2
736,423,2,2
736,424,2,2
736,425,2,2
736,426,2,2
736,427,2,3
736,428,2,3
737,29,2,2
737,30,2,2
737,31,2,2
737,32,2,2
737,33,2,2
737,34,2,2
737,35,2,2
737,36,2,2
737,37,2,2
737,38,2,2
737,39,2,2
737,40,2,2
737,41,2,2
737,42,2,2
737,43,2,2
737,44,2,2
737,45,2,2
737,46,2,2
737,47,2,2
737,48,2,2
737,49,2,2
737,50,2,2
737,51,2,2
737,52,2,2
737,53,2,2
737,54,2,2
737,55,2,2
737,56,2,2
737,57,2,2
737,58,2,2
737,59,2,2
737,60,2,2
737,61,2,2
737,62,2,2
737,63,2,2
737,64,2,2
737,65,2,2
737,66,2,2
737,67,2,2
737,68,2,2
737,69,2,2
737,70,2,2
737,71,2,2
737,72,2,2
737,73,2,2
737,74,2,2
737,75,2,2
737,76,2,2
737,77,2,2
737,78,2,2
737,79,2,2
737,80,2,2
737,81,2,2
737,82,2,2
737,83,2,2
737,84,2,2
737,85,2,2
737,86,2,2
737,87,2,2
737,88,2,2
737,89,2,2
737,90,2,2
737,91,2,2
737,92,2,2
737,93,2,2
737,94,2,2
737,95,2,2
737,96,2,2
737,97,2,2
737,98,2,2
737,99,2,2
737,100,2,2
737,101,2,2
737,102,2,2
737,103,2,2
737,104,2,2
737,105,2,2
737,106,2,2
737,107,2,2
737,108,2,2
737,109,2,2
737,110,2,2
737,111,2,2
737,112,2,2
737,113,2,2
737,114,2,2
737,115,2,2
737,116,2,2
737,117,2,2
737,118,2,2
737,119,2,2
737,120,2,2
737,121,2,2
737,122,2,2
737,123,2,2
737,124,2,2
737,125,2,2
737,126,2,2
737,127,2,2
737,128,2,2
737,129,2,2
737,130,2,2
737,131,2,2
737,132,2,2
737,133,2,2
737,134,2,2
737,135,2,2
737,136,2,2
737,137,2,2
737,138,2,2
737,139,2,2
737,140,2,2
737,141,2,2
737,142,2,2
737,143,2,2
737,144,2,2
737,145,2,2
737,146,2,2
737,147,2,2
737,148,2,2
737,149,2,2
737,150,2,2
737,151,2,2
737,152,2,2
737,153,2,2
737,154,2,2
737,155,2,2
737,156,2,2
737,157,2,2
737,158,2,2
737,159,2,2
737,160,2,2
737,161,2,2
737,162,2,2
737,163,2,2
737,164,2,2
737,165,2,2
737,166,2,2
737,167,2,2
737,168,2,2
737,169,2,2
737,170,2,2
737,171,2,2
737,172,2,2
737,173,2,2
737,174,2,2
737,175,2,2
737,176,2,2
737,177,2,2
737,178,2,2
737,179,2,2
737,180,2,2
737,181,2,2
737,182,2,2
737,183,2,2
737,184,2,2
737,185,2,2
737,186,2,2
737,187,2,2
737,188,2,2
737,189,2,2
737,190,2,2
737,191,2,2
737,192,2,2
737,193,2,2
737,194,2,2
737,195,2,2
737,196,2,2
737,197,2,2
737,198,2,2
737,199,2,2
737,200,2,2
737,201,2,2
737,202,2,2
737,203,2,2
737,204,2,2
737,205,2,2
737,206,2,2
737,207,2,2
737,208,2,2
737,209,2,2
737,210,2,2
737,211,2,2
737,212,2,2
737,213,2,2
737,214,2,2
737,215,2,2
737,216,2,2
737,217,2,2
737,218,2,2
737,219,2,2
737,220,2,2
737,221,2,2
737,222,2,2
737,223,2,2
737,224,2,2
737,225,2,2
737,226,2,2
737,227,2,2
737,228,2,2
737,229,2,2
737,230,2,2
737,231,2,2
737,232,2,2
737,233,2,3
737,234,2,3
737,235,2,3
737,236,2,3
737,237,2,3
737,238,2,3
737,239,2,3
737,240,2,3
737,241,2,3
737,242,2,3
737,243,2,3
737,244,2,3
737,245,2,3
737,246,2,3
737,247,2,3
737,248,2,3
737,249,2,3
737,250,2,3
737,251,2,3
737,252,2,2
737,253,2,2
737,254,2,2
737,255,2,2
737,256,2,2
737,257,2,2
737,258,2,2
737,259,2,2
737,260,2,2
737,261,2,2
737,262,2,2
737,263,2,2
737,264,2,2
737,265,2,2
737,266,2,2
737,267,2,2
737,268,2,2
737,269,2,2
737,270,2,2
737,271,2,2
737,272,2,2
737,273,2,2
737,274,2,2
737,275,2,2
737,276,2,2
737,277,2,2
737,278,2,2
737,279,2,2
737,280,2,2
737,281,2,2
737,282,2,2
737,283,2,2
737,284,2,2
737,285,2,2
737,286,2,2
737,287,2,2
737,288,2,2
737,289,2,2
737,290,2,2
737,291,2,2
737,292,2,2
737,293,2,2
737,294,2,2
737,295,2,2
737,296,2,2
737,297,2,2
737,298,2,2
737,299,2,2
737,300,2,2
737,301,2,2
737,302,2,2
737,303,2,2
737,304,2,2
737,305,2,2
737,306,2,2
737,307,2,2
737,308,2,2
737,309,2,2
737,310,2,2
737,311,2,2
737,312,2,2
737,313,2,2
737,314,2,2
737,315,2,2
737,316,2,2
737,317,2,2
737,318,2,2
737,319,2,2
737,320,2,2
737,321,2,2
737,322,2,2
737,323,2,2
737,324,2,2
737,325,2,2
737,326,2,2
737,327,2,2
737,328,2,2
737,329,2,2
737,330,2,2
737,331,2,2
737,332,2,2
737,333,2,2
737,334,2,2
737,335,2,2
737,336,2,2
737,337,2,2
737,338,2,2
737,339,2,2
737,340,2,2
737,341,2,2
737,342,2,2
737,343,2,2
737,344,2,2
737,345,2,2
737,346,2,2
737,347,2,2
737,348,2,2
737,349,2,2
737,350,2,2
737,351,2,2
737,352,2,2
737,353,2,2
737,354,2,2
737,355,2,2
737,356,2,2
737,357,2,2
737,358,2,2
737,359,2,2
737,360,2,2
737,361,2,2
737,362,2,2
737,363,2,2
737,364,2,2
737,365,2,2
737,366,2,2
737,367,2,2
737,368,2,2
737,369,2,2
737,370,2,2
737,371,2,2
737,372,2,2
737,373,2,2
737,374,2,2
737,375,2,2
737,376,2,2
737,377,2,2
737,378,2,2
737,379,2,2
737,380,2,2
737,381,2,2
737,382,2,2
737,383,2,2
737,384,2,2
737,385,2,2
737,386,2,2
737,387,2,2
737,388,2,2
737,389,2,2
737,390,2,2
737,391,2,2
737,392,2,2
737,393,2,2
737,394,2,2
737,395,2,2
737,396,2,2
737,397,2,2
737,398,2,2
737,399,2,2
737,400,2,2
737,401,2,2
737,402,2,2
737,403,2,2
737,404,2,2
737,405,2,2
737,406,2,2
737,407,2,2
737,408,2,2
737,409,2,2
737,410,2,2
737,411,2,2
737,412,2,2
737,413,2,2
737,414,2,2
737,415,2,2
737,416,2,2
737,417,2,2
737,418,2,2
737,419,2,2
737,420,2,2
737,421,2,2
737,422,2,2
737,423,2,2
737,424,2,2
737,425,2,2
737,426,2,2
737,427,2,2
737,428,2,3
737,429,2,3
738,29,2,2
738,30,2,2
738,31,2,2
738,32,2,2
738,33,2,2
738,34,2,2
738,35,2,2
738,36,2,2
738,37,2,2
738,38,2,2
738,39,2,2
738,40,2,2
738,41,2,2
738,42,2,2
738,43,2,2
738,44,2,2
738,45,2,2
738,46,2,2
738,47,2,2
738,48,2,2
738,49,2,2
738,50,2,2
738,51,2,2
738,52,2,2
738,53,2,2
738,54,2,2
738,55,2,2
738,56,2,2
738,57,2,2
738,58,2,2
738,59,2,2
738,60,2,2
738,61,2,2
738,62,2,2
738,63,2,2
738,64,2,2
738,65,2,2
738,66,2,2
738,67,2,2
738,68,2,2
738,69,2,2
738,70,2,2
738,71,2,2
738,72,2,2
738,73,2,2
738,74,2,2
738,75,2,2
738,76,2,2
738,77,2,2
738,78,2,2
738,79,2,2
738,80,2,2
738,81,2,2
738,82,2,2
738,83,2,2
738,84,2,2
738,85,2,2
738,86,2,2
738,87,2,2
738,88,2,2
738,89,2,2
738,90,2,2
738,91,2,2
738,92,2,2
738,93,2,2
738,94,2,2
738,95,2,2
738,96,2,2
738,97,2,2
738,98,2,2
738,99,2,2
738,100,2,2
738,101,2,2
738,102,2,2
738,103,2,2
738,104,2,2
738,105,2,2
738,106,2,2
738,107,2,2
738,108,2,2
738,109,2,2
738,110,2,2
738,111,2,2
738,112,2,2
738,113,2,2
738,114,2,2
738,115,2,2
738,116,2,2
738,117,2,2
738,118,2,2
738,119,2,2
738,120,2,2
738,121,2,2
738,122,2,2
738,123,2,2
738,124,2,2
738,125,2,2
738,126,2,2
738,127,2,2
738,128,2,2
738,129,2,2
738,130,2,2
738,131,2,2
738,132,2,2
738,133,2,2
738,134,2,2
738,135,2,2
738,136,2,2
738,137,2,2
738,138,2,2
738,139,2,2
738,140,2,2
738,141,2,2
738,142,2,2
738,143,2,2
738,144,2,2
738,145,2,2
738,146,2,2
738,147,2,2
738,148,2,2
738,149,2,2
738,150,2,2
738,151,2,2
738,152,2,2
738,153,2,2
738,154,2,2
738,155,2,2
738,156,2,2
738,157,2,2
738,158,2,2
738,159,2,2
738,160,2,2
738,161,2,2
738,162,2,2
738,163,2,2
738,164,2,2
738,165,2,2
738,166,2,2
738,167,2,2
738,168,2,2
738,169,2,2
738,170,2,2
738,171,2,2
738,172,2,2
738,173,2,2
738,174,2,2
738,175,2,2
738,176,2,2
738,177,2,2
738,178,2,2
738,179,2,2
738,180,2,2
738,181,2,2
738,182,2,2
738,183,2,2
738,184,2,2
738,185,2,2
738,186,2,2
738,187,2,2
738,188,2,2
738,189,2,2
738,190,2,2
738,191,2,2
738,192,2,2
738,193,2,2
738,194,2,2
738,195,2,2
738,196,2,2
738,197,2,2
738,198,2,2
738,199,2,2
738,200,2,2
738,201,2,2
738,202,2,2
738,203,2,2
738,204,2,2
738,205,2,2
738,206,2,2
738,207,2,2
738,208,2,2
738,209,2,2
738,210,2,2
738,211,2,2
738,212,2,2
738,213,2,2
738,214,2,2
738,215,2,2
738,216,2,2
738,217,2,2
738,218,2,2
738,219,2,2
738,220,2,2
738,221,2,2
738,222,2,2
738,223,2,2
738,224,2,2
738,225,2,2
738,226,2,2
738,227,2,2
738,228,2,2
738,229,2,2
738,230,2,2
738,231,2,3
738,232,2,3
738,233,2,3
738,234,2,3
738,235,2,3
738,236,2,3
738,237,2,3
738,238,2,3
738,239,2,3
738,240,2,3
738,241,2,3
738,242,2,3
738,243,2,3
738,244,2,3
738,245,2,3
738,246,2,3
738,247,2,3
738,248,2,3
738,249,2,3
738,250,2,3
738,251,2,3
738,252,2,3
738,253,2,2
738,254,2,2
738,255,2,2
738,256,2,2
738,257,2,2
738,258,2,2
738,259,2,2
738,260,2,2
738,261,2,2
738,262,2,2
738,263,2,2
738,264,2,2
738,265,2,2
738,266,2,2
738,267,2,2
738,268,2,2
738,269,2,2
738,270,2,2
738,271,2,2
738,272,2,2
738,273,2,2
738,274,2,2
738,275,2,2
738,276,2,2
738,277,2,2
738,278,2,2
738,279,2,2
738,280,2,2
738,281,2,2
738,282,2,2
738,283,2,2
738,284,2,2
738,285,2,2
738,286,2,2
738,287,2,2
738,288,2,2
738,289,2,2
738,290,2,2
738,291,2,2
738,292,2,2
738,293,2,2
738,294,2,2
738,295,2,2
738,296,2,2
738,297,2,2
738,298,2,2
738,299,2,2
738,300,2,2
738,301,2,2
738,302,2,2
738,303,2,2
738,304,2,2
738,305,2,2
738,306,2,2
738,307,2,2
738,308,2,2
738,309,2,2
738,310,2,2
738,311,2,2
738,312,2,2
738,313,2,2
738,314,2,2
738,315,2,2
738,316,2,2
738,317,2,2
738,318,2,2
738,319,2,2
738,320,2,2
738,321,2,2
738,322,2,2
738,323,2,2
738,324,2,2
738,325,2,2
738,326,2,2
738,327,2,2
738,328,2,2
738,329,2,2
738,330,2,2
738,331,2,2
738,332,2,2
738,333,2,2
738,334,2,2
738,335,2,2
738,336,2,2
738,337,2,2
738,338,2,2
738,339,2,2
738,340,2,2
738,341,2,2
738,342,2,2
738,343,2,2
738,344,2,2
738,345,2,2
738,346,2,2
738,347,2,2
738,348,2,2
738,349,2,2
738,350,2,2
738,351,2,2
738,352,2,2
738,353,2,2
738,354,2,2
738,355,2,2
738,356,2,2
738,357,2,2
738,358,2,2
738,359,2,2
738,360,2,2
738,361,2,2
738,362,2,2
738,363,2,2
738,364,2,2
738,365,2,2
738,366,2,2
738,367,2,2
738,368,2,2
738,369,2,2
738,370,2,2
738,371,2,2
738,372,2,2
738,373,2,2
738,374,2,2
738,375,2,2
738,376,2,2
738,377,2,2
738,378,2,2
738,379,2,2
738,380,2,2
738,381,2,2
738,382,2,2
738,383,2,2
738,384,2,2
738,385,2,2
738,386,2,2
738,387,2,2
738,388,2,2
738,389,2,2
738,390,2,2
738,391,2,2
738,392,2,2
738,393,2,2
738,394,2,2
738,395,2,2
738,396,2,2
738,397,2,2
738,398,2,2
738,399,2,2
738,400,2,2
738,401,2,2
738,402,2,2
738,403,2,2
738,404,2,2
738,405,2,2
738,406,2,2
738,407,2,2
738,408,2,2
738,409,2,2
738,410,2,2
738,411,2,2
738,412,2,2
738,413,2,2
738,414,2,2
738,415,2,2
738,416,2,2
738,417,2,2
738,418,2,2
738,419,2,2
738,420,2,2
738,421,2,2
738,422,2,2
738,423,2,2
738,424,2,2
738,425,2,2
738,426,2,2
738,427,2,2
738,428,2,3
738,429,2,3
738,430,2,3
739,29,2,2
739,30,2,2
739,31,2,2
739,32,2,2
739,33,2,2
739,34,2,2
739,35,2,2
739,36,2,2
739,37,2,2
739,38,2,2
739,39,2,2
739,40,2,2
739,41,2,2
739,42,2,2
739,43,2,2
739,44,2,2
739,45,2,2
739,46,2,2
739,47,2,2
739,48,2,2
739,49,2,2
739,50,2,2
739,51,2,2
739,52,2,2
739,53,2,2
739,54,2,2
739,55,2,2
739,56,2,2
739,57,2,2
739,58,2,2
739,59,2,2
739,60,2,2
739,61,2,2
739,62,2,2
739,63,2,2
739,64,2,2
739,65,2,2
739,66,2,2
739,67,2,2
739,68,2,2
739,69,2,2
739,70,2,2
739,71,2,2
739,72,2,2
739,73,2,2
739,74,2,2
739,75,2,2
739,76,2,2
739,77,2,2
739,78,2,2
739,79,2,2
739,80,2,2
739,81,2,2
739,82,2,2
739,83,2,2
739,84,2,2
739,85,2,2
739,86,2,2
739,87,2,2
739,88,2,2
739,89,2,2
739,90,2,2
739,91,2,2
739,92,2,2
739,93,2,2
739,94,2,2
739,95,2,2
739,96,2,2
739,97,2,2
739,98,2,2
739,99,2,2
739,100,2,2
739,101,2,2
739,102,2,2
739,103,2,2
739,104,2,2
739,105,2,2
739,106,2,2
739,107,2,2
739,108,2,2
739,109,2,2
739,110,2,2
739,111,2,2
739,112,2,2
739,113,2,2
739,114,2,2
739,115,2,2
739,116,2,2
739,117,2,2
739,118,2,2
739,119,2,2
739,120,2,2
739,121,2,2
739,122,2,2
739,123,2,2
739,124,2,2
739,125,2,2
739,126,2,2
739,127,2,2
739,128,2,2
739,129,2,2
739,130,2,2
739,131,2,2
739,132,2,2
739,133,2,2
739,134,2,2
739,135,2,2
739,136,2,2
739,137,2,2
739,138,2,2
739,139,2,2
739,140,2,2
739,141,2,2
739,142,2,2
739,143,2,2
739,144,2,2
739,145,2,2
739,146,2,2
739,147,2,2
739,148,2,2
739,149,2,2
739,150,2,2
739,151,2,2
739,152,2,2
739,153,2,2
739,154,2,2
739,155,2,2
739,156,2,2
739,157,2,2
739,158,2,2
739,159,2,2
739,160,2,2
739,161,2,2
739,162,2,2
739,163,2,2
739,164,2,2
739,165,2,2
739,166,2,2
739,167,2,2
739,168,2,2
739,169,2,2
739,170,2,2
739,171,2,2
739,172,2,2
739,173,2,2
739,174,2,2
739,175,2,2
739,176,2,2
739,177,2,2
739,178,2,2
739,179,2,2
739,180,2,2
739,181,2,2
739,182,2,2
739,183,2,2
739,184,2,2
739,185,2,2
739,186,2,2
739,187,2,2
739,188,2,2
739,189,2,2
739,190,2,2
739,191,2,2
739,192,2,2
739,193,2,2
739,194,2,2
739,195,2,2
739,196,2,2
739,197,2,2
739,198,2,2
739,199,2,2
739,200,2,2
739,201,2,2
739,202,2,2
739,203,2,2
739,204,2,2
739,205,2,2
739,206,2,2
739,207,2,2
739,208,2,2
739,209,2,2
739,210,2,2
739,211,2,2
739,212,2,2
739,213,2,2
739,214,2,2
739,215,2,2
739,216,2,2
739,217,2,2
739,218,2,2
739,219,2,2
739,220,2,2
739,221,2,2
739,222,2,2
739,223,2,2
739,224,2,2
739,225,2,2
739,226,2,2
739,227,2,2
739,228,2,2
739,229,2,2
739,230,2,2
739,231,2,3
739,232,2,3
739,233,2,3
739,234,2,3
739,235,2,3
739,236,2,3
739,237,2,3
739,238,2,3
739,239,2,3
739,240,2,3
739,241,2,3
739,242,2,3
739,243,2,3
739,244,2,3
739,245,2,3
739,246,2,3
739,247,2,3
739,248,2,3
739,249,2,3
739,250,2,3
739,251,2,3
739,252,2,3
739,253,2,2
739,254,2,2
739,255,2,2
739,256,2,2
739,257,2,2
739,258,2,2
739,259,2,2
739,260,2,2
739,261,2,2
739,262,2,2
739,263,2,2
739,264,2,2
739,265,2,2
739,266,2,2
739,267,2,2
739,268,2,2
739,269,2,2
739,270,2,2
739,271,2,2
739,272,2,2
739,273,2,2
739,274,2,2
739,275,2,2
739,276,2,2
739,277,2,2
739,278,2,2
739,279,2,2
739,280,2,2
739,281,2,2
739,282,2,2
739,283,2,2
739,284,2,2
739,285,2,2
739,286,2,2
739,287,2,2
739,288,2,2
739,289,2,2
739,290,2,2
739,291,2,2
739,292,2,2
739,293,2,2
739,294,2,2
739,295,2,2
739,296,2,2
739,297,2,2
739,298,2,2
739,299,2,2
739,300,2,2
739,301,2,2
739,302,2,2
739,303,2,2
739,304,2,2
739,305,2,2
739,306,2,2
739,307,2,2
739,308,2,2
739,309,2,2
739,310,2,2
739,311,2,2
739,312,2,2
739,313,2,2
739,314,2,2
739,315,2,2
739,316,2,2
739,317,2,2
739,318,2,2
739,319,2,2
739,320,2,2
739,321,2,2
739,322,2,2
739,323,2,2
739,324,2,2
739,325,2,2
739,326,2,2
739,327,2,2
739,328,2,2
739,329,2,2
739,330,2,2
739,331,2,2
739,332,2,2
739,333,2,2
739,334,2,2
739,335,2,2
739,336,2,2
739,337,2,2
739,338,2,2
739,339,2,2
739,340,2,2
739,341,2,2
739,342,2,2
739,343,2,2
739,344,2,2
739,345,2,2
739,346,2,2
739,347,2,2
739,348,2,2
739,349,2,2
739,350,2,2
739,351,2,2
739,352,2,2
739,353,2,2
739,354,2,2
739,355,2,2
739,356,2,2
739,357,2,2
739,358,2,2
739,359,2,2
739,360,2,2
739,361,2,2
739,362,2,2
739,363,2,2
739,364,2,2
739,365,2,2
739,366,2,2
739,367,2,2
739,368,2,2
739,369,2,2
739,370,2,2
739,371,2,2
739,372,2,2
739,373,2,2
739,374,2,2
739,375,2,2
739,376,2,2
739,377,2,2
739,378,2,2
739,379,2,2
739,380,2,2
739,381,2,2
739,382,2,2
739,383,2,2
739,384,2,2
739,385,2,2
739,386,2,2
739,387,2,2
739,388,2,2
739,389,2,2
739,390,2,2
739,391,2,2
739,392,2,2
739,393,2,2
739,394,2,2
739,395,2,2
739,396,2,2
739,397,2,2
739,398,2,2
739,399,2,2
739,400,2,2
739,401,2,2
739,402,2,2
739,403,2,2
739,404,2,2
739,405,2,2
739,406,2,2
739,407,2,2
739,408,2,2
739,409,2,2
739,410,2,2
739,411,2,2
739,412,2,2
739,413,2,2
739,414,2,2
739,415,2,2
739,416,2,2
739,417,2,2
739,418,2,2
739,419,2,2
739,420,2,2
739,421,2,2
739,422,2,2
739,423,2,2
739,424,2,2
739,425,2,2
739,426,2,2
739,427,2,2
739,428,2,2
739,429,2,3
739,430,2,3
740,29,2,2
740,30,2,2
740,31,2,2
740,32,2,2
740,33,2,2
740,34,2,2
740,35,2,2
740,36,2,2
740,37,2,2
740,38,2,2
740,39,2,2
740,40,2,2
740,41,2,2
740,42,2,2
740,43,2,2
740,44,2,2
740,45,2,2
740,46,2,2
740,47,2,2
740,48,2,2
740,49,2,2
740,50,2,2
740,51,2,2
740,52,2,2
740,53,2,2
740,54,2,2
740,55,2,2
740,56,2,2
740,57,2,2
740,58,2,2
740,59,2,2
740,60,2,2
740,61,2,2
740,62,2,2
740,63,2,2
740,64,2,2
740,65,2,2
740,66,2,2
740,67,2,2
740,68,2,2
740,69,2,2
740,70,2,2
740,71,2,2
740,72,2,2
740,73,2,2
740,74,2,2
740,75,2,2
740,76,2,2
740,77,2,2
740,78,2,2
740,79,2,2
740,80,2,2
740,81,2,2
740,82,2,2
740,83,2,2
740,84,2,2
740,85,2,2
740,86,2,2
740,87,2,2
740,88,2,2
740,89,2,2
740,90,2,2
740,91,2,2
740,92,2,2
740,93,2,2
740,94,2,2
740,95,2,2
740,96,2,2
740,97,2,2
740,98,2,2
740,99,2,2
740,100,2,2
740,101,2,2
740,102,2,2
740,103,2,2
740,104,2,2
740,105,2,2
740,106,2,2
740,107,2,2
740,108,2,2
740,109,2,2
740,110,2,2
740,111,2,2
740,112,2,2
740,113,2,2
740,114,2,2
740,115,2,2
740,116,2,2
740,117,2,2
740,118,2,2
740,119,2,2
740,120,2,2
740,121,2,2
740,122,2,2
740,123,2,2
740,124,2,2
740,125,2,2
740,126,2,2
740,127,2,2
740,128,2,2
740,129,2,2
740,130,2,2
740,131,2,2
740,132,2,2
740,133,2,2
740,134,2,2
740,135,2,2
740,136,2,2
740,137,2,2
740,138,2,2
740,139,2,2
740,140,2,2
740,141,2,2
740,142,2,2
740,143,2,2
740,144,2,2
740,145,2,2
740,146,2,2
740,147,2,2
740,148,2,2
740,149,2,2
740,150,2,2
740,151,2,2
740,152,2,2
740,153,2,2
740,154,2,2
740,155,2,2
740,156,2,2
740,157,2,2
740,158,2,2
740,159,2,2
740,160,2,2
740,161,2,2
740,162,2,2
740,163,2,2
740,164,2,2
740,165,2,2
740,166,2,2
740,167,2,2
740,168,2,2
740,169,2,2
740,170,2,2
740,171,2,2
740,172,2,2
740,173,2,2
740,174,2,2
740,175,2,2
740,176,2,2
740,177,2,2
740,178,2,2
740,179,2,2
740,180,2,2
740,181,2,2
740,182,2,2
740,183,2,2
740,184,2,2
740,185,2,2
740,186,2,2
740,187,2,2
740,188,2,2
740,189,2,2
740,190,2,2
740,191,2,2
740,192,2,2
740,193,2,2
740,194,2,2
740,195,2,2
740,196,2,2
740,197,2,2
740,198,2,2
740,199,2,2
740,200,2,2
740,201,2,2
740,202,2,2
740,203,2,2
740,204,2,2
740,205,2,2
740,206,2,2
740,207,2,2
740,208,2,2
740,209,2,2
740,210,2,2
740,211,2,2
740,212,2,2
740,213,2,2
740,214,2,2
740,215,2,2
740,216,2,2
740,217,2,2
740,218,2,2
740,219,2,2
740,220,2,2
740,221,2,2
740,222,2,2
740,223,2,2
740,224,2,2
740,225,2,2
740,226,2,2
740,227,2,2
740,228,2,2
740,229,2,2
740,230,2,2
740,231,2,3
740,232,2,3
740,233,2,3
740,234,2,3
740,235,2,3
740,236,2,3
740,237,2,3
740,238,2,3
740,239,2,3
740,240,2,3
740,241,2,3
740,242,2,3
740,243,2,3
740,244,2,3
740,245,2,3
740,246,2,3
740,247,2,3
740,248,2,3
740,249,2,3
740,250,2,3
740,251,2,3
740,252,2,3
740,253,2,2
740,254,2,2
740,255,2,2
740,256,2,2
740,257,2,2
740,258,2,2
740,259,2,2
740,260,2,2
740,261,2,2
740,262,2,2
740,263,2,2
740,264,2,2
740,265,2,2
740,266,2,2
740,267,2,2
740,268,2,2
740,269,2,2
740,270,2,2
740,271,2,2
740,272,2,2
740,273,2,2
740,274,2,2
740,275,2,2
740,276,2,2
740,277,2,2
740,278,2,2
740,279,2,2
740,280,2,2
740,281,2,2
740,282,2,2
740,283,2,2
740,284,2,2
740,285,2,2
740,286,2,2
740,287,2,2
740,288,2,2
740,289,2,2
740,290,2,2
740,291,2,2
740,292,2,2
740,293,2,2
740,294,2,2
740,295,2,2
740,296,2,2
740,297,2,2
740,298,2,2
740,299,2,2
740,300,2,2
740,301,2,2
740,302,2,2
740,303,2,2
740,304,2,2
740,305,2,2
740,306,2,2
740,307,2,2
740,308,2,2
740,309,2,2
740,310,2,2
740,311,2,2
740,312,2,2
740,313,2,2
740,314,2,2
740,315,2,2
740,316,2,2
740,317,2,2
740,318,2,2
740,319,2,2
740,320,2,2
740,321,2,2
740,322,2,2
740,323,2,2
740,324,2,2
740,325,2,2
740,326,2,2
740,327,2,2
740,328,2,2
740,329,2,2
740,330,2,2
740,331,2,2
740,332,2,2
740,333,2,2
740,334,2,2
740,335,2,2
740,336,2,2
740,337,2,2
740,338,2,2
740,339,2,2
740,340,2,2
740,341,2,2
740,342,2,2
740,343,2,2
740,344,2,2
740,345,2,2
740,346,2,2
740,347,2,2
740,348,2,2
740,349,2,2
740,350,2,2
740,351,2,2
740,352,2,2
740,353,2,2
740,354,2,2
740,355,2,2
740,356,2,2
740,357,2,2
740,358,2,2
740,359,2,2
740,360,2,2
740,361,2,2
740,362,2,2
740,363,2,2
740,364,2,2
740,365,2,2
740,366,2,2
740,367,2,2
740,368,2,2
740,369,2,2
740,370,2,2
740,371,2,2
740,372,2,2
740,373,2,2
740,374,2,2
740,375,2,2
740,376,2,2
740,377,2,2
740,378,2,2
740,379,2,2
740,380,2,2
740,381,2,2
740,382,2,2
740,383,2,2
740,384,2,2
740,385,2,2
740,386,2,2
740,387,2,2
740,388,2,2
740,389,2,2
740,390,2,2
740,391,2,2
740,392,2,2
740,393,2,2
740,394,2,2
740,395,2,2
740,396,2,2
740,397,2,2
740,398,2,2
740,399,2,2
740,400,2,2
740,401,2,2
740,402,2,2
740,403,2,2
740,404,2,2
740,405,2,2
740,406,2,2
740,407,2,2
740,408,2,2
740,409,2,2
740,410,2,2
740,411,2,2
740,412,2,2
740,413,2,2
740,414,2,2
740,415,2,2
740,416,2,2
740,417,2,2
740,418,2,2
740,419,2,2
740,420,2,2
740,421,2,2
740,422,2,2
740,423,2,2
740,424,2,2
740,425,2,2
740,426,2,2
740,427,2,2
740,428,2,2
740,429,2,2
740,430,2,2
740,431,2,3
741,28,2,2
741,29,2,2
741,30,2,2
741,31,2,2
741,32,2,2
741,33,2,2
741,34,2,2
741,35,2,2
741,36,2,2
741,37,2,2
741,38,2,2
741,39,2,2
741,40,2,2
741,41,2,2
741,42,2,2
741,43,2,2
741,44,2,2
741,45,2,2
741,46,2,2
741,47,2,2
741,48,2,2
741,49,2,2
741,50,2,2
741,51,2,2
741,52,2,2
741,53,2,2
741,54,2,2
741,55,2,2
741,56,2,2
741,57,2,2
741,58,2,2
741,59,2,2
741,60,2,2
741,61,2,2
741,62,2,2
741,63,2,2
741,64,2,2
741,65,2,2
741,66,2,2
741,67,2,2
741,68,2,2
741,69,2,2
741,70,2,2
741,71,2,2
741,72,2,2
741,73,2,2
741,74,2,2
741,75,2,2
741,76,2,2
741,77,2,2
741,78,2,2
741,79,2,2
741,80,2,2
741,81,2,2
741,82,2,2
741,83,2,2
741,84,2,2
741,85,2,2
741,86,2,2
741,87,2,2
741,88,2,2
741,89,2,2
741,90,2,2
741,91,2,2
741,92,2,2
741,93,2,2
741,94,2,2
741,95,2,2
741,96,2,2
741,97,2,2
741,98,2,2
741,99,2,2
741,100,2,2
741,101,2,2
741,102,2,2
741,103,2,2
741,104,2,2
741,105,2,2
741,106,2,2
741,107,2,2
741,108,2,2
741,109,2,2
741,110,2,2
741,111,2,2
741,112,2,2
741,113,2,2
741,114,2,2
741,115,2,2
741,116,2,2
741,117,2,2
741,118,2,2
741,119,2,2
741,120,2,2
741,121,2,2
741,122,2,2
741,123,2,2
741,124,2,2
741,125,2,2
741,126,2,2
741,127,2,2
741,128,2,2
741,129,2,2
741,130,2,2
741,131,2,2
741,132,2,2
741,133,2,2
741,134,2,2
741,135,2,2
741,136,2,2
741,137,2,2
741,138,2,2
741,139,2,2
741,140,2,2
741,141,2,2
741,142,2,2
741,143,2,2
741,144,2,2
741,145,2,2
741,146,2,2
741,147,2,2
741,148,2,2
741,149,2,2
741,150,2,2
741,151,2,2
741,152,2,2
741,153,2,2
741,154,2,2
741,155,2,2
741,156,2,2
741,157,2,2
741,158,2,2
741,159,2,2
741,160,2,2
741,161,2,2
741,162,2,2
741,163,2,2
741,164,2,2
741,165,2,2
741,166,2,2
741,167,2,2
741,168,2,2
741,169,2,2
741,170,2,2
741,171,2,2
741,172,2,2
741,173,2,2
741,174,2,2
741,175,2,2
741,176,2,2
741,177,2,2
741,178,2,2
741,179,2,2
741,180,2,2
741,181,2,2
741,182,2,2
741,183,2,2
741,184,2,2
741,185,2,2
741,186,2,2
741,187,2,2
741,188,2,2
741,189,2,2
741,190,2,2
741,191,2,2
741,192,2,2
741,193,2,2
741,194,2,2
741,195,2,2
741,196,2,2
741,197,2,2
741,198,2,2
741,199,2,2
741,200,2,2
741,201,2,2
741,202,2,2
741,203,2,2
741,204,2,2
741,205,2,2
741,206,2,2
741,207,2,2
741,208,2,2
741,209,2,2
741,210,2,2
741,211,2,2
741,212,2,2
741,213,2,2
741,214,2,2
741,215,2,2
741,216,2,2
741,217,2,2
741,218,2,2
741,219,2,2
741,220,2,2
741,221,2,2
741,222,2,2
741,223,2,2
741,224,2,2
741,225,2,2
741,226,2,2
741,227,2,2
741,228,2,2
741,229,2,2
741,230,2,2
741,231,2,3
741,232,2,3
741,233,2,3
741,234,2,3
741,235,2,3
741,236,2,3
741,237,2,3
741,238,2,3
741,239,2,3
741,240,2,3
741,241,2,3
741,242,2,3
741,243,2,3
741,244,2,3
741,245,2,3
741,246,2,3
741,247,2,3
741,248,2,3
741,249,2,3
741,250,2,3
741,251,2,3
741,252,2,3
741,253,2,2
741,254,2,2
741,255,2,2
741,256,2,2
741,257,2,2
741,258,2,2
741,259,2,2
741,260,2,2
741,261,2,2
741,262,2,2
741,263,2,2
741,264,2,2
741,265,2,2
741,266,2,2
741,267,2,2
741,268,2,2
741,269,2,2
741,270,2,2
741,271,2,2
741,272,2,2
741,273,2,2
741,274,2,2
741,275,2,2
741,276,2,2
741,277,2,2
741,278,2,2
741,279,2,2
741,280,2,2
741,281,2,2
741,282,2,2
741,283,2,2
741,284,2,2
741,285,2,2
741,286,2,2
741,287,2,3
741,288,2,2
741,289,2,2
741,290,2,2
741,291,2,2
741,292,2,2
741,293,2,2
741,294,2,2
741,295,2,2
741,296,2,2
741,297,2,2
741,298,2,2
741,299,2,2
741,300,2,2
741,301,2,2
741,302,2,2
741,303,2,2
741,304,2,2
741,305,2,2
741,306,2,2
741,307,2,2
741,308,2,2
741,309,2,2
741,310,2,2
741,311,2,2
741,312,2,2
741,313,2,2
741,314,2,2
741,315,2,2
741,316,2,2
741,317,2,2
741,318,2,2
741,319,2,2
741,320,2,2
741,321,2,2
741,322,2,2
741,323,2,2
741,324,2,2
741,325,2,2
741,326,2,2
741,327,2,2
741,328,2,2
741,329,2,2
741,330,2,2
741,331,2,2
741,332,2,2
741,333,2,2
741,334,2,2
741,335,2,2
741,336,2,2
741,337,2,2
741,338,2,2
741,339,2,2
741,340,2,2
741,341,2,2
741,342,2,2
741,343,2,2
741,344,2,2
741,345,2,2
741,346,2,2
741,347,2,2
741,348,2,2
741,349,2,2
741,350,2,2
741,351,2,2
741,352,2,2
741,353,2,2
741,354,2,2
741,355,2,2
741,356,2,2
741,357,2,2
741,358,2,2
741,359,2,2
741,360,2,2
741,361,2,2
741,362,2,2
741,363,2,2
741,364,2,2
741,365,2,2
741,366,2,2
741,367,2,2
741,368,2,2
741,369,2,2
741,370,2,2
741,371,2,2
741,372,2,2
741,373,2,2
741,374,2,2
741,375,2,2
741,376,2,2
741,377,2,2
741,378,2,2
741,379,2,2
741,380,2,2
741,381,2,2
741,382,2,2
741,383,2,2
741,384,2,2
741,385,2,2
741,386,2,2
741,387,2,2
741,388,2,2
741,389,2,2
741,390,2,2
741,391,2,2
741,392,2,2
741,393,2,2
741,394,2,2
741,395,2,2
741,396,2,2
741,397,2,2
741,398,2,2
741,399,2,2
741,400,2,2
741,401,2,2
741,402,2,2
741,403,2,2
741,404,2,2
741,405,2,2
741,406,2,2
741,407,2,2
741,408,2,2
741,409,2,2
741,410,2,2
741,411,2,2
741,412,2,2
741,413,2,2
741,414,2,2
741,415,2,2
741,416,2,2
741,417,2,2
741,418,2,2
741,419,2,2
741,420,2,2
741,421,2,2
741,422,2,2
741,423,2,2
741,424,2,2
741,425,2,2
741,426,2,2
741,427,2,2
741,428,2,2
741,429,2,2
741,430,2,2
741,431,2,3
741,432,2,3
741,433,2,3
742,28,2,2
742,29,2,2
742,30,2,2
742,31,2,2
742,32,2,2
742,33,2,2
742,34,2,2
742,35,2,2
742,36,2,2
742,37,2,2
742,38,2,2
742,39,2,2
742,40,2,2
742,41,2,2
742,42,2,2
742,43,2,2
742,44,2,2
742,45,2,2
742,46,2,2
742,47,2,2
742,48,2,2
742,49,2,2
742,50,2,2
742,51,2,2
742,52,2,2
742,53,2,2
742,54,2,2
742,55,2,2
742,56,2,2
742,57,2,2
742,58,2,2
742,59,2,2
742,60,2,2
742,61,2,2
742,62,2,2
742,63,2,2
742,64,2,2
742,65,2,2
742,66,2,2
742,67,2,2
742,68,2,2
742,69,2,2
742,70,2,2
742,71,2,2
742,72,2,2
742,73,2,2
742,74,2,2
742,75,2,2
742,76,2,2
742,77,2,2
742,78,2,2
742,79,2,2
742,80,2,2
742,81,2,2
742,82,2,2
742,83,2,2
742,84,2,2
742,85,2,2
742,86,2,2
742,87,2,2
742,88,2,2
742,89,2,2
742,90,2,2
742,91,2,2
742,92,2,2
742,93,2,2
742,94,2,2
742,95,2,2
742,96,2,2
742,97,2,2
742,98,2,2
742,99,2,2
742,100,2,2
742,101,2,2
742,102,2,2
742,103,2,2
742,104,2,2
742,105,2,2
742,106,2,2
742,107,2,2
742,108,2,2
742,109,2,2
742,110,2,2
742,111,2,2
742,112,2,2
742,113,2,2
742,114,2,2
742,115,2,2
742,116,2,2
742,117,2,2
742,118,2,2
742,119,2,2
742,120,2,2
742,121,2,2
742,122,2,2
742,123,2,2
742,124,2,2
742,125,2,2
742,126,2,2
742,127,2,2
742,128,2,2
742,129,2,2
742,130,2,2
742,131,2,2
742,132,2,2
742,133,2,2
742,134,2,2
742,135,2,2
742,136,2,2
742,137,2,2
742,138,2,2
742,139,2,2
742,140,2,2
742,141,2,2
742,142,2,2
742,143,2,2
742,144,2,2
742,145,2,2
742,146,2,2
742,147,2,2
742,148,2,2
742,149,2,2
742,150,2,2
742,151,2,2
742,152,2,2
742,153,2,2
742,154,2,2
742,155,2,2
742,156,2,2
742,157,2,2
742,158,2,2
742,159,2,2
742,160,2,2
742,161,2,2
742,162,2,2
742,163,2,2
742,164,2,2
742,165,2,2
742,166,2,2
742,167,2,2
742,168,2,2
742,169,2,2
742,170,2,2
742,171,2,2
742,172,2,2
742,173,2,2
742,174,2,2
742,175,2,2
742,176,2,2
742,177,2,2
742,178,2,2
742,179,2,2
742,180,2,2
742,181,2,2
742,182,2,2
742,183,2,2
742,184,2,2
742,185,2,2
742,186,2,2
742,187,2,2
742,188,2,2
742,189,2,2
742,190,2,2
742,191,2,2
742,192,2,2
742,193,2,2
742,194,2,2
742,195,2,2
742,196,2,2
742,197,2,2
742,198,2,2
742,199,2,2
742,200,2,2
742,201,2,2
742,202,2,2
742,203,2,2
742,204,2,2
742,205,2,2
742,206,2,2
742,207,2,2
742,208,2,2
742,209,2,2
742,210,2,2
742,211,2,2
742,212,2,2
742,213,2,2
742,214,2,2
742,215,2,2
742,216,2,2
742,217,2,2
742,218,2,2
742,219,2,2
742,220,2,2
742,221,2,2
742,222,2,2
742,223,2,2
742,224,2,2
742,225,2,2
742,226,2,2
742,227,2,2
742,228,2,2
742,229,2,2
742,230,2,2
742,231,2,3
742,232,2,3
742,233,2,3
742,234,2,3
742,235,2,3
742,236,2,3
742,237,2,3
742,238,2,3
742,239,2,3
742,240,2,3
742,241,2,3
742,242,2,3
742,243,2,3
742,244,2,3
742,245,2,3
742,246,2,3
742,247,2,3
742,248,2,3
742,249,2,3
742,250,2,3
742,251,2,3
742,252,2,3
742,253,2,2
742,254,2,2
742,255,2,2
742,256,2,2
742,257,2,2
742,258,2,2
742,259,2,2
742,260,2,2
742,261,2,2
742,262,2,2
742,263,2,2
742,264,2,2
742,265,2,2
742,266,2,2
742,267,2,2
742,268,2,2
742,269,2,2
742,270,2,2
742,271,2,2
742,272,2,2
742,273,2,2
742,274,2,2
742,275,2,2
742,276,2,2
742,277,2,2
742,278,2,2
742,279,2,2
742,280,2,2
742,281,2,2
742,282,2,2
742,283,2,2
742,284,2,2
742,285,2,2
742,286,2,2
742,287,2,3
742,288,2,3
742,289,2,2
742,290,2,2
742,291,2,2
742,292,2,2
742,293,2,2
742,294,2,2
742,295,2,2
742,296,2,2
742,297,2,2
742,298,2,2
742,299,2,2
742,300,2,2
742,301,2,2
742,302,2,2
742,303,2,2
742,304,2,2
742,305,2,2
742,306,2,2
742,307,2,2
742,308,2,2
742,309,2,2
742,310,2,2
742,311,2,2
742,312,2,2
742,313,2,2
742,314,2,2
742,315,2,2
742,316,2,2
742,317,2,2
742,318,2,2
742,319,2,2
742,320,2,2
742,321,2,2
742,322,2,2
742,323,2,2
742,324,2,2
742,325,2,2
742,326,2,2
742,327,2,2
742,328,2,2
742,329,2,2
742,330,2,2
742,331,2,2
742,332,2,2
742,333,2,2
742,334,2,2
742,335,2,2
742,336,2,2
742,337,2,2
742,338,2,2
742,339,2,2
742,340,2,2
742,341,2,2
742,342,2,2
742,343,2,2
742,344,2,2
742,345,2,2
742,346,2,2
742,347,2,2
742,348,2,2
742,349,2,2
742,350,2,2
742,351,2,2
742,352,2,2
742,353,2,2
742,354,2,2
742,355,2,2
742,356,2,2
742,357,2,2
742,358,2,2
742,359,2,2
742,360,2,2
742,361,2,2
742,362,2,2
742,363,2,2
742,364,2,2
742,365,2,2
742,366,2,2
742,367,2,2
742,368,2,2
742,369,2,2
742,370,2,2
742,371,2,2
742,372,2,2
742,373,2,2
742,374,2,2
742,375,2,2
742,376,2,2
742,377,2,2
742,378,2,2
742,379,2,2
742,380,2,2
742,381,2,2
742,382,2,2
742,383,2,2
742,384,2,2
742,385,2,2
742,386,2,2
742,387,2,2
742,388,2,2
742,389,2,2
742,390,2,2
742,391,2,2
742,392,2,2
742,393,2,2
742,394,2,2
742,395,2,2
742,396,2,2
742,397,2,2
742,398,2,2
742,399,2,2
742,400,2,2
742,401,2,2
742,402,2,2
742,403,2,2
742,404,2,2
742,405,2,2
742,406,2,2
742,407,2,2
742,408,2,2
742,409,2,2
742,410,2,2
742,411,2,2
742,412,2,2
742,413,2,2
742,414,2,2
742,415,2,2
742,416,2,2
742,417,2,2
742,418,2,2
742,419,2,2
742,420,2,2
742,421,2,2
742,422,2,2
742,423,2,2
742,424,2,2
742,425,2,2
742,426,2,2
742,427,2,2
742,428,2,2
742,429,2,2
742,430,2,2
742,431,2,2
742,432,2,3
742,433,2,3
742,434,2,3
743,28,2,2
743,29,2,2
743,30,2,2
743,31,2,2
743,32,2,2
743,33,2,2
743,34,2,2
743,35,2,2
743,36,2,2
743,37,2,2
743,38,2,2
743,39,2,2
743,40,2,2
743,41,2,2
743,42,2,2
743,43,2,2
743,44,2,2
743,45,2,2
743,46,2,2
743,47,2,2
743,48,2,2
743,49,2,2
743,50,2,2
743,51,2,2
743,52,2,2
743,53,2,2
743,54,2,2
743,55,2,2
743,56,2,2
743,57,2,2
743,58,2,2
743,59,2,2
743,60,2,2
743,61,2,2
743,62,2,2
743,63,2,2
743,64,2,2
743,65,2,2
743,66,2,2
743,67,2,2
743,68,2,2
743,69,2,2
743,70,2,2
743,71,2,2
743,72,2,2
743,73,2,2
743,74,2,2
743,75,2,2
743,76,2,2
743,77,2,2
743,78,2,2
743,79,2,2
743,80,2,2
743,81,2,2
743,82,2,2
743,83,2,2
743,84,2,2
743,85,2,2
743,86,2,2
743,87,2,2
743,88,2,2
743,89,2,2
743,90,2,2
743,91,2,2
743,92,2,2
743,93,2,2
743,94,2,2
743,95,2,2
743,96,2,2
743,97,2,2
743,98,2,2
743,99,2,2
743,100,2,2
743,101,2,2
743,102,2,2
743,103,2,2
743,104,2,2
743,105,2,2
743,106,2,2
743,107,2,2
743,108,2,2
743,109,2,2
743,110,2,2
743,111,2,2
743,112,2,2
743,113,2,2
743,114,2,2
743,115,2,2
743,116,2,2
743,117,2,2
743,118,2,2
743,119,2,2
743,120,2,2
743,121,2,2
743,122,2,2
743,123,2,2
743,124,2,2
743,125,2,2
743,126,2,2
743,127,2,2
743,128,2,2
743,129,2,2
743,130,2,2
743,131,2,2
743,132,2,2
743,133,2,2
743,134,2,2
743,135,2,2
743,136,2,2
743,137,2,2
743,138,2,2
743,139,2,2
743,140,2,2
743,141,2,2
743,142,2,2
743,143,2,2
743,144,2,2
743,145,2,2
743,146,2,2
743,147,2,2
743,148,2,2
743,149,2,2
743,150,2,2
743,151,2,2
743,152,2,2
743,153,2,2
743,154,2,2
743,155,2,2
743,156,2,2
743,157,2,2
743,158,2,2
743,159,2,2
743,160,2,2
743,161,2,2
743,162,2,2
743,163,2,2
743,164,2,2
743,165,2,2
743,166,2,2
743,167,2,2
743,168,2,2
743,169,2,2
743,170,2,2
743,171,2,2
743,172,2,2
743,173,2,2
743,174,2,2
743,175,2,2
743,176,2,2
743,177,2,2
743,178,2,2
743,179,2,2
743,180,2,2
743,181,2,2
743,182,2,2
743,183,2,2
743,184,2,2
743,185,2,2
743,186,2,2
743,187,2,2
743,188,2,2
743,189,2,2
743,190,2,2
743,191,2,2
743,192,2,2
743,193,2,2
743,194,2,2
743,195,2,2
743,196,2,2
743,197,2,2
743,198,2,2
743,199,2,2
743,200,2,2
743,201,2,2
743,202,2,2
743,203,2,2
743,204,2,2
743,205,2,2
743,206,2,2
743,207,2,2
743,208,2,2
743,209,2,2
743,210,2,2
743,211,2,2
743,212,2,2
743,213,2,2
743,214,2,2
743,215,2,2
743,216,2,2
743,217,2,2
743,218,2,2
743,219,2,2
743,220,2,2
743,221,2,2
743,222,2,2
743,223,2,2
743,224,2,2
743,225,2,2
743,226,2,2
743,227,2,2
743,228,2,2
743,229,2,2
743,230,2,2
743,231,2,2
743,232,2,3
743,233,2,3
743,234,2,3
743,235,2,3
743,236,2,3
743,237,2,3
743,238,2,3
743,239,2,3
743,240,2,3
743,241,2,3
743,242,2,3
743,243,2,3
743,244,2,3
743,245,2,3
743,246,2,3
743,247,2,3
743,248,2,3
743,249,2,3
743,250,2,3
743,251,2,3
743,252,2,3
743,253,2,2
743,254,2,2
743,255,2,2
743,256,2,2
743,257,2,2
743,258,2,2
743,259,2,2
743,260,2,2
743,261,2,2
743,262,2,2
743,263,2,2
743,264,2,2
743,265,2,2
743,266,2,2
743,267,2,2
743,268,2,2
743,269,2,2
743,270,2,2
743,271,2,2
743,272,2,2
743,273,2,2
743,274,2,2
743,275,2,2
743,276,2,2
743,277,2,2
743,278,2,2
743,279,2,2
743,280,2,2
743,281,2,2
743,282,2,2
743,283,2,2
743,284,2,2
743,285,2,2
743,286,2,3
743,287,2,3
743,288,2,3
743,289,2,2
743,290,2,2
743,291,2,2
743,292,2,2
743,293,2,2
743,294,2,2
743,295,2,2
743,296,2,2
743,297,2,2
743,298,2,2
743,299,2,2
743,300,2,2
743,301,2,2
743,302,2,2
743,303,2,2
743,304,2,2
743,305,2,2
743,306,2,2
743,307,2,2
743,308,2,2
743,309,2,2
743,310,2,2
743,311,2,2
743,312,2,2
743,313,2,2
743,314,2,2
743,315,2,2
743,316,2,2
743,317,2,2
743,318,2,2
743,319,2,2
743,320,2,2
743,321,2,2
743,322,2,2
743,323,2,2
743,324,2,2
743,325,2,2
743,326,2,2
743,327,2,2
743,328,2,2
743,329,2,2
743,330,2,2
743,331,2,2
743,332,2,2
743,333,2,2
743,334,2,2
743,335,2,2
743,336,2,2
743,337,2,2
743,338,2,2
743,339,2,2
743,340,2,2
743,341,2,2
743,342,2,2
743,343,2,2
743,344,2,2
743,345,2,2
743,346,2,2
743,347,2,2
743,348,2,2
743,349,2,2
743,350,2,2
743,351,2,2
743,352,2,2
743,353,2,2
743,354,2,2
743,355,2,2
743,356,2,2
743,357,2,2
743,358,2,2
743,359,2,2
743,360,2,2
743,361,2,2
743,362,2,2
743,363,2,2
743,364,2,2
743,365,2,2
743,366,2,2
743,367,2,2
743,368,2,2
743,369,2,2
743,370,2,2
743,371,2,2
743,372,2,2
743,373,2,2
743,374,2,2
743,375,2,2
743,376,2,2
743,377,2,2
743,378,2,2
743,379,2,2
743,380,2,2
743,381,2,2
743,382,2,2
743,383,2,2
743,384,2,2
743,385,2,2
743,386,2,2
743,387,2,2
743,388,2,2
743,389,2,2
743,390,2,2
743,391,2,2
743,392,2,2
743,393,2,2
743,394,2,2
743,395,2,2
743,396,2,2
743,397,2,2
743,398,2,2
743,399,2,2
743,400,2,2
743,401,2,2
743,402,2,2
743,403,2,2
743,404,2,2
743,405,2,2
743,406,2,2
743,407,2,2
743,408,2,2
743,409,2,2
743,410,2,2
743,411,2,2
743,412,2,2
743,413,2,2
743,414,2,2
743,415,2,2
743,416,2,2
743,417,2,2
743,418,2,2
743,419,2,2
743,420,2,2
743,421,2,2
743,422,2,2
743,423,2,2
743,424,2,2
743,425,2,2
743,426,2,2
743,427,2,2
743,428,2,2
743,429,2,2
743,430,2,2
743,431,2,2
743,432,2,2
743,433,2,2
743,434,2,3
744,28,2,2
744,29,2,2
744,30,2,2
744,31,2,2
744,32,2,2
744,33,2,2
744,34,2,2
744,35,2,2
744,36,2,2
744,37,2,2
744,38,2,2
744,39,2,2
744,40,2,2
744,41,2,2
744,42,2,2
744,43,2,2
744,44,2,2
744,45,2,2
744,46,2,2
744,47,2,2
744,48,2,2
744,49,2,2
744,50,2,2
744,51,2,2
744,52,2,2
744,53,2,2
744,54,2,2
744,55,2,2
744,56,2,2
744,57,2,2
744,58,2,2
744,59,2,2
744,60,2,2
744,61,2,2
744,62,2,2
744,63,2,2
744,64,2,2
744,65,2,2
744,66,2,2
744,67,2,2
744,68,2,2
744,69,2,2
744,70,2,2
744,71,2,2
744,72,2,2
744,73,2,2
744,74,2,2
744,75,2,2
744,76,2,2
744,77,2,2
744,78,2,2
744,79,2,2
744,80,2,2
744,81,2,2
744,82,2,2
744,83,2,2
744,84,2,2
744,85,2,2
744,86,2,2
744,87,2,2
744,88,2,2
744,89,2,2
744,90,2,2
744,91,2,2
744,92,2,2
744,93,2,2
744,94,2,2
744,95,2,2
744,96,2,2
744,97,2,2
744,98,2,2
744,99,2,2
744,100,2,2
744,101,2,2
744,102,2,2
744,103,2,2
744,104,2,2
744,105,2,2
744,106,2,2
744,107,2,2
744,108,2,2
744,109,2,2
744,110,2,2
744,111,2,2
744,112,2,2
744,113,2,2
744,114,2,2
744,115,2,2
744,116,2,2
744,117,2,2
744,118,2,2
744,119,2,2
744,120,2,2
744,121,2,2
744,122,2,2
744,123,2,2
744,124,2,2
744,125,2,2
744,126,2,2
744,127,2,2
744,128,2,2
744,129,2,2
744,130,2,2
744,131,2,2
744,132,2,2
744,133,2,2
744,134,2,2
744,135,2,2
744,136,2,2
744,137,2,2
744,138,2,2
744,139,2,2
744,140,2,2
744,141,2,2
744,142,2,2
744,143,2,2
744,144,2,2
744,145,2,2
744,146,2,2
744,147,2,2
744,148,2,2
744,149,2,2
744,150,2,2
744,151,2,2
744,152,2,2
744,153,2,2
744,154,2,2
744,155,2,2
744,156,2,2
744,157,2,2
744,158,2,2
744,159,2,2
744,160,2,2
744,161,2,2
744,162,2,2
744,163,2,2
744,164,2,2
744,165,2,2
744,166,2,2
744,167,2,2
744,168,2,2
744,169,2,2
744,170,2,2
744,171,2,2
744,172,2,2
744,173,2,2
744,174,2,2
744,175,2,2
744,176,2,2
744,177,2,2
744,178,2,2
744,179,2,2
744,180,2,2
744,181,2,2
744,182,2,2
744,183,2,2
744,184,2,2
744,185,2,2
744,186,2,2
744,187,2,2
744,188,2,2
744,189,2,2
744,190,2,2
744,191,2,2
744,192,2,2
744,193,2,2
744,194,2,2
744,195,2,2
744,196,2,2
744,197,2,2
744,198,2,2
744,199,2,2
744,200,2,2
744,201,2,2
744,202,2,2
744,203,2,2
744,204,2,2
744,205,2,2
744,206,2,2
744,207,2,2
744,208,2,2
744,209,2,2
744,210,2,2
744,211,2,2
744,212,2,2
744,213,2,2
744,214,2,2
744,215,2,2
744,216,2,2
744,217,2,2
744,218,2,2
744,219,2,2
744,220,2,2
744,221,2,2
744,222,2,2
744,223,2,2
744,224,2,2
744,225,2,2
744,226,2,2
744,227,2,2
744,228,2,2
744,229,2,2
744,230,2,2
744,231,2,2
744,232,2,3
744,233,2,3
744,234,2,3
744,235,2,3
744,236,2,3
744,237,2,3
744,238,2,3
744,239,2,3
744,240,2,3
744,241,2,3
744,242,2,3
744,243,2,3
744,244,2,3
744,245,2,3
744,246,2,3
744,247,2,3
744,248,2,3
744,249,2,3
744,250,2,3
744,251,2,3
744,252,2,3
744,253,2,2
744,254,2,2
744,255,2,2
744,256,2,2
744,257,2,2
744,258,2,2
744,259,2,2
744,260,2,2
744,261,2,2
744,262,2,2
744,263,2,2
744,264,2,2
744,265,2,2
744,266,2,2
744,267,2,2
744,268,2,2
744,269,2,2
744,270,2,2
744,271,2,2
744,272,2,2
744,273,2,2
744,274,2,2
744,275,2,2
744,276,2,2
744,277,2,2
744,278,2,2
744,279,2,2
744,280,2,2
744,281,2,2
744,282,2,2
744,283,2,2
744,284,2,2
744,285,2,2
744,286,2,3
744,287,2,3
744,288,2,3
744,289,2,2
744,290,2,2
744,291,2,2
744,292,2,2
744,293,2,2
744,294,2,2
744,295,2,2
744,296,2,2
744,297,2,2
744,298,2,2
744,299,2,2
744,300,2,2
744,301,2,2
744,302,2,2
744,303,2,2
744,304,2,2
744,305,2,2
744,306,2,2
744,307,2,2
744,308,2,2
744,309,2,2
744,310,2,2
744,311,2,2
744,312,2,2
744,313,2,2
744,314,2,2
744,315,2,2
744,316,2,2
744,317,2,2
744,318,2,2
744,319,2,2
744,320,2,2
744,321,2,2
744,322,2,2
744,323,2,2
744,324,2,2
744,325,2,2
744,326,2,2
744,327,2,2
744,328,2,2
744,329,2,2
744,330,2,2
744,331,2,2
744,332,2,2
744,333,2,2
744,334,2,2
744,335,2,2
744,336,2,2
744,337,2,2
744,338,2,2
744,339,2,2
744,340,2,2
744,341,2,2
744,342,2,2
744,343,2,2
744,344,2,2
744,345,2,2
744,346,2,2
744,347,2,2
744,348,2,2
744,349,2,2
744,350,2,2
744,351,2,2
744,352,2,2
744,353,2,2
744,354,2,2
744,355,2,2
744,356,2,2
744,357,2,2
744,358,2,2
744,359,2,2
744,360,2,2
744,361,2,2
744,362,2,2
744,363,2,2
744,364,2,2
744,365,2,2
744,366,2,2
744,367,2,2
744,368,2,2
744,369,2,2
744,370,2,2
744,371,2,2
744,372,2,2
744,373,2,2
744,374,2,2
744,375,2,2
744,376,2,2
744,377,2,2
744,378,2,2
744,379,2,2
744,380,2,2
744,381,2,2
744,382,2,2
744,383,2,2
744,384,2,2
744,385,2,2
744,386,2,2
744,387,2,2
744,388,2,2
744,389,2,2
744,390,2,2
744,391,2,2
744,392,2,2
744,393,2,2
744,394,2,2
744,395,2,2
744,396,2,2
744,397,2,2
744,398,2,2
744,399,2,2
744,400,2,2
744,401,2,2
744,402,2,2
744,403,2,2
744,404,2,2
744,405,2,2
744,406,2,2
744,407,2,2
744,408,2,2
744,409,2,2
744,410,2,2
744,411,2,2
744,412,2,2
744,413,2,2
744,414,2,2
744,415,2,2
744,416,2,2
744,417,2,2
744,418,2,2
744,419,2,2
744,420,2,2
744,421,2,2
744,422,2,2
744,423,2,2
744,424,2,2
744,425,2,2
744,426,2,2
744,427,2,2
744,428,2,2
744,429,2,2
744,430,2,2
744,431,2,2
744,432,2,2
744,433,2,2
744,434,2,3
745,28,2,2
745,29,2,2
745,30,2,2
745,31,2,2
745,32,2,2
745,33,2,2
745,34,2,2
745,35,2,2
745,36,2,2
745,37,2,2
745,38,2,2
745,39,2,2
745,40,2,2
745,41,2,2
745,42,2,2
745,43,2,2
745,44,2,2
745,45,2,2
745,46,2,2
745,47,2,2
745,48,2,2
745,49,2,2
745,50,2,2
745,51,2,2
745,52,2,2
745,53,2,2
745,54,2,2
745,55,2,2
745,56,2,2
745,57,2,2
745,58,2,2
745,59,2,2
745,60,2,2
745,61,2,2
745,62,2,2
745,63,2,2
745,64,2,2
745,65,2,2
745,66,2,2
745,67,2,2
745,68,2,2
745,69,2,2
745,70,2,2
745,71,2,2
745,72,2,2
745,73,2,2
745,74,2,2
745,75,2,2
745,76,2,2
745,77,2,2
745,78,2,2
745,79,2,2
745,80,2,2
745,81,2,2
745,82,2,2
745,83,2,2
745,84,2,2
745,85,2,2
745,86,2,2
745,87,2,2
745,88,2,2
745,89,2,2
745,90,2,2
745,91,2,2
745,92,2,2
745,93,2,2
745,94,2,2
745,95,2,2
745,96,2,2
745,97,2,2
745,98,2,2
745,99,2,2
745,100,2,2
745,101,2,2
745,102,2,2
745,103,2,2
745,104,2,2
745,105,2,2
745,106,2,2
745,107,2,2
745,108,2,2
745,109,2,2
745,110,2,2
745,111,2,2
745,112,2,2
745,113,2,2
745,114,2,2
745,115,2,2
745,116,2,2
745,117,2,2
745,118,2,2
745,119,2,2
745,120,2,2
745,121,2,2
745,122,2,2
745,123,2,2
745,124,2,2
745,125,2,2
745,126,2,2
745,127,2,2
745,128,2,2
745,129,2,2
745,130,2,2
745,131,2,2
745,132,2,2
745,133,2,2
745,134,2,2
745,135,2,2
745,136,2,2
745,137,2,2
745,138,2,2
745,139,2,2
745,140,2,2
745,141,2,2
745,142,2,2
745,143,2,2
745,144,2,2
745,145,2,2
745,146,2,2
745,147,2,2
745,148,2,2
745,149,2,2
745,150,2,2
745,151,2,2
745,152,2,2
745,153,2,2
745,154,2,2
745,155,2,2
745,156,2,2
745,157,2,2
745,158,2,2
745,159,2,2
745,160,2,2
745,161,2,2
745,162,2,2
745,163,2,2
745,164,2,2
745,165,2,2
745,166,2,2
745,167,2,2
745,168,2,2
745,169,2,2
745,170,2,2
745,171,2,2
745,172,2,2
745,173,2,2
745,174,2,2
745,175,2,2
745,176,2,2
745,177,2,2
745,178,2,2
745,179,2,2
745,180,2,2
745,181,2,2
745,182,2,2
745,183,2,2
745,184,2,2
745,185,2,2
745,186,2,2
745,187,2,2
745,188,2,2
745,189,2,2
745,190,2,2
745,191,2,2
745,192,2,2
745,193,2,2
745,194,2,2
745,195,2,2
745,196,2,2
745,197,2,2
745,198,2,2
745,199,2,2
745,200,2,2
745,201,2,2
745,202,2,2
745,203,2,2
745,204,2,2
745,205,2,2
745,206,2,2
745,207,2,2
745,208,2,2
745,209,2,2
745,210,2,2
745,211,2,2
745,212,2,2
745,213,2,2
745,214,2,2
745,215,2,2
745,216,2,2
745,217,2,2
745,218,2,2
745,219,2,2
745,220,2,2
745,221,2,2
745,222,2,2
745,223,2,2
745,224,2,2
745,225,2,2
745,226,2,2
745,227,2,2
745,228,2,2
745,229,2,2
745,230,2,2
745,231,2,2
745,232,2,2
745,233,2,3
745,234,2,3
745,235,2,3
745,236,2,3
745,237,2,3
745,238,2,3
745,239,2,3
745,240,2,3
745,241,2,3
745,242,2,3
745,243,2,3
745,244,2,3
745,245,2,3
745,246,2,3
745,247,2,3
745,248,2,3
745,249,2,3
745,250,2,3
745,251,2,3
745,252,2,2
745,253,2,2
745,254,2,2
745,255,2,2
745,256,2,2
745,257,2,2
745,258,2,2
745,259,2,2
745,260,2,2
745,261,2,2
745,262,2,2
745,263,2,2
745,264,2,2
745,265,2,2
745,266,2,2
745,267,2,2
745,268,2,2
745,269,2,2
745,270,2,2
745,271,2,2
745,272,2,2
745,273,2,2
745,274,2,2
745,275,2,2
745,276,2,2
745,277,2,2
745,278,2,2
745,279,2,2
745,280,2,2
745,281,2,2
745,282,2,2
745,283,2,2
745,284,2,2
745,285,2,2
745,286,2,2
745,287,2,2
745,288,2,2
745,289,2,2
745,290,2,2
745,291,2,2
745,292,2,2
745,293,2,2
745,294,2,2
745,295,2,2
745,296,2,2
745,297,2,2
745,298,2,2
745,299,2,2
745,300,2,2
745,301,2,2
745,302,2,2
745,303,2,2
745,304,2,2
745,305,2,2
745,306,2,2
745,307,2,2
745,308,2,2
745,309,2,2
745,310,2,2
745,311,2,2
745,312,2,2
745,313,2,2
745,314,2,2
745,315,2,2
745,316,2,2
745,317,2,2
745,318,2,2
745,319,2,2
745,320,2,2
745,321,2,2
745,322,2,2
745,323,2,2
745,324,2,2
745,325,2,2
745,326,2,2
745,327,2,2
745,328,2,2
745,329,2,2
745,330,2,2
745,331,2,2
745,332,2,2
745,333,2,2
745,334,2,2
745,335,2,2
745,336,2,2
745,337,2,2
745,338,2,2
745,339,2,2
745,340,2,2
745,341,2,2
745,342,2,2
745,343,2,2
745,344,2,2
745,345,2,2
745,346,2,2
745,347,2,2
745,348,2,2
745,349,2,2
745,350,2,2
745,351,2,2
745,352,2,2
745,353,2,2
745,354,2,2
745,355,2,2
745,356,2,2
745,357,2,2
745,358,2,2
745,359,2,2
745,360,2,2
745,361,2,2
745,362,2,2
745,363,2,2
745,364,2,2
745,365,2,2
745,366,2,2
745,367,2,2
745,368,2,2
745,369,2,2
745,370,2,2
745,371,2,2
745,372,2,2
745,373,2,2
745,374,2,2
745,375,2,2
745,376,2,2
745,377,2,2
745,378,2,2
745,379,2,2
745,380,2,2
745,381,2,2
745,382,2,2
745,383,2,2
745,384,2,2
745,385,2,2
745,386,2,2
745,387,2,2
745,388,2,2
745,389,2,2
745,390,2,2
745,391,2,2
745,392,2,2
745,393,2,2
745,394,2,2
745,395,2,2
745,396,2,2
745,397,2,2
745,398,2,2
745,399,2,2
745,400,2,2
745,401,2,2
745,402,2,2
745,403,2,2
745,404,2,2
745,405,2,2
745,406,2,2
745,407,2,2
745,408,2,2
745,409,2,2
745,410,2,2
745,411,2,2
745,412,2,2
745,413,2,2
745,414,2,2
745,415,2,2
745,416,2,2
745,417,2,2
745,418,2,2
745,419,2,2
745,420,2,2
745,421,2,2
745,422,2,2
745,423,2,2
745,424,2,2
745,425,2,2
745,426,2,2
745,427,2,2
745,428,2,2
745,429,2,2
745,430,2,2
745,431,2,2
745,432,2,2
745,433,2,2
745,434,2,2
745,435,2,3
746,28,2,2
746,29,2,2
746,30,2,2
746,31,2,2
746,32,2,2
746,33,2,2
746,34,2,2
746,35,2,2
746,36,2,2
746,37,2,2
746,38,2,2
746,39,2,2
746,40,2,2
746,41,2,2
746,42,2,2
746,43,2,2
746,44,2,2
746,45,2,2
746,46,2,2
746,47,2,2
746,48,2,2
746,49,2,2
746,50,2,2
746,51,2,2
746,52,2,2
746,53,2,2
746,54,2,2
746,55,2,2
746,56,2,2
746,57,2,2
746,58,2,2
746,59,2,2
746,60,2,2
746,61,2,2
746,62,2,2
746,63,2,2
746,64,2,2
746,65,2,2
746,66,2,2
746,67,2,2
746,68,2,2
746,69,2,2
746,70,2,2
746,71,2,2
746,72,2,2
746,73,2,2
746,74,2,2
746,75,2,2
746,76,2,2
746,77,2,2
746,78,2,2
746,79,2,2
746,80,2,2
746,81,2,2
746,82,2,2
746,83,2,2
746,84,2,2
746,85,2,2
746,86,2,2
746,87,2,2
746,88,2,2
746,89,2,2
746,90,2,2
746,91,2,2
746,92,2,2
746,93,2,2
746,94,2,2
746,95,2,2
746,96,2,2
746,97,2,2
746,98,2,2
746,99,2,2
746,100,2,2
746,101,2,2
746,102,2,2
746,103,2,2
746,104,2,2
746,105,2,2
746,106,2,2
746,107,2,2
746,108,2,2
746,109,2,2
746,110,2,2
746,111,2,2
746,112,2,2
746,113,2,2
746,114,2,2
746,115,2,2
746,116,2,2
746,117,2,2
746,118,2,2
746,119,2,2
746,120,2,2
746,121,2,2
746,122,2,2
746,123,2,2
746,124,2,2
746,125,2,2
746,126,2,2
746,127,2,2
746,128,2,2
746,129,2,2
746,130,2,2
746,131,2,2
746,132,2,2
746,133,2,2
746,134,2,2
746,135,2,2
746,136,2,2
746,137,2,2
746,138,2,2
746,139,2,2
746,140,2,2
746,141,2,2
746,142,2,2
746,143,2,2
746,144,2,2
746,145,2,2
746,146,2,2
746,147,2,2
746,148,2,2
746,149,2,2
746,150,2,2
746,151,2,2
746,152,2,2
746,153,2,2
746,154,2,2
746,155,2,2
746,156,2,2
746,157,2,2
746,158,2,2
746,159,2,2
746,160,2,2
746,161,2,2
746,162,2,2
746,163,2,2
746,164,2,2
746,165,2,2
746,166,2,2
746,167,2,2
746,168,2,2
746,169,2,2
746,170,2,2
746,171,2,2
746,172,2,2
746,173,2,2
746,174,2,2
746,175,2,2
746,176,2,2
746,177,2,2
746,178,2,2
746,179,2,2
746,180,2,2
746,181,2,2
746,182,2,2
746,183,2,2
746,184,2,2
746,185,2,2
746,186,2,2
746,187,2,2
746,188,2,2
746,189,2,2
746,190,2,2
746,191,2,2
746,192,2,2
746,193,2,2
746,194,2,2
746,195,2,2
746,196,2,2
746,197,2,2
746,198,2,2
746,199,2,2
746,200,2,2
746,201,2,2
746,202,2,2
746,203,2,2
746,204,2,2
746,205,2,2
746,206,2,2
746,207,2,2
746,208,2,2
746,209,2,2
746,210,2,2
746,211,2,2
746,212,2,2
746,213,2,2
746,214,2,2
746,215,2,2
746,216,2,2
746,217,2,2
746,218,2,2
746,219,2,2
746,220,2,2
746,221,2,2
746,222,2,2
746,223,2,2
746,224,2,2
746,225,2,2
746,226,2,2
746,227,2,2
746,228,2,2
746,229,2,2
746,230,2,2
746,231,2,2
746,232,2,2
746,233,2,3
746,234,2,3
746,235,2,3
746,236,2,3
746,237,2,3
746,238,2,3
746,239,2,3
746,240,2,3
746,241,2,3
746,242,2,3
746,243,2,3
746,244,2,3
746,245,2,2
746,246,2,2
746,247,2,2
746,248,2,2
746,249,2,2
746,250,2,2
746,251,2,2
746,252,2,2
746,253,2,2
746,254,2,2
746,255,2,2
746,256,2,2
746,257,2,2
746,258,2,2
746,259,2,2
746,260,2,2
746,261,2,2
746,262,2,2
746,263,2,2
746,264,2,2
746,265,2,2
746,266,2,2
746,267,2,2
746,268,2,2
746,269,2,2
746,270,2,2
746,271,2,2
746,272,2,2
746,273,2,2
746,274,2,2
746,275,2,2
746,276,2,2
746,277,2,2
746,278,2,2
746,279,2,2
746,280,2,2
746,281,2,2
746,282,2,2
746,283,2,2
746,284,2,2
746,285,2,2
746,286,2,2
746,287,2,2
746,288,2,2
746,289,2,2
746,290,2,2
746,291,2,2
746,292,2,2
746,293,2,2
746,294,2,2
746,295,2,2
746,296,2,2
746,297,2,2
746,298,2,2
746,299,2,2
746,300,2,2
746,301,2,2
746,302,2,2
746,303,2,2
746,304,2,2
746,305,2,2
746,306,2,2
746,307,2,2
746,308,2,2
746,309,2,2
746,310,2,2
746,311,2,2
746,312,2,2
746,313,2,2
746,314,2,2
746,315,2,2
746,316,2,2
746,317,2,2
746,318,2,2
746,319,2,2
746,320,2,2
746,321,2,2
746,322,2,2
746,323,2,2
746,324,2,2
746,325,2,2
746,326,2,2
746,327,2,2
746,328,2,2
746,329,2,2
746,330,2,2
746,331,2,2
746,332,2,2
746,333,2,2
746,334,2,2
746,335,2,2
746,336,2,2
746,337,2,2
746,338,2,2
746,339,2,2
746,340,2,2
746,341,2,2
746,342,2,2
746,343,2,2
746,344,2,2
746,345,2,2
746,346,2,2
746,347,2,2
746,348,2,2
746,349,2,2
746,350,2,2
746,351,2,2
746,352,2,2
746,353,2,2
746,354,2,2
746,355,2,2
746,356,2,2
746,357,2,2
746,358,2,2
746,359,2,2
746,360,2,2
746,361,2,2
746,362,2,2
746,363,2,2
746,364,2,2
746,365,2,2
746,366,2,2
746,367,2,2
746,368,2,2
746,369,2,2
746,370,2,2
746,371,2,2
746,372,2,2
746,373,2,2
746,374,2,2
746,375,2,2
746,376,2,2
746,377,2,2
746,378,2,2
746,379,2,2
746,380,2,2
746,381,2,2
746,382,2,2
746,383,2,2
746,384,2,2
746,385,2,2
746,386,2,2
746,387,2,2
746,388,2,2
746,389,2,2
746,390,2,2
746,391,2,2
746,392,2,2
746,393,2,2
746,394,2,2
746,395,2,2
746,396,2,2
746,397,2,2
746,398,2,2
746,399,2,2
746,400,2,2
746,401,2,2
746,402,2,2
746,403,2,2
746,404,2,2
746,405,2,2
746,406,2,2
746,407,2,2
746,408,2,2
746,409,2,2
746,410,2,2
746,411,2,2
746,412,2,2
746,413,2,2
746,414,2,2
746,415,2,2
746,416,2,2
746,417,2,2
746,418,2,2
746,419,2,2
746,420,2,2
746,421,2,2
746,422,2,2
746,423,2,2
746,424,2,2
746,425,2,2
746,426,2,2
746,427,2,2
746,428,2,2
746,429,2,2
746,430,2,2
746,431,2,2
746,432,2,2
746,433,2,2
746,434,2,2
746,435,2,3
747,28,2,2
747,29,2,2
747,30,2,2
747,31,2,2
747,32,2,2
747,33,2,2
747,34,2,2
747,35,2,2
747,36,2,2
747,37,2,2
747,38,2,2
747,39,2,2
747,40,2,2
747,41,2,2
747,42,2,2
747,43,2,2
747,44,2,2
747,45,2,2
747,46,2,2
747,47,2,2
747,48,2,2
747,49,2,2
747,50,2,2
747,51,2,2
747,52,2,2
747,53,2,2
747,54,2,2
747,55,2,2
747,56,2,2
747,57,2,2
747,58,2,2
747,59,2,2
747,60,2,2
747,61,2,2
747,62,2,2
747,63,2,2
747,64,2,2
747,65,2,2
747,66,2,2
747,67,2,2
747,68,2,2
747,69,2,2
747,70,2,2
747,71,2,2
747,72,2,2
747,73,2,2
747,74,2,2
747,75,2,2
747,76,2,2
747,77,2,2
747,78,2,2
747,79,2,2
747,80,2,2
747,81,2,2
747,82,2,2
747,83,2,2
747,84,2,2
747,85,2,2
747,86,2,2
747,87,2,2
747,88,2,2
747,89,2,2
747,90,2,2
747,91,2,2
747,92,2,2
747,93,2,2
747,94,2,2
747,95,2,2
747,96,2,2
747,97,2,2
747,98,2,2
747,99,2,2
747,100,2,2
747,101,2,2
747,102,2,2
747,103,2,2
747,104,2,2
747,105,2,2
747,106,2,2
747,107,2,2
747,108,2,2
747,109,2,2
747,110,2,2
747,111,2,2
747,112,2,2
747,113,2,2
747,114,2,2
747,115,2,2
747,116,2,2
747,117,2,2
747,118,2,2
747,119,2,2
747,120,2,2
747,121,2,2
747,122,2,2
747,123,2,2
747,124,2,2
747,125,2,2
747,126,2,2
747,127,2,2
747,128,2,2
747,129,2,2
747,130,2,2
747,131,2,2
747,132,2,2
747,133,2,2
747,134,2,2
747,135,2,2
747,136,2,2
747,137,2,2
747,138,2,2
747,139,2,2
747,140,2,2
747,141,2,2
747,142,2,2
747,143,2,2
747,144,2,2
747,145,2,2
747,146,2,2
747,147,2,2
747,148,2,2
747,149,2,2
747,150,2,2
747,151,2,2
747,152,2,2
747,153,2,2
747,154,2,2
747,155,2,2
747,156,2,2
747,157,2,2
747,158,2,2
747,159,2,2
747,160,2,2
747,161,2,2
747,162,2,2
747,163,2,2
747,164,2,2
747,165,2,2
747,166,2,2
747,167,2,2
747,168,2,2
747,169,2,2
747,170,2,2
747,171,2,2
747,172,2,2
747,173,2,2
747,174,2,2
747,175,2,2
747,176,2,2
747,177,2,2
747,178,2,2
747,179,2,2
747,180,2,2
747,181,2,2
747,182,2,2
747,183,2,2
747,184,2,2
747,185,2,2
747,186,2,2
747,187,2,2
747,188,2,2
747,189,2,2
747,190,2,2
747,191,2,2
747,192,2,2
747,193,2,2
747,194,2,2
747,195,2,2
747,196,2,2
747,197,2,2
747,198,2,2
747,199,2,2
747,200,2,2
747,201,2,2
747,202,2,2
747,203,2,2
747,204,2,2
747,205,2,2
747,206,2,2
747,207,2,2
747,208,2,2
747,209,2,2
747,210,2,2
747,211,2,2
747,212,2,2
747,213,2,2
747,214,2,2
747,215,2,2
747,216,2,2
747,217,2,2
747,218,2,2
747,219,2,2
747,220,2,2
747,221,2,2
747,222,2,2
747,223,2,2
747,224,2,2
747,225,2,2
747,226,2,2
747,227,2,2
747,228,2,2
747,229,2,2
747,230,2,2
747,231,2,2
747,232,2,2
747,233,2,2
747,234,2,2
747,235,2,2
747,236,2,3
747,237,2,3
747,238,2,3
747,239,2,3
747,240,2,3
747,241,2,2
747,242,2,2
747,243,2,2
747,244,2,2
747,245,2,2
747,246,2,2
747,247,2,2
747,248,2,2
747,249,2,2
747,250,2,2
747,251,2,2
747,252,2,2
747,253,2,2
747,254,2,2
747,255,2,2
747,256,2,2
747,257,2,2
747,258,2,2
747,259,2,2
747,260,2,2
747,261,2,2
747,262,2,2
747,263,2,2
747,264,2,2
747,265,2,2
747,266,2,2
747,267,2,2
747,268,2,2
747,269,2,2
747,270,2,2
747,271,2,2
747,272,2,2
747,273,2,2
747,274,2,2
747,275,2,2
747,276,2,2
747,277,2,2
747,278,2,2
747,279,2,2
747,280,2,2
747,281,2,2
747,282,2,2
747,283,2,2
747,284,2,2
747,285,2,2
747,286,2,2
747,287,2,2
747,288,2,2
747,289,2,2
747,290,2,2
747,291,2,2
747,292,2,2
747,293,2,2
747,294,2,2
747,295,2,2
747,296,2,2
747,297,2,2
747,298,2,2
747,299,2,2
747,300,2,2
747,301,2,2
747,302,2,2
747,303,2,2
747,304,2,2
747,305,2,2
747,306,2,2
747,307,2,2
747,308,2,2
747,309,2,2
747,310,2,2
747,311,2,2
747,312,2,2
747,313,2,2
747,314,2,2
747,315,2,2
747,316,2,2
747,317,2,2
747,318,2,2
747,319,2,2
747,320,2,2
747,321,2,2
747,322,2,2
747,323,2,2
747,324,2,2
747,325,2,2
747,326,2,2
747,327,2,2
747,328,2,2
747,329,2,2
747,330,2,2
747,331,2,2
747,332,2,2
747,333,2,2
747,334,2,2
747,335,2,2
747,336,2,2
747,337,2,2
747,338,2,2
747,339,2,2
747,340,2,2
747,341,2,2
747,342,2,2
747,343,2,2
747,344,2,2
747,345,2,2
747,346,2,2
747,347,2,2
747,348,2,2
747,349,2,2
747,350,2,2
747,351,2,2
747,352,2,2
747,353,2,2
747,354,2,2
747,355,2,2
747,356,2,2
747,357,2,2
747,358,2,2
747,359,2,2
747,360,2,2
747,361,2,2
747,362,2,2
747,363,2,2
747,364,2,2
747,365,2,2
747,366,2,2
747,367,2,2
747,368,2,2
747,369,2,2
747,370,2,2
747,371,2,2
747,372,2,2
747,373,2,2
747,374,2,2
747,375,2,2
747,376,2,2
747,377,2,2
747,378,2,2
747,379,2,2
747,380,2,2
747,381,2,2
747,382,2,2
747,383,2,2
747,384,2,2
747,385,2,2
747,386,2,2
747,387,2,2
747,388,2,2
747,389,2,2
747,390,2,2
747,391,2,2
747,392,2,2
747,393,2,2
747,394,2,2
747,395,2,2
747,396,2,2
747,397,2,2
747,398,2,2
747,399,2,2
747,400,2,2
747,401,2,2
747,402,2,2
747,403,2,2
747,404,2,2
747,405,2,2
747,406,2,2
747,407,2,2
747,408,2,2
747,409,2,2
747,410,2,2
747,411,2,2
747,412,2,2
747,413,2,2
747,414,2,2
747,415,2,2
747,416,2,2
747,417,2,2
747,418,2,2
747,419,2,2
747,420,2,2
747,421,2,2
747,422,2,2
747,423,2,2
747,424,2,2
747,425,2,2
747,426,2,2
747,427,2,2
747,428,2,2
747,429,2,2
747,430,2,2
747,431,2,2
747,432,2,2
747,433,2,2
747,434,2,2
747,435,2,2
747,436,2,3
748,28,2,2
748,29,2,2
748,30,2,2
748,31,2,2
748,32,2,2
748,33,2,2
748,34,2,2
748,35,2,2
748,36,2,2
748,37,2,2
748,38,2,2
748,39,2,2
748,40,2,2
748,41,2,2
748,42,2,2
748,43,2,2
748,44,2,2
748,45,2,2
748,46,2,2
748,47,2,2
748,48,2,2
748,49,2,2
748,50,2,2
748,51,2,2
748,52,2,2
748,53,2,2
748,54,2,2
748,55,2,2
748,56,2,2
748,57,2,2
748,58,2,2
748,59,2,2
748,60,2,2
748,61,2,2
748,62,2,2
748,63,2,2
748,64,2,2
748,65,2,2
748,66,2,2
748,67,2,2
748,68,2,2
748,69,2,2
748,70,2,2
748,71,2,2
748,72,2,2
748,73,2,2
748,74,2,2
748,75,2,2
748,76,2,2
748,77,2,2
748,78,2,2
748,79,2,2
748,80,2,2
748,81,2,2
748,82,2,2
748,83,2,2
748,84,2,2
748,85,2,2
748,86,2,2
748,87,2,2
748,88,2,2
748,89,2,2
748,90,2,2
748,91,2,2
748,92,2,2
748,93,2,2
748,94,2,2
748,95,2,2
748,96,2,2
748,97,2,2
748,98,2,2
748,99,2,2
748,100,2,2
748,101,2,2
748,102,2,2
748,103,2,2
748,104,2,2
748,105,2,2
748,106,2,2
748,107,2,2
748,108,2,2
748,109,2,2
748,110,2,2
748,111,2,2
748,112,2,2
748,113,2,2
748,114,2,2
748,115,2,2
748,116,2,2
748,117,2,2
748,118,2,2
748,119,2,2
748,120,2,2
748,121,2,2
748,122,2,2
748,123,2,2
748,124,2,2
748,125,2,2
748,126,2,2
748,127,2,2
748,128,2,2
748,129,2,2
748,130,2,2
748,131,2,2
748,132,2,2
748,133,2,2
748,134,2,2
748,135,2,2
748,136,2,2
748,137,2,2
748,138,2,2
748,139,2,2
748,140,2,2
748,141,2,2
748,142,2,2
748,143,2,2
748,144,2,2
748,145,2,2
748,146,2,2
748,147,2,2
748,148,2,2
748,149,2,2
748,150,2,2
748,151,2,2
748,152,2,2
748,153,2,2
748,154,2,2
748,155,2,2
748,156,2,2
748,157,2,2
748,158,2,2
748,159,2,2
748,160,2,2
748,161,2,2
748,162,2,2
748,163,2,2
748,164,2,2
748,165,2,2
748,166,2,2
748,167,2,2
748,168,2,2
748,169,2,2
748,170,2,2
748,171,2,2
748,172,2,2
748,173,2,2
748,174,2,2
748,175,2,2
748,176,2,2
748,177,2,2
748,178,2,2
748,179,2,2
748,180,2,2
748,181,2,2
748,182,2,2
748,183,2,2
748,184,2,2
748,185,2,2
748,186,2,2
748,187,2,2
748,188,2,2
748,189,2,2
748,190,2,2
748,191,2,2
748,192,2,2
748,193,2,2
748,194,2,2
748,195,2,2
748,196,2,2
748,197,2,2
748,198,2,2
748,199,2,2
748,200,2,2
748,201,2,2
748,202,2,2
748,203,2,2
748,204,2,2
748,205,2,2
748,206,2,2
748,207,2,2
748,208,2,2
748,209,2,2
748,210,2,2
748,211,2,2
748,212,2,2
748,213,2,2
748,214,2,2
748,215,2,2
748,216,2,2
748,217,2,2
748,218,2,2
748,219,2,2
748,220,2,2
748,221,2,2
748,222,2,2
748,223,2,2
748,224,2,2
748,225,2,2
748,226,2,2
748,227,2,2
748,228,2,2
748,229,2,2
748,230,2,2
748,231,2,2
748,232,2,2
748,233,2,2
748,234,2,2
748,235,2,2
748,236,2,2
748,237,2,2
748,238,2,2
748,239,2,2
748,240,2,2
748,241,2,2
748,242,2,2
748,243,2,2
748,244,2,2
748,245,2,2
748,246,2,2
748,247,2,2
748,248,2,2
748,249,2,2
748,250,2,2
748,251,2,2
748,252,2,2
748,253,2,2
748,254,2,2
748,255,2,2
748,256,2,2
748,257,2,2
748,258,2,2
748,259,2,2
748,260,2,2
748,261,2,2
748,262,2,2
748,263,2,2
748,264,2,2
748,265,2,2
748,266,2,2
748,267,2,2
748,268,2,2
748,269,2,2
748,270,2,2
748,271,2,2
748,272,2,2
748,273,2,2
748,274,2,2
748,275,2,2
748,276,2,2
748,277,2,2
748,278,2,2
748,279,2,2
748,280,2,2
748,281,2,2
748,282,2,2
748,283,2,2
748,284,2,2
748,285,2,2
748,286,2,2
748,287,2,2
748,288,2,2
748,289,2,2
748,290,2,2
748,291,2,2
748,292,2,2
748,293,2,2
748,294,2,2
748,295,2,2
748,296,2,2
748,297,2,2
748,298,2,2
748,299,2,2
748,300,2,2
748,301,2,2
748,302,2,2
748,303,2,2
748,304,2,2
748,305,2,2
748,306,2,2
748,307,2,2
748,308,2,2
748,309,2,2
748,310,2,2
748,311,2,2
748,312,2,2
748,313,2,2
748,314,2,2
748,315,2,2
748,316,2,2
748,317,2,2
748,318,2,2
748,319,2,2
748,320,2,2
748,321,2,2
748,322,2,2
748,323,2,2
748,324,2,2
748,325,2,2
748,326,2,2
748,327,2,2
748,328,2,2
748,329,2,2
748,330,2,2
748,331,2,2
748,332,2,2
748,333,2,2
748,334,2,2
748,335,2,2
748,336,2,2
748,337,2,2
748,338,2,2
748,339,2,2
748,340,2,2
748,341,2,2
748,342,2,2
748,343,2,2
748,344,2,2
748,345,2,2
748,346,2,2
748,347,2,2
748,348,2,2
748,349,2,2
748,350,2,2
748,351,2,2
748,352,2,2
748,353,2,2
748,354,2,2
748,355,2,2
748,356,2,2
748,357,2,2
748,358,2,2
748,359,2,2
748,360,2,2
748,361,2,2
748,362,2,2
748,363,2,2
748,364,2,2
748,365,2,2
748,366,2,2
748,367,2,2
748,368,2,2
748,369,2,2
748,370,2,2
748,371,2,2
748,372,2,2
748,373,2,2
748,374,2,2
748,375,2,2
748,376,2,2
748,377,2,2
748,378,2,2
748,379,2,2
748,380,2,2
748,381,2,2
748,382,2,2
748,383,2,2
748,384,2,2
748,385,2,2
748,386,2,2
748,387,2,2
748,388,2,2
748,389,2,2
748,390,2,2
748,391,2,2
748,392,2,2
748,393,2,2
748,394,2,2
748,395,2,2
748,396,2,2
748,397,2,2
748,398,2,2
748,399,2,2
748,400,2,2
748,401,2,2
748,402,2,2
748,403,2,2
748,404,2,2
748,405,2,2
748,406,2,2
748,407,2,2
748,408,2,2
748,409,2,2
748,410,2,2
748,411,2,2
748,412,2,2
748,413,2,2
748,414,2,2
748,415,2,2
748,416,2,2
748,417,2,2
748,418,2,2
748,419,2,2
748,420,2,2
748,421,2,2
748,422,2,2
748,423,2,2
748,424,2,2
748,425,2,2
748,426,2,2
748,427,2,2
748,428,2,2
748,429,2,2
748,430,2,2
748,431,2,2
748,432,2,2
748,433,2,2
748,434,2,2
748,435,2,2
748,436,2,3
749,28,2,2
749,29,2,2
749,30,2,2
749,31,2,2
749,32,2,2
749,33,2,2
749,34,2,2
749,35,2,2
749,36,2,2
749,37,2,2
749,38,2,2
749,39,2,2
749,40,2,2
749,41,2,2
749,42,2,2
749,43,2,2
749,44,2,2
749,45,2,2
749,46,2,2
749,47,2,2
749,48,2,2
749,49,2,2
749,50,2,2
749,51,2,2
749,52,2,2
749,53,2,2
749,54,2,2
749,55,2,2
749,56,2,2
749,57,2,2
749,58,2,2
749,59,2,2
749,60,2,2
749,61,2,2
749,62,2,2
749,63,2,2
749,64,2,2
749,65,2,2
749,66,2,2
749,67,2,2
749,68,2,2
749,69,2,2
749,70,2,2
749,71,2,2
749,72,2,2
749,73,2,2
749,74,2,2
749,75,2,2
749,76,2,2
749,77,2,2
749,78,2,2
749,79,2,2
749,80,2,2
749,81,2,2
749,82,2,2
749,83,2,2
749,84,2,2
749,85,2,2
749,86,2,2
749,87,2,2
749,88,2,2
749,89,2,2
749,90,2,2
749,91,2,2
749,92,2,2
749,93,2,2
749,94,2,2
749,95,2,2
749,96,2,2
749,97,2,2
749,98,2,2
749,99,2,2
749,100,2,2
749,101,2,2
749,102,2,2
749,103,2,2
749,104,2,2
749,105,2,2
749,106,2,2
749,107,2,2
749,108,2,2
749,109,2,2
749,110,2,2
749,111,2,2
749,112,2,2
749,113,2,2
749,114,2,2
749,115,2,2
749,116,2,2
749,117,2,2
749,118,2,2
749,119,2,2
749,120,2,2
749,121,2,2
749,122,2,2
749,123,2,2
749,124,2,2
749,125,2,2
749,126,2,2
749,127,2,2
749,128,2,2
749,129,2,2
749,130,2,2
749,131,2,2
749,132,2,2
749,133,2,2
749,134,2,2
749,135,2,2
749,136,2,2
749,137,2,2
749,138,2,2
749,139,2,2
749,140,2,2
749,141,2,2
749,142,2,2
749,143,2,2
749,144,2,2
749,145,2,2
749,146,2,2
749,147,2,2
749,148,2,2
749,149,2,2
749,150,2,2
749,151,2,2
749,152,2,2
749,153,2,2
749,154,2,2
749,155,2,2
749,156,2,2
749,157,2,2
749,158,2,2
749,159,2,2
749,160,2,2
749,161,2,2
749,162,2,2
749,163,2,2
749,164,2,2
749,165,2,2
749,166,2,2
749,167,2,2
749,168,2,2
749,169,2,2
749,170,2,2
749,171,2,2
749,172,2,2
749,173,2,2
749,174,2,2
749,175,2,2
749,176,2,2
749,177,2,2
749,178,2,2
749,179,2,2
749,180,2,2
749,181,2,2
749,182,2,2
749,183,2,2
749,184,2,2
749,185,2,2
749,186,2,2
749,187,2,2
749,188,2,2
749,189,2,2
749,190,2,2
749,191,2,2
749,192,2,2
749,193,2,2
749,194,2,2
749,195,2,2
749,196,2,2
749,197,2,2
749,198,2,2
749,199,2,2
749,200,2,2
749,201,2,2
749,202,2,2
749,203,2,2
749,204,2,2
749,205,2,2
749,206,2,2
749,207,2,2
749,208,2,2
749,209,2,2
749,210,2,2
749,211,2,2
749,212,2,2
749,213,2,2
749,214,2,2
749,215,2,2
749,216,2,2
749,217,2,2
749,218,2,2
749,219,2,2
749,220,2,2
749,221,2,2
749,222,2,2
749,223,2,2
749,224,2,2
749,225,2,2
749,226,2,2
749,227,2,2
749,228,2,2
749,229,2,2
749,230,2,2
749,231,2,2
749,232,2,2
749,233,2,2
749,234,2,2
749,235,2,2
749,236,2,2
749,237,2,2
749,238,2,2
749,239,2,2
749,240,2,2
749,241,2,2
749,242,2,2
749,243,2,2
749,244,2,2
749,245,2,2
749,246,2,2
749,247,2,2
749,248,2,2
749,249,2,2
749,250,2,2
749,251,2,2
749,252,2,2
749,253,2,2
749,254,2,2
749,255,2,2
749,256,2,2
749,257,2,2
749,258,2,2
749,259,2,2
749,260,2,2
749,261,2,2
749,262,2,2
749,263,2,2
749,264,2,2
749,265,2,2
749,266,2,2
749,267,2,2
749,268,2,2
749,269,2,2
749,270,2,2
749,271,2,2
749,272,2,2
749,273,2,2
749,274,2,2
749,275,2,2
749,276,2,2
749,277,2,2
749,278,2,2
749,279,2,2
749,280,2,2
749,281,2,2
749,282,2,2
749,283,2,2
749,284,2,2
749,285,2,2
749,286,2,2
749,287,2,2
749,288,2,2
749,289,2,2
749,290,2,2
749,291,2,2
749,292,2,2
749,293,2,2
749,294,2,2
749,295,2,2
749,296,2,2
749,297,2,2
749,298,2,2
749,299,2,2
749,300,2,2
749,301,2,2
749,302,2,2
749,303,2,2
749,304,2,2
749,305,2,2
749,306,2,2
749,307,2,2
749,308,2,2
749,309,2,2
749,310,2,2
749,311,2,2
749,312,2,2
749,313,2,2
749,314,2,2
749,315,2,2
749,316,2,2
749,317,2,2
749,318,2,2
749,319,2,2
749,320,2,2
749,321,2,2
749,322,2,2
749,323,2,2
749,324,2,2
749,325,2,2
749,326,2,2
749,327,2,2
749,328,2,2
749,329,2,2
749,330,2,2
749,331,2,2
749,332,2,2
749,333,2,2
749,334,2,2
749,335,2,2
749,336,2,2
749,337,2,2
749,338,2,2
749,339,2,2
749,340,2,2
749,341,2,2
749,342,2,2
749,343,2,2
749,344,2,2
749,345,2,2
749,346,2,2
749,347,2,2
749,348,2,2
749,349,2,2
749,350,2,2
749,351,2,2
749,352,2,2
749,353,2,2
749,354,2,2
749,355,2,2
749,356,2,2
749,357,2,2
749,358,2,2
749,359,2,2
749,360,2,2
749,361,2,2
749,362,2,2
749,363,2,2
749,364,2,2
749,365,2,2
749,366,2,2
749,367,2,2
749,368,2,2
749,369,2,2
749,370,2,2
749,371,2,2
749,372,2,2
749,373,2,2
749,374,2,2
749,375,2,2
749,376,2,2
749,377,2,2
749,378,2,2
749,379,2,2
749,380,2,2
749,381,2,2
749,382,2,2
749,383,2,2
749,384,2,2
749,385,2,2
749,386,2,2
749,387,2,2
749,388,2,2
749,389,2,2
749,390,2,2
749,391,2,2
749,392,2,2
749,393,2,2
749,394,2,2
749,395,2,2
749,396,2,2
749,397,2,2
749,398,2,2
749,399,2,2
749,400,2,2
749,401,2,2
749,402,2,2
749,403,2,2
749,404,2,2
749,405,2,2
749,406,2,2
749,407,2,2
749,408,2,2
749,409,2,2
749,410,2,2
749,411,2,2
749,412,2,2
749,413,2,2
749,414,2,2
749,415,2,2
749,416,2,2
749,417,2,2
749,418,2,2
749,419,2,2
749,420,2,2
749,421,2,2
749,422,2,2
749,423,2,2
749,424,2,2
749,425,2,2
749,426,2,2
749,427,2,2
749,428,2,2
749,429,2,2
749,430,2,2
749,431,2,2
749,432,2,2
749,433,2,2
749,434,2,2
749,435,2,2
749,436,2,2
749,437,2,3
750,28,2,2
750,29,2,2
750,30,2,2
750,31,2,2
750,32,2,2
750,33,2,2
750,34,2,2
750,35,2,2
750,36,2,2
750,37,2,2
750,38,2,2
750,39,2,2
750,40,2,2
750,41,2,2
750,42,2,2
750,43,2,2
750,44,2,2
750,45,2,2
750,46,2,2
750,47,2,2
750,48,2,2
750,49,2,2
750,50,2,2
750,51,2,2
750,52,2,2
750,53,2,2
750,54,2,2
750,55,2,2
750,56,2,2
750,57,2,2
750,58,2,2
750,59,2,2
750,60,2,2
750,61,2,2
750,62,2,2
750,63,2,2
750,64,2,2
750,65,2,2
750,66,2,2
750,67,2,2
750,68,2,2
750,69,2,2
750,70,2,2
750,71,2,2
750,72,2,2
750,73,2,2
750,74,2,2
750,75,2,2
750,76,2,2
750,77,2,2
750,78,2,2
750,79,2,2
750,80,2,2
750,81,2,2
750,82,2,2
750,83,2,2
750,84,2,2
750,85,2,2
750,86,2,2
750,87,2,2
750,88,2,2
750,89,2,2
750,90,2,2
750,91,2,2
750,92,2,2
750,93,2,2
750,94,2,2
750,95,2,2
750,96,2,2
750,97,2,2
750,98,2,2
750,99,2,2
750,100,2,2
750,101,2,2
750,102,2,2
750,103,2,2
750,104,2,2
750,105,2,2
750,106,2,2
750,107,2,2
750,108,2,2
750,109,2,2
750,110,2,2
750,111,2,2
750,112,2,2
750,113,2,2
750,114,2,2
750,115,2,2
750,116,2,2
750,117,2,2
750,118,2,2
750,119,2,2
750,120,2,2
750,121,2,2
750,122,2,2
750,123,2,2
750,124,2,2
750,125,2,2
750,126,2,2
750,127,2,2
750,128,2,2
750,129,2,2
750,130,2,2
750,131,2,2
750,132,2,2
750,133,2,2
750,134,2,2
750,135,2,2
750,136,2,2
750,137,2,2
750,138,2,2
750,139,2,2
750,140,2,2
750,141,2,2
750,142,2,2
750,143,2,2
750,144,2,2
750,145,2,2
750,146,2,2
750,147,2,2
750,148,2,2
750,149,2,2
750,150,2,2
750,151,2,2
750,152,2,2
750,153,2,2
750,154,2,2
750,155,2,2
750,156,2,2
750,157,2,2
750,158,2,2
750,159,2,2
750,160,2,2
750,161,2,2
750,162,2,2
750,163,2,2
750,164,2,2
750,165,2,2
750,166,2,2
750,167,2,2
750,168,2,2
750,169,2,2
750,170,2,2
750,171,2,2
750,172,2,2
750,173,2,2
750,174,2,2
750,175,2,2
750,176,2,2
750,177,2,2
750,178,2,2
750,179,2,2
750,180,2,2
750,181,2,2
750,182,2,2
750,183,2,2
750,184,2,2
750,185,2,2
750,186,2,2
750,187,2,2
750,188,2,2
750,189,2,2
750,190,2,2
750,191,2,2
750,192,2,2
750,193,2,2
750,194,2,2
750,195,2,2
750,196,2,2
750,197,2,2
750,198,2,2
750,199,2,2
750,200,2,2
750,201,2,2
750,202,2,2
750,203,2,2
750,204,2,2
750,205,2,2
750,206,2,2
750,207,2,2
750,208,2,2
750,209,2,2
750,210,2,2
750,211,2,2
750,212,2,2
750,213,2,2
750,214,2,2
750,215,2,2
750,216,2,2
750,217,2,2
750,218,2,2
750,219,2,2
750,220,2,2
750,221,2,2
750,222,2,2
750,223,2,2
750,224,2,2
750,225,2,2
750,226,2,2
750,227,2,2
750,228,2,2
750,229,2,2
750,230,2,2
750,231,2,2
750,232,2,2
750,233,2,2
750,234,2,2
750,235,2,2
750,236,2,2
750,237,2,2
750,238,2,2
750,239,2,2
750,240,2,2
750,241,2,2
750,242,2,2
750,243,2,2
750,244,2,2
750,245,2,2
750,246,2,2
750,247,2,2
750,248,2,2
750,249,2,2
750,250,2,2
750,251,2,2
750,252,2,2
750,253,2,2
750,254,2,2
750,255,2,2
750,256,2,2
750,257,2,2
750,258,2,2
750,259,2,2
750,260,2,2
750,261,2,2
750,262,2,2
750,263,2,2
750,264,2,2
750,265,2,2
750,266,2,2
750,267,2,2
750,268,2,2
750,269,2,2
750,270,2,2
750,271,2,2
750,272,2,2
750,273,2,2
750,274,2,2
750,275,2,2
750,276,2,2
750,277,2,2
750,278,2,2
750,279,2,2
750,280,2,2
750,281,2,2
750,282,2,2
750,283,2,2
750,284,2,2
750,285,2,2
750,286,2,2
750,287,2,2
750,288,2,2
750,289,2,2
750,290,2,2
750,291,2,2
750,292,2,2
750,293,2,2
750,294,2,2
750,295,2,2
750,296,2,2
750,297,2,2
750,298,2,2
750,299,2,2
750,300,2,2
750,301,2,2
750,302,2,2
750,303,2,2
750,304,2,2
750,305,2,2
750,306,2,2
750,307,2,2
750,308,2,2
750,309,2,2
750,310,2,2
750,311,2,2
750,312,2,2
750,313,2,2
750,314,2,2
750,315,2,2
750,316,2,2
750,317,2,2
750,318,2,2
750,319,2,2
750,320,2,2
750,321,2,2
750,322,2,2
750,323,2,2
750,324,2,2
750,325,2,2
750,326,2,2
750,327,2,2
750,328,2,2
750,329,2,2
750,330,2,2
750,331,2,2
750,332,2,2
750,333,2,2
750,334,2,2
750,335,2,2
750,336,2,2
750,337,2,2
750,338,2,2
750,339,2,2
750,340,2,2
750,341,2,2
750,342,2,2
750,343,2,2
750,344,2,2
750,345,2,2
750,346,2,2
750,347,2,2
750,348,2,2
750,349,2,2
750,350,2,2
750,351,2,2
750,352,2,2
750,353,2,2
750,354,2,2
750,355,2,2
750,356,2,2
750,357,2,2
750,358,2,2
750,359,2,2
750,360,2,2
750,361,2,2
750,362,2,2
750,363,2,2
750,364,2,2
750,365,2,2
750,366,2,2
750,367,2,2
750,368,2,2
750,369,2,2
750,370,2,2
750,371,2,2
750,372,2,2
750,373,2,2
750,374,2,2
750,375,2,2
750,376,2,2
750,377,2,2
750,378,2,2
750,379,2,2
750,380,2,2
750,381,2,2
750,382,2,2
750,383,2,2
750,384,2,2
750,385,2,2
750,386,2,2
750,387,2,2
750,388,2,2
750,389,2,2
750,390,2,2
750,391,2,2
750,392,2,2
750,393,2,2
750,394,2,2
750,395,2,2
750,396,2,2
750,397,2,2
750,398,2,2
750,399,2,2
750,400,2,2
750,401,2,2
750,402,2,2
750,403,2,2
750,404,2,2
750,405,2,2
750,406,2,2
750,407,2,2
750,408,2,2
750,409,2,2
750,410,2,2
750,411,2,2
750,412,2,2
750,413,2,2
750,414,2,2
750,415,2,2
750,416,2,2
750,417,2,2
750,418,2,2
750,419,2,2
750,420,2,2
750,421,2,2
750,422,2,2
750,423,2,2
750,424,2,2
750,425,2,2
750,426,2,2
750,427,2,2
750,428,2,2
750,429,2,2
750,430,2,2
750,431,2,2
750,432,2,2
750,433,2,2
750,434,2,2
750,435,2,2
750,436,2,2
750,437,2,2
750,438,2,3
751,28,2,2
751,29,2,2
751,30,2,2
751,31,2,2
751,32,2,2
751,33,2,2
751,34,2,2
751,35,2,2
751,36,2,2
751,37,2,2
751,38,2,2
751,39,2,2
751,40,2,2
751,41,2,2
751,42,2,2
751,43,2,2
751,44,2,2
751,45,2,2
751,46,2,2
751,47,2,2
751,48,2,2
751,49,2,2
751,50,2,2
751,51,2,2
751,52,2,2
751,53,2,2
751,54,2,2
751,55,2,2
751,56,2,2
751,57,2,2
751,58,2,2
751,59,2,2
751,60,2,2
751,61,2,2
751,62,2,2
751,63,2,2
751,64,2,2
751,65,2,2
751,66,2,2
751,67,2,2
751,68,2,2
751,69,2,2
751,70,2,2
751,71,2,2
751,72,2,2
751,73,2,2
751,74,2,2
751,75,2,2
751,76,2,2
751,77,2,2
751,78,2,2
751,79,2,2
751,80,2,2
751,81,2,2
751,82,2,2
751,83,2,2
751,84,2,2
751,85,2,2
751,86,2,2
751,87,2,2
751,88,2,2
751,89,2,2
751,90,2,2
751,91,2,2
751,92,2,2
751,93,2,2
751,94,2,2
751,95,2,2
751,96,2,2
751,97,2,2
751,98,2,2
751,99,2,2
751,100,2,2
751,101,2,2
751,102,2,2
751,103,2,2
751,104,2,2
751,105,2,2
751,106,2,2
751,107,2,2
751,108,2,2
751,109,2,2
751,110,2,2
751,111,2,2
751,112,2,2
751,113,2,2
751,114,2,2
751,115,2,2
751,116,2,2
751,117,2,2
751,118,2,2
751,119,2,2
751,120,2,2
751,121,2,2
751,122,2,2
751,123,2,2
751,124,2,2
751,125,2,2
751,126,2,2
751,127,2,2
751,128,2,2
751,129,2,2
751,130,2,2
751,131,2,2
751,132,2,2
751,133,2,2
751,134,2,2
751,135,2,2
751,136,2,2
751,137,2,2
751,138,2,2
751,139,2,2
751,140,2,2
751,141,2,2
751,142,2,2
751,143,2,2
751,144,2,2
751,145,2,2
751,146,2,2
751,147,2,2
751,148,2,2
751,149,2,2
751,150,2,2
751,151,2,2
751,152,2,2
751,153,2,2
751,154,2,2
751,155,2,2
751,156,2,2
751,157,2,2
751,158,2,2
751,159,2,2
751,160,2,2
751,161,2,2
751,162,2,2
751,163,2,2
751,164,2,2
751,165,2,2
751,166,2,2
751,167,2,2
751,168,2,2
751,169,2,2
751,170,2,2
751,171,2,2
751,172,2,2
751,173,2,2
751,174,2,2
751,175,2,2
751,176,2,2
751,177,2,2
751,178,2,2
751,179,2,2
751,180,2,2
751,181,2,2
751,182,2,2
751,183,2,2
751,184,2,2
751,185,2,2
751,186,2,2
751,187,2,2
751,188,2,2
751,189,2,2
751,190,2,2
751,191,2,2
751,192,2,2
751,193,2,2
751,194,2,2
751,195,2,2
751,196,2,2
751,197,2,2
751,198,2,2
751,199,2,2
751,200,2,2
751,201,2,2
751,202,2,2
751,203,2,2
751,204,2,2
751,205,2,2
751,206,2,2
751,207,2,2
751,208,2,2
751,209,2,2
751,210,2,2
751,211,2,2
751,212,2,2
751,213,2,2
751,214,2,2
751,215,2,2
751,216,2,2
751,217,2,2
751,218,2,2
751,219,2,2
751,220,2,2
751,221,2,2
751,222,2,2
751,223,2,2
751,224,2,2
751,225,2,2
751,226,2,2
751,227,2,2
751,228,2,2
751,229,2,2
751,230,2,2
751,231,2,2
751,232,2,2
751,233,2,2
751,234,2,2
751,235,2,2
751,236,2,2
751,237,2,2
751,238,2,2
751,239,2,2
751,240,2,2
751,241,2,2
751,242,2,2
751,243,2,2
751,244,2,2
751,245,2,2
751,246,2,2
751,247,2,2
751,248,2,2
751,249,2,2
751,250,2,2
751,251,2,2
751,252,2,2
751,253,2,2
751,254,2,2
751,255,2,2
751,256,2,2
751,257,2,2
751,258,2,2
751,259,2,2
751,260,2,2
751,261,2,2
751,262,2,2
751,263,2,2
751,264,2,2
751,265,2,2
751,266,2,2
751,267,2,2
751,268,2,2
751,269,2,2
751,270,2,2
751,271,2,2
751,272,2,2
751,273,2,2
751,274,2,2
751,275,2,2
751,276,2,2
751,277,2,2
751,278,2,2
751,279,2,2
751,280,2,2
751,281,2,2
751,282,2,2
751,283,2,2
751,284,2,2
751,285,2,2
751,286,2,2
751,287,2,2
751,288,2,2
751,289,2,2
751,290,2,2
751,291,2,2
751,292,2,2
751,293,2,2
751,294,2,2
751,295,2,2
751,296,2,2
751,297,2,2
751,298,2,2
751,299,2,2
751,300,2,2
751,301,2,2
751,302,2,2
751,303,2,2
751,304,2,2
751,305,2,2
751,306,2,2
751,307,2,2
751,308,2,2
751,309,2,2
751,310,2,2
751,311,2,2
751,312,2,2
751,313,2,2
751,314,2,2
751,315,2,2
751,316,2,2
751,317,2,2
751,318,2,2
751,319,2,2
751,320,2,2
751,321,2,2
751,322,2,2
751,323,2,2
751,324,2,2
751,325,2,2
751,326,2,2
751,327,2,2
751,328,2,2
751,329,2,2
751,330,2,2
751,331,2,2
751,332,2,2
751,333,2,2
751,334,2,2
751,335,2,2
751,336,2,2
751,337,2,2
751,338,2,2
751,339,2,2
751,340,2,2
751,341,2,2
751,342,2,2
751,343,2,2
751,344,2,2
751,345,2,2
751,346,2,2
751,347,2,2
751,348,2,2
751,349,2,2
751,350,2,2
751,351,2,2
751,352,2,2
751,353,2,2
751,354,2,2
751,355,2,2
751,356,2,2
751,357,2,2
751,358,2,2
751,359,2,2
751,360,2,2
751,361,2,2
751,362,2,2
751,363,2,2
751,364,2,2
751,365,2,2
751,366,2,2
751,367,2,2
751,368,2,2
751,369,2,2
751,370,2,2
751,371,2,2
751,372,2,2
751,373,2,2
751,374,2,2
751,375,2,2
751,376,2,2
751,377,2,2
751,378,2,2
751,379,2,2
751,380,2,2
751,381,2,2
751,382,2,2
751,383,2,2
751,384,2,2
751,385,2,2
751,386,2,2
751,387,2,2
751,388,2,2
751,389,2,2
751,390,2,2
751,391,2,2
751,392,2,2
751,393,2,2
751,394,2,2
751,395,2,2
751,396,2,2
751,397,2,2
751,398,2,2
751,399,2,2
751,400,2,2
751,401,2,2
751,402,2,2
751,403,2,2
751,404,2,2
751,405,2,2
751,406,2,2
751,407,2,2
751,408,2,2
751,409,2,2
751,410,2,2
751,411,2,2
751,412,2,2
751,413,2,2
751,414,2,2
751,415,2,2
751,416,2,2
751,417,2,2
751,418,2,2
751,419,2,2
751,420,2,2
751,421,2,2
751,422,2,2
751,423,2,2
751,424,2,2
751,425,2,2
751,426,2,2
751,427,2,2
751,428,2,2
751,429,2,2
751,430,2,2
751,431,2,2
751,432,2,2
751,433,2,2
751,434,2,2
751,435,2,2
751,436,2,2
751,437,2,2
751,438,2,2
752,28,2,2
752,29,2,2
752,30,2,2
752,31,2,2
752,32,2,2
752,33,2,2
752,34,2,2
752,35,2,2
752,36,2,2
752,37,2,2
752,38,2,2
752,39,2,2
752,40,2,2
752,41,2,2
752,42,2,2
752,43,2,2
752,44,2,2
752,45,2,2
752,46,2,2
752,47,2,2
752,48,2,2
752,49,2,2
752,50,2,2
752,51,2,2
752,52,2,2
752,53,2,2
752,54,2,2
752,55,2,2
752,56,2,2
752,57,2,2
752,58,2,2
752,59,2,2
752,60,2,2
752,61,2,2
752,62,2,2
752,63,2,2
752,64,2,2
752,65,2,2
752,66,2,2
752,67,2,2
752,68,2,2
752,69,2,2
752,70,2,2
752,71,2,2
752,72,2,2
752,73,2,2
752,74,2,2
752,75,2,2
752,76,2,2
752,77,2,2
752,78,2,2
752,79,2,2
752,80,2,2
752,81,2,2
752,82,2,2
752,83,2,2
752,84,2,2
752,85,2,2
752,86,2,2
752,87,2,2
752,88,2,2
752,89,2,2
752,90,2,2
752,91,2,2
752,92,2,2
752,93,2,2
752,94,2,2
752,95,2,2
752,96,2,2
752,97,2,2
752,98,2,2
752,99,2,2
752,100,2,2
752,101,2,2
752,102,2,2
752,103,2,2
752,104,2,2
752,105,2,2
752,106,2,2
752,107,2,2
752,108,2,2
752,109,2,2
752,110,2,2
752,111,2,2
752,112,2,2
752,113,2,2
752,114,2,2
752,115,2,2
752,116,2,2
752,117,2,2
752,118,2,2
752,119,2,2
752,120,2,2
752,121,2,2
752,122,2,2
752,123,2,2
752,124,2,2
752,125,2,2
752,126,2,2
752,127,2,2
752,128,2,2
752,129,2,2
752,130,2,2
752,131,2,2
752,132,2,2
752,133,2,2
752,134,2,2
752,135,2,2
752,136,2,2
752,137,2,2
752,138,2,2
752,139,2,2
752,140,2,2
752,141,2,2
752,142,2,2
752,143,2,2
752,144,2,2
752,145,2,2
752,146,2,2
752,147,2,2
752,148,2,2
752,149,2,2
752,150,2,2
752,151,2,2
752,152,2,2
752,153,2,2
752,154,2,2
752,155,2,2
752,156,2,2
752,157,2,2
752,158,2,2
752,159,2,2
752,160,2,2
752,161,2,2
752,162,2,2
752,163,2,2
752,164,2,2
752,165,2,2
752,166,2,2
752,167,2,2
752,168,2,2
752,169,2,2
752,170,2,2
752,171,2,2
752,172,2,2
752,173,2,2
752,174,2,2
752,175,2,2
752,176,2,2
752,177,2,2
752,178,2,2
752,179,2,2
752,180,2,2
752,181,2,2
752,182,2,2
752,183,2,2
752,184,2,2
752,185,2,2
752,186,2,2
752,187,2,2
752,188,2,2
752,189,2,2
752,190,2,2
752,191,2,2
752,192,2,2
752,193,2,2
752,194,2,2
752,195,2,2
752,196,2,2
752,197,2,2
752,198,2,2
752,199,2,2
752,200,2,2
752,201,2,2
752,202,2,2
752,203,2,2
752,204,2,2
752,205,2,2
752,206,2,2
752,207,2,2
752,208,2,2
752,209,2,2
752,210,2,2
752,211,2,2
752,212,2,2
752,213,2,2
752,214,2,2
752,215,2,2
752,216,2,2
752,217,2,2
752,218,2,2
752,219,2,2
752,220,2,2
752,221,2,2
752,222,2,2
752,223,2,2
752,224,2,2
752,225,2,2
752,226,2,2
752,227,2,2
752,228,2,2
752,229,2,2
752,230,2,2
752,231,2,2
752,232,2,2
752,233,2,2
752,234,2,2
752,235,2,2
752,236,2,2
752,237,2,2
752,238,2,2
752,239,2,2
752,240,2,2
752,241,2,2
752,242,2,2
752,243,2,2
752,244,2,2
752,245,2,2
752,246,2,2
752,247,2,2
752,248,2,2
752,249,2,2
752,250,2,2
752,251,2,2
752,252,2,2
752,253,2,2
752,254,2,2
752,255,2,2
752,256,2,2
752,257,2,2
752,258,2,2
752,259,2,2
752,260,2,2
752,261,2,2
752,262,2,2
752,263,2,2
752,264,2,2
752,265,2,2
752,266,2,2
752,267,2,2
752,268,2,2
752,269,2,2
752,270,2,2
752,271,2,2
752,272,2,2
752,273,2,2
752,274,2,2
752,275,2,2
752,276,2,2
752,277,2,2
752,278,2,2
752,279,2,2
752,280,2,2
752,281,2,2
752,282,2,2
752,283,2,2
752,284,2,2
752,285,2,2
752,286,2,2
752,287,2,2
752,288,2,2
752,289,2,2
752,290,2,2
752,291,2,2
752,292,2,2
752,293,2,2
752,294,2,2
752,295,2,2
752,296,2,2
752,297,2,2
752,298,2,2
752,299,2,2
752,300,2,2
752,301,2,2
752,302,2,2
752,303,2,2
752,304,2,2
752,305,2,2
752,306,2,2
752,307,2,2
752,308,2,2
752,309,2,2
752,310,2,2
752,311,2,2
752,312,2,2
752,313,2,2
752,314,2,2
752,315,2,2
752,316,2,2
752,317,2,2
752,318,2,2
752,319,2,2
752,320,2,2
752,321,2,2
752,322,2,2
752,323,2,2
752,324,2,2
752,325,2,2
752,326,2,2
752,327,2,2
752,328,2,2
752,329,2,2
752,330,2,2
752,331,2,2
752,332,2,2
752,333,2,2
752,334,2,2
752,335,2,2
752,336,2,2
752,337,2,2
752,338,2,2
752,339,2,2
752,340,2,2
752,341,2,2
752,342,2,2
752,343,2,2
752,344,2,2
752,345,2,2
752,346,2,2
752,347,2,2
752,348,2,2
752,349,2,2
752,350,2,2
752,351,2,2
752,352,2,2
752,353,2,2
752,354,2,2
752,355,2,2
752,356,2,2
752,357,2,2
752,358,2,2
752,359,2,2
752,360,2,2
752,361,2,2
752,362,2,2
752,363,2,2
752,364,2,2
752,365,2,2
752,366,2,2
752,367,2,2
752,368,2,2
752,369,2,2
752,370,2,2
752,371,2,2
752,372,2,2
752,373,2,2
752,374,2,2
752,375,2,2
752,376,2,2
752,377,2,2
752,378,2,2
752,379,2,2
752,380,2,2
752,381,2,2
752,382,2,2
752,383,2,2
752,384,2,2
752,385,2,2
752,386,2,2
752,387,2,2
752,388,2,2
752,389,2,2
752,390,2,2
752,391,2,2
752,392,2,2
752,393,2,2
752,394,2,2
752,395,2,2
752,396,2,2
752,397,2,2
752,398,2,2
752,399,2,2
752,400,2,2
752,401,2,2
752,402,2,2
752,403,2,2
752,404,2,2
752,405,2,2
752,406,2,2
752,407,2,2
752,408,2,2
752,409,2,2
752,410,2,2
752,411,2,2
752,412,2,2
752,413,2,2
752,414,2,2
752,415,2,2
752,416,2,2
752,417,2,2
752,418,2,2
752,419,2,2
752,420,2,2
752,421,2,2
752,422,2,2
752,423,2,2
752,424,2,2
752,425,2,2
752,426,2,2
752,427,2,2
752,428,2,2
752,429,2,2
752,430,2,2
752,431,2,2
752,432,2,2
752,433,2,2
752,434,2,2
752,435,2,2
752,436,2,2
752,437,2,2
752,438,2,2
752,439,2,3
753,28,2,2
753,29,2,2
753,30,2,2
753,31,2,2
753,32,2,2
753,33,2,2
753,34,2,2
753,35,2,2
753,36,2,2
753,37,2,2
753,38,2,2
753,39,2,2
753,40,2,2
753,41,2,2
753,42,2,2
753,43,2,2
753,44,2,2
753,45,2,2
753,46,2,2
753,47,2,2
753,48,2,2
753,49,2,2
753,50,2,2
753,51,2,2
753,52,2,2
753,53,2,2
753,54,2,2
753,55,2,2
753,56,2,2
753,57,2,2
753,58,2,2
753,59,2,2
753,60,2,2
753,61,2,2
753,62,2,2
753,63,2,2
753,64,2,2
753,65,2,2
753,66,2,2
753,67,2,2
753,68,2,2
753,69,2,2
753,70,2,2
753,71,2,2
753,72,2,2
753,73,2,2
753,74,2,2
753,75,2,2
753,76,2,2
753,77,2,2
753,78,2,2
753,79,2,2
753,80,2,2
753,81,2,2
753,82,2,2
753,83,2,2
753,84,2,2
753,85,2,2
753,86,2,2
753,87,2,2
753,88,2,2
753,89,2,2
753,90,2,2
753,91,2,2
753,92,2,2
753,93,2,2
753,94,2,2
753,95,2,2
753,96,2,2
753,97,2,2
753,98,2,2
753,99,2,2
753,100,2,2
753,101,2,2
753,102,2,2
753,103,2,2
753,104,2,2
753,105,2,2
753,106,2,2
753,107,2,2
753,108,2,2
753,109,2,2
753,110,2,2
753,111,2,2
753,112,2,2
753,113,2,2
753,114,2,2
753,115,2,2
753,116,2,2
753,117,2,2
753,118,2,2
753,119,2,2
753,120,2,2
753,121,2,2
753,122,2,2
753,123,2,2
753,124,2,2
753,125,2,2
753,126,2,2
753,127,2,2
753,128,2,2
753,129,2,2
753,130,2,2
753,131,2,2
753,132,2,2
753,133,2,2
753,134,2,2
753,135,2,2
753,136,2,2
753,137,2,2
753,138,2,2
753,139,2,2
753,140,2,2
753,141,2,2
753,142,2,2
753,143,2,2
753,144,2,2
753,145,2,2
753,146,2,2
753,147,2,2
753,148,2,2
753,149,2,2
753,150,2,2
753,151,2,2
753,152,2,2
753,153,2,2
753,154,2,2
753,155,2,2
753,156,2,2
753,157,2,2
753,158,2,2
753,159,2,2
753,160,2,2
753,161,2,2
753,162,2,2
753,163,2,2
753,164,2,2
753,165,2,2
753,166,2,2
753,167,2,2
753,168,2,2
753,169,2,2
753,170,2,2
753,171,2,2
753,172,2,2
753,173,2,2
753,174,2,2
753,175,2,2
753,176,2,2
753,177,2,2
753,178,2,2
753,179,2,2
753,180,2,2
753,181,2,2
753,182,2,2
753,183,2,2
753,184,2,2
753,185,2,2
753,186,2,2
753,187,2,2
753,188,2,2
753,189,2,2
753,190,2,2
753,191,2,2
753,192,2,2
753,193,2,2
753,194,2,2
753,195,2,2
753,196,2,2
753,197,2,2
753,198,2,2
753,199,2,2
753,200,2,2
753,201,2,2
753,202,2,2
753,203,2,2
753,204,2,2
753,205,2,2
753,206,2,2
753,207,2,2
753,208,2,2
753,209,2,2
753,210,2,2
753,211,2,2
753,212,2,2
753,213,2,2
753,214,2,2
753,215,2,2
753,216,2,2
753,217,2,2
753,218,2,2
753,219,2,2
753,220,2,2
753,221,2,2
753,222,2,2
753,223,2,2
753,224,2,2
753,225,2,2
753,226,2,2
753,227,2,2
753,228,2,2
753,229,2,2
753,230,2,2
753,231,2,2
753,232,2,2
753,233,2,2
753,234,2,2
753,235,2,2
753,236,2,2
753,237,2,2
753,238,2,2
753,239,2,2
753,240,2,2
753,241,2,2
753,242,2,2
753,243,2,2
753,244,2,2
753,245,2,2
753,246,2,2
753,247,2,2
753,248,2,2
753,249,2,2
753,250,2,2
753,251,2,2
753,252,2,2
753,253,2,2
753,254,2,2
753,255,2,2
753,256,2,2
753,257,2,2
753,258,2,2
753,259,2,2
753,260,2,2
753,261,2,2
753,262,2,2
753,263,2,2
753,264,2,2
753,265,2,2
753,266,2,2
753,267,2,2
753,268,2,2
753,269,2,2
753,270,2,2
753,271,2,2
753,272,2,2
753,273,2,2
753,274,2,2
753,275,2,2
753,276,2,2
753,277,2,2
753,278,2,2
753,279,2,2
753,280,2,2
753,281,2,2
753,282,2,2
753,283,2,2
753,284,2,2
753,285,2,2
753,286,2,2
753,287,2,2
753,288,2,2
753,289,2,2
753,290,2,2
753,291,2,2
753,292,2,2
753,293,2,2
753,294,2,2
753,295,2,2
753,296,2,2
753,297,2,2
753,298,2,2
753,299,2,2
753,300,2,2
753,301,2,2
753,302,2,2
753,303,2,2
753,304,2,2
753,305,2,2
753,306,2,2
753,307,2,2
753,308,2,2
753,309,2,2
753,310,2,2
753,311,2,2
753,312,2,2
753,313,2,2
753,314,2,2
753,315,2,2
753,316,2,2
753,317,2,2
753,318,2,2
753,319,2,2
753,320,2,2
753,321,2,2
753,322,2,2
753,323,2,2
753,324,2,2
753,325,2,2
753,326,2,2
753,327,2,2
753,328,2,2
753,329,2,2
753,330,2,2
753,331,2,2
753,332,2,2
753,333,2,2
753,334,2,2
753,335,2,2
753,336,2,2
753,337,2,2
753,338,2,2
753,339,2,2
753,340,2,2
753,341,2,2
753,342,2,2
753,343,2,2
753,344,2,2
753,345,2,2
753,346,2,2
753,347,2,2
753,348,2,2
753,349,2,2
753,350,2,2
753,351,2,2
753,352,2,2
753,353,2,2
753,354,2,2
753,355,2,2
753,356,2,2
753,357,2,2
753,358,2,2
753,359,2,2
753,360,2,2
753,361,2,2
753,362,2,2
753,363,2,2
753,364,2,2
753,365,2,2
753,366,2,2
753,367,2,2
753,368,2,2
753,369,2,2
753,370,2,2
753,371,2,2
753,372,2,2
753,373,2,2
753,374,2,2
753,375,2,2
753,376,2,2
753,377,2,2
753,378,2,2
753,379,2,2
753,380,2,2
753,381,2,2
753,382,2,2
753,383,2,2
753,384,2,2
753,385,2,2
753,386,2,2
753,387,2,2
753,388,2,2
753,389,2,2
753,390,2,2
753,391,2,2
753,392,2,2
753,393,2,2
753,394,2,2
753,395,2,2
753,396,2,2
753,397,2,2
753,398,2,2
753,399,2,2
753,400,2,2
753,401,2,2
753,402,2,2
753,403,2,2
753,404,2,2
753,405,2,2
753,406,2,2
753,407,2,2
753,408,2,2
753,409,2,2
753,410,2,2
753,411,2,2
753,412,2,2
753,413,2,2
753,414,2,2
753,415,2,2
753,416,2,2
753,417,2,2
753,418,2,2
753,419,2,2
753,420,2,2
753,421,2,2
753,422,2,2
753,423,2,2
753,424,2,2
753,425,2,2
753,426,2,2
753,427,2,2
753,428,2,2
753,429,2,2
753,430,2,2
753,431,2,2
753,432,2,2
753,433,2,2
753,434,2,2
753,435,2,2
753,436,2,2
753,437,2,2
753,438,2,2
753,439,2,2
753,440,2,3
754,28,2,2
754,29,2,2
754,30,2,2
754,31,2,2
754,32,2,2
754,33,2,2
754,34,2,2
754,35,2,2
754,36,2,2
754,37,2,2
754,38,2,2
754,39,2,2
754,40,2,2
754,41,2,2
754,42,2,2
754,43,2,2
754,44,2,2
754,45,2,2
754,46,2,2
754,47,2,2
754,48,2,2
754,49,2,2
754,50,2,2
754,51,2,2
754,52,2,2
754,53,2,2
754,54,2,2
754,55,2,2
754,56,2,2
754,57,2,2
754,58,2,2
754,59,2,2
754,60,2,2
754,61,2,2
754,62,2,2
754,63,2,2
754,64,2,2
754,65,2,2
754,66,2,2
754,67,2,2
754,68,2,2
754,69,2,2
754,70,2,2
754,71,2,2
754,72,2,2
754,73,2,2
754,74,2,2
754,75,2,2
754,76,2,2
754,77,2,2
754,78,2,2
754,79,2,2
754,80,2,2
754,81,2,2
754,82,2,2
754,83,2,2
754,84,2,2
754,85,2,2
754,86,2,2
754,87,2,2
754,88,2,2
754,89,2,2
754,90,2,2
754,91,2,2
754,92,2,2
754,93,2,2
754,94,2,2
754,95,2,2
754,96,2,2
754,97,2,2
754,98,2,2
754,99,2,2
754,100,2,2
754,101,2,2
754,102,2,2
754,103,2,2
754,104,2,2
754,105,2,2
754,106,2,2
754,107,2,2
754,108,2,2
754,109,2,2
754,110,2,2
754,111,2,2
754,112,2,2
754,113,2,2
754,114,2,2
754,115,2,2
754,116,2,2
754,117,2,2
754,118,2,2
754,119,2,2
754,120,2,2
754,121,2,2
754,122,2,2
754,123,2,2
754,124,2,2
754,125,2,2
754,126,2,2
754,127,2,2
754,128,2,2
754,129,2,2
754,130,2,2
754,131,2,2
754,132,2,2
754,133,2,2
754,134,2,2
754,135,2,2
754,136,2,2
754,137,2,2
754,138,2,2
754,139,2,2
754,140,2,2
754,141,2,2
754,142,2,2
754,143,2,2
754,144,2,2
754,145,2,2
754,146,2,2
754,147,2,2
754,148,2,2
754,149,2,2
754,150,2,2
754,151,2,2
754,152,2,2
754,153,2,2
754,154,2,2
754,155,2,2
754,156,2,2
754,157,2,2
754,158,2,2
754,159,2,2
754,160,2,2
754,161,2,2
754,162,2,2
754,163,2,2
754,164,2,2
754,165,2,2
754,166,2,2
754,167,2,2
754,168,2,2
754,169,2,2
754,170,2,2
754,171,2,2
754,172,2,2
754,173,2,2
754,174,2,2
754,175,2,2
754,176,2,2
754,177,2,2
754,178,2,2
754,179,2,2
754,180,2,2
754,181,2,2
754,182,2,2
754,183,2,2
754,184,2,2
754,185,2,2
754,186,2,2
754,187,2,2
754,188,2,2
754,189,2,2
754,190,2,2
754,191,2,2
754,192,2,2
754,193,2,2
754,194,2,2
754,195,2,2
754,196,2,2
754,197,2,2
754,198,2,2
754,199,2,2
754,200,2,2
754,201,2,2
754,202,2,2
754,203,2,2
754,204,2,2
754,205,2,2
754,206,2,2
754,207,2,2
754,208,2,2
754,209,2,2
754,210,2,2
754,211,2,2
754,212,2,2
754,213,2,2
754,214,2,2
754,215,2,2
754,216,2,2
754,217,2,2
754,218,2,2
754,219,2,2
754,220,2,2
754,221,2,2
754,222,2,2
754,223,2,2
754,224,2,2
754,225,2,2
754,226,2,2
754,227,2,2
754,228,2,2
754,229,2,2
754,230,2,2
754,231,2,2
754,232,2,2
754,233,2,2
754,234,2,2
754,235,2,2
754,236,2,2
754,237,2,2
754,238,2,2
754,239,2,2
754,240,2,2
754,241,2,2
754,242,2,2
754,243,2,2
754,244,2,2
754,245,2,2
754,246,2,2
754,247,2,2
754,248,2,2
754,249,2,2
754,250,2,2
754,251,2,2
754,252,2,2
754,253,2,2
754,254,2,2
754,255,2,2
754,256,2,2
754,257,2,2
754,258,2,2
754,259,2,2
754,260,2,2
754,261,2,2
754,262,2,2
754,263,2,2
754,264,2,2
754,265,2,2
754,266,2,2
754,267,2,2
754,268,2,2
754,269,2,2
754,270,2,2
754,271,2,2
754,272,2,2
754,273,2,2
754,274,2,2
754,275,2,2
754,276,2,2
754,277,2,2
754,278,2,2
754,279,2,2
754,280,2,2
754,281,2,2
754,282,2,2
754,283,2,2
754,284,2,2
754,285,2,2
754,286,2,2
754,287,2,2
754,288,2,2
754,289,2,2
754,290,2,2
754,291,2,2
754,292,2,2
754,293,2,2
754,294,2,2
754,295,2,2
754,296,2,2
754,297,2,2
754,298,2,2
754,299,2,2
754,300,2,2
754,301,2,2
754,302,2,2
754,303,2,2
754,304,2,2
754,305,2,2
754,306,2,2
754,307,2,2
754,308,2,2
754,309,2,2
754,310,2,2
754,311,2,2
754,312,2,2
754,313,2,2
754,314,2,2
754,315,2,2
754,316,2,2
754,317,2,2
754,318,2,2
754,319,2,2
754,320,2,2
754,321,2,2
754,322,2,2
754,323,2,2
754,324,2,2
754,325,2,2
754,326,2,2
754,327,2,2
754,328,2,2
754,329,2,2
754,330,2,2
754,331,2,2
754,332,2,2
754,333,2,2
754,334,2,2
754,335,2,2
754,336,2,2
754,337,2,2
754,338,2,2
754,339,2,2
754,340,2,2
754,341,2,2
754,342,2,2
754,343,2,2
754,344,2,2
754,345,2,2
754,346,2,2
754,347,2,2
754,348,2,2
754,349,2,2
754,350,2,2
754,351,2,2
754,352,2,2
754,353,2,2
754,354,2,2
754,355,2,2
754,356,2,2
754,357,2,2
754,358,2,2
754,359,2,2
754,360,2,2
754,361,2,2
754,362,2,2
754,363,2,2
754,364,2,2
754,365,2,2
754,366,2,2
754,367,2,2
754,368,2,2
754,369,2,2
754,370,2,2
754,371,2,2
754,372,2,2
754,373,2,2
754,374,2,2
754,375,2,2
754,376,2,2
754,377,2,2
754,378,2,2
754,379,2,2
754,380,2,2
754,381,2,2
754,382,2,2
754,383,2,2
754,384,2,2
754,385,2,2
754,386,2,2
754,387,2,2
754,388,2,2
754,389,2,2
754,390,2,2
754,391,2,2
754,392,2,2
754,393,2,2
754,394,2,2
754,395,2,2
754,396,2,2
754,397,2,2
754,398,2,2
754,399,2,2
754,400,2,2
754,401,2,2
754,402,2,2
754,403,2,2
754,404,2,2
754,405,2,2
754,406,2,2
754,407,2,2
754,408,2,2
754,409,2,2
754,410,2,2
754,411,2,2
754,412,2,2
754,413,2,2
754,414,2,2
754,415,2,2
754,416,2,2
754,417,2,2
754,418,2,2
754,419,2,2
754,420,2,2
754,421,2,2
754,422,2,2
754,423,2,2
754,424,2,2
754,425,2,2
754,426,2,2
754,427,2,2
754,428,2,2
754,429,2,2
754,430,2,2
754,431,2,2
754,432,2,2
754,433,2,2
754,434,2,2
754,435,2,2
754,436,2,2
754,437,2,2
754,438,2,2
754,439,2,2
754,440,2,3
754,441,2,2
755,28,2,2
755,29,2,2
755,30,2,2
755,31,2,2
755,32,2,2
755,33,2,2
755,34,2,2
755,35,2,2
755,36,2,2
755,37,2,2
755,38,2,2
755,39,2,2
755,40,2,2
755,41,2,2
755,42,2,2
755,43,2,2
755,44,2,2
755,45,2,2
755,46,2,2
755,47,2,2
755,48,2,2
755,49,2,2
755,50,2,2
755,51,2,2
755,52,2,2
755,53,2,2
755,54,2,2
755,55,2,2
755,56,2,2
755,57,2,2
755,58,2,2
755,59,2,2
755,60,2,2
755,61,2,2
755,62,2,2
755,63,2,2
755,64,2,2
755,65,2,2
755,66,2,2
755,67,2,2
755,68,2,2
755,69,2,2
755,70,2,2
755,71,2,2
755,72,2,2
755,73,2,2
755,74,2,2
755,75,2,2
755,76,2,2
755,77,2,2
755,78,2,2
755,79,2,2
755,80,2,2
755,81,2,2
755,82,2,2
755,83,2,2
755,84,2,2
755,85,2,2
755,86,2,2
755,87,2,2
755,88,2,2
755,89,2,2
755,90,2,2
755,91,2,2
755,92,2,2
755,93,2,2
755,94,2,2
755,95,2,2
755,96,2,2
755,97,2,2
755,98,2,2
755,99,2,2
755,100,2,2
755,101,2,2
755,102,2,2
755,103,2,2
755,104,2,2
755,105,2,2
755,106,2,2
755,107,2,2
755,108,2,2
755,109,2,2
755,110,2,2
755,111,2,2
755,112,2,2
755,113,2,2
755,114,2,2
755,115,2,2
755,116,2,2
755,117,2,2
755,118,2,2
755,119,2,2
755,120,2,2
755,121,2,2
755,122,2,2
755,123,2,2
755,124,2,2
755,125,2,2
755,126,2,2
755,127,2,2
755,128,2,2
755,129,2,2
755,130,2,2
755,131,2,2
755,132,2,2
755,133,2,2
755,134,2,2
755,135,2,2
755,136,2,2
755,137,2,2
755,138,2,2
755,139,2,2
755,140,2,2
755,141,2,2
755,142,2,2
755,143,2,2
755,144,2,2
755,145,2,2
755,146,2,2
755,147,2,2
755,148,2,2
755,149,2,2
755,150,2,2
755,151,2,2
755,152,2,2
755,153,2,2
755,154,2,2
755,155,2,2
755,156,2,2
755,157,2,2
755,158,2,2
755,159,2,2
755,160,2,2
755,161,2,2
755,162,2,2
755,163,2,2
755,164,2,2
755,165,2,2
755,166,2,2
755,167,2,2
755,168,2,2
755,169,2,2
755,170,2,2
755,171,2,2
755,172,2,2
755,173,2,2
755,174,2,2
755,175,2,2
755,176,2,2
755,177,2,2
755,178,2,2
755,179,2,2
755,180,2,2
755,181,2,2
755,182,2,2
755,183,2,2
755,184,2,2
755,185,2,2
755,186,2,2
755,187,2,2
755,188,2,2
755,189,2,2
755,190,2,2
755,191,2,2
755,192,2,2
755,193,2,2
755,194,2,2
755,195,2,2
755,196,2,2
755,197,2,2
755,198,2,2
755,199,2,2
755,200,2,2
755,201,2,2
755,202,2,2
755,203,2,2
755,204,2,2
755,205,2,2
755,206,2,2
755,207,2,2
755,208,2,2
755,209,2,2
755,210,2,2
755,211,2,2
755,212,2,2
755,213,2,2
755,214,2,2
755,215,2,2
755,216,2,2
755,217,2,2
755,218,2,2
755,219,2,2
755,220,2,2
755,221,2,2
755,222,2,2
755,223,2,2
755,224,2,2
755,225,2,2
755,226,2,2
755,227,2,2
755,228,2,2
755,229,2,2
755,230,2,2
755,231,2,2
755,232,2,2
755,233,2,2
755,234,2,2
755,235,2,2
755,236,2,2
755,237,2,2
755,238,2,2
755,239,2,2
755,240,2,2
755,241,2,2
755,242,2,2
755,243,2,2
755,244,2,2
755,245,2,2
755,246,2,2
755,247,2,2
755,248,2,2
755,249,2,2
755,250,2,2
755,251,2,2
755,252,2,2
755,253,2,2
755,254,2,2
755,255,2,2
755,256,2,2
755,257,2,2
755,258,2,2
755,259,2,2
755,260,2,2
755,261,2,2
755,262,2,2
755,263,2,2
755,264,2,2
755,265,2,2
755,266,2,2
755,267,2,2
755,268,2,2
755,269,2,2
755,270,2,2
755,271,2,2
755,272,2,2
755,273,2,2
755,274,2,2
755,275,2,2
755,276,2,2
755,277,2,2
755,278,2,2
755,279,2,2
755,280,2,2
755,281,2,2
755,282,2,2
755,283,2,2
755,284,2,2
755,285,2,2
755,286,2,2
755,287,2,2
755,288,2,2
755,289,2,2
755,290,2,2
755,291,2,2
755,292,2,2
755,293,2,2
755,294,2,2
755,295,2,2
755,296,2,2
755,297,2,2
755,298,2,2
755,299,2,2
755,300,2,2
755,301,2,2
755,302,2,2
755,303,2,2
755,304,2,2
755,305,2,2
755,306,2,2
755,307,2,2
755,308,2,2
755,309,2,2
755,310,2,2
755,311,2,2
755,312,2,2
755,313,2,2
755,314,2,2
755,315,2,2
755,316,2,2
755,317,2,2
755,318,2,2
755,319,2,2
755,320,2,2
755,321,2,2
755,322,2,2
755,323,2,2
755,324,2,2
755,325,2,2
755,326,2,2
755,327,2,2
755,328,2,2
755,329,2,2
755,330,2,2
755,331,2,2
755,332,2,2
755,333,2,2
755,334,2,2
755,335,2,2
755,336,2,2
755,337,2,2
755,338,2,2
755,339,2,2
755,340,2,2
755,341,2,2
755,342,2,2
755,343,2,2
755,344,2,2
755,345,2,2
755,346,2,2
755,347,2,2
755,348,2,2
755,349,2,2
755,350,2,2
755,351,2,2
755,352,2,2
755,353,2,2
755,354,2,2
755,355,2,2
755,356,2,2
755,357,2,2
755,358,2,2
755,359,2,2
755,360,2,2
755,361,2,2
755,362,2,2
755,363,2,2
755,364,2,2
755,365,2,2
755,366,2,2
755,367,2,2
755,368,2,2
755,369,2,2
755,370,2,2
755,371,2,2
755,372,2,2
755,373,2,2
755,374,2,2
755,375,2,2
755,376,2,2
755,377,2,2
755,378,2,2
755,379,2,2
755,380,2,2
755,381,2,2
755,382,2,2
755,383,2,2
755,384,2,2
755,385,2,2
755,386,2,2
755,387,2,2
755,388,2,2
755,389,2,2
755,390,2,2
755,391,2,2
755,392,2,2
755,393,2,2
755,394,2,2
755,395,2,2
755,396,2,2
755,397,2,2
755,398,2,2
755,399,2,2
755,400,2,2
755,401,2,2
755,402,2,2
755,403,2,2
755,404,2,2
755,405,2,2
755,406,2,2
755,407,2,2
755,408,2,2
755,409,2,2
755,410,2,2
755,411,2,2
755,412,2,2
755,413,2,2
755,414,2,2
755,415,2,2
755,416,2,2
755,417,2,2
755,418,2,2
755,419,2,2
755,420,2,2
755,421,2,2
755,422,2,2
755,423,2,2
755,424,2,2
755,425,2,2
755,426,2,2
755,427,2,2
755,428,2,2
755,429,2,2
755,430,2,2
755,431,2,2
755,432,2,2
755,433,2,2
755,434,2,2
755,435,2,2
755,436,2,2
755,437,2,2
755,438,2,2
755,439,2,2
755,440,2,2
755,441,2,2
755,442,2,2
756,28,2,2
756,29,2,2
756,30,2,2
756,31,2,2
756,32,2,2
756,33,2,2
756,34,2,2
756,35,2,2
756,36,2,2
756,37,2,2
756,38,2,2
756,39,2,2
756,40,2,2
756,41,2,2
756,42,2,2
756,43,2,2
756,44,2,2
756,45,2,2
756,46,2,2
756,47,2,2
756,48,2,2
756,49,2,2
756,50,2,2
756,51,2,2
756,52,2,2
756,53,2,2
756,54,2,2
756,55,2,2
756,56,2,2
756,57,2,2
756,58,2,2
756,59,2,2
756,60,2,2
756,61,2,2
756,62,2,2
756,63,2,2
756,64,2,2
756,65,2,2
756,66,2,2
756,67,2,2
756,68,2,2
756,69,2,2
756,70,2,2
756,71,2,2
756,72,2,2
756,73,2,2
756,74,2,2
756,75,2,2
756,76,2,2
756,77,2,2
756,78,2,2
756,79,2,2
756,80,2,2
756,81,2,2
756,82,2,2
756,83,2,2
756,84,2,2
756,85,2,2
756,86,2,2
756,87,2,2
756,88,2,2
756,89,2,2
756,90,2,2
756,91,2,2
756,92,2,2
756,93,2,2
756,94,2,2
756,95,2,2
756,96,2,2
756,97,2,2
756,98,2,2
756,99,2,2
756,100,2,2
756,101,2,2
756,102,2,2
756,103,2,2
756,104,2,2
756,105,2,2
756,106,2,2
756,107,2,2
756,108,2,2
756,109,2,2
756,110,2,2
756,111,2,2
756,112,2,2
756,113,2,2
756,114,2,2
756,115,2,2
756,116,2,2
756,117,2,2
756,118,2,2
756,119,2,2
756,120,2,2
756,121,2,2
756,122,2,2
756,123,2,2
756,124,2,2
756,125,2,2
756,126,2,2
756,127,2,2
756,128,2,2
756,129,2,2
756,130,2,2
756,131,2,2
756,132,2,2
756,133,2,2
756,134,2,2
756,135,2,2
756,136,2,2
756,137,2,2
756,138,2,2
756,139,2,2
756,140,2,2
756,141,2,2
756,142,2,2
756,143,2,2
756,144,2,2
756,145,2,2
756,146,2,2
756,147,2,2
756,148,2,2
756,149,2,2
756,150,2,2
756,151,2,2
756,152,2,2
756,153,2,2
756,154,2,2
756,155,2,2
756,156,2,2
756,157,2,2
756,158,2,2
756,159,2,2
756,160,2,2
756,161,2,2
756,162,2,2
756,163,2,2
756,164,2,2
756,165,2,2
756,166,2,2
756,167,2,2
756,168,2,2
756,169,2,2
756,170,2,2
756,171,2,2
756,172,2,2
756,173,2,2
756,174,2,2
756,175,2,2
756,176,2,2
756,177,2,2
756,178,2,2
756,179,2,2
756,180,2,2
756,181,2,2
756,182,2,2
756,183,2,2
756,184,2,2
756,185,2,2
756,186,2,2
756,187,2,2
756,188,2,2
756,189,2,2
756,190,2,2
756,191,2,2
756,192,2,2
756,193,2,2
756,194,2,2
756,195,2,2
756,196,2,2
756,197,2,2
756,198,2,2
756,199,2,2
756,200,2,2
756,201,2,2
756,202,2,2
756,203,2,2
756,204,2,2
756,205,2,2
756,206,2,2
756,207,2,2
756,208,2,2
756,209,2,2
756,210,2,2
756,211,2,2
756,212,2,2
756,213,2,2
756,214,2,2
756,215,2,2
756,216,2,2
756,217,2,2
756,218,2,2
756,219,2,2
756,220,2,2
756,221,2,2
756,222,2,2
756,223,2,2
756,224,2,2
756,225,2,2
756,226,2,2
756,227,2,2
756,228,2,2
756,229,2,2
756,230,2,2
756,231,2,2
756,232,2,2
756,233,2,2
756,234,2,2
756,235,2,2
756,236,2,2
756,237,2,2
756,238,2,2
756,239,2,2
756,240,2,2
756,241,2,2
756,242,2,2
756,243,2,2
756,244,2,2
756,245,2,2
756,246,2,2
756,247,2,2
756,248,2,2
756,249,2,2
756,250,2,2
756,251,2,2
756,252,2,2
756,253,2,2
756,254,2,2
756,255,2,2
756,256,2,2
756,257,2,2
756,258,2,2
756,259,2,2
756,260,2,2
756,261,2,2
756,262,2,2
756,263,2,2
756,264,2,2
756,265,2,2
756,266,2,2
756,267,2,2
756,268,2,2
756,269,2,2
756,270,2,2
756,271,2,2
756,272,2,2
756,273,2,2
756,274,2,2
756,275,2,2
756,276,2,2
756,277,2,2
756,278,2,2
756,279,2,2
756,280,2,2
756,281,2,2
756,282,2,2
756,283,2,2
756,284,2,2
756,285,2,2
756,286,2,2
756,287,2,2
756,288,2,2
756,289,2,2
756,290,2,2
756,291,2,2
756,292,2,2
756,293,2,2
756,294,2,2
756,295,2,2
756,296,2,2
756,297,2,2
756,298,2,2
756,299,2,2
756,300,2,2
756,301,2,2
756,302,2,2
756,303,2,2
756,304,2,2
756,305,2,2
756,306,2,2
756,307,2,2
756,308,2,2
756,309,2,2
756,310,2,2
756,311,2,2
756,312,2,2
756,313,2,2
756,314,2,2
756,315,2,2
756,316,2,2
756,317,2,2
756,318,2,2
756,319,2,2
756,320,2,2
756,321,2,2
756,322,2,2
756,323,2,2
756,324,2,2
756,325,2,2
756,326,2,2
756,327,2,2
756,328,2,2
756,329,2,2
756,330,2,2
756,331,2,2
756,332,2,2
756,333,2,2
756,334,2,2
756,335,2,2
756,336,2,2
756,337,2,2
756,338,2,2
756,339,2,2
756,340,2,2
756,341,2,2
756,342,2,2
756,343,2,2
756,344,2,2
756,345,2,2
756,346,2,2
756,347,2,2
756,348,2,2
756,349,2,2
756,350,2,2
756,351,2,2
756,352,2,2
756,353,2,2
756,354,2,2
756,355,2,2
756,356,2,2
756,357,2,2
756,358,2,2
756,359,2,2
756,360,2,2
756,361,2,2
756,362,2,2
756,363,2,2
756,364,2,2
756,365,2,2
756,366,2,2
756,367,2,2
756,368,2,2
756,369,2,2
756,370,2,2
756,371,2,2
756,372,2,2
756,373,2,2
756,374,2,2
756,375,2,2
756,376,2,2
756,377,2,2
756,378,2,2
756,379,2,2
756,380,2,2
756,381,2,2
756,382,2,2
756,383,2,2
756,384,2,2
756,385,2,2
756,386,2,2
756,387,2,2
756,388,2,2
756,389,2,2
756,390,2,2
756,391,2,2
756,392,2,2
756,393,2,2
756,394,2,2
756,395,2,2
756,396,2,2
756,397,2,2
756,398,2,2
756,399,2,2
756,400,2,2
756,401,2,2
756,402,2,2
756,403,2,2
756,404,2,2
756,405,2,2
756,406,2,2
756,407,2,2
756,408,2,2
756,409,2,2
756,410,2,2
756,411,2,2
756,412,2,2
756,413,2,2
756,414,2,2
756,415,2,2
756,416,2,2
756,417,2,2
756,418,2,2
756,419,2,2
756,420,2,2
756,421,2,2
756,422,2,2
756,423,2,2
756,424,2,2
756,425,2,2
756,426,2,2
756,427,2,2
756,428,2,2
756,429,2,2
756,430,2,2
756,431,2,2
756,432,2,2
756,433,2,2
756,434,2,2
756,435,2,2
756,436,2,2
756,437,2,2
756,438,2,2
756,439,2,2
756,440,2,2
756,441,2,2
756,442,2,2
757,28,2,2
757,29,2,2
757,30,2,2
757,31,2,2
757,32,2,2
757,33,2,2
757,34,2,2
757,35,2,2
757,36,2,2
757,37,2,2
757,38,2,2
757,39,2,2
757,40,2,2
757,41,2,2
757,42,2,2
757,43,2,2
757,44,2,2
757,45,2,2
757,46,2,2
757,47,2,2
757,48,2,2
757,49,2,2
757,50,2,2
757,51,2,2
757,52,2,2
757,53,2,2
757,54,2,2
757,55,2,2
757,56,2,2
757,57,2,2
757,58,2,2
757,59,2,2
757,60,2,2
757,61,2,2
757,62,2,2
757,63,2,2
757,64,2,2
757,65,2,2
757,66,2,2
757,67,2,2
757,68,2,2
757,69,2,2
757,70,2,2
757,71,2,2
757,72,2,2
757,73,2,2
757,74,2,2
757,75,2,2
757,76,2,2
757,77,2,2
757,78,2,2
757,79,2,2
757,80,2,2
757,81,2,2
757,82,2,2
757,83,2,2
757,84,2,2
757,85,2,2
757,86,2,2
757,87,2,2
757,88,2,2
757,89,2,2
757,90,2,2
757,91,2,2
757,92,2,2
757,93,2,2
757,94,2,2
757,95,2,2
757,96,2,2
757,97,2,2
757,98,2,2
757,99,2,2
757,100,2,2
757,101,2,2
757,102,2,2
757,103,2,2
757,104,2,2
757,105,2,2
757,106,2,2
757,107,2,2
757,108,2,2
757,109,2,2
757,110,2,2
757,111,2,2
757,112,2,2
757,113,2,2
757,114,2,2
757,115,2,2
757,116,2,2
757,117,2,2
757,118,2,2
757,119,2,2
757,120,2,2
757,121,2,2
757,122,2,2
757,123,2,2
757,124,2,2
757,125,2,2
757,126,2,2
757,127,2,2
757,128,2,2
757,129,2,2
757,130,2,2
757,131,2,2
757,132,2,2
757,133,2,2
757,134,2,2
757,135,2,2
757,136,2,2
757,137,2,2
757,138,2,2
757,139,2,2
757,140,2,2
757,141,2,2
757,142,2,2
757,143,2,2
757,144,2,2
757,145,2,2
757,146,2,2
757,147,2,2
757,148,2,2
757,149,2,2
757,150,2,2
757,151,2,2
757,152,2,2
757,153,2,2
757,154,2,2
757,155,2,2
757,156,2,2
757,157,2,2
757,158,2,2
757,159,2,2
757,160,2,2
757,161,2,2
757,162,2,2
757,163,2,2
757,164,2,2
757,165,2,2
757,166,2,2
757,167,2,2
757,168,2,2
757,169,2,2
757,170,2,2
757,171,2,2
757,172,2,2
757,173,2,2
757,174,2,2
757,175,2,2
757,176,2,2
757,177,2,2
757,178,2,2
757,179,2,2
757,180,2,2
757,181,2,2
757,182,2,2
757,183,2,2
757,184,2,2
757,185,2,2
757,186,2,2
757,187,2,2
757,188,2,2
757,189,2,2
757,190,2,2
757,191,2,2
757,192,2,2
757,193,2,2
757,194,2,2
757,195,2,2
757,196,2,2
757,197,2,2
757,198,2,2
757,199,2,2
757,200,2,2
757,201,2,2
757,202,2,2
757,203,2,2
757,204,2,2
757,205,2,2
757,206,2,2
757,207,2,2
757,208,2,2
757,209,2,2
757,210,2,2
757,211,2,2
757,212,2,2
757,213,2,2
757,214,2,2
757,215,2,2
757,216,2,2
757,217,2,2
757,218,2,2
757,219,2,2
757,220,2,2
757,221,2,2
757,222,2,2
757,223,2,2
757,224,2,2
757,225,2,2
757,226,2,2
757,227,2,2
757,228,2,2
757,229,2,2
757,230,2,2
757,231,2,2
757,232,2,2
757,233,2,2
757,234,2,2
757,235,2,2
757,236,2,2
757,237,2,2
757,238,2,2
757,239,2,2
757,240,2,2
757,241,2,2
757,242,2,2
757,243,2,2
757,244,2,2
757,245,2,2
757,246,2,2
757,247,2,2
757,248,2,2
757,249,2,2
757,250,2,2
757,251,2,2
757,252,2,2
757,253,2,2
757,254,2,2
757,255,2,2
757,256,2,2
757,257,2,2
757,258,2,2
757,259,2,2
757,260,2,2
757,261,2,2
757,262,2,2
757,263,2,2
757,264,2,2
757,265,2,2
757,266,2,2
757,267,2,2
757,268,2,2
757,269,2,2
757,270,2,2
757,271,2,2
757,272,2,2
757,273,2,2
757,274,2,2
757,275,2,2
757,276,2,2
757,277,2,2
757,278,2,2
757,279,2,2
757,280,2,2
757,281,2,2
757,282,2,2
757,283,2,2
757,284,2,2
757,285,2,2
757,286,2,2
757,287,2,2
757,288,2,2
757,289,2,2
757,290,2,2
757,291,2,2
757,292,2,2
757,293,2,2
757,294,2,2
757,295,2,2
757,296,2,2
757,297,2,2
757,298,2,2
757,299,2,2
757,300,2,2
757,301,2,2
757,302,2,2
757,303,2,2
757,304,2,2
757,305,2,2
757,306,2,2
757,307,2,2
757,308,2,2
757,309,2,2
757,310,2,2
757,311,2,2
757,312,2,2
757,313,2,2
757,314,2,2
757,315,2,2
757,316,2,2
757,317,2,2
757,318,2,2
757,319,2,2
757,320,2,2
757,321,2,2
757,322,2,2
757,323,2,2
757,324,2,2
757,325,2,2
757,326,2,2
757,327,2,2
757,328,2,2
757,329,2,2
757,330,2,2
757,331,2,2
757,332,2,2
757,333,2,2
757,334,2,2
757,335,2,2
757,336,2,2
757,337,2,2
757,338,2,2
757,339,2,2
757,340,2,2
757,341,2,2
757,342,2,2
757,343,2,2
757,344,2,2
757,345,2,2
757,346,2,2
757,347,2,2
757,348,2,2
757,349,2,2
757,350,2,2
757,351,2,2
757,352,2,2
757,353,2,2
757,354,2,2
757,355,2,2
757,356,2,2
757,357,2,2
757,358,2,2
757,359,2,2
757,360,2,2
757,361,2,2
757,362,2,2
757,363,2,2
757,364,2,2
757,365,2,2
757,366,2,2
757,367,2,2
757,368,2,2
757,369,2,2
757,370,2,2
757,371,2,2
757,372,2,2
757,373,2,2
757,374,2,2
757,375,2,2
757,376,2,2
757,377,2,2
757,378,2,2
757,379,2,2
757,380,2,2
757,381,2,2
757,382,2,2
757,383,2,2
757,384,2,2
757,385,2,2
757,386,2,2
757,387,2,2
757,388,2,2
757,389,2,2
757,390,2,2
757,391,2,2
757,392,2,2
757,393,2,2
757,394,2,2
757,395,2,2
757,396,2,2
757,397,2,2
757,398,2,2
757,399,2,2
757,400,2,2
757,401,2,2
757,402,2,2
757,403,2,2
757,404,2,2
757,405,2,2
757,406,2,2
757,407,2,2
757,408,2,2
757,409,2,2
757,410,2,2
757,411,2,2
757,412,2,2
757,413,2,2
757,414,2,2
757,415,2,2
757,416,2,2
757,417,2,2
757,418,2,2
757,419,2,2
757,420,2,2
757,421,2,2
757,422,2,2
757,423,2,2
757,424,2,2
757,425,2,2
757,426,2,2
757,427,2,2
757,428,2,2
757,429,2,2
757,430,2,2
757,431,2,2
757,432,2,2
757,433,2,2
757,434,2,2
757,435,2,2
757,436,2,2
757,437,2,2
757,438,2,2
757,439,2,2
757,440,2,2
757,441,2,2
757,442,2,2
757,443,2,2
758,28,2,2
758,29,2,2
758,30,2,2
758,31,2,2
758,32,2,2
758,33,2,2
758,34,2,2
758,35,2,2
758,36,2,2
758,37,2,2
758,38,2,2
758,39,2,2
758,40,2,2
758,41,2,2
758,42,2,2
758,43,2,2
758,44,2,2
758,45,2,2
758,46,2,2
758,47,2,2
758,48,2,2
758,49,2,2
758,50,2,2
758,51,2,2
758,52,2,2
758,53,2,2
758,54,2,2
758,55,2,2
758,56,2,2
758,57,2,2
758,58,2,2
758,59,2,2
758,60,2,2
758,61,2,2
758,62,2,2
758,63,2,2
758,64,2,2
758,65,2,2
758,66,2,2
758,67,2,2
758,68,2,2
758,69,2,2
758,70,2,2
758,71,2,2
758,72,2,2
758,73,2,2
758,74,2,2
758,75,2,2
758,76,2,2
758,77,2,2
758,78,2,2
758,79,2,2
758,80,2,2
758,81,2,2
758,82,2,2
758,83,2,2
758,84,2,2
758,85,2,2
758,86,2,2
758,87,2,2
758,88,2,2
758,89,2,2
758,90,2,2
758,91,2,2
758,92,2,2
758,93,2,2
758,94,2,2
758,95,2,2
758,96,2,2
758,97,2,2
758,98,2,2
758,99,2,2
758,100,2,2
758,101,2,2
758,102,2,2
758,103,2,2
758,104,2,2
758,105,2,2
758,106,2,2
758,107,2,2
758,108,2,2
758,109,2,2
758,110,2,2
758,111,2,2
758,112,2,2
758,113,2,2
758,114,2,2
758,115,2,2
758,116,2,2
758,117,2,2
758,118,2,2
758,119,2,2
758,120,2,2
758,121,2,2
758,122,2,2
758,123,2,2
758,124,2,2
758,125,2,2
758,126,2,2
758,127,2,2
758,128,2,2
758,129,2,2
758,130,2,2
758,131,2,2
758,132,2,2
758,133,2,2
758,134,2,2
758,135,2,2
758,136,2,2
758,137,2,2
758,138,2,2
758,139,2,2
758,140,2,2
758,141,2,2
758,142,2,2
758,143,2,2
758,144,2,2
758,145,2,2
758,146,2,2
758,147,2,2
758,148,2,2
758,149,2,2
758,150,2,2
758,151,2,2
758,152,2,2
758,153,2,2
758,154,2,2
758,155,2,2
758,156,2,2
758,157,2,2
758,158,2,2
758,159,2,2
758,160,2,2
758,161,2,2
758,162,2,2
758,163,2,2
758,164,2,2
758,165,2,2
758,166,2,2
758,167,2,2
758,168,2,2
758,169,2,2
758,170,2,2
758,171,2,2
758,172,2,2
758,173,2,2
758,174,2,2
758,175,2,2
758,176,2,2
758,177,2,2
758,178,2,2
758,179,2,2
758,180,2,2
758,181,2,2
758,182,2,2
758,183,2,2
758,184,2,2
758,185,2,2
758,186,2,2
758,187,2,2
758,188,2,2
758,189,2,2
758,190,2,2
758,191,2,2
758,192,2,2
758,193,2,2
758,194,2,2
758,195,2,2
758,196,2,2
758,197,2,2
758,198,2,2
758,199,2,2
758,200,2,2
758,201,2,2
758,202,2,2
758,203,2,2
758,204,2,2
758,205,2,2
758,206,2,2
758,207,2,2
758,208,2,2
758,209,2,2
758,210,2,2
758,211,2,2
758,212,2,2
758,213,2,2
758,214,2,2
758,215,2,2
758,216,2,2
758,217,2,2
758,218,2,2
758,219,2,2
758,220,2,2
758,221,2,2
758,222,2,2
758,223,2,2
758,224,2,2
758,225,2,2
758,226,2,2
758,227,2,2
758,228,2,2
758,229,2,2
758,230,2,2
758,231,2,2
758,232,2,2
758,233,2,2
758,234,2,2
758,235,2,2
758,236,2,2
758,237,2,2
758,238,2,2
758,239,2,2
758,240,2,2
758,241,2,2
758,242,2,2
758,243,2,2
758,244,2,2
758,245,2,2
758,246,2,2
758,247,2,2
758,248,2,2
758,249,2,2
758,250,2,2
758,251,2,2
758,252,2,2
758,253,2,2
758,254,2,2
758,255,2,2
758,256,2,2
758,257,2,2
758,258,2,2
758,259,2,2
758,260,2,2
758,261,2,2
758,262,2,2
758,263,2,2
758,264,2,2
758,265,2,2
758,266,2,2
758,267,2,2
758,268,2,2
758,269,2,2
758,270,2,2
758,271,2,2
758,272,2,2
758,273,2,2
758,274,2,2
758,275,2,2
758,276,2,2
758,277,2,2
758,278,2,2
758,279,2,2
758,280,2,2
758,281,2,2
758,282,2,2
758,283,2,2
758,284,2,2
758,285,2,2
758,286,2,2
758,287,2,2
758,288,2,2
758,289,2,2
758,290,2,2
758,291,2,2
758,292,2,2
758,293,2,2
758,294,2,2
758,295,2,2
758,296,2,2
758,297,2,2
758,298,2,2
758,299,2,2
758,300,2,2
758,301,2,2
758,302,2,2
758,303,2,2
758,304,2,2
758,305,2,2
758,306,2,2
758,307,2,2
758,308,2,2
758,309,2,2
758,310,2,2
758,311,2,2
758,312,2,2
758,313,2,2
758,314,2,2
758,315,2,2
758,316,2,2
758,317,2,2
758,318,2,2
758,319,2,2
758,320,2,2
758,321,2,2
758,322,2,2
758,323,2,2
758,324,2,2
758,325,2,2
758,326,2,2
758,327,2,2
758,328,2,2
758,329,2,2
758,330,2,2
758,331,2,2
758,332,2,2
758,333,2,2
758,334,2,2
758,335,2,2
758,336,2,2
758,337,2,2
758,338,2,2
758,339,2,2
758,340,2,2
758,341,2,2
758,342,2,2
758,343,2,2
758,344,2,2
758,345,2,2
758,346,2,2
758,347,2,2
758,348,2,2
758,349,2,2
758,350,2,2
758,351,2,2
758,352,2,2
758,353,2,2
758,354,2,2
758,355,2,2
758,356,2,2
758,357,2,2
758,358,2,2
758,359,2,2
758,360,2,2
758,361,2,2
758,362,2,2
758,363,2,2
758,364,2,2
758,365,2,2
758,366,2,2
758,367,2,2
758,368,2,2
758,369,2,2
758,370,2,2
758,371,2,2
758,372,2,2
758,373,2,2
758,374,2,2
758,375,2,2
758,376,2,2
758,377,2,2
758,378,2,2
758,379,2,2
758,380,2,2
758,381,2,2
758,382,2,2
758,383,2,2
758,384,2,2
758,385,2,2
758,386,2,2
758,387,2,2
758,388,2,2
758,389,2,2
758,390,2,2
758,391,2,2
758,392,2,2
758,393,2,2
758,394,2,2
758,395,2,2
758,396,2,2
758,397,2,2
758,398,2,2
758,399,2,2
758,400,2,2
758,401,2,2
758,402,2,2
758,403,2,2
758,404,2,2
758,405,2,2
758,406,2,2
758,407,2,2
758,408,2,2
758,409,2,2
758,410,2,2
758,411,2,2
758,412,2,2
758,413,2,2
758,414,2,2
758,415,2,2
758,416,2,2
758,417,2,2
758,418,2,2
758,419,2,2
758,420,2,2
758,421,2,2
758,422,2,2
758,423,2,2
758,424,2,2
758,425,2,2
758,426,2,2
758,427,2,2
758,428,2,2
758,429,2,2
758,430,2,2
758,431,2,2
758,432,2,2
758,433,2,2
758,434,2,2
758,435,2,2
758,436,2,2
758,437,2,2
758,438,2,2
758,439,2,2
758,440,2,2
758,441,2,2
758,442,2,2
758,443,2,2
758,444,2,3
759,28,2,2
759,29,2,2
759,30,2,2
759,31,2,2
759,32,2,2
759,33,2,2
759,34,2,2
759,35,2,2
759,36,2,2
759,37,2,2
759,38,2,2
759,39,2,2
759,40,2,2
759,41,2,2
759,42,2,2
759,43,2,2
759,44,2,2
759,45,2,2
759,46,2,2
759,47,2,2
759,48,2,2
759,49,2,2
759,50,2,2
759,51,2,2
759,52,2,2
759,53,2,2
759,54,2,2
759,55,2,2
759,56,2,2
759,57,2,2
759,58,2,2
759,59,2,2
759,60,2,2
759,61,2,2
759,62,2,2
759,63,2,2
759,64,2,2
759,65,2,2
759,66,2,2
759,67,2,2
759,68,2,2
759,69,2,2
759,70,2,2
759,71,2,2
759,72,2,2
759,73,2,2
759,74,2,2
759,75,2,2
759,76,2,2
759,77,2,2
759,78,2,2
759,79,2,2
759,80,2,2
759,81,2,2
759,82,2,2
759,83,2,2
759,84,2,2
759,85,2,2
759,86,2,2
759,87,2,2
759,88,2,2
759,89,2,2
759,90,2,2
759,91,2,2
759,92,2,2
759,93,2,2
759,94,2,2
759,95,2,2
759,96,2,2
759,97,2,2
759,98,2,2
759,99,2,2
759,100,2,2
759,101,2,2
759,102,2,2
759,103,2,2
759,104,2,2
759,105,2,2
759,106,2,2
759,107,2,2
759,108,2,2
759,109,2,2
759,110,2,2
759,111,2,2
759,112,2,2
759,113,2,2
759,114,2,2
759,115,2,2
759,116,2,2
759,117,2,2
759,118,2,2
759,119,2,2
759,120,2,2
759,121,2,2
759,122,2,2
759,123,2,2
759,124,2,2
759,125,2,2
759,126,2,2
759,127,2,2
759,128,2,2
759,129,2,2
759,130,2,2
759,131,2,2
759,132,2,2
759,133,2,2
759,134,2,2
759,135,2,2
759,136,2,2
759,137,2,2
759,138,2,2
759,139,2,2
759,140,2,2
759,141,2,2
759,142,2,2
759,143,2,2
759,144,2,2
759,145,2,2
759,146,2,2
759,147,2,2
759,148,2,2
759,149,2,2
759,150,2,2
759,151,2,2
759,152,2,2
759,153,2,2
759,154,2,2
759,155,2,2
759,156,2,2
759,157,2,2
759,158,2,2
759,159,2,2
759,160,2,2
759,161,2,2
759,162,2,2
759,163,2,2
759,164,2,2
759,165,2,2
759,166,2,2
759,167,2,2
759,168,2,2
759,169,2,2
759,170,2,2
759,171,2,2
759,172,2,2
759,173,2,2
759,174,2,2
759,175,2,2
759,176,2,2
759,177,2,2
759,178,2,2
759,179,2,2
759,180,2,2
759,181,2,2
759,182,2,2
759,183,2,2
759,184,2,2
759,185,2,2
759,186,2,2
759,187,2,2
759,188,2,2
759,189,2,2
759,190,2,2
759,191,2,2
759,192,2,2
759,193,2,2
759,194,2,2
759,195,2,2
759,196,2,2
759,197,2,2
759,198,2,2
759,199,2,2
759,200,2,2
759,201,2,2
759,202,2,2
759,203,2,2
759,204,2,2
759,205,2,2
759,206,2,2
759,207,2,2
759,208,2,2
759,209,2,2
759,210,2,2
759,211,2,2
759,212,2,2
759,213,2,2
759,214,2,2
759,215,2,2
759,216,2,2
759,217,2,2
759,218,2,2
759,219,2,2
759,220,2,2
759,221,2,2
759,222,2,2
759,223,2,2
759,224,2,2
759,225,2,2
759,226,2,2
759,227,2,2
759,228,2,2
759,229,2,2
759,230,2,2
759,231,2,2
759,232,2,2
759,233,2,2
759,234,2,2
759,235,2,2
759,236,2,2
759,237,2,2
759,238,2,2
759,239,2,2
759,240,2,2
759,241,2,2
759,242,2,2
759,243,2,2
759,244,2,2
759,245,2,2
759,246,2,2
759,247,2,2
759,248,2,2
759,249,2,2
759,250,2,2
759,251,2,2
759,252,2,2
759,253,2,2
759,254,2,2
759,255,2,2
759,256,2,2
759,257,2,2
759,258,2,2
759,259,2,2
759,260,2,2
759,261,2,2
759,262,2,2
759,263,2,2
759,264,2,2
759,265,2,2
759,266,2,2
759,267,2,2
759,268,2,2
759,269,2,2
759,270,2,2
759,271,2,2
759,272,2,2
759,273,2,2
759,274,2,2
759,275,2,2
759,276,2,2
759,277,2,2
759,278,2,2
759,279,2,2
759,280,2,2
759,281,2,2
759,282,2,2
759,283,2,2
759,284,2,2
759,285,2,2
759,286,2,2
759,287,2,2
759,288,2,2
759,289,2,2
759,290,2,2
759,291,2,2
759,292,2,2
759,293,2,2
759,294,2,2
759,295,2,2
759,296,2,2
759,297,2,2
759,298,2,2
759,299,2,2
759,300,2,2
759,301,2,2
759,302,2,2
759,303,2,2
759,304,2,2
759,305,2,2
759,306,2,2
759,307,2,2
759,308,2,2
759,309,2,2
759,310,2,2
759,311,2,2
759,312,2,2
759,313,2,2
759,314,2,2
759,315,2,2
759,316,2,2
759,317,2,2
759,318,2,2
759,319,2,2
759,320,2,2
759,321,2,2
759,322,2,2
759,323,2,2
759,324,2,2
759,325,2,2
759,326,2,2
759,327,2,2
759,328,2,2
759,329,2,2
759,330,2,2
759,331,2,2
759,332,2,2
759,333,2,2
759,334,2,2
759,335,2,2
759,336,2,2
759,337,2,2
759,338,2,2
759,339,2,2
759,340,2,2
759,341,2,2
759,342,2,2
759,343,2,2
759,344,2,2
759,345,2,2
759,346,2,2
759,347,2,2
759,348,2,2
759,349,2,2
759,350,2,2
759,351,2,2
759,352,2,2
759,353,2,2
759,354,2,2
759,355,2,2
759,356,2,2
759,357,2,2
759,358,2,2
759,359,2,2
759,360,2,2
759,361,2,2
759,362,2,2
759,363,2,2
759,364,2,2
759,365,2,2
759,366,2,2
759,367,2,2
759,368,2,2
759,369,2,2
759,370,2,2
759,371,2,2
759,372,2,2
759,373,2,2
759,374,2,2
759,375,2,2
759,376,2,2
759,377,2,2
759,378,2,2
759,379,2,2
759,380,2,2
759,381,2,2
759,382,2,2
759,383,2,2
759,384,2,2
759,385,2,2
759,386,2,2
759,387,2,2
759,388,2,2
759,389,2,2
759,390,2,2
759,391,2,2
759,392,2,2
759,393,2,2
759,394,2,2
759,395,2,2
759,396,2,2
759,397,2,2
759,398,2,2
759,399,2,2
759,400,2,2
759,401,2,2
759,402,2,2
759,403,2,2
759,404,2,2
759,405,2,2
759,406,2,2
759,407,2,2
759,408,2,2
759,409,2,2
759,410,2,2
759,411,2,2
759,412,2,2
759,413,2,2
759,414,2,2
759,415,2,2
759,416,2,2
759,417,2,2
759,418,2,2
759,419,2,2
759,420,2,2
759,421,2,2
759,422,2,2
759,423,2,2
759,424,2,2
759,425,2,2
759,426,2,2
759,427,2,2
759,428,2,2
759,429,2,2
759,430,2,2
759,431,2,2
759,432,2,2
759,433,2,2
759,434,2,2
759,435,2,2
759,436,2,2
759,437,2,2
759,438,2,2
759,439,2,2
759,440,2,2
759,441,2,2
759,442,2,2
759,443,2,2
759,444,2,3
760,29,2,2
760,30,2,2
760,31,2,2
760,32,2,2
760,33,2,2
760,34,2,2
760,35,2,2
760,36,2,2
760,37,2,2
760,38,2,2
760,39,2,2
760,40,2,2
760,41,2,2
760,42,2,2
760,43,2,2
760,44,2,2
760,45,2,2
760,46,2,2
760,47,2,2
760,48,2,2
760,49,2,2
760,50,2,2
760,51,2,2
760,52,2,2
760,53,2,2
760,54,2,2
760,55,2,2
760,56,2,2
760,57,2,2
760,58,2,2
760,59,2,2
760,60,2,2
760,61,2,2
760,62,2,2
760,63,2,2
760,64,2,2
760,65,2,2
760,66,2,2
760,67,2,2
760,68,2,2
760,69,2,2
760,70,2,2
760,71,2,2
760,72,2,2
760,73,2,2
760,74,2,2
760,75,2,2
760,76,2,2
760,77,2,2
760,78,2,2
760,79,2,2
760,80,2,2
760,81,2,2
760,82,2,2
760,83,2,2
760,84,2,2
760,85,2,2
760,86,2,2
760,87,2,2
760,88,2,2
760,89,2,2
760,90,2,2
760,91,2,2
760,92,2,2
760,93,2,2
760,94,2,2
760,95,2,2
760,96,2,2
760,97,2,2
760,98,2,2
760,99,2,2
760,100,2,2
760,101,2,2
760,102,2,2
760,103,2,2
760,104,2,2
760,105,2,2
760,106,2,2
760,107,2,2
760,108,2,2
760,109,2,2
760,110,2,2
760,111,2,2
760,112,2,2
760,113,2,2
760,114,2,2
760,115,2,2
760,116,2,2
760,117,2,2
760,118,2,2
760,119,2,2
760,120,2,2
760,121,2,2
760,122,2,2
760,123,2,2
760,124,2,2
760,125,2,2
760,126,2,2
760,127,2,2
760,128,2,2
760,129,2,2
760,130,2,2
760,131,2,2
760,132,2,2
760,133,2,2
760,134,2,2
760,135,2,2
760,136,2,2
760,137,2,2
760,138,2,2
760,139,2,2
760,140,2,2
760,141,2,2
760,142,2,2
760,143,2,2
760,144,2,2
760,145,2,2
760,146,2,2
760,147,2,2
760,148,2,2
760,149,2,2
760,150,2,2
760,151,2,2
760,152,2,2
760,153,2,2
760,154,2,2
760,155,2,2
760,156,2,2
760,157,2,2
760,158,2,2
760,159,2,2
760,160,2,2
760,161,2,2
760,162,2,2
760,163,2,2
760,164,2,2
760,165,2,2
760,166,2,2
760,167,2,2
760,168,2,2
760,169,2,2
760,170,2,2
760,171,2,2
760,172,2,2
760,173,2,2
760,174,2,2
760,175,2,2
760,176,2,2
760,177,2,2
760,178,2,2
760,179,2,2
760,180,2,2
760,181,2,2
760,182,2,2
760,183,2,2
760,184,2,2
760,185,2,2
760,186,2,2
760,187,2,2
760,188,2,2
760,189,2,2
760,190,2,2
760,191,2,2
760,192,2,2
760,193,2,2
760,194,2,2
760,195,2,2
760,196,2,2
760,197,2,2
760,198,2,2
760,199,2,2
760,200,2,2
760,201,2,2
760,202,2,2
760,203,2,2
760,204,2,2
760,205,2,2
760,206,2,2
760,207,2,2
760,208,2,2
760,209,2,2
760,210,2,2
760,211,2,2
760,212,2,2
760,213,2,2
760,214,2,2
760,215,2,2
760,216,2,2
760,217,2,2
760,218,2,2
760,219,2,2
760,220,2,2
760,221,2,2
760,222,2,2
760,223,2,2
760,224,2,2
760,225,2,2
760,226,2,2
760,227,2,2
760,228,2,2
760,229,2,2
760,230,2,2
760,231,2,2
760,232,2,2
760,233,2,2
760,234,2,2
760,235,2,2
760,236,2,2
760,237,2,2
760,238,2,2
760,239,2,2
760,240,2,2
760,241,2,2
760,242,2,2
760,243,2,2
760,244,2,2
760,245,2,2
760,246,2,2
760,247,2,2
760,248,2,2
760,249,2,2
760,250,2,2
760,251,2,2
760,252,2,2
760,253,2,2
760,254,2,2
760,255,2,2
760,256,2,2
760,257,2,2
760,258,2,2
760,259,2,2
760,260,2,2
760,261,2,2
760,262,2,2
760,263,2,2
760,264,2,2
760,265,2,2
760,266,2,2
760,267,2,2
760,268,2,2
760,269,2,2
760,270,2,2
760,271,2,2
760,272,2,2
760,273,2,2
760,274,2,2
760,275,2,2
760,276,2,2
760,277,2,2
760,278,2,2
760,279,2,2
760,280,2,2
760,281,2,2
760,282,2,2
760,283,2,2
760,284,2,2
760,285,2,2
760,286,2,2
760,287,2,2
760,288,2,2
760,289,2,2
760,290,2,2
760,291,2,2
760,292,2,2
760,293,2,2
760,294,2,2
760,295,2,2
760,296,2,2
760,297,2,2
760,298,2,2
760,299,2,2
760,300,2,2
760,301,2,2
760,302,2,2
760,303,2,2
760,304,2,2
760,305,2,2
760,306,2,2
760,307,2,2
760,308,2,2
760,309,2,2
760,310,2,2
760,311,2,2
760,312,2,2
760,313,2,2
760,314,2,2
760,315,2,2
760,316,2,2
760,317,2,2
760,318,2,2
760,319,2,2
760,320,2,2
760,321,2,2
760,322,2,2
760,323,2,2
760,324,2,2
760,325,2,2
760,326,2,2
760,327,2,2
760,328,2,2
760,329,2,2
760,330,2,2
760,331,2,2
760,332,2,2
760,333,2,2
760,334,2,2
760,335,2,2
760,336,2,2
760,337,2,2
760,338,2,2
760,339,2,2
760,340,2,2
760,341,2,2
760,342,2,2
760,343,2,2
760,344,2,2
760,345,2,2
760,346,2,2
760,347,2,2
760,348,2,2
760,349,2,2
760,350,2,2
760,351,2,2
760,352,2,2
760,353,2,2
760,354,2,2
760,355,2,2
760,356,2,2
760,357,2,2
760,358,2,2
760,359,2,2
760,360,2,2
760,361,2,2
760,362,2,2
760,363,2,2
760,364,2,2
760,365,2,2
760,366,2,2
760,367,2,2
760,368,2,2
760,369,2,2
760,370,2,2
760,371,2,2
760,372,2,2
760,373,2,2
760,374,2,2
760,375,2,2
760,376,2,2
760,377,2,2
760,378,2,2
760,379,2,2
760,380,2,2
760,381,2,2
760,382,2,2
760,383,2,2
760,384,2,2
760,385,2,2
760,386,2,2
760,387,2,2
760,388,2,2
760,389,2,2
760,390,2,2
760,391,2,2
760,392,2,2
760,393,2,2
760,394,2,2
760,395,2,2
760,396,2,2
760,397,2,2
760,398,2,2
760,399,2,2
760,400,2,2
760,401,2,2
760,402,2,2
760,403,2,2
760,404,2,2
760,405,2,2
760,406,2,2
760,407,2,2
760,408,2,2
760,409,2,2
760,410,2,2
760,411,2,2
760,412,2,2
760,413,2,2
760,414,2,2
760,415,2,2
760,416,2,2
760,417,2,2
760,418,2,2
760,419,2,2
760,420,2,2
760,421,2,2
760,422,2,2
760,423,2,2
760,424,2,2
760,425,2,2
760,426,2,2
760,427,2,2
760,428,2,2
760,429,2,2
760,430,2,2
760,431,2,2
760,432,2,2
760,433,2,2
760,434,2,2
760,435,2,2
760,436,2,2
760,437,2,2
760,438,2,2
760,439,2,2
760,440,2,2
760,441,2,2
760,442,2,2
760,443,2,2
760,444,2,3
760,445,2,3
761,29,2,2
761,30,2,2
761,31,2,2
761,32,2,2
761,33,2,2
761,34,2,2
761,35,2,2
761,36,2,2
761,37,2,2
761,38,2,2
761,39,2,2
761,40,2,2
761,41,2,2
761,42,2,2
761,43,2,2
761,44,2,2
761,45,2,2
761,46,2,2
761,47,2,2
761,48,2,2
761,49,2,2
761,50,2,2
761,51,2,2
761,52,2,2
761,53,2,2
761,54,2,2
761,55,2,2
761,56,2,2
761,57,2,2
761,58,2,2
761,59,2,2
761,60,2,2
761,61,2,2
761,62,2,2
761,63,2,2
761,64,2,2
761,65,2,2
761,66,2,2
761,67,2,2
761,68,2,2
761,69,2,2
761,70,2,2
761,71,2,2
761,72,2,2
761,73,2,2
761,74,2,2
761,75,2,2
761,76,2,2
761,77,2,2
761,78,2,2
761,79,2,2
761,80,2,2
761,81,2,2
761,82,2,2
761,83,2,2
761,84,2,2
761,85,2,2
761,86,2,2
761,87,2,2
761,88,2,2
761,89,2,2
761,90,2,2
761,91,2,2
761,92,2,2
761,93,2,2
761,94,2,2
761,95,2,2
761,96,2,2
761,97,2,2
761,98,2,2
761,99,2,2
761,100,2,2
761,101,2,2
761,102,2,2
761,103,2,2
761,104,2,2
761,105,2,2
761,106,2,2
761,107,2,2
761,108,2,2
761,109,2,2
761,110,2,2
761,111,2,2
761,112,2,2
761,113,2,2
761,114,2,2
761,115,2,2
761,116,2,2
761,117,2,2
761,118,2,2
761,119,2,2
761,120,2,2
761,121,2,2
761,122,2,2
761,123,2,2
761,124,2,2
761,125,2,2
761,126,2,2
761,127,2,2
761,128,2,2
761,129,2,2
761,130,2,2
761,131,2,2
761,132,2,2
761,133,2,2
761,134,2,2
761,135,2,2
761,136,2,2
761,137,2,2
761,138,2,2
761,139,2,2
761,140,2,2
761,141,2,2
761,142,2,2
761,143,2,2
761,144,2,2
761,145,2,2
761,146,2,2
761,147,2,2
761,148,2,2
761,149,2,2
761,150,2,2
761,151,2,2
761,152,2,2
761,153,2,2
761,154,2,2
761,155,2,2
761,156,2,2
761,157,2,2
761,158,2,2
761,159,2,2
761,160,2,2
761,161,2,2
761,162,2,2
761,163,2,2
761,164,2,2
761,165,2,2
761,166,2,2
761,167,2,2
761,168,2,2
761,169,2,2
761,170,2,2
761,171,2,2
761,172,2,2
761,173,2,2
761,174,2,2
761,175,2,2
761,176,2,2
761,177,2,2
761,178,2,2
761,179,2,2
761,180,2,2
761,181,2,2
761,182,2,2
761,183,2,2
761,184,2,2
761,185,2,2
761,186,2,2
761,187,2,2
761,188,2,2
761,189,2,2
761,190,2,2
761,191,2,2
761,192,2,2
761,193,2,2
761,194,2,2
761,195,2,2
761,196,2,2
761,197,2,2
761,198,2,2
761,199,2,2
761,200,2,2
761,201,2,2
761,202,2,2
761,203,2,2
761,204,2,2
761,205,2,2
761,206,2,2
761,207,2,2
761,208,2,2
761,209,2,2
761,210,2,2
761,211,2,2
761,212,2,2
761,213,2,2
761,214,2,2
761,215,2,2
761,216,2,2
761,217,2,2
761,218,2,2
761,219,2,2
761,220,2,2
761,221,2,2
761,222,2,2
761,223,2,2
761,224,2,2
761,225,2,2
761,226,2,2
761,227,2,2
761,228,2,2
761,229,2,2
761,230,2,2
761,231,2,2
761,232,2,2
761,233,2,2
761,234,2,2
761,235,2,2
761,236,2,2
761,237,2,2
761,238,2,2
761,239,2,2
761,240,2,2
761,241,2,2
761,242,2,2
761,243,2,2
761,244,2,2
761,245,2,2
761,246,2,2
761,247,2,2
761,248,2,2
761,249,2,2
761,250,2,2
761,251,2,2
761,252,2,2
761,253,2,2
761,254,2,2
761,255,2,2
761,256,2,2
761,257,2,2
761,258,2,2
761,259,2,2
761,260,2,2
761,261,2,2
761,262,2,2
761,263,2,2
761,264,2,2
761,265,2,2
761,266,2,2
761,267,2,2
761,268,2,2
761,269,2,2
761,270,2,2
761,271,2,2
761,272,2,2
761,273,2,2
761,274,2,2
761,275,2,2
761,276,2,2
761,277,2,2
761,278,2,2
761,279,2,2
761,280,2,2
761,281,2,2
761,282,2,2
761,283,2,2
761,284,2,2
761,285,2,2
761,286,2,2
761,287,2,2
761,288,2,2
761,289,2,2
761,290,2,2
761,291,2,2
761,292,2,2
761,293,2,2
761,294,2,2
761,295,2,2
761,296,2,2
761,297,2,2
761,298,2,2
761,299,2,2
761,300,2,2
761,301,2,2
761,302,2,2
761,303,2,2
761,304,2,2
761,305,2,2
761,306,2,2
761,307,2,2
761,308,2,2
761,309,2,2
761,310,2,2
761,311,2,2
761,312,2,2
761,313,2,2
761,314,2,2
761,315,2,2
761,316,2,2
761,317,2,2
761,318,2,2
761,319,2,2
761,320,2,2
761,321,2,2
761,322,2,2
761,323,2,2
761,324,2,2
761,325,2,2
761,326,2,2
761,327,2,2
761,328,2,2
761,329,2,2
761,330,2,2
761,331,2,2
761,332,2,2
761,333,2,2
761,334,2,2
761,335,2,2
761,336,2,2
761,337,2,2
761,338,2,2
761,339,2,2
761,340,2,2
761,341,2,2
761,342,2,2
761,343,2,2
761,344,2,2
761,345,2,2
761,346,2,2
761,347,2,2
761,348,2,2
761,349,2,2
761,350,2,2
761,351,2,2
761,352,2,2
761,353,2,2
761,354,2,2
761,355,2,2
761,356,2,2
761,357,2,2
761,358,2,2
761,359,2,2
761,360,2,2
761,361,2,2
761,362,2,2
761,363,2,2
761,364,2,2
761,365,2,2
761,366,2,2
761,367,2,2
761,368,2,2
761,369,2,2
761,370,2,2
761,371,2,2
761,372,2,2
761,373,2,2
761,374,2,2
761,375,2,2
761,376,2,2
761,377,2,2
761,378,2,2
761,379,2,2
761,380,2,2
761,381,2,2
761,382,2,2
761,383,2,2
761,384,2,2
761,385,2,2
761,386,2,2
761,387,2,2
761,388,2,2
761,389,2,2
761,390,2,2
761,391,2,2
761,392,2,2
761,393,2,2
761,394,2,2
761,395,2,2
761,396,2,2
761,397,2,2
761,398,2,2
761,399,2,2
761,400,2,2
761,401,2,2
761,402,2,2
761,403,2,2
761,404,2,2
761,405,2,2
761,406,2,2
761,407,2,2
761,408,2,2
761,409,2,2
761,410,2,2
761,411,2,2
761,412,2,2
761,413,2,2
761,414,2,2
761,415,2,2
761,416,2,2
761,417,2,2
761,418,2,2
761,419,2,2
761,420,2,2
761,421,2,2
761,422,2,2
761,423,2,2
761,424,2,2
761,425,2,2
761,426,2,2
761,427,2,2
761,428,2,2
761,429,2,2
761,430,2,2
761,431,2,2
761,432,2,2
761,433,2,2
761,434,2,2
761,435,2,2
761,436,2,2
761,437,2,2
761,438,2,2
761,439,2,2
761,440,2,2
761,441,2,2
761,442,2,2
761,443,2,2
761,444,2,2
761,445,2,3
762,29,2,2
762,30,2,2
762,31,2,2
762,32,2,2
762,33,2,2
762,34,2,2
762,35,2,2
762,36,2,2
762,37,2,2
762,38,2,2
762,39,2,2
762,40,2,2
762,41,2,2
762,42,2,2
762,43,2,2
762,44,2,2
762,45,2,2
762,46,2,2
762,47,2,2
762,48,2,2
762,49,2,2
762,50,2,2
762,51,2,2
762,52,2,2
762,53,2,2
762,54,2,2
762,55,2,2
762,56,2,2
762,57,2,2
762,58,2,2
762,59,2,2
762,60,2,2
762,61,2,2
762,62,2,2
762,63,2,2
762,64,2,2
762,65,2,2
762,66,2,2
762,67,2,2
762,68,2,2
762,69,2,2
762,70,2,2
762,71,2,2
762,72,2,2
762,73,2,2
762,74,2,2
762,75,2,2
762,76,2,2
762,77,2,2
762,78,2,2
762,79,2,2
762,80,2,2
762,81,2,2
762,82,2,2
762,83,2,2
762,84,2,2
762,85,2,2
762,86,2,2
762,87,2,2
762,88,2,2
762,89,2,2
762,90,2,2
762,91,2,2
762,92,2,2
762,93,2,2
762,94,2,2
762,95,2,2
762,96,2,2
762,97,2,2
762,98,2,2
762,99,2,2
762,100,2,2
762,101,2,2
762,102,2,2
762,103,2,2
762,104,2,2
762,105,2,2
762,106,2,2
762,107,2,2
762,108,2,2
762,109,2,2
762,110,2,2
762,111,2,2
762,112,2,2
762,113,2,2
762,114,2,2
762,115,2,2
762,116,2,2
762,117,2,2
762,118,2,2
762,119,2,2
762,120,2,2
762,121,2,2
762,122,2,2
762,123,2,2
762,124,2,2
762,125,2,2
762,126,2,2
762,127,2,2
762,128,2,2
762,129,2,2
762,130,2,2
762,131,2,2
762,132,2,2
762,133,2,2
762,134,2,2
762,135,2,2
762,136,2,2
762,137,2,2
762,138,2,2
762,139,2,2
762,140,2,2
762,141,2,2
762,142,2,2
762,143,2,2
762,144,2,2
762,145,2,2
762,146,2,2
762,147,2,2
762,148,2,2
762,149,2,2
762,150,2,2
762,151,2,2
762,152,2,2
762,153,2,2
762,154,2,2
762,155,2,2
762,156,2,2
762,157,2,2
762,158,2,2
762,159,2,2
762,160,2,2
762,161,2,2
762,162,2,2
762,163,2,2
762,164,2,2
762,165,2,2
762,166,2,2
762,167,2,2
762,168,2,2
762,169,2,2
762,170,2,2
762,171,2,2
762,172,2,2
762,173,2,2
762,174,2,2
762,175,2,2
762,176,2,2
762,177,2,2
762,178,2,2
762,179,2,2
762,180,2,2
762,181,2,2
762,182,2,2
762,183,2,2
762,184,2,2
762,185,2,2
762,186,2,2
762,187,2,2
762,188,2,2
762,189,2,2
762,190,2,2
762,191,2,2
762,192,2,2
762,193,2,2
762,194,2,2
762,195,2,2
762,196,2,2
762,197,2,2
762,198,2,2
762,199,2,2
762,200,2,2
762,201,2,2
762,202,2,2
762,203,2,2
762,204,2,2
762,205,2,2
762,206,2,2
762,207,2,2
762,208,2,2
762,209,2,2
762,210,2,2
762,211,2,2
762,212,2,2
762,213,2,2
762,214,2,2
762,215,2,2
762,216,2,2
762,217,2,2
762,218,2,2
762,219,2,2
762,220,2,2
762,221,2,2
762,222,2,2
762,223,2,2
762,224,2,2
762,225,2,2
762,226,2,2
762,227,2,2
762,228,2,2
762,229,2,2
762,230,2,2
762,231,2,2
762,232,2,2
762,233,2,2
762,234,2,2
762,235,2,2
762,236,2,2
762,237,2,2
762,238,2,2
762,239,2,2
762,240,2,2
762,241,2,2
762,242,2,2
762,243,2,2
762,244,2,2
762,245,2,2
762,246,2,2
762,247,2,2
762,248,2,2
762,249,2,2
762,250,2,2
762,251,2,2
762,252,2,2
762,253,2,2
762,254,2,2
762,255,2,2
762,256,2,2
762,257,2,2
762,258,2,2
762,259,2,2
762,260,2,2
762,261,2,2
762,262,2,2
762,263,2,2
762,264,2,2
762,265,2,2
762,266,2,2
762,267,2,2
762,268,2,2
762,269,2,2
762,270,2,2
762,271,2,2
762,272,2,2
762,273,2,2
762,274,2,2
762,275,2,2
762,276,2,2
762,277,2,2
762,278,2,2
762,279,2,2
762,280,2,2
762,281,2,2
762,282,2,2
762,283,2,2
762,284,2,2
762,285,2,2
762,286,2,2
762,287,2,2
762,288,2,2
762,289,2,2
762,290,2,2
762,291,2,2
762,292,2,2
762,293,2,2
762,294,2,2
762,295,2,2
762,296,2,2
762,297,2,2
762,298,2,2
762,299,2,2
762,300,2,2
762,301,2,2
762,302,2,2
762,303,2,2
762,304,2,2
762,305,2,2
762,306,2,2
762,307,2,2
762,308,2,2
762,309,2,2
762,310,2,2
762,311,2,2
762,312,2,2
762,313,2,2
762,314,2,2
762,315,2,2
762,316,2,2
762,317,2,2
762,318,2,2
762,319,2,2
762,320,2,2
762,321,2,2
762,322,2,2
762,323,2,2
762,324,2,2
762,325,2,2
762,326,2,2
762,327,2,2
762,328,2,2
762,329,2,2
762,330,2,2
762,331,2,2
762,332,2,2
762,333,2,2
762,334,2,2
762,335,2,2
762,336,2,2
762,337,2,2
762,338,2,2
762,339,2,2
762,340,2,2
762,341,2,2
762,342,2,2
762,343,2,2
762,344,2,2
762,345,2,2
762,346,2,2
762,347,2,2
762,348,2,2
762,349,2,2
762,350,2,2
762,351,2,2
762,352,2,2
762,353,2,2
762,354,2,2
762,355,2,2
762,356,2,2
762,357,2,2
762,358,2,2
762,359,2,2
762,360,2,2
762,361,2,2
762,362,2,2
762,363,2,2
762,364,2,2
762,365,2,2
762,366,2,2
762,367,2,2
762,368,2,2
762,369,2,2
762,370,2,2
762,371,2,2
762,372,2,2
762,373,2,2
762,374,2,2
762,375,2,2
762,376,2,2
762,377,2,2
762,378,2,2
762,379,2,2
762,380,2,2
762,381,2,2
762,382,2,2
762,383,2,2
762,384,2,2
762,385,2,2
762,386,2,2
762,387,2,2
762,388,2,2
762,389,2,2
762,390,2,2
762,391,2,2
762,392,2,2
762,393,2,2
762,394,2,2
762,395,2,2
762,396,2,2
762,397,2,2
762,398,2,2
762,399,2,2
762,400,2,2
762,401,2,2
762,402,2,2
762,403,2,2
762,404,2,2
762,405,2,2
762,406,2,2
762,407,2,2
762,408,2,2
762,409,2,2
762,410,2,2
762,411,2,2
762,412,2,2
762,413,2,2
762,414,2,2
762,415,2,2
762,416,2,2
762,417,2,2
762,418,2,2
762,419,2,2
762,420,2,2
762,421,2,2
762,422,2,2
762,423,2,2
762,424,2,2
762,425,2,2
762,426,2,2
762,427,2,2
762,428,2,2
762,429,2,2
762,430,2,2
762,431,2,2
762,432,2,2
762,433,2,2
762,434,2,2
762,435,2,2
762,436,2,2
762,437,2,2
762,438,2,2
762,439,2,2
762,440,2,2
762,441,2,2
762,442,2,2
762,443,2,2
762,444,2,2
762,445,2,3
762,446,2,3
763,29,2,2
763,30,2,2
763,31,2,2
763,32,2,2
763,33,2,2
763,34,2,2
763,35,2,2
763,36,2,2
763,37,2,2
763,38,2,2
763,39,2,2
763,40,2,2
763,41,2,2
763,42,2,2
763,43,2,2
763,44,2,2
763,45,2,2
763,46,2,2
763,47,2,2
763,48,2,2
763,49,2,2
763,50,2,2
763,51,2,2
763,52,2,2
763,53,2,2
763,54,2,2
763,55,2,2
763,56,2,2
763,57,2,2
763,58,2,2
763,59,2,2
763,60,2,2
763,61,2,2
763,62,2,2
763,63,2,2
763,64,2,2
763,65,2,2
763,66,2,2
763,67,2,2
763,68,2,2
763,69,2,2
763,70,2,2
763,71,2,2
763,72,2,2
763,73,2,2
763,74,2,2
763,75,2,2
763,76,2,2
763,77,2,2
763,78,2,2
763,79,2,2
763,80,2,2
763,81,2,2
763,82,2,2
763,83,2,2
763,84,2,2
763,85,2,2
763,86,2,2
763,87,2,2
763,88,2,2
763,89,2,2
763,90,2,2
763,91,2,2
763,92,2,2
763,93,2,2
763,94,2,2
763,95,2,2
763,96,2,2
763,97,2,2
763,98,2,2
763,99,2,2
763,100,2,2
763,101,2,2
763,102,2,2
763,103,2,2
763,104,2,2
763,105,2,2
763,106,2,2
763,107,2,2
763,108,2,2
763,109,2,2
763,110,2,2
763,111,2,2
763,112,2,2
763,113,2,2
763,114,2,2
763,115,2,2
763,116,2,2
763,117,2,2
763,118,2,2
763,119,2,2
763,120,2,2
763,121,2,2
763,122,2,2
763,123,2,2
763,124,2,2
763,125,2,2
763,126,2,2
763,127,2,2
763,128,2,2
763,129,2,2
763,130,2,2
763,131,2,2
763,132,2,2
763,133,2,2
763,134,2,2
763,135,2,2
763,136,2,2
763,137,2,2
763,138,2,2
763,139,2,2
763,140,2,2
763,141,2,2
763,142,2,2
763,143,2,2
763,144,2,2
763,145,2,2
763,146,2,2
763,147,2,2
763,148,2,2
763,149,2,2
763,150,2,2
763,151,2,2
763,152,2,2
763,153,2,2
763,154,2,2
763,155,2,2
763,156,2,2
763,157,2,2
763,158,2,2
763,159,2,2
763,160,2,2
763,161,2,2
763,162,2,2
763,163,2,2
763,164,2,2
763,165,2,2
763,166,2,2
763,167,2,2
763,168,2,2
763,169,2,2
763,170,2,2
763,171,2,2
763,172,2,2
763,173,2,2
763,174,2,2
763,175,2,2
763,176,2,2
763,177,2,2
763,178,2,2
763,179,2,2
763,180,2,2
763,181,2,2
763,182,2,2
763,183,2,2
763,184,2,2
763,185,2,2
763,186,2,2
763,187,2,2
763,188,2,2
763,189,2,2
763,190,2,2
763,191,2,2
763,192,2,2
763,193,2,2
763,194,2,2
763,195,2,2
763,196,2,2
763,197,2,2
763,198,2,2
763,199,2,2
763,200,2,2
763,201,2,2
763,202,2,2
763,203,2,2
763,204,2,2
763,205,2,2
763,206,2,2
763,207,2,2
763,208,2,2
763,209,2,2
763,210,2,2
763,211,2,2
763,212,2,2
763,213,2,2
763,214,2,2
763,215,2,2
763,216,2,2
763,217,2,2
763,218,2,2
763,219,2,2
763,220,2,2
763,221,2,2
763,222,2,2
763,223,2,2
763,224,2,2
763,225,2,2
763,226,2,2
763,227,2,2
763,228,2,2
763,229,2,2
763,230,2,2
763,231,2,2
763,232,2,2
763,233,2,2
763,234,2,2
763,235,2,2
763,236,2,2
763,237,2,2
763,238,2,2
763,239,2,2
763,240,2,2
763,241,2,2
763,242,2,2
763,243,2,2
763,244,2,2
763,245,2,2
763,246,2,2
763,247,2,2
763,248,2,2
763,249,2,2
763,250,2,2
763,251,2,2
763,252,2,2
763,253,2,2
763,254,2,2
763,255,2,2
763,256,2,2
763,257,2,2
763,258,2,2
763,259,2,2
763,260,2,2
763,261,2,2
763,262,2,2
763,263,2,2
763,264,2,2
763,265,2,2
763,266,2,2
763,267,2,2
763,268,2,2
763,269,2,2
763,270,2,2
763,271,2,2
763,272,2,2
763,273,2,2
763,274,2,2
763,275,2,2
763,276,2,2
763,277,2,2
763,278,2,2
763,279,2,2
763,280,2,2
763,281,2,2
763,282,2,2
763,283,2,2
763,284,2,2
763,285,2,2
763,286,2,2
763,287,2,2
763,288,2,2
763,289,2,2
763,290,2,2
763,291,2,2
763,292,2,2
763,293,2,2
763,294,2,2
763,295,2,2
763,296,2,2
763,297,2,2
763,298,2,2
763,299,2,2
763,300,2,2
763,301,2,2
763,302,2,2
763,303,2,2
763,304,2,2
763,305,2,2
763,306,2,2
763,307,2,2
763,308,2,2
763,309,2,2
763,310,2,2
763,311,2,2
763,312,2,2
763,313,2,2
763,314,2,2
763,315,2,2
763,316,2,2
763,317,2,2
763,318,2,2
763,319,2,2
763,320,2,2
763,321,2,2
763,322,2,2
763,323,2,2
763,324,2,2
763,325,2,2
763,326,2,2
763,327,2,2
763,328,2,2
763,329,2,2
763,330,2,2
763,331,2,2
763,332,2,2
763,333,2,2
763,334,2,2
763,335,2,2
763,336,2,2
763,337,2,2
763,338,2,2
763,339,2,2
763,340,2,2
763,341,2,2
763,342,2,2
763,343,2,2
763,344,2,2
763,345,2,2
763,346,2,2
763,347,2,2
763,348,2,2
763,349,2,2
763,350,2,2
763,351,2,2
763,352,2,2
763,353,2,2
763,354,2,2
763,355,2,2
763,356,2,2
763,357,2,2
763,358,2,2
763,359,2,2
763,360,2,2
763,361,2,2
763,362,2,2
763,363,2,2
763,364,2,2
763,365,2,2
763,366,2,2
763,367,2,2
763,368,2,2
763,369,2,2
763,370,2,2
763,371,2,2
763,372,2,2
763,373,2,2
763,374,2,2
763,375,2,2
763,376,2,2
763,377,2,2
763,378,2,2
763,379,2,2
763,380,2,2
763,381,2,2
763,382,2,2
763,383,2,2
763,384,2,2
763,385,2,2
763,386,2,2
763,387,2,2
763,388,2,2
763,389,2,2
763,390,2,2
763,391,2,2
763,392,2,2
763,393,2,2
763,394,2,2
763,395,2,2
763,396,2,2
763,397,2,2
763,398,2,2
763,399,2,2
763,400,2,2
763,401,2,2
763,402,2,2
763,403,2,2
763,404,2,2
763,405,2,2
763,406,2,2
763,407,2,2
763,408,2,2
763,409,2,2
763,410,2,2
763,411,2,2
763,412,2,2
763,413,2,2
763,414,2,2
763,415,2,2
763,416,2,2
763,417,2,2
763,418,2,2
763,419,2,2
763,420,2,2
763,421,2,2
763,422,2,2
763,423,2,2
763,424,2,2
763,425,2,2
763,426,2,2
763,427,2,2
763,428,2,2
763,429,2,2
763,430,2,2
763,431,2,2
763,432,2,2
763,433,2,2
763,434,2,2
763,435,2,2
763,436,2,2
763,437,2,2
763,438,2,2
763,439,2,2
763,440,2,2
763,441,2,2
763,442,2,2
763,443,2,2
763,444,2,2
763,445,2,2
763,446,2,2
763,447,2,3
764,30,2,2
764,31,2,2
764,32,2,2
764,33,2,2
764,34,2,2
764,35,2,2
764,36,2,2
764,37,2,2
764,38,2,2
764,39,2,2
764,40,2,2
764,41,2,2
764,42,2,2
764,43,2,2
764,44,2,2
764,45,2,2
764,46,2,2
764,47,2,2
764,48,2,2
764,49,2,2
764,50,2,2
764,51,2,2
764,52,2,2
764,53,2,2
764,54,2,2
764,55,2,2
764,56,2,2
764,57,2,2
764,58,2,2
764,59,2,2
764,60,2,2
764,61,2,2
764,62,2,2
764,63,2,2
764,64,2,2
764,65,2,2
764,66,2,2
764,67,2,2
764,68,2,2
764,69,2,2
764,70,2,2
764,71,2,2
764,72,2,2
764,73,2,2
764,74,2,2
764,75,2,2
764,76,2,2
764,77,2,2
764,78,2,2
764,79,2,2
764,80,2,2
764,81,2,2
764,82,2,2
764,83,2,2
764,84,2,2
764,85,2,2
764,86,2,2
764,87,2,2
764,88,2,2
764,89,2,2
764,90,2,2
764,91,2,2
764,92,2,2
764,93,2,2
764,94,2,2
764,95,2,2
764,96,2,2
764,97,2,2
764,98,2,2
764,99,2,2
764,100,2,2
764,101,2,2
764,102,2,2
764,103,2,2
764,104,2,2
764,105,2,2
764,106,2,2
764,107,2,2
764,108,2,2
764,109,2,2
764,110,2,2
764,111,2,2
764,112,2,2
764,113,2,2
764,114,2,2
764,115,2,2
764,116,2,2
764,117,2,2
764,118,2,2
764,119,2,2
764,120,2,2
764,121,2,2
764,122,2,2
764,123,2,2
764,124,2,2
764,125,2,2
764,126,2,2
764,127,2,2
764,128,2,2
764,129,2,2
764,130,2,2
764,131,2,2
764,132,2,2
764,133,2,2
764,134,2,2
764,135,2,2
764,136,2,2
764,137,2,2
764,138,2,2
764,139,2,2
764,140,2,2
764,141,2,2
764,142,2,2
764,143,2,2
764,144,2,2
764,145,2,2
764,146,2,2
764,147,2,2
764,148,2,2
764,149,2,2
764,150,2,2
764,151,2,2
764,152,2,2
764,153,2,2
764,154,2,2
764,155,2,2
764,156,2,2
764,157,2,2
764,158,2,2
764,159,2,2
764,160,2,2
764,161,2,2
764,162,2,2
764,163,2,2
764,164,2,2
764,165,2,2
764,166,2,2
764,167,2,2
764,168,2,2
764,169,2,2
764,170,2,2
764,171,2,2
764,172,2,2
764,173,2,2
764,174,2,2
764,175,2,2
764,176,2,2
764,177,2,2
764,178,2,2
764,179,2,2
764,180,2,2
764,181,2,2
764,182,2,2
764,183,2,2
764,184,2,2
764,185,2,2
764,186,2,2
764,187,2,2
764,188,2,2
764,189,2,2
764,190,2,2
764,191,2,2
764,192,2,2
764,193,2,2
764,194,2,2
764,195,2,2
764,196,2,2
764,197,2,2
764,198,2,2
764,199,2,2
764,200,2,2
764,201,2,2
764,202,2,2
764,203,2,2
764,204,2,2
764,205,2,2
764,206,2,2
764,207,2,2
764,208,2,2
764,209,2,2
764,210,2,2
764,211,2,2
764,212,2,2
764,213,2,2
764,214,2,2
764,215,2,2
764,216,2,2
764,217,2,2
764,218,2,2
764,219,2,2
764,220,2,2
764,221,2,2
764,222,2,2
764,223,2,2
764,224,2,2
764,225,2,2
764,226,2,2
764,227,2,2
764,228,2,2
764,229,2,2
764,230,2,2
764,231,2,2
764,232,2,2
764,233,2,2
764,234,2,2
764,235,2,2
764,236,2,2
764,237,2,2
764,238,2,2
764,239,2,2
764,240,2,2
764,241,2,2
764,242,2,2
764,243,2,2
764,244,2,2
764,245,2,2
764,246,2,2
764,247,2,2
764,248,2,2
764,249,2,2
764,250,2,2
764,251,2,2
764,252,2,2
764,253,2,2
764,254,2,2
764,255,2,2
764,256,2,2
764,257,2,2
764,258,2,2
764,259,2,2
764,260,2,2
764,261,2,2
764,262,2,2
764,263,2,2
764,264,2,2
764,265,2,2
764,266,2,2
764,267,2,2
764,268,2,2
764,269,2,2
764,270,2,2
764,271,2,2
764,272,2,2
764,273,2,2
764,274,2,2
764,275,2,2
764,276,2,2
764,277,2,2
764,278,2,2
764,279,2,2
764,280,2,2
764,281,2,2
764,282,2,2
764,283,2,2
764,284,2,2
764,285,2,2
764,286,2,2
764,287,2,2
764,288,2,2
764,289,2,2
764,290,2,2
764,291,2,2
764,292,2,2
764,293,2,2
764,294,2,2
764,295,2,2
764,296,2,2
764,297,2,2
764,298,2,2
764,299,2,2
764,300,2,2
764,301,2,2
764,302,2,2
764,303,2,2
764,304,2,2
764,305,2,2
764,306,2,2
764,307,2,2
764,308,2,2
764,309,2,2
764,310,2,2
764,311,2,2
764,312,2,2
764,313,2,2
764,314,2,2
764,315,2,2
764,316,2,2
764,317,2,2
764,318,2,2
764,319,2,2
764,320,2,2
764,321,2,2
764,322,2,2
764,323,2,2
764,324,2,2
764,325,2,2
764,326,2,2
764,327,2,2
764,328,2,2
764,329,2,2
764,330,2,2
764,331,2,2
764,332,2,2
764,333,2,2
764,334,2,2
764,335,2,2
764,336,2,2
764,337,2,2
764,338,2,2
764,339,2,2
764,340,2,2
764,341,2,2
764,342,2,2
764,343,2,2
764,344,2,2
764,345,2,2
764,346,2,2
764,347,2,2
764,348,2,2
764,349,2,2
764,350,2,2
764,351,2,2
764,352,2,2
764,353,2,2
764,354,2,2
764,355,2,2
764,356,2,2
764,357,2,2
764,358,2,2
764,359,2,2
764,360,2,2
764,361,2,2
764,362,2,2
764,363,2,2
764,364,2,2
764,365,2,2
764,366,2,2
764,367,2,2
764,368,2,2
764,369,2,2
764,370,2,2
764,371,2,2
764,372,2,2
764,373,2,2
764,374,2,2
764,375,2,2
764,376,2,2
764,377,2,2
764,378,2,2
764,379,2,2
764,380,2,2
764,381,2,2
764,382,2,2
764,383,2,2
764,384,2,2
764,385,2,2
764,386,2,2
764,387,2,2
764,388,2,2
764,389,2,2
764,390,2,2
764,391,2,2
764,392,2,2
764,393,2,2
764,394,2,2
764,395,2,2
764,396,2,2
764,397,2,2
764,398,2,2
764,399,2,2
764,400,2,2
764,401,2,2
764,402,2,2
764,403,2,2
764,404,2,2
764,405,2,2
764,406,2,2
764,407,2,2
764,408,2,2
764,409,2,2
764,410,2,2
764,411,2,2
764,412,2,2
764,413,2,2
764,414,2,2
764,415,2,2
764,416,2,2
764,417,2,2
764,418,2,2
764,419,2,2
764,420,2,2
764,421,2,2
764,422,2,2
764,423,2,2
764,424,2,2
764,425,2,2
764,426,2,2
764,427,2,2
764,428,2,2
764,429,2,2
764,430,2,2
764,431,2,2
764,432,2,2
764,433,2,2
764,434,2,2
764,435,2,2
764,436,2,2
764,437,2,2
764,438,2,2
764,439,2,2
764,440,2,2
764,441,2,2
764,442,2,2
764,443,2,2
764,444,2,2
764,445,2,2
764,446,2,2
764,447,2,2
764,448,2,3
765,30,2,2
765,31,2,2
765,32,2,2
765,33,2,2
765,34,2,2
765,35,2,2
765,36,2,2
765,37,2,2
765,38,2,2
765,39,2,2
765,40,2,2
765,41,2,2
765,42,2,2
765,43,2,2
765,44,2,2
765,45,2,2
765,46,2,2
765,47,2,2
765,48,2,2
765,49,2,2
765,50,2,2
765,51,2,2
765,52,2,2
765,53,2,2
765,54,2,2
765,55,2,2
765,56,2,2
765,57,2,2
765,58,2,2
765,59,2,2
765,60,2,2
765,61,2,2
765,62,2,2
765,63,2,2
765,64,2,2
765,65,2,2
765,66,2,2
765,67,2,2
765,68,2,2
765,69,2,2
765,70,2,2
765,71,2,2
765,72,2,2
765,73,2,2
765,74,2,2
765,75,2,2
765,76,2,2
765,77,2,2
765,78,2,2
765,79,2,2
765,80,2,2
765,81,2,2
765,82,2,2
765,83,2,2
765,84,2,2
765,85,2,2
765,86,2,2
765,87,2,2
765,88,2,2
765,89,2,2
765,90,2,2
765,91,2,2
765,92,2,2
765,93,2,2
765,94,2,2
765,95,2,2
765,96,2,2
765,97,2,2
765,98,2,2
765,99,2,2
765,100,2,2
765,101,2,2
765,102,2,2
765,103,2,2
765,104,2,2
765,105,2,2
765,106,2,2
765,107,2,2
765,108,2,2
765,109,2,2
765,110,2,2
765,111,2,2
765,112,2,2
765,113,2,2
765,114,2,2
765,115,2,2
765,116,2,2
765,117,2,2
765,118,2,2
765,119,2,2
765,120,2,2
765,121,2,2
765,122,2,2
765,123,2,2
765,124,2,2
765,125,2,2
765,126,2,2
765,127,2,2
765,128,2,2
765,129,2,2
765,130,2,2
765,131,2,2
765,132,2,2
765,133,2,2
765,134,2,2
765,135,2,2
765,136,2,2
765,137,2,2
765,138,2,2
765,139,2,2
765,140,2,2
765,141,2,2
765,142,2,2
765,143,2,2
765,144,2,2
765,145,2,2
765,146,2,2
765,147,2,2
765,148,2,2
765,149,2,2
765,150,2,2
765,151,2,2
765,152,2,2
765,153,2,2
765,154,2,2
765,155,2,2
765,156,2,2
765,157,2,2
765,158,2,2
765,159,2,2
765,160,2,2
765,161,2,2
765,162,2,2
765,163,2,2
765,164,2,2
765,165,2,2
765,166,2,2
765,167,2,2
765,168,2,2
765,169,2,2
765,170,2,2
765,171,2,2
765,172,2,2
765,173,2,2
765,174,2,2
765,175,2,2
765,176,2,2
765,177,2,2
765,178,2,2
765,179,2,2
765,180,2,2
765,181,2,2
765,182,2,2
765,183,2,2
765,184,2,2
765,185,2,2
765,186,2,2
765,187,2,2
765,188,2,2
765,189,2,2
765,190,2,2
765,191,2,2
765,192,2,2
765,193,2,2
765,194,2,2
765,195,2,2
765,196,2,2
765,197,2,2
765,198,2,2
765,199,2,2
765,200,2,2
765,201,2,2
765,202,2,2
765,203,2,2
765,204,2,2
765,205,2,2
765,206,2,2
765,207,2,2
765,208,2,2
765,209,2,2
765,210,2,2
765,211,2,2
765,212,2,2
765,213,2,2
765,214,2,2
765,215,2,2
765,216,2,2
765,217,2,2
765,218,2,2
765,219,2,2
765,220,2,2
765,221,2,2
765,222,2,2
765,223,2,2
765,224,2,2
765,225,2,2
765,226,2,2
765,227,2,2
765,228,2,2
765,229,2,2
765,230,2,2
765,231,2,2
765,232,2,2
765,233,2,2
765,234,2,2
765,235,2,2
765,236,2,2
765,237,2,2
765,238,2,2
765,239,2,2
765,240,2,2
765,241,2,2
765,242,2,2
765,243,2,2
765,244,2,2
765,245,2,2
765,246,2,2
765,247,2,2
765,248,2,2
765,249,2,2
765,250,2,2
765,251,2,2
765,252,2,2
765,253,2,2
765,254,2,2
765,255,2,2
765,256,2,2
765,257,2,2
765,258,2,2
765,259,2,2
765,260,2,2
765,261,2,2
765,262,2,2
765,263,2,2
765,264,2,2
765,265,2,2
765,266,2,2
765,267,2,2
765,268,2,2
765,269,2,2
765,270,2,2
765,271,2,2
765,272,2,2
765,273,2,2
765,274,2,2
765,275,2,2
765,276,2,2
765,277,2,2
765,278,2,2
765,279,2,2
765,280,2,2
765,281,2,2
765,282,2,2
765,283,2,2
765,284,2,2
765,285,2,2
765,286,2,2
765,287,2,2
765,288,2,2
765,289,2,2
765,290,2,2
765,291,2,2
765,292,2,2
765,293,2,2
765,294,2,2
765,295,2,2
765,296,2,2
765,297,2,2
765,298,2,2
765,299,2,2
765,300,2,2
765,301,2,2
765,302,2,2
765,303,2,2
765,304,2,2
765,305,2,2
765,306,2,2
765,307,2,2
765,308,2,2
765,309,2,2
765,310,2,2
765,311,2,2
765,312,2,2
765,313,2,2
765,314,2,2
765,315,2,2
765,316,2,2
765,317,2,2
765,318,2,2
765,319,2,2
765,320,2,2
765,321,2,2
765,322,2,2
765,323,2,2
765,324,2,2
765,325,2,2
765,326,2,2
765,327,2,2
765,328,2,2
765,329,2,2
765,330,2,2
765,331,2,2
765,332,2,2
765,333,2,2
765,334,2,2
765,335,2,2
765,336,2,2
765,337,2,2
765,338,2,2
765,339,2,2
765,340,2,2
765,341,2,2
765,342,2,2
765,343,2,2
765,344,2,2
765,345,2,2
765,346,2,2
765,347,2,2
765,348,2,2
765,349,2,2
765,350,2,2
765,351,2,2
765,352,2,2
765,353,2,2
765,354,2,2
765,355,2,2
765,356,2,2
765,357,2,2
765,358,2,2
765,359,2,2
765,360,2,2
765,361,2,2
765,362,2,2
765,363,2,2
765,364,2,2
765,365,2,2
765,366,2,2
765,367,2,2
765,368,2,2
765,369,2,2
765,370,2,2
765,371,2,2
765,372,2,2
765,373,2,2
765,374,2,2
765,375,2,2
765,376,2,2
765,377,2,2
765,378,2,2
765,379,2,2
765,380,2,2
765,381,2,2
765,382,2,2
765,383,2,2
765,384,2,2
765,385,2,2
765,386,2,2
765,387,2,2
765,388,2,2
765,389,2,2
765,390,2,2
765,391,2,2
765,392,2,2
765,393,2,2
765,394,2,2
765,395,2,2
765,396,2,2
765,397,2,2
765,398,2,2
765,399,2,2
765,400,2,2
765,401,2,2
765,402,2,2
765,403,2,2
765,404,2,2
765,405,2,2
765,406,2,2
765,407,2,2
765,408,2,2
765,409,2,2
765,410,2,2
765,411,2,2
765,412,2,2
765,413,2,2
765,414,2,2
765,415,2,2
765,416,2,2
765,417,2,2
765,418,2,2
765,419,2,2
765,420,2,2
765,421,2,2
765,422,2,2
765,423,2,2
765,424,2,2
765,425,2,2
765,426,2,2
765,427,2,2
765,428,2,2
765,429,2,2
765,430,2,2
765,431,2,2
765,432,2,2
765,433,2,2
765,434,2,2
765,435,2,2
765,436,2,2
765,437,2,2
765,438,2,2
765,439,2,2
765,440,2,2
765,441,2,2
765,442,2,2
765,443,2,2
765,444,2,2
765,445,2,2
765,446,2,2
765,447,2,2
765,448,2,2
765,449,2,2
765,450,2,2
766,30,2,2
766,31,2,2
766,32,2,2
766,33,2,2
766,34,2,2
766,35,2,2
766,36,2,2
766,37,2,2
766,38,2,2
766,39,2,2
766,40,2,2
766,41,2,2
766,42,2,2
766,43,2,2
766,44,2,2
766,45,2,2
766,46,2,2
766,47,2,2
766,48,2,2
766,49,2,2
766,50,2,2
766,51,2,2
766,52,2,2
766,53,2,2
766,54,2,2
766,55,2,2
766,56,2,2
766,57,2,2
766,58,2,2
766,59,2,2
766,60,2,2
766,61,2,2
766,62,2,2
766,63,2,2
766,64,2,2
766,65,2,2
766,66,2,2
766,67,2,2
766,68,2,2
766,69,2,2
766,70,2,2
766,71,2,2
766,72,2,2
766,73,2,2
766,74,2,2
766,75,2,2
766,76,2,2
766,77,2,2
766,78,2,2
766,79,2,2
766,80,2,2
766,81,2,2
766,82,2,2
766,83,2,2
766,84,2,2
766,85,2,2
766,86,2,2
766,87,2,2
766,88,2,2
766,89,2,2
766,90,2,2
766,91,2,2
766,92,2,2
766,93,2,2
766,94,2,2
766,95,2,2
766,96,2,2
766,97,2,2
766,98,2,2
766,99,2,2
766,100,2,2
766,101,2,2
766,102,2,2
766,103,2,2
766,104,2,2
766,105,2,2
766,106,2,2
766,107,2,2
766,108,2,2
766,109,2,2
766,110,2,2
766,111,2,2
766,112,2,2
766,113,2,2
766,114,2,2
766,115,2,2
766,116,2,2
766,117,2,2
766,118,2,2
766,119,2,2
766,120,2,2
766,121,2,2
766,122,2,2
766,123,2,2
766,124,2,2
766,125,2,2
766,126,2,2
766,127,2,2
766,128,2,2
766,129,2,2
766,130,2,2
766,131,2,2
766,132,2,2
766,133,2,2
766,134,2,2
766,135,2,2
766,136,2,2
766,137,2,2
766,138,2,2
766,139,2,2
766,140,2,2
766,141,2,2
766,142,2,2
766,143,2,2
766,144,2,2
766,145,2,2
766,146,2,2
766,147,2,2
766,148,2,2
766,149,2,2
766,150,2,2
766,151,2,2
766,152,2,2
766,153,2,2
766,154,2,2
766,155,2,2
766,156,2,2
766,157,2,2
766,158,2,2
766,159,2,2
766,160,2,2
766,161,2,2
766,162,2,2
766,163,2,2
766,164,2,2
766,165,2,2
766,166,2,2
766,167,2,2
766,168,2,2
766,169,2,2
766,170,2,2
766,171,2,2
766,172,2,2
766,173,2,2
766,174,2,2
766,175,2,2
766,176,2,2
766,177,2,2
766,178,2,2
766,179,2,2
766,180,2,2
766,181,2,2
766,182,2,2
766,183,2,2
766,184,2,2
766,185,2,2
766,186,2,2
766,187,2,2
766,188,2,2
766,189,2,2
766,190,2,2
766,191,2,2
766,192,2,2
766,193,2,2
766,194,2,2
766,195,2,2
766,196,2,2
766,197,2,2
766,198,2,2
766,199,2,2
766,200,2,2
766,201,2,2
766,202,2,2
766,203,2,2
766,204,2,2
766,205,2,2
766,206,2,2
766,207,2,2
766,208,2,2
766,209,2,2
766,210,2,2
766,211,2,2
766,212,2,2
766,213,2,2
766,214,2,2
766,215,2,2
766,216,2,2
766,217,2,2
766,218,2,2
766,219,2,2
766,220,2,2
766,221,2,2
766,222,2,2
766,223,2,2
766,224,2,2
766,225,2,2
766,226,2,2
766,227,2,2
766,228,2,2
766,229,2,2
766,230,2,2
766,231,2,2
766,232,2,2
766,233,2,2
766,234,2,2
766,235,2,2
766,236,2,2
766,237,2,2
766,238,2,2
766,239,2,2
766,240,2,2
766,241,2,2
766,242,2,2
766,243,2,2
766,244,2,2
766,245,2,2
766,246,2,2
766,247,2,2
766,248,2,2
766,249,2,2
766,250,2,2
766,251,2,2
766,252,2,2
766,253,2,2
766,254,2,2
766,255,2,2
766,256,2,2
766,257,2,2
766,258,2,2
766,259,2,2
766,260,2,2
766,261,2,2
766,262,2,2
766,263,2,2
766,264,2,2
766,265,2,2
766,266,2,2
766,267,2,2
766,268,2,2
766,269,2,2
766,270,2,2
766,271,2,2
766,272,2,2
766,273,2,2
766,274,2,2
766,275,2,2
766,276,2,2
766,277,2,2
766,278,2,2
766,279,2,2
766,280,2,2
766,281,2,2
766,282,2,2
766,283,2,2
766,284,2,2
766,285,2,2
766,286,2,2
766,287,2,2
766,288,2,2
766,289,2,2
766,290,2,2
766,291,2,2
766,292,2,2
766,293,2,2
766,294,2,2
766,295,2,2
766,296,2,2
766,297,2,2
766,298,2,2
766,299,2,2
766,300,2,2
766,301,2,2
766,302,2,2
766,303,2,2
766,304,2,2
766,305,2,2
766,306,2,2
766,307,2,2
766,308,2,2
766,309,2,2
766,310,2,2
766,311,2,2
766,312,2,2
766,313,2,2
766,314,2,2
766,315,2,2
766,316,2,2
766,317,2,2
766,318,2,2
766,319,2,2
766,320,2,2
766,321,2,2
766,322,2,2
766,323,2,2
766,324,2,2
766,325,2,2
766,326,2,2
766,327,2,2
766,328,2,2
766,329,2,2
766,330,2,2
766,331,2,2
766,332,2,2
766,333,2,2
766,334,2,2
766,335,2,2
766,336,2,2
766,337,2,2
766,338,2,2
766,339,2,2
766,340,2,2
766,341,2,2
766,342,2,2
766,343,2,2
766,344,2,2
766,345,2,2
766,346,2,2
766,347,2,2
766,348,2,2
766,349,2,2
766,350,2,2
766,351,2,2
766,352,2,2
766,353,2,2
766,354,2,2
766,355,2,2
766,356,2,2
766,357,2,2
766,358,2,2
766,359,2,2
766,360,2,2
766,361,2,2
766,362,2,2
766,363,2,2
766,364,2,2
766,365,2,2
766,366,2,2
766,367,2,2
766,368,2,2
766,369,2,2
766,370,2,2
766,371,2,2
766,372,2,2
766,373,2,2
766,374,2,2
766,375,2,2
766,376,2,2
766,377,2,2
766,378,2,2
766,379,2,2
766,380,2,2
766,381,2,2
766,382,2,2
766,383,2,2
766,384,2,2
766,385,2,2
766,386,2,2
766,387,2,2
766,388,2,2
766,389,2,2
766,390,2,2
766,391,2,2
766,392,2,2
766,393,2,2
766,394,2,2
766,395,2,2
766,396,2,2
766,397,2,2
766,398,2,2
766,399,2,2
766,400,2,2
766,401,2,2
766,402,2,2
766,403,2,2
766,404,2,2
766,405,2,2
766,406,2,2
766,407,2,2
766,408,2,2
766,409,2,2
766,410,2,2
766,411,2,2
766,412,2,2
766,413,2,2
766,414,2,2
766,415,2,2
766,416,2,2
766,417,2,2
766,418,2,2
766,419,2,2
766,420,2,2
766,421,2,2
766,422,2,2
766,423,2,2
766,424,2,2
766,425,2,2
766,426,2,2
766,427,2,2
766,428,2,2
766,429,2,2
766,430,2,2
766,431,2,2
766,432,2,2
766,433,2,2
766,434,2,2
766,435,2,2
766,436,2,2
766,437,2,2
766,438,2,2
766,439,2,2
766,440,2,2
766,441,2,2
766,442,2,2
766,443,2,2
766,444,2,2
766,445,2,2
766,446,2,2
766,447,2,2
766,448,2,2
766,449,2,2
766,450,2,2
767,30,2,2
767,31,2,2
767,32,2,2
767,33,2,2
767,34,2,2
767,35,2,2
767,36,2,2
767,37,2,2
767,38,2,2
767,39,2,2
767,40,2,2
767,41,2,2
767,42,2,2
767,43,2,2
767,44,2,2
767,45,2,2
767,46,2,2
767,47,2,2
767,48,2,2
767,49,2,2
767,50,2,2
767,51,2,2
767,52,2,2
767,53,2,2
767,54,2,2
767,55,2,2
767,56,2,2
767,57,2,2
767,58,2,2
767,59,2,2
767,60,2,2
767,61,2,2
767,62,2,2
767,63,2,2
767,64,2,2
767,65,2,2
767,66,2,2
767,67,2,2
767,68,2,2
767,69,2,2
767,70,2,2
767,71,2,2
767,72,2,2
767,73,2,2
767,74,2,2
767,75,2,2
767,76,2,2
767,77,2,2
767,78,2,2
767,79,2,2
767,80,2,2
767,81,2,2
767,82,2,2
767,83,2,2
767,84,2,2
767,85,2,2
767,86,2,2
767,87,2,2
767,88,2,2
767,89,2,2
767,90,2,2
767,91,2,2
767,92,2,2
767,93,2,2
767,94,2,2
767,95,2,2
767,96,2,2
767,97,2,2
767,98,2,2
767,99,2,2
767,100,2,2
767,101,2,2
767,102,2,2
767,103,2,2
767,104,2,2
767,105,2,2
767,106,2,2
767,107,2,2
767,108,2,2
767,109,2,2
767,110,2,2
767,111,2,2
767,112,2,2
767,113,2,2
767,114,2,2
767,115,2,2
767,116,2,2
767,117,2,2
767,118,2,2
767,119,2,2
767,120,2,2
767,121,2,2
767,122,2,2
767,123,2,2
767,124,2,2
767,125,2,2
767,126,2,2
767,127,2,2
767,128,2,2
767,129,2,2
767,130,2,2
767,131,2,2
767,132,2,2
767,133,2,2
767,134,2,2
767,135,2,2
767,136,2,2
767,137,2,2
767,138,2,2
767,139,2,2
767,140,2,2
767,141,2,2
767,142,2,2
767,143,2,2
767,144,2,2
767,145,2,2
767,146,2,2
767,147,2,2
767,148,2,2
767,149,2,2
767,150,2,2
767,151,2,2
767,152,2,2
767,153,2,2
767,154,2,2
767,155,2,2
767,156,2,2
767,157,2,2
767,158,2,2
767,159,2,2
767,160,2,2
767,161,2,2
767,162,2,2
767,163,2,2
767,164,2,2
767,165,2,2
767,166,2,2
767,167,2,2
767,168,2,2
767,169,2,2
767,170,2,2
767,171,2,2
767,172,2,2
767,173,2,2
767,174,2,2
767,175,2,2
767,176,2,2
767,177,2,2
767,178,2,2
767,179,2,2
767,180,2,2
767,181,2,2
767,182,2,2
767,183,2,2
767,184,2,2
767,185,2,2
767,186,2,2
767,187,2,2
767,188,2,2
767,189,2,2
767,190,2,2
767,191,2,2
767,192,2,2
767,193,2,2
767,194,2,2
767,195,2,2
767,196,2,2
767,197,2,2
767,198,2,2
767,199,2,2
767,200,2,2
767,201,2,2
767,202,2,2
767,203,2,2
767,204,2,2
767,205,2,2
767,206,2,2
767,207,2,2
767,208,2,2
767,209,2,2
767,210,2,2
767,211,2,2
767,212,2,2
767,213,2,2
767,214,2,2
767,215,2,2
767,216,2,2
767,217,2,2
767,218,2,2
767,219,2,2
767,220,2,2
767,221,2,2
767,222,2,2
767,223,2,2
767,224,2,2
767,225,2,2
767,226,2,2
767,227,2,2
767,228,2,2
767,229,2,2
767,230,2,2
767,231,2,2
767,232,2,2
767,233,2,2
767,234,2,2
767,235,2,2
767,236,2,2
767,237,2,2
767,238,2,2
767,239,2,2
767,240,2,2
767,241,2,2
767,242,2,2
767,243,2,2
767,244,2,2
767,245,2,2
767,246,2,2
767,247,2,2
767,248,2,2
767,249,2,2
767,250,2,2
767,251,2,2
767,252,2,2
767,253,2,2
767,254,2,2
767,255,2,2
767,256,2,2
767,257,2,2
767,258,2,2
767,259,2,2
767,260,2,2
767,261,2,2
767,262,2,2
767,263,2,2
767,264,2,2
767,265,2,2
767,266,2,2
767,267,2,2
767,268,2,2
767,269,2,2
767,270,2,2
767,271,2,2
767,272,2,2
767,273,2,2
767,274,2,2
767,275,2,2
767,276,2,2
767,277,2,2
767,278,2,2
767,279,2,2
767,280,2,2
767,281,2,2
767,282,2,2
767,283,2,2
767,284,2,2
767,285,2,2
767,286,2,2
767,287,2,2
767,288,2,2
767,289,2,2
767,290,2,2
767,291,2,2
767,292,2,2
767,293,2,2
767,294,2,2
767,295,2,2
767,296,2,2
767,297,2,2
767,298,2,2
767,299,2,2
767,300,2,2
767,301,2,2
767,302,2,2
767,303,2,2
767,304,2,2
767,305,2,2
767,306,2,2
767,307,2,2
767,308,2,2
767,309,2,2
767,310,2,2
767,311,2,2
767,312,2,2
767,313,2,2
767,314,2,2
767,315,2,2
767,316,2,2
767,317,2,2
767,318,2,2
767,319,2,2
767,320,2,2
767,321,2,2
767,322,2,2
767,323,2,2
767,324,2,2
767,325,2,2
767,326,2,2
767,327,2,2
767,328,2,2
767,329,2,2
767,330,2,2
767,331,2,2
767,332,2,2
767,333,2,2
767,334,2,2
767,335,2,2
767,336,2,2
767,337,2,2
767,338,2,2
767,339,2,2
767,340,2,2
767,341,2,2
767,342,2,2
767,343,2,2
767,344,2,2
767,345,2,2
767,346,2,2
767,347,2,2
767,348,2,2
767,349,2,2
767,350,2,2
767,351,2,2
767,352,2,2
767,353,2,2
767,354,2,2
767,355,2,2
767,356,2,2
767,357,2,2
767,358,2,2
767,359,2,2
767,360,2,2
767,361,2,2
767,362,2,2
767,363,2,2
767,364,2,2
767,365,2,2
767,366,2,2
767,367,2,2
767,368,2,2
767,369,2,2
767,370,2,2
767,371,2,2
767,372,2,2
767,373,2,2
767,374,2,2
767,375,2,2
767,376,2,2
767,377,2,2
767,378,2,2
767,379,2,2
767,380,2,2
767,381,2,2
767,382,2,2
767,383,2,2
767,384,2,2
767,385,2,2
767,386,2,2
767,387,2,2
767,388,2,2
767,389,2,2
767,390,2,2
767,391,2,2
767,392,2,2
767,393,2,2
767,394,2,2
767,395,2,2
767,396,2,2
767,397,2,2
767,398,2,2
767,399,2,2
767,400,2,2
767,401,2,2
767,402,2,2
767,403,2,2
767,404,2,2
767,405,2,2
767,406,2,2
767,407,2,2
767,408,2,2
767,409,2,2
767,410,2,2
767,411,2,2
767,412,2,2
767,413,2,2
767,414,2,2
767,415,2,2
767,416,2,2
767,417,2,2
767,418,2,2
767,419,2,2
767,420,2,2
767,421,2,2
767,422,2,2
767,423,2,2
767,424,2,2
767,425,2,2
767,426,2,2
767,427,2,2
767,428,2,2
767,429,2,2
767,430,2,2
767,431,2,2
767,432,2,2
767,433,2,2
767,434,2,2
767,435,2,2
767,436,2,2
767,437,2,2
767,438,2,2
767,439,2,2
767,440,2,2
767,441,2,2
767,442,2,2
767,443,2,2
767,444,2,2
767,445,2,2
767,446,2,2
767,447,2,2
767,448,2,2
767,449,2,2
767,450,2,2
768,30,2,2
768,31,2,2
768,32,2,2
768,33,2,2
768,34,2,2
768,35,2,2
768,36,2,2
768,37,2,2
768,38,2,2
768,39,2,2
768,40,2,2
768,41,2,2
768,42,2,2
768,43,2,2
768,44,2,2
768,45,2,2
768,46,2,2
768,47,2,2
768,48,2,2
768,49,2,2
768,50,2,2
768,51,2,2
768,52,2,2
768,53,2,2
768,54,2,2
768,55,2,2
768,56,2,2
768,57,2,2
768,58,2,2
768,59,2,2
768,60,2,2
768,61,2,2
768,62,2,2
768,63,2,2
768,64,2,2
768,65,2,2
768,66,2,2
768,67,2,2
768,68,2,2
768,69,2,2
768,70,2,2
768,71,2,2
768,72,2,2
768,73,2,2
768,74,2,2
768,75,2,2
768,76,2,2
768,77,2,2
768,78,2,2
768,79,2,2
768,80,2,2
768,81,2,2
768,82,2,2
768,83,2,2
768,84,2,2
768,85,2,2
768,86,2,2
768,87,2,2
768,88,2,2
768,89,2,2
768,90,2,2
768,91,2,2
768,92,2,2
768,93,2,2
768,94,2,2
768,95,2,2
768,96,2,2
768,97,2,2
768,98,2,2
768,99,2,2
768,100,2,2
768,101,2,2
768,102,2,2
768,103,2,2
768,104,2,2
768,105,2,2
768,106,2,2
768,107,2,2
768,108,2,2
768,109,2,2
768,110,2,2
768,111,2,2
768,112,2,2
768,113,2,2
768,114,2,2
768,115,2,2
768,116,2,2
768,117,2,2
768,118,2,2
768,119,2,2
768,120,2,2
768,121,2,2
768,122,2,2
768,123,2,2
768,124,2,2
768,125,2,2
768,126,2,2
768,127,2,2
768,128,2,2
768,129,2,2
768,130,2,2
768,131,2,2
768,132,2,2
768,133,2,2
768,134,2,2
768,135,2,2
768,136,2,2
768,137,2,2
768,138,2,2
768,139,2,2
768,140,2,2
768,141,2,2
768,142,2,2
768,143,2,2
768,144,2,2
768,145,2,2
768,146,2,2
768,147,2,2
768,148,2,2
768,149,2,2
768,150,2,2
768,151,2,2
768,152,2,2
768,153,2,2
768,154,2,2
768,155,2,2
768,156,2,2
768,157,2,2
768,158,2,2
768,159,2,2
768,160,2,2
768,161,2,2
768,162,2,2
768,163,2,2
768,164,2,2
768,165,2,2
768,166,2,2
768,167,2,2
768,168,2,2
768,169,2,2
768,170,2,2
768,171,2,2
768,172,2,2
768,173,2,2
768,174,2,2
768,175,2,2
768,176,2,2
768,177,2,2
768,178,2,2
768,179,2,2
768,180,2,2
768,181,2,2
768,182,2,2
768,183,2,2
768,184,2,2
768,185,2,2
768,186,2,2
768,187,2,2
768,188,2,2
768,189,2,2
768,190,2,2
768,191,2,2
768,192,2,2
768,193,2,2
768,194,2,2
768,195,2,2
768,196,2,2
768,197,2,2
768,198,2,2
768,199,2,2
768,200,2,2
768,201,2,2
768,202,2,2
768,203,2,2
768,204,2,2
768,205,2,2
768,206,2,2
768,207,2,2
768,208,2,2
768,209,2,2
768,210,2,2
768,211,2,2
768,212,2,2
768,213,2,2
768,214,2,2
768,215,2,2
768,216,2,2
768,217,2,2
768,218,2,2
768,219,2,2
768,220,2,2
768,221,2,2
768,222,2,2
768,223,2,2
768,224,2,2
768,225,2,2
768,226,2,2
768,227,2,2
768,228,2,2
768,229,2,2
768,230,2,2
768,231,2,2
768,232,2,2
768,233,2,2
768,234,2,2
768,235,2,2
768,236,2,2
768,237,2,2
768,238,2,2
768,239,2,2
768,240,2,2
768,241,2,2
768,242,2,2
768,243,2,2
768,244,2,2
768,245,2,2
768,246,2,2
768,247,2,2
768,248,2,2
768,249,2,2
768,250,2,2
768,251,2,2
768,252,2,2
768,253,2,2
768,254,2,2
768,255,2,2
768,256,2,2
768,257,2,2
768,258,2,2
768,259,2,2
768,260,2,2
768,261,2,2
768,262,2,2
768,263,2,2
768,264,2,2
768,265,2,2
768,266,2,2
768,267,2,2
768,268,2,2
768,269,2,2
768,270,2,2
768,271,2,2
768,272,2,2
768,273,2,2
768,274,2,2
768,275,2,2
768,276,2,2
768,277,2,2
768,278,2,2
768,279,2,2
768,280,2,2
768,281,2,2
768,282,2,2
768,283,2,2
768,284,2,2
768,285,2,2
768,286,2,2
768,287,2,2
768,288,2,2
768,289,2,2
768,290,2,2
768,291,2,2
768,292,2,2
768,293,2,2
768,294,2,2
768,295,2,2
768,296,2,2
768,297,2,2
768,298,2,2
768,299,2,2
768,300,2,2
768,301,2,2
768,302,2,2
768,303,2,2
768,304,2,2
768,305,2,2
768,306,2,2
768,307,2,2
768,308,2,2
768,309,2,2
768,310,2,2
768,311,2,2
768,312,2,2
768,313,2,2
768,314,2,2
768,315,2,2
768,316,2,2
768,317,2,2
768,318,2,2
768,319,2,2
768,320,2,2
768,321,2,2
768,322,2,2
768,323,2,2
768,324,2,2
768,325,2,2
768,326,2,2
768,327,2,2
768,328,2,2
768,329,2,2
768,330,2,2
768,331,2,2
768,332,2,2
768,333,2,2
768,334,2,2
768,335,2,2
768,336,2,2
768,337,2,2
768,338,2,2
768,339,2,2
768,340,2,2
768,341,2,2
768,342,2,2
768,343,2,2
768,344,2,2
768,345,2,2
768,346,2,2
768,347,2,2
768,348,2,2
768,349,2,2
768,350,2,2
768,351,2,2
768,352,2,2
768,353,2,2
768,354,2,2
768,355,2,2
768,356,2,2
768,357,2,2
768,358,2,2
768,359,2,2
768,360,2,2
768,361,2,2
768,362,2,2
768,363,2,2
768,364,2,2
768,365,2,2
768,366,2,2
768,367,2,2
768,368,2,2
768,369,2,2
768,370,2,2
768,371,2,2
768,372,2,2
768,373,2,2
768,374,2,2
768,375,2,2
768,376,2,2
768,377,2,2
768,378,2,2
768,379,2,2
768,380,2,2
768,381,2,2
768,382,2,2
768,383,2,2
768,384,2,2
768,385,2,2
768,386,2,2
768,387,2,2
768,388,2,2
768,389,2,2
768,390,2,2
768,391,2,2
768,392,2,2
768,393,2,2
768,394,2,2
768,395,2,2
768,396,2,2
768,397,2,2
768,398,2,2
768,399,2,2
768,400,2,2
768,401,2,2
768,402,2,2
768,403,2,2
768,404,2,2
768,405,2,2
768,406,2,2
768,407,2,2
768,408,2,2
768,409,2,2
768,410,2,2
768,411,2,2
768,412,2,2
768,413,2,2
768,414,2,2
768,415,2,2
768,416,2,2
768,417,2,2
768,418,2,2
768,419,2,2
768,420,2,2
768,421,2,2
768,422,2,2
768,423,2,2
768,424,2,2
768,425,2,2
768,426,2,2
768,427,2,2
768,428,2,2
768,429,2,2
768,430,2,2
768,431,2,2
768,432,2,2
768,433,2,2
768,434,2,2
768,435,2,2
768,436,2,2
768,437,2,2
768,438,2,2
768,439,2,2
768,440,2,2
768,441,2,2
768,442,2,2
768,443,2,2
768,444,2,2
768,445,2,2
768,446,2,2
768,447,2,2
768,448,2,2
768,449,2,2
768,450,2,2
768,451,2,3
769,30,2,2
769,31,2,2
769,32,2,2
769,33,2,2
769,34,2,2
769,35,2,2
769,36,2,2
769,37,2,2
769,38,2,2
769,39,2,2
769,40,2,2
769,41,2,2
769,42,2,2
769,43,2,2
769,44,2,2
769,45,2,2
769,46,2,2
769,47,2,2
769,48,2,2
769,49,2,2
769,50,2,2
769,51,2,2
769,52,2,2
769,53,2,2
769,54,2,2
769,55,2,2
769,56,2,2
769,57,2,2
769,58,2,2
769,59,2,2
769,60,2,2
769,61,2,2
769,62,2,2
769,63,2,2
769,64,2,2
769,65,2,2
769,66,2,2
769,67,2,2
769,68,2,2
769,69,2,2
769,70,2,2
769,71,2,2
769,72,2,2
769,73,2,2
769,74,2,2
769,75,2,2
769,76,2,2
769,77,2,2
769,78,2,2
769,79,2,2
769,80,2,2
769,81,2,2
769,82,2,2
769,83,2,2
769,84,2,2
769,85,2,2
769,86,2,2
769,87,2,2
769,88,2,2
769,89,2,2
769,90,2,2
769,91,2,2
769,92,2,2
769,93,2,2
769,94,2,2
769,95,2,2
769,96,2,2
769,97,2,2
769,98,2,2
769,99,2,2
769,100,2,2
769,101,2,2
769,102,2,2
769,103,2,2
769,104,2,2
769,105,2,2
769,106,2,2
769,107,2,2
769,108,2,2
769,109,2,2
769,110,2,2
769,111,2,2
769,112,2,2
769,113,2,2
769,114,2,2
769,115,2,2
769,116,2,2
769,117,2,2
769,118,2,2
769,119,2,2
769,120,2,2
769,121,2,2
769,122,2,2
769,123,2,2
769,124,2,2
769,125,2,2
769,126,2,2
769,127,2,2
769,128,2,2
769,129,2,2
769,130,2,2
769,131,2,2
769,132,2,2
769,133,2,2
769,134,2,2
769,135,2,2
769,136,2,2
769,137,2,2
769,138,2,2
769,139,2,2
769,140,2,2
769,141,2,2
769,142,2,2
769,143,2,2
769,144,2,2
769,145,2,2
769,146,2,2
769,147,2,2
769,148,2,2
769,149,2,2
769,150,2,2
769,151,2,2
769,152,2,2
769,153,2,2
769,154,2,2
769,155,2,2
769,156,2,2
769,157,2,2
769,158,2,2
769,159,2,2
769,160,2,2
769,161,2,2
769,162,2,2
769,163,2,2
769,164,2,2
769,165,2,2
769,166,2,2
769,167,2,2
769,168,2,2
769,169,2,2
769,170,2,2
769,171,2,2
769,172,2,2
769,173,2,2
769,174,2,2
769,175,2,2
769,176,2,2
769,177,2,2
769,178,2,2
769,179,2,2
769,180,2,2
769,181,2,2
769,182,2,2
769,183,2,2
769,184,2,2
769,185,2,2
769,186,2,2
769,187,2,2
769,188,2,2
769,189,2,2
769,190,2,2
769,191,2,2
769,192,2,2
769,193,2,2
769,194,2,2
769,195,2,2
769,196,2,2
769,197,2,2
769,198,2,2
769,199,2,2
769,200,2,2
769,201,2,2
769,202,2,2
769,203,2,2
769,204,2,2
769,205,2,2
769,206,2,2
769,207,2,2
769,208,2,2
769,209,2,2
769,210,2,2
769,211,2,2
769,212,2,2
769,213,2,2
769,214,2,2
769,215,2,2
769,216,2,2
769,217,2,2
769,218,2,2
769,219,2,2
769,220,2,2
769,221,2,2
769,222,2,2
769,223,2,2
769,224,2,2
769,225,2,2
769,226,2,2
769,227,2,2
769,228,2,2
769,229,2,2
769,230,2,2
769,231,2,2
769,232,2,2
769,233,2,2
769,234,2,2
769,235,2,2
769,236,2,2
769,237,2,2
769,238,2,2
769,239,2,2
769,240,2,2
769,241,2,2
769,242,2,2
769,243,2,2
769,244,2,2
769,245,2,2
769,246,2,2
769,247,2,2
769,248,2,2
769,249,2,2
769,250,2,2
769,251,2,2
769,252,2,2
769,253,2,2
769,254,2,2
769,255,2,2
769,256,2,2
769,257,2,2
769,258,2,2
769,259,2,2
769,260,2,2
769,261,2,2
769,262,2,2
769,263,2,2
769,264,2,2
769,265,2,2
769,266,2,2
769,267,2,2
769,268,2,2
769,269,2,2
769,270,2,2
769,271,2,2
769,272,2,2
769,273,2,2
769,274,2,2
769,275,2,2
769,276,2,2
769,277,2,2
769,278,2,2
769,279,2,2
769,280,2,2
769,281,2,2
769,282,2,2
769,283,2,2
769,284,2,2
769,285,2,2
769,286,2,2
769,287,2,2
769,288,2,2
769,289,2,2
769,290,2,2
769,291,2,2
769,292,2,2
769,293,2,2
769,294,2,2
769,295,2,2
769,296,2,2
769,297,2,2
769,298,2,2
769,299,2,2
769,300,2,2
769,301,2,2
769,302,2,2
769,303,2,2
769,304,2,2
769,305,2,2
769,306,2,2
769,307,2,2
769,308,2,2
769,309,2,2
769,310,2,2
769,311,2,2
769,312,2,2
769,313,2,2
769,314,2,2
769,315,2,2
769,316,2,2
769,317,2,2
769,318,2,2
769,319,2,2
769,320,2,2
769,321,2,2
769,322,2,2
769,323,2,2
769,324,2,2
769,325,2,2
769,326,2,2
769,327,2,2
769,328,2,2
769,329,2,2
769,330,2,2
769,331,2,2
769,332,2,2
769,333,2,2
769,334,2,2
769,335,2,2
769,336,2,2
769,337,2,2
769,338,2,2
769,339,2,2
769,340,2,2
769,341,2,2
769,342,2,2
769,343,2,2
769,344,2,2
769,345,2,2
769,346,2,2
769,347,2,2
769,348,2,2
769,349,2,2
769,350,2,2
769,351,2,2
769,352,2,2
769,353,2,2
769,354,2,2
769,355,2,2
769,356,2,2
769,357,2,2
769,358,2,2
769,359,2,2
769,360,2,2
769,361,2,2
769,362,2,2
769,363,2,2
769,364,2,2
769,365,2,2
769,366,2,2
769,367,2,2
769,368,2,2
769,369,2,2
769,370,2,2
769,371,2,2
769,372,2,2
769,373,2,2
769,374,2,2
769,375,2,2
769,376,2,2
769,377,2,2
769,378,2,2
769,379,2,2
769,380,2,2
769,381,2,2
769,382,2,2
769,383,2,2
769,384,2,2
769,385,2,2
769,386,2,2
769,387,2,2
769,388,2,2
769,389,2,2
769,390,2,2
769,391,2,2
769,392,2,2
769,393,2,2
769,394,2,2
769,395,2,2
769,396,2,2
769,397,2,2
769,398,2,2
769,399,2,2
769,400,2,2
769,401,2,2
769,402,2,2
769,403,2,2
769,404,2,2
769,405,2,2
769,406,2,2
769,407,2,2
769,408,2,2
769,409,2,2
769,410,2,2
769,411,2,2
769,412,2,2
769,413,2,2
769,414,2,2
769,415,2,2
769,416,2,2
769,417,2,2
769,418,2,2
769,419,2,2
769,420,2,2
769,421,2,2
769,422,2,2
769,423,2,2
769,424,2,2
769,425,2,2
769,426,2,2
769,427,2,2
769,428,2,2
769,429,2,2
769,430,2,2
769,431,2,2
769,432,2,2
769,433,2,2
769,434,2,2
769,435,2,2
769,436,2,2
769,437,2,2
769,438,2,2
769,439,2,2
769,440,2,2
769,441,2,2
769,442,2,2
769,443,2,2
769,444,2,2
769,445,2,2
769,446,2,2
769,447,2,2
769,448,2,2
769,449,2,2
769,450,2,2
769,451,2,2
769,452,2,3
770,31,2,2
770,32,2,2
770,33,2,2
770,34,2,2
770,35,2,2
770,36,2,2
770,37,2,2
770,38,2,2
770,39,2,2
770,40,2,2
770,41,2,2
770,42,2,2
770,43,2,2
770,44,2,2
770,45,2,2
770,46,2,2
770,47,2,2
770,48,2,2
770,49,2,2
770,50,2,2
770,51,2,2
770,52,2,2
770,53,2,2
770,54,2,2
770,55,2,2
770,56,2,2
770,57,2,2
770,58,2,2
770,59,2,2
770,60,2,2
770,61,2,2
770,62,2,2
770,63,2,2
770,64,2,2
770,65,2,2
770,66,2,2
770,67,2,2
770,68,2,2
770,69,2,2
770,70,2,2
770,71,2,2
770,72,2,2
770,73,2,2
770,74,2,2
770,75,2,2
770,76,2,2
770,77,2,2
770,78,2,2
770,79,2,2
770,80,2,2
770,81,2,2
770,82,2,2
770,83,2,2
770,84,2,2
770,85,2,2
770,86,2,2
770,87,2,2
770,88,2,2
770,89,2,2
770,90,2,2
770,91,2,2
770,92,2,2
770,93,2,2
770,94,2,2
770,95,2,2
770,96,2,2
770,97,2,2
770,98,2,2
770,99,2,2
770,100,2,2
770,101,2,2
770,102,2,2
770,103,2,2
770,104,2,2
770,105,2,2
770,106,2,2
770,107,2,2
770,108,2,2
770,109,2,2
770,110,2,2
770,111,2,2
770,112,2,2
770,113,2,2
770,114,2,2
770,115,2,2
770,116,2,2
770,117,2,2
770,118,2,2
770,119,2,2
770,120,2,2
770,121,2,2
770,122,2,2
770,123,2,2
770,124,2,2
770,125,2,2
770,126,2,2
770,127,2,2
770,128,2,2
770,129,2,2
770,130,2,2
770,131,2,2
770,132,2,2
770,133,2,2
770,134,2,2
770,135,2,2
770,136,2,2
770,137,2,2
770,138,2,2
770,139,2,2
770,140,2,2
770,141,2,2
770,142,2,2
770,143,2,2
770,144,2,2
770,145,2,2
770,146,2,2
770,147,2,2
770,148,2,2
770,149,2,2
770,150,2,2
770,151,2,2
770,152,2,2
770,153,2,2
770,154,2,2
770,155,2,2
770,156,2,2
770,157,2,2
770,158,2,2
770,159,2,2
770,160,2,2
770,161,2,2
770,162,2,2
770,163,2,2
770,164,2,2
770,165,2,2
770,166,2,2
770,167,2,2
770,168,2,2
770,169,2,2
770,170,2,2
770,171,2,2
770,172,2,2
770,173,2,2
770,174,2,2
770,175,2,2
770,176,2,2
770,177,2,2
770,178,2,2
770,179,2,2
770,180,2,2
770,181,2,2
770,182,2,2
770,183,2,2
770,184,2,2
770,185,2,2
770,186,2,2
770,187,2,2
770,188,2,2
770,189,2,2
770,190,2,2
770,191,2,2
770,192,2,2
770,193,2,2
770,194,2,2
770,195,2,2
770,196,2,2
770,197,2,2
770,198,2,2
770,199,2,2
770,200,2,2
770,201,2,2
770,202,2,2
770,203,2,2
770,204,2,2
770,205,2,2
770,206,2,2
770,207,2,2
770,208,2,2
770,209,2,2
770,210,2,2
770,211,2,2
770,212,2,2
770,213,2,2
770,214,2,2
770,215,2,2
770,216,2,2
770,217,2,2
770,218,2,2
770,219,2,2
770,220,2,2
770,221,2,2
770,222,2,2
770,223,2,2
770,224,2,2
770,225,2,2
770,226,2,2
770,227,2,2
770,228,2,2
770,229,2,2
770,230,2,2
770,231,2,2
770,232,2,2
770,233,2,2
770,234,2,2
770,235,2,2
770,236,2,2
770,237,2,2
770,238,2,2
770,239,2,2
770,240,2,2
770,241,2,2
770,242,2,2
770,243,2,2
770,244,2,2
770,245,2,2
770,246,2,2
770,247,2,2
770,248,2,2
770,249,2,2
770,250,2,2
770,251,2,2
770,252,2,2
770,253,2,2
770,254,2,2
770,255,2,2
770,256,2,2
770,257,2,2
770,258,2,2
770,259,2,2
770,260,2,2
770,261,2,2
770,262,2,2
770,263,2,2
770,264,2,2
770,265,2,2
770,266,2,2
770,267,2,2
770,268,2,2
770,269,2,2
770,270,2,2
770,271,2,2
770,272,2,2
770,273,2,2
770,274,2,2
770,275,2,2
770,276,2,2
770,277,2,2
770,278,2,2
770,279,2,2
770,280,2,2
770,281,2,2
770,282,2,2
770,283,2,2
770,284,2,2
770,285,2,2
770,286,2,2
770,287,2,2
770,288,2,2
770,289,2,2
770,290,2,2
770,291,2,2
770,292,2,2
770,293,2,2
770,294,2,2
770,295,2,2
770,296,2,2
770,297,2,2
770,298,2,2
770,299,2,2
770,300,2,2
770,301,2,2
770,302,2,2
770,303,2,2
770,304,2,2
770,305,2,2
770,306,2,2
770,307,2,2
770,308,2,2
770,309,2,2
770,310,2,2
770,311,2,2
770,312,2,2
770,313,2,2
770,314,2,2
770,315,2,2
770,316,2,2
770,317,2,2
770,318,2,2
770,319,2,2
770,320,2,2
770,321,2,2
770,322,2,2
770,323,2,2
770,324,2,2
770,325,2,2
770,326,2,2
770,327,2,2
770,328,2,2
770,329,2,2
770,330,2,2
770,331,2,2
770,332,2,2
770,333,2,2
770,334,2,2
770,335,2,2
770,336,2,2
770,337,2,2
770,338,2,2
770,339,2,2
770,340,2,2
770,341,2,2
770,342,2,2
770,343,2,2
770,344,2,2
770,345,2,2
770,346,2,2
770,347,2,2
770,348,2,2
770,349,2,2
770,350,2,2
770,351,2,2
770,352,2,2
770,353,2,2
770,354,2,2
770,355,2,2
770,356,2,2
770,357,2,2
770,358,2,2
770,359,2,2
770,360,2,2
770,361,2,2
770,362,2,2
770,363,2,2
770,364,2,2
770,365,2,2
770,366,2,2
770,367,2,2
770,368,2,2
770,369,2,2
770,370,2,2
770,371,2,2
770,372,2,2
770,373,2,2
770,374,2,2
770,375,2,2
770,376,2,2
770,377,2,2
770,378,2,2
770,379,2,2
770,380,2,2
770,381,2,2
770,382,2,2
770,383,2,2
770,384,2,2
770,385,2,2
770,386,2,2
770,387,2,2
770,388,2,2
770,389,2,2
770,390,2,2
770,391,2,2
770,392,2,2
770,393,2,2
770,394,2,2
770,395,2,2
770,396,2,2
770,397,2,2
770,398,2,2
770,399,2,2
770,400,2,2
770,401,2,2
770,402,2,2
770,403,2,2
770,404,2,2
770,405,2,2
770,406,2,2
770,407,2,2
770,408,2,2
770,409,2,2
770,410,2,2
770,411,2,2
770,412,2,2
770,413,2,2
770,414,2,2
770,415,2,2
770,416,2,2
770,417,2,2
770,418,2,2
770,419,2,2
770,420,2,2
770,421,2,2
770,422,2,2
770,423,2,2
770,424,2,2
770,425,2,2
770,426,2,2
770,427,2,2
770,428,2,2
770,429,2,2
770,430,2,2
770,431,2,2
770,432,2,2
770,433,2,2
770,434,2,2
770,435,2,2
770,436,2,2
770,437,2,2
770,438,2,2
770,439,2,2
770,440,2,2
770,441,2,2
770,442,2,2
770,443,2,2
770,444,2,2
770,445,2,2
770,446,2,2
770,447,2,2
770,448,2,2
770,449,2,2
770,450,2,2
770,451,2,2
770,452,2,3
770,453,2,3
771,31,2,2
771,32,2,2
771,33,2,2
771,34,2,2
771,35,2,2
771,36,2,2
771,37,2,2
771,38,2,2
771,39,2,2
771,40,2,2
771,41,2,2
771,42,2,2
771,43,2,2
771,44,2,2
771,45,2,2
771,46,2,2
771,47,2,2
771,48,2,2
771,49,2,2
771,50,2,2
771,51,2,2
771,52,2,2
771,53,2,2
771,54,2,2
771,55,2,2
771,56,2,2
771,57,2,2
771,58,2,2
771,59,2,2
771,60,2,2
771,61,2,2
771,62,2,2
771,63,2,2
771,64,2,2
771,65,2,2
771,66,2,2
771,67,2,2
771,68,2,2
771,69,2,2
771,70,2,2
771,71,2,2
771,72,2,2
771,73,2,2
771,74,2,2
771,75,2,2
771,76,2,2
771,77,2,2
771,78,2,2
771,79,2,2
771,80,2,2
771,81,2,2
771,82,2,2
771,83,2,2
771,84,2,2
771,85,2,2
771,86,2,2
771,87,2,2
771,88,2,2
771,89,2,2
771,90,2,2
771,91,2,2
771,92,2,2
771,93,2,2
771,94,2,2
771,95,2,2
771,96,2,2
771,97,2,2
771,98,2,2
771,99,2,2
771,100,2,2
771,101,2,2
771,102,2,2
771,103,2,2
771,104,2,2
771,105,2,2
771,106,2,2
771,107,2,2
771,108,2,2
771,109,2,2
771,110,2,2
771,111,2,2
771,112,2,2
771,113,2,2
771,114,2,2
771,115,2,2
771,116,2,2
771,117,2,2
771,118,2,2
771,119,2,2
771,120,2,2
771,121,2,2
771,122,2,2
771,123,2,2
771,124,2,2
771,125,2,2
771,126,2,2
771,127,2,2
771,128,2,2
771,129,2,2
771,130,2,2
771,131,2,2
771,132,2,2
771,133,2,2
771,134,2,2
771,135,2,2
771,136,2,2
771,137,2,2
771,138,2,2
771,139,2,2
771,140,2,2
771,141,2,2
771,142,2,2
771,143,2,2
771,144,2,2
771,145,2,2
771,146,2,2
771,147,2,2
771,148,2,2
771,149,2,2
771,150,2,2
771,151,2,2
771,152,2,2
771,153,2,2
771,154,2,2
771,155,2,2
771,156,2,2
771,157,2,2
771,158,2,2
771,159,2,2
771,160,2,2
771,161,2,2
771,162,2,2
771,163,2,2
771,164,2,2
771,165,2,2
771,166,2,2
771,167,2,2
771,168,2,2
771,169,2,2
771,170,2,2
771,171,2,2
771,172,2,2
771,173,2,2
771,174,2,2
771,175,2,2
771,176,2,2
771,177,2,2
771,178,2,2
771,179,2,2
771,180,2,2
771,181,2,2
771,182,2,2
771,183,2,2
771,184,2,2
771,185,2,2
771,186,2,2
771,187,2,2
771,188,2,2
771,189,2,2
771,190,2,2
771,191,2,2
771,192,2,2
771,193,2,2
771,194,2,2
771,195,2,2
771,196,2,2
771,197,2,2
771,198,2,2
771,199,2,2
771,200,2,2
771,201,2,2
771,202,2,2
771,203,2,2
771,204,2,2
771,205,2,2
771,206,2,2
771,207,2,2
771,208,2,2
771,209,2,2
771,210,2,2
771,211,2,2
771,212,2,2
771,213,2,2
771,214,2,2
771,215,2,2
771,216,2,2
771,217,2,2
771,218,2,2
771,219,2,2
771,220,2,2
771,221,2,2
771,222,2,2
771,223,2,2
771,224,2,2
771,225,2,2
771,226,2,2
771,227,2,2
771,228,2,2
771,229,2,2
771,230,2,2
771,231,2,2
771,232,2,2
771,233,2,2
771,234,2,2
771,235,2,2
771,236,2,2
771,237,2,2
771,238,2,2
771,239,2,2
771,240,2,2
771,241,2,2
771,242,2,2
771,243,2,2
771,244,2,2
771,245,2,2
771,246,2,2
771,247,2,2
771,248,2,2
771,249,2,2
771,250,2,2
771,251,2,2
771,252,2,2
771,253,2,2
771,254,2,2
771,255,2,2
771,256,2,2
771,257,2,2
771,258,2,2
771,259,2,2
771,260,2,2
771,261,2,2
771,262,2,2
771,263,2,2
771,264,2,2
771,265,2,2
771,266,2,2
771,267,2,2
771,268,2,2
771,269,2,2
771,270,2,2
771,271,2,2
771,272,2,2
771,273,2,2
771,274,2,2
771,275,2,2
771,276,2,2
771,277,2,2
771,278,2,2
771,279,2,2
771,280,2,2
771,281,2,2
771,282,2,2
771,283,2,2
771,284,2,2
771,285,2,2
771,286,2,2
771,287,2,2
771,288,2,2
771,289,2,2
771,290,2,2
771,291,2,2
771,292,2,2
771,293,2,2
771,294,2,2
771,295,2,2
771,296,2,2
771,297,2,2
771,298,2,2
771,299,2,2
771,300,2,2
771,301,2,2
771,302,2,2
771,303,2,2
771,304,2,2
771,305,2,2
771,306,2,2
771,307,2,2
771,308,2,2
771,309,2,2
771,310,2,2
771,311,2,2
771,312,2,2
771,313,2,2
771,314,2,2
771,315,2,2
771,316,2,2
771,317,2,2
771,318,2,2
771,319,2,2
771,320,2,2
771,321,2,2
771,322,2,2
771,323,2,2
771,324,2,2
771,325,2,2
771,326,2,2
771,327,2,2
771,328,2,2
771,329,2,2
771,330,2,2
771,331,2,2
771,332,2,2
771,333,2,2
771,334,2,2
771,335,2,2
771,336,2,2
771,337,2,2
771,338,2,2
771,339,2,2
771,340,2,2
771,341,2,2
771,342,2,2
771,343,2,2
771,344,2,2
771,345,2,2
771,346,2,2
771,347,2,2
771,348,2,2
771,349,2,2
771,350,2,2
771,351,2,2
771,352,2,2
771,353,2,2
771,354,2,2
771,355,2,2
771,356,2,2
771,357,2,2
771,358,2,2
771,359,2,2
771,360,2,2
771,361,2,2
771,362,2,2
771,363,2,2
771,364,2,2
771,365,2,2
771,366,2,2
771,367,2,2
771,368,2,2
771,369,2,2
771,370,2,2
771,371,2,2
771,372,2,2
771,373,2,2
771,374,2,2
771,375,2,2
771,376,2,2
771,377,2,2
771,378,2,2
771,379,2,2
771,380,2,2
771,381,2,2
771,382,2,2
771,383,2,2
771,384,2,2
771,385,2,2
771,386,2,2
771,387,2,2
771,388,2,2
771,389,2,2
771,390,2,2
771,391,2,2
771,392,2,2
771,393,2,2
771,394,2,2
771,395,2,2
771,396,2,2
771,397,2,2
771,398,2,2
771,399,2,2
771,400,2,2
771,401,2,2
771,402,2,2
771,403,2,2
771,404,2,2
771,405,2,2
771,406,2,2
771,407,2,2
771,408,2,2
771,409,2,2
771,410,2,2
771,411,2,2
771,412,2,2
771,413,2,2
771,414,2,2
771,415,2,2
771,416,2,2
771,417,2,2
771,418,2,2
771,419,2,2
771,420,2,2
771,421,2,2
771,422,2,2
771,423,2,2
771,424,2,2
771,425,2,2
771,426,2,2
771,427,2,2
771,428,2,2
771,429,2,2
771,430,2,2
771,431,2,2
771,432,2,2
771,433,2,2
771,434,2,2
771,435,2,2
771,436,2,2
771,437,2,2
771,438,2,2
771,439,2,2
771,440,2,2
771,441,2,2
771,442,2,2
771,443,2,2
771,444,2,2
771,445,2,2
771,446,2,2
771,447,2,2
771,448,2,2
771,449,2,2
771,450,2,2
771,451,2,2
771,452,2,2
771,453,2,2
771,454,2,2
772,31,2,2
772,32,2,2
772,33,2,2
772,34,2,2
772,35,2,2
772,36,2,2
772,37,2,2
772,38,2,2
772,39,2,2
772,40,2,2
772,41,2,2
772,42,2,2
772,43,2,2
772,44,2,2
772,45,2,2
772,46,2,2
772,47,2,2
772,48,2,2
772,49,2,2
772,50,2,2
772,51,2,2
772,52,2,2
772,53,2,2
772,54,2,2
772,55,2,2
772,56,2,2
772,57,2,2
772,58,2,2
772,59,2,2
772,60,2,2
772,61,2,2
772,62,2,2
772,63,2,2
772,64,2,2
772,65,2,2
772,66,2,2
772,67,2,2
772,68,2,2
772,69,2,2
772,70,2,2
772,71,2,2
772,72,2,2
772,73,2,2
772,74,2,2
772,75,2,2
772,76,2,2
772,77,2,2
772,78,2,2
772,79,2,2
772,80,2,2
772,81,2,2
772,82,2,2
772,83,2,2
772,84,2,2
772,85,2,2
772,86,2,2
772,87,2,2
772,88,2,2
772,89,2,2
772,90,2,2
772,91,2,2
772,92,2,2
772,93,2,2
772,94,2,2
772,95,2,2
772,96,2,2
772,97,2,2
772,98,2,2
772,99,2,2
772,100,2,2
772,101,2,2
772,102,2,2
772,103,2,2
772,104,2,2
772,105,2,2
772,106,2,2
772,107,2,2
772,108,2,2
772,109,2,2
772,110,2,2
772,111,2,2
772,112,2,2
772,113,2,2
772,114,2,2
772,115,2,2
772,116,2,2
772,117,2,2
772,118,2,2
772,119,2,2
772,120,2,2
772,121,2,2
772,122,2,2
772,123,2,2
772,124,2,2
772,125,2,2
772,126,2,2
772,127,2,2
772,128,2,2
772,129,2,2
772,130,2,2
772,131,2,2
772,132,2,2
772,133,2,2
772,134,2,2
772,135,2,2
772,136,2,2
772,137,2,2
772,138,2,2
772,139,2,2
772,140,2,2
772,141,2,2
772,142,2,2
772,143,2,2
772,144,2,2
772,145,2,2
772,146,2,2
772,147,2,2
772,148,2,2
772,149,2,2
772,150,2,2
772,151,2,2
772,152,2,2
772,153,2,2
772,154,2,2
772,155,2,2
772,156,2,2
772,157,2,2
772,158,2,2
772,159,2,2
772,160,2,2
772,161,2,2
772,162,2,2
772,163,2,2
772,164,2,2
772,165,2,2
772,166,2,2
772,167,2,2
772,168,2,2
772,169,2,2
772,170,2,2
772,171,2,2
772,172,2,2
772,173,2,2
772,174,2,2
772,175,2,2
772,176,2,2
772,177,2,2
772,178,2,2
772,179,2,2
772,180,2,2
772,181,2,2
772,182,2,2
772,183,2,2
772,184,2,2
772,185,2,2
772,186,2,2
772,187,2,2
772,188,2,2
772,189,2,2
772,190,2,2
772,191,2,2
772,192,2,2
772,193,2,2
772,194,2,2
772,195,2,2
772,196,2,2
772,197,2,2
772,198,2,2
772,199,2,2
772,200,2,2
772,201,2,2
772,202,2,2
772,203,2,2
772,204,2,2
772,205,2,2
772,206,2,2
772,207,2,2
772,208,2,2
772,209,2,2
772,210,2,2
772,211,2,2
772,212,2,2
772,213,2,2
772,214,2,2
772,215,2,2
772,216,2,2
772,217,2,2
772,218,2,2
772,219,2,2
772,220,2,2
772,221,2,2
772,222,2,2
772,223,2,2
772,224,2,2
772,225,2,2
772,226,2,2
772,227,2,2
772,228,2,2
772,229,2,2
772,230,2,2
772,231,2,2
772,232,2,2
772,233,2,2
772,234,2,2
772,235,2,2
772,236,2,2
772,237,2,2
772,238,2,2
772,239,2,2
772,240,2,2
772,241,2,2
772,242,2,2
772,243,2,2
772,244,2,2
772,245,2,2
772,246,2,2
772,247,2,2
772,248,2,2
772,249,2,2
772,250,2,2
772,251,2,2
772,252,2,2
772,253,2,2
772,254,2,2
772,255,2,2
772,256,2,2
772,257,2,2
772,258,2,2
772,259,2,2
772,260,2,2
772,261,2,2
772,262,2,2
772,263,2,2
772,264,2,2
772,265,2,2
772,266,2,2
772,267,2,2
772,268,2,2
772,269,2,2
772,270,2,2
772,271,2,2
772,272,2,2
772,273,2,2
772,274,2,2
772,275,2,2
772,276,2,2
772,277,2,2
772,278,2,2
772,279,2,2
772,280,2,2
772,281,2,2
772,282,2,2
772,283,2,2
772,284,2,2
772,285,2,2
772,286,2,2
772,287,2,2
772,288,2,2
772,289,2,2
772,290,2,2
772,291,2,2
772,292,2,2
772,293,2,2
772,294,2,2
772,295,2,2
772,296,2,2
772,297,2,2
772,298,2,2
772,299,2,2
772,300,2,2
772,301,2,2
772,302,2,2
772,303,2,2
772,304,2,2
772,305,2,2
772,306,2,2
772,307,2,2
772,308,2,2
772,309,2,2
772,310,2,2
772,311,2,2
772,312,2,2
772,313,2,2
772,314,2,2
772,315,2,2
772,316,2,2
772,317,2,2
772,318,2,2
772,319,2,2
772,320,2,2
772,321,2,2
772,322,2,2
772,323,2,2
772,324,2,2
772,325,2,2
772,326,2,2
772,327,2,2
772,328,2,2
772,329,2,2
772,330,2,2
772,331,2,2
772,332,2,2
772,333,2,2
772,334,2,2
772,335,2,2
772,336,2,2
772,337,2,2
772,338,2,2
772,339,2,2
772,340,2,2
772,341,2,2
772,342,2,2
772,343,2,2
772,344,2,2
772,345,2,2
772,346,2,2
772,347,2,2
772,348,2,2
772,349,2,2
772,350,2,2
772,351,2,2
772,352,2,2
772,353,2,2
772,354,2,2
772,355,2,2
772,356,2,2
772,357,2,2
772,358,2,2
772,359,2,2
772,360,2,2
772,361,2,2
772,362,2,2
772,363,2,2
772,364,2,2
772,365,2,2
772,366,2,2
772,367,2,2
772,368,2,2
772,369,2,2
772,370,2,2
772,371,2,2
772,372,2,2
772,373,2,2
772,374,2,2
772,375,2,2
772,376,2,2
772,377,2,2
772,378,2,2
772,379,2,2
772,380,2,2
772,381,2,2
772,382,2,2
772,383,2,2
772,384,2,2
772,385,2,2
772,386,2,2
772,387,2,2
772,388,2,2
772,389,2,2
772,390,2,2
772,391,2,2
772,392,2,2
772,393,2,2
772,394,2,2
772,395,2,2
772,396,2,2
772,397,2,2
772,398,2,2
772,399,2,2
772,400,2,2
772,401,2,2
772,402,2,2
772,403,2,2
772,404,2,2
772,405,2,2
772,406,2,2
772,407,2,2
772,408,2,2
772,409,2,2
772,410,2,2
772,411,2,2
772,412,2,2
772,413,2,2
772,414,2,2
772,415,2,2
772,416,2,2
772,417,2,2
772,418,2,2
772,419,2,2
772,420,2,2
772,421,2,2
772,422,2,2
772,423,2,2
772,424,2,2
772,425,2,2
772,426,2,2
772,427,2,2
772,428,2,2
772,429,2,2
772,430,2,2
772,431,2,2
772,432,2,2
772,433,2,2
772,434,2,2
772,435,2,2
772,436,2,2
772,437,2,2
772,438,2,2
772,439,2,2
772,440,2,2
772,441,2,2
772,442,2,2
772,443,2,2
772,444,2,2
772,445,2,2
772,446,2,2
772,447,2,2
772,448,2,2
772,449,2,2
772,450,2,2
772,451,2,2
772,452,2,2
772,453,2,2
772,454,2,2
773,31,2,2
773,32,2,2
773,33,2,2
773,34,2,2
773,35,2,2
773,36,2,2
773,37,2,2
773,38,2,2
773,39,2,2
773,40,2,2
773,41,2,2
773,42,2,2
773,43,2,2
773,44,2,2
773,45,2,2
773,46,2,2
773,47,2,2
773,48,2,2
773,49,2,2
773,50,2,2
773,51,2,2
773,52,2,2
773,53,2,2
773,54,2,2
773,55,2,2
773,56,2,2
773,57,2,2
773,58,2,2
773,59,2,2
773,60,2,2
773,61,2,2
773,62,2,2
773,63,2,2
773,64,2,2
773,65,2,2
773,66,2,2
773,67,2,2
773,68,2,2
773,69,2,2
773,70,2,2
773,71,2,2
773,72,2,2
773,73,2,2
773,74,2,2
773,75,2,2
773,76,2,2
773,77,2,2
773,78,2,2
773,79,2,2
773,80,2,2
773,81,2,2
773,82,2,2
773,83,2,2
773,84,2,2
773,85,2,2
773,86,2,2
773,87,2,2
773,88,2,2
773,89,2,2
773,90,2,2
773,91,2,2
773,92,2,2
773,93,2,2
773,94,2,2
773,95,2,2
773,96,2,2
773,97,2,2
773,98,2,2
773,99,2,2
773,100,2,2
773,101,2,2
773,102,2,2
773,103,2,2
773,104,2,2
773,105,2,2
773,106,2,2
773,107,2,2
773,108,2,2
773,109,2,2
773,110,2,2
773,111,2,2
773,112,2,2
773,113,2,2
773,114,2,2
773,115,2,2
773,116,2,2
773,117,2,2
773,118,2,2
773,119,2,2
773,120,2,2
773,121,2,2
773,122,2,2
773,123,2,2
773,124,2,2
773,125,2,2
773,126,2,2
773,127,2,2
773,128,2,2
773,129,2,2
773,130,2,2
773,131,2,2
773,132,2,2
773,133,2,2
773,134,2,2
773,135,2,2
773,136,2,2
773,137,2,2
773,138,2,2
773,139,2,2
773,140,2,2
773,141,2,2
773,142,2,2
773,143,2,2
773,144,2,2
773,145,2,2
773,146,2,2
773,147,2,2
773,148,2,2
773,149,2,2
773,150,2,2
773,151,2,2
773,152,2,2
773,153,2,2
773,154,2,2
773,155,2,2
773,156,2,2
773,157,2,2
773,158,2,2
773,159,2,2
773,160,2,2
773,161,2,2
773,162,2,2
773,163,2,2
773,164,2,2
773,165,2,2
773,166,2,2
773,167,2,2
773,168,2,2
773,169,2,2
773,170,2,2
773,171,2,2
773,172,2,2
773,173,2,2
773,174,2,2
773,175,2,2
773,176,2,2
773,177,2,2
773,178,2,2
773,179,2,2
773,180,2,2
773,181,2,2
773,182,2,2
773,183,2,2
773,184,2,2
773,185,2,2
773,186,2,2
773,187,2,2
773,188,2,2
773,189,2,2
773,190,2,2
773,191,2,2
773,192,2,2
773,193,2,2
773,194,2,2
773,195,2,2
773,196,2,2
773,197,2,2
773,198,2,2
773,199,2,2
773,200,2,2
773,201,2,2
773,202,2,2
773,203,2,2
773,204,2,2
773,205,2,2
773,206,2,2
773,207,2,2
773,208,2,2
773,209,2,2
773,210,2,2
773,211,2,2
773,212,2,2
773,213,2,2
773,214,2,2
773,215,2,2
773,216,2,2
773,217,2,2
773,218,2,2
773,219,2,2
773,220,2,2
773,221,2,2
773,222,2,2
773,223,2,2
773,224,2,2
773,225,2,2
773,226,2,2
773,227,2,2
773,228,2,2
773,229,2,2
773,230,2,2
773,231,2,2
773,232,2,2
773,233,2,2
773,234,2,2
773,235,2,2
773,236,2,2
773,237,2,2
773,238,2,2
773,239,2,2
773,240,2,2
773,241,2,2
773,242,2,2
773,243,2,2
773,244,2,2
773,245,2,2
773,246,2,2
773,247,2,2
773,248,2,2
773,249,2,2
773,250,2,2
773,251,2,2
773,252,2,2
773,253,2,2
773,254,2,2
773,255,2,2
773,256,2,2
773,257,2,2
773,258,2,2
773,259,2,2
773,260,2,2
773,261,2,2
773,262,2,2
773,263,2,2
773,264,2,2
773,265,2,2
773,266,2,2
773,267,2,2
773,268,2,2
773,269,2,2
773,270,2,2
773,271,2,2
773,272,2,2
773,273,2,2
773,274,2,2
773,275,2,2
773,276,2,2
773,277,2,2
773,278,2,2
773,279,2,2
773,280,2,2
773,281,2,2
773,282,2,2
773,283,2,2
773,284,2,2
773,285,2,2
773,286,2,2
773,287,2,2
773,288,2,2
773,289,2,2
773,290,2,2
773,291,2,2
773,292,2,2
773,293,2,2
773,294,2,2
773,295,2,2
773,296,2,2
773,297,2,2
773,298,2,2
773,299,2,2
773,300,2,2
773,301,2,2
773,302,2,2
773,303,2,2
773,304,2,2
773,305,2,2
773,306,2,2
773,307,2,2
773,308,2,2
773,309,2,2
773,310,2,2
773,311,2,2
773,312,2,2
773,313,2,2
773,314,2,2
773,315,2,2
773,316,2,2
773,317,2,2
773,318,2,2
773,319,2,2
773,320,2,2
773,321,2,2
773,322,2,2
773,323,2,2
773,324,2,2
773,325,2,2
773,326,2,2
773,327,2,2
773,328,2,2
773,329,2,2
773,330,2,2
773,331,2,2
773,332,2,2
773,333,2,2
773,334,2,2
773,335,2,2
773,336,2,2
773,337,2,2
773,338,2,2
773,339,2,2
773,340,2,2
773,341,2,2
773,342,2,2
773,343,2,2
773,344,2,2
773,345,2,2
773,346,2,2
773,347,2,2
773,348,2,2
773,349,2,2
773,350,2,2
773,351,2,2
773,352,2,2
773,353,2,2
773,354,2,2
773,355,2,2
773,356,2,2
773,357,2,2
773,358,2,2
773,359,2,2
773,360,2,2
773,361,2,2
773,362,2,2
773,363,2,2
773,364,2,2
773,365,2,2
773,366,2,2
773,367,2,2
773,368,2,2
773,369,2,2
773,370,2,2
773,371,2,2
773,372,2,2
773,373,2,2
773,374,2,2
773,375,2,2
773,376,2,2
773,377,2,2
773,378,2,2
773,379,2,2
773,380,2,2
773,381,2,2
773,382,2,2
773,383,2,2
773,384,2,2
773,385,2,2
773,386,2,2
773,387,2,2
773,388,2,2
773,389,2,2
773,390,2,2
773,391,2,2
773,392,2,2
773,393,2,2
773,394,2,2
773,395,2,2
773,396,2,2
773,397,2,2
773,398,2,2
773,399,2,2
773,400,2,2
773,401,2,2
773,402,2,2
773,403,2,2
773,404,2,2
773,405,2,2
773,406,2,2
773,407,2,2
773,408,2,2
773,409,2,2
773,410,2,2
773,411,2,2
773,412,2,2
773,413,2,2
773,414,2,2
773,415,2,2
773,416,2,2
773,417,2,2
773,418,2,2
773,419,2,2
773,420,2,2
773,421,2,2
773,422,2,2
773,423,2,2
773,424,2,2
773,425,2,2
773,426,2,2
773,427,2,2
773,428,2,2
773,429,2,2
773,430,2,2
773,431,2,2
773,432,2,2
773,433,2,2
773,434,2,2
773,435,2,2
773,436,2,2
773,437,2,2
773,438,2,2
773,439,2,2
773,440,2,2
773,441,2,2
773,442,2,2
773,443,2,2
773,444,2,2
773,445,2,2
773,446,2,2
773,447,2,2
773,448,2,2
773,449,2,2
773,450,2,2
773,451,2,2
773,452,2,2
773,453,2,2
773,454,2,2
773,455,2,2
774,31,2,2
774,32,2,2
774,33,2,2
774,34,2,2
774,35,2,2
774,36,2,2
774,37,2,2
774,38,2,2
774,39,2,2
774,40,2,2
774,41,2,2
774,42,2,2
774,43,2,2
774,44,2,2
774,45,2,2
774,46,2,2
774,47,2,2
774,48,2,2
774,49,2,2
774,50,2,2
774,51,2,2
774,52,2,2
774,53,2,2
774,54,2,2
774,55,2,2
774,56,2,2
774,57,2,2
774,58,2,2
774,59,2,2
774,60,2,2
774,61,2,2
774,62,2,2
774,63,2,2
774,64,2,2
774,65,2,2
774,66,2,2
774,67,2,2
774,68,2,2
774,69,2,2
774,70,2,2
774,71,2,2
774,72,2,2
774,73,2,2
774,74,2,2
774,75,2,2
774,76,2,2
774,77,2,2
774,78,2,2
774,79,2,2
774,80,2,2
774,81,2,2
774,82,2,2
774,83,2,2
774,84,2,2
774,85,2,2
774,86,2,2
774,87,2,2
774,88,2,2
774,89,2,2
774,90,2,2
774,91,2,2
774,92,2,2
774,93,2,2
774,94,2,2
774,95,2,2
774,96,2,2
774,97,2,2
774,98,2,2
774,99,2,2
774,100,2,2
774,101,2,2
774,102,2,2
774,103,2,2
774,104,2,2
774,105,2,2
774,106,2,2
774,107,2,2
774,108,2,2
774,109,2,2
774,110,2,2
774,111,2,2
774,112,2,2
774,113,2,2
774,114,2,2
774,115,2,2
774,116,2,2
774,117,2,2
774,118,2,2
774,119,2,2
774,120,2,2
774,121,2,2
774,122,2,2
774,123,2,2
774,124,2,2
774,125,2,2
774,126,2,2
774,127,2,2
774,128,2,2
774,129,2,2
774,130,2,2
774,131,2,2
774,132,2,2
774,133,2,2
774,134,2,2
774,135,2,2
774,136,2,2
774,137,2,2
774,138,2,2
774,139,2,2
774,140,2,2
774,141,2,2
774,142,2,2
774,143,2,2
774,144,2,2
774,145,2,2
774,146,2,2
774,147,2,2
774,148,2,2
774,149,2,2
774,150,2,2
774,151,2,2
774,152,2,2
774,153,2,2
774,154,2,2
774,155,2,2
774,156,2,2
774,157,2,2
774,158,2,2
774,159,2,2
774,160,2,2
774,161,2,2
774,162,2,2
774,163,2,2
774,164,2,2
774,165,2,2
774,166,2,2
774,167,2,2
774,168,2,2
774,169,2,2
774,170,2,2
774,171,2,2
774,172,2,2
774,173,2,2
774,174,2,2
774,175,2,2
774,176,2,2
774,177,2,2
774,178,2,2
774,179,2,2
774,180,2,2
774,181,2,2
774,182,2,2
774,183,2,2
774,184,2,2
774,185,2,2
774,186,2,2
774,187,2,2
774,188,2,2
774,189,2,2
774,190,2,2
774,191,2,2
774,192,2,2
774,193,2,2
774,194,2,2
774,195,2,2
774,196,2,2
774,197,2,2
774,198,2,2
774,199,2,2
774,200,2,2
774,201,2,2
774,202,2,2
774,203,2,2
774,204,2,2
774,205,2,2
774,206,2,2
774,207,2,2
774,208,2,2
774,209,2,2
774,210,2,2
774,211,2,2
774,212,2,2
774,213,2,2
774,214,2,2
774,215,2,2
774,216,2,2
774,217,2,2
774,218,2,2
774,219,2,2
774,220,2,2
774,221,2,2
774,222,2,2
774,223,2,2
774,224,2,2
774,225,2,2
774,226,2,2
774,227,2,2
774,228,2,2
774,229,2,2
774,230,2,2
774,231,2,2
774,232,2,2
774,233,2,2
774,234,2,2
774,235,2,2
774,236,2,2
774,237,2,2
774,238,2,2
774,239,2,2
774,240,2,2
774,241,2,2
774,242,2,2
774,243,2,2
774,244,2,2
774,245,2,2
774,246,2,2
774,247,2,2
774,248,2,2
774,249,2,2
774,250,2,2
774,251,2,2
774,252,2,2
774,253,2,2
774,254,2,2
774,255,2,2
774,256,2,2
774,257,2,2
774,258,2,2
774,259,2,2
774,260,2,2
774,261,2,2
774,262,2,2
774,263,2,2
774,264,2,2
774,265,2,2
774,266,2,2
774,267,2,2
774,268,2,2
774,269,2,2
774,270,2,2
774,271,2,2
774,272,2,2
774,273,2,2
774,274,2,2
774,275,2,2
774,276,2,2
774,277,2,2
774,278,2,2
774,279,2,2
774,280,2,2
774,281,2,2
774,282,2,2
774,283,2,2
774,284,2,2
774,285,2,2
774,286,2,2
774,287,2,2
774,288,2,2
774,289,2,2
774,290,2,2
774,291,2,2
774,292,2,2
774,293,2,2
774,294,2,2
774,295,2,2
774,296,2,2
774,297,2,2
774,298,2,2
774,299,2,2
774,300,2,2
774,301,2,2
774,302,2,2
774,303,2,2
774,304,2,2
774,305,2,2
774,306,2,2
774,307,2,2
774,308,2,2
774,309,2,2
774,310,2,2
774,311,2,2
774,312,2,2
774,313,2,2
774,314,2,2
774,315,2,2
774,316,2,2
774,317,2,2
774,318,2,2
774,319,2,2
774,320,2,2
774,321,2,2
774,322,2,2
774,323,2,2
774,324,2,2
774,325,2,2
774,326,2,2
774,327,2,2
774,328,2,2
774,329,2,2
774,330,2,2
774,331,2,2
774,332,2,2
774,333,2,2
774,334,2,2
774,335,2,2
774,336,2,2
774,337,2,2
774,338,2,2
774,339,2,2
774,340,2,2
774,341,2,2
774,342,2,2
774,343,2,2
774,344,2,2
774,345,2,2
774,346,2,2
774,347,2,2
774,348,2,2
774,349,2,2
774,350,2,2
774,351,2,2
774,352,2,2
774,353,2,2
774,354,2,2
774,355,2,2
774,356,2,2
774,357,2,2
774,358,2,2
774,359,2,2
774,360,2,2
774,361,2,2
774,362,2,2
774,363,2,2
774,364,2,2
774,365,2,2
774,366,2,2
774,367,2,2
774,368,2,2
774,369,2,2
774,370,2,2
774,371,2,2
774,372,2,2
774,373,2,2
774,374,2,2
774,375,2,2
774,376,2,2
774,377,2,2
774,378,2,2
774,379,2,2
774,380,2,2
774,381,2,2
774,382,2,2
774,383,2,2
774,384,2,2
774,385,2,2
774,386,2,2
774,387,2,2
774,388,2,2
774,389,2,2
774,390,2,2
774,391,2,2
774,392,2,2
774,393,2,2
774,394,2,2
774,395,2,2
774,396,2,2
774,397,2,2
774,398,2,2
774,399,2,2
774,400,2,2
774,401,2,2
774,402,2,2
774,403,2,2
774,404,2,2
774,405,2,2
774,406,2,2
774,407,2,2
774,408,2,2
774,409,2,2
774,410,2,2
774,411,2,2
774,412,2,2
774,413,2,2
774,414,2,2
774,415,2,2
774,416,2,2
774,417,2,2
774,418,2,2
774,419,2,2
774,420,2,2
774,421,2,2
774,422,2,2
774,423,2,2
774,424,2,2
774,425,2,2
774,426,2,2
774,427,2,2
774,428,2,2
774,429,2,2
774,430,2,2
774,431,2,2
774,432,2,2
774,433,2,2
774,434,2,2
774,435,2,2
774,436,2,2
774,437,2,2
774,438,2,2
774,439,2,2
774,440,2,2
774,441,2,2
774,442,2,2
774,443,2,2
774,444,2,2
774,445,2,2
774,446,2,2
774,447,2,2
774,448,2,2
774,449,2,2
774,450,2,2
774,451,2,2
774,452,2,2
774,453,2,2
774,454,2,2
774,455,2,2
775,31,2,2
775,32,2,2
775,33,2,2
775,34,2,2
775,35,2,2
775,36,2,2
775,37,2,2
775,38,2,2
775,39,2,2
775,40,2,2
775,41,2,2
775,42,2,2
775,43,2,2
775,44,2,2
775,45,2,2
775,46,2,2
775,47,2,2
775,48,2,2
775,49,2,2
775,50,2,2
775,51,2,2
775,52,2,2
775,53,2,2
775,54,2,2
775,55,2,2
775,56,2,2
775,57,2,2
775,58,2,2
775,59,2,2
775,60,2,2
775,61,2,2
775,62,2,2
775,63,2,2
775,64,2,2
775,65,2,2
775,66,2,2
775,67,2,2
775,68,2,2
775,69,2,2
775,70,2,2
775,71,2,2
775,72,2,2
775,73,2,2
775,74,2,2
775,75,2,2
775,76,2,2
775,77,2,2
775,78,2,2
775,79,2,2
775,80,2,2
775,81,2,2
775,82,2,2
775,83,2,2
775,84,2,2
775,85,2,2
775,86,2,2
775,87,2,2
775,88,2,2
775,89,2,2
775,90,2,2
775,91,2,2
775,92,2,2
775,93,2,2
775,94,2,2
775,95,2,2
775,96,2,2
775,97,2,2
775,98,2,2
775,99,2,2
775,100,2,2
775,101,2,2
775,102,2,2
775,103,2,2
775,104,2,2
775,105,2,2
775,106,2,2
775,107,2,2
775,108,2,2
775,109,2,2
775,110,2,2
775,111,2,2
775,112,2,2
775,113,2,2
775,114,2,2
775,115,2,2
775,116,2,2
775,117,2,2
775,118,2,2
775,119,2,2
775,120,2,2
775,121,2,2
775,122,2,2
775,123,2,2
775,124,2,2
775,125,2,2
775,126,2,2
775,127,2,2
775,128,2,2
775,129,2,2
775,130,2,2
775,131,2,2
775,132,2,2
775,133,2,2
775,134,2,2
775,135,2,2
775,136,2,2
775,137,2,2
775,138,2,2
775,139,2,2
775,140,2,2
775,141,2,2
775,142,2,2
775,143,2,2
775,144,2,2
775,145,2,2
775,146,2,2
775,147,2,2
775,148,2,2
775,149,2,2
775,150,2,2
775,151,2,2
775,152,2,2
775,153,2,2
775,154,2,2
775,155,2,2
775,156,2,2
775,157,2,2
775,158,2,2
775,159,2,2
775,160,2,2
775,161,2,2
775,162,2,2
775,163,2,2
775,164,2,2
775,165,2,2
775,166,2,2
775,167,2,2
775,168,2,2
775,169,2,2
775,170,2,2
775,171,2,2
775,172,2,2
775,173,2,2
775,174,2,2
775,175,2,2
775,176,2,2
775,177,2,2
775,178,2,2
775,179,2,2
775,180,2,2
775,181,2,2
775,182,2,2
775,183,2,2
775,184,2,2
775,185,2,2
775,186,2,2
775,187,2,2
775,188,2,2
775,189,2,2
775,190,2,2
775,191,2,2
775,192,2,2
775,193,2,2
775,194,2,2
775,195,2,2
775,196,2,2
775,197,2,2
775,198,2,2
775,199,2,2
775,200,2,2
775,201,2,2
775,202,2,2
775,203,2,2
775,204,2,2
775,205,2,2
775,206,2,2
775,207,2,2
775,208,2,2
775,209,2,2
775,210,2,2
775,211,2,2
775,212,2,2
775,213,2,2
775,214,2,2
775,215,2,2
775,216,2,2
775,217,2,2
775,218,2,2
775,219,2,2
775,220,2,2
775,221,2,2
775,222,2,2
775,223,2,2
775,224,2,2
775,225,2,2
775,226,2,2
775,227,2,2
775,228,2,2
775,229,2,2
775,230,2,2
775,231,2,2
775,232,2,2
775,233,2,2
775,234,2,2
775,235,2,2
775,236,2,2
775,237,2,2
775,238,2,2
775,239,2,2
775,240,2,2
775,241,2,2
775,242,2,2
775,243,2,2
775,244,2,2
775,245,2,2
775,246,2,2
775,247,2,2
775,248,2,2
775,249,2,2
775,250,2,2
775,251,2,2
775,252,2,2
775,253,2,2
775,254,2,2
775,255,2,2
775,256,2,2
775,257,2,2
775,258,2,2
775,259,2,2
775,260,2,2
775,261,2,2
775,262,2,2
775,263,2,2
775,264,2,2
775,265,2,2
775,266,2,2
775,267,2,2
775,268,2,2
775,269,2,2
775,270,2,2
775,271,2,2
775,272,2,2
775,273,2,2
775,274,2,2
775,275,2,2
775,276,2,2
775,277,2,2
775,278,2,2
775,279,2,2
775,280,2,2
775,281,2,2
775,282,2,2
775,283,2,2
775,284,2,2
775,285,2,2
775,286,2,2
775,287,2,2
775,288,2,2
775,289,2,2
775,290,2,2
775,291,2,2
775,292,2,2
775,293,2,2
775,294,2,2
775,295,2,2
775,296,2,2
775,297,2,2
775,298,2,2
775,299,2,2
775,300,2,2
775,301,2,2
775,302,2,2
775,303,2,2
775,304,2,2
775,305,2,2
775,306,2,2
775,307,2,2
775,308,2,2
775,309,2,2
775,310,2,2
775,311,2,2
775,312,2,2
775,313,2,2
775,314,2,2
775,315,2,2
775,316,2,2
775,317,2,2
775,318,2,2
775,319,2,2
775,320,2,2
775,321,2,2
775,322,2,2
775,323,2,2
775,324,2,2
775,325,2,2
775,326,2,2
775,327,2,2
775,328,2,2
775,329,2,2
775,330,2,2
775,331,2,2
775,332,2,2
775,333,2,2
775,334,2,2
775,335,2,2
775,336,2,2
775,337,2,2
775,338,2,2
775,339,2,2
775,340,2,2
775,341,2,2
775,342,2,2
775,343,2,2
775,344,2,2
775,345,2,2
775,346,2,2
775,347,2,2
775,348,2,2
775,349,2,2
775,350,2,2
775,351,2,2
775,352,2,2
775,353,2,2
775,354,2,2
775,355,2,2
775,356,2,2
775,357,2,2
775,358,2,2
775,359,2,2
775,360,2,2
775,361,2,2
775,362,2,2
775,363,2,2
775,364,2,2
775,365,2,2
775,366,2,2
775,367,2,2
775,368,2,2
775,369,2,2
775,370,2,2
775,371,2,2
775,372,2,2
775,373,2,2
775,374,2,2
775,375,2,2
775,376,2,2
775,377,2,2
775,378,2,2
775,379,2,2
775,380,2,2
775,381,2,2
775,382,2,2
775,383,2,2
775,384,2,2
775,385,2,2
775,386,2,2
775,387,2,2
775,388,2,2
775,389,2,2
775,390,2,2
775,391,2,2
775,392,2,2
775,393,2,2
775,394,2,2
775,395,2,2
775,396,2,2
775,397,2,2
775,398,2,2
775,399,2,2
775,400,2,2
775,401,2,2
775,402,2,2
775,403,2,2
775,404,2,2
775,405,2,2
775,406,2,2
775,407,2,2
775,408,2,2
775,409,2,2
775,410,2,2
775,411,2,2
775,412,2,2
775,413,2,2
775,414,2,2
775,415,2,2
775,416,2,2
775,417,2,2
775,418,2,2
775,419,2,2
775,420,2,2
775,421,2,2
775,422,2,2
775,423,2,2
775,424,2,2
775,425,2,2
775,426,2,2
775,427,2,2
775,428,2,2
775,429,2,2
775,430,2,2
775,431,2,2
775,432,2,2
775,433,2,2
775,434,2,2
775,435,2,2
775,436,2,2
775,437,2,2
775,438,2,2
775,439,2,2
775,440,2,2
775,441,2,2
775,442,2,2
775,443,2,2
775,444,2,2
775,445,2,2
775,446,2,2
775,447,2,2
775,448,2,2
775,449,2,2
775,450,2,2
775,451,2,2
775,452,2,2
775,453,2,2
775,454,2,2
775,455,2,2
775,456,2,3
776,31,2,2
776,32,2,2
776,33,2,2
776,34,2,2
776,35,2,2
776,36,2,2
776,37,2,2
776,38,2,2
776,39,2,2
776,40,2,2
776,41,2,2
776,42,2,2
776,43,2,2
776,44,2,2
776,45,2,2
776,46,2,2
776,47,2,2
776,48,2,2
776,49,2,2
776,50,2,2
776,51,2,2
776,52,2,2
776,53,2,2
776,54,2,2
776,55,2,2
776,56,2,2
776,57,2,2
776,58,2,2
776,59,2,2
776,60,2,2
776,61,2,2
776,62,2,2
776,63,2,2
776,64,2,2
776,65,2,2
776,66,2,2
776,67,2,2
776,68,2,2
776,69,2,2
776,70,2,2
776,71,2,2
776,72,2,2
776,73,2,2
776,74,2,2
776,75,2,2
776,76,2,2
776,77,2,2
776,78,2,2
776,79,2,2
776,80,2,2
776,81,2,2
776,82,2,2
776,83,2,2
776,84,2,2
776,85,2,2
776,86,2,2
776,87,2,2
776,88,2,2
776,89,2,2
776,90,2,2
776,91,2,2
776,92,2,2
776,93,2,2
776,94,2,2
776,95,2,2
776,96,2,2
776,97,2,2
776,98,2,2
776,99,2,2
776,100,2,2
776,101,2,2
776,102,2,2
776,103,2,2
776,104,2,2
776,105,2,2
776,106,2,2
776,107,2,2
776,108,2,2
776,109,2,2
776,110,2,2
776,111,2,2
776,112,2,2
776,113,2,2
776,114,2,2
776,115,2,2
776,116,2,2
776,117,2,2
776,118,2,2
776,119,2,2
776,120,2,2
776,121,2,2
776,122,2,2
776,123,2,2
776,124,2,2
776,125,2,2
776,126,2,2
776,127,2,2
776,128,2,2
776,129,2,2
776,130,2,2
776,131,2,2
776,132,2,2
776,133,2,2
776,134,2,2
776,135,2,2
776,136,2,2
776,137,2,2
776,138,2,2
776,139,2,2
776,140,2,2
776,141,2,2
776,142,2,2
776,143,2,2
776,144,2,2
776,145,2,2
776,146,2,2
776,147,2,2
776,148,2,2
776,149,2,2
776,150,2,2
776,151,2,2
776,152,2,2
776,153,2,2
776,154,2,2
776,155,2,2
776,156,2,2
776,157,2,2
776,158,2,2
776,159,2,2
776,160,2,2
776,161,2,2
776,162,2,2
776,163,2,2
776,164,2,2
776,165,2,2
776,166,2,2
776,167,2,2
776,168,2,2
776,169,2,2
776,170,2,2
776,171,2,2
776,172,2,2
776,173,2,2
776,174,2,2
776,175,2,2
776,176,2,2
776,177,2,2
776,178,2,2
776,179,2,2
776,180,2,2
776,181,2,2
776,182,2,2
776,183,2,2
776,184,2,2
776,185,2,2
776,186,2,2
776,187,2,2
776,188,2,2
776,189,2,2
776,190,2,2
776,191,2,2
776,192,2,2
776,193,2,2
776,194,2,2
776,195,2,2
776,196,2,2
776,197,2,2
776,198,2,2
776,199,2,2
776,200,2,2
776,201,2,2
776,202,2,2
776,203,2,2
776,204,2,2
776,205,2,2
776,206,2,2
776,207,2,2
776,208,2,2
776,209,2,2
776,210,2,2
776,211,2,2
776,212,2,2
776,213,2,2
776,214,2,2
776,215,2,2
776,216,2,2
776,217,2,2
776,218,2,2
776,219,2,2
776,220,2,2
776,221,2,2
776,222,2,2
776,223,2,2
776,224,2,2
776,225,2,2
776,226,2,2
776,227,2,2
776,228,2,2
776,229,2,2
776,230,2,2
776,231,2,2
776,232,2,2
776,233,2,2
776,234,2,2
776,235,2,2
776,236,2,2
776,237,2,2
776,238,2,2
776,239,2,2
776,240,2,2
776,241,2,2
776,242,2,2
776,243,2,2
776,244,2,2
776,245,2,2
776,246,2,2
776,247,2,2
776,248,2,2
776,249,2,2
776,250,2,2
776,251,2,2
776,252,2,2
776,253,2,2
776,254,2,2
776,255,2,2
776,256,2,2
776,257,2,2
776,258,2,2
776,259,2,2
776,260,2,2
776,261,2,2
776,262,2,2
776,263,2,2
776,264,2,2
776,265,2,2
776,266,2,2
776,267,2,2
776,268,2,2
776,269,2,2
776,270,2,2
776,271,2,2
776,272,2,2
776,273,2,2
776,274,2,2
776,275,2,2
776,276,2,2
776,277,2,2
776,278,2,2
776,279,2,2
776,280,2,2
776,281,2,2
776,282,2,2
776,283,2,2
776,284,2,2
776,285,2,2
776,286,2,2
776,287,2,2
776,288,2,2
776,289,2,2
776,290,2,2
776,291,2,2
776,292,2,2
776,293,2,2
776,294,2,2
776,295,2,2
776,296,2,2
776,297,2,2
776,298,2,2
776,299,2,2
776,300,2,2
776,301,2,2
776,302,2,2
776,303,2,2
776,304,2,2
776,305,2,2
776,306,2,2
776,307,2,2
776,308,2,2
776,309,2,2
776,310,2,2
776,311,2,2
776,312,2,2
776,313,2,2
776,314,2,2
776,315,2,2
776,316,2,2
776,317,2,2
776,318,2,2
776,319,2,2
776,320,2,2
776,321,2,2
776,322,2,2
776,323,2,2
776,324,2,2
776,325,2,2
776,326,2,2
776,327,2,2
776,328,2,2
776,329,2,2
776,330,2,2
776,331,2,2
776,332,2,2
776,333,2,2
776,334,2,2
776,335,2,2
776,336,2,2
776,337,2,2
776,338,2,2
776,339,2,2
776,340,2,2
776,341,2,2
776,342,2,2
776,343,2,2
776,344,2,2
776,345,2,2
776,346,2,2
776,347,2,2
776,348,2,2
776,349,2,2
776,350,2,2
776,351,2,2
776,352,2,2
776,353,2,2
776,354,2,2
776,355,2,2
776,356,2,2
776,357,2,2
776,358,2,2
776,359,2,2
776,360,2,2
776,361,2,2
776,362,2,2
776,363,2,2
776,364,2,2
776,365,2,2
776,366,2,2
776,367,2,2
776,368,2,2
776,369,2,2
776,370,2,2
776,371,2,2
776,372,2,2
776,373,2,2
776,374,2,2
776,375,2,2
776,376,2,2
776,377,2,2
776,378,2,2
776,379,2,2
776,380,2,2
776,381,2,2
776,382,2,2
776,383,2,2
776,384,2,2
776,385,2,2
776,386,2,2
776,387,2,2
776,388,2,2
776,389,2,2
776,390,2,2
776,391,2,2
776,392,2,2
776,393,2,2
776,394,2,2
776,395,2,2
776,396,2,2
776,397,2,2
776,398,2,2
776,399,2,2
776,400,2,2
776,401,2,2
776,402,2,2
776,403,2,2
776,404,2,2
776,405,2,2
776,406,2,2
776,407,2,2
776,408,2,2
776,409,2,2
776,410,2,2
776,411,2,2
776,412,2,2
776,413,2,2
776,414,2,2
776,415,2,2
776,416,2,2
776,417,2,2
776,418,2,2
776,419,2,2
776,420,2,2
776,421,2,2
776,422,2,2
776,423,2,2
776,424,2,2
776,425,2,2
776,426,2,2
776,427,2,2
776,428,2,2
776,429,2,2
776,430,2,2
776,431,2,2
776,432,2,2
776,433,2,2
776,434,2,2
776,435,2,2
776,436,2,2
776,437,2,2
776,438,2,2
776,439,2,2
776,440,2,2
776,441,2,2
776,442,2,2
776,443,2,2
776,444,2,2
776,445,2,2
776,446,2,2
776,447,2,2
776,448,2,2
776,449,2,2
776,450,2,2
776,451,2,2
776,452,2,2
776,453,2,2
776,454,2,2
776,455,2,2
776,456,2,3
777,32,2,2
777,33,2,2
777,34,2,2
777,35,2,2
777,36,2,2
777,37,2,2
777,38,2,2
777,39,2,2
777,40,2,2
777,41,2,2
777,42,2,2
777,43,2,2
777,44,2,2
777,45,2,2
777,46,2,2
777,47,2,2
777,48,2,2
777,49,2,2
777,50,2,2
777,51,2,2
777,52,2,2
777,53,2,2
777,54,2,2
777,55,2,2
777,56,2,2
777,57,2,2
777,58,2,2
777,59,2,2
777,60,2,2
777,61,2,2
777,62,2,2
777,63,2,2
777,64,2,2
777,65,2,2
777,66,2,2
777,67,2,2
777,68,2,2
777,69,2,2
777,70,2,2
777,71,2,2
777,72,2,2
777,73,2,2
777,74,2,2
777,75,2,2
777,76,2,2
777,77,2,2
777,78,2,2
777,79,2,2
777,80,2,2
777,81,2,2
777,82,2,2
777,83,2,2
777,84,2,2
777,85,2,2
777,86,2,2
777,87,2,2
777,88,2,2
777,89,2,2
777,90,2,2
777,91,2,2
777,92,2,2
777,93,2,2
777,94,2,2
777,95,2,2
777,96,2,2
777,97,2,2
777,98,2,2
777,99,2,2
777,100,2,2
777,101,2,2
777,102,2,2
777,103,2,2
777,104,2,2
777,105,2,2
777,106,2,2
777,107,2,2
777,108,2,2
777,109,2,2
777,110,2,2
777,111,2,2
777,112,2,2
777,113,2,2
777,114,2,2
777,115,2,2
777,116,2,2
777,117,2,2
777,118,2,2
777,119,2,2
777,120,2,2
777,121,2,2
777,122,2,2
777,123,2,2
777,124,2,2
777,125,2,2
777,126,2,2
777,127,2,2
777,128,2,2
777,129,2,2
777,130,2,2
777,131,2,2
777,132,2,2
777,133,2,2
777,134,2,2
777,135,2,2
777,136,2,2
777,137,2,2
777,138,2,2
777,139,2,2
777,140,2,2
777,141,2,2
777,142,2,2
777,143,2,2
777,144,2,2
777,145,2,2
777,146,2,2
777,147,2,2
777,148,2,2
777,149,2,2
777,150,2,2
777,151,2,2
777,152,2,2
777,153,2,2
777,154,2,2
777,155,2,2
777,156,2,2
777,157,2,2
777,158,2,2
777,159,2,2
777,160,2,2
777,161,2,2
777,162,2,2
777,163,2,2
777,164,2,2
777,165,2,2
777,166,2,2
777,167,2,2
777,168,2,2
777,169,2,2
777,170,2,2
777,171,2,2
777,172,2,2
777,173,2,2
777,174,2,2
777,175,2,2
777,176,2,2
777,177,2,2
777,178,2,2
777,179,2,2
777,180,2,2
777,181,2,2
777,182,2,2
777,183,2,2
777,184,2,2
777,185,2,2
777,186,2,2
777,187,2,2
777,188,2,2
777,189,2,2
777,190,2,2
777,191,2,2
777,192,2,2
777,193,2,2
777,194,2,2
777,195,2,2
777,196,2,2
777,197,2,2
777,198,2,2
777,199,2,2
777,200,2,2
777,201,2,2
777,202,2,2
777,203,2,2
777,204,2,2
777,205,2,2
777,206,2,2
777,207,2,2
777,208,2,2
777,209,2,2
777,210,2,2
777,211,2,2
777,212,2,2
777,213,2,2
777,214,2,2
777,215,2,2
777,216,2,2
777,217,2,2
777,218,2,2
777,219,2,2
777,220,2,2
777,221,2,2
777,222,2,2
777,223,2,2
777,224,2,2
777,225,2,2
777,226,2,2
777,227,2,2
777,228,2,2
777,229,2,2
777,230,2,2
777,231,2,2
777,232,2,2
777,233,2,2
777,234,2,2
777,235,2,2
777,236,2,2
777,237,2,2
777,238,2,2
777,239,2,2
777,240,2,2
777,241,2,2
777,242,2,2
777,243,2,2
777,244,2,2
777,245,2,2
777,246,2,2
777,247,2,2
777,248,2,2
777,249,2,2
777,250,2,2
777,251,2,2
777,252,2,2
777,253,2,2
777,254,2,2
777,255,2,2
777,256,2,2
777,257,2,2
777,258,2,2
777,259,2,2
777,260,2,2
777,261,2,2
777,262,2,2
777,263,2,2
777,264,2,2
777,265,2,2
777,266,2,2
777,267,2,2
777,268,2,2
777,269,2,2
777,270,2,2
777,271,2,2
777,272,2,2
777,273,2,2
777,274,2,2
777,275,2,2
777,276,2,2
777,277,2,2
777,278,2,2
777,279,2,2
777,280,2,2
777,281,2,2
777,282,2,2
777,283,2,2
777,284,2,2
777,285,2,2
777,286,2,2
777,287,2,2
777,288,2,2
777,289,2,2
777,290,2,2
777,291,2,2
777,292,2,2
777,293,2,2
777,294,2,2
777,295,2,2
777,296,2,2
777,297,2,2
777,298,2,2
777,299,2,2
777,300,2,2
777,301,2,2
777,302,2,2
777,303,2,2
777,304,2,2
777,305,2,2
777,306,2,2
777,307,2,2
777,308,2,2
777,309,2,2
777,310,2,2
777,311,2,2
777,312,2,2
777,313,2,2
777,314,2,2
777,315,2,2
777,316,2,2
777,317,2,2
777,318,2,2
777,319,2,2
777,320,2,2
777,321,2,2
777,322,2,2
777,323,2,2
777,324,2,2
777,325,2,2
777,326,2,2
777,327,2,2
777,328,2,2
777,329,2,2
777,330,2,2
777,331,2,2
777,332,2,2
777,333,2,2
777,334,2,2
777,335,2,2
777,336,2,2
777,337,2,2
777,338,2,2
777,339,2,2
777,340,2,2
777,341,2,2
777,342,2,2
777,343,2,2
777,344,2,2
777,345,2,2
777,346,2,2
777,347,2,2
777,348,2,2
777,349,2,2
777,350,2,2
777,351,2,2
777,352,2,2
777,353,2,2
777,354,2,2
777,355,2,2
777,356,2,2
777,357,2,2
777,358,2,2
777,359,2,2
777,360,2,2
777,361,2,2
777,362,2,2
777,363,2,2
777,364,2,2
777,365,2,2
777,366,2,2
777,367,2,2
777,368,2,2
777,369,2,2
777,370,2,2
777,371,2,2
777,372,2,2
777,373,2,2
777,374,2,2
777,375,2,2
777,376,2,2
777,377,2,2
777,378,2,2
777,379,2,2
777,380,2,2
777,381,2,2
777,382,2,2
777,383,2,2
777,384,2,2
777,385,2,2
777,386,2,2
777,387,2,2
777,388,2,2
777,389,2,2
777,390,2,2
777,391,2,2
777,392,2,2
777,393,2,2
777,394,2,2
777,395,2,2
777,396,2,2
777,397,2,2
777,398,2,2
777,399,2,2
777,400,2,2
777,401,2,2
777,402,2,2
777,403,2,2
777,404,2,2
777,405,2,2
777,406,2,2
777,407,2,2
777,408,2,2
777,409,2,2
777,410,2,2
777,411,2,2
777,412,2,2
777,413,2,2
777,414,2,2
777,415,2,2
777,416,2,2
777,417,2,2
777,418,2,2
777,419,2,2
777,420,2,2
777,421,2,2
777,422,2,2
777,423,2,2
777,424,2,2
777,425,2,2
777,426,2,2
777,427,2,2
777,428,2,2
777,429,2,2
777,430,2,2
777,431,2,2
777,432,2,2
777,433,2,2
777,434,2,2
777,435,2,2
777,436,2,2
777,437,2,2
777,438,2,2
777,439,2,2
777,440,2,2
777,441,2,2
777,442,2,2
777,443,2,2
777,444,2,2
777,445,2,2
777,446,2,2
777,447,2,2
777,448,2,2
777,449,2,2
777,450,2,2
777,451,2,2
777,452,2,2
777,453,2,2
777,454,2,2
777,455,2,2
777,456,2,3
777,457,2,3
778,32,2,2
778,33,2,2
778,34,2,2
778,35,2,2
778,36,2,2
778,37,2,2
778,38,2,2
778,39,2,2
778,40,2,2
778,41,2,2
778,42,2,2
778,43,2,2
778,44,2,2
778,45,2,2
778,46,2,2
778,47,2,2
778,48,2,2
778,49,2,2
778,50,2,2
778,51,2,2
778,52,2,2
778,53,2,2
778,54,2,2
778,55,2,2
778,56,2,2
778,57,2,2
778,58,2,2
778,59,2,2
778,60,2,2
778,61,2,2
778,62,2,2
778,63,2,2
778,64,2,2
778,65,2,2
778,66,2,2
778,67,2,2
778,68,2,2
778,69,2,2
778,70,2,2
778,71,2,2
778,72,2,2
778,73,2,2
778,74,2,2
778,75,2,2
778,76,2,2
778,77,2,2
778,78,2,2
778,79,2,2
778,80,2,2
778,81,2,2
778,82,2,2
778,83,2,2
778,84,2,2
778,85,2,2
778,86,2,2
778,87,2,2
778,88,2,2
778,89,2,2
778,90,2,2
778,91,2,2
778,92,2,2
778,93,2,2
778,94,2,2
778,95,2,2
778,96,2,2
778,97,2,2
778,98,2,2
778,99,2,2
778,100,2,2
778,101,2,2
778,102,2,2
778,103,2,2
778,104,2,2
778,105,2,2
778,106,2,2
778,107,2,2
778,108,2,2
778,109,2,2
778,110,2,2
778,111,2,2
778,112,2,2
778,113,2,2
778,114,2,2
778,115,2,2
778,116,2,2
778,117,2,2
778,118,2,2
778,119,2,2
778,120,2,2
778,121,2,2
778,122,2,2
778,123,2,2
778,124,2,2
778,125,2,2
778,126,2,2
778,127,2,2
778,128,2,2
778,129,2,2
778,130,2,2
778,131,2,2
778,132,2,2
778,133,2,2
778,134,2,2
778,135,2,2
778,136,2,2
778,137,2,2
778,138,2,2
778,139,2,2
778,140,2,2
778,141,2,2
778,142,2,2
778,143,2,2
778,144,2,2
778,145,2,2
778,146,2,2
778,147,2,2
778,148,2,2
778,149,2,2
778,150,2,2
778,151,2,2
778,152,2,2
778,153,2,2
778,154,2,2
778,155,2,2
778,156,2,2
778,157,2,2
778,158,2,2
778,159,2,2
778,160,2,2
778,161,2,2
778,162,2,2
778,163,2,2
778,164,2,2
778,165,2,2
778,166,2,2
778,167,2,2
778,168,2,2
778,169,2,2
778,170,2,2
778,171,2,2
778,172,2,2
778,173,2,2
778,174,2,2
778,175,2,2
778,176,2,2
778,177,2,2
778,178,2,2
778,179,2,2
778,180,2,2
778,181,2,2
778,182,2,2
778,183,2,2
778,184,2,2
778,185,2,2
778,186,2,2
778,187,2,2
778,188,2,2
778,189,2,2
778,190,2,2
778,191,2,2
778,192,2,2
778,193,2,2
778,194,2,2
778,195,2,2
778,196,2,2
778,197,2,2
778,198,2,2
778,199,2,2
778,200,2,2
778,201,2,2
778,202,2,2
778,203,2,2
778,204,2,2
778,205,2,2
778,206,2,2
778,207,2,2
778,208,2,2
778,209,2,2
778,210,2,2
778,211,2,2
778,212,2,2
778,213,2,2
778,214,2,2
778,215,2,2
778,216,2,2
778,217,2,2
778,218,2,2
778,219,2,2
778,220,2,2
778,221,2,2
778,222,2,2
778,223,2,2
778,224,2,2
778,225,2,2
778,226,2,2
778,227,2,2
778,228,2,2
778,229,2,2
778,230,2,2
778,231,2,2
778,232,2,2
778,233,2,2
778,234,2,2
778,235,2,2
778,236,2,2
778,237,2,2
778,238,2,2
778,239,2,2
778,240,2,2
778,241,2,2
778,242,2,2
778,243,2,2
778,244,2,2
778,245,2,2
778,246,2,2
778,247,2,2
778,248,2,2
778,249,2,2
778,250,2,2
778,251,2,2
778,252,2,2
778,253,2,2
778,254,2,2
778,255,2,2
778,256,2,2
778,257,2,2
778,258,2,2
778,259,2,2
778,260,2,2
778,261,2,2
778,262,2,2
778,263,2,2
778,264,2,2
778,265,2,2
778,266,2,2
778,267,2,2
778,268,2,2
778,269,2,2
778,270,2,2
778,271,2,2
778,272,2,2
778,273,2,2
778,274,2,2
778,275,2,2
778,276,2,2
778,277,2,2
778,278,2,2
778,279,2,2
778,280,2,2
778,281,2,2
778,282,2,2
778,283,2,2
778,284,2,2
778,285,2,2
778,286,2,2
778,287,2,2
778,288,2,2
778,289,2,2
778,290,2,2
778,291,2,2
778,292,2,2
778,293,2,2
778,294,2,2
778,295,2,2
778,296,2,2
778,297,2,2
778,298,2,2
778,299,2,2
778,300,2,2
778,301,2,2
778,302,2,2
778,303,2,2
778,304,2,2
778,305,2,2
778,306,2,2
778,307,2,2
778,308,2,2
778,309,2,2
778,310,2,2
778,311,2,2
778,312,2,2
778,313,2,2
778,314,2,2
778,315,2,2
778,316,2,2
778,317,2,2
778,318,2,2
778,319,2,2
778,320,2,2
778,321,2,2
778,322,2,2
778,323,2,2
778,324,2,2
778,325,2,2
778,326,2,2
778,327,2,2
778,328,2,2
778,329,2,2
778,330,2,2
778,331,2,2
778,332,2,2
778,333,2,2
778,334,2,2
778,335,2,2
778,336,2,2
778,337,2,2
778,338,2,2
778,339,2,2
778,340,2,2
778,341,2,2
778,342,2,2
778,343,2,2
778,344,2,2
778,345,2,2
778,346,2,2
778,347,2,2
778,348,2,2
778,349,2,2
778,350,2,2
778,351,2,2
778,352,2,2
778,353,2,2
778,354,2,2
778,355,2,2
778,356,2,2
778,357,2,2
778,358,2,2
778,359,2,2
778,360,2,2
778,361,2,2
778,362,2,2
778,363,2,2
778,364,2,2
778,365,2,2
778,366,2,2
778,367,2,2
778,368,2,2
778,369,2,2
778,370,2,2
778,371,2,2
778,372,2,2
778,373,2,2
778,374,2,2
778,375,2,2
778,376,2,2
778,377,2,2
778,378,2,2
778,379,2,2
778,380,2,2
778,381,2,2
778,382,2,2
778,383,2,2
778,384,2,2
778,385,2,2
778,386,2,2
778,387,2,2
778,388,2,2
778,389,2,2
778,390,2,2
778,391,2,2
778,392,2,2
778,393,2,2
778,394,2,2
778,395,2,2
778,396,2,2
778,397,2,2
778,398,2,2
778,399,2,2
778,400,2,2
778,401,2,2
778,402,2,2
778,403,2,2
778,404,2,2
778,405,2,2
778,406,2,2
778,407,2,2
778,408,2,2
778,409,2,2
778,410,2,2
778,411,2,2
778,412,2,2
778,413,2,2
778,414,2,2
778,415,2,2
778,416,2,2
778,417,2,2
778,418,2,2
778,419,2,2
778,420,2,2
778,421,2,2
778,422,2,2
778,423,2,2
778,424,2,2
778,425,2,2
778,426,2,2
778,427,2,2
778,428,2,2
778,429,2,2
778,430,2,2
778,431,2,2
778,432,2,2
778,433,2,2
778,434,2,2
778,435,2,2
778,436,2,2
778,437,2,2
778,438,2,2
778,439,2,2
778,440,2,2
778,441,2,2
778,442,2,2
778,443,2,2
778,444,2,2
778,445,2,2
778,446,2,2
778,447,2,2
778,448,2,2
778,449,2,2
778,450,2,2
778,451,2,2
778,452,2,2
778,453,2,2
778,454,2,2
778,455,2,2
778,456,2,3
778,457,2,3
779,32,2,2
779,33,2,2
779,34,2,2
779,35,2,2
779,36,2,2
779,37,2,2
779,38,2,2
779,39,2,2
779,40,2,2
779,41,2,2
779,42,2,2
779,43,2,2
779,44,2,2
779,45,2,2
779,46,2,2
779,47,2,2
779,48,2,2
779,49,2,2
779,50,2,2
779,51,2,2
779,52,2,2
779,53,2,2
779,54,2,2
779,55,2,2
779,56,2,2
779,57,2,2
779,58,2,2
779,59,2,2
779,60,2,2
779,61,2,2
779,62,2,2
779,63,2,2
779,64,2,2
779,65,2,2
779,66,2,2
779,67,2,2
779,68,2,2
779,69,2,2
779,70,2,2
779,71,2,2
779,72,2,2
779,73,2,2
779,74,2,2
779,75,2,2
779,76,2,2
779,77,2,2
779,78,2,2
779,79,2,2
779,80,2,2
779,81,2,2
779,82,2,2
779,83,2,2
779,84,2,2
779,85,2,2
779,86,2,2
779,87,2,2
779,88,2,2
779,89,2,2
779,90,2,2
779,91,2,2
779,92,2,2
779,93,2,2
779,94,2,2
779,95,2,2
779,96,2,2
779,97,2,2
779,98,2,2
779,99,2,2
779,100,2,2
779,101,2,2
779,102,2,2
779,103,2,2
779,104,2,2
779,105,2,2
779,106,2,2
779,107,2,2
779,108,2,2
779,109,2,2
779,110,2,2
779,111,2,2
779,112,2,2
779,113,2,2
779,114,2,2
779,115,2,2
779,116,2,2
779,117,2,2
779,118,2,2
779,119,2,2
779,120,2,2
779,121,2,2
779,122,2,2
779,123,2,2
779,124,2,2
779,125,2,2
779,126,2,2
779,127,2,2
779,128,2,2
779,129,2,2
779,130,2,2
779,131,2,2
779,132,2,2
779,133,2,2
779,134,2,2
779,135,2,2
779,136,2,2
779,137,2,2
779,138,2,2
779,139,2,2
779,140,2,2
779,141,2,2
779,142,2,2
779,143,2,2
779,144,2,2
779,145,2,2
779,146,2,2
779,147,2,2
779,148,2,2
779,149,2,2
779,150,2,2
779,151,2,2
779,152,2,2
779,153,2,2
779,154,2,2
779,155,2,2
779,156,2,2
779,157,2,2
779,158,2,2
779,159,2,2
779,160,2,2
779,161,2,2
779,162,2,2
779,163,2,2
779,164,2,2
779,165,2,2
779,166,2,2
779,167,2,2
779,168,2,2
779,169,2,2
779,170,2,2
779,171,2,2
779,172,2,2
779,173,2,2
779,174,2,2
779,175,2,2
779,176,2,2
779,177,2,2
779,178,2,2
779,179,2,2
779,180,2,2
779,181,2,2
779,182,2,2
779,183,2,2
779,184,2,2
779,185,2,2
779,186,2,2
779,187,2,2
779,188,2,2
779,189,2,2
779,190,2,2
779,191,2,2
779,192,2,2
779,193,2,2
779,194,2,2
779,195,2,2
779,196,2,2
779,197,2,2
779,198,2,2
779,199,2,2
779,200,2,2
779,201,2,2
779,202,2,2
779,203,2,2
779,204,2,2
779,205,2,2
779,206,2,2
779,207,2,2
779,208,2,2
779,209,2,2
779,210,2,2
779,211,2,2
779,212,2,2
779,213,2,2
779,214,2,2
779,215,2,2
779,216,2,2
779,217,2,2
779,218,2,2
779,219,2,2
779,220,2,2
779,221,2,2
779,222,2,2
779,223,2,2
779,224,2,2
779,225,2,2
779,226,2,2
779,227,2,2
779,228,2,2
779,229,2,2
779,230,2,2
779,231,2,2
779,232,2,2
779,233,2,2
779,234,2,2
779,235,2,2
779,236,2,2
779,237,2,2
779,238,2,2
779,239,2,2
779,240,2,2
779,241,2,2
779,242,2,2
779,243,2,2
779,244,2,2
779,245,2,2
779,246,2,2
779,247,2,2
779,248,2,2
779,249,2,2
779,250,2,2
779,251,2,2
779,252,2,2
779,253,2,2
779,254,2,2
779,255,2,2
779,256,2,2
779,257,2,2
779,258,2,2
779,259,2,2
779,260,2,2
779,261,2,2
779,262,2,2
779,263,2,2
779,264,2,2
779,265,2,2
779,266,2,2
779,267,2,2
779,268,2,3
779,269,2,3
779,270,2,2
779,271,2,2
779,272,2,2
779,273,2,2
779,274,2,2
779,275,2,2
779,276,2,2
779,277,2,2
779,278,2,2
779,279,2,2
779,280,2,2
779,281,2,2
779,282,2,2
779,283,2,2
779,284,2,2
779,285,2,2
779,286,2,2
779,287,2,2
779,288,2,2
779,289,2,2
779,290,2,2
779,291,2,2
779,292,2,2
779,293,2,2
779,294,2,2
779,295,2,2
779,296,2,2
779,297,2,2
779,298,2,2
779,299,2,2
779,300,2,2
779,301,2,2
779,302,2,2
779,303,2,2
779,304,2,2
779,305,2,2
779,306,2,2
779,307,2,2
779,308,2,2
779,309,2,2
779,310,2,2
779,311,2,2
779,312,2,2
779,313,2,2
779,314,2,2
779,315,2,2
779,316,2,2
779,317,2,2
779,318,2,2
779,319,2,2
779,320,2,2
779,321,2,2
779,322,2,2
779,323,2,2
779,324,2,2
779,325,2,2
779,326,2,2
779,327,2,2
779,328,2,2
779,329,2,2
779,330,2,2
779,331,2,2
779,332,2,2
779,333,2,2
779,334,2,2
779,335,2,2
779,336,2,2
779,337,2,2
779,338,2,2
779,339,2,2
779,340,2,2
779,341,2,2
779,342,2,2
779,343,2,2
779,344,2,2
779,345,2,2
779,346,2,2
779,347,2,2
779,348,2,2
779,349,2,2
779,350,2,2
779,351,2,2
779,352,2,2
779,353,2,2
779,354,2,2
779,355,2,2
779,356,2,2
779,357,2,2
779,358,2,2
779,359,2,2
779,360,2,2
779,361,2,2
779,362,2,2
779,363,2,2
779,364,2,2
779,365,2,2
779,366,2,2
779,367,2,2
779,368,2,2
779,369,2,2
779,370,2,2
779,371,2,2
779,372,2,2
779,373,2,2
779,374,2,2
779,375,2,2
779,376,2,2
779,377,2,2
779,378,2,2
779,379,2,2
779,380,2,2
779,381,2,2
779,382,2,2
779,383,2,2
779,384,2,2
779,385,2,2
779,386,2,2
779,387,2,2
779,388,2,2
779,389,2,2
779,390,2,2
779,391,2,2
779,392,2,2
779,393,2,2
779,394,2,2
779,395,2,2
779,396,2,2
779,397,2,2
779,398,2,2
779,399,2,2
779,400,2,2
779,401,2,2
779,402,2,2
779,403,2,2
779,404,2,2
779,405,2,2
779,406,2,2
779,407,2,2
779,408,2,2
779,409,2,2
779,410,2,2
779,411,2,2
779,412,2,2
779,413,2,2
779,414,2,2
779,415,2,2
779,416,2,2
779,417,2,2
779,418,2,2
779,419,2,2
779,420,2,2
779,421,2,2
779,422,2,2
779,423,2,2
779,424,2,2
779,425,2,2
779,426,2,2
779,427,2,2
779,428,2,2
779,429,2,2
779,430,2,2
779,431,2,2
779,432,2,2
779,433,2,2
779,434,2,2
779,435,2,2
779,436,2,2
779,437,2,2
779,438,2,2
779,439,2,2
779,440,2,2
779,441,2,2
779,442,2,2
779,443,2,2
779,444,2,2
779,445,2,2
779,446,2,2
779,447,2,2
779,448,2,2
779,449,2,2
779,450,2,2
779,451,2,2
779,452,2,2
779,453,2,2
779,454,2,2
779,455,2,2
779,456,2,2
779,457,2,3
779,458,2,3
780,32,2,2
780,33,2,2
780,34,2,2
780,35,2,2
780,36,2,2
780,37,2,2
780,38,2,2
780,39,2,2
780,40,2,2
780,41,2,2
780,42,2,2
780,43,2,2
780,44,2,2
780,45,2,2
780,46,2,2
780,47,2,2
780,48,2,2
780,49,2,2
780,50,2,2
780,51,2,2
780,52,2,2
780,53,2,2
780,54,2,2
780,55,2,2
780,56,2,2
780,57,2,2
780,58,2,2
780,59,2,2
780,60,2,2
780,61,2,2
780,62,2,2
780,63,2,2
780,64,2,2
780,65,2,2
780,66,2,2
780,67,2,2
780,68,2,2
780,69,2,2
780,70,2,2
780,71,2,2
780,72,2,2
780,73,2,2
780,74,2,2
780,75,2,2
780,76,2,2
780,77,2,2
780,78,2,2
780,79,2,2
780,80,2,2
780,81,2,2
780,82,2,2
780,83,2,2
780,84,2,2
780,85,2,2
780,86,2,2
780,87,2,2
780,88,2,2
780,89,2,2
780,90,2,2
780,91,2,2
780,92,2,2
780,93,2,2
780,94,2,2
780,95,2,2
780,96,2,2
780,97,2,2
780,98,2,2
780,99,2,2
780,100,2,2
780,101,2,2
780,102,2,2
780,103,2,2
780,104,2,2
780,105,2,2
780,106,2,2
780,107,2,2
780,108,2,2
780,109,2,2
780,110,2,2
780,111,2,2
780,112,2,2
780,113,2,2
780,114,2,2
780,115,2,2
780,116,2,2
780,117,2,2
780,118,2,2
780,119,2,2
780,120,2,2
780,121,2,2
780,122,2,2
780,123,2,2
780,124,2,2
780,125,2,2
780,126,2,2
780,127,2,2
780,128,2,2
780,129,2,2
780,130,2,2
780,131,2,2
780,132,2,2
780,133,2,2
780,134,2,2
780,135,2,2
780,136,2,2
780,137,2,2
780,138,2,2
780,139,2,2
780,140,2,2
780,141,2,2
780,142,2,2
780,143,2,2
780,144,2,2
780,145,2,2
780,146,2,2
780,147,2,2
780,148,2,2
780,149,2,2
780,150,2,2
780,151,2,2
780,152,2,2
780,153,2,2
780,154,2,2
780,155,2,2
780,156,2,2
780,157,2,2
780,158,2,2
780,159,2,2
780,160,2,2
780,161,2,2
780,162,2,2
780,163,2,2
780,164,2,2
780,165,2,2
780,166,2,2
780,167,2,2
780,168,2,2
780,169,2,2
780,170,2,2
780,171,2,2
780,172,2,2
780,173,2,2
780,174,2,2
780,175,2,2
780,176,2,2
780,177,2,2
780,178,2,2
780,179,2,2
780,180,2,2
780,181,2,2
780,182,2,2
780,183,2,2
780,184,2,2
780,185,2,2
780,186,2,2
780,187,2,2
780,188,2,2
780,189,2,2
780,190,2,2
780,191,2,2
780,192,2,2
780,193,2,2
780,194,2,2
780,195,2,2
780,196,2,2
780,197,2,2
780,198,2,2
780,199,2,2
780,200,2,2
780,201,2,2
780,202,2,2
780,203,2,2
780,204,2,2
780,205,2,2
780,206,2,2
780,207,2,2
780,208,2,2
780,209,2,2
780,210,2,2
780,211,2,2
780,212,2,2
780,213,2,2
780,214,2,2
780,215,2,2
780,216,2,2
780,217,2,2
780,218,2,2
780,219,2,2
780,220,2,2
780,221,2,2
780,222,2,2
780,223,2,2
780,224,2,2
780,225,2,2
780,226,2,2
780,227,2,2
780,228,2,2
780,229,2,2
780,230,2,2
780,231,2,2
780,232,2,2
780,233,2,2
780,234,2,2
780,235,2,2
780,236,2,2
780,237,2,2
780,238,2,2
780,239,2,2
780,240,2,2
780,241,2,2
780,242,2,2
780,243,2,2
780,244,2,2
780,245,2,2
780,246,2,2
780,247,2,2
780,248,2,2
780,249,2,2
780,250,2,2
780,251,2,2
780,252,2,2
780,253,2,2
780,254,2,2
780,255,2,2
780,256,2,2
780,257,2,2
780,258,2,2
780,259,2,2
780,260,2,2
780,261,2,2
780,262,2,2
780,263,2,2
780,264,2,3
780,265,2,3
780,266,2,3
780,267,2,3
780,268,2,3
780,269,2,3
780,270,2,3
780,271,2,3
780,272,2,3
780,273,2,3
780,274,2,3
780,275,2,3
780,276,2,3
780,277,2,3
780,278,2,3
780,279,2,3
780,280,2,3
780,281,2,3
780,282,2,3
780,283,2,3
780,284,2,3
780,285,2,3
780,286,2,3
780,287,2,3
780,288,2,3
780,289,2,2
780,290,2,2
780,291,2,2
780,292,2,2
780,293,2,2
780,294,2,2
780,295,2,2
780,296,2,2
780,297,2,2
780,298,2,2
780,299,2,2
780,300,2,2
780,301,2,2
780,302,2,2
780,303,2,2
780,304,2,2
780,305,2,2
780,306,2,2
780,307,2,2
780,308,2,2
780,309,2,2
780,310,2,2
780,311,2,2
780,312,2,2
780,313,2,2
780,314,2,2
780,315,2,2
780,316,2,2
780,317,2,2
780,318,2,2
780,319,2,2
780,320,2,2
780,321,2,2
780,322,2,2
780,323,2,2
780,324,2,2
780,325,2,2
780,326,2,2
780,327,2,2
780,328,2,2
780,329,2,2
780,330,2,2
780,331,2,2
780,332,2,2
780,333,2,2
780,334,2,2
780,335,2,2
780,336,2,2
780,337,2,2
780,338,2,2
780,339,2,2
780,340,2,2
780,341,2,2
780,342,2,2
780,343,2,2
780,344,2,2
780,345,2,2
780,346,2,2
780,347,2,2
780,348,2,2
780,349,2,2
780,350,2,2
780,351,2,2
780,352,2,2
780,353,2,2
780,354,2,2
780,355,2,2
780,356,2,2
780,357,2,2
780,358,2,2
780,359,2,2
780,360,2,2
780,361,2,2
780,362,2,2
780,363,2,2
780,364,2,2
780,365,2,2
780,366,2,2
780,367,2,2
780,368,2,2
780,369,2,2
780,370,2,2
780,371,2,2
780,372,2,2
780,373,2,2
780,374,2,2
780,375,2,2
780,376,2,2
780,377,2,2
780,378,2,2
780,379,2,2
780,380,2,2
780,381,2,2
780,382,2,2
780,383,2,2
780,384,2,2
780,385,2,2
780,386,2,2
780,387,2,2
780,388,2,2
780,389,2,2
780,390,2,2
780,391,2,2
780,392,2,2
780,393,2,2
780,394,2,2
780,395,2,2
780,396,2,2
780,397,2,2
780,398,2,2
780,399,2,2
780,400,2,2
780,401,2,2
780,402,2,2
780,403,2,2
780,404,2,2
780,405,2,2
780,406,2,2
780,407,2,2
780,408,2,2
780,409,2,2
780,410,2,2
780,411,2,2
780,412,2,2
780,413,2,2
780,414,2,2
780,415,2,2
780,416,2,2
780,417,2,2
780,418,2,2
780,419,2,2
780,420,2,2
780,421,2,2
780,422,2,2
780,423,2,2
780,424,2,2
780,425,2,2
780,426,2,2
780,427,2,2
780,428,2,2
780,429,2,2
780,430,2,2
780,431,2,2
780,432,2,2
780,433,2,2
780,434,2,2
780,435,2,2
780,436,2,2
780,437,2,2
780,438,2,2
780,439,2,2
780,440,2,2
780,441,2,2
780,442,2,2
780,443,2,2
780,444,2,2
780,445,2,2
780,446,2,2
780,447,2,2
780,448,2,2
780,449,2,2
780,450,2,2
780,451,2,2
780,452,2,2
780,453,2,2
780,454,2,2
780,455,2,2
780,456,2,2
780,457,2,3
780,458,2,3
781,33,2,2
781,34,2,2
781,35,2,2
781,36,2,2
781,37,2,2
781,38,2,2
781,39,2,2
781,40,2,2
781,41,2,2
781,42,2,2
781,43,2,2
781,44,2,2
781,45,2,2
781,46,2,2
781,47,2,2
781,48,2,2
781,49,2,2
781,50,2,2
781,51,2,2
781,52,2,2
781,53,2,2
781,54,2,2
781,55,2,2
781,56,2,2
781,57,2,2
781,58,2,2
781,59,2,2
781,60,2,2
781,61,2,2
781,62,2,2
781,63,2,2
781,64,2,2
781,65,2,2
781,66,2,2
781,67,2,2
781,68,2,2
781,69,2,2
781,70,2,2
781,71,2,2
781,72,2,2
781,73,2,2
781,74,2,2
781,75,2,2
781,76,2,2
781,77,2,2
781,78,2,2
781,79,2,2
781,80,2,2
781,81,2,2
781,82,2,2
781,83,2,2
781,84,2,2
781,85,2,2
781,86,2,2
781,87,2,2
781,88,2,2
781,89,2,2
781,90,2,2
781,91,2,2
781,92,2,2
781,93,2,2
781,94,2,2
781,95,2,2
781,96,2,2
781,97,2,2
781,98,2,2
781,99,2,2
781,100,2,2
781,101,2,2
781,102,2,2
781,103,2,2
781,104,2,2
781,105,2,2
781,106,2,2
781,107,2,2
781,108,2,2
781,109,2,2
781,110,2,2
781,111,2,2
781,112,2,2
781,113,2,2
781,114,2,2
781,115,2,2
781,116,2,2
781,117,2,2
781,118,2,2
781,119,2,2
781,120,2,2
781,121,2,2
781,122,2,2
781,123,2,2
781,124,2,2
781,125,2,2
781,126,2,2
781,127,2,2
781,128,2,2
781,129,2,2
781,130,2,2
781,131,2,2
781,132,2,2
781,133,2,2
781,134,2,2
781,135,2,2
781,136,2,2
781,137,2,2
781,138,2,2
781,139,2,2
781,140,2,2
781,141,2,2
781,142,2,2
781,143,2,2
781,144,2,2
781,145,2,2
781,146,2,2
781,147,2,2
781,148,2,2
781,149,2,2
781,150,2,2
781,151,2,2
781,152,2,2
781,153,2,2
781,154,2,2
781,155,2,2
781,156,2,2
781,157,2,2
781,158,2,2
781,159,2,2
781,160,2,2
781,161,2,2
781,162,2,2
781,163,2,2
781,164,2,2
781,165,2,2
781,166,2,2
781,167,2,2
781,168,2,2
781,169,2,2
781,170,2,2
781,171,2,2
781,172,2,2
781,173,2,2
781,174,2,2
781,175,2,2
781,176,2,2
781,177,2,2
781,178,2,2
781,179,2,2
781,180,2,2
781,181,2,2
781,182,2,2
781,183,2,2
781,184,2,2
781,185,2,2
781,186,2,2
781,187,2,2
781,188,2,2
781,189,2,2
781,190,2,2
781,191,2,2
781,192,2,2
781,193,2,2
781,194,2,2
781,195,2,2
781,196,2,2
781,197,2,2
781,198,2,2
781,199,2,2
781,200,2,2
781,201,2,2
781,202,2,2
781,203,2,2
781,204,2,2
781,205,2,2
781,206,2,2
781,207,2,2
781,208,2,2
781,209,2,2
781,210,2,2
781,211,2,2
781,212,2,2
781,213,2,2
781,214,2,2
781,215,2,2
781,216,2,2
781,217,2,2
781,218,2,2
781,219,2,2
781,220,2,2
781,221,2,2
781,222,2,2
781,223,2,2
781,224,2,2
781,225,2,2
781,226,2,2
781,227,2,2
781,228,2,2
781,229,2,2
781,230,2,2
781,231,2,2
781,232,2,2
781,233,2,2
781,234,2,2
781,235,2,2
781,236,2,2
781,237,2,2
781,238,2,2
781,239,2,2
781,240,2,2
781,241,2,2
781,242,2,2
781,243,2,2
781,244,2,2
781,245,2,2
781,246,2,2
781,247,2,2
781,248,2,2
781,249,2,2
781,250,2,2
781,251,2,2
781,252,2,2
781,253,2,2
781,254,2,2
781,255,2,2
781,256,2,2
781,257,2,2
781,258,2,2
781,259,2,2
781,260,2,2
781,261,2,2
781,262,2,3
781,263,2,3
781,264,2,3
781,265,2,3
781,266,2,3
781,267,2,3
781,268,2,3
781,269,2,3
781,270,2,3
781,271,2,3
781,272,2,3
781,273,2,3
781,274,2,3
781,275,2,3
781,276,2,3
781,277,2,3
781,278,2,3
781,279,2,3
781,280,2,3
781,281,2,3
781,282,2,3
781,283,2,3
781,284,2,3
781,285,2,3
781,286,2,3
781,287,2,3
781,288,2,3
781,289,2,3
781,290,2,3
781,291,2,3
781,292,2,3
781,293,2,3
781,294,2,3
781,295,2,3
781,296,2,3
781,297,2,2
781,298,2,2
781,299,2,2
781,300,2,2
781,301,2,2
781,302,2,2
781,303,2,2
781,304,2,2
781,305,2,2
781,306,2,2
781,307,2,2
781,308,2,2
781,309,2,2
781,310,2,2
781,311,2,2
781,312,2,2
781,313,2,2
781,314,2,2
781,315,2,2
781,316,2,2
781,317,2,2
781,318,2,2
781,319,2,2
781,320,2,2
781,321,2,2
781,322,2,2
781,323,2,2
781,324,2,2
781,325,2,2
781,326,2,2
781,327,2,2
781,328,2,2
781,329,2,2
781,330,2,2
781,331,2,2
781,332,2,2
781,333,2,2
781,334,2,2
781,335,2,2
781,336,2,2
781,337,2,2
781,338,2,2
781,339,2,2
781,340,2,2
781,341,2,2
781,342,2,2
781,343,2,2
781,344,2,2
781,345,2,2
781,346,2,2
781,347,2,2
781,348,2,2
781,349,2,2
781,350,2,2
781,351,2,2
781,352,2,2
781,353,2,2
781,354,2,2
781,355,2,2
781,356,2,2
781,357,2,2
781,358,2,2
781,359,2,2
781,360,2,2
781,361,2,2
781,362,2,2
781,363,2,2
781,364,2,2
781,365,2,2
781,366,2,2
781,367,2,2
781,368,2,2
781,369,2,2
781,370,2,2
781,371,2,2
781,372,2,2
781,373,2,2
781,374,2,2
781,375,2,2
781,376,2,2
781,377,2,2
781,378,2,2
781,379,2,2
781,380,2,2
781,381,2,2
781,382,2,2
781,383,2,2
781,384,2,2
781,385,2,2
781,386,2,2
781,387,2,2
781,388,2,2
781,389,2,2
781,390,2,2
781,391,2,2
781,392,2,2
781,393,2,2
781,394,2,2
781,395,2,2
781,396,2,2
781,397,2,2
781,398,2,2
781,399,2,2
781,400,2,2
781,401,2,2
781,402,2,2
781,403,2,2
781,404,2,2
781,405,2,2
781,406,2,2
781,407,2,2
781,408,2,2
781,409,2,2
781,410,2,2
781,411,2,2
781,412,2,2
781,413,2,2
781,414,2,2
781,415,2,2
781,416,2,2
781,417,2,2
781,418,2,2
781,419,2,2
781,420,2,2
781,421,2,2
781,422,2,2
781,423,2,2
781,424,2,2
781,425,2,2
781,426,2,2
781,427,2,2
781,428,2,2
781,429,2,2
781,430,2,2
781,431,2,2
781,432,2,2
781,433,2,2
781,434,2,2
781,435,2,2
781,436,2,2
781,437,2,2
781,438,2,2
781,439,2,2
781,440,2,2
781,441,2,2
781,442,2,2
781,443,2,2
781,444,2,2
781,445,2,2
781,446,2,2
781,447,2,2
781,448,2,2
781,449,2,2
781,450,2,2
781,451,2,2
781,452,2,2
781,453,2,2
781,454,2,2
781,455,2,2
781,456,2,2
781,457,2,2
781,458,2,2
781,459,2,3
782,33,2,2
782,34,2,2
782,35,2,2
782,36,2,2
782,37,2,2
782,38,2,2
782,39,2,2
782,40,2,2
782,41,2,2
782,42,2,2
782,43,2,2
782,44,2,2
782,45,2,2
782,46,2,2
782,47,2,2
782,48,2,2
782,49,2,2
782,50,2,2
782,51,2,2
782,52,2,2
782,53,2,2
782,54,2,2
782,55,2,2
782,56,2,2
782,57,2,2
782,58,2,2
782,59,2,2
782,60,2,2
782,61,2,2
782,62,2,2
782,63,2,2
782,64,2,2
782,65,2,2
782,66,2,2
782,67,2,2
782,68,2,2
782,69,2,2
782,70,2,2
782,71,2,2
782,72,2,2
782,73,2,2
782,74,2,2
782,75,2,2
782,76,2,2
782,77,2,2
782,78,2,2
782,79,2,2
782,80,2,2
782,81,2,2
782,82,2,2
782,83,2,2
782,84,2,2
782,85,2,2
782,86,2,2
782,87,2,2
782,88,2,2
782,89,2,2
782,90,2,2
782,91,2,2
782,92,2,2
782,93,2,2
782,94,2,2
782,95,2,2
782,96,2,2
782,97,2,2
782,98,2,2
782,99,2,2
782,100,2,2
782,101,2,2
782,102,2,2
782,103,2,2
782,104,2,2
782,105,2,2
782,106,2,2
782,107,2,2
782,108,2,2
782,109,2,2
782,110,2,2
782,111,2,2
782,112,2,2
782,113,2,2
782,114,2,2
782,115,2,2
782,116,2,2
782,117,2,2
782,118,2,2
782,119,2,2
782,120,2,2
782,121,2,2
782,122,2,2
782,123,2,2
782,124,2,2
782,125,2,2
782,126,2,2
782,127,2,2
782,128,2,2
782,129,2,2
782,130,2,2
782,131,2,2
782,132,2,2
782,133,2,2
782,134,2,2
782,135,2,2
782,136,2,2
782,137,2,2
782,138,2,2
782,139,2,2
782,140,2,2
782,141,2,2
782,142,2,2
782,143,2,2
782,144,2,2
782,145,2,2
782,146,2,2
782,147,2,2
782,148,2,2
782,149,2,2
782,150,2,2
782,151,2,2
782,152,2,2
782,153,2,2
782,154,2,2
782,155,2,2
782,156,2,2
782,157,2,2
782,158,2,2
782,159,2,2
782,160,2,2
782,161,2,2
782,162,2,2
782,163,2,2
782,164,2,2
782,165,2,2
782,166,2,2
782,167,2,2
782,168,2,2
782,169,2,2
782,170,2,2
782,171,2,2
782,172,2,2
782,173,2,2
782,174,2,2
782,175,2,2
782,176,2,2
782,177,2,2
782,178,2,2
782,179,2,2
782,180,2,2
782,181,2,2
782,182,2,2
782,183,2,2
782,184,2,2
782,185,2,2
782,186,2,2
782,187,2,2
782,188,2,2
782,189,2,2
782,190,2,2
782,191,2,2
782,192,2,2
782,193,2,2
782,194,2,2
782,195,2,2
782,196,2,2
782,197,2,2
782,198,2,2
782,199,2,2
782,200,2,2
782,201,2,2
782,202,2,2
782,203,2,2
782,204,2,2
782,205,2,2
782,206,2,2
782,207,2,2
782,208,2,2
782,209,2,2
782,210,2,2
782,211,2,2
782,212,2,2
782,213,2,2
782,214,2,2
782,215,2,2
782,216,2,2
782,217,2,2
782,218,2,2
782,219,2,2
782,220,2,2
782,221,2,2
782,222,2,2
782,223,2,2
782,224,2,2
782,225,2,2
782,226,2,2
782,227,2,2
782,228,2,2
782,229,2,2
782,230,2,2
782,231,2,2
782,232,2,2
782,233,2,2
782,234,2,2
782,235,2,2
782,236,2,2
782,237,2,2
782,238,2,2
782,239,2,2
782,240,2,2
782,241,2,2
782,242,2,2
782,243,2,2
782,244,2,2
782,245,2,2
782,246,2,2
782,247,2,2
782,248,2,2
782,249,2,2
782,250,2,2
782,251,2,2
782,252,2,2
782,253,2,2
782,254,2,2
782,255,2,2
782,256,2,2
782,257,2,2
782,258,2,2
782,259,2,2
782,260,2,2
782,261,2,3
782,262,2,3
782,263,2,3
782,264,2,3
782,265,2,3
782,266,2,3
782,267,2,3
782,268,2,3
782,269,2,3
782,270,2,3
782,271,2,3
782,272,2,3
782,273,2,3
782,274,2,3
782,275,2,3
782,276,2,3
782,277,2,3
782,278,2,3
782,279,2,3
782,280,2,3
782,281,2,3
782,282,2,3
782,283,2,3
782,284,2,3
782,285,2,3
782,286,2,3
782,287,2,3
782,288,2,3
782,289,2,3
782,290,2,3
782,291,2,3
782,292,2,3
782,293,2,3
782,294,2,3
782,295,2,3
782,296,2,3
782,297,2,3
782,298,2,3
782,299,2,3
782,300,2,3
782,301,2,3
782,302,2,3
782,303,2,2
782,304,2,2
782,305,2,2
782,306,2,2
782,307,2,2
782,308,2,2
782,309,2,2
782,310,2,2
782,311,2,2
782,312,2,2
782,313,2,2
782,314,2,2
782,315,2,2
782,316,2,2
782,317,2,2
782,318,2,2
782,319,2,2
782,320,2,2
782,321,2,2
782,322,2,2
782,323,2,2
782,324,2,2
782,325,2,2
782,326,2,2
782,327,2,2
782,328,2,2
782,329,2,2
782,330,2,2
782,331,2,2
782,332,2,2
782,333,2,2
782,334,2,2
782,335,2,2
782,336,2,2
782,337,2,2
782,338,2,2
782,339,2,2
782,340,2,2
782,341,2,2
782,342,2,2
782,343,2,2
782,344,2,2
782,345,2,2
782,346,2,2
782,347,2,2
782,348,2,2
782,349,2,2
782,350,2,2
782,351,2,2
782,352,2,2
782,353,2,2
782,354,2,2
782,355,2,2
782,356,2,2
782,357,2,2
782,358,2,2
782,359,2,2
782,360,2,2
782,361,2,2
782,362,2,2
782,363,2,2
782,364,2,2
782,365,2,2
782,366,2,2
782,367,2,2
782,368,2,2
782,369,2,2
782,370,2,2
782,371,2,2
782,372,2,2
782,373,2,2
782,374,2,2
782,375,2,2
782,376,2,2
782,377,2,2
782,378,2,2
782,379,2,2
782,380,2,2
782,381,2,2
782,382,2,2
782,383,2,2
782,384,2,2
782,385,2,2
782,386,2,2
782,387,2,2
782,388,2,2
782,389,2,2
782,390,2,2
782,391,2,2
782,392,2,2
782,393,2,2
782,394,2,2
782,395,2,2
782,396,2,2
782,397,2,2
782,398,2,2
782,399,2,2
782,400,2,2
782,401,2,2
782,402,2,2
782,403,2,2
782,404,2,2
782,405,2,2
782,406,2,2
782,407,2,2
782,408,2,2
782,409,2,2
782,410,2,2
782,411,2,2
782,412,2,2
782,413,2,2
782,414,2,2
782,415,2,2
782,416,2,2
782,417,2,2
782,418,2,2
782,419,2,2
782,420,2,2
782,421,2,2
782,422,2,2
782,423,2,2
782,424,2,2
782,425,2,2
782,426,2,2
782,427,2,2
782,428,2,2
782,429,2,2
782,430,2,2
782,431,2,2
782,432,2,2
782,433,2,2
782,434,2,2
782,435,2,2
782,436,2,2
782,437,2,2
782,438,2,2
782,439,2,2
782,440,2,2
782,441,2,2
782,442,2,2
782,443,2,2
782,444,2,2
782,445,2,2
782,446,2,2
782,447,2,2
782,448,2,2
782,449,2,2
782,450,2,2
782,451,2,2
782,452,2,2
782,453,2,2
782,454,2,2
782,455,2,2
782,456,2,2
782,457,2,2
782,458,2,3
782,459,2,3
783,33,2,2
783,34,2,2
783,35,2,2
783,36,2,2
783,37,2,2
783,38,2,2
783,39,2,2
783,40,2,2
783,41,2,2
783,42,2,2
783,43,2,2
783,44,2,2
783,45,2,2
783,46,2,2
783,47,2,2
783,48,2,2
783,49,2,2
783,50,2,2
783,51,2,2
783,52,2,2
783,53,2,2
783,54,2,2
783,55,2,2
783,56,2,2
783,57,2,2
783,58,2,2
783,59,2,2
783,60,2,2
783,61,2,2
783,62,2,2
783,63,2,2
783,64,2,2
783,65,2,2
783,66,2,2
783,67,2,2
783,68,2,2
783,69,2,2
783,70,2,2
783,71,2,2
783,72,2,2
783,73,2,2
783,74,2,2
783,75,2,2
783,76,2,2
783,77,2,2
783,78,2,2
783,79,2,2
783,80,2,2
783,81,2,2
783,82,2,2
783,83,2,2
783,84,2,2
783,85,2,2
783,86,2,2
783,87,2,2
783,88,2,2
783,89,2,2
783,90,2,2
783,91,2,2
783,92,2,2
783,93,2,2
783,94,2,2
783,95,2,2
783,96,2,2
783,97,2,2
783,98,2,2
783,99,2,2
783,100,2,2
783,101,2,2
783,102,2,2
783,103,2,2
783,104,2,2
783,105,2,2
783,106,2,2
783,107,2,2
783,108,2,2
783,109,2,2
783,110,2,2
783,111,2,2
783,112,2,2
783,113,2,2
783,114,2,2
783,115,2,2
783,116,2,2
783,117,2,2
783,118,2,2
783,119,2,2
783,120,2,2
783,121,2,2
783,122,2,2
783,123,2,2
783,124,2,2
783,125,2,2
783,126,2,2
783,127,2,2
783,128,2,2
783,129,2,2
783,130,2,2
783,131,2,2
783,132,2,2
783,133,2,2
783,134,2,2
783,135,2,2
783,136,2,2
783,137,2,2
783,138,2,2
783,139,2,2
783,140,2,2
783,141,2,2
783,142,2,2
783,143,2,2
783,144,2,2
783,145,2,2
783,146,2,2
783,147,2,2
783,148,2,2
783,149,2,2
783,150,2,2
783,151,2,2
783,152,2,2
783,153,2,2
783,154,2,2
783,155,2,2
783,156,2,2
783,157,2,2
783,158,2,2
783,159,2,2
783,160,2,2
783,161,2,2
783,162,2,2
783,163,2,2
783,164,2,2
783,165,2,2
783,166,2,2
783,167,2,2
783,168,2,2
783,169,2,2
783,170,2,2
783,171,2,2
783,172,2,2
783,173,2,2
783,174,2,2
783,175,2,2
783,176,2,2
783,177,2,2
783,178,2,2
783,179,2,2
783,180,2,2
783,181,2,2
783,182,2,2
783,183,2,2
783,184,2,2
783,185,2,2
783,186,2,2
783,187,2,2
783,188,2,2
783,189,2,2
783,190,2,2
783,191,2,2
783,192,2,2
783,193,2,2
783,194,2,2
783,195,2,2
783,196,2,2
783,197,2,2
783,198,2,2
783,199,2,2
783,200,2,2
783,201,2,2
783,202,2,2
783,203,2,2
783,204,2,2
783,205,2,2
783,206,2,2
783,207,2,2
783,208,2,2
783,209,2,2
783,210,2,2
783,211,2,2
783,212,2,2
783,213,2,2
783,214,2,2
783,215,2,2
783,216,2,2
783,217,2,2
783,218,2,2
783,219,2,2
783,220,2,2
783,221,2,2
783,222,2,2
783,223,2,2
783,224,2,2
783,225,2,2
783,226,2,2
783,227,2,2
783,228,2,2
783,229,2,2
783,230,2,2
783,231,2,2
783,232,2,2
783,233,2,2
783,234,2,2
783,235,2,2
783,236,2,2
783,237,2,2
783,238,2,2
783,239,2,2
783,240,2,2
783,241,2,2
783,242,2,2
783,243,2,2
783,244,2,2
783,245,2,2
783,246,2,2
783,247,2,2
783,248,2,2
783,249,2,2
783,250,2,2
783,251,2,2
783,252,2,2
783,253,2,2
783,254,2,2
783,255,2,2
783,256,2,2
783,257,2,2
783,258,2,2
783,259,2,2
783,260,2,2
783,261,2,3
783,262,2,3
783,263,2,3
783,264,2,3
783,265,2,3
783,266,2,3
783,267,2,3
783,268,2,3
783,269,2,3
783,270,2,3
783,271,2,3
783,272,2,3
783,273,2,3
783,274,2,3
783,275,2,3
783,276,2,3
783,277,2,3
783,278,2,3
783,279,2,3
783,280,2,3
783,281,2,3
783,282,2,3
783,283,2,3
783,284,2,3
783,285,2,3
783,286,2,3
783,287,2,3
783,288,2,3
783,289,2,3
783,290,2,3
783,291,2,3
783,292,2,3
783,293,2,3
783,294,2,3
783,295,2,3
783,296,2,3
783,297,2,3
783,298,2,3
783,299,2,3
783,300,2,3
783,301,2,3
783,302,2,3
783,303,2,3
783,304,2,3
783,305,2,2
783,306,2,2
783,307,2,2
783,308,2,2
783,309,2,2
783,310,2,2
783,311,2,2
783,312,2,2
783,313,2,2
783,314,2,2
783,315,2,2
783,316,2,2
783,317,2,2
783,318,2,2
783,319,2,2
783,320,2,2
783,321,2,2
783,322,2,2
783,323,2,2
783,324,2,2
783,325,2,2
783,326,2,2
783,327,2,2
783,328,2,2
783,329,2,2
783,330,2,2
783,331,2,2
783,332,2,2
783,333,2,2
783,334,2,2
783,335,2,2
783,336,2,2
783,337,2,2
783,338,2,2
783,339,2,2
783,340,2,2
783,341,2,2
783,342,2,2
783,343,2,2
783,344,2,2
783,345,2,2
783,346,2,2
783,347,2,2
783,348,2,2
783,349,2,2
783,350,2,2
783,351,2,2
783,352,2,2
783,353,2,2
783,354,2,2
783,355,2,2
783,356,2,2
783,357,2,2
783,358,2,2
783,359,2,2
783,360,2,2
783,361,2,2
783,362,2,2
783,363,2,2
783,364,2,2
783,365,2,2
783,366,2,2
783,367,2,2
783,368,2,2
783,369,2,2
783,370,2,2
783,371,2,2
783,372,2,2
783,373,2,2
783,374,2,2
783,375,2,2
783,376,2,2
783,377,2,2
783,378,2,2
783,379,2,2
783,380,2,2
783,381,2,2
783,382,2,2
783,383,2,2
783,384,2,2
783,385,2,2
783,386,2,2
783,387,2,2
783,388,2,2
783,389,2,2
783,390,2,2
783,391,2,2
783,392,2,2
783,393,2,2
783,394,2,2
783,395,2,2
783,396,2,2
783,397,2,2
783,398,2,2
783,399,2,2
783,400,2,2
783,401,2,2
783,402,2,2
783,403,2,2
783,404,2,2
783,405,2,2
783,406,2,2
783,407,2,2
783,408,2,2
783,409,2,2
783,410,2,2
783,411,2,2
783,412,2,2
783,413,2,2
783,414,2,2
783,415,2,2
783,416,2,2
783,417,2,2
783,418,2,2
783,419,2,2
783,420,2,2
783,421,2,2
783,422,2,2
783,423,2,2
783,424,2,2
783,425,2,2
783,426,2,2
783,427,2,2
783,428,2,2
783,429,2,2
783,430,2,2
783,431,2,2
783,432,2,2
783,433,2,2
783,434,2,2
783,435,2,2
783,436,2,2
783,437,2,2
783,438,2,2
783,439,2,2
783,440,2,2
783,441,2,2
783,442,2,2
783,443,2,2
783,444,2,2
783,445,2,2
783,446,2,2
783,447,2,2
783,448,2,2
783,449,2,2
783,450,2,2
783,451,2,2
783,452,2,2
783,453,2,2
783,454,2,2
783,455,2,2
783,456,2,2
783,457,2,2
783,458,2,2
783,459,2,3
783,460,2,3
784,33,2,2
784,34,2,2
784,35,2,2
784,36,2,2
784,37,2,2
784,38,2,2
784,39,2,2
784,40,2,2
784,41,2,2
784,42,2,2
784,43,2,2
784,44,2,2
784,45,2,2
784,46,2,2
784,47,2,2
784,48,2,2
784,49,2,2
784,50,2,2
784,51,2,2
784,52,2,2
784,53,2,2
784,54,2,2
784,55,2,2
784,56,2,2
784,57,2,2
784,58,2,2
784,59,2,2
784,60,2,2
784,61,2,2
784,62,2,2
784,63,2,2
784,64,2,2
784,65,2,2
784,66,2,2
784,67,2,2
784,68,2,2
784,69,2,2
784,70,2,2
784,71,2,2
784,72,2,2
784,73,2,2
784,74,2,2
784,75,2,2
784,76,2,2
784,77,2,2
784,78,2,2
784,79,2,2
784,80,2,2
784,81,2,2
784,82,2,2
784,83,2,2
784,84,2,2
784,85,2,2
784,86,2,2
784,87,2,2
784,88,2,2
784,89,2,2
784,90,2,2
784,91,2,2
784,92,2,2
784,93,2,2
784,94,2,2
784,95,2,2
784,96,2,2
784,97,2,2
784,98,2,2
784,99,2,2
784,100,2,2
784,101,2,2
784,102,2,2
784,103,2,2
784,104,2,2
784,105,2,2
784,106,2,2
784,107,2,2
784,108,2,2
784,109,2,2
784,110,2,2
784,111,2,2
784,112,2,2
784,113,2,2
784,114,2,2
784,115,2,2
784,116,2,2
784,117,2,2
784,118,2,2
784,119,2,2
784,120,2,2
784,121,2,2
784,122,2,2
784,123,2,2
784,124,2,2
784,125,2,2
784,126,2,2
784,127,2,2
784,128,2,2
784,129,2,2
784,130,2,2
784,131,2,2
784,132,2,2
784,133,2,2
784,134,2,2
784,135,2,2
784,136,2,2
784,137,2,2
784,138,2,2
784,139,2,2
784,140,2,2
784,141,2,2
784,142,2,2
784,143,2,2
784,144,2,2
784,145,2,2
784,146,2,2
784,147,2,2
784,148,2,2
784,149,2,2
784,150,2,2
784,151,2,2
784,152,2,2
784,153,2,2
784,154,2,2
784,155,2,2
784,156,2,2
784,157,2,2
784,158,2,2
784,159,2,2
784,160,2,2
784,161,2,2
784,162,2,2
784,163,2,2
784,164,2,2
784,165,2,2
784,166,2,2
784,167,2,2
784,168,2,2
784,169,2,2
784,170,2,2
784,171,2,2
784,172,2,2
784,173,2,2
784,174,2,2
784,175,2,2
784,176,2,2
784,177,2,2
784,178,2,2
784,179,2,2
784,180,2,2
784,181,2,2
784,182,2,2
784,183,2,2
784,184,2,2
784,185,2,2
784,186,2,2
784,187,2,2
784,188,2,2
784,189,2,2
784,190,2,2
784,191,2,2
784,192,2,2
784,193,2,2
784,194,2,2
784,195,2,2
784,196,2,2
784,197,2,2
784,198,2,2
784,199,2,2
784,200,2,2
784,201,2,2
784,202,2,2
784,203,2,2
784,204,2,2
784,205,2,2
784,206,2,2
784,207,2,2
784,208,2,2
784,209,2,2
784,210,2,2
784,211,2,2
784,212,2,2
784,213,2,2
784,214,2,2
784,215,2,2
784,216,2,2
784,217,2,2
784,218,2,2
784,219,2,2
784,220,2,2
784,221,2,2
784,222,2,2
784,223,2,2
784,224,2,2
784,225,2,2
784,226,2,2
784,227,2,2
784,228,2,2
784,229,2,2
784,230,2,2
784,231,2,2
784,232,2,2
784,233,2,2
784,234,2,2
784,235,2,2
784,236,2,2
784,237,2,2
784,238,2,2
784,239,2,2
784,240,2,2
784,241,2,2
784,242,2,2
784,243,2,2
784,244,2,2
784,245,2,2
784,246,2,2
784,247,2,2
784,248,2,2
784,249,2,2
784,250,2,2
784,251,2,2
784,252,2,2
784,253,2,2
784,254,2,2
784,255,2,2
784,256,2,2
784,257,2,2
784,258,2,2
784,259,2,2
784,260,2,3
784,261,2,3
784,262,2,3
784,263,2,3
784,264,2,3
784,265,2,3
784,266,2,3
784,267,2,3
784,268,2,3
784,269,2,3
784,270,2,3
784,271,2,3
784,272,2,3
784,273,2,3
784,274,2,3
784,275,2,3
784,276,2,3
784,277,2,3
784,278,2,3
784,279,2,3
784,280,2,3
784,281,2,3
784,282,2,3
784,283,2,3
784,284,2,3
784,285,2,3
784,286,2,3
784,287,2,3
784,288,2,3
784,289,2,3
784,290,2,3
784,291,2,3
784,292,2,3
784,293,2,3
784,294,2,3
784,295,2,3
784,296,2,3
784,297,2,3
784,298,2,3
784,299,2,3
784,300,2,3
784,301,2,3
784,302,2,3
784,303,2,3
784,304,2,3
784,305,2,3
784,306,2,2
784,307,2,2
784,308,2,2
784,309,2,2
784,310,2,2
784,311,2,2
784,312,2,2
784,313,2,2
784,314,2,2
784,315,2,2
784,316,2,2
784,317,2,2
784,318,2,2
784,319,2,2
784,320,2,2
784,321,2,2
784,322,2,2
784,323,2,2
784,324,2,2
784,325,2,2
784,326,2,2
784,327,2,2
784,328,2,2
784,329,2,2
784,330,2,2
784,331,2,2
784,332,2,2
784,333,2,2
784,334,2,2
784,335,2,2
784,336,2,2
784,337,2,2
784,338,2,2
784,339,2,2
784,340,2,2
784,341,2,2
784,342,2,2
784,343,2,2
784,344,2,2
784,345,2,2
784,346,2,2
784,347,2,2
784,348,2,2
784,349,2,2
784,350,2,2
784,351,2,2
784,352,2,2
784,353,2,2
784,354,2,2
784,355,2,2
784,356,2,2
784,357,2,2
784,358,2,2
784,359,2,2
784,360,2,2
784,361,2,2
784,362,2,2
784,363,2,2
784,364,2,2
784,365,2,2
784,366,2,2
784,367,2,2
784,368,2,2
784,369,2,2
784,370,2,2
784,371,2,2
784,372,2,2
784,373,2,2
784,374,2,2
784,375,2,2
784,376,2,2
784,377,2,2
784,378,2,2
784,379,2,2
784,380,2,2
784,381,2,2
784,382,2,2
784,383,2,2
784,384,2,2
784,385,2,2
784,386,2,2
784,387,2,2
784,388,2,2
784,389,2,2
784,390,2,2
784,391,2,2
784,392,2,2
784,393,2,2
784,394,2,2
784,395,2,2
784,396,2,2
784,397,2,2
784,398,2,2
784,399,2,2
784,400,2,2
784,401,2,2
784,402,2,2
784,403,2,2
784,404,2,2
784,405,2,2
784,406,2,2
784,407,2,2
784,408,2,2
784,409,2,2
784,410,2,2
784,411,2,2
784,412,2,2
784,413,2,2
784,414,2,2
784,415,2,2
784,416,2,2
784,417,2,2
784,418,2,2
784,419,2,2
784,420,2,2
784,421,2,2
784,422,2,2
784,423,2,2
784,424,2,2
784,425,2,2
784,426,2,2
784,427,2,2
784,428,2,2
784,429,2,2
784,430,2,2
784,431,2,2
784,432,2,2
784,433,2,2
784,434,2,2
784,435,2,2
784,436,2,2
784,437,2,2
784,438,2,2
784,439,2,2
784,440,2,2
784,441,2,2
784,442,2,2
784,443,2,2
784,444,2,2
784,445,2,2
784,446,2,2
784,447,2,2
784,448,2,2
784,449,2,2
784,450,2,2
784,451,2,2
784,452,2,2
784,453,2,2
784,454,2,2
784,455,2,2
784,456,2,2
784,457,2,2
784,458,2,2
784,459,2,2
784,460,2,3
784,461,2,3
785,33,2,2
785,34,2,2
785,35,2,2
785,36,2,2
785,37,2,2
785,38,2,2
785,39,2,2
785,40,2,2
785,41,2,2
785,42,2,2
785,43,2,2
785,44,2,2
785,45,2,2
785,46,2,2
785,47,2,2
785,48,2,2
785,49,2,2
785,50,2,2
785,51,2,2
785,52,2,2
785,53,2,2
785,54,2,2
785,55,2,2
785,56,2,2
785,57,2,2
785,58,2,2
785,59,2,2
785,60,2,2
785,61,2,2
785,62,2,2
785,63,2,2
785,64,2,2
785,65,2,2
785,66,2,2
785,67,2,2
785,68,2,2
785,69,2,2
785,70,2,2
785,71,2,2
785,72,2,2
785,73,2,2
785,74,2,2
785,75,2,2
785,76,2,2
785,77,2,2
785,78,2,2
785,79,2,2
785,80,2,2
785,81,2,2
785,82,2,2
785,83,2,2
785,84,2,2
785,85,2,2
785,86,2,2
785,87,2,2
785,88,2,2
785,89,2,2
785,90,2,2
785,91,2,2
785,92,2,2
785,93,2,2
785,94,2,2
785,95,2,2
785,96,2,2
785,97,2,2
785,98,2,2
785,99,2,2
785,100,2,2
785,101,2,2
785,102,2,2
785,103,2,2
785,104,2,2
785,105,2,2
785,106,2,2
785,107,2,2
785,108,2,2
785,109,2,2
785,110,2,2
785,111,2,2
785,112,2,2
785,113,2,2
785,114,2,2
785,115,2,2
785,116,2,2
785,117,2,2
785,118,2,2
785,119,2,2
785,120,2,2
785,121,2,2
785,122,2,2
785,123,2,2
785,124,2,2
785,125,2,2
785,126,2,2
785,127,2,2
785,128,2,2
785,129,2,2
785,130,2,2
785,131,2,2
785,132,2,2
785,133,2,2
785,134,2,2
785,135,2,2
785,136,2,2
785,137,2,2
785,138,2,2
785,139,2,2
785,140,2,2
785,141,2,2
785,142,2,2
785,143,2,2
785,144,2,2
785,145,2,2
785,146,2,2
785,147,2,2
785,148,2,2
785,149,2,2
785,150,2,2
785,151,2,2
785,152,2,2
785,153,2,2
785,154,2,2
785,155,2,2
785,156,2,2
785,157,2,2
785,158,2,2
785,159,2,2
785,160,2,2
785,161,2,2
785,162,2,2
785,163,2,2
785,164,2,2
785,165,2,2
785,166,2,2
785,167,2,2
785,168,2,2
785,169,2,2
785,170,2,2
785,171,2,2
785,172,2,2
785,173,2,2
785,174,2,2
785,175,2,2
785,176,2,2
785,177,2,2
785,178,2,2
785,179,2,2
785,180,2,2
785,181,2,2
785,182,2,2
785,183,2,2
785,184,2,2
785,185,2,2
785,186,2,2
785,187,2,2
785,188,2,2
785,189,2,2
785,190,2,2
785,191,2,2
785,192,2,2
785,193,2,2
785,194,2,2
785,195,2,2
785,196,2,2
785,197,2,2
785,198,2,2
785,199,2,2
785,200,2,2
785,201,2,2
785,202,2,2
785,203,2,2
785,204,2,2
785,205,2,2
785,206,2,2
785,207,2,2
785,208,2,2
785,209,2,2
785,210,2,2
785,211,2,2
785,212,2,2
785,213,2,2
785,214,2,2
785,215,2,2
785,216,2,2
785,217,2,2
785,218,2,2
785,219,2,2
785,220,2,2
785,221,2,2
785,222,2,2
785,223,2,2
785,224,2,2
785,225,2,2
785,226,2,2
785,227,2,2
785,228,2,2
785,229,2,2
785,230,2,2
785,231,2,2
785,232,2,2
785,233,2,2
785,234,2,2
785,235,2,2
785,236,2,2
785,237,2,2
785,238,2,2
785,239,2,2
785,240,2,2
785,241,2,2
785,242,2,2
785,243,2,2
785,244,2,2
785,245,2,2
785,246,2,2
785,247,2,2
785,248,2,2
785,249,2,2
785,250,2,2
785,251,2,2
785,252,2,2
785,253,2,2
785,254,2,2
785,255,2,2
785,256,2,2
785,257,2,2
785,258,2,2
785,259,2,2
785,260,2,3
785,261,2,3
785,262,2,3
785,263,2,3
785,264,2,3
785,265,2,3
785,266,2,3
785,267,2,3
785,268,2,3
785,269,2,3
785,270,2,3
785,271,2,3
785,272,2,3
785,273,2,3
785,274,2,3
785,275,2,3
785,276,2,3
785,277,2,3
785,278,2,3
785,279,2,3
785,280,2,3
785,281,2,3
785,282,2,3
785,283,2,3
785,284,2,3
785,285,2,3
785,286,2,3
785,287,2,3
785,288,2,3
785,289,2,3
785,290,2,3
785,291,2,3
785,292,2,3
785,293,2,3
785,294,2,3
785,295,2,3
785,296,2,3
785,297,2,3
785,298,2,3
785,299,2,3
785,300,2,3
785,301,2,3
785,302,2,3
785,303,2,3
785,304,2,3
785,305,2,3
785,306,2,3
785,307,2,2
785,308,2,2
785,309,2,2
785,310,2,2
785,311,2,2
785,312,2,2
785,313,2,2
785,314,2,2
785,315,2,2
785,316,2,2
785,317,2,2
785,318,2,2
785,319,2,2
785,320,2,2
785,321,2,2
785,322,2,2
785,323,2,2
785,324,2,2
785,325,2,2
785,326,2,2
785,327,2,2
785,328,2,2
785,329,2,2
785,330,2,2
785,331,2,2
785,332,2,2
785,333,2,2
785,334,2,2
785,335,2,2
785,336,2,2
785,337,2,2
785,338,2,2
785,339,2,2
785,340,2,2
785,341,2,2
785,342,2,2
785,343,2,2
785,344,2,2
785,345,2,2
785,346,2,2
785,347,2,2
785,348,2,2
785,349,2,2
785,350,2,2
785,351,2,2
785,352,2,2
785,353,2,2
785,354,2,2
785,355,2,2
785,356,2,2
785,357,2,2
785,358,2,2
785,359,2,2
785,360,2,2
785,361,2,2
785,362,2,2
785,363,2,2
785,364,2,2
785,365,2,2
785,366,2,2
785,367,2,2
785,368,2,2
785,369,2,2
785,370,2,2
785,371,2,2
785,372,2,2
785,373,2,2
785,374,2,2
785,375,2,2
785,376,2,2
785,377,2,2
785,378,2,2
785,379,2,2
785,380,2,2
785,381,2,2
785,382,2,2
785,383,2,2
785,384,2,2
785,385,2,2
785,386,2,2
785,387,2,2
785,388,2,2
785,389,2,2
785,390,2,2
785,391,2,2
785,392,2,2
785,393,2,2
785,394,2,2
785,395,2,2
785,396,2,2
785,397,2,2
785,398,2,2
785,399,2,2
785,400,2,2
785,401,2,2
785,402,2,2
785,403,2,2
785,404,2,2
785,405,2,2
785,406,2,2
785,407,2,2
785,408,2,2
785,409,2,2
785,410,2,2
785,411,2,2
785,412,2,2
785,413,2,2
785,414,2,2
785,415,2,2
785,416,2,2
785,417,2,2
785,418,2,2
785,419,2,2
785,420,2,2
785,421,2,2
785,422,2,2
785,423,2,2
785,424,2,2
785,425,2,2
785,426,2,2
785,427,2,2
785,428,2,2
785,429,2,2
785,430,2,2
785,431,2,2
785,432,2,2
785,433,2,2
785,434,2,2
785,435,2,2
785,436,2,2
785,437,2,2
785,438,2,2
785,439,2,2
785,440,2,2
785,441,2,2
785,442,2,2
785,443,2,2
785,444,2,2
785,445,2,2
785,446,2,2
785,447,2,2
785,448,2,2
785,449,2,2
785,450,2,2
785,451,2,2
785,452,2,2
785,453,2,2
785,454,2,2
785,455,2,2
785,456,2,2
785,457,2,2
785,458,2,2
785,459,2,2
785,460,2,2
785,461,2,3
786,33,2,2
786,34,2,2
786,35,2,2
786,36,2,2
786,37,2,2
786,38,2,2
786,39,2,2
786,40,2,2
786,41,2,2
786,42,2,2
786,43,2,2
786,44,2,2
786,45,2,2
786,46,2,2
786,47,2,2
786,48,2,2
786,49,2,2
786,50,2,2
786,51,2,2
786,52,2,2
786,53,2,2
786,54,2,2
786,55,2,2
786,56,2,2
786,57,2,2
786,58,2,2
786,59,2,2
786,60,2,2
786,61,2,2
786,62,2,2
786,63,2,2
786,64,2,2
786,65,2,2
786,66,2,2
786,67,2,2
786,68,2,2
786,69,2,2
786,70,2,2
786,71,2,2
786,72,2,2
786,73,2,2
786,74,2,2
786,75,2,2
786,76,2,2
786,77,2,2
786,78,2,2
786,79,2,2
786,80,2,2
786,81,2,2
786,82,2,2
786,83,2,2
786,84,2,2
786,85,2,2
786,86,2,2
786,87,2,2
786,88,2,2
786,89,2,2
786,90,2,2
786,91,2,2
786,92,2,2
786,93,2,2
786,94,2,2
786,95,2,2
786,96,2,2
786,97,2,2
786,98,2,2
786,99,2,2
786,100,2,2
786,101,2,2
786,102,2,2
786,103,2,2
786,104,2,2
786,105,2,2
786,106,2,2
786,107,2,2
786,108,2,2
786,109,2,2
786,110,2,2
786,111,2,2
786,112,2,2
786,113,2,2
786,114,2,2
786,115,2,2
786,116,2,2
786,117,2,2
786,118,2,2
786,119,2,2
786,120,2,2
786,121,2,2
786,122,2,2
786,123,2,2
786,124,2,2
786,125,2,2
786,126,2,2
786,127,2,2
786,128,2,2
786,129,2,2
786,130,2,2
786,131,2,2
786,132,2,2
786,133,2,2
786,134,2,2
786,135,2,2
786,136,2,2
786,137,2,2
786,138,2,2
786,139,2,2
786,140,2,2
786,141,2,2
786,142,2,2
786,143,2,2
786,144,2,2
786,145,2,2
786,146,2,2
786,147,2,2
786,148,2,2
786,149,2,2
786,150,2,2
786,151,2,2
786,152,2,2
786,153,2,2
786,154,2,2
786,155,2,2
786,156,2,2
786,157,2,2
786,158,2,2
786,159,2,2
786,160,2,2
786,161,2,2
786,162,2,2
786,163,2,2
786,164,2,2
786,165,2,2
786,166,2,2
786,167,2,2
786,168,2,2
786,169,2,2
786,170,2,2
786,171,2,2
786,172,2,2
786,173,2,2
786,174,2,2
786,175,2,2
786,176,2,2
786,177,2,2
786,178,2,2
786,179,2,2
786,180,2,2
786,181,2,2
786,182,2,2
786,183,2,2
786,184,2,2
786,185,2,2
786,186,2,2
786,187,2,2
786,188,2,2
786,189,2,2
786,190,2,2
786,191,2,2
786,192,2,2
786,193,2,2
786,194,2,2
786,195,2,2
786,196,2,2
786,197,2,2
786,198,2,2
786,199,2,2
786,200,2,2
786,201,2,2
786,202,2,2
786,203,2,2
786,204,2,2
786,205,2,2
786,206,2,2
786,207,2,2
786,208,2,2
786,209,2,2
786,210,2,2
786,211,2,2
786,212,2,2
786,213,2,2
786,214,2,2
786,215,2,2
786,216,2,2
786,217,2,2
786,218,2,2
786,219,2,2
786,220,2,2
786,221,2,2
786,222,2,2
786,223,2,2
786,224,2,2
786,225,2,2
786,226,2,2
786,227,2,2
786,228,2,2
786,229,2,2
786,230,2,2
786,231,2,2
786,232,2,2
786,233,2,2
786,234,2,2
786,235,2,2
786,236,2,2
786,237,2,2
786,238,2,2
786,239,2,2
786,240,2,2
786,241,2,2
786,242,2,2
786,243,2,2
786,244,2,2
786,245,2,2
786,246,2,2
786,247,2,2
786,248,2,2
786,249,2,2
786,250,2,2
786,251,2,2
786,252,2,2
786,253,2,2
786,254,2,2
786,255,2,2
786,256,2,2
786,257,2,2
786,258,2,2
786,259,2,2
786,260,2,3
786,261,2,3
786,262,2,3
786,263,2,3
786,264,2,3
786,265,2,3
786,266,2,3
786,267,2,3
786,268,2,3
786,269,2,3
786,270,2,3
786,271,2,3
786,272,2,3
786,273,2,3
786,274,2,3
786,275,2,3
786,276,2,3
786,277,2,3
786,278,2,3
786,279,2,3
786,280,2,3
786,281,2,3
786,282,2,3
786,283,2,3
786,284,2,3
786,285,2,3
786,286,2,3
786,287,2,3
786,288,2,3
786,289,2,3
786,290,2,3
786,291,2,3
786,292,2,3
786,293,2,3
786,294,2,3
786,295,2,3
786,296,2,3
786,297,2,3
786,298,2,3
786,299,2,3
786,300,2,3
786,301,2,3
786,302,2,3
786,303,2,3
786,304,2,3
786,305,2,3
786,306,2,3
786,307,2,3
786,308,2,2
786,309,2,2
786,310,2,2
786,311,2,2
786,312,2,2
786,313,2,2
786,314,2,2
786,315,2,2
786,316,2,2
786,317,2,2
786,318,2,2
786,319,2,2
786,320,2,2
786,321,2,2
786,322,2,2
786,323,2,2
786,324,2,2
786,325,2,2
786,326,2,2
786,327,2,2
786,328,2,2
786,329,2,2
786,330,2,2
786,331,2,2
786,332,2,2
786,333,2,2
786,334,2,2
786,335,2,2
786,336,2,2
786,337,2,2
786,338,2,2
786,339,2,2
786,340,2,2
786,341,2,2
786,342,2,2
786,343,2,2
786,344,2,2
786,345,2,2
786,346,2,2
786,347,2,2
786,348,2,2
786,349,2,2
786,350,2,2
786,351,2,2
786,352,2,2
786,353,2,2
786,354,2,2
786,355,2,2
786,356,2,2
786,357,2,2
786,358,2,2
786,359,2,2
786,360,2,2
786,361,2,2
786,362,2,2
786,363,2,2
786,364,2,2
786,365,2,2
786,366,2,2
786,367,2,2
786,368,2,2
786,369,2,2
786,370,2,2
786,371,2,2
786,372,2,2
786,373,2,2
786,374,2,2
786,375,2,2
786,376,2,2
786,377,2,2
786,378,2,2
786,379,2,2
786,380,2,2
786,381,2,2
786,382,2,2
786,383,2,2
786,384,2,2
786,385,2,2
786,386,2,2
786,387,2,2
786,388,2,2
786,389,2,2
786,390,2,2
786,391,2,2
786,392,2,2
786,393,2,2
786,394,2,2
786,395,2,2
786,396,2,2
786,397,2,2
786,398,2,2
786,399,2,2
786,400,2,2
786,401,2,2
786,402,2,2
786,403,2,2
786,404,2,2
786,405,2,2
786,406,2,2
786,407,2,2
786,408,2,2
786,409,2,2
786,410,2,2
786,411,2,2
786,412,2,2
786,413,2,2
786,414,2,2
786,415,2,2
786,416,2,2
786,417,2,2
786,418,2,2
786,419,2,2
786,420,2,2
786,421,2,2
786,422,2,2
786,423,2,2
786,424,2,2
786,425,2,2
786,426,2,2
786,427,2,2
786,428,2,2
786,429,2,2
786,430,2,2
786,431,2,2
786,432,2,2
786,433,2,2
786,434,2,2
786,435,2,2
786,436,2,2
786,437,2,2
786,438,2,2
786,439,2,2
786,440,2,2
786,441,2,2
786,442,2,2
786,443,2,2
786,444,2,2
786,445,2,2
786,446,2,2
786,447,2,2
786,448,2,2
786,449,2,2
786,450,2,2
786,451,2,2
786,452,2,2
786,453,2,2
786,454,2,2
786,455,2,2
786,456,2,2
786,457,2,2
786,458,2,2
786,459,2,2
786,460,2,2
786,461,2,2
786,462,2,3
787,33,2,2
787,34,2,2
787,35,2,2
787,36,2,2
787,37,2,2
787,38,2,2
787,39,2,2
787,40,2,2
787,41,2,2
787,42,2,2
787,43,2,2
787,44,2,2
787,45,2,2
787,46,2,2
787,47,2,2
787,48,2,2
787,49,2,2
787,50,2,2
787,51,2,2
787,52,2,2
787,53,2,2
787,54,2,2
787,55,2,2
787,56,2,2
787,57,2,2
787,58,2,2
787,59,2,2
787,60,2,2
787,61,2,2
787,62,2,2
787,63,2,2
787,64,2,2
787,65,2,2
787,66,2,2
787,67,2,2
787,68,2,2
787,69,2,2
787,70,2,2
787,71,2,2
787,72,2,2
787,73,2,2
787,74,2,2
787,75,2,2
787,76,2,2
787,77,2,2
787,78,2,2
787,79,2,2
787,80,2,2
787,81,2,2
787,82,2,2
787,83,2,2
787,84,2,2
787,85,2,2
787,86,2,2
787,87,2,2
787,88,2,2
787,89,2,2
787,90,2,2
787,91,2,2
787,92,2,2
787,93,2,2
787,94,2,2
787,95,2,2
787,96,2,2
787,97,2,2
787,98,2,2
787,99,2,2
787,100,2,2
787,101,2,2
787,102,2,2
787,103,2,2
787,104,2,2
787,105,2,2
787,106,2,2
787,107,2,2
787,108,2,2
787,109,2,2
787,110,2,2
787,111,2,2
787,112,2,2
787,113,2,2
787,114,2,2
787,115,2,2
787,116,2,2
787,117,2,2
787,118,2,2
787,119,2,2
787,120,2,2
787,121,2,2
787,122,2,2
787,123,2,2
787,124,2,2
787,125,2,2
787,126,2,2
787,127,2,2
787,128,2,2
787,129,2,2
787,130,2,2
787,131,2,2
787,132,2,2
787,133,2,2
787,134,2,2
787,135,2,2
787,136,2,2
787,137,2,2
787,138,2,2
787,139,2,2
787,140,2,2
787,141,2,2
787,142,2,2
787,143,2,2
787,144,2,2
787,145,2,2
787,146,2,2
787,147,2,2
787,148,2,2
787,149,2,2
787,150,2,2
787,151,2,2
787,152,2,2
787,153,2,2
787,154,2,2
787,155,2,2
787,156,2,2
787,157,2,2
787,158,2,2
787,159,2,2
787,160,2,2
787,161,2,2
787,162,2,2
787,163,2,2
787,164,2,2
787,165,2,2
787,166,2,2
787,167,2,2
787,168,2,2
787,169,2,2
787,170,2,2
787,171,2,2
787,172,2,2
787,173,2,2
787,174,2,2
787,175,2,2
787,176,2,2
787,177,2,2
787,178,2,2
787,179,2,2
787,180,2,2
787,181,2,2
787,182,2,2
787,183,2,2
787,184,2,2
787,185,2,2
787,186,2,2
787,187,2,2
787,188,2,2
787,189,2,2
787,190,2,2
787,191,2,2
787,192,2,2
787,193,2,2
787,194,2,2
787,195,2,2
787,196,2,2
787,197,2,2
787,198,2,2
787,199,2,2
787,200,2,2
787,201,2,2
787,202,2,2
787,203,2,2
787,204,2,2
787,205,2,2
787,206,2,2
787,207,2,2
787,208,2,2
787,209,2,2
787,210,2,2
787,211,2,2
787,212,2,2
787,213,2,2
787,214,2,2
787,215,2,2
787,216,2,2
787,217,2,2
787,218,2,2
787,219,2,2
787,220,2,2
787,221,2,2
787,222,2,2
787,223,2,2
787,224,2,2
787,225,2,2
787,226,2,2
787,227,2,2
787,228,2,2
787,229,2,2
787,230,2,2
787,231,2,2
787,232,2,2
787,233,2,2
787,234,2,2
787,235,2,2
787,236,2,2
787,237,2,2
787,238,2,2
787,239,2,2
787,240,2,2
787,241,2,2
787,242,2,2
787,243,2,2
787,244,2,2
787,245,2,2
787,246,2,2
787,247,2,2
787,248,2,2
787,249,2,2
787,250,2,2
787,251,2,2
787,252,2,2
787,253,2,2
787,254,2,2
787,255,2,2
787,256,2,2
787,257,2,2
787,258,2,2
787,259,2,2
787,260,2,3
787,261,2,3
787,262,2,3
787,263,2,3
787,264,2,3
787,265,2,3
787,266,2,3
787,267,2,3
787,268,2,3
787,269,2,3
787,270,2,3
787,271,2,3
787,272,2,3
787,273,2,3
787,274,2,3
787,275,2,3
787,276,2,3
787,277,2,3
787,278,2,3
787,279,2,3
787,280,2,3
787,281,2,3
787,282,2,3
787,283,2,3
787,284,2,3
787,285,2,3
787,286,2,3
787,287,2,3
787,288,2,3
787,289,2,3
787,290,2,3
787,291,2,3
787,292,2,3
787,293,2,3
787,294,2,3
787,295,2,3
787,296,2,3
787,297,2,3
787,298,2,3
787,299,2,3
787,300,2,3
787,301,2,3
787,302,2,3
787,303,2,3
787,304,2,3
787,305,2,3
787,306,2,3
787,307,2,3
787,308,2,2
787,309,2,2
787,310,2,2
787,311,2,2
787,312,2,2
787,313,2,2
787,314,2,2
787,315,2,2
787,316,2,2
787,317,2,2
787,318,2,2
787,319,2,2
787,320,2,2
787,321,2,2
787,322,2,2
787,323,2,2
787,324,2,2
787,325,2,2
787,326,2,2
787,327,2,2
787,328,2,2
787,329,2,2
787,330,2,2
787,331,2,2
787,332,2,2
787,333,2,2
787,334,2,2
787,335,2,2
787,336,2,2
787,337,2,2
787,338,2,2
787,339,2,2
787,340,2,2
787,341,2,2
787,342,2,2
787,343,2,2
787,344,2,2
787,345,2,2
787,346,2,2
787,347,2,2
787,348,2,2
787,349,2,2
787,350,2,2
787,351,2,2
787,352,2,2
787,353,2,2
787,354,2,2
787,355,2,2
787,356,2,2
787,357,2,2
787,358,2,2
787,359,2,2
787,360,2,2
787,361,2,2
787,362,2,2
787,363,2,2
787,364,2,2
787,365,2,2
787,366,2,2
787,367,2,2
787,368,2,2
787,369,2,2
787,370,2,2
787,371,2,2
787,372,2,2
787,373,2,2
787,374,2,2
787,375,2,2
787,376,2,2
787,377,2,2
787,378,2,2
787,379,2,2
787,380,2,2
787,381,2,2
787,382,2,2
787,383,2,2
787,384,2,2
787,385,2,2
787,386,2,2
787,387,2,2
787,388,2,2
787,389,2,2
787,390,2,2
787,391,2,2
787,392,2,2
787,393,2,2
787,394,2,2
787,395,2,2
787,396,2,2
787,397,2,2
787,398,2,2
787,399,2,2
787,400,2,2
787,401,2,2
787,402,2,2
787,403,2,2
787,404,2,2
787,405,2,2
787,406,2,2
787,407,2,2
787,408,2,2
787,409,2,2
787,410,2,2
787,411,2,2
787,412,2,2
787,413,2,2
787,414,2,2
787,415,2,2
787,416,2,2
787,417,2,2
787,418,2,2
787,419,2,2
787,420,2,2
787,421,2,2
787,422,2,2
787,423,2,2
787,424,2,2
787,425,2,2
787,426,2,2
787,427,2,2
787,428,2,2
787,429,2,2
787,430,2,2
787,431,2,2
787,432,2,2
787,433,2,2
787,434,2,2
787,435,2,2
787,436,2,2
787,437,2,2
787,438,2,2
787,439,2,2
787,440,2,2
787,441,2,2
787,442,2,2
787,443,2,2
787,444,2,2
787,445,2,2
787,446,2,2
787,447,2,2
787,448,2,2
787,449,2,2
787,450,2,2
787,451,2,2
787,452,2,2
787,453,2,2
787,454,2,2
787,455,2,2
787,456,2,2
787,457,2,2
787,458,2,2
787,459,2,2
787,460,2,2
787,461,2,2
787,462,2,2
787,463,2,3
788,33,2,2
788,34,2,2
788,35,2,2
788,36,2,2
788,37,2,2
788,38,2,2
788,39,2,2
788,40,2,2
788,41,2,2
788,42,2,2
788,43,2,2
788,44,2,2
788,45,2,2
788,46,2,2
788,47,2,2
788,48,2,2
788,49,2,2
788,50,2,2
788,51,2,2
788,52,2,2
788,53,2,2
788,54,2,2
788,55,2,2
788,56,2,2
788,57,2,2
788,58,2,2
788,59,2,2
788,60,2,2
788,61,2,2
788,62,2,2
788,63,2,2
788,64,2,2
788,65,2,2
788,66,2,2
788,67,2,2
788,68,2,2
788,69,2,2
788,70,2,2
788,71,2,2
788,72,2,2
788,73,2,2
788,74,2,2
788,75,2,2
788,76,2,2
788,77,2,2
788,78,2,2
788,79,2,2
788,80,2,2
788,81,2,2
788,82,2,2
788,83,2,2
788,84,2,2
788,85,2,2
788,86,2,2
788,87,2,2
788,88,2,2
788,89,2,2
788,90,2,2
788,91,2,2
788,92,2,2
788,93,2,2
788,94,2,2
788,95,2,2
788,96,2,2
788,97,2,2
788,98,2,2
788,99,2,2
788,100,2,2
788,101,2,2
788,102,2,2
788,103,2,2
788,104,2,2
788,105,2,2
788,106,2,2
788,107,2,2
788,108,2,2
788,109,2,2
788,110,2,2
788,111,2,2
788,112,2,2
788,113,2,2
788,114,2,2
788,115,2,2
788,116,2,2
788,117,2,2
788,118,2,2
788,119,2,2
788,120,2,2
788,121,2,2
788,122,2,2
788,123,2,2
788,124,2,2
788,125,2,2
788,126,2,2
788,127,2,2
788,128,2,2
788,129,2,2
788,130,2,2
788,131,2,2
788,132,2,2
788,133,2,2
788,134,2,2
788,135,2,2
788,136,2,2
788,137,2,2
788,138,2,2
788,139,2,2
788,140,2,2
788,141,2,2
788,142,2,2
788,143,2,2
788,144,2,2
788,145,2,2
788,146,2,2
788,147,2,2
788,148,2,2
788,149,2,2
788,150,2,2
788,151,2,2
788,152,2,2
788,153,2,2
788,154,2,2
788,155,2,2
788,156,2,2
788,157,2,2
788,158,2,2
788,159,2,2
788,160,2,2
788,161,2,2
788,162,2,2
788,163,2,2
788,164,2,2
788,165,2,2
788,166,2,2
788,167,2,2
788,168,2,2
788,169,2,2
788,170,2,2
788,171,2,2
788,172,2,2
788,173,2,2
788,174,2,2
788,175,2,2
788,176,2,2
788,177,2,2
788,178,2,2
788,179,2,2
788,180,2,2
788,181,2,2
788,182,2,2
788,183,2,2
788,184,2,2
788,185,2,2
788,186,2,2
788,187,2,2
788,188,2,2
788,189,2,2
788,190,2,2
788,191,2,2
788,192,2,2
788,193,2,2
788,194,2,2
788,195,2,2
788,196,2,2
788,197,2,2
788,198,2,2
788,199,2,2
788,200,2,2
788,201,2,2
788,202,2,2
788,203,2,2
788,204,2,2
788,205,2,2
788,206,2,2
788,207,2,2
788,208,2,2
788,209,2,2
788,210,2,2
788,211,2,2
788,212,2,2
788,213,2,2
788,214,2,2
788,215,2,2
788,216,2,2
788,217,2,2
788,218,2,2
788,219,2,2
788,220,2,2
788,221,2,2
788,222,2,2
788,223,2,2
788,224,2,2
788,225,2,2
788,226,2,2
788,227,2,2
788,228,2,2
788,229,2,2
788,230,2,2
788,231,2,2
788,232,2,2
788,233,2,2
788,234,2,2
788,235,2,2
788,236,2,2
788,237,2,2
788,238,2,2
788,239,2,2
788,240,2,2
788,241,2,2
788,242,2,2
788,243,2,2
788,244,2,2
788,245,2,2
788,246,2,2
788,247,2,2
788,248,2,2
788,249,2,2
788,250,2,2
788,251,2,2
788,252,2,2
788,253,2,2
788,254,2,2
788,255,2,2
788,256,2,2
788,257,2,2
788,258,2,2
788,259,2,2
788,260,2,3
788,261,2,3
788,262,2,3
788,263,2,3
788,264,2,3
788,265,2,3
788,266,2,3
788,267,2,3
788,268,2,3
788,269,2,3
788,270,2,3
788,271,2,3
788,272,2,3
788,273,2,3
788,274,2,3
788,275,2,3
788,276,2,3
788,277,2,3
788,278,2,3
788,279,2,3
788,280,2,3
788,281,2,3
788,282,2,3
788,283,2,3
788,284,2,3
788,285,2,3
788,286,2,3
788,287,2,3
788,288,2,3
788,289,2,3
788,290,2,3
788,291,2,3
788,292,2,3
788,293,2,3
788,294,2,3
788,295,2,3
788,296,2,3
788,297,2,3
788,298,2,3
788,299,2,3
788,300,2,3
788,301,2,3
788,302,2,3
788,303,2,3
788,304,2,3
788,305,2,3
788,306,2,3
788,307,2,3
788,308,2,2
788,309,2,2
788,310,2,2
788,311,2,2
788,312,2,2
788,313,2,2
788,314,2,2
788,315,2,2
788,316,2,2
788,317,2,2
788,318,2,2
788,319,2,2
788,320,2,2
788,321,2,2
788,322,2,2
788,323,2,2
788,324,2,2
788,325,2,2
788,326,2,2
788,327,2,2
788,328,2,2
788,329,2,2
788,330,2,2
788,331,2,2
788,332,2,2
788,333,2,2
788,334,2,2
788,335,2,2
788,336,2,2
788,337,2,2
788,338,2,2
788,339,2,2
788,340,2,2
788,341,2,2
788,342,2,2
788,343,2,2
788,344,2,2
788,345,2,2
788,346,2,2
788,347,2,2
788,348,2,2
788,349,2,2
788,350,2,2
788,351,2,2
788,352,2,2
788,353,2,2
788,354,2,2
788,355,2,2
788,356,2,2
788,357,2,2
788,358,2,2
788,359,2,2
788,360,2,2
788,361,2,2
788,362,2,2
788,363,2,2
788,364,2,2
788,365,2,2
788,366,2,2
788,367,2,2
788,368,2,2
788,369,2,2
788,370,2,2
788,371,2,2
788,372,2,2
788,373,2,2
788,374,2,2
788,375,2,2
788,376,2,2
788,377,2,2
788,378,2,2
788,379,2,2
788,380,2,2
788,381,2,2
788,382,2,2
788,383,2,2
788,384,2,2
788,385,2,2
788,386,2,2
788,387,2,2
788,388,2,2
788,389,2,2
788,390,2,2
788,391,2,2
788,392,2,2
788,393,2,2
788,394,2,2
788,395,2,2
788,396,2,2
788,397,2,2
788,398,2,2
788,399,2,2
788,400,2,2
788,401,2,2
788,402,2,2
788,403,2,2
788,404,2,2
788,405,2,2
788,406,2,2
788,407,2,2
788,408,2,2
788,409,2,2
788,410,2,2
788,411,2,2
788,412,2,2
788,413,2,2
788,414,2,2
788,415,2,2
788,416,2,2
788,417,2,2
788,418,2,2
788,419,2,2
788,420,2,2
788,421,2,2
788,422,2,2
788,423,2,2
788,424,2,2
788,425,2,2
788,426,2,2
788,427,2,2
788,428,2,2
788,429,2,2
788,430,2,2
788,431,2,2
788,432,2,2
788,433,2,2
788,434,2,2
788,435,2,2
788,436,2,2
788,437,2,2
788,438,2,2
788,439,2,2
788,440,2,2
788,441,2,2
788,442,2,2
788,443,2,2
788,444,2,2
788,445,2,2
788,446,2,2
788,447,2,2
788,448,2,2
788,449,2,2
788,450,2,2
788,451,2,2
788,452,2,2
788,453,2,2
788,454,2,2
788,455,2,2
788,456,2,2
788,457,2,2
788,458,2,2
788,459,2,2
788,460,2,2
788,461,2,2
788,462,2,2
788,463,2,3
789,33,2,2
789,34,2,2
789,35,2,2
789,36,2,2
789,37,2,2
789,38,2,2
789,39,2,2
789,40,2,2
789,41,2,2
789,42,2,2
789,43,2,2
789,44,2,2
789,45,2,2
789,46,2,2
789,47,2,2
789,48,2,2
789,49,2,2
789,50,2,2
789,51,2,2
789,52,2,2
789,53,2,2
789,54,2,2
789,55,2,2
789,56,2,2
789,57,2,2
789,58,2,2
789,59,2,2
789,60,2,2
789,61,2,2
789,62,2,2
789,63,2,2
789,64,2,2
789,65,2,2
789,66,2,2
789,67,2,2
789,68,2,2
789,69,2,2
789,70,2,2
789,71,2,2
789,72,2,2
789,73,2,2
789,74,2,2
789,75,2,2
789,76,2,2
789,77,2,2
789,78,2,2
789,79,2,2
789,80,2,2
789,81,2,2
789,82,2,2
789,83,2,2
789,84,2,2
789,85,2,2
789,86,2,2
789,87,2,2
789,88,2,2
789,89,2,2
789,90,2,2
789,91,2,2
789,92,2,2
789,93,2,2
789,94,2,2
789,95,2,2
789,96,2,2
789,97,2,2
789,98,2,2
789,99,2,2
789,100,2,2
789,101,2,2
789,102,2,2
789,103,2,2
789,104,2,2
789,105,2,2
789,106,2,2
789,107,2,2
789,108,2,2
789,109,2,2
789,110,2,2
789,111,2,2
789,112,2,2
789,113,2,2
789,114,2,2
789,115,2,2
789,116,2,2
789,117,2,2
789,118,2,2
789,119,2,2
789,120,2,2
789,121,2,2
789,122,2,2
789,123,2,2
789,124,2,2
789,125,2,2
789,126,2,2
789,127,2,2
789,128,2,2
789,129,2,2
789,130,2,2
789,131,2,2
789,132,2,2
789,133,2,2
789,134,2,2
789,135,2,2
789,136,2,2
789,137,2,2
789,138,2,2
789,139,2,2
789,140,2,2
789,141,2,2
789,142,2,2
789,143,2,2
789,144,2,2
789,145,2,2
789,146,2,2
789,147,2,2
789,148,2,2
789,149,2,2
789,150,2,2
789,151,2,2
789,152,2,2
789,153,2,2
789,154,2,2
789,155,2,2
789,156,2,2
789,157,2,2
789,158,2,2
789,159,2,2
789,160,2,2
789,161,2,2
789,162,2,2
789,163,2,2
789,164,2,2
789,165,2,2
789,166,2,2
789,167,2,2
789,168,2,2
789,169,2,2
789,170,2,2
789,171,2,2
789,172,2,2
789,173,2,2
789,174,2,2
789,175,2,2
789,176,2,2
789,177,2,2
789,178,2,2
789,179,2,2
789,180,2,2
789,181,2,2
789,182,2,2
789,183,2,2
789,184,2,2
789,185,2,2
789,186,2,2
789,187,2,2
789,188,2,2
789,189,2,2
789,190,2,2
789,191,2,2
789,192,2,2
789,193,2,2
789,194,2,2
789,195,2,2
789,196,2,2
789,197,2,2
789,198,2,2
789,199,2,2
789,200,2,2
789,201,2,2
789,202,2,2
789,203,2,2
789,204,2,2
789,205,2,2
789,206,2,2
789,207,2,2
789,208,2,2
789,209,2,2
789,210,2,2
789,211,2,2
789,212,2,2
789,213,2,2
789,214,2,2
789,215,2,2
789,216,2,2
789,217,2,2
789,218,2,2
789,219,2,2
789,220,2,2
789,221,2,2
789,222,2,2
789,223,2,2
789,224,2,2
789,225,2,2
789,226,2,2
789,227,2,2
789,228,2,2
789,229,2,2
789,230,2,2
789,231,2,2
789,232,2,2
789,233,2,2
789,234,2,2
789,235,2,2
789,236,2,2
789,237,2,2
789,238,2,2
789,239,2,2
789,240,2,2
789,241,2,2
789,242,2,2
789,243,2,2
789,244,2,2
789,245,2,2
789,246,2,2
789,247,2,2
789,248,2,2
789,249,2,2
789,250,2,2
789,251,2,2
789,252,2,2
789,253,2,2
789,254,2,2
789,255,2,2
789,256,2,2
789,257,2,2
789,258,2,2
789,259,2,2
789,260,2,3
789,261,2,3
789,262,2,3
789,263,2,3
789,264,2,3
789,265,2,3
789,266,2,3
789,267,2,3
789,268,2,3
789,269,2,3
789,270,2,3
789,271,2,3
789,272,2,3
789,273,2,3
789,274,2,3
789,275,2,3
789,276,2,3
789,277,2,3
789,278,2,3
789,279,2,3
789,280,2,3
789,281,2,3
789,282,2,3
789,283,2,3
789,284,2,3
789,285,2,3
789,286,2,3
789,287,2,3
789,288,2,3
789,289,2,3
789,290,2,3
789,291,2,3
789,292,2,3
789,293,2,3
789,294,2,3
789,295,2,3
789,296,2,3
789,297,2,3
789,298,2,3
789,299,2,3
789,300,2,3
789,301,2,3
789,302,2,3
789,303,2,3
789,304,2,3
789,305,2,3
789,306,2,3
789,307,2,3
789,308,2,2
789,309,2,2
789,310,2,2
789,311,2,2
789,312,2,2
789,313,2,2
789,314,2,2
789,315,2,2
789,316,2,2
789,317,2,2
789,318,2,2
789,319,2,2
789,320,2,2
789,321,2,2
789,322,2,2
789,323,2,2
789,324,2,2
789,325,2,2
789,326,2,2
789,327,2,2
789,328,2,2
789,329,2,2
789,330,2,2
789,331,2,2
789,332,2,2
789,333,2,2
789,334,2,2
789,335,2,2
789,336,2,2
789,337,2,2
789,338,2,2
789,339,2,2
789,340,2,2
789,341,2,2
789,342,2,2
789,343,2,2
789,344,2,2
789,345,2,2
789,346,2,2
789,347,2,2
789,348,2,2
789,349,2,2
789,350,2,2
789,351,2,2
789,352,2,2
789,353,2,2
789,354,2,2
789,355,2,2
789,356,2,2
789,357,2,2
789,358,2,2
789,359,2,2
789,360,2,2
789,361,2,2
789,362,2,2
789,363,2,2
789,364,2,2
789,365,2,2
789,366,2,2
789,367,2,2
789,368,2,2
789,369,2,2
789,370,2,2
789,371,2,2
789,372,2,2
789,373,2,2
789,374,2,2
789,375,2,2
789,376,2,2
789,377,2,2
789,378,2,2
789,379,2,2
789,380,2,2
789,381,2,2
789,382,2,2
789,383,2,2
789,384,2,2
789,385,2,2
789,386,2,2
789,387,2,2
789,388,2,2
789,389,2,2
789,390,2,2
789,391,2,2
789,392,2,2
789,393,2,2
789,394,2,2
789,395,2,2
789,396,2,2
789,397,2,2
789,398,2,2
789,399,2,2
789,400,2,2
789,401,2,2
789,402,2,2
789,403,2,2
789,404,2,2
789,405,2,2
789,406,2,2
789,407,2,2
789,408,2,2
789,409,2,2
789,410,2,2
789,411,2,2
789,412,2,2
789,413,2,2
789,414,2,2
789,415,2,2
789,416,2,2
789,417,2,2
789,418,2,2
789,419,2,2
789,420,2,2
789,421,2,2
789,422,2,2
789,423,2,2
789,424,2,2
789,425,2,2
789,426,2,2
789,427,2,2
789,428,2,2
789,429,2,2
789,430,2,2
789,431,2,2
789,432,2,2
789,433,2,2
789,434,2,2
789,435,2,2
789,436,2,2
789,437,2,2
789,438,2,2
789,439,2,2
789,440,2,2
789,441,2,2
789,442,2,2
789,443,2,2
789,444,2,2
789,445,2,2
789,446,2,2
789,447,2,2
789,448,2,2
789,449,2,2
789,450,2,2
789,451,2,2
789,452,2,2
789,453,2,2
789,454,2,2
789,455,2,2
789,456,2,2
789,457,2,2
789,458,2,2
789,459,2,2
789,460,2,2
789,461,2,2
789,462,2,2
789,463,2,2
789,464,2,3
790,34,2,2
790,35,2,2
790,36,2,2
790,37,2,2
790,38,2,2
790,39,2,2
790,40,2,2
790,41,2,2
790,42,2,2
790,43,2,2
790,44,2,2
790,45,2,2
790,46,2,2
790,47,2,2
790,48,2,2
790,49,2,2
790,50,2,2
790,51,2,2
790,52,2,2
790,53,2,2
790,54,2,2
790,55,2,2
790,56,2,2
790,57,2,2
790,58,2,2
790,59,2,2
790,60,2,2
790,61,2,2
790,62,2,2
790,63,2,2
790,64,2,2
790,65,2,2
790,66,2,2
790,67,2,2
790,68,2,2
790,69,2,2
790,70,2,2
790,71,2,2
790,72,2,2
790,73,2,2
790,74,2,2
790,75,2,2
790,76,2,2
790,77,2,2
790,78,2,2
790,79,2,2
790,80,2,2
790,81,2,2
790,82,2,2
790,83,2,2
790,84,2,2
790,85,2,2
790,86,2,2
790,87,2,2
790,88,2,2
790,89,2,2
790,90,2,2
790,91,2,2
790,92,2,2
790,93,2,2
790,94,2,2
790,95,2,2
790,96,2,2
790,97,2,2
790,98,2,2
790,99,2,2
790,100,2,2
790,101,2,2
790,102,2,2
790,103,2,2
790,104,2,2
790,105,2,2
790,106,2,2
790,107,2,2
790,108,2,2
790,109,2,2
790,110,2,2
790,111,2,2
790,112,2,2
790,113,2,2
790,114,2,2
790,115,2,2
790,116,2,2
790,117,2,2
790,118,2,2
790,119,2,2
790,120,2,2
790,121,2,2
790,122,2,2
790,123,2,2
790,124,2,2
790,125,2,2
790,126,2,2
790,127,2,2
790,128,2,2
790,129,2,2
790,130,2,2
790,131,2,2
790,132,2,2
790,133,2,2
790,134,2,2
790,135,2,2
790,136,2,2
790,137,2,2
790,138,2,2
790,139,2,2
790,140,2,2
790,141,2,2
790,142,2,2
790,143,2,2
790,144,2,2
790,145,2,2
790,146,2,2
790,147,2,2
790,148,2,2
790,149,2,2
790,150,2,2
790,151,2,2
790,152,2,2
790,153,2,2
790,154,2,2
790,155,2,2
790,156,2,2
790,157,2,2
790,158,2,2
790,159,2,2
790,160,2,2
790,161,2,2
790,162,2,2
790,163,2,2
790,164,2,2
790,165,2,2
790,166,2,2
790,167,2,2
790,168,2,2
790,169,2,2
790,170,2,2
790,171,2,2
790,172,2,2
790,173,2,2
790,174,2,2
790,175,2,2
790,176,2,2
790,177,2,2
790,178,2,2
790,179,2,2
790,180,2,2
790,181,2,2
790,182,2,2
790,183,2,2
790,184,2,2
790,185,2,2
790,186,2,2
790,187,2,2
790,188,2,2
790,189,2,2
790,190,2,2
790,191,2,2
790,192,2,2
790,193,2,2
790,194,2,2
790,195,2,2
790,196,2,2
790,197,2,2
790,198,2,2
790,199,2,2
790,200,2,2
790,201,2,2
790,202,2,2
790,203,2,2
790,204,2,2
790,205,2,2
790,206,2,2
790,207,2,2
790,208,2,2
790,209,2,2
790,210,2,2
790,211,2,2
790,212,2,2
790,213,2,2
790,214,2,2
790,215,2,2
790,216,2,2
790,217,2,2
790,218,2,2
790,219,2,2
790,220,2,2
790,221,2,2
790,222,2,2
790,223,2,2
790,224,2,2
790,225,2,2
790,226,2,2
790,227,2,2
790,228,2,2
790,229,2,2
790,230,2,2
790,231,2,2
790,232,2,2
790,233,2,2
790,234,2,2
790,235,2,2
790,236,2,2
790,237,2,2
790,238,2,2
790,239,2,2
790,240,2,2
790,241,2,2
790,242,2,2
790,243,2,2
790,244,2,2
790,245,2,2
790,246,2,2
790,247,2,2
790,248,2,2
790,249,2,2
790,250,2,2
790,251,2,2
790,252,2,2
790,253,2,2
790,254,2,2
790,255,2,2
790,256,2,2
790,257,2,2
790,258,2,2
790,259,2,2
790,260,2,3
790,261,2,3
790,262,2,3
790,263,2,3
790,264,2,3
790,265,2,3
790,266,2,3
790,267,2,3
790,268,2,3
790,269,2,3
790,270,2,3
790,271,2,3
790,272,2,3
790,273,2,3
790,274,2,3
790,275,2,3
790,276,2,3
790,277,2,3
790,278,2,3
790,279,2,3
790,280,2,3
790,281,2,3
790,282,2,3
790,283,2,3
790,284,2,3
790,285,2,3
790,286,2,3
790,287,2,3
790,288,2,3
790,289,2,3
790,290,2,3
790,291,2,3
790,292,2,3
790,293,2,3
790,294,2,3
790,295,2,3
790,296,2,3
790,297,2,3
790,298,2,3
790,299,2,3
790,300,2,3
790,301,2,3
790,302,2,3
790,303,2,3
790,304,2,3
790,305,2,3
790,306,2,3
790,307,2,3
790,308,2,2
790,309,2,2
790,310,2,2
790,311,2,2
790,312,2,2
790,313,2,2
790,314,2,2
790,315,2,2
790,316,2,2
790,317,2,2
790,318,2,2
790,319,2,2
790,320,2,2
790,321,2,2
790,322,2,2
790,323,2,2
790,324,2,2
790,325,2,2
790,326,2,2
790,327,2,2
790,328,2,2
790,329,2,2
790,330,2,2
790,331,2,2
790,332,2,2
790,333,2,2
790,334,2,2
790,335,2,2
790,336,2,2
790,337,2,2
790,338,2,2
790,339,2,2
790,340,2,2
790,341,2,2
790,342,2,2
790,343,2,2
790,344,2,2
790,345,2,2
790,346,2,2
790,347,2,2
790,348,2,2
790,349,2,2
790,350,2,2
790,351,2,2
790,352,2,2
790,353,2,2
790,354,2,2
790,355,2,2
790,356,2,2
790,357,2,2
790,358,2,2
790,359,2,2
790,360,2,2
790,361,2,2
790,362,2,2
790,363,2,2
790,364,2,2
790,365,2,2
790,366,2,2
790,367,2,2
790,368,2,2
790,369,2,2
790,370,2,2
790,371,2,2
790,372,2,2
790,373,2,2
790,374,2,2
790,375,2,2
790,376,2,2
790,377,2,2
790,378,2,2
790,379,2,2
790,380,2,2
790,381,2,2
790,382,2,2
790,383,2,2
790,384,2,2
790,385,2,2
790,386,2,2
790,387,2,2
790,388,2,2
790,389,2,2
790,390,2,2
790,391,2,2
790,392,2,2
790,393,2,2
790,394,2,2
790,395,2,2
790,396,2,2
790,397,2,2
790,398,2,2
790,399,2,2
790,400,2,2
790,401,2,2
790,402,2,2
790,403,2,2
790,404,2,2
790,405,2,2
790,406,2,2
790,407,2,2
790,408,2,2
790,409,2,2
790,410,2,2
790,411,2,2
790,412,2,2
790,413,2,2
790,414,2,2
790,415,2,2
790,416,2,2
790,417,2,2
790,418,2,2
790,419,2,2
790,420,2,2
790,421,2,2
790,422,2,2
790,423,2,2
790,424,2,2
790,425,2,2
790,426,2,2
790,427,2,2
790,428,2,2
790,429,2,2
790,430,2,2
790,431,2,2
790,432,2,2
790,433,2,2
790,434,2,2
790,435,2,2
790,436,2,2
790,437,2,2
790,438,2,2
790,439,2,2
790,440,2,2
790,441,2,2
790,442,2,2
790,443,2,2
790,444,2,2
790,445,2,2
790,446,2,2
790,447,2,2
790,448,2,2
790,449,2,2
790,450,2,2
790,451,2,2
790,452,2,2
790,453,2,2
790,454,2,2
790,455,2,2
790,456,2,2
790,457,2,2
790,458,2,2
790,459,2,2
790,460,2,2
790,461,2,2
790,462,2,2
790,463,2,2
790,464,2,3
791,34,2,2
791,35,2,2
791,36,2,2
791,37,2,2
791,38,2,2
791,39,2,2
791,40,2,2
791,41,2,2
791,42,2,2
791,43,2,2
791,44,2,2
791,45,2,2
791,46,2,2
791,47,2,2
791,48,2,2
791,49,2,2
791,50,2,2
791,51,2,2
791,52,2,2
791,53,2,2
791,54,2,2
791,55,2,2
791,56,2,2
791,57,2,2
791,58,2,2
791,59,2,2
791,60,2,2
791,61,2,2
791,62,2,2
791,63,2,2
791,64,2,2
791,65,2,2
791,66,2,2
791,67,2,2
791,68,2,2
791,69,2,2
791,70,2,2
791,71,2,2
791,72,2,2
791,73,2,2
791,74,2,2
791,75,2,2
791,76,2,2
791,77,2,2
791,78,2,2
791,79,2,2
791,80,2,2
791,81,2,2
791,82,2,2
791,83,2,2
791,84,2,2
791,85,2,2
791,86,2,2
791,87,2,2
791,88,2,2
791,89,2,2
791,90,2,2
791,91,2,2
791,92,2,2
791,93,2,2
791,94,2,2
791,95,2,2
791,96,2,2
791,97,2,2
791,98,2,2
791,99,2,2
791,100,2,2
791,101,2,2
791,102,2,2
791,103,2,2
791,104,2,2
791,105,2,2
791,106,2,2
791,107,2,2
791,108,2,2
791,109,2,2
791,110,2,2
791,111,2,2
791,112,2,2
791,113,2,2
791,114,2,2
791,115,2,2
791,116,2,2
791,117,2,2
791,118,2,2
791,119,2,2
791,120,2,2
791,121,2,2
791,122,2,2
791,123,2,2
791,124,2,2
791,125,2,2
791,126,2,2
791,127,2,2
791,128,2,2
791,129,2,2
791,130,2,2
791,131,2,2
791,132,2,2
791,133,2,2
791,134,2,2
791,135,2,2
791,136,2,2
791,137,2,2
791,138,2,2
791,139,2,2
791,140,2,2
791,141,2,2
791,142,2,2
791,143,2,2
791,144,2,2
791,145,2,2
791,146,2,2
791,147,2,2
791,148,2,2
791,149,2,2
791,150,2,2
791,151,2,2
791,152,2,2
791,153,2,2
791,154,2,2
791,155,2,2
791,156,2,2
791,157,2,2
791,158,2,2
791,159,2,2
791,160,2,2
791,161,2,2
791,162,2,2
791,163,2,2
791,164,2,2
791,165,2,2
791,166,2,2
791,167,2,2
791,168,2,2
791,169,2,2
791,170,2,2
791,171,2,2
791,172,2,2
791,173,2,2
791,174,2,2
791,175,2,2
791,176,2,2
791,177,2,2
791,178,2,2
791,179,2,2
791,180,2,2
791,181,2,2
791,182,2,2
791,183,2,2
791,184,2,2
791,185,2,2
791,186,2,2
791,187,2,2
791,188,2,2
791,189,2,2
791,190,2,2
791,191,2,2
791,192,2,2
791,193,2,2
791,194,2,2
791,195,2,2
791,196,2,2
791,197,2,2
791,198,2,2
791,199,2,2
791,200,2,2
791,201,2,2
791,202,2,2
791,203,2,2
791,204,2,2
791,205,2,2
791,206,2,2
791,207,2,2
791,208,2,2
791,209,2,2
791,210,2,2
791,211,2,2
791,212,2,2
791,213,2,2
791,214,2,2
791,215,2,2
791,216,2,2
791,217,2,2
791,218,2,2
791,219,2,2
791,220,2,2
791,221,2,2
791,222,2,2
791,223,2,2
791,224,2,2
791,225,2,2
791,226,2,2
791,227,2,2
791,228,2,2
791,229,2,2
791,230,2,2
791,231,2,2
791,232,2,2
791,233,2,2
791,234,2,2
791,235,2,2
791,236,2,2
791,237,2,2
791,238,2,2
791,239,2,2
791,240,2,2
791,241,2,2
791,242,2,2
791,243,2,2
791,244,2,2
791,245,2,2
791,246,2,2
791,247,2,2
791,248,2,2
791,249,2,2
791,250,2,2
791,251,2,2
791,252,2,2
791,253,2,2
791,254,2,2
791,255,2,2
791,256,2,2
791,257,2,2
791,258,2,2
791,259,2,2
791,260,2,3
791,261,2,3
791,262,2,3
791,263,2,3
791,264,2,3
791,265,2,3
791,266,2,3
791,267,2,3
791,268,2,3
791,269,2,3
791,270,2,3
791,271,2,3
791,272,2,3
791,273,2,3
791,274,2,3
791,275,2,3
791,276,2,3
791,277,2,3
791,278,2,3
791,279,2,3
791,280,2,3
791,281,2,3
791,282,2,3
791,283,2,3
791,284,2,3
791,285,2,3
791,286,2,3
791,287,2,3
791,288,2,3
791,289,2,3
791,290,2,3
791,291,2,3
791,292,2,3
791,293,2,3
791,294,2,3
791,295,2,3
791,296,2,3
791,297,2,3
791,298,2,3
791,299,2,3
791,300,2,3
791,301,2,3
791,302,2,3
791,303,2,3
791,304,2,3
791,305,2,3
791,306,2,3
791,307,2,3
791,308,2,2
791,309,2,2
791,310,2,2
791,311,2,2
791,312,2,2
791,313,2,2
791,314,2,2
791,315,2,2
791,316,2,2
791,317,2,2
791,318,2,2
791,319,2,2
791,320,2,2
791,321,2,2
791,322,2,2
791,323,2,2
791,324,2,2
791,325,2,2
791,326,2,2
791,327,2,2
791,328,2,2
791,329,2,2
791,330,2,2
791,331,2,2
791,332,2,2
791,333,2,2
791,334,2,2
791,335,2,2
791,336,2,2
791,337,2,2
791,338,2,2
791,339,2,2
791,340,2,2
791,341,2,2
791,342,2,2
791,343,2,2
791,344,2,2
791,345,2,2
791,346,2,2
791,347,2,2
791,348,2,2
791,349,2,2
791,350,2,2
791,351,2,2
791,352,2,2
791,353,2,2
791,354,2,2
791,355,2,2
791,356,2,2
791,357,2,2
791,358,2,2
791,359,2,2
791,360,2,2
791,361,2,2
791,362,2,2
791,363,2,2
791,364,2,2
791,365,2,2
791,366,2,2
791,367,2,2
791,368,2,2
791,369,2,2
791,370,2,2
791,371,2,2
791,372,2,2
791,373,2,2
791,374,2,2
791,375,2,2
791,376,2,2
791,377,2,2
791,378,2,2
791,379,2,2
791,380,2,2
791,381,2,2
791,382,2,2
791,383,2,2
791,384,2,2
791,385,2,2
791,386,2,2
791,387,2,2
791,388,2,2
791,389,2,2
791,390,2,2
791,391,2,2
791,392,2,2
791,393,2,2
791,394,2,2
791,395,2,2
791,396,2,2
791,397,2,2
791,398,2,2
791,399,2,2
791,400,2,2
791,401,2,2
791,402,2,2
791,403,2,2
791,404,2,2
791,405,2,2
791,406,2,2
791,407,2,2
791,408,2,2
791,409,2,2
791,410,2,2
791,411,2,2
791,412,2,2
791,413,2,2
791,414,2,2
791,415,2,2
791,416,2,2
791,417,2,2
791,418,2,2
791,419,2,2
791,420,2,2
791,421,2,2
791,422,2,2
791,423,2,2
791,424,2,2
791,425,2,2
791,426,2,2
791,427,2,2
791,428,2,2
791,429,2,2
791,430,2,2
791,431,2,2
791,432,2,2
791,433,2,2
791,434,2,2
791,435,2,2
791,436,2,2
791,437,2,2
791,438,2,2
791,439,2,2
791,440,2,2
791,441,2,2
791,442,2,2
791,443,2,2
791,444,2,2
791,445,2,2
791,446,2,2
791,447,2,2
791,448,2,2
791,449,2,2
791,450,2,2
791,451,2,2
791,452,2,2
791,453,2,2
791,454,2,2
791,455,2,2
791,456,2,2
791,457,2,2
791,458,2,2
791,459,2,2
791,460,2,2
791,461,2,2
791,462,2,2
791,463,2,2
791,464,2,3
791,465,2,3
792,34,2,2
792,35,2,2
792,36,2,2
792,37,2,2
792,38,2,2
792,39,2,2
792,40,2,2
792,41,2,2
792,42,2,2
792,43,2,2
792,44,2,2
792,45,2,2
792,46,2,2
792,47,2,2
792,48,2,2
792,49,2,2
792,50,2,2
792,51,2,2
792,52,2,2
792,53,2,2
792,54,2,2
792,55,2,2
792,56,2,2
792,57,2,2
792,58,2,2
792,59,2,2
792,60,2,2
792,61,2,2
792,62,2,2
792,63,2,2
792,64,2,2
792,65,2,2
792,66,2,2
792,67,2,2
792,68,2,2
792,69,2,2
792,70,2,2
792,71,2,2
792,72,2,2
792,73,2,2
792,74,2,2
792,75,2,2
792,76,2,2
792,77,2,2
792,78,2,2
792,79,2,2
792,80,2,2
792,81,2,2
792,82,2,2
792,83,2,2
792,84,2,2
792,85,2,2
792,86,2,2
792,87,2,2
792,88,2,2
792,89,2,2
792,90,2,2
792,91,2,2
792,92,2,2
792,93,2,2
792,94,2,2
792,95,2,2
792,96,2,2
792,97,2,2
792,98,2,2
792,99,2,2
792,100,2,2
792,101,2,2
792,102,2,2
792,103,2,2
792,104,2,2
792,105,2,2
792,106,2,2
792,107,2,2
792,108,2,2
792,109,2,2
792,110,2,2
792,111,2,2
792,112,2,2
792,113,2,2
792,114,2,2
792,115,2,2
792,116,2,2
792,117,2,2
792,118,2,2
792,119,2,2
792,120,2,2
792,121,2,2
792,122,2,2
792,123,2,2
792,124,2,2
792,125,2,2
792,126,2,2
792,127,2,2
792,128,2,2
792,129,2,2
792,130,2,2
792,131,2,2
792,132,2,2
792,133,2,2
792,134,2,2
792,135,2,2
792,136,2,2
792,137,2,2
792,138,2,2
792,139,2,2
792,140,2,2
792,141,2,2
792,142,2,2
792,143,2,2
792,144,2,2
792,145,2,2
792,146,2,2
792,147,2,2
792,148,2,2
792,149,2,2
792,150,2,2
792,151,2,2
792,152,2,2
792,153,2,2
792,154,2,2
792,155,2,2
792,156,2,2
792,157,2,2
792,158,2,2
792,159,2,2
792,160,2,2
792,161,2,2
792,162,2,2
792,163,2,2
792,164,2,2
792,165,2,2
792,166,2,2
792,167,2,2
792,168,2,2
792,169,2,2
792,170,2,2
792,171,2,2
792,172,2,2
792,173,2,2
792,174,2,2
792,175,2,2
792,176,2,2
792,177,2,2
792,178,2,2
792,179,2,2
792,180,2,2
792,181,2,2
792,182,2,2
792,183,2,2
792,184,2,2
792,185,2,2
792,186,2,2
792,187,2,2
792,188,2,2
792,189,2,2
792,190,2,2
792,191,2,2
792,192,2,2
792,193,2,2
792,194,2,2
792,195,2,2
792,196,2,2
792,197,2,2
792,198,2,2
792,199,2,2
792,200,2,2
792,201,2,2
792,202,2,2
792,203,2,2
792,204,2,2
792,205,2,2
792,206,2,2
792,207,2,2
792,208,2,2
792,209,2,2
792,210,2,2
792,211,2,2
792,212,2,2
792,213,2,2
792,214,2,2
792,215,2,2
792,216,2,2
792,217,2,2
792,218,2,2
792,219,2,2
792,220,2,2
792,221,2,2
792,222,2,2
792,223,2,2
792,224,2,2
792,225,2,2
792,226,2,2
792,227,2,2
792,228,2,2
792,229,2,2
792,230,2,2
792,231,2,2
792,232,2,2
792,233,2,2
792,234,2,2
792,235,2,2
792,236,2,2
792,237,2,2
792,238,2,2
792,239,2,2
792,240,2,2
792,241,2,2
792,242,2,2
792,243,2,2
792,244,2,2
792,245,2,2
792,246,2,2
792,247,2,2
792,248,2,2
792,249,2,2
792,250,2,2
792,251,2,2
792,252,2,2
792,253,2,2
792,254,2,2
792,255,2,2
792,256,2,2
792,257,2,2
792,258,2,2
792,259,2,2
792,260,2,3
792,261,2,3
792,262,2,3
792,263,2,3
792,264,2,3
792,265,2,3
792,266,2,3
792,267,2,3
792,268,2,3
792,269,2,3
792,270,2,3
792,271,2,3
792,272,2,3
792,273,2,3
792,274,2,3
792,275,2,3
792,276,2,3
792,277,2,3
792,278,2,3
792,279,2,3
792,280,2,3
792,281,2,3
792,282,2,3
792,283,2,3
792,284,2,3
792,285,2,3
792,286,2,3
792,287,2,3
792,288,2,3
792,289,2,3
792,290,2,3
792,291,2,3
792,292,2,3
792,293,2,3
792,294,2,3
792,295,2,3
792,296,2,3
792,297,2,3
792,298,2,3
792,299,2,3
792,300,2,3
792,301,2,3
792,302,2,3
792,303,2,3
792,304,2,3
792,305,2,3
792,306,2,3
792,307,2,3
792,308,2,2
792,309,2,2
792,310,2,2
792,311,2,2
792,312,2,2
792,313,2,2
792,314,2,2
792,315,2,2
792,316,2,2
792,317,2,2
792,318,2,2
792,319,2,2
792,320,2,2
792,321,2,2
792,322,2,2
792,323,2,2
792,324,2,2
792,325,2,2
792,326,2,2
792,327,2,2
792,328,2,2
792,329,2,2
792,330,2,2
792,331,2,2
792,332,2,2
792,333,2,2
792,334,2,2
792,335,2,2
792,336,2,2
792,337,2,2
792,338,2,2
792,339,2,2
792,340,2,2
792,341,2,2
792,342,2,2
792,343,2,2
792,344,2,2
792,345,2,2
792,346,2,2
792,347,2,2
792,348,2,2
792,349,2,2
792,350,2,2
792,351,2,2
792,352,2,2
792,353,2,2
792,354,2,2
792,355,2,2
792,356,2,2
792,357,2,2
792,358,2,2
792,359,2,2
792,360,2,2
792,361,2,2
792,362,2,2
792,363,2,2
792,364,2,2
792,365,2,2
792,366,2,2
792,367,2,2
792,368,2,2
792,369,2,2
792,370,2,2
792,371,2,2
792,372,2,2
792,373,2,2
792,374,2,2
792,375,2,2
792,376,2,2
792,377,2,2
792,378,2,2
792,379,2,2
792,380,2,2
792,381,2,2
792,382,2,2
792,383,2,2
792,384,2,2
792,385,2,2
792,386,2,2
792,387,2,2
792,388,2,2
792,389,2,2
792,390,2,2
792,391,2,2
792,392,2,2
792,393,2,2
792,394,2,2
792,395,2,2
792,396,2,2
792,397,2,2
792,398,2,2
792,399,2,2
792,400,2,2
792,401,2,2
792,402,2,2
792,403,2,2
792,404,2,2
792,405,2,2
792,406,2,2
792,407,2,2
792,408,2,2
792,409,2,2
792,410,2,2
792,411,2,2
792,412,2,2
792,413,2,2
792,414,2,2
792,415,2,2
792,416,2,2
792,417,2,2
792,418,2,2
792,419,2,2
792,420,2,2
792,421,2,2
792,422,2,2
792,423,2,2
792,424,2,2
792,425,2,2
792,426,2,2
792,427,2,2
792,428,2,2
792,429,2,2
792,430,2,2
792,431,2,2
792,432,2,2
792,433,2,2
792,434,2,2
792,435,2,2
792,436,2,2
792,437,2,2
792,438,2,2
792,439,2,2
792,440,2,2
792,441,2,2
792,442,2,2
792,443,2,2
792,444,2,2
792,445,2,2
792,446,2,2
792,447,2,2
792,448,2,2
792,449,2,2
792,450,2,2
792,451,2,2
792,452,2,2
792,453,2,2
792,454,2,2
792,455,2,2
792,456,2,2
792,457,2,2
792,458,2,2
792,459,2,2
792,460,2,2
792,461,2,2
792,462,2,2
792,463,2,2
792,464,2,2
792,465,2,3
792,466,2,3
793,34,2,2
793,35,2,2
793,36,2,2
793,37,2,2
793,38,2,2
793,39,2,2
793,40,2,2
793,41,2,2
793,42,2,2
793,43,2,2
793,44,2,2
793,45,2,2
793,46,2,2
793,47,2,2
793,48,2,2
793,49,2,2
793,50,2,2
793,51,2,2
793,52,2,2
793,53,2,2
793,54,2,2
793,55,2,2
793,56,2,2
793,57,2,2
793,58,2,2
793,59,2,2
793,60,2,2
793,61,2,2
793,62,2,2
793,63,2,2
793,64,2,2
793,65,2,2
793,66,2,2
793,67,2,2
793,68,2,2
793,69,2,2
793,70,2,2
793,71,2,2
793,72,2,2
793,73,2,2
793,74,2,2
793,75,2,2
793,76,2,2
793,77,2,2
793,78,2,2
793,79,2,2
793,80,2,2
793,81,2,2
793,82,2,2
793,83,2,2
793,84,2,2
793,85,2,2
793,86,2,2
793,87,2,2
793,88,2,2
793,89,2,2
793,90,2,2
793,91,2,2
793,92,2,2
793,93,2,2
793,94,2,2
793,95,2,2
793,96,2,2
793,97,2,2
793,98,2,2
793,99,2,2
793,100,2,2
793,101,2,2
793,102,2,2
793,103,2,2
793,104,2,2
793,105,2,2
793,106,2,2
793,107,2,2
793,108,2,2
793,109,2,2
793,110,2,2
793,111,2,2
793,112,2,2
793,113,2,2
793,114,2,2
793,115,2,2
793,116,2,2
793,117,2,2
793,118,2,2
793,119,2,2
793,120,2,2
793,121,2,2
793,122,2,2
793,123,2,2
793,124,2,2
793,125,2,2
793,126,2,2
793,127,2,2
793,128,2,2
793,129,2,2
793,130,2,2
793,131,2,2
793,132,2,2
793,133,2,2
793,134,2,2
793,135,2,2
793,136,2,2
793,137,2,2
793,138,2,2
793,139,2,2
793,140,2,2
793,141,2,2
793,142,2,2
793,143,2,2
793,144,2,2
793,145,2,2
793,146,2,2
793,147,2,2
793,148,2,2
793,149,2,2
793,150,2,2
793,151,2,2
793,152,2,2
793,153,2,2
793,154,2,2
793,155,2,2
793,156,2,2
793,157,2,2
793,158,2,2
793,159,2,2
793,160,2,2
793,161,2,2
793,162,2,2
793,163,2,2
793,164,2,2
793,165,2,2
793,166,2,2
793,167,2,2
793,168,2,2
793,169,2,2
793,170,2,2
793,171,2,2
793,172,2,2
793,173,2,2
793,174,2,2
793,175,2,2
793,176,2,2
793,177,2,2
793,178,2,2
793,179,2,2
793,180,2,2
793,181,2,2
793,182,2,2
793,183,2,2
793,184,2,2
793,185,2,2
793,186,2,2
793,187,2,2
793,188,2,2
793,189,2,2
793,190,2,2
793,191,2,2
793,192,2,2
793,193,2,2
793,194,2,2
793,195,2,2
793,196,2,2
793,197,2,2
793,198,2,2
793,199,2,2
793,200,2,2
793,201,2,2
793,202,2,2
793,203,2,2
793,204,2,2
793,205,2,2
793,206,2,2
793,207,2,2
793,208,2,2
793,209,2,2
793,210,2,2
793,211,2,2
793,212,2,2
793,213,2,2
793,214,2,2
793,215,2,2
793,216,2,2
793,217,2,2
793,218,2,2
793,219,2,2
793,220,2,2
793,221,2,2
793,222,2,2
793,223,2,2
793,224,2,2
793,225,2,2
793,226,2,2
793,227,2,2
793,228,2,2
793,229,2,2
793,230,2,2
793,231,2,2
793,232,2,2
793,233,2,2
793,234,2,2
793,235,2,2
793,236,2,2
793,237,2,2
793,238,2,2
793,239,2,2
793,240,2,2
793,241,2,2
793,242,2,2
793,243,2,2
793,244,2,2
793,245,2,2
793,246,2,2
793,247,2,2
793,248,2,2
793,249,2,2
793,250,2,2
793,251,2,2
793,252,2,2
793,253,2,2
793,254,2,2
793,255,2,2
793,256,2,2
793,257,2,2
793,258,2,2
793,259,2,2
793,260,2,3
793,261,2,3
793,262,2,3
793,263,2,3
793,264,2,3
793,265,2,3
793,266,2,3
793,267,2,3
793,268,2,3
793,269,2,3
793,270,2,3
793,271,2,3
793,272,2,3
793,273,2,3
793,274,2,3
793,275,2,3
793,276,2,3
793,277,2,3
793,278,2,3
793,279,2,3
793,280,2,3
793,281,2,3
793,282,2,3
793,283,2,3
793,284,2,3
793,285,2,3
793,286,2,3
793,287,2,3
793,288,2,3
793,289,2,3
793,290,2,3
793,291,2,3
793,292,2,3
793,293,2,3
793,294,2,3
793,295,2,3
793,296,2,3
793,297,2,3
793,298,2,3
793,299,2,3
793,300,2,3
793,301,2,3
793,302,2,3
793,303,2,3
793,304,2,3
793,305,2,3
793,306,2,3
793,307,2,3
793,308,2,2
793,309,2,2
793,310,2,2
793,311,2,2
793,312,2,2
793,313,2,2
793,314,2,2
793,315,2,2
793,316,2,2
793,317,2,2
793,318,2,2
793,319,2,2
793,320,2,2
793,321,2,2
793,322,2,2
793,323,2,2
793,324,2,2
793,325,2,2
793,326,2,2
793,327,2,2
793,328,2,2
793,329,2,2
793,330,2,2
793,331,2,2
793,332,2,2
793,333,2,2
793,334,2,2
793,335,2,2
793,336,2,2
793,337,2,2
793,338,2,2
793,339,2,2
793,340,2,2
793,341,2,2
793,342,2,2
793,343,2,2
793,344,2,2
793,345,2,2
793,346,2,2
793,347,2,2
793,348,2,2
793,349,2,2
793,350,2,2
793,351,2,2
793,352,2,2
793,353,2,2
793,354,2,2
793,355,2,2
793,356,2,2
793,357,2,2
793,358,2,2
793,359,2,2
793,360,2,2
793,361,2,2
793,362,2,2
793,363,2,2
793,364,2,2
793,365,2,2
793,366,2,2
793,367,2,2
793,368,2,2
793,369,2,2
793,370,2,2
793,371,2,2
793,372,2,2
793,373,2,2
793,374,2,2
793,375,2,2
793,376,2,2
793,377,2,2
793,378,2,2
793,379,2,2
793,380,2,2
793,381,2,2
793,382,2,2
793,383,2,2
793,384,2,2
793,385,2,2
793,386,2,2
793,387,2,2
793,388,2,2
793,389,2,2
793,390,2,2
793,391,2,2
793,392,2,2
793,393,2,2
793,394,2,2
793,395,2,2
793,396,2,2
793,397,2,2
793,398,2,2
793,399,2,2
793,400,2,2
793,401,2,2
793,402,2,2
793,403,2,2
793,404,2,2
793,405,2,2
793,406,2,2
793,407,2,2
793,408,2,2
793,409,2,2
793,410,2,2
793,411,2,2
793,412,2,2
793,413,2,2
793,414,2,2
793,415,2,2
793,416,2,2
793,417,2,2
793,418,2,2
793,419,2,2
793,420,2,2
793,421,2,2
793,422,2,2
793,423,2,2
793,424,2,2
793,425,2,2
793,426,2,2
793,427,2,2
793,428,2,2
793,429,2,2
793,430,2,2
793,431,2,2
793,432,2,2
793,433,2,2
793,434,2,2
793,435,2,2
793,436,2,2
793,437,2,2
793,438,2,2
793,439,2,2
793,440,2,2
793,441,2,2
793,442,2,2
793,443,2,2
793,444,2,2
793,445,2,2
793,446,2,2
793,447,2,2
793,448,2,2
793,449,2,2
793,450,2,2
793,451,2,2
793,452,2,2
793,453,2,2
793,454,2,2
793,455,2,2
793,456,2,2
793,457,2,2
793,458,2,2
793,459,2,2
793,460,2,2
793,461,2,2
793,462,2,2
793,463,2,2
793,464,2,2
793,465,2,3
793,466,2,3
793,467,2,2
794,34,2,2
794,35,2,2
794,36,2,2
794,37,2,2
794,38,2,2
794,39,2,2
794,40,2,2
794,41,2,2
794,42,2,2
794,43,2,2
794,44,2,2
794,45,2,2
794,46,2,2
794,47,2,2
794,48,2,2
794,49,2,2
794,50,2,2
794,51,2,2
794,52,2,2
794,53,2,2
794,54,2,2
794,55,2,2
794,56,2,2
794,57,2,2
794,58,2,2
794,59,2,2
794,60,2,2
794,61,2,2
794,62,2,2
794,63,2,2
794,64,2,2
794,65,2,2
794,66,2,2
794,67,2,2
794,68,2,2
794,69,2,2
794,70,2,2
794,71,2,2
794,72,2,2
794,73,2,2
794,74,2,2
794,75,2,2
794,76,2,2
794,77,2,2
794,78,2,2
794,79,2,2
794,80,2,2
794,81,2,2
794,82,2,2
794,83,2,2
794,84,2,2
794,85,2,2
794,86,2,2
794,87,2,2
794,88,2,2
794,89,2,2
794,90,2,2
794,91,2,2
794,92,2,2
794,93,2,2
794,94,2,2
794,95,2,2
794,96,2,2
794,97,2,2
794,98,2,2
794,99,2,2
794,100,2,2
794,101,2,2
794,102,2,2
794,103,2,2
794,104,2,2
794,105,2,2
794,106,2,2
794,107,2,2
794,108,2,2
794,109,2,2
794,110,2,2
794,111,2,2
794,112,2,2
794,113,2,2
794,114,2,2
794,115,2,2
794,116,2,2
794,117,2,2
794,118,2,2
794,119,2,2
794,120,2,2
794,121,2,2
794,122,2,2
794,123,2,2
794,124,2,2
794,125,2,2
794,126,2,2
794,127,2,2
794,128,2,2
794,129,2,2
794,130,2,2
794,131,2,2
794,132,2,2
794,133,2,2
794,134,2,2
794,135,2,2
794,136,2,2
794,137,2,2
794,138,2,2
794,139,2,2
794,140,2,2
794,141,2,2
794,142,2,2
794,143,2,2
794,144,2,2
794,145,2,2
794,146,2,2
794,147,2,2
794,148,2,2
794,149,2,2
794,150,2,2
794,151,2,2
794,152,2,2
794,153,2,2
794,154,2,2
794,155,2,2
794,156,2,2
794,157,2,2
794,158,2,2
794,159,2,2
794,160,2,2
794,161,2,2
794,162,2,2
794,163,2,2
794,164,2,2
794,165,2,2
794,166,2,2
794,167,2,2
794,168,2,2
794,169,2,2
794,170,2,2
794,171,2,2
794,172,2,2
794,173,2,2
794,174,2,2
794,175,2,2
794,176,2,2
794,177,2,2
794,178,2,2
794,179,2,2
794,180,2,2
794,181,2,2
794,182,2,2
794,183,2,2
794,184,2,2
794,185,2,2
794,186,2,2
794,187,2,2
794,188,2,2
794,189,2,2
794,190,2,2
794,191,2,2
794,192,2,2
794,193,2,2
794,194,2,2
794,195,2,2
794,196,2,2
794,197,2,2
794,198,2,2
794,199,2,2
794,200,2,2
794,201,2,2
794,202,2,2
794,203,2,2
794,204,2,2
794,205,2,2
794,206,2,2
794,207,2,2
794,208,2,2
794,209,2,2
794,210,2,2
794,211,2,2
794,212,2,2
794,213,2,2
794,214,2,2
794,215,2,2
794,216,2,2
794,217,2,2
794,218,2,2
794,219,2,2
794,220,2,2
794,221,2,2
794,222,2,2
794,223,2,2
794,224,2,2
794,225,2,2
794,226,2,2
794,227,2,2
794,228,2,2
794,229,2,2
794,230,2,2
794,231,2,2
794,232,2,2
794,233,2,2
794,234,2,2
794,235,2,2
794,236,2,2
794,237,2,2
794,238,2,2
794,239,2,2
794,240,2,2
794,241,2,2
794,242,2,2
794,243,2,2
794,244,2,2
794,245,2,2
794,246,2,2
794,247,2,2
794,248,2,2
794,249,2,2
794,250,2,2
794,251,2,2
794,252,2,2
794,253,2,2
794,254,2,2
794,255,2,2
794,256,2,2
794,257,2,2
794,258,2,2
794,259,2,2
794,260,2,3
794,261,2,3
794,262,2,3
794,263,2,3
794,264,2,3
794,265,2,3
794,266,2,3
794,267,2,3
794,268,2,3
794,269,2,3
794,270,2,3
794,271,2,3
794,272,2,3
794,273,2,3
794,274,2,3
794,275,2,3
794,276,2,3
794,277,2,3
794,278,2,3
794,279,2,3
794,280,2,3
794,281,2,3
794,282,2,3
794,283,2,3
794,284,2,3
794,285,2,3
794,286,2,3
794,287,2,3
794,288,2,3
794,289,2,3
794,290,2,3
794,291,2,3
794,292,2,3
794,293,2,3
794,294,2,3
794,295,2,3
794,296,2,3
794,297,2,3
794,298,2,3
794,299,2,3
794,300,2,3
794,301,2,3
794,302,2,3
794,303,2,3
794,304,2,3
794,305,2,3
794,306,2,3
794,307,2,3
794,308,2,2
794,309,2,2
794,310,2,2
794,311,2,2
794,312,2,2
794,313,2,2
794,314,2,2
794,315,2,2
794,316,2,2
794,317,2,2
794,318,2,2
794,319,2,2
794,320,2,2
794,321,2,2
794,322,2,2
794,323,2,2
794,324,2,2
794,325,2,2
794,326,2,2
794,327,2,2
794,328,2,2
794,329,2,2
794,330,2,2
794,331,2,2
794,332,2,2
794,333,2,2
794,334,2,2
794,335,2,2
794,336,2,2
794,337,2,2
794,338,2,2
794,339,2,2
794,340,2,2
794,341,2,2
794,342,2,2
794,343,2,2
794,344,2,2
794,345,2,2
794,346,2,2
794,347,2,2
794,348,2,2
794,349,2,2
794,350,2,2
794,351,2,2
794,352,2,2
794,353,2,2
794,354,2,2
794,355,2,2
794,356,2,2
794,357,2,2
794,358,2,2
794,359,2,2
794,360,2,2
794,361,2,2
794,362,2,2
794,363,2,2
794,364,2,2
794,365,2,2
794,366,2,2
794,367,2,2
794,368,2,2
794,369,2,2
794,370,2,2
794,371,2,2
794,372,2,2
794,373,2,2
794,374,2,2
794,375,2,2
794,376,2,2
794,377,2,2
794,378,2,2
794,379,2,2
794,380,2,2
794,381,2,2
794,382,2,2
794,383,2,2
794,384,2,2
794,385,2,2
794,386,2,2
794,387,2,2
794,388,2,2
794,389,2,2
794,390,2,2
794,391,2,2
794,392,2,2
794,393,2,2
794,394,2,2
794,395,2,2
794,396,2,2
794,397,2,2
794,398,2,2
794,399,2,2
794,400,2,2
794,401,2,2
794,402,2,2
794,403,2,2
794,404,2,2
794,405,2,2
794,406,2,2
794,407,2,2
794,408,2,2
794,409,2,2
794,410,2,2
794,411,2,2
794,412,2,2
794,413,2,2
794,414,2,2
794,415,2,2
794,416,2,2
794,417,2,2
794,418,2,2
794,419,2,2
794,420,2,2
794,421,2,2
794,422,2,2
794,423,2,2
794,424,2,2
794,425,2,2
794,426,2,2
794,427,2,2
794,428,2,2
794,429,2,2
794,430,2,2
794,431,2,2
794,432,2,2
794,433,2,2
794,434,2,2
794,435,2,2
794,436,2,2
794,437,2,2
794,438,2,2
794,439,2,2
794,440,2,2
794,441,2,2
794,442,2,2
794,443,2,2
794,444,2,2
794,445,2,2
794,446,2,2
794,447,2,2
794,448,2,2
794,449,2,2
794,450,2,2
794,451,2,2
794,452,2,2
794,453,2,2
794,454,2,2
794,455,2,2
794,456,2,2
794,457,2,2
794,458,2,2
794,459,2,2
794,460,2,2
794,461,2,2
794,462,2,2
794,463,2,2
794,464,2,2
794,465,2,3
794,466,2,3
794,467,2,3
794,468,2,3
795,34,2,2
795,35,2,2
795,36,2,2
795,37,2,2
795,38,2,2
795,39,2,2
795,40,2,2
795,41,2,2
795,42,2,2
795,43,2,2
795,44,2,2
795,45,2,2
795,46,2,2
795,47,2,2
795,48,2,2
795,49,2,2
795,50,2,2
795,51,2,2
795,52,2,2
795,53,2,2
795,54,2,2
795,55,2,2
795,56,2,2
795,57,2,2
795,58,2,2
795,59,2,2
795,60,2,2
795,61,2,2
795,62,2,2
795,63,2,2
795,64,2,2
795,65,2,2
795,66,2,2
795,67,2,2
795,68,2,2
795,69,2,2
795,70,2,2
795,71,2,2
795,72,2,2
795,73,2,2
795,74,2,2
795,75,2,2
795,76,2,2
795,77,2,2
795,78,2,2
795,79,2,2
795,80,2,2
795,81,2,2
795,82,2,2
795,83,2,2
795,84,2,2
795,85,2,2
795,86,2,2
795,87,2,2
795,88,2,2
795,89,2,2
795,90,2,2
795,91,2,2
795,92,2,2
795,93,2,2
795,94,2,2
795,95,2,2
795,96,2,2
795,97,2,2
795,98,2,2
795,99,2,2
795,100,2,2
795,101,2,2
795,102,2,2
795,103,2,2
795,104,2,2
795,105,2,2
795,106,2,2
795,107,2,2
795,108,2,2
795,109,2,2
795,110,2,2
795,111,2,2
795,112,2,2
795,113,2,2
795,114,2,2
795,115,2,2
795,116,2,2
795,117,2,2
795,118,2,2
795,119,2,2
795,120,2,2
795,121,2,2
795,122,2,2
795,123,2,2
795,124,2,2
795,125,2,2
795,126,2,2
795,127,2,2
795,128,2,2
795,129,2,2
795,130,2,2
795,131,2,2
795,132,2,2
795,133,2,2
795,134,2,2
795,135,2,2
795,136,2,2
795,137,2,2
795,138,2,2
795,139,2,2
795,140,2,2
795,141,2,2
795,142,2,2
795,143,2,2
795,144,2,2
795,145,2,2
795,146,2,2
795,147,2,2
795,148,2,2
795,149,2,2
795,150,2,2
795,151,2,2
795,152,2,2
795,153,2,2
795,154,2,2
795,155,2,2
795,156,2,2
795,157,2,2
795,158,2,2
795,159,2,2
795,160,2,2
795,161,2,2
795,162,2,2
795,163,2,2
795,164,2,2
795,165,2,2
795,166,2,2
795,167,2,2
795,168,2,2
795,169,2,2
795,170,2,2
795,171,2,2
795,172,2,2
795,173,2,2
795,174,2,2
795,175,2,2
795,176,2,2
795,177,2,2
795,178,2,2
795,179,2,2
795,180,2,2
795,181,2,2
795,182,2,2
795,183,2,2
795,184,2,2
795,185,2,2
795,186,2,2
795,187,2,2
795,188,2,2
795,189,2,2
795,190,2,2
795,191,2,2
795,192,2,2
795,193,2,2
795,194,2,2
795,195,2,2
795,196,2,2
795,197,2,2
795,198,2,2
795,199,2,2
795,200,2,2
795,201,2,2
795,202,2,2
795,203,2,2
795,204,2,2
795,205,2,2
795,206,2,2
795,207,2,2
795,208,2,2
795,209,2,2
795,210,2,2
795,211,2,2
795,212,2,2
795,213,2,2
795,214,2,2
795,215,2,2
795,216,2,2
795,217,2,2
795,218,2,2
795,219,2,2
795,220,2,2
795,221,2,2
795,222,2,2
795,223,2,2
795,224,2,2
795,225,2,2
795,226,2,2
795,227,2,2
795,228,2,2
795,229,2,2
795,230,2,2
795,231,2,2
795,232,2,2
795,233,2,2
795,234,2,2
795,235,2,2
795,236,2,2
795,237,2,2
795,238,2,2
795,239,2,2
795,240,2,2
795,241,2,2
795,242,2,2
795,243,2,2
795,244,2,2
795,245,2,2
795,246,2,2
795,247,2,2
795,248,2,2
795,249,2,2
795,250,2,2
795,251,2,2
795,252,2,2
795,253,2,2
795,254,2,2
795,255,2,2
795,256,2,2
795,257,2,2
795,258,2,2
795,259,2,2
795,260,2,2
795,261,2,3
795,262,2,3
795,263,2,3
795,264,2,3
795,265,2,3
795,266,2,3
795,267,2,3
795,268,2,3
795,269,2,3
795,270,2,3
795,271,2,3
795,272,2,3
795,273,2,3
795,274,2,3
795,275,2,3
795,276,2,3
795,277,2,3
795,278,2,3
795,279,2,3
795,280,2,3
795,281,2,3
795,282,2,3
795,283,2,3
795,284,2,3
795,285,2,3
795,286,2,3
795,287,2,3
795,288,2,3
795,289,2,3
795,290,2,3
795,291,2,3
795,292,2,3
795,293,2,3
795,294,2,3
795,295,2,3
795,296,2,3
795,297,2,3
795,298,2,3
795,299,2,3
795,300,2,3
795,301,2,3
795,302,2,3
795,303,2,3
795,304,2,3
795,305,2,3
795,306,2,3
795,307,2,2
795,308,2,2
795,309,2,2
795,310,2,2
795,311,2,2
795,312,2,2
795,313,2,2
795,314,2,2
795,315,2,2
795,316,2,2
795,317,2,2
795,318,2,2
795,319,2,2
795,320,2,2
795,321,2,2
795,322,2,2
795,323,2,2
795,324,2,2
795,325,2,2
795,326,2,2
795,327,2,2
795,328,2,2
795,329,2,2
795,330,2,2
795,331,2,2
795,332,2,2
795,333,2,2
795,334,2,2
795,335,2,2
795,336,2,2
795,337,2,2
795,338,2,2
795,339,2,2
795,340,2,2
795,341,2,2
795,342,2,2
795,343,2,2
795,344,2,2
795,345,2,2
795,346,2,2
795,347,2,2
795,348,2,2
795,349,2,2
795,350,2,2
795,351,2,2
795,352,2,2
795,353,2,2
795,354,2,2
795,355,2,2
795,356,2,2
795,357,2,2
795,358,2,2
795,359,2,2
795,360,2,2
795,361,2,2
795,362,2,2
795,363,2,2
795,364,2,2
795,365,2,2
795,366,2,2
795,367,2,2
795,368,2,2
795,369,2,2
795,370,2,2
795,371,2,2
795,372,2,2
795,373,2,2
795,374,2,2
795,375,2,2
795,376,2,2
795,377,2,2
795,378,2,2
795,379,2,2
795,380,2,2
795,381,2,2
795,382,2,2
795,383,2,2
795,384,2,2
795,385,2,2
795,386,2,2
795,387,2,2
795,388,2,2
795,389,2,2
795,390,2,2
795,391,2,2
795,392,2,2
795,393,2,2
795,394,2,2
795,395,2,2
795,396,2,2
795,397,2,2
795,398,2,2
795,399,2,2
795,400,2,2
795,401,2,2
795,402,2,2
795,403,2,2
795,404,2,2
795,405,2,2
795,406,2,2
795,407,2,2
795,408,2,2
795,409,2,2
795,410,2,2
795,411,2,2
795,412,2,2
795,413,2,2
795,414,2,2
795,415,2,2
795,416,2,2
795,417,2,2
795,418,2,2
795,419,2,2
795,420,2,2
795,421,2,2
795,422,2,2
795,423,2,2
795,424,2,2
795,425,2,2
795,426,2,2
795,427,2,2
795,428,2,2
795,429,2,2
795,430,2,2
795,431,2,2
795,432,2,2
795,433,2,2
795,434,2,2
795,435,2,2
795,436,2,2
795,437,2,2
795,438,2,2
795,439,2,2
795,440,2,2
795,441,2,2
795,442,2,2
795,443,2,2
795,444,2,2
795,445,2,2
795,446,2,2
795,447,2,2
795,448,2,2
795,449,2,2
795,450,2,2
795,451,2,2
795,452,2,2
795,453,2,2
795,454,2,2
795,455,2,2
795,456,2,2
795,457,2,2
795,458,2,2
795,459,2,2
795,460,2,2
795,461,2,2
795,462,2,2
795,463,2,2
795,464,2,2
795,465,2,3
795,466,2,3
795,467,2,3
795,468,2,3
796,34,2,2
796,35,2,2
796,36,2,2
796,37,2,2
796,38,2,2
796,39,2,2
796,40,2,2
796,41,2,2
796,42,2,2
796,43,2,2
796,44,2,2
796,45,2,2
796,46,2,2
796,47,2,2
796,48,2,2
796,49,2,2
796,50,2,2
796,51,2,2
796,52,2,2
796,53,2,2
796,54,2,2
796,55,2,2
796,56,2,2
796,57,2,2
796,58,2,2
796,59,2,2
796,60,2,2
796,61,2,2
796,62,2,2
796,63,2,2
796,64,2,2
796,65,2,2
796,66,2,2
796,67,2,2
796,68,2,2
796,69,2,2
796,70,2,2
796,71,2,2
796,72,2,2
796,73,2,2
796,74,2,2
796,75,2,2
796,76,2,2
796,77,2,2
796,78,2,2
796,79,2,2
796,80,2,2
796,81,2,2
796,82,2,2
796,83,2,2
796,84,2,2
796,85,2,2
796,86,2,2
796,87,2,2
796,88,2,2
796,89,2,2
796,90,2,2
796,91,2,2
796,92,2,2
796,93,2,2
796,94,2,2
796,95,2,2
796,96,2,2
796,97,2,2
796,98,2,2
796,99,2,2
796,100,2,2
796,101,2,2
796,102,2,2
796,103,2,2
796,104,2,2
796,105,2,2
796,106,2,2
796,107,2,2
796,108,2,2
796,109,2,2
796,110,2,2
796,111,2,2
796,112,2,2
796,113,2,2
796,114,2,2
796,115,2,2
796,116,2,2
796,117,2,2
796,118,2,2
796,119,2,2
796,120,2,2
796,121,2,2
796,122,2,2
796,123,2,2
796,124,2,2
796,125,2,2
796,126,2,2
796,127,2,2
796,128,2,2
796,129,2,2
796,130,2,2
796,131,2,2
796,132,2,2
796,133,2,2
796,134,2,2
796,135,2,2
796,136,2,2
796,137,2,2
796,138,2,2
796,139,2,2
796,140,2,2
796,141,2,2
796,142,2,2
796,143,2,2
796,144,2,2
796,145,2,2
796,146,2,2
796,147,2,2
796,148,2,2
796,149,2,2
796,150,2,2
796,151,2,2
796,152,2,2
796,153,2,2
796,154,2,2
796,155,2,2
796,156,2,2
796,157,2,2
796,158,2,2
796,159,2,2
796,160,2,2
796,161,2,2
796,162,2,2
796,163,2,2
796,164,2,2
796,165,2,2
796,166,2,2
796,167,2,2
796,168,2,2
796,169,2,2
796,170,2,2
796,171,2,2
796,172,2,2
796,173,2,2
796,174,2,2
796,175,2,2
796,176,2,2
796,177,2,2
796,178,2,2
796,179,2,2
796,180,2,2
796,181,2,2
796,182,2,2
796,183,2,2
796,184,2,2
796,185,2,2
796,186,2,2
796,187,2,2
796,188,2,2
796,189,2,2
796,190,2,2
796,191,2,2
796,192,2,2
796,193,2,2
796,194,2,2
796,195,2,2
796,196,2,2
796,197,2,2
796,198,2,2
796,199,2,2
796,200,2,2
796,201,2,2
796,202,2,2
796,203,2,2
796,204,2,2
796,205,2,2
796,206,2,2
796,207,2,2
796,208,2,2
796,209,2,2
796,210,2,2
796,211,2,2
796,212,2,2
796,213,2,2
796,214,2,2
796,215,2,2
796,216,2,2
796,217,2,2
796,218,2,2
796,219,2,2
796,220,2,2
796,221,2,2
796,222,2,2
796,223,2,2
796,224,2,2
796,225,2,2
796,226,2,2
796,227,2,2
796,228,2,2
796,229,2,2
796,230,2,2
796,231,2,2
796,232,2,2
796,233,2,2
796,234,2,2
796,235,2,2
796,236,2,2
796,237,2,2
796,238,2,2
796,239,2,2
796,240,2,2
796,241,2,2
796,242,2,2
796,243,2,2
796,244,2,2
796,245,2,2
796,246,2,2
796,247,2,2
796,248,2,2
796,249,2,2
796,250,2,2
796,251,2,2
796,252,2,2
796,253,2,2
796,254,2,2
796,255,2,2
796,256,2,2
796,257,2,2
796,258,2,2
796,259,2,2
796,260,2,2
796,261,2,3
796,262,2,3
796,263,2,3
796,264,2,3
796,265,2,3
796,266,2,3
796,267,2,3
796,268,2,3
796,269,2,3
796,270,2,3
796,271,2,3
796,272,2,3
796,273,2,3
796,274,2,3
796,275,2,3
796,276,2,3
796,277,2,3
796,278,2,3
796,279,2,3
796,280,2,3
796,281,2,3
796,282,2,3
796,283,2,3
796,284,2,3
796,285,2,3
796,286,2,3
796,287,2,3
796,288,2,3
796,289,2,3
796,290,2,3
796,291,2,3
796,292,2,3
796,293,2,3
796,294,2,3
796,295,2,3
796,296,2,3
796,297,2,3
796,298,2,3
796,299,2,3
796,300,2,3
796,301,2,3
796,302,2,3
796,303,2,3
796,304,2,3
796,305,2,3
796,306,2,3
796,307,2,2
796,308,2,2
796,309,2,2
796,310,2,2
796,311,2,2
796,312,2,2
796,313,2,2
796,314,2,2
796,315,2,2
796,316,2,2
796,317,2,2
796,318,2,2
796,319,2,2
796,320,2,2
796,321,2,2
796,322,2,2
796,323,2,2
796,324,2,2
796,325,2,2
796,326,2,2
796,327,2,2
796,328,2,2
796,329,2,2
796,330,2,2
796,331,2,2
796,332,2,2
796,333,2,2
796,334,2,2
796,335,2,2
796,336,2,2
796,337,2,2
796,338,2,2
796,339,2,2
796,340,2,2
796,341,2,2
796,342,2,2
796,343,2,2
796,344,2,2
796,345,2,2
796,346,2,2
796,347,2,2
796,348,2,2
796,349,2,2
796,350,2,2
796,351,2,2
796,352,2,2
796,353,2,2
796,354,2,2
796,355,2,2
796,356,2,2
796,357,2,2
796,358,2,2
796,359,2,2
796,360,2,2
796,361,2,2
796,362,2,2
796,363,2,2
796,364,2,2
796,365,2,2
796,366,2,2
796,367,2,2
796,368,2,2
796,369,2,2
796,370,2,2
796,371,2,2
796,372,2,2
796,373,2,2
796,374,2,2
796,375,2,2
796,376,2,2
796,377,2,2
796,378,2,2
796,379,2,2
796,380,2,2
796,381,2,2
796,382,2,2
796,383,2,2
796,384,2,2
796,385,2,2
796,386,2,2
796,387,2,2
796,388,2,2
796,389,2,2
796,390,2,2
796,391,2,2
796,392,2,2
796,393,2,2
796,394,2,2
796,395,2,2
796,396,2,2
796,397,2,2
796,398,2,2
796,399,2,2
796,400,2,2
796,401,2,2
796,402,2,2
796,403,2,2
796,404,2,2
796,405,2,2
796,406,2,2
796,407,2,2
796,408,2,2
796,409,2,2
796,410,2,2
796,411,2,2
796,412,2,2
796,413,2,2
796,414,2,2
796,415,2,2
796,416,2,2
796,417,2,2
796,418,2,2
796,419,2,2
796,420,2,2
796,421,2,2
796,422,2,2
796,423,2,2
796,424,2,2
796,425,2,2
796,426,2,2
796,427,2,2
796,428,2,2
796,429,2,2
796,430,2,2
796,431,2,2
796,432,2,2
796,433,2,2
796,434,2,2
796,435,2,2
796,436,2,2
796,437,2,2
796,438,2,2
796,439,2,2
796,440,2,2
796,441,2,2
796,442,2,2
796,443,2,2
796,444,2,2
796,445,2,2
796,446,2,2
796,447,2,2
796,448,2,2
796,449,2,2
796,450,2,2
796,451,2,2
796,452,2,2
796,453,2,2
796,454,2,2
796,455,2,2
796,456,2,2
796,457,2,2
796,458,2,2
796,459,2,2
796,460,2,2
796,461,2,2
796,462,2,2
796,463,2,2
796,464,2,2
796,465,2,2
796,466,2,2
796,467,2,3
796,468,2,3
796,469,2,3
797,34,2,2
797,35,2,2
797,36,2,2
797,37,2,2
797,38,2,2
797,39,2,2
797,40,2,2
797,41,2,2
797,42,2,2
797,43,2,2
797,44,2,2
797,45,2,2
797,46,2,2
797,47,2,2
797,48,2,2
797,49,2,2
797,50,2,2
797,51,2,2
797,52,2,2
797,53,2,2
797,54,2,2
797,55,2,2
797,56,2,2
797,57,2,2
797,58,2,2
797,59,2,2
797,60,2,2
797,61,2,2
797,62,2,2
797,63,2,2
797,64,2,2
797,65,2,2
797,66,2,2
797,67,2,2
797,68,2,2
797,69,2,2
797,70,2,2
797,71,2,2
797,72,2,2
797,73,2,2
797,74,2,2
797,75,2,2
797,76,2,2
797,77,2,2
797,78,2,2
797,79,2,2
797,80,2,2
797,81,2,2
797,82,2,2
797,83,2,2
797,84,2,2
797,85,2,2
797,86,2,2
797,87,2,2
797,88,2,2
797,89,2,2
797,90,2,2
797,91,2,2
797,92,2,2
797,93,2,2
797,94,2,2
797,95,2,2
797,96,2,2
797,97,2,2
797,98,2,2
797,99,2,2
797,100,2,2
797,101,2,2
797,102,2,2
797,103,2,2
797,104,2,2
797,105,2,2
797,106,2,2
797,107,2,2
797,108,2,2
797,109,2,2
797,110,2,2
797,111,2,2
797,112,2,2
797,113,2,2
797,114,2,2
797,115,2,2
797,116,2,2
797,117,2,2
797,118,2,2
797,119,2,2
797,120,2,2
797,121,2,2
797,122,2,2
797,123,2,2
797,124,2,2
797,125,2,2
797,126,2,2
797,127,2,2
797,128,2,2
797,129,2,2
797,130,2,2
797,131,2,2
797,132,2,2
797,133,2,2
797,134,2,2
797,135,2,2
797,136,2,2
797,137,2,2
797,138,2,2
797,139,2,2
797,140,2,2
797,141,2,2
797,142,2,2
797,143,2,2
797,144,2,2
797,145,2,2
797,146,2,2
797,147,2,2
797,148,2,2
797,149,2,2
797,150,2,2
797,151,2,2
797,152,2,2
797,153,2,2
797,154,2,2
797,155,2,2
797,156,2,2
797,157,2,2
797,158,2,2
797,159,2,2
797,160,2,2
797,161,2,2
797,162,2,2
797,163,2,2
797,164,2,2
797,165,2,2
797,166,2,2
797,167,2,2
797,168,2,2
797,169,2,2
797,170,2,2
797,171,2,2
797,172,2,2
797,173,2,2
797,174,2,2
797,175,2,2
797,176,2,2
797,177,2,2
797,178,2,2
797,179,2,2
797,180,2,2
797,181,2,2
797,182,2,2
797,183,2,2
797,184,2,2
797,185,2,2
797,186,2,2
797,187,2,2
797,188,2,2
797,189,2,2
797,190,2,2
797,191,2,2
797,192,2,2
797,193,2,2
797,194,2,2
797,195,2,2
797,196,2,2
797,197,2,2
797,198,2,2
797,199,2,2
797,200,2,2
797,201,2,2
797,202,2,2
797,203,2,2
797,204,2,2
797,205,2,2
797,206,2,2
797,207,2,2
797,208,2,2
797,209,2,2
797,210,2,2
797,211,2,2
797,212,2,2
797,213,2,2
797,214,2,2
797,215,2,2
797,216,2,2
797,217,2,2
797,218,2,2
797,219,2,2
797,220,2,2
797,221,2,2
797,222,2,2
797,223,2,2
797,224,2,2
797,225,2,2
797,226,2,2
797,227,2,2
797,228,2,2
797,229,2,2
797,230,2,2
797,231,2,2
797,232,2,2
797,233,2,2
797,234,2,2
797,235,2,2
797,236,2,2
797,237,2,2
797,238,2,2
797,239,2,2
797,240,2,2
797,241,2,2
797,242,2,2
797,243,2,2
797,244,2,2
797,245,2,2
797,246,2,2
797,247,2,2
797,248,2,2
797,249,2,2
797,250,2,2
797,251,2,2
797,252,2,2
797,253,2,2
797,254,2,2
797,255,2,2
797,256,2,2
797,257,2,2
797,258,2,2
797,259,2,2
797,260,2,2
797,261,2,3
797,262,2,3
797,263,2,3
797,264,2,3
797,265,2,3
797,266,2,3
797,267,2,3
797,268,2,3
797,269,2,3
797,270,2,3
797,271,2,3
797,272,2,3
797,273,2,3
797,274,2,3
797,275,2,3
797,276,2,3
797,277,2,3
797,278,2,3
797,279,2,3
797,280,2,3
797,281,2,3
797,282,2,3
797,283,2,3
797,284,2,3
797,285,2,3
797,286,2,3
797,287,2,3
797,288,2,3
797,289,2,3
797,290,2,3
797,291,2,3
797,292,2,3
797,293,2,3
797,294,2,3
797,295,2,3
797,296,2,3
797,297,2,3
797,298,2,3
797,299,2,3
797,300,2,3
797,301,2,3
797,302,2,3
797,303,2,3
797,304,2,3
797,305,2,3
797,306,2,2
797,307,2,2
797,308,2,2
797,309,2,2
797,310,2,2
797,311,2,2
797,312,2,2
797,313,2,2
797,314,2,2
797,315,2,2
797,316,2,2
797,317,2,2
797,318,2,2
797,319,2,2
797,320,2,2
797,321,2,2
797,322,2,2
797,323,2,2
797,324,2,2
797,325,2,2
797,326,2,2
797,327,2,2
797,328,2,2
797,329,2,2
797,330,2,2
797,331,2,2
797,332,2,2
797,333,2,2
797,334,2,2
797,335,2,2
797,336,2,2
797,337,2,2
797,338,2,2
797,339,2,2
797,340,2,2
797,341,2,2
797,342,2,2
797,343,2,2
797,344,2,2
797,345,2,2
797,346,2,2
797,347,2,2
797,348,2,2
797,349,2,2
797,350,2,2
797,351,2,2
797,352,2,2
797,353,2,2
797,354,2,2
797,355,2,2
797,356,2,2
797,357,2,2
797,358,2,2
797,359,2,2
797,360,2,2
797,361,2,2
797,362,2,2
797,363,2,2
797,364,2,2
797,365,2,2
797,366,2,2
797,367,2,2
797,368,2,2
797,369,2,2
797,370,2,2
797,371,2,2
797,372,2,2
797,373,2,2
797,374,2,2
797,375,2,2
797,376,2,2
797,377,2,2
797,378,2,2
797,379,2,2
797,380,2,2
797,381,2,2
797,382,2,2
797,383,2,2
797,384,2,2
797,385,2,2
797,386,2,2
797,387,2,2
797,388,2,2
797,389,2,2
797,390,2,2
797,391,2,2
797,392,2,2
797,393,2,2
797,394,2,2
797,395,2,2
797,396,2,2
797,397,2,2
797,398,2,2
797,399,2,2
797,400,2,2
797,401,2,2
797,402,2,2
797,403,2,2
797,404,2,2
797,405,2,2
797,406,2,2
797,407,2,2
797,408,2,2
797,409,2,2
797,410,2,2
797,411,2,2
797,412,2,2
797,413,2,2
797,414,2,2
797,415,2,2
797,416,2,2
797,417,2,2
797,418,2,2
797,419,2,2
797,420,2,2
797,421,2,2
797,422,2,2
797,423,2,2
797,424,2,2
797,425,2,2
797,426,2,2
797,427,2,2
797,428,2,2
797,429,2,2
797,430,2,2
797,431,2,2
797,432,2,2
797,433,2,2
797,434,2,2
797,435,2,2
797,436,2,2
797,437,2,2
797,438,2,2
797,439,2,2
797,440,2,2
797,441,2,2
797,442,2,2
797,443,2,2
797,444,2,2
797,445,2,2
797,446,2,2
797,447,2,2
797,448,2,2
797,449,2,2
797,450,2,2
797,451,2,2
797,452,2,2
797,453,2,2
797,454,2,2
797,455,2,2
797,456,2,2
797,457,2,2
797,458,2,2
797,459,2,2
797,460,2,2
797,461,2,2
797,462,2,2
797,463,2,2
797,464,2,2
797,465,2,2
797,466,2,2
797,467,2,2
797,468,2,3
797,469,2,3
797,470,2,3
797,471,2,3
797,472,2,3
798,35,2,2
798,36,2,2
798,37,2,2
798,38,2,2
798,39,2,2
798,40,2,2
798,41,2,2
798,42,2,2
798,43,2,2
798,44,2,2
798,45,2,2
798,46,2,2
798,47,2,2
798,48,2,2
798,49,2,2
798,50,2,2
798,51,2,2
798,52,2,2
798,53,2,2
798,54,2,2
798,55,2,2
798,56,2,2
798,57,2,2
798,58,2,2
798,59,2,2
798,60,2,2
798,61,2,2
798,62,2,2
798,63,2,2
798,64,2,2
798,65,2,2
798,66,2,2
798,67,2,2
798,68,2,2
798,69,2,2
798,70,2,2
798,71,2,2
798,72,2,2
798,73,2,2
798,74,2,2
798,75,2,2
798,76,2,2
798,77,2,2
798,78,2,2
798,79,2,2
798,80,2,2
798,81,2,2
798,82,2,2
798,83,2,2
798,84,2,2
798,85,2,2
798,86,2,2
798,87,2,2
798,88,2,2
798,89,2,2
798,90,2,2
798,91,2,2
798,92,2,2
798,93,2,2
798,94,2,2
798,95,2,2
798,96,2,2
798,97,2,2
798,98,2,2
798,99,2,2
798,100,2,2
798,101,2,2
798,102,2,2
798,103,2,2
798,104,2,2
798,105,2,2
798,106,2,2
798,107,2,2
798,108,2,2
798,109,2,2
798,110,2,2
798,111,2,2
798,112,2,2
798,113,2,2
798,114,2,2
798,115,2,2
798,116,2,2
798,117,2,2
798,118,2,2
798,119,2,2
798,120,2,2
798,121,2,2
798,122,2,2
798,123,2,2
798,124,2,2
798,125,2,2
798,126,2,2
798,127,2,2
798,128,2,2
798,129,2,2
798,130,2,2
798,131,2,2
798,132,2,2
798,133,2,2
798,134,2,2
798,135,2,2
798,136,2,2
798,137,2,2
798,138,2,2
798,139,2,2
798,140,2,2
798,141,2,2
798,142,2,2
798,143,2,2
798,144,2,2
798,145,2,2
798,146,2,2
798,147,2,2
798,148,2,2
798,149,2,2
798,150,2,2
798,151,2,2
798,152,2,2
798,153,2,2
798,154,2,2
798,155,2,2
798,156,2,2
798,157,2,2
798,158,2,2
798,159,2,2
798,160,2,2
798,161,2,2
798,162,2,2
798,163,2,2
798,164,2,2
798,165,2,2
798,166,2,2
798,167,2,2
798,168,2,2
798,169,2,2
798,170,2,2
798,171,2,2
798,172,2,2
798,173,2,2
798,174,2,2
798,175,2,2
798,176,2,2
798,177,2,2
798,178,2,2
798,179,2,2
798,180,2,2
798,181,2,2
798,182,2,2
798,183,2,2
798,184,2,2
798,185,2,2
798,186,2,2
798,187,2,2
798,188,2,2
798,189,2,2
798,190,2,2
798,191,2,2
798,192,2,2
798,193,2,2
798,194,2,2
798,195,2,2
798,196,2,2
798,197,2,2
798,198,2,2
798,199,2,2
798,200,2,2
798,201,2,2
798,202,2,2
798,203,2,2
798,204,2,2
798,205,2,2
798,206,2,2
798,207,2,2
798,208,2,2
798,209,2,2
798,210,2,2
798,211,2,2
798,212,2,2
798,213,2,2
798,214,2,2
798,215,2,2
798,216,2,2
798,217,2,2
798,218,2,2
798,219,2,2
798,220,2,2
798,221,2,2
798,222,2,2
798,223,2,2
798,224,2,2
798,225,2,2
798,226,2,2
798,227,2,2
798,228,2,2
798,229,2,2
798,230,2,2
798,231,2,2
798,232,2,2
798,233,2,2
798,234,2,2
798,235,2,2
798,236,2,2
798,237,2,2
798,238,2,2
798,239,2,2
798,240,2,2
798,241,2,2
798,242,2,2
798,243,2,2
798,244,2,2
798,245,2,2
798,246,2,2
798,247,2,2
798,248,2,2
798,249,2,2
798,250,2,2
798,251,2,2
798,252,2,2
798,253,2,2
798,254,2,2
798,255,2,2
798,256,2,2
798,257,2,2
798,258,2,2
798,259,2,2
798,260,2,2
798,261,2,3
798,262,2,3
798,263,2,3
798,264,2,3
798,265,2,3
798,266,2,3
798,267,2,3
798,268,2,3
798,269,2,3
798,270,2,3
798,271,2,3
798,272,2,3
798,273,2,3
798,274,2,3
798,275,2,3
798,276,2,3
798,277,2,3
798,278,2,3
798,279,2,3
798,280,2,3
798,281,2,3
798,282,2,3
798,283,2,3
798,284,2,3
798,285,2,3
798,286,2,3
798,287,2,3
798,288,2,3
798,289,2,3
798,290,2,3
798,291,2,3
798,292,2,3
798,293,2,3
798,294,2,3
798,295,2,3
798,296,2,3
798,297,2,3
798,298,2,3
798,299,2,3
798,300,2,3
798,301,2,3
798,302,2,3
798,303,2,3
798,304,2,3
798,305,2,3
798,306,2,2
798,307,2,2
798,308,2,2
798,309,2,2
798,310,2,2
798,311,2,2
798,312,2,2
798,313,2,2
798,314,2,2
798,315,2,2
798,316,2,2
798,317,2,2
798,318,2,2
798,319,2,2
798,320,2,2
798,321,2,2
798,322,2,2
798,323,2,2
798,324,2,2
798,325,2,2
798,326,2,2
798,327,2,2
798,328,2,2
798,329,2,2
798,330,2,2
798,331,2,2
798,332,2,2
798,333,2,2
798,334,2,2
798,335,2,2
798,336,2,2
798,337,2,2
798,338,2,2
798,339,2,2
798,340,2,2
798,341,2,2
798,342,2,2
798,343,2,2
798,344,2,2
798,345,2,2
798,346,2,2
798,347,2,2
798,348,2,2
798,349,2,2
798,350,2,2
798,351,2,2
798,352,2,2
798,353,2,2
798,354,2,2
798,355,2,2
798,356,2,2
798,357,2,2
798,358,2,2
798,359,2,2
798,360,2,2
798,361,2,2
798,362,2,2
798,363,2,2
798,364,2,2
798,365,2,2
798,366,2,2
798,367,2,2
798,368,2,2
798,369,2,2
798,370,2,2
798,371,2,2
798,372,2,2
798,373,2,2
798,374,2,2
798,375,2,2
798,376,2,2
798,377,2,2
798,378,2,2
798,379,2,2
798,380,2,2
798,381,2,2
798,382,2,2
798,383,2,2
798,384,2,2
798,385,2,2
798,386,2,2
798,387,2,2
798,388,2,2
798,389,2,2
798,390,2,2
798,391,2,2
798,392,2,2
798,393,2,2
798,394,2,2
798,395,2,2
798,396,2,2
798,397,2,2
798,398,2,2
798,399,2,2
798,400,2,2
798,401,2,2
798,402,2,2
798,403,2,2
798,404,2,2
798,405,2,2
798,406,2,2
798,407,2,2
798,408,2,2
798,409,2,2
798,410,2,2
798,411,2,2
798,412,2,2
798,413,2,2
798,414,2,2
798,415,2,2
798,416,2,2
798,417,2,2
798,418,2,2
798,419,2,2
798,420,2,2
798,421,2,2
798,422,2,2
798,423,2,2
798,424,2,2
798,425,2,2
798,426,2,2
798,427,2,2
798,428,2,2
798,429,2,2
798,430,2,2
798,431,2,2
798,432,2,2
798,433,2,2
798,434,2,2
798,435,2,2
798,436,2,2
798,437,2,2
798,438,2,2
798,439,2,2
798,440,2,2
798,441,2,2
798,442,2,2
798,443,2,2
798,444,2,2
798,445,2,2
798,446,2,2
798,447,2,2
798,448,2,2
798,449,2,2
798,450,2,2
798,451,2,2
798,452,2,2
798,453,2,2
798,454,2,2
798,455,2,2
798,456,2,2
798,457,2,2
798,458,2,2
798,459,2,2
798,460,2,2
798,461,2,2
798,462,2,2
798,463,2,2
798,464,2,2
798,465,2,2
798,466,2,2
798,467,2,2
798,468,2,3
798,469,2,3
798,470,2,3
798,471,2,3
798,472,2,3
798,473,2,2
798,474,2,2
799,35,2,2
799,36,2,2
799,37,2,2
799,38,2,2
799,39,2,2
799,40,2,2
799,41,2,2
799,42,2,2
799,43,2,2
799,44,2,2
799,45,2,2
799,46,2,2
799,47,2,2
799,48,2,2
799,49,2,2
799,50,2,2
799,51,2,2
799,52,2,2
799,53,2,2
799,54,2,2
799,55,2,2
799,56,2,2
799,57,2,2
799,58,2,2
799,59,2,2
799,60,2,2
799,61,2,2
799,62,2,2
799,63,2,2
799,64,2,2
799,65,2,2
799,66,2,2
799,67,2,2
799,68,2,2
799,69,2,2
799,70,2,2
799,71,2,2
799,72,2,2
799,73,2,2
799,74,2,2
799,75,2,2
799,76,2,2
799,77,2,2
799,78,2,2
799,79,2,2
799,80,2,2
799,81,2,2
799,82,2,2
799,83,2,2
799,84,2,2
799,85,2,2
799,86,2,2
799,87,2,2
799,88,2,2
799,89,2,2
799,90,2,2
799,91,2,2
799,92,2,2
799,93,2,2
799,94,2,2
799,95,2,2
799,96,2,2
799,97,2,2
799,98,2,2
799,99,2,2
799,100,2,2
799,101,2,2
799,102,2,2
799,103,2,2
799,104,2,2
799,105,2,2
799,106,2,2
799,107,2,2
799,108,2,2
799,109,2,2
799,110,2,2
799,111,2,2
799,112,2,2
799,113,2,2
799,114,2,2
799,115,2,2
799,116,2,2
799,117,2,2
799,118,2,2
799,119,2,2
799,120,2,2
799,121,2,2
799,122,2,2
799,123,2,2
799,124,2,2
799,125,2,2
799,126,2,2
799,127,2,2
799,128,2,2
799,129,2,2
799,130,2,2
799,131,2,2
799,132,2,2
799,133,2,2
799,134,2,2
799,135,2,2
799,136,2,2
799,137,2,2
799,138,2,2
799,139,2,2
799,140,2,2
799,141,2,2
799,142,2,2
799,143,2,2
799,144,2,2
799,145,2,2
799,146,2,2
799,147,2,2
799,148,2,2
799,149,2,2
799,150,2,2
799,151,2,2
799,152,2,2
799,153,2,2
799,154,2,2
799,155,2,2
799,156,2,2
799,157,2,2
799,158,2,2
799,159,2,2
799,160,2,2
799,161,2,2
799,162,2,2
799,163,2,2
799,164,2,2
799,165,2,2
799,166,2,2
799,167,2,2
799,168,2,2
799,169,2,2
799,170,2,2
799,171,2,2
799,172,2,2
799,173,2,2
799,174,2,2
799,175,2,2
799,176,2,2
799,177,2,2
799,178,2,2
799,179,2,2
799,180,2,2
799,181,2,2
799,182,2,2
799,183,2,2
799,184,2,2
799,185,2,2
799,186,2,2
799,187,2,2
799,188,2,2
799,189,2,2
799,190,2,2
799,191,2,2
799,192,2,2
799,193,2,2
799,194,2,2
799,195,2,2
799,196,2,2
799,197,2,2
799,198,2,2
799,199,2,2
799,200,2,2
799,201,2,2
799,202,2,2
799,203,2,2
799,204,2,2
799,205,2,2
799,206,2,2
799,207,2,2
799,208,2,2
799,209,2,2
799,210,2,2
799,211,2,2
799,212,2,2
799,213,2,2
799,214,2,2
799,215,2,2
799,216,2,2
799,217,2,2
799,218,2,2
799,219,2,2
799,220,2,2
799,221,2,2
799,222,2,2
799,223,2,2
799,224,2,2
799,225,2,2
799,226,2,2
799,227,2,2
799,228,2,2
799,229,2,2
799,230,2,2
799,231,2,2
799,232,2,2
799,233,2,2
799,234,2,2
799,235,2,2
799,236,2,2
799,237,2,2
799,238,2,2
799,239,2,2
799,240,2,2
799,241,2,2
799,242,2,2
799,243,2,2
799,244,2,2
799,245,2,2
799,246,2,2
799,247,2,2
799,248,2,2
799,249,2,2
799,250,2,2
799,251,2,2
799,252,2,2
799,253,2,2
799,254,2,2
799,255,2,2
799,256,2,2
799,257,2,2
799,258,2,2
799,259,2,2
799,260,2,2
799,261,2,2
799,262,2,3
799,263,2,3
799,264,2,3
799,265,2,3
799,266,2,3
799,267,2,3
799,268,2,3
799,269,2,3
799,270,2,3
799,271,2,3
799,272,2,3
799,273,2,3
799,274,2,3
799,275,2,3
799,276,2,3
799,277,2,3
799,278,2,3
799,279,2,3
799,280,2,3
799,281,2,3
799,282,2,3
799,283,2,3
799,284,2,3
799,285,2,3
799,286,2,3
799,287,2,3
799,288,2,3
799,289,2,3
799,290,2,3
799,291,2,3
799,292,2,3
799,293,2,3
799,294,2,3
799,295,2,3
799,296,2,3
799,297,2,3
799,298,2,3
799,299,2,3
799,300,2,3
799,301,2,3
799,302,2,3
799,303,2,3
799,304,2,3
799,305,2,2
799,306,2,2
799,307,2,2
799,308,2,2
799,309,2,2
799,310,2,2
799,311,2,2
799,312,2,2
799,313,2,2
799,314,2,2
799,315,2,2
799,316,2,2
799,317,2,2
799,318,2,2
799,319,2,2
799,320,2,2
799,321,2,2
799,322,2,2
799,323,2,2
799,324,2,2
799,325,2,2
799,326,2,2
799,327,2,2
799,328,2,2
799,329,2,2
799,330,2,2
799,331,2,2
799,332,2,2
799,333,2,2
799,334,2,2
799,335,2,2
799,336,2,2
799,337,2,2
799,338,2,2
799,339,2,2
799,340,2,2
799,341,2,2
799,342,2,2
799,343,2,2
799,344,2,2
799,345,2,2
799,346,2,2
799,347,2,2
799,348,2,2
799,349,2,2
799,350,2,2
799,351,2,2
799,352,2,2
799,353,2,2
799,354,2,2
799,355,2,2
799,356,2,2
799,357,2,2
799,358,2,2
799,359,2,2
799,360,2,2
799,361,2,2
799,362,2,2
799,363,2,2
799,364,2,2
799,365,2,2
799,366,2,2
799,367,2,2
799,368,2,2
799,369,2,2
799,370,2,2
799,371,2,2
799,372,2,2
799,373,2,2
799,374,2,2
799,375,2,2
799,376,2,2
799,377,2,2
799,378,2,2
799,379,2,2
799,380,2,2
799,381,2,2
799,382,2,2
799,383,2,2
799,384,2,2
799,385,2,2
799,386,2,2
799,387,2,2
799,388,2,2
799,389,2,2
799,390,2,2
799,391,2,2
799,392,2,2
799,393,2,2
799,394,2,2
799,395,2,2
799,396,2,2
799,397,2,2
799,398,2,2
799,399,2,2
799,400,2,2
799,401,2,2
799,402,2,2
799,403,2,2
799,404,2,2
799,405,2,2
799,406,2,2
799,407,2,2
799,408,2,2
799,409,2,2
799,410,2,2
799,411,2,2
799,412,2,2
799,413,2,2
799,414,2,2
799,415,2,2
799,416,2,2
799,417,2,2
799,418,2,2
799,419,2,2
799,420,2,2
799,421,2,2
799,422,2,2
799,423,2,2
799,424,2,2
799,425,2,2
799,426,2,2
799,427,2,2
799,428,2,2
799,429,2,2
799,430,2,2
799,431,2,2
799,432,2,2
799,433,2,2
799,434,2,2
799,435,2,2
799,436,2,2
799,437,2,2
799,438,2,2
799,439,2,2
799,440,2,2
799,441,2,2
799,442,2,2
799,443,2,2
799,444,2,2
799,445,2,2
799,446,2,2
799,447,2,2
799,448,2,2
799,449,2,2
799,450,2,2
799,451,2,2
799,452,2,2
799,453,2,2
799,454,2,2
799,455,2,2
799,456,2,2
799,457,2,2
799,458,2,2
799,459,2,2
799,460,2,2
799,461,2,2
799,462,2,2
799,463,2,2
799,464,2,2
799,465,2,2
799,466,2,2
799,467,2,2
799,468,2,2
799,469,2,3
799,470,2,3
799,471,2,2
799,472,2,2
799,473,2,2
799,474,2,2
799,475,2,2
800,35,2,2
800,36,2,2
800,37,2,2
800,38,2,2
800,39,2,2
800,40,2,2
800,41,2,2
800,42,2,2
800,43,2,2
800,44,2,2
800,45,2,2
800,46,2,2
800,47,2,2
800,48,2,2
800,49,2,2
800,50,2,2
800,51,2,2
800,52,2,2
800,53,2,2
800,54,2,2
800,55,2,2
800,56,2,2
800,57,2,2
800,58,2,2
800,59,2,2
800,60,2,2
800,61,2,2
800,62,2,2
800,63,2,2
800,64,2,2
800,65,2,2
800,66,2,2
800,67,2,2
800,68,2,2
800,69,2,2
800,70,2,2
800,71,2,2
800,72,2,2
800,73,2,2
800,74,2,2
800,75,2,2
800,76,2,2
800,77,2,2
800,78,2,2
800,79,2,2
800,80,2,2
800,81,2,2
800,82,2,2
800,83,2,2
800,84,2,2
800,85,2,2
800,86,2,2
800,87,2,2
800,88,2,2
800,89,2,2
800,90,2,2
800,91,2,2
800,92,2,2
800,93,2,2
800,94,2,2
800,95,2,2
800,96,2,2
800,97,2,2
800,98,2,2
800,99,2,2
800,100,2,2
800,101,2,2
800,102,2,2
800,103,2,2
800,104,2,2
800,105,2,2
800,106,2,2
800,107,2,2
800,108,2,2
800,109,2,2
800,110,2,2
800,111,2,2
800,112,2,2
800,113,2,2
800,114,2,2
800,115,2,2
800,116,2,2
800,117,2,2
800,118,2,2
800,119,2,2
800,120,2,2
800,121,2,2
800,122,2,2
800,123,2,2
800,124,2,2
800,125,2,2
800,126,2,2
800,127,2,2
800,128,2,2
800,129,2,2
800,130,2,2
800,131,2,2
800,132,2,2
800,133,2,2
800,134,2,2
800,135,2,2
800,136,2,2
800,137,2,2
800,138,2,2
800,139,2,2
800,140,2,2
800,141,2,2
800,142,2,2
800,143,2,2
800,144,2,2
800,145,2,2
800,146,2,2
800,147,2,2
800,148,2,2
800,149,2,2
800,150,2,2
800,151,2,2
800,152,2,2
800,153,2,2
800,154,2,2
800,155,2,2
800,156,2,2
800,157,2,2
800,158,2,2
800,159,2,2
800,160,2,2
800,161,2,2
800,162,2,2
800,163,2,2
800,164,2,2
800,165,2,2
800,166,2,2
800,167,2,2
800,168,2,2
800,169,2,2
800,170,2,2
800,171,2,2
800,172,2,2
800,173,2,2
800,174,2,2
800,175,2,2
800,176,2,2
800,177,2,2
800,178,2,2
800,179,2,2
800,180,2,2
800,181,2,2
800,182,2,2
800,183,2,2
800,184,2,2
800,185,2,2
800,186,2,2
800,187,2,2
800,188,2,2
800,189,2,2
800,190,2,2
800,191,2,2
800,192,2,2
800,193,2,2
800,194,2,2
800,195,2,2
800,196,2,2
800,197,2,2
800,198,2,2
800,199,2,2
800,200,2,2
800,201,2,2
800,202,2,2
800,203,2,2
800,204,2,2
800,205,2,2
800,206,2,2
800,207,2,2
800,208,2,2
800,209,2,2
800,210,2,2
800,211,2,2
800,212,2,2
800,213,2,2
800,214,2,2
800,215,2,2
800,216,2,2
800,217,2,2
800,218,2,2
800,219,2,2
800,220,2,2
800,221,2,2
800,222,2,2
800,223,2,2
800,224,2,2
800,225,2,2
800,226,2,2
800,227,2,2
800,228,2,2
800,229,2,2
800,230,2,2
800,231,2,2
800,232,2,2
800,233,2,2
800,234,2,2
800,235,2,2
800,236,2,2
800,237,2,2
800,238,2,2
800,239,2,2
800,240,2,2
800,241,2,2
800,242,2,2
800,243,2,2
800,244,2,2
800,245,2,2
800,246,2,2
800,247,2,2
800,248,2,2
800,249,2,2
800,250,2,2
800,251,2,2
800,252,2,2
800,253,2,2
800,254,2,2
800,255,2,2
800,256,2,2
800,257,2,2
800,258,2,2
800,259,2,2
800,260,2,2
800,261,2,2
800,262,2,3
800,263,2,3
800,264,2,3
800,265,2,3
800,266,2,3
800,267,2,3
800,268,2,3
800,269,2,3
800,270,2,3
800,271,2,3
800,272,2,3
800,273,2,3
800,274,2,3
800,275,2,3
800,276,2,3
800,277,2,3
800,278,2,3
800,279,2,3
800,280,2,3
800,281,2,3
800,282,2,3
800,283,2,3
800,284,2,3
800,285,2,3
800,286,2,3
800,287,2,3
800,288,2,3
800,289,2,3
800,290,2,3
800,291,2,3
800,292,2,3
800,293,2,3
800,294,2,3
800,295,2,3
800,296,2,3
800,297,2,3
800,298,2,3
800,299,2,3
800,300,2,3
800,301,2,3
800,302,2,3
800,303,2,3
800,304,2,3
800,305,2,2
800,306,2,2
800,307,2,2
800,308,2,2
800,309,2,2
800,310,2,2
800,311,2,2
800,312,2,2
800,313,2,2
800,314,2,2
800,315,2,2
800,316,2,2
800,317,2,2
800,318,2,2
800,319,2,2
800,320,2,2
800,321,2,2
800,322,2,2
800,323,2,2
800,324,2,2
800,325,2,2
800,326,2,2
800,327,2,2
800,328,2,2
800,329,2,2
800,330,2,2
800,331,2,2
800,332,2,2
800,333,2,2
800,334,2,2
800,335,2,2
800,336,2,2
800,337,2,2
800,338,2,2
800,339,2,2
800,340,2,2
800,341,2,2
800,342,2,2
800,343,2,2
800,344,2,2
800,345,2,2
800,346,2,2
800,347,2,2
800,348,2,2
800,349,2,2
800,350,2,2
800,351,2,2
800,352,2,2
800,353,2,2
800,354,2,2
800,355,2,2
800,356,2,2
800,357,2,2
800,358,2,2
800,359,2,2
800,360,2,2
800,361,2,2
800,362,2,2
800,363,2,2
800,364,2,2
800,365,2,2
800,366,2,2
800,367,2,2
800,368,2,2
800,369,2,2
800,370,2,2
800,371,2,2
800,372,2,2
800,373,2,2
800,374,2,2
800,375,2,2
800,376,2,2
800,377,2,2
800,378,2,2
800,379,2,2
800,380,2,2
800,381,2,2
800,382,2,2
800,383,2,2
800,384,2,2
800,385,2,2
800,386,2,2
800,387,2,2
800,388,2,2
800,389,2,2
800,390,2,2
800,391,2,2
800,392,2,2
800,393,2,2
800,394,2,2
800,395,2,2
800,396,2,2
800,397,2,2
800,398,2,2
800,399,2,2
800,400,2,2
800,401,2,2
800,402,2,2
800,403,2,2
800,404,2,2
800,405,2,2
800,406,2,2
800,407,2,2
800,408,2,2
800,409,2,2
800,410,2,2
800,411,2,2
800,412,2,2
800,413,2,2
800,414,2,2
800,415,2,2
800,416,2,2
800,417,2,2
800,418,2,2
800,419,2,2
800,420,2,2
800,421,2,2
800,422,2,2
800,423,2,2
800,424,2,2
800,425,2,2
800,426,2,2
800,427,2,2
800,428,2,2
800,429,2,2
800,430,2,2
800,431,2,2
800,432,2,2
800,433,2,2
800,434,2,2
800,435,2,2
800,436,2,2
800,437,2,2
800,438,2,2
800,439,2,2
800,440,2,2
800,441,2,2
800,442,2,2
800,443,2,2
800,444,2,2
800,445,2,2
800,446,2,2
800,447,2,2
800,448,2,2
800,449,2,2
800,450,2,2
800,451,2,2
800,452,2,2
800,453,2,2
800,454,2,2
800,455,2,2
800,456,2,2
800,457,2,2
800,458,2,2
800,459,2,2
800,460,2,2
800,461,2,2
800,462,2,2
800,463,2,2
800,464,2,2
800,465,2,2
800,466,2,2
800,467,2,2
800,468,2,2
800,469,2,2
800,470,2,2
800,471,2,2
800,472,2,2
800,473,2,2
800,474,2,2
800,475,2,2
800,476,2,2
801,35,2,2
801,36,2,2
801,37,2,2
801,38,2,2
801,39,2,2
801,40,2,2
801,41,2,2
801,42,2,2
801,43,2,2
801,44,2,2
801,45,2,2
801,46,2,2
801,47,2,2
801,48,2,2
801,49,2,2
801,50,2,2
801,51,2,2
801,52,2,2
801,53,2,2
801,54,2,2
801,55,2,2
801,56,2,2
801,57,2,2
801,58,2,2
801,59,2,2
801,60,2,2
801,61,2,2
801,62,2,2
801,63,2,2
801,64,2,2
801,65,2,2
801,66,2,2
801,67,2,2
801,68,2,2
801,69,2,2
801,70,2,2
801,71,2,2
801,72,2,2
801,73,2,2
801,74,2,2
801,75,2,2
801,76,2,2
801,77,2,2
801,78,2,2
801,79,2,2
801,80,2,2
801,81,2,2
801,82,2,2
801,83,2,2
801,84,2,2
801,85,2,2
801,86,2,2
801,87,2,2
801,88,2,2
801,89,2,2
801,90,2,2
801,91,2,2
801,92,2,2
801,93,2,2
801,94,2,2
801,95,2,2
801,96,2,2
801,97,2,2
801,98,2,2
801,99,2,2
801,100,2,2
801,101,2,2
801,102,2,2
801,103,2,2
801,104,2,2
801,105,2,2
801,106,2,2
801,107,2,2
801,108,2,2
801,109,2,2
801,110,2,2
801,111,2,2
801,112,2,2
801,113,2,2
801,114,2,2
801,115,2,2
801,116,2,2
801,117,2,2
801,118,2,2
801,119,2,2
801,120,2,2
801,121,2,2
801,122,2,2
801,123,2,2
801,124,2,2
801,125,2,2
801,126,2,2
801,127,2,2
801,128,2,2
801,129,2,2
801,130,2,2
801,131,2,2
801,132,2,2
801,133,2,2
801,134,2,2
801,135,2,2
801,136,2,2
801,137,2,2
801,138,2,2
801,139,2,2
801,140,2,2
801,141,2,2
801,142,2,2
801,143,2,2
801,144,2,2
801,145,2,2
801,146,2,2
801,147,2,2
801,148,2,2
801,149,2,2
801,150,2,2
801,151,2,2
801,152,2,2
801,153,2,2
801,154,2,2
801,155,2,2
801,156,2,2
801,157,2,2
801,158,2,2
801,159,2,2
801,160,2,2
801,161,2,2
801,162,2,2
801,163,2,2
801,164,2,2
801,165,2,2
801,166,2,2
801,167,2,2
801,168,2,2
801,169,2,2
801,170,2,2
801,171,2,2
801,172,2,2
801,173,2,2
801,174,2,2
801,175,2,2
801,176,2,2
801,177,2,2
801,178,2,2
801,179,2,2
801,180,2,2
801,181,2,2
801,182,2,2
801,183,2,2
801,184,2,2
801,185,2,2
801,186,2,2
801,187,2,2
801,188,2,2
801,189,2,2
801,190,2,2
801,191,2,2
801,192,2,2
801,193,2,2
801,194,2,2
801,195,2,2
801,196,2,2
801,197,2,2
801,198,2,2
801,199,2,2
801,200,2,2
801,201,2,2
801,202,2,2
801,203,2,2
801,204,2,2
801,205,2,2
801,206,2,2
801,207,2,2
801,208,2,2
801,209,2,2
801,210,2,2
801,211,2,2
801,212,2,2
801,213,2,2
801,214,2,2
801,215,2,2
801,216,2,2
801,217,2,2
801,218,2,2
801,219,2,2
801,220,2,2
801,221,2,2
801,222,2,2
801,223,2,2
801,224,2,2
801,225,2,2
801,226,2,2
801,227,2,2
801,228,2,2
801,229,2,2
801,230,2,2
801,231,2,2
801,232,2,2
801,233,2,2
801,234,2,2
801,235,2,2
801,236,2,2
801,237,2,2
801,238,2,2
801,239,2,2
801,240,2,2
801,241,2,2
801,242,2,2
801,243,2,2
801,244,2,2
801,245,2,2
801,246,2,2
801,247,2,2
801,248,2,2
801,249,2,2
801,250,2,2
801,251,2,2
801,252,2,2
801,253,2,2
801,254,2,2
801,255,2,2
801,256,2,2
801,257,2,2
801,258,2,2
801,259,2,2
801,260,2,2
801,261,2,2
801,262,2,2
801,263,2,3
801,264,2,3
801,265,2,3
801,266,2,3
801,267,2,3
801,268,2,3
801,269,2,3
801,270,2,3
801,271,2,3
801,272,2,3
801,273,2,3
801,274,2,3
801,275,2,3
801,276,2,3
801,277,2,3
801,278,2,3
801,279,2,3
801,280,2,3
801,281,2,3
801,282,2,3
801,283,2,3
801,284,2,3
801,285,2,3
801,286,2,3
801,287,2,3
801,288,2,3
801,289,2,3
801,290,2,3
801,291,2,3
801,292,2,3
801,293,2,3
801,294,2,3
801,295,2,3
801,296,2,3
801,297,2,3
801,298,2,3
801,299,2,3
801,300,2,3
801,301,2,3
801,302,2,3
801,303,2,3
801,304,2,2
801,305,2,2
801,306,2,2
801,307,2,2
801,308,2,2
801,309,2,2
801,310,2,2
801,311,2,2
801,312,2,2
801,313,2,2
801,314,2,2
801,315,2,2
801,316,2,2
801,317,2,2
801,318,2,2
801,319,2,2
801,320,2,2
801,321,2,2
801,322,2,2
801,323,2,2
801,324,2,2
801,325,2,2
801,326,2,2
801,327,2,2
801,328,2,2
801,329,2,2
801,330,2,2
801,331,2,2
801,332,2,2
801,333,2,2
801,334,2,2
801,335,2,2
801,336,2,2
801,337,2,2
801,338,2,2
801,339,2,2
801,340,2,2
801,341,2,2
801,342,2,2
801,343,2,2
801,344,2,2
801,345,2,2
801,346,2,2
801,347,2,2
801,348,2,2
801,349,2,2
801,350,2,2
801,351,2,2
801,352,2,2
801,353,2,2
801,354,2,2
801,355,2,2
801,356,2,2
801,357,2,2
801,358,2,2
801,359,2,2
801,360,2,2
801,361,2,2
801,362,2,2
801,363,2,2
801,364,2,2
801,365,2,2
801,366,2,2
801,367,2,2
801,368,2,2
801,369,2,2
801,370,2,2
801,371,2,2
801,372,2,2
801,373,2,2
801,374,2,2
801,375,2,2
801,376,2,2
801,377,2,2
801,378,2,2
801,379,2,2
801,380,2,2
801,381,2,2
801,382,2,2
801,383,2,2
801,384,2,2
801,385,2,2
801,386,2,2
801,387,2,2
801,388,2,2
801,389,2,2
801,390,2,2
801,391,2,2
801,392,2,2
801,393,2,2
801,394,2,2
801,395,2,2
801,396,2,2
801,397,2,2
801,398,2,2
801,399,2,2
801,400,2,2
801,401,2,2
801,402,2,2
801,403,2,2
801,404,2,2
801,405,2,2
801,406,2,2
801,407,2,2
801,408,2,2
801,409,2,2
801,410,2,2
801,411,2,2
801,412,2,2
801,413,2,2
801,414,2,2
801,415,2,2
801,416,2,2
801,417,2,2
801,418,2,2
801,419,2,2
801,420,2,2
801,421,2,2
801,422,2,2
801,423,2,2
801,424,2,2
801,425,2,2
801,426,2,2
801,427,2,2
801,428,2,2
801,429,2,2
801,430,2,2
801,431,2,2
801,432,2,2
801,433,2,2
801,434,2,2
801,435,2,2
801,436,2,2
801,437,2,2
801,438,2,2
801,439,2,2
801,440,2,2
801,441,2,2
801,442,2,2
801,443,2,2
801,444,2,2
801,445,2,2
801,446,2,2
801,447,2,2
801,448,2,2
801,449,2,2
801,450,2,2
801,451,2,2
801,452,2,2
801,453,2,2
801,454,2,2
801,455,2,2
801,456,2,2
801,457,2,2
801,458,2,2
801,459,2,2
801,460,2,2
801,461,2,2
801,462,2,2
801,463,2,2
801,464,2,2
801,465,2,2
801,466,2,2
801,467,2,2
801,468,2,2
801,469,2,2
801,470,2,2
801,471,2,2
801,472,2,2
801,473,2,2
801,474,2,2
801,475,2,2
801,476,2,2
801,477,2,2
801,478,2,2
801,479,2,2
802,35,2,2
802,36,2,2
802,37,2,2
802,38,2,2
802,39,2,2
802,40,2,2
802,41,2,2
802,42,2,2
802,43,2,2
802,44,2,2
802,45,2,2
802,46,2,2
802,47,2,2
802,48,2,2
802,49,2,2
802,50,2,2
802,51,2,2
802,52,2,2
802,53,2,2
802,54,2,2
802,55,2,2
802,56,2,2
802,57,2,2
802,58,2,2
802,59,2,2
802,60,2,2
802,61,2,2
802,62,2,2
802,63,2,2
802,64,2,2
802,65,2,2
802,66,2,2
802,67,2,2
802,68,2,2
802,69,2,2
802,70,2,2
802,71,2,2
802,72,2,2
802,73,2,2
802,74,2,2
802,75,2,2
802,76,2,2
802,77,2,2
802,78,2,2
802,79,2,2
802,80,2,2
802,81,2,2
802,82,2,2
802,83,2,2
802,84,2,2
802,85,2,2
802,86,2,2
802,87,2,2
802,88,2,2
802,89,2,2
802,90,2,2
802,91,2,2
802,92,2,2
802,93,2,2
802,94,2,2
802,95,2,2
802,96,2,2
802,97,2,2
802,98,2,2
802,99,2,2
802,100,2,2
802,101,2,2
802,102,2,2
802,103,2,2
802,104,2,2
802,105,2,2
802,106,2,2
802,107,2,2
802,108,2,2
802,109,2,2
802,110,2,2
802,111,2,2
802,112,2,2
802,113,2,2
802,114,2,2
802,115,2,2
802,116,2,2
802,117,2,2
802,118,2,2
802,119,2,2
802,120,2,2
802,121,2,2
802,122,2,2
802,123,2,2
802,124,2,2
802,125,2,2
802,126,2,2
802,127,2,2
802,128,2,2
802,129,2,2
802,130,2,2
802,131,2,2
802,132,2,2
802,133,2,2
802,134,2,2
802,135,2,2
802,136,2,2
802,137,2,2
802,138,2,2
802,139,2,2
802,140,2,2
802,141,2,2
802,142,2,2
802,143,2,2
802,144,2,2
802,145,2,2
802,146,2,2
802,147,2,2
802,148,2,2
802,149,2,2
802,150,2,2
802,151,2,2
802,152,2,2
802,153,2,2
802,154,2,2
802,155,2,2
802,156,2,2
802,157,2,2
802,158,2,2
802,159,2,2
802,160,2,2
802,161,2,2
802,162,2,2
802,163,2,2
802,164,2,2
802,165,2,2
802,166,2,2
802,167,2,2
802,168,2,2
802,169,2,2
802,170,2,2
802,171,2,2
802,172,2,2
802,173,2,2
802,174,2,2
802,175,2,2
802,176,2,2
802,177,2,2
802,178,2,2
802,179,2,2
802,180,2,2
802,181,2,2
802,182,2,2
802,183,2,2
802,184,2,2
802,185,2,2
802,186,2,2
802,187,2,2
802,188,2,2
802,189,2,2
802,190,2,2
802,191,2,2
802,192,2,2
802,193,2,2
802,194,2,2
802,195,2,2
802,196,2,2
802,197,2,2
802,198,2,2
802,199,2,2
802,200,2,2
802,201,2,2
802,202,2,2
802,203,2,2
802,204,2,2
802,205,2,2
802,206,2,2
802,207,2,2
802,208,2,2
802,209,2,2
802,210,2,2
802,211,2,2
802,212,2,2
802,213,2,2
802,214,2,2
802,215,2,2
802,216,2,2
802,217,2,2
802,218,2,2
802,219,2,2
802,220,2,2
802,221,2,2
802,222,2,2
802,223,2,2
802,224,2,2
802,225,2,2
802,226,2,2
802,227,2,2
802,228,2,2
802,229,2,2
802,230,2,2
802,231,2,2
802,232,2,2
802,233,2,2
802,234,2,2
802,235,2,2
802,236,2,2
802,237,2,2
802,238,2,2
802,239,2,2
802,240,2,2
802,241,2,2
802,242,2,2
802,243,2,2
802,244,2,2
802,245,2,2
802,246,2,2
802,247,2,2
802,248,2,2
802,249,2,2
802,250,2,2
802,251,2,2
802,252,2,2
802,253,2,2
802,254,2,2
802,255,2,2
802,256,2,2
802,257,2,2
802,258,2,2
802,259,2,2
802,260,2,2
802,261,2,2
802,262,2,2
802,263,2,3
802,264,2,3
802,265,2,3
802,266,2,3
802,267,2,3
802,268,2,3
802,269,2,3
802,270,2,3
802,271,2,3
802,272,2,3
802,273,2,3
802,274,2,3
802,275,2,3
802,276,2,3
802,277,2,3
802,278,2,3
802,279,2,3
802,280,2,3
802,281,2,3
802,282,2,3
802,283,2,3
802,284,2,3
802,285,2,3
802,286,2,3
802,287,2,3
802,288,2,3
802,289,2,3
802,290,2,3
802,291,2,3
802,292,2,3
802,293,2,3
802,294,2,3
802,295,2,3
802,296,2,3
802,297,2,3
802,298,2,3
802,299,2,3
802,300,2,3
802,301,2,3
802,302,2,3
802,303,2,2
802,304,2,2
802,305,2,2
802,306,2,2
802,307,2,2
802,308,2,2
802,309,2,2
802,310,2,2
802,311,2,2
802,312,2,2
802,313,2,2
802,314,2,2
802,315,2,2
802,316,2,2
802,317,2,2
802,318,2,2
802,319,2,2
802,320,2,2
802,321,2,2
802,322,2,2
802,323,2,2
802,324,2,2
802,325,2,2
802,326,2,2
802,327,2,2
802,328,2,2
802,329,2,2
802,330,2,2
802,331,2,2
802,332,2,2
802,333,2,2
802,334,2,2
802,335,2,2
802,336,2,2
802,337,2,2
802,338,2,2
802,339,2,2
802,340,2,2
802,341,2,2
802,342,2,2
802,343,2,2
802,344,2,2
802,345,2,2
802,346,2,2
802,347,2,2
802,348,2,2
802,349,2,2
802,350,2,2
802,351,2,2
802,352,2,2
802,353,2,2
802,354,2,2
802,355,2,2
802,356,2,2
802,357,2,2
802,358,2,2
802,359,2,2
802,360,2,2
802,361,2,2
802,362,2,2
802,363,2,2
802,364,2,2
802,365,2,2
802,366,2,2
802,367,2,2
802,368,2,2
802,369,2,2
802,370,2,2
802,371,2,2
802,372,2,2
802,373,2,2
802,374,2,2
802,375,2,2
802,376,2,2
802,377,2,2
802,378,2,2
802,379,2,2
802,380,2,2
802,381,2,2
802,382,2,2
802,383,2,2
802,384,2,2
802,385,2,2
802,386,2,2
802,387,2,2
802,388,2,2
802,389,2,2
802,390,2,2
802,391,2,2
802,392,2,2
802,393,2,2
802,394,2,2
802,395,2,2
802,396,2,2
802,397,2,2
802,398,2,2
802,399,2,2
802,400,2,2
802,401,2,2
802,402,2,2
802,403,2,2
802,404,2,2
802,405,2,2
802,406,2,2
802,407,2,2
802,408,2,2
802,409,2,2
802,410,2,2
802,411,2,2
802,412,2,2
802,413,2,2
802,414,2,2
802,415,2,2
802,416,2,2
802,417,2,2
802,418,2,2
802,419,2,2
802,420,2,2
802,421,2,2
802,422,2,2
802,423,2,2
802,424,2,2
802,425,2,2
802,426,2,2
802,427,2,2
802,428,2,2
802,429,2,2
802,430,2,2
802,431,2,2
802,432,2,2
802,433,2,2
802,434,2,2
802,435,2,2
802,436,2,2
802,437,2,2
802,438,2,2
802,439,2,2
802,440,2,2
802,441,2,2
802,442,2,2
802,443,2,2
802,444,2,2
802,445,2,2
802,446,2,2
802,447,2,2
802,448,2,2
802,449,2,2
802,450,2,2
802,451,2,2
802,452,2,2
802,453,2,2
802,454,2,2
802,455,2,2
802,456,2,2
802,457,2,2
802,458,2,2
802,459,2,2
802,460,2,2
802,461,2,2
802,462,2,2
802,463,2,2
802,464,2,2
802,465,2,2
802,466,2,2
802,467,2,2
802,468,2,2
802,469,2,2
802,470,2,2
802,471,2,2
802,472,2,2
802,473,2,2
802,474,2,2
802,475,2,2
802,476,2,2
802,477,2,2
802,478,2,2
802,479,2,2
802,480,2,2
803,36,2,2
803,37,2,2
803,38,2,2
803,39,2,2
803,40,2,2
803,41,2,2
803,42,2,2
803,43,2,2
803,44,2,2
803,45,2,2
803,46,2,2
803,47,2,2
803,48,2,2
803,49,2,2
803,50,2,2
803,51,2,2
803,52,2,2
803,53,2,2
803,54,2,2
803,55,2,2
803,56,2,2
803,57,2,2
803,58,2,2
803,59,2,2
803,60,2,2
803,61,2,2
803,62,2,2
803,63,2,2
803,64,2,2
803,65,2,2
803,66,2,2
803,67,2,2
803,68,2,2
803,69,2,2
803,70,2,2
803,71,2,2
803,72,2,2
803,73,2,2
803,74,2,2
803,75,2,2
803,76,2,2
803,77,2,2
803,78,2,2
803,79,2,2
803,80,2,2
803,81,2,2
803,82,2,2
803,83,2,2
803,84,2,2
803,85,2,2
803,86,2,2
803,87,2,2
803,88,2,2
803,89,2,2
803,90,2,2
803,91,2,2
803,92,2,2
803,93,2,2
803,94,2,2
803,95,2,2
803,96,2,2
803,97,2,2
803,98,2,2
803,99,2,2
803,100,2,2
803,101,2,2
803,102,2,2
803,103,2,2
803,104,2,2
803,105,2,2
803,106,2,2
803,107,2,2
803,108,2,2
803,109,2,2
803,110,2,2
803,111,2,2
803,112,2,2
803,113,2,2
803,114,2,2
803,115,2,2
803,116,2,2
803,117,2,2
803,118,2,2
803,119,2,2
803,120,2,2
803,121,2,2
803,122,2,2
803,123,2,2
803,124,2,2
803,125,2,2
803,126,2,2
803,127,2,2
803,128,2,2
803,129,2,2
803,130,2,2
803,131,2,2
803,132,2,2
803,133,2,2
803,134,2,2
803,135,2,2
803,136,2,2
803,137,2,2
803,138,2,2
803,139,2,2
803,140,2,2
803,141,2,2
803,142,2,2
803,143,2,2
803,144,2,2
803,145,2,2
803,146,2,2
803,147,2,2
803,148,2,2
803,149,2,2
803,150,2,2
803,151,2,2
803,152,2,2
803,153,2,2
803,154,2,2
803,155,2,2
803,156,2,2
803,157,2,2
803,158,2,2
803,159,2,2
803,160,2,2
803,161,2,2
803,162,2,2
803,163,2,2
803,164,2,2
803,165,2,2
803,166,2,2
803,167,2,2
803,168,2,2
803,169,2,2
803,170,2,2
803,171,2,2
803,172,2,2
803,173,2,2
803,174,2,2
803,175,2,2
803,176,2,2
803,177,2,2
803,178,2,2
803,179,2,2
803,180,2,2
803,181,2,2
803,182,2,2
803,183,2,2
803,184,2,2
803,185,2,2
803,186,2,2
803,187,2,2
803,188,2,2
803,189,2,2
803,190,2,2
803,191,2,2
803,192,2,2
803,193,2,2
803,194,2,2
803,195,2,2
803,196,2,2
803,197,2,2
803,198,2,2
803,199,2,2
803,200,2,2
803,201,2,2
803,202,2,2
803,203,2,2
803,204,2,2
803,205,2,2
803,206,2,2
803,207,2,2
803,208,2,2
803,209,2,2
803,210,2,2
803,211,2,2
803,212,2,2
803,213,2,2
803,214,2,2
803,215,2,2
803,216,2,2
803,217,2,2
803,218,2,2
803,219,2,2
803,220,2,2
803,221,2,2
803,222,2,2
803,223,2,2
803,224,2,2
803,225,2,2
803,226,2,2
803,227,2,2
803,228,2,2
803,229,2,2
803,230,2,2
803,231,2,2
803,232,2,2
803,233,2,2
803,234,2,2
803,235,2,2
803,236,2,2
803,237,2,2
803,238,2,2
803,239,2,2
803,240,2,2
803,241,2,2
803,242,2,2
803,243,2,2
803,244,2,2
803,245,2,2
803,246,2,3
803,247,2,3
803,248,2,3
803,249,2,3
803,250,2,2
803,251,2,2
803,252,2,2
803,253,2,2
803,254,2,2
803,255,2,2
803,256,2,2
803,257,2,2
803,258,2,2
803,259,2,2
803,260,2,2
803,261,2,2
803,262,2,2
803,263,2,2
803,264,2,3
803,265,2,3
803,266,2,3
803,267,2,3
803,268,2,3
803,269,2,3
803,270,2,3
803,271,2,3
803,272,2,3
803,273,2,3
803,274,2,3
803,275,2,3
803,276,2,3
803,277,2,3
803,278,2,3
803,279,2,3
803,280,2,3
803,281,2,3
803,282,2,3
803,283,2,3
803,284,2,3
803,285,2,3
803,286,2,3
803,287,2,3
803,288,2,3
803,289,2,3
803,290,2,3
803,291,2,3
803,292,2,3
803,293,2,3
803,294,2,3
803,295,2,3
803,296,2,3
803,297,2,3
803,298,2,3
803,299,2,3
803,300,2,3
803,301,2,3
803,302,2,2
803,303,2,2
803,304,2,2
803,305,2,2
803,306,2,2
803,307,2,2
803,308,2,2
803,309,2,2
803,310,2,2
803,311,2,2
803,312,2,2
803,313,2,2
803,314,2,2
803,315,2,2
803,316,2,2
803,317,2,2
803,318,2,2
803,319,2,2
803,320,2,2
803,321,2,2
803,322,2,2
803,323,2,2
803,324,2,2
803,325,2,2
803,326,2,2
803,327,2,2
803,328,2,2
803,329,2,2
803,330,2,2
803,331,2,2
803,332,2,2
803,333,2,2
803,334,2,2
803,335,2,2
803,336,2,2
803,337,2,2
803,338,2,2
803,339,2,2
803,340,2,2
803,341,2,2
803,342,2,2
803,343,2,2
803,344,2,2
803,345,2,2
803,346,2,2
803,347,2,2
803,348,2,2
803,349,2,2
803,350,2,2
803,351,2,2
803,352,2,2
803,353,2,2
803,354,2,2
803,355,2,2
803,356,2,2
803,357,2,2
803,358,2,2
803,359,2,2
803,360,2,2
803,361,2,2
803,362,2,2
803,363,2,2
803,364,2,2
803,365,2,2
803,366,2,2
803,367,2,2
803,368,2,2
803,369,2,2
803,370,2,2
803,371,2,2
803,372,2,2
803,373,2,2
803,374,2,2
803,375,2,2
803,376,2,2
803,377,2,2
803,378,2,2
803,379,2,2
803,380,2,2
803,381,2,2
803,382,2,2
803,383,2,2
803,384,2,2
803,385,2,2
803,386,2,2
803,387,2,2
803,388,2,2
803,389,2,2
803,390,2,2
803,391,2,2
803,392,2,2
803,393,2,2
803,394,2,2
803,395,2,2
803,396,2,2
803,397,2,2
803,398,2,2
803,399,2,2
803,400,2,2
803,401,2,2
803,402,2,2
803,403,2,2
803,404,2,2
803,405,2,2
803,406,2,2
803,407,2,2
803,408,2,2
803,409,2,2
803,410,2,2
803,411,2,2
803,412,2,2
803,413,2,2
803,414,2,2
803,415,2,2
803,416,2,2
803,417,2,2
803,418,2,2
803,419,2,2
803,420,2,2
803,421,2,2
803,422,2,2
803,423,2,2
803,424,2,2
803,425,2,2
803,426,2,2
803,427,2,2
803,428,2,2
803,429,2,2
803,430,2,2
803,431,2,2
803,432,2,2
803,433,2,2
803,434,2,2
803,435,2,2
803,436,2,2
803,437,2,2
803,438,2,2
803,439,2,2
803,440,2,2
803,441,2,2
803,442,2,2
803,443,2,2
803,444,2,2
803,445,2,2
803,446,2,2
803,447,2,2
803,448,2,2
803,449,2,2
803,450,2,2
803,451,2,2
803,452,2,2
803,453,2,2
803,454,2,2
803,455,2,2
803,456,2,2
803,457,2,2
803,458,2,2
803,459,2,2
803,460,2,2
803,461,2,2
803,462,2,2
803,463,2,2
803,464,2,2
803,465,2,2
803,466,2,2
803,467,2,2
803,468,2,2
803,469,2,2
803,470,2,2
803,471,2,2
803,472,2,2
803,473,2,2
803,474,2,2
803,475,2,2
803,476,2,2
803,477,2,2
803,478,2,2
803,479,2,2
803,480,2,2
803,481,2,2
803,482,2,2
803,483,2,2
804,36,2,2
804,37,2,2
804,38,2,2
804,39,2,2
804,40,2,2
804,41,2,2
804,42,2,2
804,43,2,2
804,44,2,2
804,45,2,2
804,46,2,2
804,47,2,2
804,48,2,2
804,49,2,2
804,50,2,2
804,51,2,2
804,52,2,2
804,53,2,2
804,54,2,2
804,55,2,2
804,56,2,2
804,57,2,2
804,58,2,2
804,59,2,2
804,60,2,2
804,61,2,2
804,62,2,2
804,63,2,2
804,64,2,2
804,65,2,2
804,66,2,2
804,67,2,2
804,68,2,2
804,69,2,2
804,70,2,2
804,71,2,2
804,72,2,2
804,73,2,2
804,74,2,2
804,75,2,2
804,76,2,2
804,77,2,2
804,78,2,2
804,79,2,2
804,80,2,2
804,81,2,2
804,82,2,2
804,83,2,2
804,84,2,2
804,85,2,2
804,86,2,2
804,87,2,2
804,88,2,2
804,89,2,2
804,90,2,2
804,91,2,2
804,92,2,2
804,93,2,2
804,94,2,2
804,95,2,2
804,96,2,2
804,97,2,2
804,98,2,2
804,99,2,2
804,100,2,2
804,101,2,2
804,102,2,2
804,103,2,2
804,104,2,2
804,105,2,2
804,106,2,2
804,107,2,2
804,108,2,2
804,109,2,2
804,110,2,2
804,111,2,2
804,112,2,2
804,113,2,2
804,114,2,2
804,115,2,2
804,116,2,2
804,117,2,2
804,118,2,2
804,119,2,2
804,120,2,2
804,121,2,2
804,122,2,2
804,123,2,2
804,124,2,2
804,125,2,2
804,126,2,2
804,127,2,2
804,128,2,2
804,129,2,2
804,130,2,2
804,131,2,2
804,132,2,2
804,133,2,2
804,134,2,2
804,135,2,2
804,136,2,2
804,137,2,2
804,138,2,2
804,139,2,2
804,140,2,2
804,141,2,2
804,142,2,2
804,143,2,2
804,144,2,2
804,145,2,2
804,146,2,2
804,147,2,2
804,148,2,2
804,149,2,2
804,150,2,2
804,151,2,2
804,152,2,2
804,153,2,2
804,154,2,2
804,155,2,2
804,156,2,2
804,157,2,2
804,158,2,2
804,159,2,2
804,160,2,2
804,161,2,2
804,162,2,2
804,163,2,2
804,164,2,2
804,165,2,2
804,166,2,2
804,167,2,2
804,168,2,2
804,169,2,2
804,170,2,2
804,171,2,2
804,172,2,2
804,173,2,2
804,174,2,2
804,175,2,2
804,176,2,2
804,177,2,2
804,178,2,2
804,179,2,2
804,180,2,2
804,181,2,2
804,182,2,2
804,183,2,2
804,184,2,2
804,185,2,2
804,186,2,2
804,187,2,2
804,188,2,2
804,189,2,2
804,190,2,2
804,191,2,2
804,192,2,2
804,193,2,2
804,194,2,2
804,195,2,2
804,196,2,2
804,197,2,2
804,198,2,2
804,199,2,2
804,200,2,2
804,201,2,2
804,202,2,2
804,203,2,2
804,204,2,2
804,205,2,2
804,206,2,2
804,207,2,2
804,208,2,2
804,209,2,2
804,210,2,2
804,211,2,2
804,212,2,2
804,213,2,2
804,214,2,2
804,215,2,2
804,216,2,2
804,217,2,2
804,218,2,2
804,219,2,2
804,220,2,2
804,221,2,2
804,222,2,2
804,223,2,2
804,224,2,2
804,225,2,2
804,226,2,2
804,227,2,2
804,228,2,2
804,229,2,2
804,230,2,2
804,231,2,2
804,232,2,2
804,233,2,2
804,234,2,2
804,235,2,2
804,236,2,2
804,237,2,2
804,238,2,2
804,239,2,2
804,240,2,2
804,241,2,2
804,242,2,2
804,243,2,3
804,244,2,3
804,245,2,3
804,246,2,3
804,247,2,3
804,248,2,3
804,249,2,3
804,250,2,3
804,251,2,3
804,252,2,2
804,253,2,2
804,254,2,2
804,255,2,2
804,256,2,2
804,257,2,2
804,258,2,2
804,259,2,2
804,260,2,2
804,261,2,2
804,262,2,2
804,263,2,2
804,264,2,3
804,265,2,3
804,266,2,3
804,267,2,3
804,268,2,3
804,269,2,3
804,270,2,3
804,271,2,3
804,272,2,3
804,273,2,3
804,274,2,3
804,275,2,3
804,276,2,3
804,277,2,3
804,278,2,3
804,279,2,3
804,280,2,3
804,281,2,3
804,282,2,3
804,283,2,3
804,284,2,3
804,285,2,3
804,286,2,3
804,287,2,3
804,288,2,3
804,289,2,3
804,290,2,3
804,291,2,3
804,292,2,3
804,293,2,3
804,294,2,3
804,295,2,3
804,296,2,3
804,297,2,3
804,298,2,3
804,299,2,3
804,300,2,3
804,301,2,3
804,302,2,2
804,303,2,2
804,304,2,2
804,305,2,2
804,306,2,2
804,307,2,2
804,308,2,2
804,309,2,2
804,310,2,2
804,311,2,2
804,312,2,2
804,313,2,2
804,314,2,2
804,315,2,2
804,316,2,2
804,317,2,2
804,318,2,2
804,319,2,2
804,320,2,2
804,321,2,2
804,322,2,2
804,323,2,2
804,324,2,2
804,325,2,2
804,326,2,2
804,327,2,2
804,328,2,2
804,329,2,2
804,330,2,2
804,331,2,2
804,332,2,2
804,333,2,2
804,334,2,2
804,335,2,2
804,336,2,2
804,337,2,2
804,338,2,2
804,339,2,2
804,340,2,2
804,341,2,2
804,342,2,2
804,343,2,2
804,344,2,2
804,345,2,2
804,346,2,2
804,347,2,2
804,348,2,2
804,349,2,2
804,350,2,2
804,351,2,2
804,352,2,2
804,353,2,2
804,354,2,2
804,355,2,2
804,356,2,2
804,357,2,2
804,358,2,2
804,359,2,2
804,360,2,2
804,361,2,2
804,362,2,2
804,363,2,2
804,364,2,2
804,365,2,2
804,366,2,2
804,367,2,2
804,368,2,2
804,369,2,2
804,370,2,2
804,371,2,2
804,372,2,2
804,373,2,2
804,374,2,2
804,375,2,2
804,376,2,2
804,377,2,2
804,378,2,2
804,379,2,2
804,380,2,2
804,381,2,2
804,382,2,2
804,383,2,2
804,384,2,2
804,385,2,2
804,386,2,2
804,387,2,2
804,388,2,2
804,389,2,2
804,390,2,2
804,391,2,2
804,392,2,2
804,393,2,2
804,394,2,2
804,395,2,2
804,396,2,2
804,397,2,2
804,398,2,2
804,399,2,2
804,400,2,2
804,401,2,2
804,402,2,2
804,403,2,2
804,404,2,2
804,405,2,2
804,406,2,2
804,407,2,2
804,408,2,2
804,409,2,2
804,410,2,2
804,411,2,2
804,412,2,2
804,413,2,2
804,414,2,2
804,415,2,2
804,416,2,2
804,417,2,2
804,418,2,2
804,419,2,2
804,420,2,2
804,421,2,2
804,422,2,2
804,423,2,2
804,424,2,2
804,425,2,2
804,426,2,2
804,427,2,2
804,428,2,2
804,429,2,2
804,430,2,2
804,431,2,2
804,432,2,2
804,433,2,2
804,434,2,2
804,435,2,2
804,436,2,2
804,437,2,2
804,438,2,2
804,439,2,2
804,440,2,2
804,441,2,2
804,442,2,2
804,443,2,2
804,444,2,2
804,445,2,2
804,446,2,2
804,447,2,2
804,448,2,2
804,449,2,2
804,450,2,2
804,451,2,2
804,452,2,2
804,453,2,2
804,454,2,2
804,455,2,2
804,456,2,2
804,457,2,2
804,458,2,2
804,459,2,2
804,460,2,2
804,461,2,2
804,462,2,2
804,463,2,2
804,464,2,2
804,465,2,2
804,466,2,2
804,467,2,2
804,468,2,2
804,469,2,2
804,470,2,2
804,471,2,2
804,472,2,2
804,473,2,2
804,474,2,2
804,475,2,2
804,476,2,2
804,477,2,2
804,478,2,2
804,479,2,2
804,480,2,2
804,481,2,2
804,482,2,2
804,483,2,2
804,484,2,2
804,485,2,3
805,36,2,2
805,37,2,2
805,38,2,2
805,39,2,2
805,40,2,2
805,41,2,2
805,42,2,2
805,43,2,2
805,44,2,2
805,45,2,2
805,46,2,2
805,47,2,2
805,48,2,2
805,49,2,2
805,50,2,2
805,51,2,2
805,52,2,2
805,53,2,2
805,54,2,2
805,55,2,2
805,56,2,2
805,57,2,2
805,58,2,2
805,59,2,2
805,60,2,2
805,61,2,2
805,62,2,2
805,63,2,2
805,64,2,2
805,65,2,2
805,66,2,2
805,67,2,2
805,68,2,2
805,69,2,2
805,70,2,2
805,71,2,2
805,72,2,2
805,73,2,2
805,74,2,2
805,75,2,2
805,76,2,2
805,77,2,2
805,78,2,2
805,79,2,2
805,80,2,2
805,81,2,2
805,82,2,2
805,83,2,2
805,84,2,2
805,85,2,2
805,86,2,2
805,87,2,2
805,88,2,2
805,89,2,2
805,90,2,2
805,91,2,2
805,92,2,2
805,93,2,2
805,94,2,2
805,95,2,2
805,96,2,2
805,97,2,2
805,98,2,2
805,99,2,2
805,100,2,2
805,101,2,2
805,102,2,2
805,103,2,2
805,104,2,2
805,105,2,2
805,106,2,2
805,107,2,2
805,108,2,2
805,109,2,2
805,110,2,2
805,111,2,2
805,112,2,2
805,113,2,2
805,114,2,2
805,115,2,2
805,116,2,2
805,117,2,2
805,118,2,2
805,119,2,2
805,120,2,2
805,121,2,2
805,122,2,2
805,123,2,2
805,124,2,2
805,125,2,2
805,126,2,2
805,127,2,2
805,128,2,2
805,129,2,2
805,130,2,2
805,131,2,2
805,132,2,2
805,133,2,2
805,134,2,2
805,135,2,2
805,136,2,2
805,137,2,2
805,138,2,2
805,139,2,2
805,140,2,2
805,141,2,2
805,142,2,2
805,143,2,2
805,144,2,2
805,145,2,2
805,146,2,2
805,147,2,2
805,148,2,2
805,149,2,2
805,150,2,2
805,151,2,2
805,152,2,2
805,153,2,2
805,154,2,2
805,155,2,2
805,156,2,2
805,157,2,2
805,158,2,2
805,159,2,2
805,160,2,2
805,161,2,2
805,162,2,2
805,163,2,2
805,164,2,2
805,165,2,2
805,166,2,2
805,167,2,2
805,168,2,2
805,169,2,2
805,170,2,2
805,171,2,2
805,172,2,2
805,173,2,2
805,174,2,2
805,175,2,2
805,176,2,2
805,177,2,2
805,178,2,2
805,179,2,2
805,180,2,2
805,181,2,2
805,182,2,2
805,183,2,2
805,184,2,2
805,185,2,2
805,186,2,2
805,187,2,2
805,188,2,2
805,189,2,2
805,190,2,2
805,191,2,2
805,192,2,2
805,193,2,2
805,194,2,2
805,195,2,2
805,196,2,2
805,197,2,2
805,198,2,2
805,199,2,2
805,200,2,2
805,201,2,2
805,202,2,2
805,203,2,2
805,204,2,2
805,205,2,2
805,206,2,2
805,207,2,2
805,208,2,2
805,209,2,2
805,210,2,2
805,211,2,2
805,212,2,2
805,213,2,2
805,214,2,2
805,215,2,2
805,216,2,2
805,217,2,2
805,218,2,2
805,219,2,2
805,220,2,2
805,221,2,2
805,222,2,2
805,223,2,2
805,224,2,2
805,225,2,2
805,226,2,2
805,227,2,2
805,228,2,2
805,229,2,2
805,230,2,2
805,231,2,2
805,232,2,2
805,233,2,2
805,234,2,2
805,235,2,2
805,236,2,2
805,237,2,2
805,238,2,2
805,239,2,2
805,240,2,2
805,241,2,2
805,242,2,2
805,243,2,3
805,244,2,3
805,245,2,3
805,246,2,3
805,247,2,3
805,248,2,3
805,249,2,3
805,250,2,3
805,251,2,3
805,252,2,2
805,253,2,2
805,254,2,2
805,255,2,2
805,256,2,2
805,257,2,2
805,258,2,2
805,259,2,2
805,260,2,2
805,261,2,2
805,262,2,2
805,263,2,2
805,264,2,2
805,265,2,3
805,266,2,3
805,267,2,3
805,268,2,3
805,269,2,3
805,270,2,3
805,271,2,3
805,272,2,3
805,273,2,3
805,274,2,3
805,275,2,3
805,276,2,3
805,277,2,3
805,278,2,3
805,279,2,3
805,280,2,3
805,281,2,3
805,282,2,3
805,283,2,3
805,284,2,3
805,285,2,3
805,286,2,3
805,287,2,3
805,288,2,3
805,289,2,3
805,290,2,3
805,291,2,3
805,292,2,3
805,293,2,3
805,294,2,3
805,295,2,3
805,296,2,3
805,297,2,3
805,298,2,3
805,299,2,3
805,300,2,3
805,301,2,2
805,302,2,2
805,303,2,2
805,304,2,2
805,305,2,2
805,306,2,2
805,307,2,2
805,308,2,2
805,309,2,2
805,310,2,2
805,311,2,2
805,312,2,2
805,313,2,2
805,314,2,2
805,315,2,2
805,316,2,2
805,317,2,2
805,318,2,2
805,319,2,2
805,320,2,2
805,321,2,2
805,322,2,2
805,323,2,2
805,324,2,2
805,325,2,2
805,326,2,2
805,327,2,2
805,328,2,2
805,329,2,2
805,330,2,2
805,331,2,2
805,332,2,2
805,333,2,2
805,334,2,2
805,335,2,2
805,336,2,2
805,337,2,2
805,338,2,2
805,339,2,2
805,340,2,2
805,341,2,2
805,342,2,2
805,343,2,2
805,344,2,2
805,345,2,2
805,346,2,2
805,347,2,2
805,348,2,2
805,349,2,2
805,350,2,2
805,351,2,2
805,352,2,2
805,353,2,2
805,354,2,2
805,355,2,2
805,356,2,2
805,357,2,2
805,358,2,2
805,359,2,2
805,360,2,2
805,361,2,2
805,362,2,2
805,363,2,2
805,364,2,2
805,365,2,2
805,366,2,2
805,367,2,2
805,368,2,2
805,369,2,2
805,370,2,2
805,371,2,2
805,372,2,2
805,373,2,2
805,374,2,2
805,375,2,2
805,376,2,2
805,377,2,2
805,378,2,2
805,379,2,2
805,380,2,2
805,381,2,2
805,382,2,2
805,383,2,2
805,384,2,2
805,385,2,2
805,386,2,2
805,387,2,2
805,388,2,2
805,389,2,2
805,390,2,2
805,391,2,2
805,392,2,2
805,393,2,2
805,394,2,2
805,395,2,2
805,396,2,2
805,397,2,2
805,398,2,2
805,399,2,2
805,400,2,2
805,401,2,2
805,402,2,2
805,403,2,2
805,404,2,2
805,405,2,2
805,406,2,2
805,407,2,2
805,408,2,2
805,409,2,2
805,410,2,2
805,411,2,2
805,412,2,2
805,413,2,2
805,414,2,2
805,415,2,2
805,416,2,2
805,417,2,2
805,418,2,2
805,419,2,2
805,420,2,2
805,421,2,2
805,422,2,2
805,423,2,2
805,424,2,2
805,425,2,2
805,426,2,2
805,427,2,2
805,428,2,2
805,429,2,2
805,430,2,2
805,431,2,2
805,432,2,2
805,433,2,2
805,434,2,2
805,435,2,2
805,436,2,2
805,437,2,2
805,438,2,2
805,439,2,2
805,440,2,2
805,441,2,2
805,442,2,2
805,443,2,2
805,444,2,2
805,445,2,2
805,446,2,2
805,447,2,2
805,448,2,2
805,449,2,2
805,450,2,2
805,451,2,2
805,452,2,2
805,453,2,2
805,454,2,2
805,455,2,2
805,456,2,2
805,457,2,2
805,458,2,2
805,459,2,2
805,460,2,2
805,461,2,2
805,462,2,2
805,463,2,2
805,464,2,2
805,465,2,2
805,466,2,2
805,467,2,2
805,468,2,2
805,469,2,2
805,470,2,2
805,471,2,2
805,472,2,2
805,473,2,2
805,474,2,2
805,475,2,2
805,476,2,2
805,477,2,2
805,478,2,2
805,479,2,2
805,480,2,2
805,481,2,2
805,482,2,2
805,483,2,2
805,484,2,2
805,485,2,2
805,486,2,2
806,37,2,2
806,38,2,2
806,39,2,2
806,40,2,2
806,41,2,2
806,42,2,2
806,43,2,2
806,44,2,2
806,45,2,2
806,46,2,2
806,47,2,2
806,48,2,2
806,49,2,2
806,50,2,2
806,51,2,2
806,52,2,2
806,53,2,2
806,54,2,2
806,55,2,2
806,56,2,2
806,57,2,2
806,58,2,2
806,59,2,2
806,60,2,2
806,61,2,2
806,62,2,2
806,63,2,2
806,64,2,2
806,65,2,2
806,66,2,2
806,67,2,2
806,68,2,2
806,69,2,2
806,70,2,2
806,71,2,2
806,72,2,2
806,73,2,2
806,74,2,2
806,75,2,2
806,76,2,2
806,77,2,2
806,78,2,2
806,79,2,2
806,80,2,2
806,81,2,2
806,82,2,2
806,83,2,2
806,84,2,2
806,85,2,2
806,86,2,2
806,87,2,2
806,88,2,2
806,89,2,2
806,90,2,2
806,91,2,2
806,92,2,2
806,93,2,2
806,94,2,2
806,95,2,2
806,96,2,2
806,97,2,2
806,98,2,2
806,99,2,2
806,100,2,2
806,101,2,2
806,102,2,2
806,103,2,2
806,104,2,2
806,105,2,2
806,106,2,2
806,107,2,2
806,108,2,2
806,109,2,2
806,110,2,2
806,111,2,2
806,112,2,2
806,113,2,2
806,114,2,2
806,115,2,2
806,116,2,2
806,117,2,2
806,118,2,2
806,119,2,2
806,120,2,2
806,121,2,2
806,122,2,2
806,123,2,2
806,124,2,2
806,125,2,2
806,126,2,2
806,127,2,2
806,128,2,2
806,129,2,2
806,130,2,2
806,131,2,2
806,132,2,2
806,133,2,2
806,134,2,2
806,135,2,2
806,136,2,2
806,137,2,2
806,138,2,2
806,139,2,2
806,140,2,2
806,141,2,2
806,142,2,2
806,143,2,2
806,144,2,2
806,145,2,2
806,146,2,2
806,147,2,2
806,148,2,2
806,149,2,2
806,150,2,2
806,151,2,2
806,152,2,2
806,153,2,2
806,154,2,2
806,155,2,2
806,156,2,2
806,157,2,2
806,158,2,2
806,159,2,2
806,160,2,2
806,161,2,2
806,162,2,2
806,163,2,2
806,164,2,2
806,165,2,2
806,166,2,2
806,167,2,2
806,168,2,2
806,169,2,2
806,170,2,2
806,171,2,2
806,172,2,2
806,173,2,2
806,174,2,2
806,175,2,2
806,176,2,2
806,177,2,2
806,178,2,2
806,179,2,2
806,180,2,2
806,181,2,2
806,182,2,2
806,183,2,2
806,184,2,2
806,185,2,2
806,186,2,2
806,187,2,2
806,188,2,2
806,189,2,2
806,190,2,2
806,191,2,2
806,192,2,2
806,193,2,2
806,194,2,2
806,195,2,2
806,196,2,2
806,197,2,2
806,198,2,2
806,199,2,2
806,200,2,2
806,201,2,2
806,202,2,2
806,203,2,2
806,204,2,2
806,205,2,2
806,206,2,2
806,207,2,2
806,208,2,2
806,209,2,2
806,210,2,2
806,211,2,2
806,212,2,2
806,213,2,2
806,214,2,2
806,215,2,2
806,216,2,2
806,217,2,2
806,218,2,2
806,219,2,2
806,220,2,2
806,221,2,2
806,222,2,2
806,223,2,2
806,224,2,2
806,225,2,2
806,226,2,2
806,227,2,2
806,228,2,2
806,229,2,2
806,230,2,2
806,231,2,2
806,232,2,2
806,233,2,2
806,234,2,2
806,235,2,2
806,236,2,2
806,237,2,2
806,238,2,2
806,239,2,2
806,240,2,2
806,241,2,2
806,242,2,3
806,243,2,3
806,244,2,3
806,245,2,3
806,246,2,3
806,247,2,3
806,248,2,3
806,249,2,3
806,250,2,3
806,251,2,3
806,252,2,3
806,253,2,2
806,254,2,2
806,255,2,2
806,256,2,2
806,257,2,2
806,258,2,2
806,259,2,2
806,260,2,2
806,261,2,2
806,262,2,2
806,263,2,2
806,264,2,2
806,265,2,2
806,266,2,2
806,267,2,3
806,268,2,3
806,269,2,3
806,270,2,3
806,271,2,3
806,272,2,3
806,273,2,3
806,274,2,3
806,275,2,3
806,276,2,3
806,277,2,3
806,278,2,3
806,279,2,3
806,280,2,3
806,281,2,3
806,282,2,3
806,283,2,3
806,284,2,3
806,285,2,3
806,286,2,3
806,287,2,3
806,288,2,3
806,289,2,3
806,290,2,3
806,291,2,3
806,292,2,3
806,293,2,3
806,294,2,3
806,295,2,3
806,296,2,3
806,297,2,3
806,298,2,3
806,299,2,3
806,300,2,3
806,301,2,2
806,302,2,2
806,303,2,2
806,304,2,2
806,305,2,2
806,306,2,2
806,307,2,2
806,308,2,2
806,309,2,2
806,310,2,2
806,311,2,2
806,312,2,2
806,313,2,2
806,314,2,2
806,315,2,2
806,316,2,2
806,317,2,2
806,318,2,2
806,319,2,2
806,320,2,2
806,321,2,2
806,322,2,2
806,323,2,2
806,324,2,2
806,325,2,2
806,326,2,2
806,327,2,2
806,328,2,2
806,329,2,2
806,330,2,2
806,331,2,2
806,332,2,2
806,333,2,2
806,334,2,2
806,335,2,2
806,336,2,2
806,337,2,2
806,338,2,2
806,339,2,2
806,340,2,2
806,341,2,2
806,342,2,2
806,343,2,2
806,344,2,2
806,345,2,2
806,346,2,2
806,347,2,2
806,348,2,2
806,349,2,2
806,350,2,2
806,351,2,2
806,352,2,2
806,353,2,2
806,354,2,2
806,355,2,2
806,356,2,2
806,357,2,2
806,358,2,2
806,359,2,2
806,360,2,2
806,361,2,2
806,362,2,2
806,363,2,2
806,364,2,2
806,365,2,2
806,366,2,2
806,367,2,2
806,368,2,2
806,369,2,2
806,370,2,2
806,371,2,2
806,372,2,2
806,373,2,2
806,374,2,2
806,375,2,2
806,376,2,2
806,377,2,2
806,378,2,2
806,379,2,2
806,380,2,2
806,381,2,2
806,382,2,2
806,383,2,2
806,384,2,2
806,385,2,2
806,386,2,2
806,387,2,2
806,388,2,2
806,389,2,2
806,390,2,2
806,391,2,2
806,392,2,2
806,393,2,2
806,394,2,2
806,395,2,2
806,396,2,2
806,397,2,2
806,398,2,2
806,399,2,2
806,400,2,2
806,401,2,2
806,402,2,2
806,403,2,2
806,404,2,2
806,405,2,2
806,406,2,2
806,407,2,2
806,408,2,2
806,409,2,2
806,410,2,2
806,411,2,2
806,412,2,2
806,413,2,2
806,414,2,2
806,415,2,2
806,416,2,2
806,417,2,2
806,418,2,2
806,419,2,2
806,420,2,2
806,421,2,2
806,422,2,2
806,423,2,2
806,424,2,2
806,425,2,2
806,426,2,2
806,427,2,2
806,428,2,2
806,429,2,2
806,430,2,2
806,431,2,2
806,432,2,2
806,433,2,2
806,434,2,2
806,435,2,2
806,436,2,2
806,437,2,2
806,438,2,2
806,439,2,2
806,440,2,2
806,441,2,2
806,442,2,2
806,443,2,2
806,444,2,2
806,445,2,2
806,446,2,2
806,447,2,2
806,448,2,2
806,449,2,2
806,450,2,2
806,451,2,2
806,452,2,2
806,453,2,2
806,454,2,2
806,455,2,2
806,456,2,2
806,457,2,2
806,458,2,2
806,459,2,2
806,460,2,2
806,461,2,2
806,462,2,2
806,463,2,2
806,464,2,2
806,465,2,2
806,466,2,2
806,467,2,2
806,468,2,2
806,469,2,2
806,470,2,2
806,471,2,2
806,472,2,2
806,473,2,2
806,474,2,2
806,475,2,2
806,476,2,2
806,477,2,2
806,478,2,2
806,479,2,2
806,480,2,2
806,481,2,2
806,482,2,2
806,483,2,2
806,484,2,2
806,485,2,2
806,486,2,2
806,487,2,3
806,488,2,3
807,37,2,2
807,38,2,2
807,39,2,2
807,40,2,2
807,41,2,2
807,42,2,2
807,43,2,2
807,44,2,2
807,45,2,2
807,46,2,2
807,47,2,2
807,48,2,2
807,49,2,2
807,50,2,2
807,51,2,2
807,52,2,2
807,53,2,2
807,54,2,2
807,55,2,2
807,56,2,2
807,57,2,2
807,58,2,2
807,59,2,2
807,60,2,2
807,61,2,2
807,62,2,2
807,63,2,2
807,64,2,2
807,65,2,2
807,66,2,2
807,67,2,2
807,68,2,2
807,69,2,2
807,70,2,2
807,71,2,2
807,72,2,2
807,73,2,2
807,74,2,2
807,75,2,2
807,76,2,2
807,77,2,2
807,78,2,2
807,79,2,2
807,80,2,2
807,81,2,2
807,82,2,2
807,83,2,2
807,84,2,2
807,85,2,2
807,86,2,2
807,87,2,2
807,88,2,2
807,89,2,2
807,90,2,2
807,91,2,2
807,92,2,2
807,93,2,2
807,94,2,2
807,95,2,2
807,96,2,2
807,97,2,2
807,98,2,2
807,99,2,2
807,100,2,2
807,101,2,2
807,102,2,2
807,103,2,2
807,104,2,2
807,105,2,2
807,106,2,2
807,107,2,2
807,108,2,2
807,109,2,2
807,110,2,2
807,111,2,2
807,112,2,2
807,113,2,2
807,114,2,2
807,115,2,2
807,116,2,2
807,117,2,2
807,118,2,2
807,119,2,2
807,120,2,2
807,121,2,2
807,122,2,2
807,123,2,2
807,124,2,2
807,125,2,2
807,126,2,2
807,127,2,2
807,128,2,2
807,129,2,2
807,130,2,2
807,131,2,2
807,132,2,2
807,133,2,2
807,134,2,2
807,135,2,2
807,136,2,2
807,137,2,2
807,138,2,2
807,139,2,2
807,140,2,2
807,141,2,2
807,142,2,2
807,143,2,2
807,144,2,2
807,145,2,2
807,146,2,2
807,147,2,2
807,148,2,2
807,149,2,2
807,150,2,2
807,151,2,2
807,152,2,2
807,153,2,2
807,154,2,2
807,155,2,2
807,156,2,2
807,157,2,2
807,158,2,2
807,159,2,2
807,160,2,2
807,161,2,2
807,162,2,2
807,163,2,2
807,164,2,2
807,165,2,2
807,166,2,2
807,167,2,2
807,168,2,2
807,169,2,2
807,170,2,2
807,171,2,2
807,172,2,2
807,173,2,2
807,174,2,2
807,175,2,2
807,176,2,2
807,177,2,2
807,178,2,2
807,179,2,2
807,180,2,2
807,181,2,2
807,182,2,2
807,183,2,2
807,184,2,2
807,185,2,2
807,186,2,2
807,187,2,2
807,188,2,2
807,189,2,2
807,190,2,2
807,191,2,2
807,192,2,2
807,193,2,2
807,194,2,2
807,195,2,2
807,196,2,2
807,197,2,2
807,198,2,2
807,199,2,2
807,200,2,2
807,201,2,2
807,202,2,2
807,203,2,2
807,204,2,2
807,205,2,2
807,206,2,2
807,207,2,2
807,208,2,2
807,209,2,2
807,210,2,2
807,211,2,2
807,212,2,2
807,213,2,2
807,214,2,2
807,215,2,2
807,216,2,2
807,217,2,2
807,218,2,2
807,219,2,2
807,220,2,2
807,221,2,2
807,222,2,2
807,223,2,2
807,224,2,2
807,225,2,2
807,226,2,2
807,227,2,2
807,228,2,2
807,229,2,2
807,230,2,2
807,231,2,2
807,232,2,2
807,233,2,2
807,234,2,2
807,235,2,2
807,236,2,2
807,237,2,2
807,238,2,2
807,239,2,2
807,240,2,2
807,241,2,2
807,242,2,3
807,243,2,3
807,244,2,3
807,245,2,3
807,246,2,3
807,247,2,3
807,248,2,3
807,249,2,3
807,250,2,3
807,251,2,3
807,252,2,3
807,253,2,2
807,254,2,2
807,255,2,2
807,256,2,2
807,257,2,2
807,258,2,2
807,259,2,2
807,260,2,2
807,261,2,2
807,262,2,2
807,263,2,2
807,264,2,2
807,265,2,2
807,266,2,2
807,267,2,2
807,268,2,3
807,269,2,3
807,270,2,3
807,271,2,3
807,272,2,3
807,273,2,3
807,274,2,3
807,275,2,3
807,276,2,3
807,277,2,3
807,278,2,3
807,279,2,3
807,280,2,3
807,281,2,3
807,282,2,3
807,283,2,3
807,284,2,3
807,285,2,3
807,286,2,3
807,287,2,3
807,288,2,3
807,289,2,3
807,290,2,3
807,291,2,3
807,292,2,3
807,293,2,3
807,294,2,3
807,295,2,3
807,296,2,3
807,297,2,3
807,298,2,3
807,299,2,3
807,300,2,3
807,301,2,2
807,302,2,2
807,303,2,2
807,304,2,2
807,305,2,2
807,306,2,2
807,307,2,2
807,308,2,2
807,309,2,2
807,310,2,2
807,311,2,2
807,312,2,2
807,313,2,2
807,314,2,2
807,315,2,2
807,316,2,2
807,317,2,2
807,318,2,2
807,319,2,2
807,320,2,2
807,321,2,2
807,322,2,2
807,323,2,2
807,324,2,2
807,325,2,2
807,326,2,2
807,327,2,2
807,328,2,2
807,329,2,2
807,330,2,2
807,331,2,2
807,332,2,2
807,333,2,2
807,334,2,2
807,335,2,2
807,336,2,2
807,337,2,2
807,338,2,2
807,339,2,2
807,340,2,2
807,341,2,2
807,342,2,2
807,343,2,2
807,344,2,2
807,345,2,2
807,346,2,2
807,347,2,2
807,348,2,2
807,349,2,2
807,350,2,2
807,351,2,2
807,352,2,2
807,353,2,2
807,354,2,2
807,355,2,2
807,356,2,2
807,357,2,2
807,358,2,2
807,359,2,2
807,360,2,2
807,361,2,2
807,362,2,2
807,363,2,2
807,364,2,2
807,365,2,2
807,366,2,2
807,367,2,2
807,368,2,2
807,369,2,2
807,370,2,2
807,371,2,2
807,372,2,2
807,373,2,2
807,374,2,2
807,375,2,2
807,376,2,2
807,377,2,2
807,378,2,2
807,379,2,2
807,380,2,2
807,381,2,2
807,382,2,2
807,383,2,2
807,384,2,2
807,385,2,2
807,386,2,2
807,387,2,2
807,388,2,2
807,389,2,2
807,390,2,2
807,391,2,2
807,392,2,2
807,393,2,2
807,394,2,2
807,395,2,2
807,396,2,2
807,397,2,2
807,398,2,2
807,399,2,2
807,400,2,2
807,401,2,2
807,402,2,2
807,403,2,2
807,404,2,2
807,405,2,2
807,406,2,2
807,407,2,2
807,408,2,2
807,409,2,2
807,410,2,2
807,411,2,2
807,412,2,2
807,413,2,2
807,414,2,2
807,415,2,2
807,416,2,2
807,417,2,2
807,418,2,2
807,419,2,2
807,420,2,2
807,421,2,2
807,422,2,2
807,423,2,2
807,424,2,2
807,425,2,2
807,426,2,2
807,427,2,2
807,428,2,2
807,429,2,2
807,430,2,2
807,431,2,2
807,432,2,2
807,433,2,2
807,434,2,2
807,435,2,2
807,436,2,2
807,437,2,2
807,438,2,2
807,439,2,2
807,440,2,2
807,441,2,2
807,442,2,2
807,443,2,2
807,444,2,2
807,445,2,2
807,446,2,2
807,447,2,2
807,448,2,2
807,449,2,2
807,450,2,2
807,451,2,2
807,452,2,2
807,453,2,2
807,454,2,2
807,455,2,2
807,456,2,2
807,457,2,2
807,458,2,2
807,459,2,2
807,460,2,2
807,461,2,2
807,462,2,2
807,463,2,2
807,464,2,2
807,465,2,2
807,466,2,2
807,467,2,2
807,468,2,2
807,469,2,2
807,470,2,2
807,471,2,2
807,472,2,2
807,473,2,2
807,474,2,2
807,475,2,2
807,476,2,2
807,477,2,2
807,478,2,2
807,479,2,2
807,480,2,2
807,481,2,2
807,482,2,2
807,483,2,2
807,484,2,2
807,485,2,2
807,486,2,2
807,487,2,2
807,488,2,3
807,489,2,3
807,490,2,3
807,491,2,3
808,38,2,2
808,39,2,2
808,40,2,2
808,41,2,2
808,42,2,2
808,43,2,2
808,44,2,2
808,45,2,2
808,46,2,2
808,47,2,2
808,48,2,2
808,49,2,2
808,50,2,2
808,51,2,2
808,52,2,2
808,53,2,2
808,54,2,2
808,55,2,2
808,56,2,2
808,57,2,2
808,58,2,2
808,59,2,2
808,60,2,2
808,61,2,2
808,62,2,2
808,63,2,2
808,64,2,2
808,65,2,2
808,66,2,2
808,67,2,2
808,68,2,2
808,69,2,2
808,70,2,2
808,71,2,2
808,72,2,2
808,73,2,2
808,74,2,2
808,75,2,2
808,76,2,2
808,77,2,2
808,78,2,2
808,79,2,2
808,80,2,2
808,81,2,2
808,82,2,2
808,83,2,2
808,84,2,2
808,85,2,2
808,86,2,2
808,87,2,2
808,88,2,2
808,89,2,2
808,90,2,2
808,91,2,2
808,92,2,2
808,93,2,2
808,94,2,2
808,95,2,2
808,96,2,2
808,97,2,2
808,98,2,2
808,99,2,2
808,100,2,2
808,101,2,2
808,102,2,2
808,103,2,2
808,104,2,2
808,105,2,2
808,106,2,2
808,107,2,2
808,108,2,2
808,109,2,2
808,110,2,2
808,111,2,2
808,112,2,2
808,113,2,2
808,114,2,2
808,115,2,2
808,116,2,2
808,117,2,2
808,118,2,2
808,119,2,2
808,120,2,2
808,121,2,2
808,122,2,2
808,123,2,2
808,124,2,2
808,125,2,2
808,126,2,2
808,127,2,2
808,128,2,2
808,129,2,2
808,130,2,2
808,131,2,2
808,132,2,2
808,133,2,2
808,134,2,2
808,135,2,2
808,136,2,2
808,137,2,2
808,138,2,2
808,139,2,2
808,140,2,2
808,141,2,2
808,142,2,2
808,143,2,2
808,144,2,2
808,145,2,2
808,146,2,2
808,147,2,2
808,148,2,2
808,149,2,2
808,150,2,2
808,151,2,2
808,152,2,2
808,153,2,2
808,154,2,2
808,155,2,2
808,156,2,2
808,157,2,2
808,158,2,2
808,159,2,2
808,160,2,2
808,161,2,2
808,162,2,2
808,163,2,2
808,164,2,2
808,165,2,2
808,166,2,2
808,167,2,2
808,168,2,2
808,169,2,2
808,170,2,2
808,171,2,2
808,172,2,2
808,173,2,2
808,174,2,2
808,175,2,2
808,176,2,2
808,177,2,2
808,178,2,2
808,179,2,2
808,180,2,2
808,181,2,2
808,182,2,2
808,183,2,2
808,184,2,2
808,185,2,2
808,186,2,2
808,187,2,2
808,188,2,2
808,189,2,2
808,190,2,2
808,191,2,2
808,192,2,2
808,193,2,2
808,194,2,2
808,195,2,2
808,196,2,2
808,197,2,2
808,198,2,2
808,199,2,2
808,200,2,2
808,201,2,2
808,202,2,2
808,203,2,2
808,204,2,2
808,205,2,2
808,206,2,2
808,207,2,2
808,208,2,2
808,209,2,2
808,210,2,2
808,211,2,2
808,212,2,2
808,213,2,2
808,214,2,2
808,215,2,2
808,216,2,2
808,217,2,2
808,218,2,2
808,219,2,2
808,220,2,2
808,221,2,2
808,222,2,2
808,223,2,2
808,224,2,2
808,225,2,2
808,226,2,2
808,227,2,2
808,228,2,2
808,229,2,2
808,230,2,2
808,231,2,2
808,232,2,2
808,233,2,2
808,234,2,2
808,235,2,2
808,236,2,2
808,237,2,2
808,238,2,2
808,239,2,2
808,240,2,2
808,241,2,2
808,242,2,3
808,243,2,3
808,244,2,3
808,245,2,3
808,246,2,3
808,247,2,3
808,248,2,3
808,249,2,3
808,250,2,3
808,251,2,3
808,252,2,3
808,253,2,3
808,254,2,2
808,255,2,2
808,256,2,2
808,257,2,2
808,258,2,2
808,259,2,2
808,260,2,2
808,261,2,2
808,262,2,2
808,263,2,2
808,264,2,2
808,265,2,2
808,266,2,2
808,267,2,2
808,268,2,2
808,269,2,3
808,270,2,3
808,271,2,3
808,272,2,3
808,273,2,3
808,274,2,3
808,275,2,3
808,276,2,3
808,277,2,3
808,278,2,3
808,279,2,3
808,280,2,3
808,281,2,3
808,282,2,3
808,283,2,3
808,284,2,3
808,285,2,3
808,286,2,3
808,287,2,3
808,288,2,3
808,289,2,3
808,290,2,3
808,291,2,3
808,292,2,3
808,293,2,3
808,294,2,3
808,295,2,3
808,296,2,3
808,297,2,3
808,298,2,3
808,299,2,3
808,300,2,3
808,301,2,2
808,302,2,2
808,303,2,2
808,304,2,2
808,305,2,2
808,306,2,2
808,307,2,2
808,308,2,2
808,309,2,2
808,310,2,2
808,311,2,2
808,312,2,2
808,313,2,2
808,314,2,2
808,315,2,2
808,316,2,2
808,317,2,2
808,318,2,2
808,319,2,2
808,320,2,2
808,321,2,2
808,322,2,2
808,323,2,2
808,324,2,2
808,325,2,2
808,326,2,2
808,327,2,2
808,328,2,2
808,329,2,2
808,330,2,2
808,331,2,2
808,332,2,2
808,333,2,2
808,334,2,2
808,335,2,2
808,336,2,2
808,337,2,2
808,338,2,2
808,339,2,2
808,340,2,2
808,341,2,2
808,342,2,2
808,343,2,2
808,344,2,2
808,345,2,2
808,346,2,2
808,347,2,2
808,348,2,2
808,349,2,2
808,350,2,2
808,351,2,2
808,352,2,2
808,353,2,2
808,354,2,2
808,355,2,2
808,356,2,2
808,357,2,2
808,358,2,2
808,359,2,2
808,360,2,2
808,361,2,2
808,362,2,2
808,363,2,2
808,364,2,2
808,365,2,2
808,366,2,2
808,367,2,2
808,368,2,2
808,369,2,2
808,370,2,2
808,371,2,2
808,372,2,2
808,373,2,2
808,374,2,2
808,375,2,2
808,376,2,2
808,377,2,2
808,378,2,2
808,379,2,2
808,380,2,2
808,381,2,2
808,382,2,2
808,383,2,2
808,384,2,2
808,385,2,2
808,386,2,2
808,387,2,2
808,388,2,2
808,389,2,2
808,390,2,2
808,391,2,2
808,392,2,2
808,393,2,2
808,394,2,2
808,395,2,2
808,396,2,2
808,397,2,2
808,398,2,2
808,399,2,2
808,400,2,2
808,401,2,2
808,402,2,2
808,403,2,2
808,404,2,2
808,405,2,2
808,406,2,2
808,407,2,2
808,408,2,2
808,409,2,2
808,410,2,2
808,411,2,2
808,412,2,2
808,413,2,2
808,414,2,2
808,415,2,2
808,416,2,2
808,417,2,2
808,418,2,2
808,419,2,2
808,420,2,2
808,421,2,2
808,422,2,2
808,423,2,2
808,424,2,2
808,425,2,2
808,426,2,2
808,427,2,2
808,428,2,2
808,429,2,2
808,430,2,2
808,431,2,2
808,432,2,2
808,433,2,2
808,434,2,2
808,435,2,2
808,436,2,2
808,437,2,2
808,438,2,2
808,439,2,2
808,440,2,2
808,441,2,2
808,442,2,2
808,443,2,2
808,444,2,2
808,445,2,2
808,446,2,2
808,447,2,2
808,448,2,2
808,449,2,2
808,450,2,2
808,451,2,2
808,452,2,2
808,453,2,2
808,454,2,2
808,455,2,2
808,456,2,2
808,457,2,2
808,458,2,2
808,459,2,2
808,460,2,2
808,461,2,2
808,462,2,2
808,463,2,2
808,464,2,2
808,465,2,2
808,466,2,2
808,467,2,2
808,468,2,2
808,469,2,2
808,470,2,2
808,471,2,2
808,472,2,2
808,473,2,2
808,474,2,2
808,475,2,2
808,476,2,2
808,477,2,2
808,478,2,2
808,479,2,2
808,480,2,2
808,481,2,2
808,482,2,2
808,483,2,2
808,484,2,2
808,485,2,2
808,486,2,2
808,487,2,2
808,488,2,2
808,489,2,3
808,490,2,2
808,491,2,2
808,492,2,3
808,493,2,3
809,38,2,2
809,39,2,2
809,40,2,2
809,41,2,2
809,42,2,2
809,43,2,2
809,44,2,2
809,45,2,2
809,46,2,2
809,47,2,2
809,48,2,2
809,49,2,2
809,50,2,2
809,51,2,2
809,52,2,2
809,53,2,2
809,54,2,2
809,55,2,2
809,56,2,2
809,57,2,2
809,58,2,2
809,59,2,2
809,60,2,2
809,61,2,2
809,62,2,2
809,63,2,2
809,64,2,2
809,65,2,2
809,66,2,2
809,67,2,2
809,68,2,2
809,69,2,2
809,70,2,2
809,71,2,2
809,72,2,2
809,73,2,2
809,74,2,2
809,75,2,2
809,76,2,2
809,77,2,2
809,78,2,2
809,79,2,2
809,80,2,2
809,81,2,2
809,82,2,2
809,83,2,2
809,84,2,2
809,85,2,2
809,86,2,2
809,87,2,2
809,88,2,2
809,89,2,2
809,90,2,2
809,91,2,2
809,92,2,2
809,93,2,2
809,94,2,2
809,95,2,2
809,96,2,2
809,97,2,2
809,98,2,2
809,99,2,2
809,100,2,2
809,101,2,2
809,102,2,2
809,103,2,2
809,104,2,2
809,105,2,2
809,106,2,2
809,107,2,2
809,108,2,2
809,109,2,2
809,110,2,2
809,111,2,2
809,112,2,2
809,113,2,2
809,114,2,2
809,115,2,2
809,116,2,2
809,117,2,2
809,118,2,2
809,119,2,2
809,120,2,2
809,121,2,2
809,122,2,2
809,123,2,2
809,124,2,2
809,125,2,2
809,126,2,2
809,127,2,2
809,128,2,2
809,129,2,2
809,130,2,2
809,131,2,2
809,132,2,2
809,133,2,2
809,134,2,2
809,135,2,2
809,136,2,2
809,137,2,2
809,138,2,2
809,139,2,2
809,140,2,2
809,141,2,2
809,142,2,2
809,143,2,2
809,144,2,2
809,145,2,2
809,146,2,2
809,147,2,2
809,148,2,2
809,149,2,2
809,150,2,2
809,151,2,2
809,152,2,2
809,153,2,2
809,154,2,2
809,155,2,2
809,156,2,2
809,157,2,2
809,158,2,2
809,159,2,2
809,160,2,2
809,161,2,2
809,162,2,2
809,163,2,2
809,164,2,2
809,165,2,2
809,166,2,2
809,167,2,2
809,168,2,2
809,169,2,2
809,170,2,2
809,171,2,2
809,172,2,2
809,173,2,2
809,174,2,2
809,175,2,2
809,176,2,2
809,177,2,2
809,178,2,2
809,179,2,2
809,180,2,2
809,181,2,2
809,182,2,2
809,183,2,2
809,184,2,2
809,185,2,2
809,186,2,2
809,187,2,2
809,188,2,2
809,189,2,2
809,190,2,2
809,191,2,2
809,192,2,2
809,193,2,2
809,194,2,2
809,195,2,2
809,196,2,2
809,197,2,2
809,198,2,2
809,199,2,2
809,200,2,2
809,201,2,2
809,202,2,2
809,203,2,2
809,204,2,2
809,205,2,2
809,206,2,2
809,207,2,2
809,208,2,2
809,209,2,2
809,210,2,2
809,211,2,2
809,212,2,2
809,213,2,2
809,214,2,2
809,215,2,2
809,216,2,2
809,217,2,2
809,218,2,2
809,219,2,2
809,220,2,2
809,221,2,2
809,222,2,2
809,223,2,2
809,224,2,2
809,225,2,2
809,226,2,2
809,227,2,2
809,228,2,2
809,229,2,2
809,230,2,2
809,231,2,2
809,232,2,2
809,233,2,2
809,234,2,2
809,235,2,2
809,236,2,2
809,237,2,2
809,238,2,2
809,239,2,2
809,240,2,2
809,241,2,2
809,242,2,3
809,243,2,3
809,244,2,3
809,245,2,3
809,246,2,3
809,247,2,3
809,248,2,3
809,249,2,3
809,250,2,3
809,251,2,3
809,252,2,3
809,253,2,2
809,254,2,2
809,255,2,2
809,256,2,2
809,257,2,2
809,258,2,2
809,259,2,2
809,260,2,2
809,261,2,2
809,262,2,2
809,263,2,2
809,264,2,2
809,265,2,2
809,266,2,2
809,267,2,2
809,268,2,2
809,269,2,2
809,270,2,2
809,271,2,3
809,272,2,3
809,273,2,3
809,274,2,3
809,275,2,3
809,276,2,3
809,277,2,3
809,278,2,3
809,279,2,3
809,280,2,3
809,281,2,3
809,282,2,3
809,283,2,2
809,284,2,2
809,285,2,2
809,286,2,2
809,287,2,2
809,288,2,2
809,289,2,3
809,290,2,3
809,291,2,3
809,292,2,3
809,293,2,3
809,294,2,3
809,295,2,3
809,296,2,3
809,297,2,3
809,298,2,3
809,299,2,3
809,300,2,2
809,301,2,2
809,302,2,2
809,303,2,2
809,304,2,2
809,305,2,2
809,306,2,2
809,307,2,2
809,308,2,2
809,309,2,2
809,310,2,2
809,311,2,2
809,312,2,2
809,313,2,2
809,314,2,2
809,315,2,2
809,316,2,2
809,317,2,2
809,318,2,2
809,319,2,2
809,320,2,2
809,321,2,2
809,322,2,2
809,323,2,2
809,324,2,2
809,325,2,2
809,326,2,2
809,327,2,2
809,328,2,2
809,329,2,2
809,330,2,2
809,331,2,2
809,332,2,2
809,333,2,2
809,334,2,2
809,335,2,2
809,336,2,2
809,337,2,2
809,338,2,2
809,339,2,2
809,340,2,2
809,341,2,2
809,342,2,2
809,343,2,2
809,344,2,2
809,345,2,2
809,346,2,2
809,347,2,2
809,348,2,2
809,349,2,2
809,350,2,2
809,351,2,2
809,352,2,2
809,353,2,2
809,354,2,2
809,355,2,2
809,356,2,2
809,357,2,2
809,358,2,2
809,359,2,2
809,360,2,2
809,361,2,2
809,362,2,2
809,363,2,2
809,364,2,2
809,365,2,2
809,366,2,2
809,367,2,2
809,368,2,2
809,369,2,2
809,370,2,2
809,371,2,2
809,372,2,2
809,373,2,2
809,374,2,2
809,375,2,2
809,376,2,2
809,377,2,2
809,378,2,2
809,379,2,2
809,380,2,2
809,381,2,2
809,382,2,2
809,383,2,2
809,384,2,2
809,385,2,2
809,386,2,2
809,387,2,2
809,388,2,2
809,389,2,2
809,390,2,2
809,391,2,2
809,392,2,2
809,393,2,2
809,394,2,2
809,395,2,2
809,396,2,2
809,397,2,2
809,398,2,2
809,399,2,2
809,400,2,2
809,401,2,2
809,402,2,2
809,403,2,2
809,404,2,2
809,405,2,2
809,406,2,2
809,407,2,2
809,408,2,2
809,409,2,2
809,410,2,2
809,411,2,2
809,412,2,2
809,413,2,2
809,414,2,2
809,415,2,2
809,416,2,2
809,417,2,2
809,418,2,2
809,419,2,2
809,420,2,2
809,421,2,2
809,422,2,2
809,423,2,2
809,424,2,2
809,425,2,2
809,426,2,2
809,427,2,2
809,428,2,2
809,429,2,2
809,430,2,2
809,431,2,2
809,432,2,2
809,433,2,2
809,434,2,2
809,435,2,2
809,436,2,2
809,437,2,2
809,438,2,2
809,439,2,2
809,440,2,2
809,441,2,2
809,442,2,2
809,443,2,2
809,444,2,2
809,445,2,2
809,446,2,2
809,447,2,2
809,448,2,2
809,449,2,2
809,450,2,2
809,451,2,2
809,452,2,2
809,453,2,2
809,454,2,2
809,455,2,2
809,456,2,2
809,457,2,2
809,458,2,2
809,459,2,2
809,460,2,2
809,461,2,2
809,462,2,2
809,463,2,2
809,464,2,2
809,465,2,2
809,466,2,2
809,467,2,2
809,468,2,2
809,469,2,2
809,470,2,2
809,471,2,2
809,472,2,2
809,473,2,2
809,474,2,2
809,475,2,2
809,476,2,2
809,477,2,2
809,478,2,2
809,479,2,2
809,480,2,2
809,481,2,2
809,482,2,2
809,483,2,2
809,484,2,2
809,485,2,2
809,486,2,2
809,487,2,2
809,488,2,2
809,489,2,2
809,490,2,2
809,491,2,2
809,492,2,2
809,493,2,3
809,494,2,3
810,39,2,2
810,40,2,2
810,41,2,2
810,42,2,2
810,43,2,2
810,44,2,2
810,45,2,2
810,46,2,2
810,47,2,2
810,48,2,2
810,49,2,2
810,50,2,2
810,51,2,2
810,52,2,2
810,53,2,2
810,54,2,2
810,55,2,2
810,56,2,2
810,57,2,2
810,58,2,2
810,59,2,2
810,60,2,2
810,61,2,2
810,62,2,2
810,63,2,2
810,64,2,2
810,65,2,2
810,66,2,2
810,67,2,2
810,68,2,2
810,69,2,2
810,70,2,2
810,71,2,2
810,72,2,2
810,73,2,2
810,74,2,2
810,75,2,2
810,76,2,2
810,77,2,2
810,78,2,2
810,79,2,2
810,80,2,2
810,81,2,2
810,82,2,2
810,83,2,2
810,84,2,2
810,85,2,2
810,86,2,2
810,87,2,2
810,88,2,2
810,89,2,2
810,90,2,2
810,91,2,2
810,92,2,2
810,93,2,2
810,94,2,2
810,95,2,2
810,96,2,2
810,97,2,2
810,98,2,2
810,99,2,2
810,100,2,2
810,101,2,2
810,102,2,2
810,103,2,2
810,104,2,2
810,105,2,2
810,106,2,2
810,107,2,2
810,108,2,2
810,109,2,2
810,110,2,2
810,111,2,2
810,112,2,2
810,113,2,2
810,114,2,2
810,115,2,2
810,116,2,2
810,117,2,2
810,118,2,2
810,119,2,2
810,120,2,2
810,121,2,2
810,122,2,2
810,123,2,2
810,124,2,2
810,125,2,2
810,126,2,2
810,127,2,2
810,128,2,2
810,129,2,2
810,130,2,2
810,131,2,2
810,132,2,2
810,133,2,2
810,134,2,2
810,135,2,2
810,136,2,2
810,137,2,2
810,138,2,2
810,139,2,2
810,140,2,2
810,141,2,2
810,142,2,2
810,143,2,2
810,144,2,2
810,145,2,2
810,146,2,2
810,147,2,2
810,148,2,2
810,149,2,2
810,150,2,2
810,151,2,2
810,152,2,2
810,153,2,2
810,154,2,2
810,155,2,2
810,156,2,2
810,157,2,2
810,158,2,2
810,159,2,2
810,160,2,2
810,161,2,2
810,162,2,2
810,163,2,2
810,164,2,2
810,165,2,2
810,166,2,2
810,167,2,2
810,168,2,2
810,169,2,2
810,170,2,2
810,171,2,2
810,172,2,2
810,173,2,2
810,174,2,2
810,175,2,2
810,176,2,2
810,177,2,2
810,178,2,2
810,179,2,2
810,180,2,2
810,181,2,2
810,182,2,2
810,183,2,2
810,184,2,2
810,185,2,2
810,186,2,2
810,187,2,2
810,188,2,2
810,189,2,2
810,190,2,2
810,191,2,2
810,192,2,2
810,193,2,2
810,194,2,2
810,195,2,2
810,196,2,2
810,197,2,2
810,198,2,2
810,199,2,2
810,200,2,2
810,201,2,2
810,202,2,2
810,203,2,2
810,204,2,2
810,205,2,2
810,206,2,2
810,207,2,2
810,208,2,2
810,209,2,2
810,210,2,2
810,211,2,2
810,212,2,2
810,213,2,2
810,214,2,2
810,215,2,2
810,216,2,2
810,217,2,2
810,218,2,2
810,219,2,2
810,220,2,2
810,221,2,2
810,222,2,2
810,223,2,2
810,224,2,2
810,225,2,2
810,226,2,2
810,227,2,2
810,228,2,2
810,229,2,2
810,230,2,2
810,231,2,2
810,232,2,2
810,233,2,2
810,234,2,2
810,235,2,2
810,236,2,2
810,237,2,2
810,238,2,2
810,239,2,2
810,240,2,2
810,241,2,2
810,242,2,3
810,243,2,3
810,244,2,3
810,245,2,3
810,246,2,3
810,247,2,3
810,248,2,3
810,249,2,3
810,250,2,3
810,251,2,3
810,252,2,3
810,253,2,2
810,254,2,2
810,255,2,2
810,256,2,2
810,257,2,2
810,258,2,2
810,259,2,2
810,260,2,2
810,261,2,2
810,262,2,2
810,263,2,2
810,264,2,2
810,265,2,2
810,266,2,2
810,267,2,2
810,268,2,2
810,269,2,2
810,270,2,2
810,271,2,2
810,272,2,3
810,273,2,3
810,274,2,3
810,275,2,3
810,276,2,3
810,277,2,3
810,278,2,3
810,279,2,3
810,280,2,3
810,281,2,2
810,282,2,2
810,283,2,2
810,284,2,2
810,285,2,2
810,286,2,2
810,287,2,2
810,288,2,2
810,289,2,2
810,290,2,3
810,291,2,3
810,292,2,3
810,293,2,3
810,294,2,3
810,295,2,3
810,296,2,3
810,297,2,3
810,298,2,3
810,299,2,3
810,300,2,2
810,301,2,2
810,302,2,2
810,303,2,2
810,304,2,2
810,305,2,2
810,306,2,2
810,307,2,2
810,308,2,2
810,309,2,2
810,310,2,2
810,311,2,2
810,312,2,2
810,313,2,3
810,314,2,2
810,315,2,2
810,316,2,3
810,317,2,3
810,318,2,2
810,319,2,2
810,320,2,2
810,321,2,2
810,322,2,2
810,323,2,2
810,324,2,2
810,325,2,2
810,326,2,2
810,327,2,2
810,328,2,2
810,329,2,2
810,330,2,2
810,331,2,2
810,332,2,2
810,333,2,2
810,334,2,2
810,335,2,2
810,336,2,2
810,337,2,2
810,338,2,2
810,339,2,2
810,340,2,2
810,341,2,2
810,342,2,2
810,343,2,2
810,344,2,2
810,345,2,2
810,346,2,2
810,347,2,2
810,348,2,2
810,349,2,2
810,350,2,2
810,351,2,2
810,352,2,2
810,353,2,2
810,354,2,2
810,355,2,2
810,356,2,2
810,357,2,2
810,358,2,2
810,359,2,2
810,360,2,2
810,361,2,2
810,362,2,2
810,363,2,2
810,364,2,2
810,365,2,2
810,366,2,2
810,367,2,2
810,368,2,2
810,369,2,2
810,370,2,2
810,371,2,2
810,372,2,2
810,373,2,2
810,374,2,2
810,375,2,2
810,376,2,2
810,377,2,2
810,378,2,2
810,379,2,2
810,380,2,2
810,381,2,2
810,382,2,2
810,383,2,2
810,384,2,2
810,385,2,2
810,386,2,2
810,387,2,2
810,388,2,2
810,389,2,2
810,390,2,2
810,391,2,2
810,392,2,2
810,393,2,2
810,394,2,2
810,395,2,2
810,396,2,2
810,397,2,2
810,398,2,2
810,399,2,2
810,400,2,2
810,401,2,2
810,402,2,2
810,403,2,2
810,404,2,2
810,405,2,2
810,406,2,2
810,407,2,2
810,408,2,2
810,409,2,2
810,410,2,2
810,411,2,2
810,412,2,2
810,413,2,2
810,414,2,2
810,415,2,2
810,416,2,2
810,417,2,2
810,418,2,2
810,419,2,2
810,420,2,2
810,421,2,2
810,422,2,2
810,423,2,2
810,424,2,2
810,425,2,2
810,426,2,2
810,427,2,2
810,428,2,2
810,429,2,2
810,430,2,2
810,431,2,2
810,432,2,2
810,433,2,2
810,434,2,2
810,435,2,2
810,436,2,2
810,437,2,2
810,438,2,2
810,439,2,2
810,440,2,2
810,441,2,2
810,442,2,2
810,443,2,2
810,444,2,2
810,445,2,2
810,446,2,2
810,447,2,2
810,448,2,2
810,449,2,2
810,450,2,2
810,451,2,2
810,452,2,2
810,453,2,2
810,454,2,2
810,455,2,2
810,456,2,2
810,457,2,2
810,458,2,2
810,459,2,2
810,460,2,2
810,461,2,2
810,462,2,2
810,463,2,2
810,464,2,2
810,465,2,2
810,466,2,2
810,467,2,2
810,468,2,2
810,469,2,2
810,470,2,2
810,471,2,2
810,472,2,2
810,473,2,2
810,474,2,2
810,475,2,2
810,476,2,2
810,477,2,2
810,478,2,2
810,479,2,2
810,480,2,2
810,481,2,2
810,482,2,2
810,483,2,2
810,484,2,2
810,485,2,2
810,486,2,2
810,487,2,2
810,488,2,2
810,489,2,2
810,490,2,2
810,491,2,2
810,492,2,2
810,493,2,2
810,494,2,3
810,495,2,3
811,40,2,2
811,41,2,2
811,42,2,2
811,43,2,2
811,44,2,2
811,45,2,2
811,46,2,2
811,47,2,2
811,48,2,2
811,49,2,2
811,50,2,2
811,51,2,2
811,52,2,2
811,53,2,2
811,54,2,2
811,55,2,2
811,56,2,2
811,57,2,2
811,58,2,2
811,59,2,2
811,60,2,2
811,61,2,2
811,62,2,2
811,63,2,2
811,64,2,2
811,65,2,2
811,66,2,2
811,67,2,2
811,68,2,2
811,69,2,2
811,70,2,2
811,71,2,2
811,72,2,2
811,73,2,2
811,74,2,2
811,75,2,2
811,76,2,2
811,77,2,2
811,78,2,2
811,79,2,2
811,80,2,2
811,81,2,2
811,82,2,2
811,83,2,2
811,84,2,2
811,85,2,2
811,86,2,2
811,87,2,2
811,88,2,2
811,89,2,2
811,90,2,2
811,91,2,2
811,92,2,2
811,93,2,2
811,94,2,2
811,95,2,2
811,96,2,2
811,97,2,2
811,98,2,2
811,99,2,2
811,100,2,2
811,101,2,2
811,102,2,2
811,103,2,2
811,104,2,2
811,105,2,2
811,106,2,2
811,107,2,2
811,108,2,2
811,109,2,2
811,110,2,2
811,111,2,2
811,112,2,2
811,113,2,2
811,114,2,2
811,115,2,2
811,116,2,2
811,117,2,2
811,118,2,2
811,119,2,2
811,120,2,2
811,121,2,2
811,122,2,2
811,123,2,2
811,124,2,2
811,125,2,2
811,126,2,2
811,127,2,2
811,128,2,2
811,129,2,2
811,130,2,2
811,131,2,2
811,132,2,2
811,133,2,2
811,134,2,2
811,135,2,2
811,136,2,2
811,137,2,2
811,138,2,2
811,139,2,2
811,140,2,2
811,141,2,2
811,142,2,2
811,143,2,2
811,144,2,2
811,145,2,2
811,146,2,2
811,147,2,2
811,148,2,2
811,149,2,2
811,150,2,2
811,151,2,2
811,152,2,2
811,153,2,2
811,154,2,2
811,155,2,2
811,156,2,2
811,157,2,2
811,158,2,2
811,159,2,2
811,160,2,2
811,161,2,2
811,162,2,2
811,163,2,2
811,164,2,2
811,165,2,2
811,166,2,2
811,167,2,2
811,168,2,2
811,169,2,2
811,170,2,2
811,171,2,2
811,172,2,2
811,173,2,2
811,174,2,2
811,175,2,2
811,176,2,2
811,177,2,2
811,178,2,2
811,179,2,2
811,180,2,2
811,181,2,2
811,182,2,2
811,183,2,2
811,184,2,2
811,185,2,2
811,186,2,2
811,187,2,2
811,188,2,2
811,189,2,2
811,190,2,2
811,191,2,2
811,192,2,2
811,193,2,2
811,194,2,2
811,195,2,2
811,196,2,2
811,197,2,2
811,198,2,2
811,199,2,2
811,200,2,2
811,201,2,2
811,202,2,2
811,203,2,2
811,204,2,2
811,205,2,2
811,206,2,2
811,207,2,2
811,208,2,2
811,209,2,2
811,210,2,2
811,211,2,2
811,212,2,2
811,213,2,2
811,214,2,2
811,215,2,2
811,216,2,2
811,217,2,2
811,218,2,2
811,219,2,2
811,220,2,2
811,221,2,2
811,222,2,2
811,223,2,2
811,224,2,2
811,225,2,2
811,226,2,2
811,227,2,2
811,228,2,2
811,229,2,2
811,230,2,2
811,231,2,2
811,232,2,2
811,233,2,2
811,234,2,2
811,235,2,2
811,236,2,2
811,237,2,2
811,238,2,2
811,239,2,2
811,240,2,2
811,241,2,2
811,242,2,2
811,243,2,3
811,244,2,3
811,245,2,3
811,246,2,3
811,247,2,3
811,248,2,3
811,249,2,3
811,250,2,3
811,251,2,3
811,252,2,3
811,253,2,2
811,254,2,2
811,255,2,2
811,256,2,2
811,257,2,2
811,258,2,2
811,259,2,2
811,260,2,2
811,261,2,2
811,262,2,2
811,263,2,2
811,264,2,2
811,265,2,2
811,266,2,2
811,267,2,2
811,268,2,2
811,269,2,2
811,270,2,2
811,271,2,2
811,272,2,2
811,273,2,2
811,274,2,2
811,275,2,2
811,276,2,2
811,277,2,2
811,278,2,2
811,279,2,2
811,280,2,2
811,281,2,2
811,282,2,2
811,283,2,2
811,284,2,2
811,285,2,2
811,286,2,2
811,287,2,3
811,288,2,3
811,289,2,3
811,290,2,3
811,291,2,3
811,292,2,3
811,293,2,3
811,294,2,3
811,295,2,3
811,296,2,3
811,297,2,3
811,298,2,3
811,299,2,3
811,300,2,2
811,301,2,2
811,302,2,2
811,303,2,2
811,304,2,2
811,305,2,2
811,306,2,2
811,307,2,2
811,308,2,2
811,309,2,2
811,310,2,2
811,311,2,3
811,312,2,3
811,313,2,3
811,314,2,3
811,315,2,3
811,316,2,3
811,317,2,3
811,318,2,3
811,319,2,3
811,320,2,3
811,321,2,3
811,322,2,2
811,323,2,2
811,324,2,2
811,325,2,2
811,326,2,2
811,327,2,2
811,328,2,2
811,329,2,2
811,330,2,2
811,331,2,2
811,332,2,2
811,333,2,2
811,334,2,2
811,335,2,2
811,336,2,2
811,337,2,2
811,338,2,2
811,339,2,2
811,340,2,2
811,341,2,2
811,342,2,2
811,343,2,2
811,344,2,2
811,345,2,2
811,346,2,2
811,347,2,2
811,348,2,3
811,349,2,3
811,350,2,3
811,351,2,3
811,352,2,3
811,353,2,3
811,354,2,3
811,355,2,3
811,356,2,3
811,357,2,3
811,358,2,3
811,359,2,3
811,360,2,3
811,361,2,3
811,362,2,3
811,363,2,2
811,364,2,2
811,365,2,2
811,366,2,2
811,367,2,2
811,368,2,2
811,369,2,2
811,370,2,2
811,371,2,2
811,372,2,2
811,373,2,2
811,374,2,2
811,375,2,2
811,376,2,2
811,377,2,2
811,378,2,2
811,379,2,2
811,380,2,2
811,381,2,2
811,382,2,2
811,383,2,2
811,384,2,2
811,385,2,2
811,386,2,2
811,387,2,2
811,388,2,2
811,389,2,2
811,390,2,2
811,391,2,2
811,392,2,2
811,393,2,2
811,394,2,2
811,395,2,2
811,396,2,2
811,397,2,2
811,398,2,2
811,399,2,2
811,400,2,2
811,401,2,2
811,402,2,2
811,403,2,2
811,404,2,2
811,405,2,2
811,406,2,2
811,407,2,2
811,408,2,2
811,409,2,2
811,410,2,2
811,411,2,2
811,412,2,2
811,413,2,2
811,414,2,2
811,415,2,2
811,416,2,2
811,417,2,2
811,418,2,2
811,419,2,2
811,420,2,2
811,421,2,2
811,422,2,2
811,423,2,2
811,424,2,2
811,425,2,2
811,426,2,2
811,427,2,2
811,428,2,2
811,429,2,2
811,430,2,2
811,431,2,2
811,432,2,2
811,433,2,2
811,434,2,2
811,435,2,2
811,436,2,2
811,437,2,2
811,438,2,2
811,439,2,2
811,440,2,2
811,441,2,2
811,442,2,2
811,443,2,2
811,444,2,2
811,445,2,2
811,446,2,2
811,447,2,2
811,448,2,2
811,449,2,2
811,450,2,2
811,451,2,2
811,452,2,2
811,453,2,2
811,454,2,2
811,455,2,2
811,456,2,2
811,457,2,2
811,458,2,2
811,459,2,2
811,460,2,2
811,461,2,2
811,462,2,2
811,463,2,2
811,464,2,2
811,465,2,2
811,466,2,2
811,467,2,2
811,468,2,2
811,469,2,2
811,470,2,2
811,471,2,2
811,472,2,2
811,473,2,2
811,474,2,2
811,475,2,2
811,476,2,2
811,477,2,2
811,478,2,2
811,479,2,2
811,480,2,2
811,481,2,2
811,482,2,2
811,483,2,2
811,484,2,2
811,485,2,2
811,486,2,2
811,487,2,2
811,488,2,2
811,489,2,2
811,490,2,2
811,491,2,2
811,492,2,2
811,493,2,2
811,494,2,2
811,495,2,3
811,496,2,3
812,41,2,2
812,42,2,2
812,43,2,2
812,44,2,2
812,45,2,2
812,46,2,2
812,47,2,2
812,48,2,2
812,49,2,2
812,50,2,2
812,51,2,2
812,52,2,2
812,53,2,2
812,54,2,2
812,55,2,2
812,56,2,2
812,57,2,2
812,58,2,2
812,59,2,2
812,60,2,2
812,61,2,2
812,62,2,2
812,63,2,2
812,64,2,2
812,65,2,2
812,66,2,2
812,67,2,2
812,68,2,2
812,69,2,2
812,70,2,2
812,71,2,2
812,72,2,2
812,73,2,2
812,74,2,2
812,75,2,2
812,76,2,2
812,77,2,2
812,78,2,2
812,79,2,2
812,80,2,2
812,81,2,2
812,82,2,2
812,83,2,2
812,84,2,2
812,85,2,2
812,86,2,2
812,87,2,2
812,88,2,2
812,89,2,2
812,90,2,2
812,91,2,2
812,92,2,2
812,93,2,2
812,94,2,2
812,95,2,2
812,96,2,2
812,97,2,2
812,98,2,2
812,99,2,2
812,100,2,2
812,101,2,2
812,102,2,2
812,103,2,2
812,104,2,2
812,105,2,2
812,106,2,2
812,107,2,2
812,108,2,2
812,109,2,2
812,110,2,2
812,111,2,2
812,112,2,2
812,113,2,2
812,114,2,2
812,115,2,2
812,116,2,2
812,117,2,2
812,118,2,2
812,119,2,2
812,120,2,2
812,121,2,2
812,122,2,2
812,123,2,2
812,124,2,2
812,125,2,2
812,126,2,2
812,127,2,2
812,128,2,2
812,129,2,2
812,130,2,2
812,131,2,2
812,132,2,2
812,133,2,2
812,134,2,2
812,135,2,2
812,136,2,2
812,137,2,2
812,138,2,2
812,139,2,2
812,140,2,2
812,141,2,2
812,142,2,2
812,143,2,2
812,144,2,2
812,145,2,2
812,146,2,2
812,147,2,2
812,148,2,2
812,149,2,2
812,150,2,2
812,151,2,2
812,152,2,2
812,153,2,2
812,154,2,2
812,155,2,2
812,156,2,2
812,157,2,2
812,158,2,2
812,159,2,2
812,160,2,2
812,161,2,2
812,162,2,2
812,163,2,2
812,164,2,2
812,165,2,2
812,166,2,2
812,167,2,2
812,168,2,2
812,169,2,2
812,170,2,2
812,171,2,2
812,172,2,2
812,173,2,2
812,174,2,2
812,175,2,2
812,176,2,2
812,177,2,2
812,178,2,2
812,179,2,2
812,180,2,2
812,181,2,2
812,182,2,2
812,183,2,2
812,184,2,2
812,185,2,2
812,186,2,2
812,187,2,2
812,188,2,2
812,189,2,2
812,190,2,2
812,191,2,2
812,192,2,2
812,193,2,2
812,194,2,2
812,195,2,2
812,196,2,2
812,197,2,2
812,198,2,2
812,199,2,2
812,200,2,2
812,201,2,2
812,202,2,2
812,203,2,2
812,204,2,2
812,205,2,2
812,206,2,2
812,207,2,2
812,208,2,2
812,209,2,2
812,210,2,2
812,211,2,2
812,212,2,2
812,213,2,2
812,214,2,2
812,215,2,2
812,216,2,2
812,217,2,2
812,218,2,2
812,219,2,2
812,220,2,2
812,221,2,2
812,222,2,2
812,223,2,2
812,224,2,2
812,225,2,2
812,226,2,2
812,227,2,2
812,228,2,2
812,229,2,2
812,230,2,2
812,231,2,2
812,232,2,2
812,233,2,2
812,234,2,2
812,235,2,2
812,236,2,2
812,237,2,2
812,238,2,2
812,239,2,2
812,240,2,2
812,241,2,2
812,242,2,2
812,243,2,2
812,244,2,3
812,245,2,3
812,246,2,3
812,247,2,3
812,248,2,3
812,249,2,3
812,250,2,3
812,251,2,3
812,252,2,2
812,253,2,2
812,254,2,2
812,255,2,2
812,256,2,2
812,257,2,2
812,258,2,2
812,259,2,2
812,260,2,2
812,261,2,2
812,262,2,2
812,263,2,2
812,264,2,2
812,265,2,2
812,266,2,2
812,267,2,2
812,268,2,2
812,269,2,2
812,270,2,2
812,271,2,2
812,272,2,2
812,273,2,2
812,274,2,2
812,275,2,2
812,276,2,2
812,277,2,2
812,278,2,2
812,279,2,2
812,280,2,2
812,281,2,2
812,282,2,2
812,283,2,2
812,284,2,2
812,285,2,3
812,286,2,2
812,287,2,3
812,288,2,3
812,289,2,3
812,290,2,3
812,291,2,3
812,292,2,3
812,293,2,3
812,294,2,3
812,295,2,3
812,296,2,3
812,297,2,3
812,298,2,3
812,299,2,3
812,300,2,3
812,301,2,3
812,302,2,3
812,303,2,3
812,304,2,3
812,305,2,3
812,306,2,3
812,307,2,3
812,308,2,3
812,309,2,3
812,310,2,3
812,311,2,3
812,312,2,3
812,313,2,3
812,314,2,3
812,315,2,3
812,316,2,3
812,317,2,3
812,318,2,3
812,319,2,3
812,320,2,3
812,321,2,3
812,322,2,3
812,323,2,2
812,324,2,2
812,325,2,2
812,326,2,2
812,327,2,2
812,328,2,2
812,329,2,2
812,330,2,2
812,331,2,2
812,332,2,2
812,333,2,2
812,334,2,2
812,335,2,2
812,336,2,2
812,337,2,2
812,338,2,2
812,339,2,2
812,340,2,2
812,341,2,2
812,342,2,2
812,343,2,2
812,344,2,2
812,345,2,3
812,346,2,3
812,347,2,3
812,348,2,3
812,349,2,3
812,350,2,3
812,351,2,3
812,352,2,3
812,353,2,3
812,354,2,3
812,355,2,3
812,356,2,3
812,357,2,3
812,358,2,3
812,359,2,3
812,360,2,3
812,361,2,3
812,362,2,3
812,363,2,3
812,364,2,3
812,365,2,2
812,366,2,2
812,367,2,2
812,368,2,2
812,369,2,2
812,370,2,2
812,371,2,2
812,372,2,2
812,373,2,2
812,374,2,2
812,375,2,2
812,376,2,2
812,377,2,2
812,378,2,2
812,379,2,2
812,380,2,2
812,381,2,2
812,382,2,2
812,383,2,2
812,384,2,2
812,385,2,2
812,386,2,2
812,387,2,2
812,388,2,2
812,389,2,2
812,390,2,2
812,391,2,2
812,392,2,2
812,393,2,2
812,394,2,2
812,395,2,2
812,396,2,2
812,397,2,2
812,398,2,2
812,399,2,2
812,400,2,2
812,401,2,2
812,402,2,2
812,403,2,2
812,404,2,2
812,405,2,2
812,406,2,2
812,407,2,2
812,408,2,2
812,409,2,2
812,410,2,2
812,411,2,2
812,412,2,2
812,413,2,2
812,414,2,2
812,415,2,2
812,416,2,2
812,417,2,2
812,418,2,2
812,419,2,2
812,420,2,2
812,421,2,2
812,422,2,2
812,423,2,2
812,424,2,2
812,425,2,2
812,426,2,2
812,427,2,2
812,428,2,2
812,429,2,2
812,430,2,2
812,431,2,2
812,432,2,2
812,433,2,2
812,434,2,2
812,435,2,2
812,436,2,2
812,437,2,2
812,438,2,2
812,439,2,2
812,440,2,2
812,441,2,2
812,442,2,2
812,443,2,2
812,444,2,2
812,445,2,2
812,446,2,2
812,447,2,2
812,448,2,2
812,449,2,2
812,450,2,2
812,451,2,2
812,452,2,2
812,453,2,2
812,454,2,2
812,455,2,2
812,456,2,2
812,457,2,2
812,458,2,2
812,459,2,2
812,460,2,2
812,461,2,2
812,462,2,2
812,463,2,2
812,464,2,2
812,465,2,2
812,466,2,2
812,467,2,2
812,468,2,2
812,469,2,2
812,470,2,2
812,471,2,2
812,472,2,2
812,473,2,2
812,474,2,2
812,475,2,2
812,476,2,2
812,477,2,2
812,478,2,2
812,479,2,2
812,480,2,2
812,481,2,2
812,482,2,2
812,483,2,2
812,484,2,2
812,485,2,2
812,486,2,2
812,487,2,2
812,488,2,2
812,489,2,2
812,490,2,2
812,491,2,2
812,492,2,2
812,493,2,2
812,494,2,2
812,495,2,2
812,496,2,2
812,497,2,3
812,498,2,3
812,499,2,3
813,41,2,2
813,42,2,2
813,43,2,2
813,44,2,2
813,45,2,2
813,46,2,2
813,47,2,2
813,48,2,2
813,49,2,2
813,50,2,2
813,51,2,2
813,52,2,2
813,53,2,2
813,54,2,2
813,55,2,2
813,56,2,2
813,57,2,2
813,58,2,2
813,59,2,2
813,60,2,2
813,61,2,2
813,62,2,2
813,63,2,2
813,64,2,2
813,65,2,2
813,66,2,2
813,67,2,2
813,68,2,2
813,69,2,2
813,70,2,2
813,71,2,2
813,72,2,2
813,73,2,2
813,74,2,2
813,75,2,2
813,76,2,2
813,77,2,2
813,78,2,2
813,79,2,2
813,80,2,2
813,81,2,2
813,82,2,2
813,83,2,2
813,84,2,2
813,85,2,2
813,86,2,2
813,87,2,2
813,88,2,2
813,89,2,2
813,90,2,2
813,91,2,2
813,92,2,2
813,93,2,2
813,94,2,2
813,95,2,2
813,96,2,2
813,97,2,2
813,98,2,2
813,99,2,2
813,100,2,2
813,101,2,2
813,102,2,2
813,103,2,2
813,104,2,2
813,105,2,2
813,106,2,2
813,107,2,2
813,108,2,2
813,109,2,2
813,110,2,2
813,111,2,2
813,112,2,2
813,113,2,2
813,114,2,2
813,115,2,2
813,116,2,2
813,117,2,2
813,118,2,2
813,119,2,2
813,120,2,2
813,121,2,2
813,122,2,2
813,123,2,2
813,124,2,2
813,125,2,2
813,126,2,2
813,127,2,2
813,128,2,2
813,129,2,2
813,130,2,2
813,131,2,2
813,132,2,2
813,133,2,2
813,134,2,2
813,135,2,2
813,136,2,2
813,137,2,2
813,138,2,2
813,139,2,2
813,140,2,2
813,141,2,2
813,142,2,2
813,143,2,2
813,144,2,2
813,145,2,2
813,146,2,2
813,147,2,2
813,148,2,2
813,149,2,2
813,150,2,2
813,151,2,2
813,152,2,2
813,153,2,2
813,154,2,2
813,155,2,2
813,156,2,2
813,157,2,2
813,158,2,2
813,159,2,2
813,160,2,2
813,161,2,2
813,162,2,2
813,163,2,2
813,164,2,2
813,165,2,2
813,166,2,2
813,167,2,2
813,168,2,2
813,169,2,2
813,170,2,2
813,171,2,2
813,172,2,2
813,173,2,2
813,174,2,2
813,175,2,2
813,176,2,2
813,177,2,2
813,178,2,2
813,179,2,2
813,180,2,2
813,181,2,2
813,182,2,2
813,183,2,2
813,184,2,2
813,185,2,2
813,186,2,2
813,187,2,2
813,188,2,2
813,189,2,2
813,190,2,2
813,191,2,2
813,192,2,2
813,193,2,2
813,194,2,2
813,195,2,2
813,196,2,2
813,197,2,2
813,198,2,2
813,199,2,2
813,200,2,2
813,201,2,2
813,202,2,2
813,203,2,2
813,204,2,2
813,205,2,2
813,206,2,2
813,207,2,2
813,208,2,2
813,209,2,2
813,210,2,2
813,211,2,2
813,212,2,2
813,213,2,2
813,214,2,2
813,215,2,2
813,216,2,2
813,217,2,2
813,218,2,2
813,219,2,2
813,220,2,2
813,221,2,2
813,222,2,2
813,223,2,2
813,224,2,2
813,225,2,2
813,226,2,2
813,227,2,2
813,228,2,2
813,229,2,2
813,230,2,2
813,231,2,2
813,232,2,2
813,233,2,2
813,234,2,2
813,235,2,2
813,236,2,2
813,237,2,2
813,238,2,2
813,239,2,2
813,240,2,2
813,241,2,2
813,242,2,2
813,243,2,2
813,244,2,2
813,245,2,2
813,246,2,2
813,247,2,2
813,248,2,3
813,249,2,2
813,250,2,2
813,251,2,2
813,252,2,2
813,253,2,2
813,254,2,2
813,255,2,2
813,256,2,2
813,257,2,2
813,258,2,2
813,259,2,2
813,260,2,2
813,261,2,2
813,262,2,2
813,263,2,2
813,264,2,2
813,265,2,2
813,266,2,2
813,267,2,2
813,268,2,2
813,269,2,2
813,270,2,2
813,271,2,2
813,272,2,2
813,273,2,2
813,274,2,2
813,275,2,2
813,276,2,2
813,277,2,2
813,278,2,2
813,279,2,2
813,280,2,2
813,281,2,3
813,282,2,2
813,283,2,2
813,284,2,2
813,285,2,2
813,286,2,3
813,287,2,3
813,288,2,3
813,289,2,3
813,290,2,3
813,291,2,3
813,292,2,3
813,293,2,3
813,294,2,3
813,295,2,3
813,296,2,3
813,297,2,3
813,298,2,3
813,299,2,3
813,300,2,3
813,301,2,3
813,302,2,3
813,303,2,3
813,304,2,3
813,305,2,3
813,306,2,3
813,307,2,3
813,308,2,3
813,309,2,3
813,310,2,3
813,311,2,3
813,312,2,3
813,313,2,3
813,314,2,3
813,315,2,3
813,316,2,3
813,317,2,3
813,318,2,3
813,319,2,3
813,320,2,3
813,321,2,3
813,322,2,3
813,323,2,3
813,324,2,2
813,325,2,2
813,326,2,2
813,327,2,2
813,328,2,2
813,329,2,2
813,330,2,2
813,331,2,2
813,332,2,2
813,333,2,2
813,334,2,2
813,335,2,2
813,336,2,2
813,337,2,2
813,338,2,2
813,339,2,2
813,340,2,2
813,341,2,2
813,342,2,2
813,343,2,2
813,344,2,2
813,345,2,3
813,346,2,3
813,347,2,3
813,348,2,3
813,349,2,3
813,350,2,3
813,351,2,3
813,352,2,3
813,353,2,3
813,354,2,3
813,355,2,3
813,356,2,3
813,357,2,3
813,358,2,3
813,359,2,3
813,360,2,3
813,361,2,3
813,362,2,3
813,363,2,3
813,364,2,3
813,365,2,2
813,366,2,2
813,367,2,2
813,368,2,2
813,369,2,2
813,370,2,2
813,371,2,2
813,372,2,2
813,373,2,2
813,374,2,2
813,375,2,2
813,376,2,2
813,377,2,2
813,378,2,2
813,379,2,2
813,380,2,2
813,381,2,2
813,382,2,2
813,383,2,2
813,384,2,2
813,385,2,2
813,386,2,2
813,387,2,2
813,388,2,2
813,389,2,2
813,390,2,2
813,391,2,2
813,392,2,2
813,393,2,2
813,394,2,2
813,395,2,2
813,396,2,2
813,397,2,2
813,398,2,2
813,399,2,2
813,400,2,2
813,401,2,2
813,402,2,2
813,403,2,2
813,404,2,2
813,405,2,2
813,406,2,2
813,407,2,2
813,408,2,2
813,409,2,2
813,410,2,2
813,411,2,2
813,412,2,2
813,413,2,2
813,414,2,2
813,415,2,2
813,416,2,2
813,417,2,2
813,418,2,2
813,419,2,2
813,420,2,2
813,421,2,2
813,422,2,2
813,423,2,2
813,424,2,2
813,425,2,2
813,426,2,2
813,427,2,2
813,428,2,2
813,429,2,2
813,430,2,2
813,431,2,2
813,432,2,2
813,433,2,2
813,434,2,2
813,435,2,2
813,436,2,2
813,437,2,2
813,438,2,2
813,439,2,2
813,440,2,2
813,441,2,2
813,442,2,2
813,443,2,2
813,444,2,2
813,445,2,2
813,446,2,2
813,447,2,2
813,448,2,2
813,449,2,2
813,450,2,2
813,451,2,2
813,452,2,2
813,453,2,2
813,454,2,2
813,455,2,2
813,456,2,2
813,457,2,2
813,458,2,2
813,459,2,2
813,460,2,2
813,461,2,2
813,462,2,2
813,463,2,2
813,464,2,2
813,465,2,2
813,466,2,2
813,467,2,2
813,468,2,2
813,469,2,2
813,470,2,2
813,471,2,2
813,472,2,2
813,473,2,2
813,474,2,2
813,475,2,2
813,476,2,2
813,477,2,2
813,478,2,2
813,479,2,2
813,480,2,2
813,481,2,2
813,482,2,2
813,483,2,2
813,484,2,2
813,485,2,2
813,486,2,2
813,487,2,2
813,488,2,2
813,489,2,2
813,490,2,2
813,491,2,2
813,492,2,2
813,493,2,2
813,494,2,2
813,495,2,2
813,496,2,2
813,497,2,2
813,498,2,2
813,499,2,2
813,500,2,2
813,501,2,2
814,42,2,2
814,43,2,2
814,44,2,2
814,45,2,2
814,46,2,2
814,47,2,2
814,48,2,2
814,49,2,2
814,50,2,2
814,51,2,2
814,52,2,2
814,53,2,2
814,54,2,2
814,55,2,2
814,56,2,2
814,57,2,2
814,58,2,2
814,59,2,2
814,60,2,2
814,61,2,2
814,62,2,2
814,63,2,2
814,64,2,2
814,65,2,2
814,66,2,2
814,67,2,2
814,68,2,2
814,69,2,2
814,70,2,2
814,71,2,2
814,72,2,2
814,73,2,2
814,74,2,2
814,75,2,2
814,76,2,2
814,77,2,2
814,78,2,2
814,79,2,2
814,80,2,2
814,81,2,2
814,82,2,2
814,83,2,2
814,84,2,2
814,85,2,2
814,86,2,2
814,87,2,2
814,88,2,2
814,89,2,2
814,90,2,2
814,91,2,2
814,92,2,2
814,93,2,2
814,94,2,2
814,95,2,2
814,96,2,2
814,97,2,2
814,98,2,2
814,99,2,2
814,100,2,2
814,101,2,2
814,102,2,2
814,103,2,2
814,104,2,2
814,105,2,2
814,106,2,2
814,107,2,2
814,108,2,2
814,109,2,2
814,110,2,2
814,111,2,2
814,112,2,2
814,113,2,2
814,114,2,2
814,115,2,2
814,116,2,2
814,117,2,2
814,118,2,2
814,119,2,2
814,120,2,2
814,121,2,2
814,122,2,2
814,123,2,2
814,124,2,2
814,125,2,2
814,126,2,2
814,127,2,2
814,128,2,2
814,129,2,2
814,130,2,2
814,131,2,2
814,132,2,2
814,133,2,2
814,134,2,2
814,135,2,2
814,136,2,2
814,137,2,2
814,138,2,2
814,139,2,2
814,140,2,2
814,141,2,2
814,142,2,2
814,143,2,2
814,144,2,2
814,145,2,2
814,146,2,2
814,147,2,2
814,148,2,2
814,149,2,2
814,150,2,2
814,151,2,2
814,152,2,2
814,153,2,2
814,154,2,2
814,155,2,2
814,156,2,2
814,157,2,2
814,158,2,2
814,159,2,2
814,160,2,2
814,161,2,2
814,162,2,2
814,163,2,2
814,164,2,2
814,165,2,2
814,166,2,2
814,167,2,2
814,168,2,2
814,169,2,2
814,170,2,2
814,171,2,2
814,172,2,2
814,173,2,2
814,174,2,2
814,175,2,2
814,176,2,2
814,177,2,2
814,178,2,2
814,179,2,2
814,180,2,2
814,181,2,2
814,182,2,2
814,183,2,2
814,184,2,2
814,185,2,2
814,186,2,2
814,187,2,2
814,188,2,2
814,189,2,2
814,190,2,2
814,191,2,2
814,192,2,2
814,193,2,2
814,194,2,2
814,195,2,2
814,196,2,2
814,197,2,2
814,198,2,2
814,199,2,2
814,200,2,2
814,201,2,2
814,202,2,2
814,203,2,2
814,204,2,2
814,205,2,2
814,206,2,2
814,207,2,2
814,208,2,2
814,209,2,2
814,210,2,2
814,211,2,2
814,212,2,2
814,213,2,2
814,214,2,2
814,215,2,2
814,216,2,2
814,217,2,2
814,218,2,2
814,219,2,2
814,220,2,2
814,221,2,2
814,222,2,2
814,223,2,2
814,224,2,2
814,225,2,2
814,226,2,2
814,227,2,2
814,228,2,2
814,229,2,2
814,230,2,2
814,231,2,2
814,232,2,2
814,233,2,2
814,234,2,2
814,235,2,2
814,236,2,2
814,237,2,2
814,238,2,2
814,239,2,2
814,240,2,2
814,241,2,2
814,242,2,2
814,243,2,2
814,244,2,2
814,245,2,2
814,246,2,2
814,247,2,2
814,248,2,2
814,249,2,2
814,250,2,2
814,251,2,2
814,252,2,2
814,253,2,2
814,254,2,2
814,255,2,2
814,256,2,2
814,257,2,2
814,258,2,2
814,259,2,2
814,260,2,2
814,261,2,2
814,262,2,2
814,263,2,2
814,264,2,2
814,265,2,2
814,266,2,2
814,267,2,2
814,268,2,2
814,269,2,2
814,270,2,2
814,271,2,2
814,272,2,2
814,273,2,2
814,274,2,2
814,275,2,2
814,276,2,2
814,277,2,2
814,278,2,2
814,279,2,2
814,280,2,2
814,281,2,2
814,282,2,2
814,283,2,3
814,284,2,3
814,285,2,3
814,286,2,3
814,287,2,3
814,288,2,3
814,289,2,3
814,290,2,3
814,291,2,3
814,292,2,3
814,293,2,3
814,294,2,3
814,295,2,3
814,296,2,3
814,297,2,3
814,298,2,3
814,299,2,3
814,300,2,3
814,301,2,3
814,302,2,3
814,303,2,3
814,304,2,3
814,305,2,3
814,306,2,3
814,307,2,3
814,308,2,3
814,309,2,3
814,310,2,3
814,311,2,3
814,312,2,3
814,313,2,3
814,314,2,3
814,315,2,3
814,316,2,3
814,317,2,3
814,318,2,3
814,319,2,3
814,320,2,3
814,321,2,3
814,322,2,3
814,323,2,3
814,324,2,2
814,325,2,2
814,326,2,2
814,327,2,2
814,328,2,2
814,329,2,2
814,330,2,2
814,331,2,2
814,332,2,2
814,333,2,2
814,334,2,2
814,335,2,2
814,336,2,2
814,337,2,2
814,338,2,2
814,339,2,2
814,340,2,2
814,341,2,2
814,342,2,2
814,343,2,3
814,344,2,3
814,345,2,3
814,346,2,3
814,347,2,3
814,348,2,3
814,349,2,3
814,350,2,3
814,351,2,3
814,352,2,3
814,353,2,3
814,354,2,3
814,355,2,3
814,356,2,3
814,357,2,3
814,358,2,3
814,359,2,3
814,360,2,3
814,361,2,3
814,362,2,3
814,363,2,3
814,364,2,3
814,365,2,3
814,366,2,2
814,367,2,2
814,368,2,2
814,369,2,2
814,370,2,2
814,371,2,2
814,372,2,2
814,373,2,2
814,374,2,2
814,375,2,2
814,376,2,2
814,377,2,2
814,378,2,2
814,379,2,2
814,380,2,2
814,381,2,2
814,382,2,2
814,383,2,2
814,384,2,2
814,385,2,2
814,386,2,2
814,387,2,2
814,388,2,2
814,389,2,2
814,390,2,2
814,391,2,2
814,392,2,2
814,393,2,2
814,394,2,2
814,395,2,2
814,396,2,2
814,397,2,2
814,398,2,2
814,399,2,2
814,400,2,2
814,401,2,2
814,402,2,2
814,403,2,2
814,404,2,2
814,405,2,2
814,406,2,2
814,407,2,2
814,408,2,2
814,409,2,2
814,410,2,2
814,411,2,2
814,412,2,2
814,413,2,2
814,414,2,2
814,415,2,2
814,416,2,2
814,417,2,2
814,418,2,2
814,419,2,2
814,420,2,2
814,421,2,2
814,422,2,2
814,423,2,2
814,424,2,2
814,425,2,2
814,426,2,2
814,427,2,2
814,428,2,2
814,429,2,2
814,430,2,2
814,431,2,2
814,432,2,2
814,433,2,2
814,434,2,2
814,435,2,2
814,436,2,2
814,437,2,2
814,438,2,2
814,439,2,2
814,440,2,2
814,441,2,2
814,442,2,2
814,443,2,2
814,444,2,2
814,445,2,2
814,446,2,2
814,447,2,2
814,448,2,2
814,449,2,2
814,450,2,2
814,451,2,2
814,452,2,2
814,453,2,2
814,454,2,2
814,455,2,2
814,456,2,2
814,457,2,2
814,458,2,2
814,459,2,2
814,460,2,2
814,461,2,2
814,462,2,2
814,463,2,2
814,464,2,2
814,465,2,2
814,466,2,2
814,467,2,2
814,468,2,2
814,469,2,2
814,470,2,2
814,471,2,2
814,472,2,2
814,473,2,2
814,474,2,2
814,475,2,2
814,476,2,2
814,477,2,2
814,478,2,2
814,479,2,2
814,480,2,2
814,481,2,2
814,482,2,2
814,483,2,2
814,484,2,2
814,485,2,2
814,486,2,2
814,487,2,2
814,488,2,2
814,489,2,2
814,490,2,2
814,491,2,2
814,492,2,2
814,493,2,2
814,494,2,2
814,495,2,2
814,496,2,2
814,497,2,2
814,498,2,2
814,499,2,2
814,500,2,2
814,501,2,2
814,502,2,2
814,503,2,2
815,42,2,3
815,43,2,2
815,44,2,2
815,45,2,2
815,46,2,2
815,47,2,2
815,48,2,2
815,49,2,2
815,50,2,2
815,51,2,2
815,52,2,2
815,53,2,2
815,54,2,2
815,55,2,2
815,56,2,2
815,57,2,2
815,58,2,2
815,59,2,2
815,60,2,2
815,61,2,2
815,62,2,2
815,63,2,2
815,64,2,2
815,65,2,2
815,66,2,2
815,67,2,2
815,68,2,2
815,69,2,2
815,70,2,2
815,71,2,2
815,72,2,2
815,73,2,2
815,74,2,2
815,75,2,2
815,76,2,2
815,77,2,2
815,78,2,2
815,79,2,2
815,80,2,2
815,81,2,2
815,82,2,2
815,83,2,2
815,84,2,2
815,85,2,2
815,86,2,2
815,87,2,2
815,88,2,2
815,89,2,2
815,90,2,2
815,91,2,2
815,92,2,2
815,93,2,2
815,94,2,2
815,95,2,2
815,96,2,2
815,97,2,2
815,98,2,2
815,99,2,2
815,100,2,2
815,101,2,2
815,102,2,2
815,103,2,2
815,104,2,2
815,105,2,2
815,106,2,2
815,107,2,2
815,108,2,2
815,109,2,2
815,110,2,2
815,111,2,2
815,112,2,2
815,113,2,2
815,114,2,2
815,115,2,2
815,116,2,2
815,117,2,2
815,118,2,2
815,119,2,2
815,120,2,2
815,121,2,2
815,122,2,2
815,123,2,2
815,124,2,2
815,125,2,2
815,126,2,2
815,127,2,2
815,128,2,2
815,129,2,2
815,130,2,2
815,131,2,2
815,132,2,2
815,133,2,2
815,134,2,2
815,135,2,2
815,136,2,2
815,137,2,2
815,138,2,2
815,139,2,2
815,140,2,2
815,141,2,2
815,142,2,2
815,143,2,2
815,144,2,2
815,145,2,2
815,146,2,2
815,147,2,2
815,148,2,2
815,149,2,2
815,150,2,2
815,151,2,2
815,152,2,2
815,153,2,2
815,154,2,2
815,155,2,2
815,156,2,2
815,157,2,2
815,158,2,2
815,159,2,2
815,160,2,2
815,161,2,2
815,162,2,2
815,163,2,2
815,164,2,2
815,165,2,2
815,166,2,2
815,167,2,2
815,168,2,2
815,169,2,2
815,170,2,2
815,171,2,2
815,172,2,2
815,173,2,2
815,174,2,2
815,175,2,2
815,176,2,2
815,177,2,2
815,178,2,2
815,179,2,2
815,180,2,2
815,181,2,2
815,182,2,2
815,183,2,2
815,184,2,2
815,185,2,2
815,186,2,2
815,187,2,2
815,188,2,2
815,189,2,2
815,190,2,2
815,191,2,2
815,192,2,2
815,193,2,2
815,194,2,2
815,195,2,2
815,196,2,2
815,197,2,2
815,198,2,2
815,199,2,2
815,200,2,2
815,201,2,2
815,202,2,2
815,203,2,2
815,204,2,2
815,205,2,2
815,206,2,2
815,207,2,2
815,208,2,2
815,209,2,2
815,210,2,2
815,211,2,2
815,212,2,2
815,213,2,2
815,214,2,2
815,215,2,2
815,216,2,2
815,217,2,2
815,218,2,2
815,219,2,2
815,220,2,2
815,221,2,2
815,222,2,2
815,223,2,2
815,224,2,2
815,225,2,2
815,226,2,2
815,227,2,2
815,228,2,2
815,229,2,2
815,230,2,2
815,231,2,2
815,232,2,2
815,233,2,2
815,234,2,2
815,235,2,2
815,236,2,2
815,237,2,2
815,238,2,2
815,239,2,2
815,240,2,2
815,241,2,2
815,242,2,2
815,243,2,2
815,244,2,2
815,245,2,2
815,246,2,2
815,247,2,2
815,248,2,2
815,249,2,2
815,250,2,2
815,251,2,2
815,252,2,2
815,253,2,2
815,254,2,2
815,255,2,2
815,256,2,2
815,257,2,2
815,258,2,2
815,259,2,2
815,260,2,2
815,261,2,2
815,262,2,2
815,263,2,2
815,264,2,2
815,265,2,2
815,266,2,2
815,267,2,2
815,268,2,2
815,269,2,2
815,270,2,2
815,271,2,2
815,272,2,2
815,273,2,2
815,274,2,2
815,275,2,2
815,276,2,2
815,277,2,2
815,278,2,2
815,279,2,2
815,280,2,3
815,281,2,3
815,282,2,3
815,283,2,3
815,284,2,3
815,285,2,3
815,286,2,3
815,287,2,3
815,288,2,3
815,289,2,3
815,290,2,3
815,291,2,3
815,292,2,3
815,293,2,3
815,294,2,3
815,295,2,3
815,296,2,3
815,297,2,3
815,298,2,3
815,299,2,3
815,300,2,3
815,301,2,3
815,302,2,3
815,303,2,3
815,304,2,3
815,305,2,3
815,306,2,3
815,307,2,3
815,308,2,3
815,309,2,3
815,310,2,3
815,311,2,3
815,312,2,3
815,313,2,3
815,314,2,3
815,315,2,3
815,316,2,3
815,317,2,3
815,318,2,3
815,319,2,3
815,320,2,3
815,321,2,3
815,322,2,3
815,323,2,3
815,324,2,3
815,325,2,2
815,326,2,2
815,327,2,2
815,328,2,2
815,329,2,2
815,330,2,2
815,331,2,2
815,332,2,2
815,333,2,2
815,334,2,2
815,335,2,2
815,336,2,2
815,337,2,2
815,338,2,2
815,339,2,2
815,340,2,2
815,341,2,2
815,342,2,2
815,343,2,3
815,344,2,3
815,345,2,3
815,346,2,3
815,347,2,3
815,348,2,3
815,349,2,3
815,350,2,3
815,351,2,3
815,352,2,3
815,353,2,3
815,354,2,3
815,355,2,3
815,356,2,3
815,357,2,3
815,358,2,3
815,359,2,3
815,360,2,3
815,361,2,3
815,362,2,3
815,363,2,3
815,364,2,3
815,365,2,3
815,366,2,2
815,367,2,2
815,368,2,2
815,369,2,2
815,370,2,2
815,371,2,2
815,372,2,2
815,373,2,2
815,374,2,2
815,375,2,2
815,376,2,2
815,377,2,2
815,378,2,2
815,379,2,2
815,380,2,2
815,381,2,2
815,382,2,2
815,383,2,2
815,384,2,2
815,385,2,2
815,386,2,2
815,387,2,2
815,388,2,2
815,389,2,2
815,390,2,2
815,391,2,2
815,392,2,2
815,393,2,2
815,394,2,2
815,395,2,2
815,396,2,2
815,397,2,2
815,398,2,2
815,399,2,2
815,400,2,2
815,401,2,2
815,402,2,2
815,403,2,2
815,404,2,2
815,405,2,2
815,406,2,2
815,407,2,2
815,408,2,2
815,409,2,2
815,410,2,2
815,411,2,2
815,412,2,2
815,413,2,2
815,414,2,2
815,415,2,2
815,416,2,2
815,417,2,2
815,418,2,2
815,419,2,2
815,420,2,2
815,421,2,2
815,422,2,2
815,423,2,2
815,424,2,2
815,425,2,2
815,426,2,2
815,427,2,2
815,428,2,2
815,429,2,2
815,430,2,2
815,431,2,2
815,432,2,2
815,433,2,2
815,434,2,2
815,435,2,2
815,436,2,2
815,437,2,2
815,438,2,2
815,439,2,2
815,440,2,2
815,441,2,2
815,442,2,2
815,443,2,2
815,444,2,2
815,445,2,2
815,446,2,2
815,447,2,2
815,448,2,2
815,449,2,2
815,450,2,2
815,451,2,2
815,452,2,2
815,453,2,2
815,454,2,2
815,455,2,2
815,456,2,2
815,457,2,2
815,458,2,2
815,459,2,2
815,460,2,2
815,461,2,2
815,462,2,2
815,463,2,2
815,464,2,2
815,465,2,2
815,466,2,2
815,467,2,2
815,468,2,2
815,469,2,2
815,470,2,2
815,471,2,2
815,472,2,2
815,473,2,2
815,474,2,2
815,475,2,2
815,476,2,2
815,477,2,2
815,478,2,2
815,479,2,2
815,480,2,2
815,481,2,2
815,482,2,2
815,483,2,2
815,484,2,2
815,485,2,2
815,486,2,2
815,487,2,2
815,488,2,2
815,489,2,2
815,490,2,2
815,491,2,2
815,492,2,2
815,493,2,2
815,494,2,2
815,495,2,2
815,496,2,2
815,497,2,2
815,498,2,2
815,499,2,2
815,500,2,2
815,501,2,2
815,502,2,2
815,503,2,2
815,504,2,2
816,43,2,3
816,44,2,2
816,45,2,2
816,46,2,2
816,47,2,2
816,48,2,2
816,49,2,2
816,50,2,2
816,51,2,2
816,52,2,2
816,53,2,2
816,54,2,2
816,55,2,2
816,56,2,2
816,57,2,2
816,58,2,2
816,59,2,2
816,60,2,2
816,61,2,2
816,62,2,2
816,63,2,2
816,64,2,2
816,65,2,2
816,66,2,2
816,67,2,2
816,68,2,2
816,69,2,2
816,70,2,2
816,71,2,2
816,72,2,2
816,73,2,2
816,74,2,2
816,75,2,2
816,76,2,2
816,77,2,2
816,78,2,2
816,79,2,2
816,80,2,2
816,81,2,2
816,82,2,2
816,83,2,2
816,84,2,2
816,85,2,2
816,86,2,2
816,87,2,2
816,88,2,2
816,89,2,2
816,90,2,2
816,91,2,2
816,92,2,2
816,93,2,2
816,94,2,2
816,95,2,2
816,96,2,2
816,97,2,2
816,98,2,2
816,99,2,2
816,100,2,2
816,101,2,2
816,102,2,2
816,103,2,2
816,104,2,2
816,105,2,2
816,106,2,2
816,107,2,2
816,108,2,2
816,109,2,2
816,110,2,2
816,111,2,2
816,112,2,2
816,113,2,2
816,114,2,2
816,115,2,2
816,116,2,2
816,117,2,2
816,118,2,2
816,119,2,2
816,120,2,2
816,121,2,2
816,122,2,2
816,123,2,2
816,124,2,2
816,125,2,2
816,126,2,2
816,127,2,2
816,128,2,2
816,129,2,2
816,130,2,2
816,131,2,2
816,132,2,2
816,133,2,2
816,134,2,2
816,135,2,2
816,136,2,2
816,137,2,2
816,138,2,2
816,139,2,2
816,140,2,2
816,141,2,2
816,142,2,2
816,143,2,2
816,144,2,2
816,145,2,2
816,146,2,2
816,147,2,2
816,148,2,2
816,149,2,2
816,150,2,2
816,151,2,2
816,152,2,2
816,153,2,2
816,154,2,2
816,155,2,2
816,156,2,2
816,157,2,2
816,158,2,2
816,159,2,2
816,160,2,2
816,161,2,2
816,162,2,2
816,163,2,2
816,164,2,2
816,165,2,2
816,166,2,2
816,167,2,2
816,168,2,2
816,169,2,2
816,170,2,2
816,171,2,2
816,172,2,2
816,173,2,2
816,174,2,2
816,175,2,2
816,176,2,2
816,177,2,2
816,178,2,2
816,179,2,2
816,180,2,2
816,181,2,2
816,182,2,2
816,183,2,2
816,184,2,2
816,185,2,2
816,186,2,2
816,187,2,2
816,188,2,2
816,189,2,2
816,190,2,2
816,191,2,2
816,192,2,2
816,193,2,2
816,194,2,2
816,195,2,2
816,196,2,2
816,197,2,2
816,198,2,2
816,199,2,2
816,200,2,2
816,201,2,2
816,202,2,2
816,203,2,2
816,204,2,2
816,205,2,2
816,206,2,2
816,207,2,2
816,208,2,2
816,209,2,2
816,210,2,2
816,211,2,2
816,212,2,2
816,213,2,2
816,214,2,2
816,215,2,2
816,216,2,2
816,217,2,2
816,218,2,2
816,219,2,2
816,220,2,2
816,221,2,2
816,222,2,2
816,223,2,2
816,224,2,2
816,225,2,2
816,226,2,2
816,227,2,2
816,228,2,2
816,229,2,2
816,230,2,2
816,231,2,2
816,232,2,2
816,233,2,2
816,234,2,2
816,235,2,2
816,236,2,2
816,237,2,2
816,238,2,2
816,239,2,2
816,240,2,2
816,241,2,2
816,242,2,2
816,243,2,2
816,244,2,2
816,245,2,2
816,246,2,2
816,247,2,2
816,248,2,2
816,249,2,2
816,250,2,2
816,251,2,2
816,252,2,2
816,253,2,2
816,254,2,2
816,255,2,2
816,256,2,2
816,257,2,2
816,258,2,2
816,259,2,2
816,260,2,2
816,261,2,2
816,262,2,2
816,263,2,2
816,264,2,2
816,265,2,2
816,266,2,2
816,267,2,2
816,268,2,2
816,269,2,2
816,270,2,2
816,271,2,2
816,272,2,2
816,273,2,2
816,274,2,2
816,275,2,2
816,276,2,2
816,277,2,2
816,278,2,3
816,279,2,3
816,280,2,3
816,281,2,3
816,282,2,3
816,283,2,3
816,284,2,3
816,285,2,3
816,286,2,3
816,287,2,3
816,288,2,3
816,289,2,3
816,290,2,3
816,291,2,3
816,292,2,3
816,293,2,3
816,294,2,3
816,295,2,3
816,296,2,3
816,297,2,3
816,298,2,3
816,299,2,3
816,300,2,3
816,301,2,3
816,302,2,3
816,303,2,3
816,304,2,3
816,305,2,3
816,306,2,3
816,307,2,3
816,308,2,3
816,309,2,3
816,310,2,3
816,311,2,3
816,312,2,3
816,313,2,3
816,314,2,3
816,315,2,3
816,316,2,3
816,317,2,3
816,318,2,3
816,319,2,3
816,320,2,3
816,321,2,3
816,322,2,3
816,323,2,3
816,324,2,3
816,325,2,2
816,326,2,2
816,327,2,2
816,328,2,2
816,329,2,2
816,330,2,2
816,331,2,2
816,332,2,2
816,333,2,2
816,334,2,2
816,335,2,2
816,336,2,2
816,337,2,2
816,338,2,2
816,339,2,2
816,340,2,2
816,341,2,2
816,342,2,3
816,343,2,3
816,344,2,3
816,345,2,3
816,346,2,3
816,347,2,3
816,348,2,3
816,349,2,3
816,350,2,3
816,351,2,3
816,352,2,3
816,353,2,3
816,354,2,3
816,355,2,3
816,356,2,3
816,357,2,3
816,358,2,3
816,359,2,3
816,360,2,3
816,361,2,3
816,362,2,3
816,363,2,3
816,364,2,3
816,365,2,3
816,366,2,2
816,367,2,2
816,368,2,2
816,369,2,2
816,370,2,2
816,371,2,2
816,372,2,2
816,373,2,2
816,374,2,2
816,375,2,2
816,376,2,2
816,377,2,2
816,378,2,2
816,379,2,2
816,380,2,2
816,381,2,2
816,382,2,2
816,383,2,2
816,384,2,2
816,385,2,2
816,386,2,2
816,387,2,2
816,388,2,2
816,389,2,2
816,390,2,2
816,391,2,2
816,392,2,2
816,393,2,2
816,394,2,2
816,395,2,2
816,396,2,2
816,397,2,2
816,398,2,2
816,399,2,2
816,400,2,2
816,401,2,2
816,402,2,2
816,403,2,2
816,404,2,2
816,405,2,2
816,406,2,2
816,407,2,2
816,408,2,2
816,409,2,2
816,410,2,2
816,411,2,2
816,412,2,2
816,413,2,2
816,414,2,2
816,415,2,2
816,416,2,2
816,417,2,2
816,418,2,2
816,419,2,2
816,420,2,2
816,421,2,2
816,422,2,2
816,423,2,2
816,424,2,2
816,425,2,2
816,426,2,2
816,427,2,2
816,428,2,2
816,429,2,2
816,430,2,2
816,431,2,2
816,432,2,2
816,433,2,2
816,434,2,2
816,435,2,2
816,436,2,2
816,437,2,2
816,438,2,2
816,439,2,2
816,440,2,2
816,441,2,2
816,442,2,2
816,443,2,2
816,444,2,2
816,445,2,2
816,446,2,2
816,447,2,2
816,448,2,2
816,449,2,2
816,450,2,2
816,451,2,2
816,452,2,2
816,453,2,2
816,454,2,2
816,455,2,2
816,456,2,2
816,457,2,2
816,458,2,2
816,459,2,2
816,460,2,2
816,461,2,2
816,462,2,2
816,463,2,2
816,464,2,2
816,465,2,2
816,466,2,2
816,467,2,2
816,468,2,2
816,469,2,2
816,470,2,2
816,471,2,2
816,472,2,2
816,473,2,2
816,474,2,2
816,475,2,2
816,476,2,2
816,477,2,2
816,478,2,2
816,479,2,2
816,480,2,2
816,481,2,2
816,482,2,2
816,483,2,2
816,484,2,2
816,485,2,2
816,486,2,2
816,487,2,2
816,488,2,2
816,489,2,2
816,490,2,2
816,491,2,2
816,492,2,2
816,493,2,2
816,494,2,2
816,495,2,2
816,496,2,2
816,497,2,2
816,498,2,2
816,499,2,2
816,500,2,2
816,501,2,2
816,502,2,2
816,503,2,2
816,504,2,2
816,505,2,2
817,44,2,2
817,45,2,2
817,46,2,2
817,47,2,2
817,48,2,2
817,49,2,2
817,50,2,2
817,51,2,2
817,52,2,2
817,53,2,2
817,54,2,2
817,55,2,2
817,56,2,2
817,57,2,2
817,58,2,2
817,59,2,2
817,60,2,2
817,61,2,2
817,62,2,2
817,63,2,2
817,64,2,2
817,65,2,2
817,66,2,2
817,67,2,2
817,68,2,2
817,69,2,2
817,70,2,2
817,71,2,2
817,72,2,2
817,73,2,2
817,74,2,2
817,75,2,2
817,76,2,2
817,77,2,2
817,78,2,2
817,79,2,2
817,80,2,2
817,81,2,2
817,82,2,2
817,83,2,2
817,84,2,2
817,85,2,2
817,86,2,2
817,87,2,2
817,88,2,2
817,89,2,2
817,90,2,2
817,91,2,2
817,92,2,2
817,93,2,2
817,94,2,2
817,95,2,2
817,96,2,2
817,97,2,2
817,98,2,2
817,99,2,2
817,100,2,2
817,101,2,2
817,102,2,2
817,103,2,2
817,104,2,2
817,105,2,2
817,106,2,2
817,107,2,2
817,108,2,2
817,109,2,2
817,110,2,2
817,111,2,2
817,112,2,2
817,113,2,2
817,114,2,2
817,115,2,2
817,116,2,2
817,117,2,2
817,118,2,2
817,119,2,2
817,120,2,2
817,121,2,2
817,122,2,2
817,123,2,2
817,124,2,2
817,125,2,2
817,126,2,2
817,127,2,2
817,128,2,2
817,129,2,2
817,130,2,2
817,131,2,2
817,132,2,2
817,133,2,2
817,134,2,2
817,135,2,2
817,136,2,2
817,137,2,2
817,138,2,2
817,139,2,2
817,140,2,2
817,141,2,2
817,142,2,2
817,143,2,2
817,144,2,2
817,145,2,2
817,146,2,2
817,147,2,2
817,148,2,2
817,149,2,2
817,150,2,2
817,151,2,2
817,152,2,2
817,153,2,2
817,154,2,2
817,155,2,2
817,156,2,2
817,157,2,2
817,158,2,2
817,159,2,2
817,160,2,2
817,161,2,2
817,162,2,2
817,163,2,2
817,164,2,2
817,165,2,2
817,166,2,2
817,167,2,2
817,168,2,2
817,169,2,2
817,170,2,2
817,171,2,2
817,172,2,2
817,173,2,2
817,174,2,2
817,175,2,2
817,176,2,2
817,177,2,2
817,178,2,2
817,179,2,2
817,180,2,2
817,181,2,2
817,182,2,2
817,183,2,2
817,184,2,2
817,185,2,2
817,186,2,2
817,187,2,2
817,188,2,2
817,189,2,2
817,190,2,2
817,191,2,2
817,192,2,2
817,193,2,2
817,194,2,2
817,195,2,2
817,196,2,2
817,197,2,2
817,198,2,2
817,199,2,2
817,200,2,2
817,201,2,2
817,202,2,2
817,203,2,2
817,204,2,2
817,205,2,2
817,206,2,2
817,207,2,2
817,208,2,2
817,209,2,2
817,210,2,2
817,211,2,2
817,212,2,2
817,213,2,2
817,214,2,2
817,215,2,2
817,216,2,2
817,217,2,2
817,218,2,2
817,219,2,2
817,220,2,2
817,221,2,2
817,222,2,2
817,223,2,2
817,224,2,2
817,225,2,2
817,226,2,2
817,227,2,2
817,228,2,2
817,229,2,2
817,230,2,2
817,231,2,2
817,232,2,2
817,233,2,2
817,234,2,2
817,235,2,2
817,236,2,2
817,237,2,2
817,238,2,2
817,239,2,2
817,240,2,2
817,241,2,2
817,242,2,2
817,243,2,2
817,244,2,2
817,245,2,2
817,246,2,2
817,247,2,2
817,248,2,2
817,249,2,2
817,250,2,2
817,251,2,2
817,252,2,2
817,253,2,2
817,254,2,2
817,255,2,2
817,256,2,2
817,257,2,2
817,258,2,2
817,259,2,2
817,260,2,2
817,261,2,2
817,262,2,2
817,263,2,2
817,264,2,2
817,265,2,2
817,266,2,2
817,267,2,2
817,268,2,2
817,269,2,2
817,270,2,2
817,271,2,2
817,272,2,2
817,273,2,2
817,274,2,2
817,275,2,2
817,276,2,3
817,277,2,3
817,278,2,3
817,279,2,3
817,280,2,3
817,281,2,3
817,282,2,3
817,283,2,3
817,284,2,3
817,285,2,3
817,286,2,3
817,287,2,3
817,288,2,3
817,289,2,3
817,290,2,3
817,291,2,3
817,292,2,3
817,293,2,3
817,294,2,3
817,295,2,3
817,296,2,3
817,297,2,3
817,298,2,3
817,299,2,3
817,300,2,3
817,301,2,3
817,302,2,3
817,303,2,3
817,304,2,3
817,305,2,3
817,306,2,3
817,307,2,3
817,308,2,3
817,309,2,3
817,310,2,3
817,311,2,3
817,312,2,3
817,313,2,3
817,314,2,3
817,315,2,3
817,316,2,3
817,317,2,3
817,318,2,3
817,319,2,3
817,320,2,3
817,321,2,3
817,322,2,3
817,323,2,3
817,324,2,3
817,325,2,2
817,326,2,2
817,327,2,2
817,328,2,2
817,329,2,2
817,330,2,2
817,331,2,2
817,332,2,2
817,333,2,2
817,334,2,2
817,335,2,2
817,336,2,2
817,337,2,2
817,338,2,2
817,339,2,2
817,340,2,2
817,341,2,3
817,342,2,3
817,343,2,3
817,344,2,3
817,345,2,3
817,346,2,3
817,347,2,3
817,348,2,3
817,349,2,3
817,350,2,3
817,351,2,3
817,352,2,3
817,353,2,3
817,354,2,3
817,355,2,3
817,356,2,3
817,357,2,3
817,358,2,3
817,359,2,3
817,360,2,3
817,361,2,3
817,362,2,3
817,363,2,3
817,364,2,3
817,365,2,3
817,366,2,2
817,367,2,2
817,368,2,2
817,369,2,2
817,370,2,2
817,371,2,2
817,372,2,2
817,373,2,2
817,374,2,2
817,375,2,2
817,376,2,2
817,377,2,2
817,378,2,2
817,379,2,2
817,380,2,2
817,381,2,2
817,382,2,2
817,383,2,2
817,384,2,2
817,385,2,2
817,386,2,2
817,387,2,2
817,388,2,2
817,389,2,2
817,390,2,2
817,391,2,2
817,392,2,2
817,393,2,2
817,394,2,2
817,395,2,2
817,396,2,2
817,397,2,2
817,398,2,2
817,399,2,2
817,400,2,2
817,401,2,2
817,402,2,2
817,403,2,2
817,404,2,2
817,405,2,2
817,406,2,2
817,407,2,2
817,408,2,2
817,409,2,2
817,410,2,2
817,411,2,2
817,412,2,2
817,413,2,2
817,414,2,2
817,415,2,2
817,416,2,2
817,417,2,2
817,418,2,2
817,419,2,2
817,420,2,2
817,421,2,2
817,422,2,2
817,423,2,2
817,424,2,2
817,425,2,2
817,426,2,2
817,427,2,2
817,428,2,2
817,429,2,2
817,430,2,2
817,431,2,2
817,432,2,2
817,433,2,2
817,434,2,2
817,435,2,2
817,436,2,2
817,437,2,2
817,438,2,2
817,439,2,2
817,440,2,2
817,441,2,2
817,442,2,2
817,443,2,2
817,444,2,2
817,445,2,2
817,446,2,2
817,447,2,2
817,448,2,2
817,449,2,2
817,450,2,2
817,451,2,2
817,452,2,2
817,453,2,2
817,454,2,2
817,455,2,2
817,456,2,2
817,457,2,2
817,458,2,2
817,459,2,2
817,460,2,2
817,461,2,2
817,462,2,2
817,463,2,2
817,464,2,2
817,465,2,2
817,466,2,2
817,467,2,2
817,468,2,2
817,469,2,2
817,470,2,2
817,471,2,2
817,472,2,2
817,473,2,2
817,474,2,2
817,475,2,2
817,476,2,2
817,477,2,2
817,478,2,2
817,479,2,2
817,480,2,2
817,481,2,2
817,482,2,2
817,483,2,2
817,484,2,2
817,485,2,2
817,486,2,2
817,487,2,2
817,488,2,2
817,489,2,2
817,490,2,2
817,491,2,2
817,492,2,2
817,493,2,2
817,494,2,2
817,495,2,2
817,496,2,2
817,497,2,2
817,498,2,2
817,499,2,2
817,500,2,2
817,501,2,2
817,502,2,2
817,503,2,2
817,504,2,2
817,505,2,2
817,506,2,2
817,507,2,3
818,44,2,2
818,45,2,2
818,46,2,2
818,47,2,2
818,48,2,2
818,49,2,2
818,50,2,2
818,51,2,2
818,52,2,2
818,53,2,2
818,54,2,2
818,55,2,2
818,56,2,2
818,57,2,2
818,58,2,2
818,59,2,2
818,60,2,2
818,61,2,2
818,62,2,2
818,63,2,2
818,64,2,2
818,65,2,2
818,66,2,2
818,67,2,2
818,68,2,2
818,69,2,2
818,70,2,2
818,71,2,2
818,72,2,2
818,73,2,2
818,74,2,2
818,75,2,2
818,76,2,2
818,77,2,2
818,78,2,2
818,79,2,2
818,80,2,2
818,81,2,2
818,82,2,2
818,83,2,2
818,84,2,2
818,85,2,2
818,86,2,2
818,87,2,2
818,88,2,2
818,89,2,2
818,90,2,2
818,91,2,2
818,92,2,2
818,93,2,2
818,94,2,2
818,95,2,2
818,96,2,2
818,97,2,2
818,98,2,2
818,99,2,2
818,100,2,2
818,101,2,2
818,102,2,2
818,103,2,2
818,104,2,2
818,105,2,2
818,106,2,2
818,107,2,2
818,108,2,2
818,109,2,2
818,110,2,2
818,111,2,2
818,112,2,2
818,113,2,2
818,114,2,2
818,115,2,2
818,116,2,2
818,117,2,2
818,118,2,2
818,119,2,2
818,120,2,2
818,121,2,2
818,122,2,2
818,123,2,2
818,124,2,2
818,125,2,2
818,126,2,2
818,127,2,2
818,128,2,2
818,129,2,2
818,130,2,2
818,131,2,2
818,132,2,2
818,133,2,2
818,134,2,2
818,135,2,2
818,136,2,2
818,137,2,2
818,138,2,2
818,139,2,2
818,140,2,2
818,141,2,2
818,142,2,2
818,143,2,2
818,144,2,2
818,145,2,2
818,146,2,2
818,147,2,2
818,148,2,2
818,149,2,2
818,150,2,2
818,151,2,2
818,152,2,2
818,153,2,2
818,154,2,2
818,155,2,2
818,156,2,2
818,157,2,2
818,158,2,2
818,159,2,2
818,160,2,2
818,161,2,2
818,162,2,2
818,163,2,2
818,164,2,2
818,165,2,2
818,166,2,2
818,167,2,2
818,168,2,2
818,169,2,2
818,170,2,2
818,171,2,2
818,172,2,2
818,173,2,2
818,174,2,2
818,175,2,2
818,176,2,2
818,177,2,2
818,178,2,2
818,179,2,2
818,180,2,2
818,181,2,2
818,182,2,2
818,183,2,2
818,184,2,2
818,185,2,2
818,186,2,2
818,187,2,2
818,188,2,2
818,189,2,2
818,190,2,2
818,191,2,2
818,192,2,2
818,193,2,2
818,194,2,2
818,195,2,2
818,196,2,2
818,197,2,2
818,198,2,2
818,199,2,2
818,200,2,2
818,201,2,2
818,202,2,2
818,203,2,2
818,204,2,2
818,205,2,2
818,206,2,2
818,207,2,2
818,208,2,2
818,209,2,2
818,210,2,2
818,211,2,2
818,212,2,2
818,213,2,2
818,214,2,2
818,215,2,2
818,216,2,2
818,217,2,2
818,218,2,2
818,219,2,2
818,220,2,2
818,221,2,2
818,222,2,2
818,223,2,2
818,224,2,2
818,225,2,2
818,226,2,2
818,227,2,2
818,228,2,2
818,229,2,2
818,230,2,2
818,231,2,2
818,232,2,2
818,233,2,2
818,234,2,2
818,235,2,2
818,236,2,2
818,237,2,2
818,238,2,2
818,239,2,2
818,240,2,2
818,241,2,2
818,242,2,2
818,243,2,2
818,244,2,2
818,245,2,2
818,246,2,2
818,247,2,2
818,248,2,2
818,249,2,2
818,250,2,2
818,251,2,2
818,252,2,2
818,253,2,2
818,254,2,2
818,255,2,2
818,256,2,2
818,257,2,2
818,258,2,2
818,259,2,2
818,260,2,2
818,261,2,2
818,262,2,2
818,263,2,2
818,264,2,2
818,265,2,2
818,266,2,2
818,267,2,2
818,268,2,2
818,269,2,2
818,270,2,2
818,271,2,2
818,272,2,2
818,273,2,2
818,274,2,2
818,275,2,2
818,276,2,3
818,277,2,3
818,278,2,3
818,279,2,3
818,280,2,3
818,281,2,3
818,282,2,3
818,283,2,3
818,284,2,3
818,285,2,3
818,286,2,3
818,287,2,3
818,288,2,3
818,289,2,3
818,290,2,3
818,291,2,3
818,292,2,3
818,293,2,3
818,294,2,3
818,295,2,3
818,296,2,3
818,297,2,3
818,298,2,3
818,299,2,3
818,300,2,3
818,301,2,3
818,302,2,3
818,303,2,3
818,304,2,3
818,305,2,3
818,306,2,3
818,307,2,3
818,308,2,3
818,309,2,3
818,310,2,3
818,311,2,3
818,312,2,3
818,313,2,3
818,314,2,3
818,315,2,3
818,316,2,3
818,317,2,3
818,318,2,3
818,319,2,3
818,320,2,3
818,321,2,3
818,322,2,3
818,323,2,3
818,324,2,3
818,325,2,3
818,326,2,2
818,327,2,2
818,328,2,2
818,329,2,2
818,330,2,2
818,331,2,2
818,332,2,2
818,333,2,2
818,334,2,2
818,335,2,2
818,336,2,2
818,337,2,2
818,338,2,2
818,339,2,2
818,340,2,2
818,341,2,3
818,342,2,3
818,343,2,3
818,344,2,3
818,345,2,3
818,346,2,3
818,347,2,3
818,348,2,3
818,349,2,3
818,350,2,3
818,351,2,3
818,352,2,3
818,353,2,3
818,354,2,3
818,355,2,3
818,356,2,3
818,357,2,3
818,358,2,3
818,359,2,3
818,360,2,3
818,361,2,3
818,362,2,3
818,363,2,3
818,364,2,3
818,365,2,3
818,366,2,2
818,367,2,2
818,368,2,2
818,369,2,2
818,370,2,2
818,371,2,2
818,372,2,2
818,373,2,2
818,374,2,2
818,375,2,2
818,376,2,2
818,377,2,2
818,378,2,2
818,379,2,2
818,380,2,2
818,381,2,2
818,382,2,2
818,383,2,2
818,384,2,2
818,385,2,2
818,386,2,2
818,387,2,2
818,388,2,2
818,389,2,2
818,390,2,2
818,391,2,2
818,392,2,2
818,393,2,2
818,394,2,2
818,395,2,2
818,396,2,2
818,397,2,2
818,398,2,2
818,399,2,2
818,400,2,2
818,401,2,2
818,402,2,2
818,403,2,2
818,404,2,2
818,405,2,2
818,406,2,2
818,407,2,2
818,408,2,2
818,409,2,2
818,410,2,2
818,411,2,2
818,412,2,2
818,413,2,2
818,414,2,2
818,415,2,2
818,416,2,2
818,417,2,2
818,418,2,2
818,419,2,2
818,420,2,2
818,421,2,2
818,422,2,2
818,423,2,2
818,424,2,2
818,425,2,2
818,426,2,2
818,427,2,2
818,428,2,2
818,429,2,2
818,430,2,2
818,431,2,2
818,432,2,2
818,433,2,2
818,434,2,2
818,435,2,2
818,436,2,2
818,437,2,2
818,438,2,2
818,439,2,2
818,440,2,2
818,441,2,2
818,442,2,2
818,443,2,2
818,444,2,2
818,445,2,2
818,446,2,2
818,447,2,2
818,448,2,2
818,449,2,2
818,450,2,2
818,451,2,2
818,452,2,2
818,453,2,2
818,454,2,2
818,455,2,2
818,456,2,2
818,457,2,2
818,458,2,2
818,459,2,2
818,460,2,2
818,461,2,2
818,462,2,2
818,463,2,2
818,464,2,2
818,465,2,2
818,466,2,2
818,467,2,2
818,468,2,2
818,469,2,2
818,470,2,2
818,471,2,2
818,472,2,2
818,473,2,2
818,474,2,2
818,475,2,2
818,476,2,2
818,477,2,2
818,478,2,2
818,479,2,2
818,480,2,2
818,481,2,2
818,482,2,2
818,483,2,2
818,484,2,2
818,485,2,2
818,486,2,2
818,487,2,2
818,488,2,2
818,489,2,2
818,490,2,2
818,491,2,2
818,492,2,2
818,493,2,2
818,494,2,2
818,495,2,2
818,496,2,2
818,497,2,2
818,498,2,2
818,499,2,2
818,500,2,2
818,501,2,2
818,502,2,2
818,503,2,2
818,504,2,2
818,505,2,2
818,506,2,2
818,507,2,2
818,508,2,2
818,509,2,2
818,510,2,2
819,44,2,2
819,45,2,2
819,46,2,2
819,47,2,2
819,48,2,2
819,49,2,2
819,50,2,2
819,51,2,2
819,52,2,2
819,53,2,2
819,54,2,2
819,55,2,2
819,56,2,2
819,57,2,2
819,58,2,2
819,59,2,2
819,60,2,2
819,61,2,2
819,62,2,2
819,63,2,2
819,64,2,2
819,65,2,2
819,66,2,2
819,67,2,2
819,68,2,2
819,69,2,2
819,70,2,2
819,71,2,2
819,72,2,2
819,73,2,2
819,74,2,2
819,75,2,2
819,76,2,2
819,77,2,2
819,78,2,2
819,79,2,2
819,80,2,2
819,81,2,2
819,82,2,2
819,83,2,2
819,84,2,2
819,85,2,2
819,86,2,2
819,87,2,2
819,88,2,2
819,89,2,2
819,90,2,2
819,91,2,2
819,92,2,2
819,93,2,2
819,94,2,2
819,95,2,2
819,96,2,2
819,97,2,2
819,98,2,2
819,99,2,2
819,100,2,2
819,101,2,2
819,102,2,2
819,103,2,2
819,104,2,2
819,105,2,2
819,106,2,2
819,107,2,2
819,108,2,2
819,109,2,2
819,110,2,2
819,111,2,2
819,112,2,2
819,113,2,2
819,114,2,2
819,115,2,2
819,116,2,2
819,117,2,2
819,118,2,2
819,119,2,2
819,120,2,2
819,121,2,2
819,122,2,2
819,123,2,2
819,124,2,2
819,125,2,2
819,126,2,2
819,127,2,2
819,128,2,2
819,129,2,2
819,130,2,2
819,131,2,2
819,132,2,2
819,133,2,2
819,134,2,2
819,135,2,2
819,136,2,2
819,137,2,2
819,138,2,2
819,139,2,2
819,140,2,2
819,141,2,2
819,142,2,2
819,143,2,2
819,144,2,2
819,145,2,2
819,146,2,2
819,147,2,2
819,148,2,2
819,149,2,2
819,150,2,2
819,151,2,2
819,152,2,2
819,153,2,2
819,154,2,2
819,155,2,2
819,156,2,2
819,157,2,2
819,158,2,2
819,159,2,2
819,160,2,2
819,161,2,2
819,162,2,2
819,163,2,2
819,164,2,2
819,165,2,2
819,166,2,2
819,167,2,2
819,168,2,2
819,169,2,2
819,170,2,2
819,171,2,2
819,172,2,2
819,173,2,2
819,174,2,2
819,175,2,2
819,176,2,2
819,177,2,2
819,178,2,2
819,179,2,2
819,180,2,2
819,181,2,2
819,182,2,2
819,183,2,2
819,184,2,2
819,185,2,2
819,186,2,2
819,187,2,2
819,188,2,2
819,189,2,2
819,190,2,2
819,191,2,2
819,192,2,2
819,193,2,2
819,194,2,2
819,195,2,2
819,196,2,2
819,197,2,2
819,198,2,2
819,199,2,2
819,200,2,2
819,201,2,2
819,202,2,2
819,203,2,2
819,204,2,2
819,205,2,2
819,206,2,2
819,207,2,2
819,208,2,2
819,209,2,2
819,210,2,2
819,211,2,2
819,212,2,2
819,213,2,2
819,214,2,2
819,215,2,2
819,216,2,2
819,217,2,2
819,218,2,2
819,219,2,2
819,220,2,2
819,221,2,2
819,222,2,2
819,223,2,2
819,224,2,2
819,225,2,2
819,226,2,2
819,227,2,2
819,228,2,2
819,229,2,2
819,230,2,2
819,231,2,2
819,232,2,2
819,233,2,2
819,234,2,2
819,235,2,2
819,236,2,2
819,237,2,2
819,238,2,2
819,239,2,2
819,240,2,2
819,241,2,2
819,242,2,2
819,243,2,2
819,244,2,2
819,245,2,2
819,246,2,2
819,247,2,2
819,248,2,2
819,249,2,2
819,250,2,2
819,251,2,2
819,252,2,2
819,253,2,2
819,254,2,2
819,255,2,2
819,256,2,2
819,257,2,2
819,258,2,2
819,259,2,2
819,260,2,2
819,261,2,2
819,262,2,2
819,263,2,2
819,264,2,2
819,265,2,2
819,266,2,2
819,267,2,2
819,268,2,2
819,269,2,2
819,270,2,2
819,271,2,2
819,272,2,2
819,273,2,2
819,274,2,2
819,275,2,3
819,276,2,3
819,277,2,3
819,278,2,3
819,279,2,3
819,280,2,3
819,281,2,3
819,282,2,3
819,283,2,3
819,284,2,3
819,285,2,3
819,286,2,3
819,287,2,3
819,288,2,3
819,289,2,3
819,290,2,3
819,291,2,3
819,292,2,3
819,293,2,3
819,294,2,3
819,295,2,3
819,296,2,3
819,297,2,3
819,298,2,3
819,299,2,3
819,300,2,3
819,301,2,3
819,302,2,3
819,303,2,3
819,304,2,3
819,305,2,3
819,306,2,3
819,307,2,3
819,308,2,3
819,309,2,3
819,310,2,3
819,311,2,3
819,312,2,3
819,313,2,3
819,314,2,3
819,315,2,3
819,316,2,3
819,317,2,3
819,318,2,3
819,319,2,3
819,320,2,3
819,321,2,3
819,322,2,3
819,323,2,3
819,324,2,3
819,325,2,3
819,326,2,2
819,327,2,2
819,328,2,2
819,329,2,2
819,330,2,2
819,331,2,2
819,332,2,2
819,333,2,2
819,334,2,2
819,335,2,2
819,336,2,2
819,337,2,2
819,338,2,2
819,339,2,2
819,340,2,2
819,341,2,3
819,342,2,3
819,343,2,3
819,344,2,3
819,345,2,3
819,346,2,3
819,347,2,3
819,348,2,3
819,349,2,3
819,350,2,3
819,351,2,3
819,352,2,3
819,353,2,3
819,354,2,3
819,355,2,3
819,356,2,3
819,357,2,3
819,358,2,3
819,359,2,3
819,360,2,3
819,361,2,3
819,362,2,3
819,363,2,3
819,364,2,3
819,365,2,2
819,366,2,2
819,367,2,2
819,368,2,2
819,369,2,2
819,370,2,2
819,371,2,2
819,372,2,2
819,373,2,2
819,374,2,2
819,375,2,2
819,376,2,2
819,377,2,2
819,378,2,2
819,379,2,2
819,380,2,2
819,381,2,2
819,382,2,2
819,383,2,2
819,384,2,2
819,385,2,2
819,386,2,2
819,387,2,2
819,388,2,2
819,389,2,2
819,390,2,2
819,391,2,2
819,392,2,2
819,393,2,2
819,394,2,2
819,395,2,2
819,396,2,2
819,397,2,2
819,398,2,2
819,399,2,2
819,400,2,2
819,401,2,2
819,402,2,2
819,403,2,2
819,404,2,2
819,405,2,2
819,406,2,2
819,407,2,2
819,408,2,2
819,409,2,2
819,410,2,2
819,411,2,2
819,412,2,2
819,413,2,2
819,414,2,2
819,415,2,2
819,416,2,2
819,417,2,2
819,418,2,2
819,419,2,2
819,420,2,2
819,421,2,2
819,422,2,2
819,423,2,2
819,424,2,2
819,425,2,2
819,426,2,2
819,427,2,2
819,428,2,2
819,429,2,2
819,430,2,2
819,431,2,2
819,432,2,2
819,433,2,2
819,434,2,2
819,435,2,2
819,436,2,2
819,437,2,2
819,438,2,2
819,439,2,2
819,440,2,2
819,441,2,2
819,442,2,2
819,443,2,2
819,444,2,2
819,445,2,2
819,446,2,2
819,447,2,2
819,448,2,2
819,449,2,2
819,450,2,2
819,451,2,2
819,452,2,2
819,453,2,2
819,454,2,2
819,455,2,2
819,456,2,2
819,457,2,2
819,458,2,2
819,459,2,2
819,460,2,2
819,461,2,2
819,462,2,2
819,463,2,2
819,464,2,2
819,465,2,2
819,466,2,2
819,467,2,2
819,468,2,2
819,469,2,2
819,470,2,2
819,471,2,2
819,472,2,2
819,473,2,2
819,474,2,2
819,475,2,2
819,476,2,2
819,477,2,2
819,478,2,2
819,479,2,2
819,480,2,2
819,481,2,2
819,482,2,2
819,483,2,2
819,484,2,2
819,485,2,2
819,486,2,2
819,487,2,2
819,488,2,2
819,489,2,2
819,490,2,2
819,491,2,2
819,492,2,2
819,493,2,2
819,494,2,2
819,495,2,2
819,496,2,2
819,497,2,2
819,498,2,2
819,499,2,2
819,500,2,2
819,501,2,2
819,502,2,2
819,503,2,2
819,504,2,2
819,505,2,2
819,506,2,2
819,507,2,2
819,508,2,2
819,509,2,2
819,510,2,2
819,511,2,2
819,512,2,2
820,44,2,2
820,45,2,2
820,46,2,2
820,47,2,2
820,48,2,2
820,49,2,2
820,50,2,2
820,51,2,2
820,52,2,2
820,53,2,2
820,54,2,2
820,55,2,2
820,56,2,2
820,57,2,2
820,58,2,2
820,59,2,2
820,60,2,2
820,61,2,2
820,62,2,2
820,63,2,2
820,64,2,2
820,65,2,2
820,66,2,2
820,67,2,2
820,68,2,2
820,69,2,2
820,70,2,2
820,71,2,2
820,72,2,2
820,73,2,2
820,74,2,2
820,75,2,2
820,76,2,2
820,77,2,2
820,78,2,2
820,79,2,2
820,80,2,2
820,81,2,2
820,82,2,2
820,83,2,2
820,84,2,2
820,85,2,2
820,86,2,2
820,87,2,2
820,88,2,2
820,89,2,2
820,90,2,2
820,91,2,2
820,92,2,2
820,93,2,2
820,94,2,2
820,95,2,2
820,96,2,2
820,97,2,2
820,98,2,2
820,99,2,2
820,100,2,2
820,101,2,2
820,102,2,2
820,103,2,2
820,104,2,2
820,105,2,2
820,106,2,2
820,107,2,2
820,108,2,2
820,109,2,2
820,110,2,2
820,111,2,2
820,112,2,2
820,113,2,2
820,114,2,2
820,115,2,2
820,116,2,2
820,117,2,2
820,118,2,2
820,119,2,2
820,120,2,2
820,121,2,2
820,122,2,2
820,123,2,2
820,124,2,2
820,125,2,2
820,126,2,2
820,127,2,2
820,128,2,2
820,129,2,2
820,130,2,2
820,131,2,2
820,132,2,2
820,133,2,2
820,134,2,2
820,135,2,2
820,136,2,2
820,137,2,2
820,138,2,2
820,139,2,2
820,140,2,2
820,141,2,2
820,142,2,2
820,143,2,2
820,144,2,2
820,145,2,2
820,146,2,2
820,147,2,2
820,148,2,2
820,149,2,2
820,150,2,2
820,151,2,2
820,152,2,2
820,153,2,2
820,154,2,2
820,155,2,2
820,156,2,2
820,157,2,2
820,158,2,2
820,159,2,2
820,160,2,2
820,161,2,2
820,162,2,2
820,163,2,2
820,164,2,2
820,165,2,2
820,166,2,2
820,167,2,2
820,168,2,2
820,169,2,2
820,170,2,2
820,171,2,2
820,172,2,2
820,173,2,2
820,174,2,2
820,175,2,2
820,176,2,2
820,177,2,2
820,178,2,2
820,179,2,2
820,180,2,2
820,181,2,2
820,182,2,2
820,183,2,2
820,184,2,2
820,185,2,2
820,186,2,2
820,187,2,2
820,188,2,2
820,189,2,2
820,190,2,2
820,191,2,2
820,192,2,2
820,193,2,2
820,194,2,2
820,195,2,2
820,196,2,2
820,197,2,2
820,198,2,2
820,199,2,2
820,200,2,2
820,201,2,2
820,202,2,2
820,203,2,2
820,204,2,2
820,205,2,2
820,206,2,2
820,207,2,2
820,208,2,2
820,209,2,2
820,210,2,2
820,211,2,2
820,212,2,2
820,213,2,2
820,214,2,2
820,215,2,2
820,216,2,2
820,217,2,2
820,218,2,2
820,219,2,2
820,220,2,2
820,221,2,2
820,222,2,2
820,223,2,2
820,224,2,2
820,225,2,2
820,226,2,2
820,227,2,2
820,228,2,2
820,229,2,2
820,230,2,2
820,231,2,2
820,232,2,2
820,233,2,2
820,234,2,2
820,235,2,2
820,236,2,2
820,237,2,2
820,238,2,2
820,239,2,2
820,240,2,2
820,241,2,2
820,242,2,2
820,243,2,2
820,244,2,2
820,245,2,2
820,246,2,2
820,247,2,2
820,248,2,2
820,249,2,2
820,250,2,2
820,251,2,2
820,252,2,2
820,253,2,2
820,254,2,2
820,255,2,2
820,256,2,2
820,257,2,2
820,258,2,2
820,259,2,2
820,260,2,2
820,261,2,2
820,262,2,2
820,263,2,2
820,264,2,2
820,265,2,2
820,266,2,2
820,267,2,2
820,268,2,2
820,269,2,2
820,270,2,2
820,271,2,2
820,272,2,2
820,273,2,2
820,274,2,2
820,275,2,3
820,276,2,3
820,277,2,3
820,278,2,3
820,279,2,3
820,280,2,3
820,281,2,3
820,282,2,3
820,283,2,3
820,284,2,3
820,285,2,3
820,286,2,3
820,287,2,3
820,288,2,3
820,289,2,3
820,290,2,3
820,291,2,3
820,292,2,3
820,293,2,3
820,294,2,3
820,295,2,3
820,296,2,3
820,297,2,3
820,298,2,3
820,299,2,3
820,300,2,3
820,301,2,3
820,302,2,3
820,303,2,3
820,304,2,3
820,305,2,3
820,306,2,3
820,307,2,3
820,308,2,3
820,309,2,3
820,310,2,3
820,311,2,3
820,312,2,3
820,313,2,3
820,314,2,3
820,315,2,3
820,316,2,3
820,317,2,3
820,318,2,3
820,319,2,3
820,320,2,3
820,321,2,3
820,322,2,3
820,323,2,3
820,324,2,3
820,325,2,3
820,326,2,2
820,327,2,2
820,328,2,2
820,329,2,2
820,330,2,2
820,331,2,2
820,332,2,2
820,333,2,2
820,334,2,2
820,335,2,2
820,336,2,2
820,337,2,2
820,338,2,2
820,339,2,2
820,340,2,3
820,341,2,3
820,342,2,3
820,343,2,3
820,344,2,3
820,345,2,3
820,346,2,3
820,347,2,3
820,348,2,3
820,349,2,3
820,350,2,3
820,351,2,3
820,352,2,3
820,353,2,3
820,354,2,3
820,355,2,3
820,356,2,3
820,357,2,3
820,358,2,3
820,359,2,3
820,360,2,3
820,361,2,3
820,362,2,3
820,363,2,3
820,364,2,3
820,365,2,2
820,366,2,2
820,367,2,2
820,368,2,2
820,369,2,2
820,370,2,2
820,371,2,2
820,372,2,2
820,373,2,2
820,374,2,2
820,375,2,2
820,376,2,2
820,377,2,2
820,378,2,2
820,379,2,2
820,380,2,2
820,381,2,2
820,382,2,2
820,383,2,2
820,384,2,2
820,385,2,2
820,386,2,2
820,387,2,2
820,388,2,2
820,389,2,2
820,390,2,2
820,391,2,2
820,392,2,2
820,393,2,2
820,394,2,2
820,395,2,2
820,396,2,2
820,397,2,2
820,398,2,2
820,399,2,2
820,400,2,2
820,401,2,2
820,402,2,2
820,403,2,2
820,404,2,2
820,405,2,2
820,406,2,2
820,407,2,2
820,408,2,2
820,409,2,2
820,410,2,2
820,411,2,2
820,412,2,2
820,413,2,2
820,414,2,2
820,415,2,2
820,416,2,2
820,417,2,2
820,418,2,2
820,419,2,2
820,420,2,2
820,421,2,2
820,422,2,2
820,423,2,2
820,424,2,2
820,425,2,2
820,426,2,2
820,427,2,2
820,428,2,2
820,429,2,2
820,430,2,2
820,431,2,2
820,432,2,2
820,433,2,2
820,434,2,2
820,435,2,2
820,436,2,2
820,437,2,2
820,438,2,2
820,439,2,2
820,440,2,2
820,441,2,2
820,442,2,2
820,443,2,2
820,444,2,2
820,445,2,2
820,446,2,2
820,447,2,2
820,448,2,2
820,449,2,2
820,450,2,2
820,451,2,2
820,452,2,2
820,453,2,2
820,454,2,2
820,455,2,2
820,456,2,2
820,457,2,2
820,458,2,2
820,459,2,2
820,460,2,2
820,461,2,2
820,462,2,2
820,463,2,2
820,464,2,2
820,465,2,2
820,466,2,2
820,467,2,2
820,468,2,2
820,469,2,2
820,470,2,2
820,471,2,2
820,472,2,2
820,473,2,2
820,474,2,2
820,475,2,2
820,476,2,2
820,477,2,2
820,478,2,2
820,479,2,2
820,480,2,2
820,481,2,2
820,482,2,2
820,483,2,2
820,484,2,2
820,485,2,2
820,486,2,2
820,487,2,2
820,488,2,2
820,489,2,2
820,490,2,2
820,491,2,2
820,492,2,2
820,493,2,2
820,494,2,2
820,495,2,2
820,496,2,2
820,497,2,2
820,498,2,2
820,499,2,2
820,500,2,2
820,501,2,2
820,502,2,2
820,503,2,2
820,504,2,2
820,505,2,2
820,506,2,2
820,507,2,2
820,508,2,2
820,509,2,2
820,510,2,2
820,511,2,2
820,512,2,2
820,513,2,2
820,514,2,2
821,45,2,2
821,46,2,2
821,47,2,2
821,48,2,2
821,49,2,2
821,50,2,2
821,51,2,2
821,52,2,2
821,53,2,2
821,54,2,2
821,55,2,2
821,56,2,2
821,57,2,2
821,58,2,2
821,59,2,2
821,60,2,2
821,61,2,2
821,62,2,2
821,63,2,2
821,64,2,2
821,65,2,2
821,66,2,2
821,67,2,2
821,68,2,2
821,69,2,2
821,70,2,2
821,71,2,2
821,72,2,2
821,73,2,2
821,74,2,2
821,75,2,2
821,76,2,2
821,77,2,2
821,78,2,2
821,79,2,2
821,80,2,2
821,81,2,2
821,82,2,2
821,83,2,2
821,84,2,2
821,85,2,2
821,86,2,2
821,87,2,2
821,88,2,2
821,89,2,2
821,90,2,2
821,91,2,2
821,92,2,2
821,93,2,2
821,94,2,2
821,95,2,2
821,96,2,2
821,97,2,2
821,98,2,2
821,99,2,2
821,100,2,2
821,101,2,2
821,102,2,2
821,103,2,2
821,104,2,2
821,105,2,2
821,106,2,2
821,107,2,2
821,108,2,2
821,109,2,2
821,110,2,2
821,111,2,2
821,112,2,2
821,113,2,2
821,114,2,2
821,115,2,2
821,116,2,2
821,117,2,2
821,118,2,2
821,119,2,2
821,120,2,2
821,121,2,2
821,122,2,2
821,123,2,2
821,124,2,2
821,125,2,2
821,126,2,2
821,127,2,2
821,128,2,2
821,129,2,2
821,130,2,2
821,131,2,2
821,132,2,2
821,133,2,2
821,134,2,2
821,135,2,2
821,136,2,2
821,137,2,2
821,138,2,2
821,139,2,2
821,140,2,2
821,141,2,2
821,142,2,2
821,143,2,2
821,144,2,2
821,145,2,2
821,146,2,2
821,147,2,2
821,148,2,2
821,149,2,2
821,150,2,2
821,151,2,2
821,152,2,2
821,153,2,2
821,154,2,2
821,155,2,2
821,156,2,2
821,157,2,2
821,158,2,2
821,159,2,2
821,160,2,2
821,161,2,2
821,162,2,2
821,163,2,2
821,164,2,2
821,165,2,2
821,166,2,2
821,167,2,2
821,168,2,2
821,169,2,2
821,170,2,2
821,171,2,2
821,172,2,2
821,173,2,2
821,174,2,2
821,175,2,2
821,176,2,2
821,177,2,2
821,178,2,2
821,179,2,2
821,180,2,2
821,181,2,2
821,182,2,2
821,183,2,2
821,184,2,2
821,185,2,2
821,186,2,2
821,187,2,2
821,188,2,2
821,189,2,2
821,190,2,2
821,191,2,2
821,192,2,2
821,193,2,2
821,194,2,2
821,195,2,2
821,196,2,2
821,197,2,2
821,198,2,2
821,199,2,2
821,200,2,2
821,201,2,2
821,202,2,2
821,203,2,2
821,204,2,2
821,205,2,2
821,206,2,2
821,207,2,2
821,208,2,2
821,209,2,2
821,210,2,2
821,211,2,2
821,212,2,2
821,213,2,2
821,214,2,2
821,215,2,2
821,216,2,2
821,217,2,2
821,218,2,2
821,219,2,2
821,220,2,2
821,221,2,2
821,222,2,2
821,223,2,2
821,224,2,2
821,225,2,2
821,226,2,2
821,227,2,2
821,228,2,2
821,229,2,2
821,230,2,2
821,231,2,2
821,232,2,2
821,233,2,2
821,234,2,2
821,235,2,2
821,236,2,2
821,237,2,2
821,238,2,2
821,239,2,2
821,240,2,2
821,241,2,2
821,242,2,2
821,243,2,2
821,244,2,2
821,245,2,2
821,246,2,2
821,247,2,2
821,248,2,2
821,249,2,2
821,250,2,2
821,251,2,2
821,252,2,2
821,253,2,2
821,254,2,2
821,255,2,2
821,256,2,2
821,257,2,2
821,258,2,2
821,259,2,2
821,260,2,2
821,261,2,2
821,262,2,2
821,263,2,2
821,264,2,2
821,265,2,2
821,266,2,2
821,267,2,2
821,268,2,2
821,269,2,2
821,270,2,2
821,271,2,2
821,272,2,2
821,273,2,2
821,274,2,2
821,275,2,3
821,276,2,3
821,277,2,3
821,278,2,3
821,279,2,3
821,280,2,3
821,281,2,3
821,282,2,3
821,283,2,3
821,284,2,3
821,285,2,3
821,286,2,3
821,287,2,3
821,288,2,3
821,289,2,3
821,290,2,3
821,291,2,3
821,292,2,3
821,293,2,3
821,294,2,3
821,295,2,3
821,296,2,3
821,297,2,3
821,298,2,3
821,299,2,3
821,300,2,3
821,301,2,3
821,302,2,3
821,303,2,3
821,304,2,3
821,305,2,3
821,306,2,3
821,307,2,3
821,308,2,3
821,309,2,3
821,310,2,3
821,311,2,3
821,312,2,3
821,313,2,3
821,314,2,3
821,315,2,3
821,316,2,3
821,317,2,3
821,318,2,3
821,319,2,3
821,320,2,3
821,321,2,3
821,322,2,3
821,323,2,3
821,324,2,3
821,325,2,2
821,326,2,2
821,327,2,2
821,328,2,2
821,329,2,2
821,330,2,2
821,331,2,2
821,332,2,2
821,333,2,2
821,334,2,2
821,335,2,2
821,336,2,2
821,337,2,2
821,338,2,2
821,339,2,3
821,340,2,3
821,341,2,3
821,342,2,3
821,343,2,3
821,344,2,3
821,345,2,3
821,346,2,3
821,347,2,3
821,348,2,3
821,349,2,3
821,350,2,3
821,351,2,3
821,352,2,3
821,353,2,3
821,354,2,3
821,355,2,3
821,356,2,3
821,357,2,3
821,358,2,3
821,359,2,3
821,360,2,3
821,361,2,3
821,362,2,3
821,363,2,3
821,364,2,2
821,365,2,2
821,366,2,2
821,367,2,2
821,368,2,2
821,369,2,2
821,370,2,2
821,371,2,2
821,372,2,2
821,373,2,2
821,374,2,2
821,375,2,2
821,376,2,2
821,377,2,2
821,378,2,2
821,379,2,2
821,380,2,2
821,381,2,2
821,382,2,2
821,383,2,2
821,384,2,2
821,385,2,2
821,386,2,2
821,387,2,2
821,388,2,2
821,389,2,2
821,390,2,2
821,391,2,2
821,392,2,2
821,393,2,2
821,394,2,2
821,395,2,2
821,396,2,2
821,397,2,2
821,398,2,2
821,399,2,2
821,400,2,2
821,401,2,2
821,402,2,2
821,403,2,2
821,404,2,2
821,405,2,2
821,406,2,2
821,407,2,2
821,408,2,2
821,409,2,2
821,410,2,2
821,411,2,2
821,412,2,2
821,413,2,2
821,414,2,2
821,415,2,2
821,416,2,2
821,417,2,2
821,418,2,2
821,419,2,2
821,420,2,2
821,421,2,2
821,422,2,2
821,423,2,2
821,424,2,2
821,425,2,2
821,426,2,2
821,427,2,2
821,428,2,2
821,429,2,2
821,430,2,2
821,431,2,2
821,432,2,2
821,433,2,2
821,434,2,2
821,435,2,2
821,436,2,2
821,437,2,2
821,438,2,2
821,439,2,2
821,440,2,2
821,441,2,2
821,442,2,2
821,443,2,2
821,444,2,2
821,445,2,2
821,446,2,2
821,447,2,2
821,448,2,2
821,449,2,2
821,450,2,2
821,451,2,2
821,452,2,2
821,453,2,2
821,454,2,2
821,455,2,2
821,456,2,2
821,457,2,2
821,458,2,2
821,459,2,2
821,460,2,2
821,461,2,2
821,462,2,2
821,463,2,2
821,464,2,2
821,465,2,2
821,466,2,2
821,467,2,2
821,468,2,2
821,469,2,2
821,470,2,2
821,471,2,2
821,472,2,2
821,473,2,2
821,474,2,2
821,475,2,2
821,476,2,2
821,477,2,2
821,478,2,2
821,479,2,2
821,480,2,2
821,481,2,2
821,482,2,2
821,483,2,2
821,484,2,2
821,485,2,2
821,486,2,2
821,487,2,2
821,488,2,2
821,489,2,2
821,490,2,2
821,491,2,2
821,492,2,2
821,493,2,2
821,494,2,2
821,495,2,2
821,496,2,2
821,497,2,2
821,498,2,2
821,499,2,2
821,500,2,2
821,501,2,2
821,502,2,2
821,503,2,2
821,504,2,2
821,505,2,2
821,506,2,2
821,507,2,2
821,508,2,2
821,509,2,2
821,510,2,2
821,511,2,2
821,512,2,2
821,513,2,2
821,514,2,2
821,515,2,2
821,516,2,2
822,45,2,2
822,46,2,2
822,47,2,2
822,48,2,2
822,49,2,2
822,50,2,2
822,51,2,2
822,52,2,2
822,53,2,2
822,54,2,2
822,55,2,2
822,56,2,2
822,57,2,2
822,58,2,2
822,59,2,2
822,60,2,2
822,61,2,2
822,62,2,2
822,63,2,2
822,64,2,2
822,65,2,2
822,66,2,2
822,67,2,2
822,68,2,2
822,69,2,2
822,70,2,2
822,71,2,2
822,72,2,2
822,73,2,2
822,74,2,2
822,75,2,2
822,76,2,2
822,77,2,2
822,78,2,2
822,79,2,2
822,80,2,2
822,81,2,2
822,82,2,2
822,83,2,2
822,84,2,2
822,85,2,2
822,86,2,2
822,87,2,2
822,88,2,2
822,89,2,2
822,90,2,2
822,91,2,2
822,92,2,2
822,93,2,2
822,94,2,2
822,95,2,2
822,96,2,2
822,97,2,2
822,98,2,2
822,99,2,2
822,100,2,2
822,101,2,2
822,102,2,2
822,103,2,2
822,104,2,2
822,105,2,2
822,106,2,2
822,107,2,2
822,108,2,2
822,109,2,2
822,110,2,2
822,111,2,2
822,112,2,2
822,113,2,2
822,114,2,2
822,115,2,2
822,116,2,2
822,117,2,2
822,118,2,2
822,119,2,2
822,120,2,2
822,121,2,2
822,122,2,2
822,123,2,2
822,124,2,2
822,125,2,2
822,126,2,2
822,127,2,2
822,128,2,2
822,129,2,2
822,130,2,2
822,131,2,2
822,132,2,2
822,133,2,2
822,134,2,2
822,135,2,2
822,136,2,2
822,137,2,2
822,138,2,2
822,139,2,2
822,140,2,2
822,141,2,2
822,142,2,2
822,143,2,2
822,144,2,2
822,145,2,2
822,146,2,2
822,147,2,2
822,148,2,2
822,149,2,2
822,150,2,2
822,151,2,2
822,152,2,2
822,153,2,2
822,154,2,2
822,155,2,2
822,156,2,2
822,157,2,2
822,158,2,2
822,159,2,2
822,160,2,2
822,161,2,2
822,162,2,2
822,163,2,2
822,164,2,2
822,165,2,2
822,166,2,2
822,167,2,2
822,168,2,2
822,169,2,2
822,170,2,2
822,171,2,2
822,172,2,2
822,173,2,2
822,174,2,2
822,175,2,2
822,176,2,2
822,177,2,2
822,178,2,2
822,179,2,2
822,180,2,2
822,181,2,2
822,182,2,2
822,183,2,2
822,184,2,2
822,185,2,2
822,186,2,2
822,187,2,2
822,188,2,2
822,189,2,2
822,190,2,2
822,191,2,2
822,192,2,2
822,193,2,2
822,194,2,2
822,195,2,2
822,196,2,2
822,197,2,2
822,198,2,2
822,199,2,2
822,200,2,2
822,201,2,2
822,202,2,2
822,203,2,2
822,204,2,2
822,205,2,2
822,206,2,2
822,207,2,2
822,208,2,2
822,209,2,2
822,210,2,2
822,211,2,2
822,212,2,2
822,213,2,2
822,214,2,2
822,215,2,2
822,216,2,2
822,217,2,2
822,218,2,2
822,219,2,2
822,220,2,2
822,221,2,2
822,222,2,2
822,223,2,2
822,224,2,2
822,225,2,2
822,226,2,2
822,227,2,2
822,228,2,2
822,229,2,2
822,230,2,2
822,231,2,2
822,232,2,2
822,233,2,2
822,234,2,2
822,235,2,2
822,236,2,2
822,237,2,2
822,238,2,2
822,239,2,2
822,240,2,2
822,241,2,2
822,242,2,2
822,243,2,2
822,244,2,2
822,245,2,2
822,246,2,2
822,247,2,2
822,248,2,2
822,249,2,2
822,250,2,2
822,251,2,2
822,252,2,2
822,253,2,2
822,254,2,2
822,255,2,2
822,256,2,2
822,257,2,2
822,258,2,2
822,259,2,2
822,260,2,2
822,261,2,2
822,262,2,2
822,263,2,2
822,264,2,2
822,265,2,2
822,266,2,2
822,267,2,2
822,268,2,2
822,269,2,2
822,270,2,2
822,271,2,2
822,272,2,2
822,273,2,2
822,274,2,2
822,275,2,3
822,276,2,3
822,277,2,3
822,278,2,3
822,279,2,3
822,280,2,3
822,281,2,3
822,282,2,3
822,283,2,3
822,284,2,3
822,285,2,3
822,286,2,3
822,287,2,3
822,288,2,3
822,289,2,3
822,290,2,3
822,291,2,3
822,292,2,3
822,293,2,3
822,294,2,3
822,295,2,3
822,296,2,3
822,297,2,3
822,298,2,3
822,299,2,3
822,300,2,3
822,301,2,3
822,302,2,3
822,303,2,3
822,304,2,3
822,305,2,3
822,306,2,3
822,307,2,3
822,308,2,3
822,309,2,3
822,310,2,3
822,311,2,3
822,312,2,3
822,313,2,3
822,314,2,3
822,315,2,3
822,316,2,3
822,317,2,3
822,318,2,3
822,319,2,3
822,320,2,3
822,321,2,3
822,322,2,3
822,323,2,3
822,324,2,3
822,325,2,2
822,326,2,2
822,327,2,2
822,328,2,2
822,329,2,2
822,330,2,2
822,331,2,2
822,332,2,2
822,333,2,2
822,334,2,2
822,335,2,2
822,336,2,2
822,337,2,3
822,338,2,3
822,339,2,3
822,340,2,3
822,341,2,3
822,342,2,3
822,343,2,3
822,344,2,3
822,345,2,3
822,346,2,3
822,347,2,3
822,348,2,3
822,349,2,3
822,350,2,3
822,351,2,3
822,352,2,3
822,353,2,3
822,354,2,3
822,355,2,3
822,356,2,3
822,357,2,3
822,358,2,3
822,359,2,3
822,360,2,3
822,361,2,3
822,362,2,3
822,363,2,3
822,364,2,2
822,365,2,2
822,366,2,2
822,367,2,2
822,368,2,2
822,369,2,2
822,370,2,2
822,371,2,2
822,372,2,2
822,373,2,2
822,374,2,2
822,375,2,2
822,376,2,2
822,377,2,2
822,378,2,2
822,379,2,2
822,380,2,2
822,381,2,2
822,382,2,2
822,383,2,2
822,384,2,2
822,385,2,2
822,386,2,2
822,387,2,2
822,388,2,2
822,389,2,2
822,390,2,2
822,391,2,2
822,392,2,2
822,393,2,2
822,394,2,2
822,395,2,2
822,396,2,2
822,397,2,2
822,398,2,2
822,399,2,2
822,400,2,2
822,401,2,2
822,402,2,2
822,403,2,2
822,404,2,2
822,405,2,2
822,406,2,2
822,407,2,2
822,408,2,2
822,409,2,2
822,410,2,2
822,411,2,2
822,412,2,2
822,413,2,2
822,414,2,2
822,415,2,2
822,416,2,2
822,417,2,2
822,418,2,2
822,419,2,2
822,420,2,2
822,421,2,2
822,422,2,2
822,423,2,2
822,424,2,2
822,425,2,2
822,426,2,2
822,427,2,2
822,428,2,2
822,429,2,2
822,430,2,2
822,431,2,2
822,432,2,2
822,433,2,2
822,434,2,2
822,435,2,2
822,436,2,2
822,437,2,2
822,438,2,2
822,439,2,2
822,440,2,2
822,441,2,2
822,442,2,2
822,443,2,2
822,444,2,2
822,445,2,2
822,446,2,2
822,447,2,2
822,448,2,2
822,449,2,2
822,450,2,2
822,451,2,2
822,452,2,2
822,453,2,2
822,454,2,2
822,455,2,2
822,456,2,2
822,457,2,2
822,458,2,2
822,459,2,2
822,460,2,2
822,461,2,2
822,462,2,2
822,463,2,2
822,464,2,2
822,465,2,2
822,466,2,2
822,467,2,2
822,468,2,2
822,469,2,2
822,470,2,2
822,471,2,2
822,472,2,2
822,473,2,2
822,474,2,2
822,475,2,2
822,476,2,2
822,477,2,2
822,478,2,2
822,479,2,2
822,480,2,2
822,481,2,2
822,482,2,2
822,483,2,2
822,484,2,2
822,485,2,2
822,486,2,2
822,487,2,2
822,488,2,2
822,489,2,2
822,490,2,2
822,491,2,2
822,492,2,2
822,493,2,2
822,494,2,2
822,495,2,2
822,496,2,2
822,497,2,2
822,498,2,2
822,499,2,2
822,500,2,2
822,501,2,2
822,502,2,2
822,503,2,2
822,504,2,2
822,505,2,2
822,506,2,2
822,507,2,2
822,508,2,2
822,509,2,2
822,510,2,2
822,511,2,2
822,512,2,2
822,513,2,2
822,514,2,2
822,515,2,2
822,516,2,2
822,517,2,2
823,45,2,2
823,46,2,2
823,47,2,2
823,48,2,2
823,49,2,2
823,50,2,2
823,51,2,2
823,52,2,2
823,53,2,2
823,54,2,2
823,55,2,2
823,56,2,2
823,57,2,2
823,58,2,2
823,59,2,2
823,60,2,2
823,61,2,2
823,62,2,2
823,63,2,2
823,64,2,2
823,65,2,2
823,66,2,2
823,67,2,2
823,68,2,2
823,69,2,2
823,70,2,2
823,71,2,2
823,72,2,2
823,73,2,2
823,74,2,2
823,75,2,2
823,76,2,2
823,77,2,2
823,78,2,2
823,79,2,2
823,80,2,2
823,81,2,2
823,82,2,2
823,83,2,2
823,84,2,2
823,85,2,2
823,86,2,2
823,87,2,2
823,88,2,2
823,89,2,2
823,90,2,2
823,91,2,2
823,92,2,2
823,93,2,2
823,94,2,2
823,95,2,2
823,96,2,2
823,97,2,2
823,98,2,2
823,99,2,2
823,100,2,2
823,101,2,2
823,102,2,2
823,103,2,2
823,104,2,2
823,105,2,2
823,106,2,2
823,107,2,2
823,108,2,2
823,109,2,2
823,110,2,2
823,111,2,2
823,112,2,2
823,113,2,2
823,114,2,2
823,115,2,2
823,116,2,2
823,117,2,2
823,118,2,2
823,119,2,2
823,120,2,2
823,121,2,2
823,122,2,2
823,123,2,2
823,124,2,2
823,125,2,2
823,126,2,2
823,127,2,2
823,128,2,2
823,129,2,2
823,130,2,2
823,131,2,2
823,132,2,2
823,133,2,2
823,134,2,2
823,135,2,2
823,136,2,2
823,137,2,2
823,138,2,2
823,139,2,2
823,140,2,2
823,141,2,2
823,142,2,2
823,143,2,2
823,144,2,2
823,145,2,2
823,146,2,2
823,147,2,2
823,148,2,2
823,149,2,2
823,150,2,2
823,151,2,2
823,152,2,2
823,153,2,2
823,154,2,2
823,155,2,2
823,156,2,2
823,157,2,2
823,158,2,2
823,159,2,2
823,160,2,2
823,161,2,2
823,162,2,2
823,163,2,2
823,164,2,2
823,165,2,2
823,166,2,2
823,167,2,2
823,168,2,2
823,169,2,2
823,170,2,2
823,171,2,2
823,172,2,2
823,173,2,2
823,174,2,2
823,175,2,2
823,176,2,2
823,177,2,2
823,178,2,2
823,179,2,2
823,180,2,2
823,181,2,2
823,182,2,2
823,183,2,2
823,184,2,2
823,185,2,2
823,186,2,2
823,187,2,2
823,188,2,2
823,189,2,2
823,190,2,2
823,191,2,2
823,192,2,2
823,193,2,2
823,194,2,2
823,195,2,2
823,196,2,2
823,197,2,2
823,198,2,2
823,199,2,2
823,200,2,2
823,201,2,2
823,202,2,2
823,203,2,2
823,204,2,2
823,205,2,2
823,206,2,2
823,207,2,2
823,208,2,2
823,209,2,2
823,210,2,2
823,211,2,2
823,212,2,2
823,213,2,2
823,214,2,2
823,215,2,2
823,216,2,2
823,217,2,2
823,218,2,2
823,219,2,2
823,220,2,2
823,221,2,2
823,222,2,2
823,223,2,2
823,224,2,2
823,225,2,2
823,226,2,2
823,227,2,2
823,228,2,2
823,229,2,2
823,230,2,2
823,231,2,2
823,232,2,2
823,233,2,2
823,234,2,2
823,235,2,2
823,236,2,2
823,237,2,2
823,238,2,2
823,239,2,2
823,240,2,2
823,241,2,2
823,242,2,2
823,243,2,2
823,244,2,2
823,245,2,2
823,246,2,2
823,247,2,2
823,248,2,2
823,249,2,2
823,250,2,2
823,251,2,2
823,252,2,2
823,253,2,2
823,254,2,2
823,255,2,2
823,256,2,2
823,257,2,2
823,258,2,2
823,259,2,2
823,260,2,2
823,261,2,2
823,262,2,2
823,263,2,2
823,264,2,2
823,265,2,2
823,266,2,2
823,267,2,2
823,268,2,2
823,269,2,2
823,270,2,2
823,271,2,2
823,272,2,2
823,273,2,2
823,274,2,2
823,275,2,3
823,276,2,3
823,277,2,3
823,278,2,3
823,279,2,3
823,280,2,3
823,281,2,3
823,282,2,3
823,283,2,3
823,284,2,3
823,285,2,3
823,286,2,3
823,287,2,3
823,288,2,3
823,289,2,3
823,290,2,3
823,291,2,3
823,292,2,3
823,293,2,3
823,294,2,3
823,295,2,3
823,296,2,3
823,297,2,3
823,298,2,3
823,299,2,3
823,300,2,3
823,301,2,3
823,302,2,3
823,303,2,3
823,304,2,3
823,305,2,3
823,306,2,3
823,307,2,3
823,308,2,3
823,309,2,3
823,310,2,3
823,311,2,3
823,312,2,3
823,313,2,3
823,314,2,3
823,315,2,3
823,316,2,3
823,317,2,3
823,318,2,3
823,319,2,3
823,320,2,3
823,321,2,3
823,322,2,3
823,323,2,3
823,324,2,3
823,325,2,2
823,326,2,2
823,327,2,2
823,328,2,2
823,329,2,2
823,330,2,2
823,331,2,2
823,332,2,2
823,333,2,2
823,334,2,2
823,335,2,2
823,336,2,2
823,337,2,3
823,338,2,3
823,339,2,3
823,340,2,3
823,341,2,3
823,342,2,3
823,343,2,3
823,344,2,3
823,345,2,3
823,346,2,3
823,347,2,3
823,348,2,3
823,349,2,3
823,350,2,3
823,351,2,3
823,352,2,3
823,353,2,3
823,354,2,3
823,355,2,3
823,356,2,3
823,357,2,3
823,358,2,3
823,359,2,3
823,360,2,3
823,361,2,3
823,362,2,3
823,363,2,2
823,364,2,2
823,365,2,2
823,366,2,2
823,367,2,2
823,368,2,2
823,369,2,2
823,370,2,2
823,371,2,2
823,372,2,2
823,373,2,2
823,374,2,2
823,375,2,2
823,376,2,2
823,377,2,2
823,378,2,2
823,379,2,2
823,380,2,2
823,381,2,2
823,382,2,2
823,383,2,2
823,384,2,2
823,385,2,2
823,386,2,2
823,387,2,2
823,388,2,2
823,389,2,2
823,390,2,2
823,391,2,2
823,392,2,2
823,393,2,2
823,394,2,2
823,395,2,2
823,396,2,2
823,397,2,2
823,398,2,2
823,399,2,2
823,400,2,2
823,401,2,2
823,402,2,2
823,403,2,2
823,404,2,2
823,405,2,2
823,406,2,2
823,407,2,2
823,408,2,2
823,409,2,2
823,410,2,2
823,411,2,2
823,412,2,2
823,413,2,2
823,414,2,2
823,415,2,2
823,416,2,2
823,417,2,2
823,418,2,2
823,419,2,2
823,420,2,2
823,421,2,2
823,422,2,2
823,423,2,2
823,424,2,2
823,425,2,2
823,426,2,2
823,427,2,2
823,428,2,2
823,429,2,2
823,430,2,2
823,431,2,2
823,432,2,2
823,433,2,2
823,434,2,2
823,435,2,2
823,436,2,2
823,437,2,2
823,438,2,2
823,439,2,2
823,440,2,2
823,441,2,2
823,442,2,2
823,443,2,2
823,444,2,2
823,445,2,2
823,446,2,2
823,447,2,2
823,448,2,2
823,449,2,2
823,450,2,2
823,451,2,2
823,452,2,2
823,453,2,2
823,454,2,2
823,455,2,2
823,456,2,2
823,457,2,2
823,458,2,2
823,459,2,2
823,460,2,2
823,461,2,2
823,462,2,2
823,463,2,2
823,464,2,2
823,465,2,2
823,466,2,2
823,467,2,2
823,468,2,2
823,469,2,2
823,470,2,2
823,471,2,2
823,472,2,2
823,473,2,2
823,474,2,2
823,475,2,2
823,476,2,2
823,477,2,2
823,478,2,2
823,479,2,2
823,480,2,2
823,481,2,2
823,482,2,2
823,483,2,2
823,484,2,2
823,485,2,2
823,486,2,2
823,487,2,2
823,488,2,2
823,489,2,2
823,490,2,2
823,491,2,2
823,492,2,2
823,493,2,2
823,494,2,2
823,495,2,2
823,496,2,2
823,497,2,2
823,498,2,2
823,499,2,2
823,500,2,2
823,501,2,2
823,502,2,2
823,503,2,2
823,504,2,2
823,505,2,2
823,506,2,2
823,507,2,2
823,508,2,2
823,509,2,2
823,510,2,2
823,511,2,2
823,512,2,2
823,513,2,2
823,514,2,2
823,515,2,2
823,516,2,2
823,517,2,2
823,518,2,2
823,519,2,2
824,45,2,2
824,46,2,2
824,47,2,2
824,48,2,2
824,49,2,2
824,50,2,2
824,51,2,2
824,52,2,2
824,53,2,2
824,54,2,2
824,55,2,2
824,56,2,2
824,57,2,2
824,58,2,2
824,59,2,2
824,60,2,2
824,61,2,2
824,62,2,2
824,63,2,2
824,64,2,2
824,65,2,2
824,66,2,2
824,67,2,2
824,68,2,2
824,69,2,2
824,70,2,2
824,71,2,2
824,72,2,2
824,73,2,2
824,74,2,2
824,75,2,2
824,76,2,2
824,77,2,2
824,78,2,2
824,79,2,2
824,80,2,2
824,81,2,2
824,82,2,2
824,83,2,2
824,84,2,2
824,85,2,2
824,86,2,2
824,87,2,2
824,88,2,2
824,89,2,2
824,90,2,2
824,91,2,2
824,92,2,2
824,93,2,2
824,94,2,2
824,95,2,2
824,96,2,2
824,97,2,2
824,98,2,2
824,99,2,2
824,100,2,2
824,101,2,2
824,102,2,2
824,103,2,2
824,104,2,2
824,105,2,2
824,106,2,2
824,107,2,2
824,108,2,2
824,109,2,2
824,110,2,2
824,111,2,2
824,112,2,2
824,113,2,2
824,114,2,2
824,115,2,2
824,116,2,2
824,117,2,2
824,118,2,2
824,119,2,2
824,120,2,2
824,121,2,2
824,122,2,2
824,123,2,2
824,124,2,2
824,125,2,2
824,126,2,2
824,127,2,2
824,128,2,2
824,129,2,2
824,130,2,2
824,131,2,2
824,132,2,2
824,133,2,2
824,134,2,2
824,135,2,2
824,136,2,2
824,137,2,2
824,138,2,2
824,139,2,2
824,140,2,2
824,141,2,2
824,142,2,2
824,143,2,2
824,144,2,2
824,145,2,2
824,146,2,2
824,147,2,2
824,148,2,2
824,149,2,2
824,150,2,2
824,151,2,2
824,152,2,2
824,153,2,2
824,154,2,2
824,155,2,2
824,156,2,2
824,157,2,2
824,158,2,2
824,159,2,2
824,160,2,2
824,161,2,2
824,162,2,2
824,163,2,2
824,164,2,2
824,165,2,2
824,166,2,2
824,167,2,2
824,168,2,2
824,169,2,2
824,170,2,2
824,171,2,2
824,172,2,2
824,173,2,2
824,174,2,2
824,175,2,2
824,176,2,2
824,177,2,2
824,178,2,2
824,179,2,2
824,180,2,2
824,181,2,2
824,182,2,2
824,183,2,2
824,184,2,2
824,185,2,2
824,186,2,2
824,187,2,2
824,188,2,2
824,189,2,2
824,190,2,2
824,191,2,2
824,192,2,2
824,193,2,2
824,194,2,2
824,195,2,2
824,196,2,2
824,197,2,2
824,198,2,2
824,199,2,2
824,200,2,2
824,201,2,2
824,202,2,2
824,203,2,2
824,204,2,2
824,205,2,2
824,206,2,2
824,207,2,2
824,208,2,2
824,209,2,2
824,210,2,2
824,211,2,2
824,212,2,2
824,213,2,2
824,214,2,2
824,215,2,2
824,216,2,2
824,217,2,2
824,218,2,2
824,219,2,2
824,220,2,2
824,221,2,2
824,222,2,2
824,223,2,2
824,224,2,2
824,225,2,2
824,226,2,2
824,227,2,2
824,228,2,2
824,229,2,2
824,230,2,2
824,231,2,2
824,232,2,2
824,233,2,2
824,234,2,2
824,235,2,2
824,236,2,2
824,237,2,2
824,238,2,2
824,239,2,2
824,240,2,2
824,241,2,2
824,242,2,2
824,243,2,2
824,244,2,2
824,245,2,2
824,246,2,2
824,247,2,2
824,248,2,2
824,249,2,2
824,250,2,2
824,251,2,2
824,252,2,2
824,253,2,2
824,254,2,2
824,255,2,2
824,256,2,2
824,257,2,2
824,258,2,2
824,259,2,2
824,260,2,2
824,261,2,2
824,262,2,2
824,263,2,2
824,264,2,2
824,265,2,2
824,266,2,2
824,267,2,2
824,268,2,2
824,269,2,2
824,270,2,2
824,271,2,2
824,272,2,2
824,273,2,2
824,274,2,2
824,275,2,3
824,276,2,3
824,277,2,3
824,278,2,3
824,279,2,3
824,280,2,3
824,281,2,3
824,282,2,3
824,283,2,3
824,284,2,3
824,285,2,3
824,286,2,3
824,287,2,3
824,288,2,3
824,289,2,3
824,290,2,3
824,291,2,3
824,292,2,3
824,293,2,3
824,294,2,3
824,295,2,3
824,296,2,3
824,297,2,3
824,298,2,3
824,299,2,3
824,300,2,3
824,301,2,3
824,302,2,3
824,303,2,3
824,304,2,3
824,305,2,3
824,306,2,3
824,307,2,3
824,308,2,3
824,309,2,3
824,310,2,3
824,311,2,3
824,312,2,3
824,313,2,3
824,314,2,3
824,315,2,3
824,316,2,3
824,317,2,3
824,318,2,3
824,319,2,3
824,320,2,3
824,321,2,3
824,322,2,3
824,323,2,3
824,324,2,3
824,325,2,2
824,326,2,2
824,327,2,2
824,328,2,2
824,329,2,2
824,330,2,2
824,331,2,2
824,332,2,2
824,333,2,2
824,334,2,2
824,335,2,3
824,336,2,3
824,337,2,3
824,338,2,3
824,339,2,3
824,340,2,3
824,341,2,3
824,342,2,3
824,343,2,3
824,344,2,3
824,345,2,3
824,346,2,3
824,347,2,3
824,348,2,3
824,349,2,3
824,350,2,3
824,351,2,3
824,352,2,3
824,353,2,3
824,354,2,3
824,355,2,3
824,356,2,3
824,357,2,3
824,358,2,3
824,359,2,3
824,360,2,3
824,361,2,3
824,362,2,2
824,363,2,2
824,364,2,2
824,365,2,2
824,366,2,2
824,367,2,2
824,368,2,2
824,369,2,2
824,370,2,2
824,371,2,2
824,372,2,2
824,373,2,2
824,374,2,2
824,375,2,2
824,376,2,2
824,377,2,2
824,378,2,2
824,379,2,2
824,380,2,2
824,381,2,2
824,382,2,2
824,383,2,2
824,384,2,2
824,385,2,2
824,386,2,2
824,387,2,2
824,388,2,2
824,389,2,2
824,390,2,2
824,391,2,2
824,392,2,2
824,393,2,2
824,394,2,2
824,395,2,2
824,396,2,2
824,397,2,2
824,398,2,2
824,399,2,2
824,400,2,2
824,401,2,2
824,402,2,2
824,403,2,2
824,404,2,2
824,405,2,2
824,406,2,2
824,407,2,2
824,408,2,2
824,409,2,2
824,410,2,2
824,411,2,2
824,412,2,2
824,413,2,2
824,414,2,2
824,415,2,2
824,416,2,2
824,417,2,2
824,418,2,2
824,419,2,2
824,420,2,2
824,421,2,2
824,422,2,2
824,423,2,2
824,424,2,2
824,425,2,2
824,426,2,2
824,427,2,2
824,428,2,2
824,429,2,2
824,430,2,2
824,431,2,2
824,432,2,2
824,433,2,2
824,434,2,2
824,435,2,2
824,436,2,2
824,437,2,2
824,438,2,2
824,439,2,2
824,440,2,2
824,441,2,2
824,442,2,2
824,443,2,2
824,444,2,2
824,445,2,2
824,446,2,2
824,447,2,2
824,448,2,2
824,449,2,2
824,450,2,2
824,451,2,2
824,452,2,2
824,453,2,2
824,454,2,2
824,455,2,2
824,456,2,2
824,457,2,2
824,458,2,2
824,459,2,2
824,460,2,2
824,461,2,2
824,462,2,2
824,463,2,2
824,464,2,2
824,465,2,2
824,466,2,2
824,467,2,2
824,468,2,2
824,469,2,2
824,470,2,2
824,471,2,2
824,472,2,2
824,473,2,2
824,474,2,2
824,475,2,2
824,476,2,2
824,477,2,2
824,478,2,2
824,479,2,2
824,480,2,2
824,481,2,2
824,482,2,2
824,483,2,2
824,484,2,2
824,485,2,2
824,486,2,2
824,487,2,2
824,488,2,2
824,489,2,2
824,490,2,2
824,491,2,2
824,492,2,2
824,493,2,2
824,494,2,2
824,495,2,2
824,496,2,2
824,497,2,2
824,498,2,2
824,499,2,2
824,500,2,2
824,501,2,2
824,502,2,2
824,503,2,2
824,504,2,2
824,505,2,2
824,506,2,2
824,507,2,2
824,508,2,2
824,509,2,2
824,510,2,2
824,511,2,2
824,512,2,2
824,513,2,2
824,514,2,2
824,515,2,2
824,516,2,2
824,517,2,2
824,518,2,2
824,519,2,2
824,520,2,2
825,45,2,2
825,46,2,2
825,47,2,2
825,48,2,2
825,49,2,2
825,50,2,2
825,51,2,2
825,52,2,2
825,53,2,2
825,54,2,2
825,55,2,2
825,56,2,2
825,57,2,2
825,58,2,2
825,59,2,2
825,60,2,2
825,61,2,2
825,62,2,2
825,63,2,2
825,64,2,2
825,65,2,2
825,66,2,2
825,67,2,2
825,68,2,2
825,69,2,2
825,70,2,2
825,71,2,2
825,72,2,2
825,73,2,2
825,74,2,2
825,75,2,2
825,76,2,2
825,77,2,2
825,78,2,2
825,79,2,2
825,80,2,2
825,81,2,2
825,82,2,2
825,83,2,2
825,84,2,2
825,85,2,2
825,86,2,2
825,87,2,2
825,88,2,2
825,89,2,2
825,90,2,2
825,91,2,2
825,92,2,2
825,93,2,2
825,94,2,2
825,95,2,2
825,96,2,2
825,97,2,2
825,98,2,2
825,99,2,2
825,100,2,2
825,101,2,2
825,102,2,2
825,103,2,2
825,104,2,2
825,105,2,2
825,106,2,2
825,107,2,2
825,108,2,2
825,109,2,2
825,110,2,2
825,111,2,2
825,112,2,2
825,113,2,2
825,114,2,2
825,115,2,2
825,116,2,2
825,117,2,2
825,118,2,2
825,119,2,2
825,120,2,2
825,121,2,2
825,122,2,2
825,123,2,2
825,124,2,2
825,125,2,2
825,126,2,2
825,127,2,2
825,128,2,2
825,129,2,2
825,130,2,2
825,131,2,2
825,132,2,2
825,133,2,2
825,134,2,2
825,135,2,2
825,136,2,2
825,137,2,2
825,138,2,2
825,139,2,2
825,140,2,2
825,141,2,2
825,142,2,2
825,143,2,2
825,144,2,2
825,145,2,2
825,146,2,2
825,147,2,2
825,148,2,2
825,149,2,2
825,150,2,2
825,151,2,2
825,152,2,2
825,153,2,2
825,154,2,2
825,155,2,2
825,156,2,2
825,157,2,2
825,158,2,2
825,159,2,2
825,160,2,2
825,161,2,2
825,162,2,2
825,163,2,2
825,164,2,2
825,165,2,2
825,166,2,2
825,167,2,2
825,168,2,2
825,169,2,2
825,170,2,2
825,171,2,2
825,172,2,2
825,173,2,2
825,174,2,2
825,175,2,2
825,176,2,2
825,177,2,2
825,178,2,2
825,179,2,2
825,180,2,2
825,181,2,2
825,182,2,2
825,183,2,2
825,184,2,2
825,185,2,2
825,186,2,2
825,187,2,2
825,188,2,2
825,189,2,2
825,190,2,2
825,191,2,2
825,192,2,2
825,193,2,2
825,194,2,2
825,195,2,2
825,196,2,2
825,197,2,2
825,198,2,2
825,199,2,2
825,200,2,2
825,201,2,2
825,202,2,2
825,203,2,2
825,204,2,2
825,205,2,2
825,206,2,2
825,207,2,2
825,208,2,2
825,209,2,2
825,210,2,2
825,211,2,2
825,212,2,2
825,213,2,2
825,214,2,2
825,215,2,2
825,216,2,2
825,217,2,2
825,218,2,2
825,219,2,2
825,220,2,2
825,221,2,2
825,222,2,2
825,223,2,2
825,224,2,2
825,225,2,2
825,226,2,2
825,227,2,2
825,228,2,2
825,229,2,2
825,230,2,2
825,231,2,2
825,232,2,2
825,233,2,2
825,234,2,2
825,235,2,2
825,236,2,2
825,237,2,2
825,238,2,2
825,239,2,2
825,240,2,2
825,241,2,2
825,242,2,2
825,243,2,2
825,244,2,2
825,245,2,2
825,246,2,2
825,247,2,2
825,248,2,2
825,249,2,2
825,250,2,2
825,251,2,2
825,252,2,2
825,253,2,2
825,254,2,2
825,255,2,2
825,256,2,2
825,257,2,2
825,258,2,2
825,259,2,2
825,260,2,2
825,261,2,2
825,262,2,2
825,263,2,2
825,264,2,2
825,265,2,2
825,266,2,2
825,267,2,2
825,268,2,2
825,269,2,2
825,270,2,2
825,271,2,2
825,272,2,2
825,273,2,2
825,274,2,2
825,275,2,3
825,276,2,3
825,277,2,3
825,278,2,3
825,279,2,3
825,280,2,3
825,281,2,3
825,282,2,3
825,283,2,3
825,284,2,3
825,285,2,3
825,286,2,3
825,287,2,3
825,288,2,3
825,289,2,3
825,290,2,3
825,291,2,3
825,292,2,3
825,293,2,3
825,294,2,3
825,295,2,3
825,296,2,3
825,297,2,3
825,298,2,3
825,299,2,3
825,300,2,3
825,301,2,3
825,302,2,3
825,303,2,3
825,304,2,3
825,305,2,3
825,306,2,3
825,307,2,3
825,308,2,3
825,309,2,3
825,310,2,3
825,311,2,3
825,312,2,3
825,313,2,3
825,314,2,3
825,315,2,3
825,316,2,3
825,317,2,3
825,318,2,3
825,319,2,3
825,320,2,3
825,321,2,3
825,322,2,3
825,323,2,3
825,324,2,3
825,325,2,3
825,326,2,2
825,327,2,2
825,328,2,2
825,329,2,2
825,330,2,2
825,331,2,2
825,332,2,2
825,333,2,2
825,334,2,3
825,335,2,3
825,336,2,3
825,337,2,3
825,338,2,3
825,339,2,3
825,340,2,3
825,341,2,3
825,342,2,3
825,343,2,3
825,344,2,3
825,345,2,3
825,346,2,3
825,347,2,3
825,348,2,3
825,349,2,3
825,350,2,3
825,351,2,3
825,352,2,3
825,353,2,3
825,354,2,3
825,355,2,3
825,356,2,3
825,357,2,3
825,358,2,3
825,359,2,3
825,360,2,3
825,361,2,2
825,362,2,2
825,363,2,2
825,364,2,2
825,365,2,2
825,366,2,2
825,367,2,2
825,368,2,2
825,369,2,2
825,370,2,2
825,371,2,2
825,372,2,2
825,373,2,2
825,374,2,2
825,375,2,2
825,376,2,2
825,377,2,2
825,378,2,2
825,379,2,2
825,380,2,2
825,381,2,2
825,382,2,2
825,383,2,2
825,384,2,2
825,385,2,2
825,386,2,2
825,387,2,2
825,388,2,2
825,389,2,2
825,390,2,2
825,391,2,2
825,392,2,2
825,393,2,2
825,394,2,2
825,395,2,2
825,396,2,2
825,397,2,2
825,398,2,2
825,399,2,2
825,400,2,2
825,401,2,2
825,402,2,2
825,403,2,2
825,404,2,2
825,405,2,2
825,406,2,2
825,407,2,2
825,408,2,2
825,409,2,2
825,410,2,2
825,411,2,2
825,412,2,2
825,413,2,2
825,414,2,2
825,415,2,2
825,416,2,2
825,417,2,2
825,418,2,2
825,419,2,2
825,420,2,2
825,421,2,2
825,422,2,2
825,423,2,2
825,424,2,2
825,425,2,2
825,426,2,2
825,427,2,2
825,428,2,2
825,429,2,2
825,430,2,2
825,431,2,2
825,432,2,2
825,433,2,2
825,434,2,2
825,435,2,2
825,436,2,2
825,437,2,2
825,438,2,2
825,439,2,2
825,440,2,2
825,441,2,2
825,442,2,2
825,443,2,2
825,444,2,2
825,445,2,2
825,446,2,2
825,447,2,2
825,448,2,2
825,449,2,2
825,450,2,2
825,451,2,2
825,452,2,2
825,453,2,2
825,454,2,2
825,455,2,2
825,456,2,2
825,457,2,2
825,458,2,2
825,459,2,2
825,460,2,2
825,461,2,2
825,462,2,2
825,463,2,2
825,464,2,2
825,465,2,2
825,466,2,2
825,467,2,2
825,468,2,2
825,469,2,2
825,470,2,2
825,471,2,2
825,472,2,2
825,473,2,2
825,474,2,2
825,475,2,2
825,476,2,2
825,477,2,2
825,478,2,2
825,479,2,2
825,480,2,2
825,481,2,2
825,482,2,2
825,483,2,2
825,484,2,2
825,485,2,2
825,486,2,2
825,487,2,2
825,488,2,2
825,489,2,2
825,490,2,2
825,491,2,2
825,492,2,2
825,493,2,2
825,494,2,2
825,495,2,2
825,496,2,2
825,497,2,2
825,498,2,2
825,499,2,2
825,500,2,2
825,501,2,2
825,502,2,2
825,503,2,2
825,504,2,2
825,505,2,2
825,506,2,2
825,507,2,2
825,508,2,2
825,509,2,2
825,510,2,2
825,511,2,2
825,512,2,2
825,513,2,2
825,514,2,2
825,515,2,2
825,516,2,2
825,517,2,2
825,518,2,2
825,519,2,2
825,520,2,2
826,46,2,2
826,47,2,2
826,48,2,2
826,49,2,2
826,50,2,2
826,51,2,2
826,52,2,2
826,53,2,2
826,54,2,2
826,55,2,2
826,56,2,2
826,57,2,2
826,58,2,2
826,59,2,2
826,60,2,2
826,61,2,2
826,62,2,2
826,63,2,2
826,64,2,2
826,65,2,2
826,66,2,2
826,67,2,2
826,68,2,2
826,69,2,2
826,70,2,2
826,71,2,2
826,72,2,2
826,73,2,2
826,74,2,2
826,75,2,2
826,76,2,2
826,77,2,2
826,78,2,2
826,79,2,2
826,80,2,2
826,81,2,2
826,82,2,2
826,83,2,2
826,84,2,2
826,85,2,2
826,86,2,2
826,87,2,2
826,88,2,2
826,89,2,2
826,90,2,2
826,91,2,2
826,92,2,2
826,93,2,2
826,94,2,2
826,95,2,2
826,96,2,2
826,97,2,2
826,98,2,2
826,99,2,2
826,100,2,2
826,101,2,2
826,102,2,2
826,103,2,2
826,104,2,2
826,105,2,2
826,106,2,2
826,107,2,2
826,108,2,2
826,109,2,2
826,110,2,2
826,111,2,2
826,112,2,2
826,113,2,2
826,114,2,2
826,115,2,2
826,116,2,2
826,117,2,2
826,118,2,2
826,119,2,2
826,120,2,2
826,121,2,2
826,122,2,2
826,123,2,2
826,124,2,2
826,125,2,2
826,126,2,2
826,127,2,2
826,128,2,2
826,129,2,2
826,130,2,2
826,131,2,2
826,132,2,2
826,133,2,2
826,134,2,2
826,135,2,2
826,136,2,2
826,137,2,2
826,138,2,2
826,139,2,2
826,140,2,2
826,141,2,2
826,142,2,2
826,143,2,2
826,144,2,2
826,145,2,2
826,146,2,2
826,147,2,2
826,148,2,2
826,149,2,2
826,150,2,2
826,151,2,2
826,152,2,2
826,153,2,2
826,154,2,2
826,155,2,2
826,156,2,2
826,157,2,2
826,158,2,2
826,159,2,2
826,160,2,2
826,161,2,2
826,162,2,2
826,163,2,2
826,164,2,2
826,165,2,2
826,166,2,2
826,167,2,2
826,168,2,2
826,169,2,2
826,170,2,2
826,171,2,2
826,172,2,2
826,173,2,2
826,174,2,2
826,175,2,2
826,176,2,2
826,177,2,2
826,178,2,2
826,179,2,2
826,180,2,2
826,181,2,2
826,182,2,2
826,183,2,2
826,184,2,2
826,185,2,2
826,186,2,2
826,187,2,2
826,188,2,2
826,189,2,2
826,190,2,2
826,191,2,2
826,192,2,2
826,193,2,2
826,194,2,2
826,195,2,2
826,196,2,2
826,197,2,2
826,198,2,2
826,199,2,2
826,200,2,2
826,201,2,2
826,202,2,2
826,203,2,2
826,204,2,2
826,205,2,2
826,206,2,2
826,207,2,2
826,208,2,2
826,209,2,2
826,210,2,2
826,211,2,2
826,212,2,2
826,213,2,2
826,214,2,2
826,215,2,2
826,216,2,2
826,217,2,2
826,218,2,2
826,219,2,2
826,220,2,2
826,221,2,2
826,222,2,2
826,223,2,2
826,224,2,2
826,225,2,2
826,226,2,2
826,227,2,2
826,228,2,2
826,229,2,2
826,230,2,2
826,231,2,2
826,232,2,2
826,233,2,2
826,234,2,2
826,235,2,2
826,236,2,2
826,237,2,2
826,238,2,2
826,239,2,2
826,240,2,2
826,241,2,2
826,242,2,2
826,243,2,2
826,244,2,2
826,245,2,2
826,246,2,2
826,247,2,2
826,248,2,2
826,249,2,2
826,250,2,2
826,251,2,2
826,252,2,2
826,253,2,2
826,254,2,2
826,255,2,2
826,256,2,2
826,257,2,2
826,258,2,2
826,259,2,2
826,260,2,2
826,261,2,2
826,262,2,2
826,263,2,2
826,264,2,2
826,265,2,2
826,266,2,2
826,267,2,2
826,268,2,2
826,269,2,2
826,270,2,2
826,271,2,2
826,272,2,2
826,273,2,2
826,274,2,2
826,275,2,3
826,276,2,3
826,277,2,3
826,278,2,3
826,279,2,3
826,280,2,3
826,281,2,3
826,282,2,3
826,283,2,3
826,284,2,3
826,285,2,3
826,286,2,3
826,287,2,3
826,288,2,3
826,289,2,3
826,290,2,3
826,291,2,3
826,292,2,3
826,293,2,3
826,294,2,3
826,295,2,3
826,296,2,3
826,297,2,3
826,298,2,3
826,299,2,3
826,300,2,3
826,301,2,3
826,302,2,3
826,303,2,3
826,304,2,3
826,305,2,3
826,306,2,3
826,307,2,3
826,308,2,3
826,309,2,3
826,310,2,3
826,311,2,3
826,312,2,3
826,313,2,3
826,314,2,3
826,315,2,3
826,316,2,3
826,317,2,3
826,318,2,3
826,319,2,3
826,320,2,3
826,321,2,3
826,322,2,3
826,323,2,3
826,324,2,3
826,325,2,3
826,326,2,2
826,327,2,2
826,328,2,2
826,329,2,2
826,330,2,2
826,331,2,3
826,332,2,3
826,333,2,3
826,334,2,3
826,335,2,3
826,336,2,3
826,337,2,3
826,338,2,3
826,339,2,3
826,340,2,3
826,341,2,3
826,342,2,3
826,343,2,3
826,344,2,3
826,345,2,3
826,346,2,3
826,347,2,3
826,348,2,3
826,349,2,3
826,350,2,3
826,351,2,3
826,352,2,3
826,353,2,3
826,354,2,3
826,355,2,3
826,356,2,3
826,357,2,3
826,358,2,3
826,359,2,3
826,360,2,3
826,361,2,2
826,362,2,2
826,363,2,2
826,364,2,2
826,365,2,2
826,366,2,2
826,367,2,2
826,368,2,2
826,369,2,2
826,370,2,2
826,371,2,2
826,372,2,2
826,373,2,2
826,374,2,2
826,375,2,2
826,376,2,2
826,377,2,2
826,378,2,2
826,379,2,2
826,380,2,2
826,381,2,2
826,382,2,2
826,383,2,2
826,384,2,2
826,385,2,2
826,386,2,2
826,387,2,2
826,388,2,2
826,389,2,2
826,390,2,2
826,391,2,2
826,392,2,2
826,393,2,2
826,394,2,2
826,395,2,2
826,396,2,2
826,397,2,2
826,398,2,2
826,399,2,2
826,400,2,2
826,401,2,2
826,402,2,2
826,403,2,2
826,404,2,2
826,405,2,2
826,406,2,2
826,407,2,2
826,408,2,2
826,409,2,2
826,410,2,2
826,411,2,2
826,412,2,2
826,413,2,2
826,414,2,2
826,415,2,2
826,416,2,2
826,417,2,2
826,418,2,2
826,419,2,2
826,420,2,2
826,421,2,2
826,422,2,2
826,423,2,2
826,424,2,2
826,425,2,2
826,426,2,2
826,427,2,2
826,428,2,2
826,429,2,2
826,430,2,2
826,431,2,2
826,432,2,2
826,433,2,2
826,434,2,2
826,435,2,2
826,436,2,2
826,437,2,2
826,438,2,2
826,439,2,2
826,440,2,2
826,441,2,2
826,442,2,2
826,443,2,2
826,444,2,2
826,445,2,2
826,446,2,2
826,447,2,2
826,448,2,2
826,449,2,2
826,450,2,2
826,451,2,2
826,452,2,2
826,453,2,2
826,454,2,2
826,455,2,2
826,456,2,2
826,457,2,2
826,458,2,2
826,459,2,2
826,460,2,2
826,461,2,2
826,462,2,2
826,463,2,2
826,464,2,2
826,465,2,2
826,466,2,2
826,467,2,2
826,468,2,2
826,469,2,2
826,470,2,2
826,471,2,2
826,472,2,2
826,473,2,2
826,474,2,2
826,475,2,2
826,476,2,2
826,477,2,2
826,478,2,2
826,479,2,2
826,480,2,2
826,481,2,2
826,482,2,2
826,483,2,2
826,484,2,2
826,485,2,2
826,486,2,2
826,487,2,2
826,488,2,2
826,489,2,2
826,490,2,2
826,491,2,2
826,492,2,2
826,493,2,2
826,494,2,2
826,495,2,2
826,496,2,2
826,497,2,2
826,498,2,2
826,499,2,2
826,500,2,2
826,501,2,2
826,502,2,2
826,503,2,2
826,504,2,2
826,505,2,2
826,506,2,2
826,507,2,2
826,508,2,2
826,509,2,2
826,510,2,2
826,511,2,2
826,512,2,2
826,513,2,2
826,514,2,2
826,515,2,2
826,516,2,2
826,517,2,2
826,518,2,2
826,519,2,2
826,520,2,2
827,46,2,2
827,47,2,2
827,48,2,2
827,49,2,2
827,50,2,2
827,51,2,2
827,52,2,2
827,53,2,2
827,54,2,2
827,55,2,2
827,56,2,2
827,57,2,2
827,58,2,2
827,59,2,2
827,60,2,2
827,61,2,2
827,62,2,2
827,63,2,2
827,64,2,2
827,65,2,2
827,66,2,2
827,67,2,2
827,68,2,2
827,69,2,2
827,70,2,2
827,71,2,2
827,72,2,2
827,73,2,2
827,74,2,2
827,75,2,2
827,76,2,2
827,77,2,2
827,78,2,2
827,79,2,2
827,80,2,2
827,81,2,2
827,82,2,2
827,83,2,2
827,84,2,2
827,85,2,2
827,86,2,2
827,87,2,2
827,88,2,2
827,89,2,2
827,90,2,2
827,91,2,2
827,92,2,2
827,93,2,2
827,94,2,2
827,95,2,2
827,96,2,2
827,97,2,2
827,98,2,2
827,99,2,2
827,100,2,2
827,101,2,2
827,102,2,2
827,103,2,2
827,104,2,2
827,105,2,2
827,106,2,2
827,107,2,2
827,108,2,2
827,109,2,2
827,110,2,2
827,111,2,2
827,112,2,2
827,113,2,2
827,114,2,2
827,115,2,2
827,116,2,2
827,117,2,2
827,118,2,2
827,119,2,2
827,120,2,2
827,121,2,2
827,122,2,2
827,123,2,2
827,124,2,2
827,125,2,2
827,126,2,2
827,127,2,2
827,128,2,2
827,129,2,2
827,130,2,2
827,131,2,2
827,132,2,2
827,133,2,2
827,134,2,2
827,135,2,2
827,136,2,2
827,137,2,2
827,138,2,2
827,139,2,2
827,140,2,2
827,141,2,2
827,142,2,2
827,143,2,2
827,144,2,2
827,145,2,2
827,146,2,2
827,147,2,2
827,148,2,2
827,149,2,2
827,150,2,2
827,151,2,2
827,152,2,2
827,153,2,2
827,154,2,2
827,155,2,2
827,156,2,2
827,157,2,2
827,158,2,2
827,159,2,2
827,160,2,2
827,161,2,2
827,162,2,2
827,163,2,2
827,164,2,2
827,165,2,2
827,166,2,2
827,167,2,2
827,168,2,2
827,169,2,2
827,170,2,2
827,171,2,2
827,172,2,2
827,173,2,2
827,174,2,2
827,175,2,2
827,176,2,2
827,177,2,2
827,178,2,2
827,179,2,2
827,180,2,2
827,181,2,2
827,182,2,2
827,183,2,2
827,184,2,2
827,185,2,2
827,186,2,2
827,187,2,2
827,188,2,2
827,189,2,2
827,190,2,2
827,191,2,2
827,192,2,2
827,193,2,2
827,194,2,2
827,195,2,2
827,196,2,2
827,197,2,2
827,198,2,2
827,199,2,2
827,200,2,2
827,201,2,2
827,202,2,2
827,203,2,2
827,204,2,2
827,205,2,2
827,206,2,2
827,207,2,2
827,208,2,2
827,209,2,2
827,210,2,2
827,211,2,2
827,212,2,2
827,213,2,2
827,214,2,2
827,215,2,2
827,216,2,2
827,217,2,2
827,218,2,2
827,219,2,2
827,220,2,2
827,221,2,2
827,222,2,2
827,223,2,2
827,224,2,2
827,225,2,2
827,226,2,2
827,227,2,2
827,228,2,2
827,229,2,2
827,230,2,2
827,231,2,2
827,232,2,2
827,233,2,2
827,234,2,2
827,235,2,2
827,236,2,2
827,237,2,2
827,238,2,2
827,239,2,2
827,240,2,2
827,241,2,2
827,242,2,2
827,243,2,2
827,244,2,2
827,245,2,2
827,246,2,2
827,247,2,2
827,248,2,2
827,249,2,2
827,250,2,2
827,251,2,2
827,252,2,2
827,253,2,2
827,254,2,2
827,255,2,2
827,256,2,2
827,257,2,2
827,258,2,2
827,259,2,2
827,260,2,2
827,261,2,2
827,262,2,2
827,263,2,2
827,264,2,2
827,265,2,2
827,266,2,2
827,267,2,2
827,268,2,2
827,269,2,2
827,270,2,2
827,271,2,2
827,272,2,2
827,273,2,2
827,274,2,2
827,275,2,3
827,276,2,3
827,277,2,3
827,278,2,3
827,279,2,3
827,280,2,3
827,281,2,3
827,282,2,3
827,283,2,3
827,284,2,3
827,285,2,3
827,286,2,3
827,287,2,3
827,288,2,3
827,289,2,3
827,290,2,3
827,291,2,3
827,292,2,3
827,293,2,3
827,294,2,3
827,295,2,3
827,296,2,3
827,297,2,3
827,298,2,3
827,299,2,3
827,300,2,3
827,301,2,3
827,302,2,3
827,303,2,3
827,304,2,3
827,305,2,3
827,306,2,3
827,307,2,3
827,308,2,3
827,309,2,3
827,310,2,3
827,311,2,3
827,312,2,3
827,313,2,3
827,314,2,3
827,315,2,3
827,316,2,3
827,317,2,3
827,318,2,3
827,319,2,3
827,320,2,3
827,321,2,3
827,322,2,3
827,323,2,3
827,324,2,3
827,325,2,3
827,326,2,3
827,327,2,2
827,328,2,2
827,329,2,2
827,330,2,2
827,331,2,3
827,332,2,3
827,333,2,3
827,334,2,3
827,335,2,3
827,336,2,3
827,337,2,3
827,338,2,3
827,339,2,3
827,340,2,3
827,341,2,3
827,342,2,3
827,343,2,3
827,344,2,3
827,345,2,3
827,346,2,3
827,347,2,3
827,348,2,3
827,349,2,3
827,350,2,3
827,351,2,3
827,352,2,3
827,353,2,3
827,354,2,3
827,355,2,3
827,356,2,3
827,357,2,3
827,358,2,3
827,359,2,3
827,360,2,2
827,361,2,2
827,362,2,2
827,363,2,2
827,364,2,2
827,365,2,2
827,366,2,2
827,367,2,2
827,368,2,2
827,369,2,2
827,370,2,2
827,371,2,2
827,372,2,2
827,373,2,2
827,374,2,2
827,375,2,2
827,376,2,2
827,377,2,2
827,378,2,2
827,379,2,2
827,380,2,2
827,381,2,2
827,382,2,2
827,383,2,2
827,384,2,2
827,385,2,2
827,386,2,2
827,387,2,2
827,388,2,2
827,389,2,2
827,390,2,2
827,391,2,2
827,392,2,2
827,393,2,2
827,394,2,2
827,395,2,2
827,396,2,2
827,397,2,2
827,398,2,2
827,399,2,2
827,400,2,2
827,401,2,2
827,402,2,2
827,403,2,2
827,404,2,2
827,405,2,2
827,406,2,2
827,407,2,2
827,408,2,2
827,409,2,2
827,410,2,2
827,411,2,2
827,412,2,2
827,413,2,2
827,414,2,2
827,415,2,2
827,416,2,2
827,417,2,2
827,418,2,2
827,419,2,2
827,420,2,2
827,421,2,2
827,422,2,2
827,423,2,2
827,424,2,2
827,425,2,2
827,426,2,2
827,427,2,2
827,428,2,2
827,429,2,2
827,430,2,2
827,431,2,2
827,432,2,2
827,433,2,2
827,434,2,2
827,435,2,2
827,436,2,2
827,437,2,2
827,438,2,2
827,439,2,2
827,440,2,2
827,441,2,2
827,442,2,2
827,443,2,2
827,444,2,2
827,445,2,2
827,446,2,2
827,447,2,2
827,448,2,2
827,449,2,2
827,450,2,2
827,451,2,2
827,452,2,2
827,453,2,2
827,454,2,2
827,455,2,2
827,456,2,2
827,457,2,2
827,458,2,2
827,459,2,2
827,460,2,2
827,461,2,2
827,462,2,2
827,463,2,2
827,464,2,2
827,465,2,2
827,466,2,2
827,467,2,2
827,468,2,2
827,469,2,2
827,470,2,2
827,471,2,2
827,472,2,2
827,473,2,2
827,474,2,2
827,475,2,2
827,476,2,2
827,477,2,2
827,478,2,2
827,479,2,2
827,480,2,2
827,481,2,2
827,482,2,2
827,483,2,2
827,484,2,2
827,485,2,2
827,486,2,2
827,487,2,2
827,488,2,2
827,489,2,2
827,490,2,2
827,491,2,2
827,492,2,2
827,493,2,2
827,494,2,2
827,495,2,2
827,496,2,2
827,497,2,2
827,498,2,2
827,499,2,2
827,500,2,2
827,501,2,2
827,502,2,2
827,503,2,2
827,504,2,2
827,505,2,2
827,506,2,2
827,507,2,2
827,508,2,2
827,509,2,2
827,510,2,2
827,511,2,2
827,512,2,2
827,513,2,2
827,514,2,2
827,515,2,2
827,516,2,2
827,517,2,2
827,518,2,2
827,519,2,2
827,520,2,2
827,521,2,2
827,522,2,3
827,523,2,3
828,47,2,2
828,48,2,2
828,49,2,2
828,50,2,2
828,51,2,2
828,52,2,2
828,53,2,2
828,54,2,2
828,55,2,2
828,56,2,2
828,57,2,2
828,58,2,2
828,59,2,2
828,60,2,2
828,61,2,2
828,62,2,2
828,63,2,2
828,64,2,2
828,65,2,2
828,66,2,2
828,67,2,2
828,68,2,2
828,69,2,2
828,70,2,2
828,71,2,2
828,72,2,2
828,73,2,2
828,74,2,2
828,75,2,2
828,76,2,2
828,77,2,2
828,78,2,2
828,79,2,2
828,80,2,2
828,81,2,2
828,82,2,2
828,83,2,2
828,84,2,2
828,85,2,2
828,86,2,2
828,87,2,2
828,88,2,2
828,89,2,2
828,90,2,2
828,91,2,2
828,92,2,2
828,93,2,2
828,94,2,2
828,95,2,2
828,96,2,2
828,97,2,2
828,98,2,2
828,99,2,2
828,100,2,2
828,101,2,2
828,102,2,2
828,103,2,2
828,104,2,2
828,105,2,2
828,106,2,2
828,107,2,2
828,108,2,2
828,109,2,2
828,110,2,2
828,111,2,2
828,112,2,2
828,113,2,2
828,114,2,2
828,115,2,2
828,116,2,2
828,117,2,2
828,118,2,2
828,119,2,2
828,120,2,2
828,121,2,2
828,122,2,2
828,123,2,2
828,124,2,2
828,125,2,2
828,126,2,2
828,127,2,2
828,128,2,2
828,129,2,2
828,130,2,2
828,131,2,2
828,132,2,2
828,133,2,2
828,134,2,2
828,135,2,2
828,136,2,2
828,137,2,2
828,138,2,2
828,139,2,2
828,140,2,2
828,141,2,2
828,142,2,2
828,143,2,2
828,144,2,2
828,145,2,2
828,146,2,2
828,147,2,2
828,148,2,2
828,149,2,2
828,150,2,2
828,151,2,2
828,152,2,2
828,153,2,2
828,154,2,2
828,155,2,2
828,156,2,2
828,157,2,2
828,158,2,2
828,159,2,2
828,160,2,2
828,161,2,2
828,162,2,2
828,163,2,2
828,164,2,2
828,165,2,2
828,166,2,2
828,167,2,2
828,168,2,2
828,169,2,2
828,170,2,2
828,171,2,2
828,172,2,2
828,173,2,2
828,174,2,2
828,175,2,2
828,176,2,2
828,177,2,2
828,178,2,2
828,179,2,2
828,180,2,2
828,181,2,2
828,182,2,2
828,183,2,2
828,184,2,2
828,185,2,2
828,186,2,2
828,187,2,2
828,188,2,2
828,189,2,2
828,190,2,2
828,191,2,2
828,192,2,2
828,193,2,2
828,194,2,2
828,195,2,2
828,196,2,2
828,197,2,2
828,198,2,2
828,199,2,2
828,200,2,2
828,201,2,2
828,202,2,2
828,203,2,2
828,204,2,2
828,205,2,2
828,206,2,2
828,207,2,2
828,208,2,2
828,209,2,2
828,210,2,2
828,211,2,2
828,212,2,2
828,213,2,2
828,214,2,2
828,215,2,2
828,216,2,2
828,217,2,2
828,218,2,2
828,219,2,2
828,220,2,2
828,221,2,2
828,222,2,2
828,223,2,2
828,224,2,2
828,225,2,2
828,226,2,2
828,227,2,2
828,228,2,2
828,229,2,2
828,230,2,2
828,231,2,2
828,232,2,2
828,233,2,2
828,234,2,2
828,235,2,2
828,236,2,2
828,237,2,2
828,238,2,2
828,239,2,2
828,240,2,2
828,241,2,2
828,242,2,2
828,243,2,2
828,244,2,2
828,245,2,2
828,246,2,2
828,247,2,2
828,248,2,2
828,249,2,2
828,250,2,2
828,251,2,2
828,252,2,2
828,253,2,2
828,254,2,2
828,255,2,2
828,256,2,2
828,257,2,2
828,258,2,2
828,259,2,2
828,260,2,2
828,261,2,2
828,262,2,2
828,263,2,2
828,264,2,2
828,265,2,2
828,266,2,2
828,267,2,2
828,268,2,2
828,269,2,2
828,270,2,2
828,271,2,2
828,272,2,2
828,273,2,2
828,274,2,2
828,275,2,3
828,276,2,3
828,277,2,3
828,278,2,3
828,279,2,3
828,280,2,3
828,281,2,3
828,282,2,3
828,283,2,3
828,284,2,3
828,285,2,3
828,286,2,3
828,287,2,3
828,288,2,3
828,289,2,3
828,290,2,3
828,291,2,3
828,292,2,3
828,293,2,3
828,294,2,3
828,295,2,3
828,296,2,3
828,297,2,3
828,298,2,3
828,299,2,3
828,300,2,3
828,301,2,3
828,302,2,3
828,303,2,3
828,304,2,3
828,305,2,3
828,306,2,3
828,307,2,3
828,308,2,3
828,309,2,3
828,310,2,3
828,311,2,3
828,312,2,3
828,313,2,3
828,314,2,3
828,315,2,3
828,316,2,3
828,317,2,3
828,318,2,3
828,319,2,3
828,320,2,3
828,321,2,3
828,322,2,3
828,323,2,3
828,324,2,3
828,325,2,3
828,326,2,3
828,327,2,2
828,328,2,2
828,329,2,3
828,330,2,3
828,331,2,3
828,332,2,3
828,333,2,3
828,334,2,3
828,335,2,3
828,336,2,3
828,337,2,3
828,338,2,3
828,339,2,3
828,340,2,3
828,341,2,3
828,342,2,3
828,343,2,3
828,344,2,3
828,345,2,3
828,346,2,3
828,347,2,3
828,348,2,3
828,349,2,3
828,350,2,3
828,351,2,3
828,352,2,3
828,353,2,3
828,354,2,3
828,355,2,3
828,356,2,3
828,357,2,3
828,358,2,3
828,359,2,3
828,360,2,2
828,361,2,2
828,362,2,2
828,363,2,2
828,364,2,2
828,365,2,2
828,366,2,2
828,367,2,2
828,368,2,2
828,369,2,2
828,370,2,2
828,371,2,2
828,372,2,2
828,373,2,2
828,374,2,2
828,375,2,2
828,376,2,2
828,377,2,2
828,378,2,2
828,379,2,2
828,380,2,2
828,381,2,2
828,382,2,2
828,383,2,2
828,384,2,2
828,385,2,2
828,386,2,2
828,387,2,2
828,388,2,2
828,389,2,2
828,390,2,2
828,391,2,2
828,392,2,2
828,393,2,2
828,394,2,2
828,395,2,2
828,396,2,2
828,397,2,2
828,398,2,2
828,399,2,2
828,400,2,2
828,401,2,2
828,402,2,2
828,403,2,2
828,404,2,2
828,405,2,2
828,406,2,2
828,407,2,2
828,408,2,2
828,409,2,2
828,410,2,2
828,411,2,2
828,412,2,2
828,413,2,2
828,414,2,2
828,415,2,2
828,416,2,2
828,417,2,2
828,418,2,2
828,419,2,2
828,420,2,2
828,421,2,2
828,422,2,2
828,423,2,2
828,424,2,2
828,425,2,2
828,426,2,2
828,427,2,2
828,428,2,2
828,429,2,2
828,430,2,2
828,431,2,2
828,432,2,2
828,433,2,2
828,434,2,2
828,435,2,2
828,436,2,2
828,437,2,2
828,438,2,2
828,439,2,2
828,440,2,2
828,441,2,2
828,442,2,2
828,443,2,2
828,444,2,2
828,445,2,2
828,446,2,2
828,447,2,2
828,448,2,2
828,449,2,2
828,450,2,2
828,451,2,2
828,452,2,2
828,453,2,2
828,454,2,2
828,455,2,2
828,456,2,2
828,457,2,2
828,458,2,2
828,459,2,2
828,460,2,2
828,461,2,2
828,462,2,2
828,463,2,2
828,464,2,2
828,465,2,2
828,466,2,2
828,467,2,2
828,468,2,2
828,469,2,2
828,470,2,2
828,471,2,2
828,472,2,2
828,473,2,2
828,474,2,2
828,475,2,2
828,476,2,2
828,477,2,2
828,478,2,2
828,479,2,2
828,480,2,2
828,481,2,2
828,482,2,2
828,483,2,2
828,484,2,2
828,485,2,2
828,486,2,2
828,487,2,2
828,488,2,2
828,489,2,2
828,490,2,2
828,491,2,2
828,492,2,2
828,493,2,2
828,494,2,2
828,495,2,2
828,496,2,2
828,497,2,2
828,498,2,2
828,499,2,2
828,500,2,2
828,501,2,2
828,502,2,2
828,503,2,2
828,504,2,2
828,505,2,2
828,506,2,2
828,507,2,2
828,508,2,2
828,509,2,2
828,510,2,2
828,511,2,2
828,512,2,2
828,513,2,2
828,514,2,2
828,515,2,2
828,516,2,2
828,517,2,2
828,518,2,2
828,519,2,2
828,520,2,2
828,521,2,2
828,522,2,2
828,523,2,2
828,524,2,2
829,47,2,2
829,48,2,2
829,49,2,2
829,50,2,2
829,51,2,2
829,52,2,2
829,53,2,2
829,54,2,2
829,55,2,2
829,56,2,2
829,57,2,2
829,58,2,2
829,59,2,2
829,60,2,2
829,61,2,2
829,62,2,2
829,63,2,2
829,64,2,2
829,65,2,2
829,66,2,2
829,67,2,2
829,68,2,2
829,69,2,2
829,70,2,2
829,71,2,2
829,72,2,2
829,73,2,2
829,74,2,2
829,75,2,2
829,76,2,2
829,77,2,2
829,78,2,2
829,79,2,2
829,80,2,2
829,81,2,2
829,82,2,2
829,83,2,2
829,84,2,2
829,85,2,2
829,86,2,2
829,87,2,2
829,88,2,2
829,89,2,2
829,90,2,2
829,91,2,2
829,92,2,2
829,93,2,2
829,94,2,2
829,95,2,2
829,96,2,2
829,97,2,2
829,98,2,2
829,99,2,2
829,100,2,2
829,101,2,2
829,102,2,2
829,103,2,2
829,104,2,2
829,105,2,2
829,106,2,2
829,107,2,2
829,108,2,2
829,109,2,2
829,110,2,2
829,111,2,2
829,112,2,2
829,113,2,2
829,114,2,2
829,115,2,2
829,116,2,2
829,117,2,2
829,118,2,2
829,119,2,2
829,120,2,2
829,121,2,2
829,122,2,2
829,123,2,2
829,124,2,2
829,125,2,2
829,126,2,2
829,127,2,2
829,128,2,2
829,129,2,2
829,130,2,2
829,131,2,2
829,132,2,2
829,133,2,2
829,134,2,2
829,135,2,2
829,136,2,2
829,137,2,2
829,138,2,2
829,139,2,2
829,140,2,2
829,141,2,2
829,142,2,2
829,143,2,2
829,144,2,2
829,145,2,2
829,146,2,2
829,147,2,2
829,148,2,2
829,149,2,2
829,150,2,2
829,151,2,2
829,152,2,2
829,153,2,2
829,154,2,2
829,155,2,2
829,156,2,2
829,157,2,2
829,158,2,2
829,159,2,2
829,160,2,2
829,161,2,2
829,162,2,2
829,163,2,2
829,164,2,2
829,165,2,2
829,166,2,2
829,167,2,2
829,168,2,2
829,169,2,2
829,170,2,2
829,171,2,2
829,172,2,2
829,173,2,2
829,174,2,2
829,175,2,2
829,176,2,2
829,177,2,2
829,178,2,2
829,179,2,2
829,180,2,2
829,181,2,2
829,182,2,2
829,183,2,2
829,184,2,2
829,185,2,2
829,186,2,2
829,187,2,2
829,188,2,2
829,189,2,2
829,190,2,2
829,191,2,2
829,192,2,2
829,193,2,2
829,194,2,2
829,195,2,2
829,196,2,2
829,197,2,2
829,198,2,2
829,199,2,2
829,200,2,2
829,201,2,2
829,202,2,2
829,203,2,2
829,204,2,2
829,205,2,2
829,206,2,2
829,207,2,2
829,208,2,2
829,209,2,2
829,210,2,2
829,211,2,2
829,212,2,2
829,213,2,2
829,214,2,2
829,215,2,2
829,216,2,2
829,217,2,2
829,218,2,2
829,219,2,2
829,220,2,2
829,221,2,2
829,222,2,2
829,223,2,2
829,224,2,2
829,225,2,2
829,226,2,2
829,227,2,2
829,228,2,2
829,229,2,2
829,230,2,2
829,231,2,2
829,232,2,2
829,233,2,2
829,234,2,2
829,235,2,2
829,236,2,2
829,237,2,2
829,238,2,2
829,239,2,2
829,240,2,2
829,241,2,2
829,242,2,2
829,243,2,2
829,244,2,2
829,245,2,2
829,246,2,2
829,247,2,2
829,248,2,2
829,249,2,2
829,250,2,2
829,251,2,2
829,252,2,2
829,253,2,2
829,254,2,2
829,255,2,2
829,256,2,2
829,257,2,2
829,258,2,2
829,259,2,2
829,260,2,2
829,261,2,2
829,262,2,2
829,263,2,2
829,264,2,2
829,265,2,2
829,266,2,2
829,267,2,2
829,268,2,2
829,269,2,2
829,270,2,2
829,271,2,2
829,272,2,2
829,273,2,2
829,274,2,2
829,275,2,3
829,276,2,3
829,277,2,3
829,278,2,3
829,279,2,3
829,280,2,3
829,281,2,3
829,282,2,3
829,283,2,3
829,284,2,3
829,285,2,3
829,286,2,3
829,287,2,3
829,288,2,3
829,289,2,3
829,290,2,3
829,291,2,3
829,292,2,3
829,293,2,3
829,294,2,3
829,295,2,3
829,296,2,3
829,297,2,3
829,298,2,3
829,299,2,3
829,300,2,3
829,301,2,3
829,302,2,3
829,303,2,3
829,304,2,3
829,305,2,3
829,306,2,3
829,307,2,3
829,308,2,3
829,309,2,3
829,310,2,3
829,311,2,3
829,312,2,3
829,313,2,3
829,314,2,3
829,315,2,3
829,316,2,3
829,317,2,3
829,318,2,3
829,319,2,3
829,320,2,3
829,321,2,3
829,322,2,3
829,323,2,3
829,324,2,3
829,325,2,3
829,326,2,3
829,327,2,3
829,328,2,3
829,329,2,3
829,330,2,3
829,331,2,3
829,332,2,3
829,333,2,3
829,334,2,3
829,335,2,3
829,336,2,3
829,337,2,3
829,338,2,3
829,339,2,3
829,340,2,3
829,341,2,3
829,342,2,3
829,343,2,3
829,344,2,3
829,345,2,3
829,346,2,3
829,347,2,3
829,348,2,3
829,349,2,3
829,350,2,3
829,351,2,3
829,352,2,3
829,353,2,3
829,354,2,3
829,355,2,3
829,356,2,3
829,357,2,3
829,358,2,3
829,359,2,2
829,360,2,2
829,361,2,2
829,362,2,2
829,363,2,2
829,364,2,2
829,365,2,2
829,366,2,2
829,367,2,2
829,368,2,2
829,369,2,2
829,370,2,2
829,371,2,2
829,372,2,2
829,373,2,2
829,374,2,2
829,375,2,2
829,376,2,2
829,377,2,2
829,378,2,2
829,379,2,2
829,380,2,2
829,381,2,2
829,382,2,2
829,383,2,2
829,384,2,2
829,385,2,2
829,386,2,2
829,387,2,2
829,388,2,2
829,389,2,2
829,390,2,2
829,391,2,2
829,392,2,2
829,393,2,2
829,394,2,2
829,395,2,2
829,396,2,2
829,397,2,2
829,398,2,2
829,399,2,2
829,400,2,2
829,401,2,2
829,402,2,2
829,403,2,2
829,404,2,2
829,405,2,2
829,406,2,2
829,407,2,2
829,408,2,2
829,409,2,2
829,410,2,2
829,411,2,2
829,412,2,2
829,413,2,2
829,414,2,2
829,415,2,2
829,416,2,2
829,417,2,2
829,418,2,2
829,419,2,2
829,420,2,2
829,421,2,2
829,422,2,2
829,423,2,2
829,424,2,2
829,425,2,2
829,426,2,2
829,427,2,2
829,428,2,2
829,429,2,2
829,430,2,2
829,431,2,2
829,432,2,2
829,433,2,2
829,434,2,2
829,435,2,2
829,436,2,2
829,437,2,2
829,438,2,2
829,439,2,2
829,440,2,2
829,441,2,2
829,442,2,2
829,443,2,2
829,444,2,2
829,445,2,2
829,446,2,2
829,447,2,2
829,448,2,2
829,449,2,2
829,450,2,2
829,451,2,2
829,452,2,2
829,453,2,2
829,454,2,2
829,455,2,2
829,456,2,2
829,457,2,2
829,458,2,2
829,459,2,2
829,460,2,2
829,461,2,2
829,462,2,2
829,463,2,2
829,464,2,2
829,465,2,2
829,466,2,2
829,467,2,2
829,468,2,2
829,469,2,2
829,470,2,2
829,471,2,2
829,472,2,2
829,473,2,2
829,474,2,2
829,475,2,2
829,476,2,2
829,477,2,2
829,478,2,2
829,479,2,2
829,480,2,2
829,481,2,2
829,482,2,2
829,483,2,2
829,484,2,2
829,485,2,2
829,486,2,2
829,487,2,2
829,488,2,2
829,489,2,2
829,490,2,2
829,491,2,2
829,492,2,2
829,493,2,2
829,494,2,2
829,495,2,2
829,496,2,2
829,497,2,2
829,498,2,2
829,499,2,2
829,500,2,2
829,501,2,2
829,502,2,2
829,503,2,2
829,504,2,2
829,505,2,2
829,506,2,2
829,507,2,2
829,508,2,2
829,509,2,2
829,510,2,2
829,511,2,2
829,512,2,2
829,513,2,2
829,514,2,2
829,515,2,2
829,516,2,2
829,517,2,2
829,518,2,2
829,519,2,2
829,520,2,2
829,521,2,2
829,522,2,2
829,523,2,2
829,524,2,2
829,525,2,2
830,48,2,2
830,49,2,2
830,50,2,2
830,51,2,2
830,52,2,2
830,53,2,2
830,54,2,2
830,55,2,2
830,56,2,2
830,57,2,2
830,58,2,2
830,59,2,2
830,60,2,2
830,61,2,2
830,62,2,2
830,63,2,2
830,64,2,2
830,65,2,2
830,66,2,2
830,67,2,2
830,68,2,2
830,69,2,2
830,70,2,2
830,71,2,2
830,72,2,2
830,73,2,2
830,74,2,2
830,75,2,2
830,76,2,2
830,77,2,2
830,78,2,2
830,79,2,2
830,80,2,2
830,81,2,2
830,82,2,2
830,83,2,2
830,84,2,2
830,85,2,2
830,86,2,2
830,87,2,2
830,88,2,2
830,89,2,2
830,90,2,2
830,91,2,2
830,92,2,2
830,93,2,2
830,94,2,2
830,95,2,2
830,96,2,2
830,97,2,2
830,98,2,2
830,99,2,2
830,100,2,2
830,101,2,2
830,102,2,2
830,103,2,2
830,104,2,2
830,105,2,2
830,106,2,2
830,107,2,2
830,108,2,2
830,109,2,2
830,110,2,2
830,111,2,2
830,112,2,2
830,113,2,2
830,114,2,2
830,115,2,2
830,116,2,2
830,117,2,2
830,118,2,2
830,119,2,2
830,120,2,2
830,121,2,2
830,122,2,2
830,123,2,2
830,124,2,2
830,125,2,2
830,126,2,2
830,127,2,2
830,128,2,2
830,129,2,2
830,130,2,2
830,131,2,2
830,132,2,2
830,133,2,2
830,134,2,2
830,135,2,2
830,136,2,2
830,137,2,2
830,138,2,2
830,139,2,2
830,140,2,2
830,141,2,2
830,142,2,2
830,143,2,2
830,144,2,2
830,145,2,2
830,146,2,2
830,147,2,2
830,148,2,2
830,149,2,2
830,150,2,2
830,151,2,2
830,152,2,2
830,153,2,2
830,154,2,2
830,155,2,2
830,156,2,2
830,157,2,2
830,158,2,2
830,159,2,2
830,160,2,2
830,161,2,2
830,162,2,2
830,163,2,2
830,164,2,2
830,165,2,2
830,166,2,2
830,167,2,2
830,168,2,2
830,169,2,2
830,170,2,2
830,171,2,2
830,172,2,2
830,173,2,2
830,174,2,2
830,175,2,2
830,176,2,2
830,177,2,2
830,178,2,2
830,179,2,2
830,180,2,2
830,181,2,2
830,182,2,2
830,183,2,2
830,184,2,2
830,185,2,2
830,186,2,2
830,187,2,2
830,188,2,2
830,189,2,2
830,190,2,2
830,191,2,2
830,192,2,2
830,193,2,2
830,194,2,2
830,195,2,2
830,196,2,2
830,197,2,2
830,198,2,2
830,199,2,2
830,200,2,2
830,201,2,2
830,202,2,2
830,203,2,2
830,204,2,2
830,205,2,2
830,206,2,2
830,207,2,2
830,208,2,2
830,209,2,2
830,210,2,2
830,211,2,2
830,212,2,2
830,213,2,2
830,214,2,2
830,215,2,2
830,216,2,2
830,217,2,2
830,218,2,2
830,219,2,2
830,220,2,2
830,221,2,2
830,222,2,2
830,223,2,2
830,224,2,2
830,225,2,2
830,226,2,2
830,227,2,2
830,228,2,2
830,229,2,2
830,230,2,2
830,231,2,2
830,232,2,2
830,233,2,2
830,234,2,2
830,235,2,2
830,236,2,2
830,237,2,2
830,238,2,2
830,239,2,2
830,240,2,2
830,241,2,2
830,242,2,2
830,243,2,2
830,244,2,2
830,245,2,2
830,246,2,2
830,247,2,2
830,248,2,2
830,249,2,2
830,250,2,2
830,251,2,2
830,252,2,2
830,253,2,2
830,254,2,2
830,255,2,2
830,256,2,2
830,257,2,2
830,258,2,2
830,259,2,2
830,260,2,2
830,261,2,2
830,262,2,2
830,263,2,2
830,264,2,2
830,265,2,2
830,266,2,2
830,267,2,2
830,268,2,2
830,269,2,2
830,270,2,2
830,271,2,2
830,272,2,2
830,273,2,2
830,274,2,2
830,275,2,3
830,276,2,3
830,277,2,3
830,278,2,3
830,279,2,3
830,280,2,3
830,281,2,3
830,282,2,3
830,283,2,3
830,284,2,3
830,285,2,3
830,286,2,3
830,287,2,3
830,288,2,3
830,289,2,3
830,290,2,3
830,291,2,3
830,292,2,3
830,293,2,3
830,294,2,3
830,295,2,3
830,296,2,3
830,297,2,3
830,298,2,3
830,299,2,3
830,300,2,3
830,301,2,3
830,302,2,3
830,303,2,3
830,304,2,3
830,305,2,3
830,306,2,3
830,307,2,3
830,308,2,3
830,309,2,3
830,310,2,3
830,311,2,3
830,312,2,3
830,313,2,3
830,314,2,3
830,315,2,3
830,316,2,3
830,317,2,3
830,318,2,3
830,319,2,3
830,320,2,3
830,321,2,3
830,322,2,3
830,323,2,3
830,324,2,3
830,325,2,3
830,326,2,3
830,327,2,3
830,328,2,3
830,329,2,3
830,330,2,3
830,331,2,3
830,332,2,3
830,333,2,3
830,334,2,3
830,335,2,3
830,336,2,3
830,337,2,3
830,338,2,3
830,339,2,3
830,340,2,3
830,341,2,3
830,342,2,3
830,343,2,3
830,344,2,3
830,345,2,3
830,346,2,3
830,347,2,3
830,348,2,3
830,349,2,3
830,350,2,3
830,351,2,3
830,352,2,3
830,353,2,3
830,354,2,3
830,355,2,3
830,356,2,3
830,357,2,3
830,358,2,3
830,359,2,2
830,360,2,2
830,361,2,2
830,362,2,2
830,363,2,2
830,364,2,2
830,365,2,2
830,366,2,2
830,367,2,2
830,368,2,2
830,369,2,2
830,370,2,2
830,371,2,2
830,372,2,2
830,373,2,2
830,374,2,2
830,375,2,2
830,376,2,2
830,377,2,2
830,378,2,2
830,379,2,2
830,380,2,2
830,381,2,2
830,382,2,2
830,383,2,2
830,384,2,2
830,385,2,2
830,386,2,2
830,387,2,2
830,388,2,2
830,389,2,2
830,390,2,2
830,391,2,2
830,392,2,2
830,393,2,2
830,394,2,2
830,395,2,2
830,396,2,2
830,397,2,2
830,398,2,2
830,399,2,2
830,400,2,2
830,401,2,2
830,402,2,2
830,403,2,2
830,404,2,2
830,405,2,2
830,406,2,2
830,407,2,2
830,408,2,2
830,409,2,2
830,410,2,2
830,411,2,2
830,412,2,2
830,413,2,2
830,414,2,2
830,415,2,2
830,416,2,2
830,417,2,2
830,418,2,2
830,419,2,2
830,420,2,2
830,421,2,2
830,422,2,2
830,423,2,2
830,424,2,2
830,425,2,2
830,426,2,2
830,427,2,2
830,428,2,2
830,429,2,2
830,430,2,2
830,431,2,2
830,432,2,2
830,433,2,2
830,434,2,2
830,435,2,2
830,436,2,2
830,437,2,2
830,438,2,2
830,439,2,2
830,440,2,2
830,441,2,2
830,442,2,2
830,443,2,2
830,444,2,2
830,445,2,2
830,446,2,2
830,447,2,2
830,448,2,2
830,449,2,2
830,450,2,2
830,451,2,2
830,452,2,2
830,453,2,2
830,454,2,2
830,455,2,2
830,456,2,2
830,457,2,2
830,458,2,2
830,459,2,2
830,460,2,2
830,461,2,2
830,462,2,2
830,463,2,2
830,464,2,2
830,465,2,2
830,466,2,2
830,467,2,2
830,468,2,2
830,469,2,2
830,470,2,2
830,471,2,2
830,472,2,2
830,473,2,2
830,474,2,2
830,475,2,2
830,476,2,2
830,477,2,2
830,478,2,2
830,479,2,2
830,480,2,2
830,481,2,2
830,482,2,2
830,483,2,2
830,484,2,2
830,485,2,2
830,486,2,2
830,487,2,2
830,488,2,2
830,489,2,2
830,490,2,2
830,491,2,2
830,492,2,2
830,493,2,2
830,494,2,2
830,495,2,2
830,496,2,2
830,497,2,2
830,498,2,2
830,499,2,2
830,500,2,2
830,501,2,2
830,502,2,2
830,503,2,2
830,504,2,2
830,505,2,2
830,506,2,2
830,507,2,2
830,508,2,2
830,509,2,2
830,510,2,2
830,511,2,2
830,512,2,2
830,513,2,2
830,514,2,2
830,515,2,2
830,516,2,2
830,517,2,2
830,518,2,2
830,519,2,2
830,520,2,2
830,521,2,2
830,522,2,2
830,523,2,2
830,524,2,2
830,525,2,2
830,526,2,3
831,48,2,2
831,49,2,2
831,50,2,2
831,51,2,2
831,52,2,2
831,53,2,2
831,54,2,2
831,55,2,2
831,56,2,2
831,57,2,2
831,58,2,2
831,59,2,2
831,60,2,2
831,61,2,2
831,62,2,2
831,63,2,2
831,64,2,2
831,65,2,2
831,66,2,2
831,67,2,2
831,68,2,2
831,69,2,2
831,70,2,2
831,71,2,2
831,72,2,2
831,73,2,2
831,74,2,2
831,75,2,2
831,76,2,2
831,77,2,2
831,78,2,2
831,79,2,2
831,80,2,2
831,81,2,2
831,82,2,2
831,83,2,2
831,84,2,2
831,85,2,2
831,86,2,2
831,87,2,2
831,88,2,2
831,89,2,2
831,90,2,2
831,91,2,2
831,92,2,2
831,93,2,2
831,94,2,2
831,95,2,2
831,96,2,2
831,97,2,2
831,98,2,2
831,99,2,2
831,100,2,2
831,101,2,2
831,102,2,2
831,103,2,2
831,104,2,2
831,105,2,2
831,106,2,2
831,107,2,2
831,108,2,2
831,109,2,2
831,110,2,2
831,111,2,2
831,112,2,2
831,113,2,2
831,114,2,2
831,115,2,2
831,116,2,2
831,117,2,2
831,118,2,2
831,119,2,2
831,120,2,2
831,121,2,2
831,122,2,2
831,123,2,2
831,124,2,2
831,125,2,2
831,126,2,2
831,127,2,2
831,128,2,2
831,129,2,2
831,130,2,2
831,131,2,2
831,132,2,2
831,133,2,2
831,134,2,2
831,135,2,2
831,136,2,2
831,137,2,2
831,138,2,2
831,139,2,2
831,140,2,2
831,141,2,2
831,142,2,2
831,143,2,2
831,144,2,2
831,145,2,2
831,146,2,2
831,147,2,2
831,148,2,2
831,149,2,2
831,150,2,2
831,151,2,2
831,152,2,2
831,153,2,2
831,154,2,2
831,155,2,2
831,156,2,2
831,157,2,2
831,158,2,2
831,159,2,2
831,160,2,2
831,161,2,2
831,162,2,2
831,163,2,2
831,164,2,2
831,165,2,2
831,166,2,2
831,167,2,2
831,168,2,2
831,169,2,2
831,170,2,2
831,171,2,2
831,172,2,2
831,173,2,2
831,174,2,2
831,175,2,2
831,176,2,2
831,177,2,2
831,178,2,2
831,179,2,2
831,180,2,2
831,181,2,2
831,182,2,2
831,183,2,2
831,184,2,2
831,185,2,2
831,186,2,2
831,187,2,2
831,188,2,2
831,189,2,2
831,190,2,2
831,191,2,2
831,192,2,2
831,193,2,2
831,194,2,2
831,195,2,2
831,196,2,2
831,197,2,2
831,198,2,2
831,199,2,2
831,200,2,2
831,201,2,2
831,202,2,2
831,203,2,2
831,204,2,2
831,205,2,2
831,206,2,2
831,207,2,2
831,208,2,2
831,209,2,2
831,210,2,2
831,211,2,2
831,212,2,2
831,213,2,2
831,214,2,2
831,215,2,2
831,216,2,2
831,217,2,2
831,218,2,2
831,219,2,2
831,220,2,2
831,221,2,2
831,222,2,2
831,223,2,2
831,224,2,2
831,225,2,2
831,226,2,2
831,227,2,2
831,228,2,2
831,229,2,2
831,230,2,2
831,231,2,2
831,232,2,2
831,233,2,2
831,234,2,2
831,235,2,2
831,236,2,2
831,237,2,2
831,238,2,2
831,239,2,2
831,240,2,2
831,241,2,2
831,242,2,2
831,243,2,2
831,244,2,2
831,245,2,2
831,246,2,2
831,247,2,2
831,248,2,2
831,249,2,2
831,250,2,2
831,251,2,2
831,252,2,2
831,253,2,2
831,254,2,2
831,255,2,2
831,256,2,2
831,257,2,2
831,258,2,2
831,259,2,2
831,260,2,2
831,261,2,2
831,262,2,2
831,263,2,2
831,264,2,2
831,265,2,2
831,266,2,2
831,267,2,2
831,268,2,2
831,269,2,2
831,270,2,2
831,271,2,2
831,272,2,2
831,273,2,2
831,274,2,2
831,275,2,3
831,276,2,3
831,277,2,3
831,278,2,3
831,279,2,3
831,280,2,3
831,281,2,3
831,282,2,3
831,283,2,3
831,284,2,3
831,285,2,3
831,286,2,3
831,287,2,3
831,288,2,3
831,289,2,3
831,290,2,3
831,291,2,3
831,292,2,3
831,293,2,3
831,294,2,3
831,295,2,3
831,296,2,3
831,297,2,3
831,298,2,3
831,299,2,3
831,300,2,3
831,301,2,3
831,302,2,3
831,303,2,3
831,304,2,3
831,305,2,3
831,306,2,3
831,307,2,3
831,308,2,3
831,309,2,3
831,310,2,3
831,311,2,3
831,312,2,3
831,313,2,3
831,314,2,3
831,315,2,3
831,316,2,3
831,317,2,3
831,318,2,3
831,319,2,3
831,320,2,3
831,321,2,3
831,322,2,3
831,323,2,3
831,324,2,3
831,325,2,3
831,326,2,3
831,327,2,3
831,328,2,3
831,329,2,3
831,330,2,3
831,331,2,3
831,332,2,3
831,333,2,3
831,334,2,3
831,335,2,3
831,336,2,3
831,337,2,3
831,338,2,3
831,339,2,3
831,340,2,3
831,341,2,3
831,342,2,3
831,343,2,3
831,344,2,3
831,345,2,3
831,346,2,3
831,347,2,3
831,348,2,3
831,349,2,3
831,350,2,3
831,351,2,3
831,352,2,3
831,353,2,3
831,354,2,3
831,355,2,3
831,356,2,3
831,357,2,3
831,358,2,2
831,359,2,2
831,360,2,2
831,361,2,2
831,362,2,2
831,363,2,2
831,364,2,2
831,365,2,2
831,366,2,2
831,367,2,2
831,368,2,2
831,369,2,2
831,370,2,2
831,371,2,2
831,372,2,2
831,373,2,2
831,374,2,2
831,375,2,2
831,376,2,2
831,377,2,2
831,378,2,2
831,379,2,2
831,380,2,2
831,381,2,2
831,382,2,2
831,383,2,2
831,384,2,2
831,385,2,2
831,386,2,2
831,387,2,2
831,388,2,2
831,389,2,2
831,390,2,2
831,391,2,2
831,392,2,2
831,393,2,2
831,394,2,2
831,395,2,2
831,396,2,2
831,397,2,2
831,398,2,2
831,399,2,2
831,400,2,2
831,401,2,2
831,402,2,2
831,403,2,2
831,404,2,2
831,405,2,2
831,406,2,2
831,407,2,2
831,408,2,2
831,409,2,2
831,410,2,2
831,411,2,2
831,412,2,2
831,413,2,2
831,414,2,2
831,415,2,2
831,416,2,2
831,417,2,2
831,418,2,2
831,419,2,2
831,420,2,2
831,421,2,2
831,422,2,2
831,423,2,2
831,424,2,2
831,425,2,2
831,426,2,2
831,427,2,2
831,428,2,2
831,429,2,2
831,430,2,2
831,431,2,2
831,432,2,2
831,433,2,2
831,434,2,2
831,435,2,2
831,436,2,2
831,437,2,2
831,438,2,2
831,439,2,2
831,440,2,2
831,441,2,2
831,442,2,2
831,443,2,2
831,444,2,2
831,445,2,2
831,446,2,2
831,447,2,2
831,448,2,2
831,449,2,2
831,450,2,2
831,451,2,2
831,452,2,2
831,453,2,2
831,454,2,2
831,455,2,2
831,456,2,2
831,457,2,2
831,458,2,2
831,459,2,2
831,460,2,2
831,461,2,2
831,462,2,2
831,463,2,2
831,464,2,2
831,465,2,2
831,466,2,2
831,467,2,2
831,468,2,2
831,469,2,2
831,470,2,2
831,471,2,2
831,472,2,2
831,473,2,2
831,474,2,2
831,475,2,2
831,476,2,2
831,477,2,2
831,478,2,2
831,479,2,2
831,480,2,2
831,481,2,2
831,482,2,2
831,483,2,2
831,484,2,2
831,485,2,2
831,486,2,2
831,487,2,2
831,488,2,2
831,489,2,2
831,490,2,2
831,491,2,2
831,492,2,2
831,493,2,2
831,494,2,2
831,495,2,2
831,496,2,2
831,497,2,2
831,498,2,2
831,499,2,2
831,500,2,2
831,501,2,2
831,502,2,2
831,503,2,2
831,504,2,2
831,505,2,2
831,506,2,2
831,507,2,2
831,508,2,2
831,509,2,2
831,510,2,2
831,511,2,2
831,512,2,2
831,513,2,2
831,514,2,2
831,515,2,2
831,516,2,2
831,517,2,2
831,518,2,2
831,519,2,2
831,520,2,2
831,521,2,2
831,522,2,2
831,523,2,2
831,524,2,2
831,525,2,2
831,526,2,2
832,49,2,2
832,50,2,2
832,51,2,2
832,52,2,2
832,53,2,2
832,54,2,2
832,55,2,2
832,56,2,2
832,57,2,2
832,58,2,2
832,59,2,2
832,60,2,2
832,61,2,2
832,62,2,2
832,63,2,2
832,64,2,2
832,65,2,2
832,66,2,2
832,67,2,2
832,68,2,2
832,69,2,2
832,70,2,2
832,71,2,2
832,72,2,2
832,73,2,2
832,74,2,2
832,75,2,2
832,76,2,2
832,77,2,2
832,78,2,2
832,79,2,2
832,80,2,2
832,81,2,2
832,82,2,2
832,83,2,2
832,84,2,2
832,85,2,2
832,86,2,2
832,87,2,2
832,88,2,2
832,89,2,2
832,90,2,2
832,91,2,2
832,92,2,2
832,93,2,2
832,94,2,2
832,95,2,2
832,96,2,2
832,97,2,2
832,98,2,2
832,99,2,2
832,100,2,2
832,101,2,2
832,102,2,2
832,103,2,2
832,104,2,2
832,105,2,2
832,106,2,2
832,107,2,2
832,108,2,2
832,109,2,2
832,110,2,2
832,111,2,2
832,112,2,2
832,113,2,2
832,114,2,2
832,115,2,2
832,116,2,2
832,117,2,2
832,118,2,2
832,119,2,2
832,120,2,2
832,121,2,2
832,122,2,2
832,123,2,2
832,124,2,2
832,125,2,2
832,126,2,2
832,127,2,2
832,128,2,2
832,129,2,2
832,130,2,2
832,131,2,2
832,132,2,2
832,133,2,2
832,134,2,2
832,135,2,2
832,136,2,2
832,137,2,2
832,138,2,2
832,139,2,2
832,140,2,2
832,141,2,2
832,142,2,2
832,143,2,2
832,144,2,2
832,145,2,2
832,146,2,2
832,147,2,2
832,148,2,2
832,149,2,2
832,150,2,2
832,151,2,2
832,152,2,2
832,153,2,2
832,154,2,2
832,155,2,2
832,156,2,2
832,157,2,2
832,158,2,2
832,159,2,2
832,160,2,2
832,161,2,2
832,162,2,2
832,163,2,2
832,164,2,2
832,165,2,2
832,166,2,2
832,167,2,2
832,168,2,2
832,169,2,2
832,170,2,2
832,171,2,2
832,172,2,2
832,173,2,2
832,174,2,2
832,175,2,2
832,176,2,2
832,177,2,2
832,178,2,2
832,179,2,2
832,180,2,2
832,181,2,2
832,182,2,2
832,183,2,2
832,184,2,2
832,185,2,2
832,186,2,2
832,187,2,2
832,188,2,2
832,189,2,2
832,190,2,2
832,191,2,2
832,192,2,2
832,193,2,2
832,194,2,2
832,195,2,2
832,196,2,2
832,197,2,2
832,198,2,2
832,199,2,2
832,200,2,2
832,201,2,2
832,202,2,2
832,203,2,2
832,204,2,2
832,205,2,2
832,206,2,2
832,207,2,2
832,208,2,2
832,209,2,2
832,210,2,2
832,211,2,2
832,212,2,2
832,213,2,2
832,214,2,2
832,215,2,2
832,216,2,2
832,217,2,2
832,218,2,2
832,219,2,2
832,220,2,2
832,221,2,2
832,222,2,2
832,223,2,2
832,224,2,2
832,225,2,2
832,226,2,2
832,227,2,2
832,228,2,2
832,229,2,2
832,230,2,2
832,231,2,2
832,232,2,2
832,233,2,2
832,234,2,2
832,235,2,2
832,236,2,2
832,237,2,2
832,238,2,2
832,239,2,2
832,240,2,2
832,241,2,2
832,242,2,2
832,243,2,2
832,244,2,2
832,245,2,2
832,246,2,2
832,247,2,2
832,248,2,2
832,249,2,2
832,250,2,2
832,251,2,2
832,252,2,2
832,253,2,2
832,254,2,2
832,255,2,2
832,256,2,2
832,257,2,2
832,258,2,2
832,259,2,2
832,260,2,2
832,261,2,2
832,262,2,2
832,263,2,2
832,264,2,2
832,265,2,2
832,266,2,2
832,267,2,2
832,268,2,2
832,269,2,2
832,270,2,2
832,271,2,2
832,272,2,2
832,273,2,2
832,274,2,2
832,275,2,2
832,276,2,3
832,277,2,3
832,278,2,3
832,279,2,3
832,280,2,3
832,281,2,3
832,282,2,3
832,283,2,3
832,284,2,3
832,285,2,3
832,286,2,3
832,287,2,3
832,288,2,3
832,289,2,3
832,290,2,3
832,291,2,3
832,292,2,3
832,293,2,3
832,294,2,3
832,295,2,3
832,296,2,3
832,297,2,3
832,298,2,3
832,299,2,3
832,300,2,3
832,301,2,3
832,302,2,3
832,303,2,3
832,304,2,3
832,305,2,3
832,306,2,3
832,307,2,3
832,308,2,3
832,309,2,3
832,310,2,3
832,311,2,3
832,312,2,3
832,313,2,3
832,314,2,3
832,315,2,3
832,316,2,3
832,317,2,3
832,318,2,3
832,319,2,3
832,320,2,3
832,321,2,3
832,322,2,3
832,323,2,3
832,324,2,3
832,325,2,3
832,326,2,3
832,327,2,3
832,328,2,3
832,329,2,3
832,330,2,3
832,331,2,3
832,332,2,3
832,333,2,3
832,334,2,3
832,335,2,3
832,336,2,3
832,337,2,3
832,338,2,3
832,339,2,3
832,340,2,3
832,341,2,3
832,342,2,3
832,343,2,3
832,344,2,3
832,345,2,3
832,346,2,3
832,347,2,3
832,348,2,3
832,349,2,3
832,350,2,3
832,351,2,3
832,352,2,3
832,353,2,3
832,354,2,3
832,355,2,3
832,356,2,3
832,357,2,3
832,358,2,2
832,359,2,2
832,360,2,2
832,361,2,2
832,362,2,2
832,363,2,2
832,364,2,2
832,365,2,2
832,366,2,2
832,367,2,2
832,368,2,2
832,369,2,2
832,370,2,2
832,371,2,2
832,372,2,2
832,373,2,2
832,374,2,2
832,375,2,2
832,376,2,2
832,377,2,2
832,378,2,2
832,379,2,2
832,380,2,2
832,381,2,2
832,382,2,2
832,383,2,2
832,384,2,2
832,385,2,2
832,386,2,2
832,387,2,2
832,388,2,2
832,389,2,2
832,390,2,2
832,391,2,2
832,392,2,2
832,393,2,2
832,394,2,2
832,395,2,2
832,396,2,2
832,397,2,2
832,398,2,2
832,399,2,2
832,400,2,2
832,401,2,2
832,402,2,2
832,403,2,2
832,404,2,2
832,405,2,2
832,406,2,2
832,407,2,2
832,408,2,2
832,409,2,2
832,410,2,2
832,411,2,2
832,412,2,2
832,413,2,2
832,414,2,2
832,415,2,2
832,416,2,2
832,417,2,2
832,418,2,2
832,419,2,2
832,420,2,2
832,421,2,2
832,422,2,2
832,423,2,2
832,424,2,2
832,425,2,2
832,426,2,2
832,427,2,2
832,428,2,2
832,429,2,2
832,430,2,2
832,431,2,2
832,432,2,2
832,433,2,2
832,434,2,2
832,435,2,2
832,436,2,2
832,437,2,2
832,438,2,2
832,439,2,2
832,440,2,2
832,441,2,2
832,442,2,2
832,443,2,2
832,444,2,2
832,445,2,2
832,446,2,2
832,447,2,2
832,448,2,2
832,449,2,2
832,450,2,2
832,451,2,2
832,452,2,2
832,453,2,2
832,454,2,2
832,455,2,2
832,456,2,2
832,457,2,2
832,458,2,2
832,459,2,2
832,460,2,2
832,461,2,2
832,462,2,2
832,463,2,2
832,464,2,2
832,465,2,2
832,466,2,2
832,467,2,2
832,468,2,2
832,469,2,2
832,470,2,2
832,471,2,2
832,472,2,2
832,473,2,2
832,474,2,2
832,475,2,2
832,476,2,2
832,477,2,2
832,478,2,2
832,479,2,2
832,480,2,2
832,481,2,2
832,482,2,2
832,483,2,2
832,484,2,2
832,485,2,2
832,486,2,2
832,487,2,2
832,488,2,2
832,489,2,2
832,490,2,2
832,491,2,2
832,492,2,2
832,493,2,2
832,494,2,2
832,495,2,2
832,496,2,2
832,497,2,2
832,498,2,2
832,499,2,2
832,500,2,2
832,501,2,2
832,502,2,2
832,503,2,2
832,504,2,2
832,505,2,2
832,506,2,2
832,507,2,2
832,508,2,2
832,509,2,2
832,510,2,2
832,511,2,2
832,512,2,2
832,513,2,2
832,514,2,2
832,515,2,2
832,516,2,2
832,517,2,2
832,518,2,2
832,519,2,2
832,520,2,2
832,521,2,2
832,522,2,2
832,523,2,2
832,524,2,2
832,525,2,2
832,526,2,2
832,527,2,3
832,528,2,3
833,50,2,2
833,51,2,2
833,52,2,2
833,53,2,2
833,54,2,2
833,55,2,2
833,56,2,2
833,57,2,2
833,58,2,2
833,59,2,2
833,60,2,2
833,61,2,2
833,62,2,2
833,63,2,2
833,64,2,2
833,65,2,2
833,66,2,2
833,67,2,2
833,68,2,2
833,69,2,2
833,70,2,2
833,71,2,2
833,72,2,2
833,73,2,2
833,74,2,2
833,75,2,2
833,76,2,2
833,77,2,2
833,78,2,2
833,79,2,2
833,80,2,2
833,81,2,2
833,82,2,2
833,83,2,2
833,84,2,2
833,85,2,2
833,86,2,2
833,87,2,2
833,88,2,2
833,89,2,2
833,90,2,2
833,91,2,2
833,92,2,2
833,93,2,2
833,94,2,2
833,95,2,2
833,96,2,2
833,97,2,2
833,98,2,2
833,99,2,2
833,100,2,2
833,101,2,2
833,102,2,2
833,103,2,2
833,104,2,2
833,105,2,2
833,106,2,2
833,107,2,2
833,108,2,2
833,109,2,2
833,110,2,2
833,111,2,2
833,112,2,2
833,113,2,2
833,114,2,2
833,115,2,2
833,116,2,2
833,117,2,2
833,118,2,2
833,119,2,2
833,120,2,2
833,121,2,2
833,122,2,2
833,123,2,2
833,124,2,2
833,125,2,2
833,126,2,2
833,127,2,2
833,128,2,2
833,129,2,2
833,130,2,2
833,131,2,2
833,132,2,2
833,133,2,2
833,134,2,2
833,135,2,2
833,136,2,2
833,137,2,2
833,138,2,2
833,139,2,2
833,140,2,2
833,141,2,2
833,142,2,2
833,143,2,2
833,144,2,2
833,145,2,2
833,146,2,2
833,147,2,2
833,148,2,2
833,149,2,2
833,150,2,2
833,151,2,2
833,152,2,2
833,153,2,2
833,154,2,2
833,155,2,2
833,156,2,2
833,157,2,2
833,158,2,2
833,159,2,2
833,160,2,2
833,161,2,2
833,162,2,2
833,163,2,2
833,164,2,2
833,165,2,2
833,166,2,2
833,167,2,2
833,168,2,2
833,169,2,2
833,170,2,2
833,171,2,2
833,172,2,2
833,173,2,2
833,174,2,2
833,175,2,2
833,176,2,2
833,177,2,2
833,178,2,2
833,179,2,2
833,180,2,2
833,181,2,2
833,182,2,2
833,183,2,2
833,184,2,2
833,185,2,2
833,186,2,2
833,187,2,2
833,188,2,2
833,189,2,2
833,190,2,2
833,191,2,2
833,192,2,2
833,193,2,2
833,194,2,2
833,195,2,2
833,196,2,2
833,197,2,2
833,198,2,2
833,199,2,2
833,200,2,2
833,201,2,2
833,202,2,2
833,203,2,2
833,204,2,2
833,205,2,2
833,206,2,2
833,207,2,2
833,208,2,2
833,209,2,2
833,210,2,2
833,211,2,2
833,212,2,2
833,213,2,2
833,214,2,2
833,215,2,2
833,216,2,2
833,217,2,2
833,218,2,2
833,219,2,2
833,220,2,2
833,221,2,2
833,222,2,2
833,223,2,2
833,224,2,2
833,225,2,2
833,226,2,2
833,227,2,2
833,228,2,2
833,229,2,2
833,230,2,2
833,231,2,2
833,232,2,2
833,233,2,2
833,234,2,2
833,235,2,2
833,236,2,2
833,237,2,2
833,238,2,2
833,239,2,2
833,240,2,2
833,241,2,2
833,242,2,2
833,243,2,2
833,244,2,2
833,245,2,2
833,246,2,2
833,247,2,2
833,248,2,2
833,249,2,2
833,250,2,2
833,251,2,2
833,252,2,2
833,253,2,2
833,254,2,2
833,255,2,2
833,256,2,2
833,257,2,2
833,258,2,2
833,259,2,2
833,260,2,2
833,261,2,2
833,262,2,2
833,263,2,2
833,264,2,2
833,265,2,2
833,266,2,2
833,267,2,2
833,268,2,2
833,269,2,2
833,270,2,2
833,271,2,2
833,272,2,2
833,273,2,2
833,274,2,2
833,275,2,2
833,276,2,3
833,277,2,3
833,278,2,3
833,279,2,3
833,280,2,3
833,281,2,3
833,282,2,3
833,283,2,3
833,284,2,3
833,285,2,3
833,286,2,3
833,287,2,3
833,288,2,3
833,289,2,3
833,290,2,3
833,291,2,3
833,292,2,3
833,293,2,3
833,294,2,3
833,295,2,3
833,296,2,3
833,297,2,3
833,298,2,3
833,299,2,3
833,300,2,3
833,301,2,3
833,302,2,3
833,303,2,3
833,304,2,3
833,305,2,3
833,306,2,3
833,307,2,3
833,308,2,3
833,309,2,3
833,310,2,3
833,311,2,3
833,312,2,3
833,313,2,3
833,314,2,3
833,315,2,3
833,316,2,3
833,317,2,3
833,318,2,3
833,319,2,3
833,320,2,3
833,321,2,3
833,322,2,3
833,323,2,3
833,324,2,3
833,325,2,3
833,326,2,3
833,327,2,3
833,328,2,3
833,329,2,3
833,330,2,3
833,331,2,3
833,332,2,3
833,333,2,3
833,334,2,3
833,335,2,3
833,336,2,3
833,337,2,3
833,338,2,3
833,339,2,3
833,340,2,3
833,341,2,3
833,342,2,3
833,343,2,3
833,344,2,3
833,345,2,3
833,346,2,3
833,347,2,3
833,348,2,3
833,349,2,3
833,350,2,3
833,351,2,3
833,352,2,3
833,353,2,3
833,354,2,3
833,355,2,3
833,356,2,3
833,357,2,2
833,358,2,2
833,359,2,2
833,360,2,2
833,361,2,2
833,362,2,2
833,363,2,2
833,364,2,2
833,365,2,2
833,366,2,2
833,367,2,2
833,368,2,2
833,369,2,2
833,370,2,2
833,371,2,2
833,372,2,2
833,373,2,2
833,374,2,2
833,375,2,2
833,376,2,2
833,377,2,2
833,378,2,2
833,379,2,2
833,380,2,2
833,381,2,2
833,382,2,2
833,383,2,2
833,384,2,2
833,385,2,2
833,386,2,2
833,387,2,2
833,388,2,2
833,389,2,2
833,390,2,2
833,391,2,2
833,392,2,2
833,393,2,2
833,394,2,2
833,395,2,2
833,396,2,2
833,397,2,2
833,398,2,2
833,399,2,2
833,400,2,2
833,401,2,2
833,402,2,2
833,403,2,2
833,404,2,2
833,405,2,2
833,406,2,2
833,407,2,2
833,408,2,2
833,409,2,2
833,410,2,2
833,411,2,2
833,412,2,2
833,413,2,2
833,414,2,2
833,415,2,2
833,416,2,2
833,417,2,2
833,418,2,2
833,419,2,2
833,420,2,2
833,421,2,2
833,422,2,2
833,423,2,2
833,424,2,2
833,425,2,2
833,426,2,2
833,427,2,2
833,428,2,2
833,429,2,2
833,430,2,2
833,431,2,2
833,432,2,2
833,433,2,2
833,434,2,2
833,435,2,2
833,436,2,2
833,437,2,2
833,438,2,2
833,439,2,2
833,440,2,2
833,441,2,2
833,442,2,2
833,443,2,2
833,444,2,2
833,445,2,2
833,446,2,2
833,447,2,2
833,448,2,2
833,449,2,2
833,450,2,2
833,451,2,2
833,452,2,2
833,453,2,2
833,454,2,2
833,455,2,2
833,456,2,2
833,457,2,2
833,458,2,2
833,459,2,2
833,460,2,2
833,461,2,2
833,462,2,2
833,463,2,2
833,464,2,2
833,465,2,2
833,466,2,2
833,467,2,2
833,468,2,2
833,469,2,2
833,470,2,2
833,471,2,2
833,472,2,2
833,473,2,2
833,474,2,2
833,475,2,2
833,476,2,2
833,477,2,2
833,478,2,2
833,479,2,2
833,480,2,2
833,481,2,2
833,482,2,2
833,483,2,2
833,484,2,2
833,485,2,2
833,486,2,2
833,487,2,2
833,488,2,2
833,489,2,2
833,490,2,2
833,491,2,2
833,492,2,2
833,493,2,2
833,494,2,2
833,495,2,2
833,496,2,2
833,497,2,2
833,498,2,2
833,499,2,2
833,500,2,2
833,501,2,2
833,502,2,2
833,503,2,2
833,504,2,2
833,505,2,2
833,506,2,2
833,507,2,2
833,508,2,2
833,509,2,2
833,510,2,2
833,511,2,2
833,512,2,2
833,513,2,2
833,514,2,2
833,515,2,2
833,516,2,2
833,517,2,2
833,518,2,2
833,519,2,2
833,520,2,2
833,521,2,2
833,522,2,2
833,523,2,2
833,524,2,2
833,525,2,2
833,526,2,2
833,527,2,2
833,528,2,3
834,51,2,2
834,52,2,2
834,53,2,2
834,54,2,2
834,55,2,2
834,56,2,2
834,57,2,2
834,58,2,2
834,59,2,2
834,60,2,2
834,61,2,2
834,62,2,2
834,63,2,2
834,64,2,2
834,65,2,2
834,66,2,2
834,67,2,2
834,68,2,2
834,69,2,2
834,70,2,2
834,71,2,2
834,72,2,2
834,73,2,2
834,74,2,2
834,75,2,2
834,76,2,2
834,77,2,2
834,78,2,2
834,79,2,2
834,80,2,2
834,81,2,2
834,82,2,2
834,83,2,2
834,84,2,2
834,85,2,2
834,86,2,2
834,87,2,2
834,88,2,2
834,89,2,2
834,90,2,2
834,91,2,2
834,92,2,2
834,93,2,2
834,94,2,2
834,95,2,2
834,96,2,2
834,97,2,2
834,98,2,2
834,99,2,2
834,100,2,2
834,101,2,2
834,102,2,2
834,103,2,2
834,104,2,2
834,105,2,2
834,106,2,2
834,107,2,2
834,108,2,2
834,109,2,2
834,110,2,2
834,111,2,2
834,112,2,2
834,113,2,2
834,114,2,2
834,115,2,2
834,116,2,2
834,117,2,2
834,118,2,2
834,119,2,2
834,120,2,2
834,121,2,2
834,122,2,2
834,123,2,2
834,124,2,2
834,125,2,2
834,126,2,2
834,127,2,2
834,128,2,2
834,129,2,2
834,130,2,2
834,131,2,2
834,132,2,2
834,133,2,2
834,134,2,2
834,135,2,2
834,136,2,2
834,137,2,2
834,138,2,2
834,139,2,2
834,140,2,2
834,141,2,2
834,142,2,2
834,143,2,2
834,144,2,2
834,145,2,2
834,146,2,2
834,147,2,2
834,148,2,2
834,149,2,2
834,150,2,2
834,151,2,2
834,152,2,2
834,153,2,2
834,154,2,2
834,155,2,2
834,156,2,2
834,157,2,2
834,158,2,2
834,159,2,2
834,160,2,2
834,161,2,2
834,162,2,2
834,163,2,2
834,164,2,2
834,165,2,2
834,166,2,2
834,167,2,2
834,168,2,2
834,169,2,2
834,170,2,2
834,171,2,2
834,172,2,2
834,173,2,2
834,174,2,2
834,175,2,2
834,176,2,2
834,177,2,2
834,178,2,2
834,179,2,2
834,180,2,2
834,181,2,2
834,182,2,2
834,183,2,2
834,184,2,2
834,185,2,2
834,186,2,2
834,187,2,2
834,188,2,2
834,189,2,2
834,190,2,2
834,191,2,2
834,192,2,2
834,193,2,2
834,194,2,2
834,195,2,2
834,196,2,2
834,197,2,2
834,198,2,2
834,199,2,2
834,200,2,2
834,201,2,2
834,202,2,2
834,203,2,2
834,204,2,2
834,205,2,2
834,206,2,2
834,207,2,2
834,208,2,2
834,209,2,2
834,210,2,2
834,211,2,2
834,212,2,2
834,213,2,2
834,214,2,2
834,215,2,2
834,216,2,2
834,217,2,2
834,218,2,2
834,219,2,2
834,220,2,2
834,221,2,2
834,222,2,2
834,223,2,2
834,224,2,2
834,225,2,2
834,226,2,2
834,227,2,2
834,228,2,2
834,229,2,2
834,230,2,2
834,231,2,2
834,232,2,2
834,233,2,2
834,234,2,2
834,235,2,2
834,236,2,2
834,237,2,2
834,238,2,2
834,239,2,2
834,240,2,2
834,241,2,2
834,242,2,2
834,243,2,2
834,244,2,2
834,245,2,2
834,246,2,2
834,247,2,2
834,248,2,2
834,249,2,2
834,250,2,2
834,251,2,2
834,252,2,2
834,253,2,2
834,254,2,2
834,255,2,2
834,256,2,2
834,257,2,2
834,258,2,2
834,259,2,2
834,260,2,2
834,261,2,2
834,262,2,2
834,263,2,2
834,264,2,2
834,265,2,2
834,266,2,2
834,267,2,2
834,268,2,2
834,269,2,2
834,270,2,2
834,271,2,2
834,272,2,2
834,273,2,2
834,274,2,2
834,275,2,2
834,276,2,3
834,277,2,3
834,278,2,3
834,279,2,3
834,280,2,3
834,281,2,3
834,282,2,3
834,283,2,3
834,284,2,3
834,285,2,3
834,286,2,3
834,287,2,3
834,288,2,3
834,289,2,3
834,290,2,3
834,291,2,3
834,292,2,3
834,293,2,3
834,294,2,3
834,295,2,3
834,296,2,3
834,297,2,3
834,298,2,3
834,299,2,3
834,300,2,3
834,301,2,3
834,302,2,3
834,303,2,3
834,304,2,3
834,305,2,3
834,306,2,3
834,307,2,3
834,308,2,3
834,309,2,3
834,310,2,3
834,311,2,3
834,312,2,3
834,313,2,3
834,314,2,3
834,315,2,3
834,316,2,3
834,317,2,3
834,318,2,3
834,319,2,3
834,320,2,3
834,321,2,3
834,322,2,3
834,323,2,3
834,324,2,3
834,325,2,3
834,326,2,3
834,327,2,3
834,328,2,3
834,329,2,3
834,330,2,3
834,331,2,3
834,332,2,3
834,333,2,3
834,334,2,3
834,335,2,3
834,336,2,3
834,337,2,3
834,338,2,3
834,339,2,3
834,340,2,3
834,341,2,3
834,342,2,3
834,343,2,3
834,344,2,3
834,345,2,3
834,346,2,3
834,347,2,3
834,348,2,3
834,349,2,3
834,350,2,3
834,351,2,3
834,352,2,3
834,353,2,3
834,354,2,3
834,355,2,3
834,356,2,3
834,357,2,2
834,358,2,2
834,359,2,2
834,360,2,2
834,361,2,2
834,362,2,2
834,363,2,2
834,364,2,2
834,365,2,2
834,366,2,2
834,367,2,2
834,368,2,2
834,369,2,2
834,370,2,2
834,371,2,2
834,372,2,2
834,373,2,2
834,374,2,2
834,375,2,2
834,376,2,2
834,377,2,2
834,378,2,2
834,379,2,2
834,380,2,2
834,381,2,2
834,382,2,2
834,383,2,2
834,384,2,2
834,385,2,2
834,386,2,2
834,387,2,2
834,388,2,2
834,389,2,2
834,390,2,2
834,391,2,2
834,392,2,2
834,393,2,2
834,394,2,2
834,395,2,2
834,396,2,2
834,397,2,2
834,398,2,2
834,399,2,2
834,400,2,2
834,401,2,2
834,402,2,2
834,403,2,2
834,404,2,2
834,405,2,2
834,406,2,2
834,407,2,2
834,408,2,2
834,409,2,2
834,410,2,2
834,411,2,2
834,412,2,2
834,413,2,2
834,414,2,2
834,415,2,2
834,416,2,2
834,417,2,2
834,418,2,2
834,419,2,2
834,420,2,2
834,421,2,2
834,422,2,2
834,423,2,2
834,424,2,2
834,425,2,2
834,426,2,2
834,427,2,2
834,428,2,2
834,429,2,2
834,430,2,2
834,431,2,2
834,432,2,2
834,433,2,2
834,434,2,2
834,435,2,2
834,436,2,2
834,437,2,2
834,438,2,2
834,439,2,2
834,440,2,2
834,441,2,2
834,442,2,2
834,443,2,2
834,444,2,2
834,445,2,2
834,446,2,2
834,447,2,2
834,448,2,2
834,449,2,2
834,450,2,2
834,451,2,2
834,452,2,2
834,453,2,2
834,454,2,2
834,455,2,2
834,456,2,2
834,457,2,2
834,458,2,2
834,459,2,2
834,460,2,2
834,461,2,2
834,462,2,2
834,463,2,2
834,464,2,2
834,465,2,2
834,466,2,2
834,467,2,2
834,468,2,2
834,469,2,2
834,470,2,2
834,471,2,2
834,472,2,2
834,473,2,2
834,474,2,2
834,475,2,2
834,476,2,2
834,477,2,2
834,478,2,2
834,479,2,2
834,480,2,2
834,481,2,2
834,482,2,2
834,483,2,2
834,484,2,2
834,485,2,2
834,486,2,2
834,487,2,2
834,488,2,2
834,489,2,2
834,490,2,2
834,491,2,2
834,492,2,2
834,493,2,2
834,494,2,2
834,495,2,2
834,496,2,2
834,497,2,2
834,498,2,2
834,499,2,2
834,500,2,2
834,501,2,2
834,502,2,2
834,503,2,2
834,504,2,2
834,505,2,2
834,506,2,2
834,507,2,2
834,508,2,2
834,509,2,2
834,510,2,2
834,511,2,2
834,512,2,2
834,513,2,2
834,514,2,2
834,515,2,2
834,516,2,2
834,517,2,2
834,518,2,2
834,519,2,2
834,520,2,2
834,521,2,2
834,522,2,2
834,523,2,2
834,524,2,2
834,525,2,2
834,526,2,2
834,527,2,2
834,528,2,3
834,529,2,3
835,52,2,2
835,53,2,2
835,54,2,2
835,55,2,2
835,56,2,2
835,57,2,2
835,58,2,2
835,59,2,2
835,60,2,2
835,61,2,2
835,62,2,2
835,63,2,2
835,64,2,2
835,65,2,2
835,66,2,2
835,67,2,2
835,68,2,2
835,69,2,2
835,70,2,2
835,71,2,2
835,72,2,2
835,73,2,2
835,74,2,2
835,75,2,2
835,76,2,2
835,77,2,2
835,78,2,2
835,79,2,2
835,80,2,2
835,81,2,2
835,82,2,2
835,83,2,2
835,84,2,2
835,85,2,2
835,86,2,2
835,87,2,2
835,88,2,2
835,89,2,2
835,90,2,2
835,91,2,2
835,92,2,2
835,93,2,2
835,94,2,2
835,95,2,2
835,96,2,2
835,97,2,2
835,98,2,2
835,99,2,2
835,100,2,2
835,101,2,2
835,102,2,2
835,103,2,2
835,104,2,2
835,105,2,2
835,106,2,2
835,107,2,2
835,108,2,2
835,109,2,2
835,110,2,2
835,111,2,2
835,112,2,2
835,113,2,2
835,114,2,2
835,115,2,2
835,116,2,2
835,117,2,2
835,118,2,2
835,119,2,2
835,120,2,2
835,121,2,2
835,122,2,2
835,123,2,2
835,124,2,2
835,125,2,2
835,126,2,2
835,127,2,2
835,128,2,2
835,129,2,2
835,130,2,2
835,131,2,2
835,132,2,2
835,133,2,2
835,134,2,2
835,135,2,2
835,136,2,2
835,137,2,2
835,138,2,2
835,139,2,2
835,140,2,2
835,141,2,2
835,142,2,2
835,143,2,2
835,144,2,2
835,145,2,2
835,146,2,2
835,147,2,2
835,148,2,2
835,149,2,2
835,150,2,2
835,151,2,2
835,152,2,2
835,153,2,2
835,154,2,2
835,155,2,2
835,156,2,2
835,157,2,2
835,158,2,2
835,159,2,2
835,160,2,2
835,161,2,2
835,162,2,2
835,163,2,2
835,164,2,2
835,165,2,2
835,166,2,2
835,167,2,2
835,168,2,2
835,169,2,2
835,170,2,2
835,171,2,2
835,172,2,2
835,173,2,2
835,174,2,2
835,175,2,2
835,176,2,2
835,177,2,2
835,178,2,2
835,179,2,2
835,180,2,2
835,181,2,2
835,182,2,2
835,183,2,2
835,184,2,2
835,185,2,2
835,186,2,2
835,187,2,2
835,188,2,2
835,189,2,2
835,190,2,2
835,191,2,2
835,192,2,2
835,193,2,2
835,194,2,2
835,195,2,2
835,196,2,2
835,197,2,2
835,198,2,2
835,199,2,2
835,200,2,2
835,201,2,2
835,202,2,2
835,203,2,2
835,204,2,2
835,205,2,2
835,206,2,2
835,207,2,2
835,208,2,2
835,209,2,2
835,210,2,2
835,211,2,2
835,212,2,2
835,213,2,2
835,214,2,2
835,215,2,2
835,216,2,2
835,217,2,2
835,218,2,2
835,219,2,2
835,220,2,2
835,221,2,2
835,222,2,2
835,223,2,2
835,224,2,2
835,225,2,2
835,226,2,2
835,227,2,2
835,228,2,2
835,229,2,2
835,230,2,2
835,231,2,2
835,232,2,2
835,233,2,2
835,234,2,2
835,235,2,2
835,236,2,2
835,237,2,2
835,238,2,2
835,239,2,2
835,240,2,2
835,241,2,2
835,242,2,2
835,243,2,2
835,244,2,2
835,245,2,2
835,246,2,2
835,247,2,2
835,248,2,2
835,249,2,2
835,250,2,2
835,251,2,2
835,252,2,2
835,253,2,2
835,254,2,2
835,255,2,2
835,256,2,2
835,257,2,2
835,258,2,2
835,259,2,2
835,260,2,2
835,261,2,2
835,262,2,2
835,263,2,2
835,264,2,2
835,265,2,2
835,266,2,2
835,267,2,2
835,268,2,2
835,269,2,2
835,270,2,2
835,271,2,2
835,272,2,2
835,273,2,2
835,274,2,2
835,275,2,2
835,276,2,3
835,277,2,3
835,278,2,3
835,279,2,3
835,280,2,3
835,281,2,3
835,282,2,3
835,283,2,3
835,284,2,3
835,285,2,3
835,286,2,3
835,287,2,3
835,288,2,3
835,289,2,3
835,290,2,3
835,291,2,3
835,292,2,3
835,293,2,3
835,294,2,3
835,295,2,3
835,296,2,3
835,297,2,3
835,298,2,3
835,299,2,3
835,300,2,3
835,301,2,3
835,302,2,3
835,303,2,3
835,304,2,3
835,305,2,3
835,306,2,3
835,307,2,3
835,308,2,3
835,309,2,3
835,310,2,3
835,311,2,3
835,312,2,3
835,313,2,3
835,314,2,3
835,315,2,3
835,316,2,3
835,317,2,3
835,318,2,3
835,319,2,3
835,320,2,3
835,321,2,3
835,322,2,3
835,323,2,3
835,324,2,3
835,325,2,3
835,326,2,3
835,327,2,3
835,328,2,3
835,329,2,3
835,330,2,3
835,331,2,3
835,332,2,3
835,333,2,3
835,334,2,3
835,335,2,3
835,336,2,3
835,337,2,3
835,338,2,3
835,339,2,3
835,340,2,3
835,341,2,3
835,342,2,3
835,343,2,3
835,344,2,3
835,345,2,3
835,346,2,3
835,347,2,3
835,348,2,3
835,349,2,3
835,350,2,3
835,351,2,3
835,352,2,3
835,353,2,3
835,354,2,3
835,355,2,3
835,356,2,2
835,357,2,2
835,358,2,2
835,359,2,2
835,360,2,2
835,361,2,2
835,362,2,2
835,363,2,2
835,364,2,2
835,365,2,2
835,366,2,2
835,367,2,2
835,368,2,2
835,369,2,2
835,370,2,2
835,371,2,2
835,372,2,2
835,373,2,2
835,374,2,2
835,375,2,2
835,376,2,2
835,377,2,2
835,378,2,2
835,379,2,2
835,380,2,2
835,381,2,2
835,382,2,2
835,383,2,2
835,384,2,2
835,385,2,2
835,386,2,2
835,387,2,2
835,388,2,2
835,389,2,2
835,390,2,2
835,391,2,2
835,392,2,2
835,393,2,2
835,394,2,2
835,395,2,2
835,396,2,2
835,397,2,2
835,398,2,2
835,399,2,2
835,400,2,2
835,401,2,2
835,402,2,2
835,403,2,2
835,404,2,2
835,405,2,2
835,406,2,2
835,407,2,2
835,408,2,2
835,409,2,2
835,410,2,2
835,411,2,2
835,412,2,2
835,413,2,2
835,414,2,2
835,415,2,2
835,416,2,2
835,417,2,2
835,418,2,2
835,419,2,2
835,420,2,2
835,421,2,2
835,422,2,2
835,423,2,2
835,424,2,2
835,425,2,2
835,426,2,2
835,427,2,2
835,428,2,2
835,429,2,2
835,430,2,2
835,431,2,2
835,432,2,2
835,433,2,2
835,434,2,2
835,435,2,2
835,436,2,2
835,437,2,2
835,438,2,2
835,439,2,2
835,440,2,2
835,441,2,2
835,442,2,2
835,443,2,2
835,444,2,2
835,445,2,2
835,446,2,2
835,447,2,2
835,448,2,2
835,449,2,2
835,450,2,2
835,451,2,2
835,452,2,2
835,453,2,2
835,454,2,2
835,455,2,2
835,456,2,2
835,457,2,2
835,458,2,2
835,459,2,2
835,460,2,2
835,461,2,2
835,462,2,2
835,463,2,2
835,464,2,2
835,465,2,2
835,466,2,2
835,467,2,2
835,468,2,2
835,469,2,2
835,470,2,2
835,471,2,2
835,472,2,2
835,473,2,2
835,474,2,2
835,475,2,2
835,476,2,2
835,477,2,2
835,478,2,2
835,479,2,2
835,480,2,2
835,481,2,2
835,482,2,2
835,483,2,2
835,484,2,2
835,485,2,2
835,486,2,2
835,487,2,2
835,488,2,2
835,489,2,2
835,490,2,2
835,491,2,2
835,492,2,2
835,493,2,2
835,494,2,2
835,495,2,2
835,496,2,2
835,497,2,2
835,498,2,2
835,499,2,2
835,500,2,2
835,501,2,2
835,502,2,2
835,503,2,2
835,504,2,2
835,505,2,2
835,506,2,2
835,507,2,2
835,508,2,2
835,509,2,2
835,510,2,2
835,511,2,2
835,512,2,2
835,513,2,2
835,514,2,2
835,515,2,2
835,516,2,2
835,517,2,2
835,518,2,2
835,519,2,2
835,520,2,2
835,521,2,2
835,522,2,2
835,523,2,2
835,524,2,2
835,525,2,2
835,526,2,2
835,527,2,2
835,528,2,2
835,529,2,3
836,53,2,2
836,54,2,2
836,55,2,2
836,56,2,2
836,57,2,2
836,58,2,2
836,59,2,2
836,60,2,2
836,61,2,2
836,62,2,2
836,63,2,2
836,64,2,2
836,65,2,2
836,66,2,2
836,67,2,2
836,68,2,2
836,69,2,2
836,70,2,2
836,71,2,2
836,72,2,2
836,73,2,2
836,74,2,2
836,75,2,2
836,76,2,2
836,77,2,2
836,78,2,2
836,79,2,2
836,80,2,2
836,81,2,2
836,82,2,2
836,83,2,2
836,84,2,2
836,85,2,2
836,86,2,2
836,87,2,2
836,88,2,2
836,89,2,2
836,90,2,2
836,91,2,2
836,92,2,2
836,93,2,2
836,94,2,2
836,95,2,2
836,96,2,2
836,97,2,2
836,98,2,2
836,99,2,2
836,100,2,2
836,101,2,2
836,102,2,2
836,103,2,2
836,104,2,2
836,105,2,2
836,106,2,2
836,107,2,2
836,108,2,2
836,109,2,2
836,110,2,2
836,111,2,2
836,112,2,2
836,113,2,2
836,114,2,2
836,115,2,2
836,116,2,2
836,117,2,2
836,118,2,2
836,119,2,2
836,120,2,2
836,121,2,2
836,122,2,2
836,123,2,2
836,124,2,2
836,125,2,2
836,126,2,2
836,127,2,2
836,128,2,2
836,129,2,2
836,130,2,2
836,131,2,2
836,132,2,2
836,133,2,2
836,134,2,2
836,135,2,2
836,136,2,2
836,137,2,2
836,138,2,2
836,139,2,2
836,140,2,2
836,141,2,2
836,142,2,2
836,143,2,2
836,144,2,2
836,145,2,2
836,146,2,2
836,147,2,2
836,148,2,2
836,149,2,2
836,150,2,2
836,151,2,2
836,152,2,2
836,153,2,2
836,154,2,2
836,155,2,2
836,156,2,2
836,157,2,2
836,158,2,2
836,159,2,2
836,160,2,2
836,161,2,2
836,162,2,2
836,163,2,2
836,164,2,2
836,165,2,2
836,166,2,2
836,167,2,2
836,168,2,2
836,169,2,2
836,170,2,2
836,171,2,2
836,172,2,2
836,173,2,2
836,174,2,2
836,175,2,2
836,176,2,2
836,177,2,2
836,178,2,2
836,179,2,2
836,180,2,2
836,181,2,2
836,182,2,2
836,183,2,2
836,184,2,2
836,185,2,2
836,186,2,2
836,187,2,2
836,188,2,2
836,189,2,2
836,190,2,2
836,191,2,2
836,192,2,2
836,193,2,2
836,194,2,2
836,195,2,2
836,196,2,2
836,197,2,2
836,198,2,2
836,199,2,2
836,200,2,2
836,201,2,2
836,202,2,2
836,203,2,2
836,204,2,2
836,205,2,2
836,206,2,2
836,207,2,2
836,208,2,2
836,209,2,2
836,210,2,2
836,211,2,2
836,212,2,2
836,213,2,2
836,214,2,2
836,215,2,2
836,216,2,2
836,217,2,2
836,218,2,2
836,219,2,2
836,220,2,2
836,221,2,2
836,222,2,2
836,223,2,2
836,224,2,2
836,225,2,2
836,226,2,2
836,227,2,2
836,228,2,2
836,229,2,2
836,230,2,2
836,231,2,2
836,232,2,2
836,233,2,2
836,234,2,2
836,235,2,2
836,236,2,2
836,237,2,2
836,238,2,2
836,239,2,2
836,240,2,2
836,241,2,2
836,242,2,2
836,243,2,2
836,244,2,2
836,245,2,2
836,246,2,2
836,247,2,2
836,248,2,2
836,249,2,2
836,250,2,2
836,251,2,2
836,252,2,2
836,253,2,2
836,254,2,2
836,255,2,2
836,256,2,2
836,257,2,2
836,258,2,2
836,259,2,2
836,260,2,2
836,261,2,2
836,262,2,2
836,263,2,2
836,264,2,2
836,265,2,2
836,266,2,2
836,267,2,2
836,268,2,2
836,269,2,2
836,270,2,2
836,271,2,2
836,272,2,2
836,273,2,2
836,274,2,2
836,275,2,2
836,276,2,3
836,277,2,3
836,278,2,3
836,279,2,3
836,280,2,3
836,281,2,3
836,282,2,3
836,283,2,3
836,284,2,3
836,285,2,3
836,286,2,3
836,287,2,3
836,288,2,3
836,289,2,3
836,290,2,3
836,291,2,3
836,292,2,3
836,293,2,3
836,294,2,3
836,295,2,3
836,296,2,3
836,297,2,3
836,298,2,3
836,299,2,3
836,300,2,3
836,301,2,3
836,302,2,3
836,303,2,3
836,304,2,3
836,305,2,3
836,306,2,3
836,307,2,3
836,308,2,3
836,309,2,3
836,310,2,3
836,311,2,3
836,312,2,3
836,313,2,3
836,314,2,3
836,315,2,3
836,316,2,3
836,317,2,3
836,318,2,3
836,319,2,3
836,320,2,3
836,321,2,3
836,322,2,3
836,323,2,3
836,324,2,3
836,325,2,3
836,326,2,3
836,327,2,3
836,328,2,3
836,329,2,3
836,330,2,3
836,331,2,3
836,332,2,3
836,333,2,3
836,334,2,3
836,335,2,3
836,336,2,3
836,337,2,3
836,338,2,3
836,339,2,3
836,340,2,3
836,341,2,3
836,342,2,3
836,343,2,3
836,344,2,3
836,345,2,3
836,346,2,3
836,347,2,3
836,348,2,3
836,349,2,3
836,350,2,3
836,351,2,3
836,352,2,3
836,353,2,3
836,354,2,3
836,355,2,3
836,356,2,2
836,357,2,2
836,358,2,2
836,359,2,2
836,360,2,2
836,361,2,2
836,362,2,2
836,363,2,2
836,364,2,2
836,365,2,2
836,366,2,2
836,367,2,2
836,368,2,2
836,369,2,2
836,370,2,2
836,371,2,2
836,372,2,2
836,373,2,2
836,374,2,2
836,375,2,2
836,376,2,2
836,377,2,2
836,378,2,2
836,379,2,2
836,380,2,2
836,381,2,2
836,382,2,2
836,383,2,2
836,384,2,2
836,385,2,2
836,386,2,2
836,387,2,2
836,388,2,2
836,389,2,2
836,390,2,2
836,391,2,2
836,392,2,2
836,393,2,2
836,394,2,2
836,395,2,2
836,396,2,2
836,397,2,2
836,398,2,2
836,399,2,2
836,400,2,2
836,401,2,2
836,402,2,2
836,403,2,2
836,404,2,2
836,405,2,2
836,406,2,2
836,407,2,2
836,408,2,2
836,409,2,2
836,410,2,2
836,411,2,2
836,412,2,2
836,413,2,2
836,414,2,2
836,415,2,2
836,416,2,2
836,417,2,2
836,418,2,2
836,419,2,2
836,420,2,2
836,421,2,2
836,422,2,2
836,423,2,2
836,424,2,2
836,425,2,2
836,426,2,2
836,427,2,2
836,428,2,2
836,429,2,2
836,430,2,2
836,431,2,2
836,432,2,2
836,433,2,2
836,434,2,2
836,435,2,2
836,436,2,2
836,437,2,2
836,438,2,2
836,439,2,2
836,440,2,2
836,441,2,2
836,442,2,2
836,443,2,2
836,444,2,2
836,445,2,2
836,446,2,2
836,447,2,2
836,448,2,2
836,449,2,2
836,450,2,2
836,451,2,2
836,452,2,2
836,453,2,2
836,454,2,2
836,455,2,2
836,456,2,2
836,457,2,2
836,458,2,2
836,459,2,2
836,460,2,2
836,461,2,2
836,462,2,2
836,463,2,2
836,464,2,2
836,465,2,2
836,466,2,2
836,467,2,2
836,468,2,2
836,469,2,2
836,470,2,2
836,471,2,2
836,472,2,2
836,473,2,2
836,474,2,2
836,475,2,2
836,476,2,2
836,477,2,2
836,478,2,2
836,479,2,2
836,480,2,2
836,481,2,2
836,482,2,2
836,483,2,2
836,484,2,2
836,485,2,2
836,486,2,2
836,487,2,2
836,488,2,2
836,489,2,2
836,490,2,2
836,491,2,2
836,492,2,2
836,493,2,2
836,494,2,2
836,495,2,2
836,496,2,2
836,497,2,2
836,498,2,2
836,499,2,2
836,500,2,2
836,501,2,2
836,502,2,2
836,503,2,2
836,504,2,2
836,505,2,2
836,506,2,2
836,507,2,2
836,508,2,2
836,509,2,2
836,510,2,2
836,511,2,2
836,512,2,2
836,513,2,2
836,514,2,2
836,515,2,2
836,516,2,2
836,517,2,2
836,518,2,2
836,519,2,2
836,520,2,2
836,521,2,2
836,522,2,2
836,523,2,2
836,524,2,2
836,525,2,2
836,526,2,2
836,527,2,2
836,528,2,2
836,529,2,3
837,53,2,2
837,54,2,2
837,55,2,2
837,56,2,2
837,57,2,2
837,58,2,2
837,59,2,2
837,60,2,2
837,61,2,2
837,62,2,2
837,63,2,2
837,64,2,2
837,65,2,2
837,66,2,2
837,67,2,2
837,68,2,2
837,69,2,2
837,70,2,2
837,71,2,2
837,72,2,2
837,73,2,2
837,74,2,2
837,75,2,2
837,76,2,2
837,77,2,2
837,78,2,2
837,79,2,2
837,80,2,2
837,81,2,2
837,82,2,2
837,83,2,2
837,84,2,2
837,85,2,2
837,86,2,2
837,87,2,2
837,88,2,2
837,89,2,2
837,90,2,2
837,91,2,2
837,92,2,2
837,93,2,2
837,94,2,2
837,95,2,2
837,96,2,2
837,97,2,2
837,98,2,2
837,99,2,2
837,100,2,2
837,101,2,2
837,102,2,2
837,103,2,2
837,104,2,2
837,105,2,2
837,106,2,2
837,107,2,2
837,108,2,2
837,109,2,2
837,110,2,2
837,111,2,2
837,112,2,2
837,113,2,2
837,114,2,2
837,115,2,2
837,116,2,2
837,117,2,2
837,118,2,2
837,119,2,2
837,120,2,2
837,121,2,2
837,122,2,2
837,123,2,2
837,124,2,2
837,125,2,2
837,126,2,2
837,127,2,2
837,128,2,2
837,129,2,2
837,130,2,2
837,131,2,2
837,132,2,2
837,133,2,2
837,134,2,2
837,135,2,2
837,136,2,2
837,137,2,2
837,138,2,2
837,139,2,2
837,140,2,2
837,141,2,2
837,142,2,2
837,143,2,2
837,144,2,2
837,145,2,2
837,146,2,2
837,147,2,2
837,148,2,2
837,149,2,2
837,150,2,2
837,151,2,2
837,152,2,2
837,153,2,2
837,154,2,2
837,155,2,2
837,156,2,2
837,157,2,2
837,158,2,2
837,159,2,2
837,160,2,2
837,161,2,2
837,162,2,2
837,163,2,2
837,164,2,2
837,165,2,2
837,166,2,2
837,167,2,2
837,168,2,2
837,169,2,2
837,170,2,2
837,171,2,2
837,172,2,2
837,173,2,2
837,174,2,2
837,175,2,2
837,176,2,2
837,177,2,2
837,178,2,2
837,179,2,2
837,180,2,2
837,181,2,2
837,182,2,2
837,183,2,2
837,184,2,2
837,185,2,2
837,186,2,2
837,187,2,2
837,188,2,2
837,189,2,2
837,190,2,2
837,191,2,2
837,192,2,2
837,193,2,2
837,194,2,2
837,195,2,2
837,196,2,2
837,197,2,2
837,198,2,2
837,199,2,2
837,200,2,2
837,201,2,2
837,202,2,2
837,203,2,2
837,204,2,2
837,205,2,2
837,206,2,2
837,207,2,2
837,208,2,2
837,209,2,2
837,210,2,2
837,211,2,2
837,212,2,2
837,213,2,2
837,214,2,2
837,215,2,2
837,216,2,2
837,217,2,2
837,218,2,2
837,219,2,2
837,220,2,2
837,221,2,2
837,222,2,2
837,223,2,2
837,224,2,2
837,225,2,2
837,226,2,2
837,227,2,2
837,228,2,2
837,229,2,2
837,230,2,2
837,231,2,2
837,232,2,2
837,233,2,2
837,234,2,2
837,235,2,2
837,236,2,2
837,237,2,2
837,238,2,2
837,239,2,2
837,240,2,2
837,241,2,2
837,242,2,2
837,243,2,2
837,244,2,2
837,245,2,2
837,246,2,2
837,247,2,2
837,248,2,2
837,249,2,2
837,250,2,2
837,251,2,2
837,252,2,2
837,253,2,2
837,254,2,2
837,255,2,2
837,256,2,2
837,257,2,2
837,258,2,2
837,259,2,2
837,260,2,2
837,261,2,2
837,262,2,2
837,263,2,2
837,264,2,2
837,265,2,2
837,266,2,2
837,267,2,2
837,268,2,2
837,269,2,2
837,270,2,2
837,271,2,2
837,272,2,2
837,273,2,2
837,274,2,2
837,275,2,2
837,276,2,3
837,277,2,3
837,278,2,3
837,279,2,3
837,280,2,3
837,281,2,3
837,282,2,3
837,283,2,3
837,284,2,3
837,285,2,3
837,286,2,3
837,287,2,3
837,288,2,3
837,289,2,3
837,290,2,3
837,291,2,3
837,292,2,3
837,293,2,3
837,294,2,3
837,295,2,3
837,296,2,3
837,297,2,3
837,298,2,3
837,299,2,3
837,300,2,3
837,301,2,3
837,302,2,3
837,303,2,3
837,304,2,3
837,305,2,3
837,306,2,3
837,307,2,3
837,308,2,3
837,309,2,3
837,310,2,3
837,311,2,3
837,312,2,3
837,313,2,3
837,314,2,3
837,315,2,3
837,316,2,3
837,317,2,3
837,318,2,3
837,319,2,3
837,320,2,3
837,321,2,3
837,322,2,3
837,323,2,3
837,324,2,3
837,325,2,3
837,326,2,3
837,327,2,3
837,328,2,3
837,329,2,3
837,330,2,3
837,331,2,3
837,332,2,3
837,333,2,3
837,334,2,3
837,335,2,3
837,336,2,3
837,337,2,3
837,338,2,3
837,339,2,3
837,340,2,3
837,341,2,3
837,342,2,3
837,343,2,3
837,344,2,3
837,345,2,3
837,346,2,3
837,347,2,3
837,348,2,3
837,349,2,3
837,350,2,3
837,351,2,3
837,352,2,3
837,353,2,3
837,354,2,3
837,355,2,3
837,356,2,2
837,357,2,2
837,358,2,2
837,359,2,2
837,360,2,2
837,361,2,2
837,362,2,2
837,363,2,2
837,364,2,2
837,365,2,2
837,366,2,2
837,367,2,2
837,368,2,2
837,369,2,2
837,370,2,2
837,371,2,2
837,372,2,2
837,373,2,2
837,374,2,2
837,375,2,2
837,376,2,2
837,377,2,2
837,378,2,2
837,379,2,2
837,380,2,2
837,381,2,2
837,382,2,2
837,383,2,2
837,384,2,2
837,385,2,2
837,386,2,2
837,387,2,2
837,388,2,2
837,389,2,2
837,390,2,2
837,391,2,2
837,392,2,2
837,393,2,2
837,394,2,2
837,395,2,2
837,396,2,2
837,397,2,2
837,398,2,2
837,399,2,2
837,400,2,2
837,401,2,2
837,402,2,2
837,403,2,2
837,404,2,2
837,405,2,2
837,406,2,2
837,407,2,2
837,408,2,2
837,409,2,2
837,410,2,2
837,411,2,2
837,412,2,2
837,413,2,2
837,414,2,2
837,415,2,2
837,416,2,2
837,417,2,2
837,418,2,2
837,419,2,2
837,420,2,2
837,421,2,2
837,422,2,2
837,423,2,2
837,424,2,2
837,425,2,2
837,426,2,2
837,427,2,2
837,428,2,2
837,429,2,2
837,430,2,2
837,431,2,2
837,432,2,2
837,433,2,2
837,434,2,2
837,435,2,2
837,436,2,2
837,437,2,2
837,438,2,2
837,439,2,2
837,440,2,2
837,441,2,2
837,442,2,2
837,443,2,2
837,444,2,2
837,445,2,2
837,446,2,2
837,447,2,2
837,448,2,2
837,449,2,2
837,450,2,2
837,451,2,2
837,452,2,2
837,453,2,2
837,454,2,2
837,455,2,2
837,456,2,2
837,457,2,2
837,458,2,2
837,459,2,2
837,460,2,2
837,461,2,2
837,462,2,2
837,463,2,2
837,464,2,2
837,465,2,2
837,466,2,2
837,467,2,2
837,468,2,2
837,469,2,2
837,470,2,2
837,471,2,2
837,472,2,2
837,473,2,2
837,474,2,2
837,475,2,2
837,476,2,2
837,477,2,2
837,478,2,2
837,479,2,2
837,480,2,2
837,481,2,2
837,482,2,2
837,483,2,2
837,484,2,2
837,485,2,2
837,486,2,2
837,487,2,2
837,488,2,2
837,489,2,2
837,490,2,2
837,491,2,2
837,492,2,2
837,493,2,2
837,494,2,2
837,495,2,2
837,496,2,2
837,497,2,2
837,498,2,2
837,499,2,2
837,500,2,2
837,501,2,2
837,502,2,2
837,503,2,2
837,504,2,2
837,505,2,2
837,506,2,2
837,507,2,2
837,508,2,2
837,509,2,2
837,510,2,2
837,511,2,2
837,512,2,2
837,513,2,2
837,514,2,2
837,515,2,2
837,516,2,2
837,517,2,2
837,518,2,2
837,519,2,2
837,520,2,2
837,521,2,2
837,522,2,2
837,523,2,2
837,524,2,2
837,525,2,2
837,526,2,2
837,527,2,2
837,528,2,2
837,529,2,2
838,54,2,2
838,55,2,2
838,56,2,2
838,57,2,2
838,58,2,2
838,59,2,2
838,60,2,2
838,61,2,2
838,62,2,2
838,63,2,2
838,64,2,2
838,65,2,2
838,66,2,2
838,67,2,2
838,68,2,2
838,69,2,2
838,70,2,2
838,71,2,2
838,72,2,2
838,73,2,2
838,74,2,2
838,75,2,2
838,76,2,2
838,77,2,2
838,78,2,2
838,79,2,2
838,80,2,2
838,81,2,2
838,82,2,2
838,83,2,2
838,84,2,2
838,85,2,2
838,86,2,2
838,87,2,2
838,88,2,2
838,89,2,2
838,90,2,2
838,91,2,2
838,92,2,2
838,93,2,2
838,94,2,2
838,95,2,2
838,96,2,2
838,97,2,2
838,98,2,2
838,99,2,2
838,100,2,2
838,101,2,2
838,102,2,2
838,103,2,2
838,104,2,2
838,105,2,2
838,106,2,2
838,107,2,2
838,108,2,2
838,109,2,2
838,110,2,2
838,111,2,2
838,112,2,2
838,113,2,2
838,114,2,2
838,115,2,2
838,116,2,2
838,117,2,2
838,118,2,2
838,119,2,2
838,120,2,2
838,121,2,2
838,122,2,2
838,123,2,2
838,124,2,2
838,125,2,2
838,126,2,2
838,127,2,2
838,128,2,2
838,129,2,2
838,130,2,2
838,131,2,2
838,132,2,2
838,133,2,2
838,134,2,2
838,135,2,2
838,136,2,2
838,137,2,2
838,138,2,2
838,139,2,2
838,140,2,2
838,141,2,2
838,142,2,2
838,143,2,2
838,144,2,2
838,145,2,2
838,146,2,2
838,147,2,2
838,148,2,2
838,149,2,2
838,150,2,2
838,151,2,2
838,152,2,2
838,153,2,2
838,154,2,2
838,155,2,2
838,156,2,2
838,157,2,2
838,158,2,2
838,159,2,2
838,160,2,2
838,161,2,2
838,162,2,2
838,163,2,2
838,164,2,2
838,165,2,2
838,166,2,2
838,167,2,2
838,168,2,2
838,169,2,2
838,170,2,2
838,171,2,2
838,172,2,2
838,173,2,2
838,174,2,2
838,175,2,2
838,176,2,2
838,177,2,2
838,178,2,2
838,179,2,2
838,180,2,2
838,181,2,2
838,182,2,2
838,183,2,2
838,184,2,2
838,185,2,2
838,186,2,2
838,187,2,2
838,188,2,2
838,189,2,2
838,190,2,2
838,191,2,2
838,192,2,2
838,193,2,2
838,194,2,2
838,195,2,2
838,196,2,2
838,197,2,2
838,198,2,2
838,199,2,2
838,200,2,2
838,201,2,2
838,202,2,2
838,203,2,2
838,204,2,2
838,205,2,2
838,206,2,2
838,207,2,2
838,208,2,2
838,209,2,2
838,210,2,2
838,211,2,2
838,212,2,2
838,213,2,2
838,214,2,2
838,215,2,2
838,216,2,2
838,217,2,2
838,218,2,2
838,219,2,2
838,220,2,2
838,221,2,2
838,222,2,2
838,223,2,2
838,224,2,2
838,225,2,2
838,226,2,2
838,227,2,2
838,228,2,2
838,229,2,2
838,230,2,2
838,231,2,2
838,232,2,2
838,233,2,2
838,234,2,2
838,235,2,2
838,236,2,2
838,237,2,2
838,238,2,2
838,239,2,2
838,240,2,2
838,241,2,2
838,242,2,2
838,243,2,2
838,244,2,2
838,245,2,2
838,246,2,2
838,247,2,2
838,248,2,2
838,249,2,2
838,250,2,2
838,251,2,2
838,252,2,2
838,253,2,2
838,254,2,2
838,255,2,2
838,256,2,2
838,257,2,2
838,258,2,2
838,259,2,2
838,260,2,2
838,261,2,2
838,262,2,2
838,263,2,2
838,264,2,2
838,265,2,2
838,266,2,2
838,267,2,2
838,268,2,2
838,269,2,2
838,270,2,2
838,271,2,2
838,272,2,2
838,273,2,2
838,274,2,2
838,275,2,2
838,276,2,3
838,277,2,3
838,278,2,3
838,279,2,3
838,280,2,3
838,281,2,3
838,282,2,3
838,283,2,3
838,284,2,3
838,285,2,3
838,286,2,3
838,287,2,3
838,288,2,3
838,289,2,3
838,290,2,3
838,291,2,3
838,292,2,3
838,293,2,3
838,294,2,3
838,295,2,3
838,296,2,3
838,297,2,3
838,298,2,3
838,299,2,3
838,300,2,3
838,301,2,3
838,302,2,3
838,303,2,3
838,304,2,3
838,305,2,3
838,306,2,3
838,307,2,3
838,308,2,3
838,309,2,3
838,310,2,3
838,311,2,3
838,312,2,3
838,313,2,3
838,314,2,3
838,315,2,3
838,316,2,3
838,317,2,3
838,318,2,3
838,319,2,3
838,320,2,3
838,321,2,3
838,322,2,3
838,323,2,3
838,324,2,3
838,325,2,3
838,326,2,3
838,327,2,3
838,328,2,3
838,329,2,3
838,330,2,3
838,331,2,3
838,332,2,3
838,333,2,3
838,334,2,3
838,335,2,3
838,336,2,3
838,337,2,3
838,338,2,3
838,339,2,3
838,340,2,3
838,341,2,3
838,342,2,3
838,343,2,3
838,344,2,3
838,345,2,3
838,346,2,3
838,347,2,3
838,348,2,3
838,349,2,3
838,350,2,3
838,351,2,3
838,352,2,3
838,353,2,3
838,354,2,3
838,355,2,3
838,356,2,2
838,357,2,2
838,358,2,2
838,359,2,2
838,360,2,2
838,361,2,2
838,362,2,2
838,363,2,2
838,364,2,2
838,365,2,2
838,366,2,2
838,367,2,2
838,368,2,2
838,369,2,2
838,370,2,2
838,371,2,2
838,372,2,2
838,373,2,2
838,374,2,2
838,375,2,2
838,376,2,2
838,377,2,2
838,378,2,2
838,379,2,2
838,380,2,2
838,381,2,2
838,382,2,2
838,383,2,2
838,384,2,2
838,385,2,2
838,386,2,2
838,387,2,2
838,388,2,2
838,389,2,2
838,390,2,2
838,391,2,2
838,392,2,2
838,393,2,2
838,394,2,2
838,395,2,2
838,396,2,2
838,397,2,2
838,398,2,2
838,399,2,2
838,400,2,2
838,401,2,2
838,402,2,2
838,403,2,2
838,404,2,2
838,405,2,2
838,406,2,2
838,407,2,2
838,408,2,2
838,409,2,2
838,410,2,2
838,411,2,2
838,412,2,2
838,413,2,2
838,414,2,2
838,415,2,2
838,416,2,2
838,417,2,2
838,418,2,2
838,419,2,2
838,420,2,2
838,421,2,2
838,422,2,2
838,423,2,2
838,424,2,2
838,425,2,2
838,426,2,2
838,427,2,2
838,428,2,2
838,429,2,2
838,430,2,2
838,431,2,2
838,432,2,2
838,433,2,2
838,434,2,2
838,435,2,2
838,436,2,2
838,437,2,2
838,438,2,2
838,439,2,2
838,440,2,2
838,441,2,2
838,442,2,2
838,443,2,2
838,444,2,2
838,445,2,2
838,446,2,2
838,447,2,2
838,448,2,2
838,449,2,2
838,450,2,2
838,451,2,2
838,452,2,2
838,453,2,2
838,454,2,2
838,455,2,2
838,456,2,2
838,457,2,2
838,458,2,2
838,459,2,2
838,460,2,2
838,461,2,2
838,462,2,2
838,463,2,2
838,464,2,2
838,465,2,2
838,466,2,2
838,467,2,2
838,468,2,2
838,469,2,2
838,470,2,2
838,471,2,2
838,472,2,2
838,473,2,2
838,474,2,2
838,475,2,2
838,476,2,2
838,477,2,2
838,478,2,2
838,479,2,2
838,480,2,2
838,481,2,2
838,482,2,2
838,483,2,2
838,484,2,2
838,485,2,2
838,486,2,2
838,487,2,2
838,488,2,2
838,489,2,2
838,490,2,2
838,491,2,2
838,492,2,2
838,493,2,2
838,494,2,2
838,495,2,2
838,496,2,2
838,497,2,2
838,498,2,2
838,499,2,2
838,500,2,2
838,501,2,2
838,502,2,2
838,503,2,2
838,504,2,2
838,505,2,2
838,506,2,2
838,507,2,2
838,508,2,2
838,509,2,2
838,510,2,2
838,511,2,2
838,512,2,2
838,513,2,2
838,514,2,2
838,515,2,2
838,516,2,2
838,517,2,2
838,518,2,2
838,519,2,2
838,520,2,2
838,521,2,2
838,522,2,2
838,523,2,2
838,524,2,2
838,525,2,2
838,526,2,2
838,527,2,2
838,528,2,2
838,529,2,2
839,55,2,2
839,56,2,2
839,57,2,2
839,58,2,2
839,59,2,2
839,60,2,2
839,61,2,2
839,62,2,2
839,63,2,2
839,64,2,2
839,65,2,2
839,66,2,2
839,67,2,2
839,68,2,2
839,69,2,2
839,70,2,2
839,71,2,2
839,72,2,2
839,73,2,2
839,74,2,2
839,75,2,2
839,76,2,2
839,77,2,2
839,78,2,2
839,79,2,2
839,80,2,2
839,81,2,2
839,82,2,2
839,83,2,2
839,84,2,2
839,85,2,2
839,86,2,2
839,87,2,2
839,88,2,2
839,89,2,2
839,90,2,2
839,91,2,2
839,92,2,2
839,93,2,2
839,94,2,2
839,95,2,2
839,96,2,2
839,97,2,2
839,98,2,2
839,99,2,2
839,100,2,2
839,101,2,2
839,102,2,2
839,103,2,2
839,104,2,2
839,105,2,2
839,106,2,2
839,107,2,2
839,108,2,2
839,109,2,2
839,110,2,2
839,111,2,2
839,112,2,2
839,113,2,2
839,114,2,2
839,115,2,2
839,116,2,2
839,117,2,2
839,118,2,2
839,119,2,2
839,120,2,2
839,121,2,2
839,122,2,2
839,123,2,2
839,124,2,2
839,125,2,2
839,126,2,2
839,127,2,2
839,128,2,2
839,129,2,2
839,130,2,2
839,131,2,2
839,132,2,2
839,133,2,2
839,134,2,2
839,135,2,2
839,136,2,2
839,137,2,2
839,138,2,2
839,139,2,2
839,140,2,2
839,141,2,2
839,142,2,2
839,143,2,2
839,144,2,2
839,145,2,2
839,146,2,2
839,147,2,2
839,148,2,2
839,149,2,2
839,150,2,2
839,151,2,2
839,152,2,2
839,153,2,2
839,154,2,2
839,155,2,2
839,156,2,2
839,157,2,2
839,158,2,2
839,159,2,2
839,160,2,2
839,161,2,2
839,162,2,2
839,163,2,2
839,164,2,2
839,165,2,2
839,166,2,2
839,167,2,2
839,168,2,2
839,169,2,2
839,170,2,2
839,171,2,2
839,172,2,2
839,173,2,2
839,174,2,2
839,175,2,2
839,176,2,2
839,177,2,2
839,178,2,2
839,179,2,2
839,180,2,2
839,181,2,2
839,182,2,2
839,183,2,2
839,184,2,2
839,185,2,2
839,186,2,2
839,187,2,2
839,188,2,2
839,189,2,2
839,190,2,2
839,191,2,2
839,192,2,2
839,193,2,2
839,194,2,2
839,195,2,2
839,196,2,2
839,197,2,2
839,198,2,2
839,199,2,2
839,200,2,2
839,201,2,2
839,202,2,2
839,203,2,2
839,204,2,2
839,205,2,2
839,206,2,2
839,207,2,2
839,208,2,2
839,209,2,2
839,210,2,2
839,211,2,2
839,212,2,2
839,213,2,2
839,214,2,2
839,215,2,2
839,216,2,2
839,217,2,2
839,218,2,2
839,219,2,2
839,220,2,2
839,221,2,2
839,222,2,2
839,223,2,2
839,224,2,2
839,225,2,2
839,226,2,2
839,227,2,2
839,228,2,2
839,229,2,2
839,230,2,2
839,231,2,2
839,232,2,2
839,233,2,2
839,234,2,2
839,235,2,2
839,236,2,2
839,237,2,2
839,238,2,2
839,239,2,2
839,240,2,2
839,241,2,2
839,242,2,2
839,243,2,2
839,244,2,2
839,245,2,2
839,246,2,2
839,247,2,2
839,248,2,2
839,249,2,2
839,250,2,2
839,251,2,2
839,252,2,2
839,253,2,2
839,254,2,2
839,255,2,2
839,256,2,2
839,257,2,2
839,258,2,2
839,259,2,2
839,260,2,2
839,261,2,2
839,262,2,2
839,263,2,2
839,264,2,2
839,265,2,2
839,266,2,2
839,267,2,2
839,268,2,2
839,269,2,2
839,270,2,2
839,271,2,2
839,272,2,2
839,273,2,2
839,274,2,2
839,275,2,2
839,276,2,2
839,277,2,3
839,278,2,3
839,279,2,3
839,280,2,3
839,281,2,3
839,282,2,3
839,283,2,3
839,284,2,3
839,285,2,3
839,286,2,3
839,287,2,3
839,288,2,3
839,289,2,3
839,290,2,3
839,291,2,3
839,292,2,3
839,293,2,3
839,294,2,3
839,295,2,3
839,296,2,3
839,297,2,3
839,298,2,3
839,299,2,3
839,300,2,3
839,301,2,3
839,302,2,3
839,303,2,3
839,304,2,3
839,305,2,3
839,306,2,3
839,307,2,3
839,308,2,3
839,309,2,3
839,310,2,3
839,311,2,3
839,312,2,3
839,313,2,3
839,314,2,3
839,315,2,3
839,316,2,3
839,317,2,3
839,318,2,3
839,319,2,3
839,320,2,3
839,321,2,3
839,322,2,3
839,323,2,3
839,324,2,3
839,325,2,3
839,326,2,3
839,327,2,3
839,328,2,3
839,329,2,3
839,330,2,3
839,331,2,3
839,332,2,3
839,333,2,3
839,334,2,3
839,335,2,3
839,336,2,3
839,337,2,3
839,338,2,3
839,339,2,3
839,340,2,3
839,341,2,3
839,342,2,3
839,343,2,3
839,344,2,3
839,345,2,3
839,346,2,3
839,347,2,3
839,348,2,3
839,349,2,3
839,350,2,3
839,351,2,3
839,352,2,3
839,353,2,3
839,354,2,3
839,355,2,2
839,356,2,2
839,357,2,2
839,358,2,2
839,359,2,2
839,360,2,2
839,361,2,2
839,362,2,2
839,363,2,2
839,364,2,2
839,365,2,2
839,366,2,2
839,367,2,2
839,368,2,2
839,369,2,2
839,370,2,2
839,371,2,2
839,372,2,2
839,373,2,2
839,374,2,2
839,375,2,2
839,376,2,2
839,377,2,2
839,378,2,2
839,379,2,2
839,380,2,2
839,381,2,2
839,382,2,2
839,383,2,2
839,384,2,2
839,385,2,2
839,386,2,2
839,387,2,2
839,388,2,2
839,389,2,2
839,390,2,2
839,391,2,2
839,392,2,2
839,393,2,2
839,394,2,2
839,395,2,2
839,396,2,2
839,397,2,2
839,398,2,2
839,399,2,2
839,400,2,2
839,401,2,2
839,402,2,2
839,403,2,2
839,404,2,2
839,405,2,2
839,406,2,2
839,407,2,2
839,408,2,2
839,409,2,2
839,410,2,2
839,411,2,2
839,412,2,2
839,413,2,2
839,414,2,2
839,415,2,2
839,416,2,2
839,417,2,2
839,418,2,2
839,419,2,2
839,420,2,2
839,421,2,2
839,422,2,2
839,423,2,2
839,424,2,2
839,425,2,2
839,426,2,2
839,427,2,2
839,428,2,2
839,429,2,2
839,430,2,2
839,431,2,2
839,432,2,2
839,433,2,2
839,434,2,2
839,435,2,2
839,436,2,2
839,437,2,2
839,438,2,2
839,439,2,2
839,440,2,2
839,441,2,2
839,442,2,2
839,443,2,2
839,444,2,2
839,445,2,2
839,446,2,2
839,447,2,2
839,448,2,2
839,449,2,2
839,450,2,2
839,451,2,2
839,452,2,2
839,453,2,2
839,454,2,2
839,455,2,2
839,456,2,2
839,457,2,2
839,458,2,2
839,459,2,2
839,460,2,2
839,461,2,2
839,462,2,2
839,463,2,2
839,464,2,2
839,465,2,2
839,466,2,2
839,467,2,2
839,468,2,2
839,469,2,2
839,470,2,2
839,471,2,2
839,472,2,2
839,473,2,2
839,474,2,2
839,475,2,2
839,476,2,2
839,477,2,2
839,478,2,2
839,479,2,2
839,480,2,2
839,481,2,2
839,482,2,2
839,483,2,2
839,484,2,2
839,485,2,2
839,486,2,2
839,487,2,2
839,488,2,2
839,489,2,2
839,490,2,2
839,491,2,2
839,492,2,2
839,493,2,2
839,494,2,2
839,495,2,2
839,496,2,2
839,497,2,2
839,498,2,2
839,499,2,2
839,500,2,2
839,501,2,2
839,502,2,2
839,503,2,2
839,504,2,2
839,505,2,2
839,506,2,2
839,507,2,2
839,508,2,2
839,509,2,2
839,510,2,2
839,511,2,2
839,512,2,2
839,513,2,2
839,514,2,2
839,515,2,2
839,516,2,2
839,517,2,2
839,518,2,2
839,519,2,2
839,520,2,2
839,521,2,2
839,522,2,2
839,523,2,2
839,524,2,2
839,525,2,2
839,526,2,2
839,527,2,2
839,528,2,2
839,529,2,2
840,55,2,2
840,56,2,2
840,57,2,2
840,58,2,2
840,59,2,2
840,60,2,2
840,61,2,2
840,62,2,2
840,63,2,2
840,64,2,2
840,65,2,2
840,66,2,2
840,67,2,2
840,68,2,2
840,69,2,2
840,70,2,2
840,71,2,2
840,72,2,2
840,73,2,2
840,74,2,2
840,75,2,2
840,76,2,2
840,77,2,2
840,78,2,2
840,79,2,2
840,80,2,2
840,81,2,2
840,82,2,2
840,83,2,2
840,84,2,2
840,85,2,2
840,86,2,2
840,87,2,2
840,88,2,2
840,89,2,2
840,90,2,2
840,91,2,2
840,92,2,2
840,93,2,2
840,94,2,2
840,95,2,2
840,96,2,2
840,97,2,2
840,98,2,2
840,99,2,2
840,100,2,2
840,101,2,2
840,102,2,2
840,103,2,2
840,104,2,2
840,105,2,2
840,106,2,2
840,107,2,2
840,108,2,2
840,109,2,2
840,110,2,2
840,111,2,2
840,112,2,2
840,113,2,2
840,114,2,2
840,115,2,2
840,116,2,2
840,117,2,2
840,118,2,2
840,119,2,2
840,120,2,2
840,121,2,2
840,122,2,2
840,123,2,2
840,124,2,2
840,125,2,2
840,126,2,2
840,127,2,2
840,128,2,2
840,129,2,2
840,130,2,2
840,131,2,2
840,132,2,2
840,133,2,2
840,134,2,2
840,135,2,2
840,136,2,2
840,137,2,2
840,138,2,2
840,139,2,2
840,140,2,2
840,141,2,2
840,142,2,2
840,143,2,2
840,144,2,2
840,145,2,2
840,146,2,2
840,147,2,2
840,148,2,2
840,149,2,2
840,150,2,2
840,151,2,2
840,152,2,2
840,153,2,2
840,154,2,2
840,155,2,2
840,156,2,2
840,157,2,2
840,158,2,2
840,159,2,2
840,160,2,2
840,161,2,2
840,162,2,2
840,163,2,2
840,164,2,2
840,165,2,2
840,166,2,2
840,167,2,2
840,168,2,2
840,169,2,2
840,170,2,2
840,171,2,2
840,172,2,2
840,173,2,2
840,174,2,2
840,175,2,2
840,176,2,2
840,177,2,2
840,178,2,2
840,179,2,2
840,180,2,2
840,181,2,2
840,182,2,2
840,183,2,2
840,184,2,2
840,185,2,2
840,186,2,2
840,187,2,2
840,188,2,2
840,189,2,2
840,190,2,2
840,191,2,2
840,192,2,2
840,193,2,2
840,194,2,2
840,195,2,2
840,196,2,2
840,197,2,2
840,198,2,2
840,199,2,2
840,200,2,2
840,201,2,2
840,202,2,2
840,203,2,2
840,204,2,2
840,205,2,2
840,206,2,2
840,207,2,2
840,208,2,2
840,209,2,2
840,210,2,2
840,211,2,2
840,212,2,2
840,213,2,2
840,214,2,2
840,215,2,2
840,216,2,2
840,217,2,2
840,218,2,2
840,219,2,2
840,220,2,2
840,221,2,2
840,222,2,2
840,223,2,2
840,224,2,2
840,225,2,2
840,226,2,2
840,227,2,2
840,228,2,2
840,229,2,2
840,230,2,2
840,231,2,2
840,232,2,2
840,233,2,2
840,234,2,2
840,235,2,2
840,236,2,2
840,237,2,2
840,238,2,2
840,239,2,2
840,240,2,2
840,241,2,2
840,242,2,2
840,243,2,2
840,244,2,2
840,245,2,2
840,246,2,2
840,247,2,2
840,248,2,2
840,249,2,2
840,250,2,2
840,251,2,2
840,252,2,2
840,253,2,2
840,254,2,2
840,255,2,2
840,256,2,2
840,257,2,2
840,258,2,2
840,259,2,2
840,260,2,2
840,261,2,2
840,262,2,2
840,263,2,2
840,264,2,2
840,265,2,2
840,266,2,2
840,267,2,2
840,268,2,2
840,269,2,2
840,270,2,2
840,271,2,2
840,272,2,2
840,273,2,2
840,274,2,2
840,275,2,2
840,276,2,2
840,277,2,3
840,278,2,3
840,279,2,3
840,280,2,3
840,281,2,3
840,282,2,3
840,283,2,3
840,284,2,3
840,285,2,3
840,286,2,3
840,287,2,3
840,288,2,3
840,289,2,3
840,290,2,3
840,291,2,3
840,292,2,3
840,293,2,3
840,294,2,3
840,295,2,3
840,296,2,3
840,297,2,3
840,298,2,3
840,299,2,3
840,300,2,3
840,301,2,3
840,302,2,3
840,303,2,3
840,304,2,3
840,305,2,3
840,306,2,3
840,307,2,3
840,308,2,3
840,309,2,3
840,310,2,3
840,311,2,3
840,312,2,3
840,313,2,3
840,314,2,3
840,315,2,3
840,316,2,3
840,317,2,3
840,318,2,3
840,319,2,3
840,320,2,3
840,321,2,3
840,322,2,3
840,323,2,3
840,324,2,3
840,325,2,3
840,326,2,3
840,327,2,3
840,328,2,3
840,329,2,3
840,330,2,3
840,331,2,3
840,332,2,3
840,333,2,3
840,334,2,3
840,335,2,3
840,336,2,3
840,337,2,3
840,338,2,3
840,339,2,3
840,340,2,3
840,341,2,3
840,342,2,3
840,343,2,3
840,344,2,3
840,345,2,3
840,346,2,3
840,347,2,3
840,348,2,3
840,349,2,3
840,350,2,3
840,351,2,3
840,352,2,3
840,353,2,3
840,354,2,3
840,355,2,2
840,356,2,2
840,357,2,2
840,358,2,2
840,359,2,2
840,360,2,2
840,361,2,2
840,362,2,2
840,363,2,2
840,364,2,2
840,365,2,2
840,366,2,2
840,367,2,2
840,368,2,2
840,369,2,2
840,370,2,2
840,371,2,2
840,372,2,2
840,373,2,2
840,374,2,2
840,375,2,2
840,376,2,2
840,377,2,2
840,378,2,2
840,379,2,2
840,380,2,2
840,381,2,2
840,382,2,2
840,383,2,2
840,384,2,2
840,385,2,2
840,386,2,2
840,387,2,2
840,388,2,2
840,389,2,2
840,390,2,2
840,391,2,2
840,392,2,2
840,393,2,2
840,394,2,2
840,395,2,2
840,396,2,2
840,397,2,2
840,398,2,2
840,399,2,2
840,400,2,2
840,401,2,2
840,402,2,2
840,403,2,2
840,404,2,2
840,405,2,2
840,406,2,2
840,407,2,2
840,408,2,2
840,409,2,2
840,410,2,2
840,411,2,2
840,412,2,2
840,413,2,2
840,414,2,2
840,415,2,2
840,416,2,2
840,417,2,2
840,418,2,2
840,419,2,2
840,420,2,2
840,421,2,2
840,422,2,2
840,423,2,2
840,424,2,2
840,425,2,2
840,426,2,2
840,427,2,2
840,428,2,2
840,429,2,2
840,430,2,2
840,431,2,2
840,432,2,2
840,433,2,2
840,434,2,2
840,435,2,2
840,436,2,2
840,437,2,2
840,438,2,2
840,439,2,2
840,440,2,2
840,441,2,2
840,442,2,2
840,443,2,2
840,444,2,2
840,445,2,2
840,446,2,2
840,447,2,2
840,448,2,2
840,449,2,2
840,450,2,2
840,451,2,2
840,452,2,2
840,453,2,2
840,454,2,2
840,455,2,2
840,456,2,2
840,457,2,2
840,458,2,2
840,459,2,2
840,460,2,2
840,461,2,2
840,462,2,2
840,463,2,2
840,464,2,2
840,465,2,2
840,466,2,2
840,467,2,2
840,468,2,2
840,469,2,2
840,470,2,2
840,471,2,2
840,472,2,2
840,473,2,2
840,474,2,2
840,475,2,2
840,476,2,2
840,477,2,2
840,478,2,2
840,479,2,2
840,480,2,2
840,481,2,2
840,482,2,2
840,483,2,2
840,484,2,2
840,485,2,2
840,486,2,2
840,487,2,2
840,488,2,2
840,489,2,2
840,490,2,2
840,491,2,2
840,492,2,2
840,493,2,2
840,494,2,2
840,495,2,2
840,496,2,2
840,497,2,2
840,498,2,2
840,499,2,2
840,500,2,2
840,501,2,2
840,502,2,2
840,503,2,2
840,504,2,2
840,505,2,2
840,506,2,2
840,507,2,2
840,508,2,2
840,509,2,2
840,510,2,2
840,511,2,2
840,512,2,2
840,513,2,2
840,514,2,2
840,515,2,2
840,516,2,2
840,517,2,2
840,518,2,2
840,519,2,2
840,520,2,2
840,521,2,2
840,522,2,2
840,523,2,2
840,524,2,2
840,525,2,2
840,526,2,2
840,527,2,2
840,528,2,2
840,529,2,2
841,56,2,2
841,57,2,2
841,58,2,2
841,59,2,2
841,60,2,2
841,61,2,2
841,62,2,2
841,63,2,2
841,64,2,2
841,65,2,2
841,66,2,2
841,67,2,2
841,68,2,2
841,69,2,2
841,70,2,2
841,71,2,2
841,72,2,2
841,73,2,2
841,74,2,2
841,75,2,2
841,76,2,2
841,77,2,2
841,78,2,2
841,79,2,2
841,80,2,2
841,81,2,2
841,82,2,2
841,83,2,2
841,84,2,2
841,85,2,2
841,86,2,2
841,87,2,2
841,88,2,2
841,89,2,2
841,90,2,2
841,91,2,2
841,92,2,2
841,93,2,2
841,94,2,2
841,95,2,2
841,96,2,2
841,97,2,2
841,98,2,2
841,99,2,2
841,100,2,2
841,101,2,2
841,102,2,2
841,103,2,2
841,104,2,2
841,105,2,2
841,106,2,2
841,107,2,2
841,108,2,2
841,109,2,2
841,110,2,2
841,111,2,2
841,112,2,2
841,113,2,2
841,114,2,2
841,115,2,2
841,116,2,2
841,117,2,2
841,118,2,2
841,119,2,2
841,120,2,2
841,121,2,2
841,122,2,2
841,123,2,2
841,124,2,2
841,125,2,2
841,126,2,2
841,127,2,2
841,128,2,2
841,129,2,2
841,130,2,2
841,131,2,2
841,132,2,2
841,133,2,2
841,134,2,2
841,135,2,2
841,136,2,2
841,137,2,2
841,138,2,2
841,139,2,2
841,140,2,2
841,141,2,2
841,142,2,2
841,143,2,2
841,144,2,2
841,145,2,2
841,146,2,2
841,147,2,2
841,148,2,2
841,149,2,2
841,150,2,2
841,151,2,2
841,152,2,2
841,153,2,2
841,154,2,2
841,155,2,2
841,156,2,2
841,157,2,2
841,158,2,2
841,159,2,2
841,160,2,2
841,161,2,2
841,162,2,2
841,163,2,2
841,164,2,2
841,165,2,2
841,166,2,2
841,167,2,2
841,168,2,2
841,169,2,2
841,170,2,2
841,171,2,2
841,172,2,2
841,173,2,2
841,174,2,2
841,175,2,2
841,176,2,2
841,177,2,2
841,178,2,2
841,179,2,2
841,180,2,2
841,181,2,2
841,182,2,2
841,183,2,2
841,184,2,2
841,185,2,2
841,186,2,2
841,187,2,2
841,188,2,2
841,189,2,2
841,190,2,2
841,191,2,2
841,192,2,2
841,193,2,2
841,194,2,2
841,195,2,2
841,196,2,2
841,197,2,2
841,198,2,2
841,199,2,2
841,200,2,2
841,201,2,2
841,202,2,2
841,203,2,2
841,204,2,2
841,205,2,2
841,206,2,2
841,207,2,2
841,208,2,2
841,209,2,2
841,210,2,2
841,211,2,2
841,212,2,2
841,213,2,2
841,214,2,2
841,215,2,2
841,216,2,2
841,217,2,2
841,218,2,2
841,219,2,2
841,220,2,2
841,221,2,2
841,222,2,2
841,223,2,2
841,224,2,2
841,225,2,2
841,226,2,2
841,227,2,2
841,228,2,2
841,229,2,2
841,230,2,2
841,231,2,2
841,232,2,2
841,233,2,2
841,234,2,2
841,235,2,2
841,236,2,2
841,237,2,2
841,238,2,2
841,239,2,2
841,240,2,2
841,241,2,2
841,242,2,2
841,243,2,2
841,244,2,2
841,245,2,2
841,246,2,2
841,247,2,2
841,248,2,2
841,249,2,2
841,250,2,2
841,251,2,2
841,252,2,2
841,253,2,2
841,254,2,2
841,255,2,2
841,256,2,2
841,257,2,2
841,258,2,2
841,259,2,2
841,260,2,2
841,261,2,2
841,262,2,2
841,263,2,2
841,264,2,2
841,265,2,2
841,266,2,2
841,267,2,2
841,268,2,2
841,269,2,2
841,270,2,2
841,271,2,2
841,272,2,2
841,273,2,2
841,274,2,2
841,275,2,2
841,276,2,2
841,277,2,3
841,278,2,3
841,279,2,3
841,280,2,3
841,281,2,3
841,282,2,3
841,283,2,3
841,284,2,3
841,285,2,3
841,286,2,3
841,287,2,3
841,288,2,3
841,289,2,3
841,290,2,3
841,291,2,3
841,292,2,3
841,293,2,3
841,294,2,3
841,295,2,3
841,296,2,3
841,297,2,3
841,298,2,3
841,299,2,3
841,300,2,3
841,301,2,3
841,302,2,3
841,303,2,3
841,304,2,3
841,305,2,3
841,306,2,3
841,307,2,3
841,308,2,3
841,309,2,3
841,310,2,3
841,311,2,3
841,312,2,3
841,313,2,3
841,314,2,3
841,315,2,3
841,316,2,3
841,317,2,3
841,318,2,3
841,319,2,3
841,320,2,3
841,321,2,3
841,322,2,3
841,323,2,3
841,324,2,3
841,325,2,3
841,326,2,3
841,327,2,3
841,328,2,3
841,329,2,3
841,330,2,3
841,331,2,3
841,332,2,3
841,333,2,3
841,334,2,3
841,335,2,3
841,336,2,3
841,337,2,3
841,338,2,3
841,339,2,3
841,340,2,3
841,341,2,3
841,342,2,3
841,343,2,3
841,344,2,3
841,345,2,3
841,346,2,3
841,347,2,3
841,348,2,3
841,349,2,3
841,350,2,3
841,351,2,3
841,352,2,3
841,353,2,3
841,354,2,2
841,355,2,2
841,356,2,2
841,357,2,2
841,358,2,2
841,359,2,2
841,360,2,2
841,361,2,2
841,362,2,2
841,363,2,2
841,364,2,2
841,365,2,2
841,366,2,2
841,367,2,2
841,368,2,2
841,369,2,2
841,370,2,2
841,371,2,2
841,372,2,2
841,373,2,2
841,374,2,2
841,375,2,2
841,376,2,2
841,377,2,2
841,378,2,2
841,379,2,2
841,380,2,2
841,381,2,2
841,382,2,2
841,383,2,2
841,384,2,2
841,385,2,2
841,386,2,2
841,387,2,2
841,388,2,2
841,389,2,2
841,390,2,2
841,391,2,2
841,392,2,2
841,393,2,2
841,394,2,2
841,395,2,2
841,396,2,2
841,397,2,2
841,398,2,2
841,399,2,2
841,400,2,2
841,401,2,2
841,402,2,2
841,403,2,2
841,404,2,2
841,405,2,2
841,406,2,2
841,407,2,2
841,408,2,2
841,409,2,2
841,410,2,2
841,411,2,2
841,412,2,2
841,413,2,2
841,414,2,2
841,415,2,2
841,416,2,2
841,417,2,2
841,418,2,2
841,419,2,2
841,420,2,2
841,421,2,2
841,422,2,2
841,423,2,2
841,424,2,2
841,425,2,2
841,426,2,2
841,427,2,2
841,428,2,2
841,429,2,2
841,430,2,2
841,431,2,2
841,432,2,2
841,433,2,2
841,434,2,2
841,435,2,2
841,436,2,2
841,437,2,2
841,438,2,2
841,439,2,2
841,440,2,2
841,441,2,2
841,442,2,2
841,443,2,2
841,444,2,2
841,445,2,2
841,446,2,2
841,447,2,2
841,448,2,2
841,449,2,2
841,450,2,2
841,451,2,2
841,452,2,2
841,453,2,2
841,454,2,2
841,455,2,2
841,456,2,2
841,457,2,2
841,458,2,2
841,459,2,2
841,460,2,2
841,461,2,2
841,462,2,2
841,463,2,2
841,464,2,2
841,465,2,2
841,466,2,2
841,467,2,2
841,468,2,2
841,469,2,2
841,470,2,2
841,471,2,2
841,472,2,2
841,473,2,2
841,474,2,2
841,475,2,2
841,476,2,2
841,477,2,2
841,478,2,2
841,479,2,2
841,480,2,2
841,481,2,2
841,482,2,2
841,483,2,2
841,484,2,2
841,485,2,2
841,486,2,2
841,487,2,2
841,488,2,2
841,489,2,2
841,490,2,2
841,491,2,2
841,492,2,2
841,493,2,2
841,494,2,2
841,495,2,2
841,496,2,2
841,497,2,2
841,498,2,2
841,499,2,2
841,500,2,2
841,501,2,2
841,502,2,2
841,503,2,2
841,504,2,2
841,505,2,2
841,506,2,2
841,507,2,2
841,508,2,2
841,509,2,2
841,510,2,2
841,511,2,2
841,512,2,2
841,513,2,2
841,514,2,2
841,515,2,2
841,516,2,2
841,517,2,2
841,518,2,2
841,519,2,2
841,520,2,2
841,521,2,2
841,522,2,2
841,523,2,2
841,524,2,2
841,525,2,2
841,526,2,2
841,527,2,2
841,528,2,2
841,529,2,2
841,530,2,3
842,57,2,2
842,58,2,2
842,59,2,2
842,60,2,2
842,61,2,2
842,62,2,2
842,63,2,2
842,64,2,2
842,65,2,2
842,66,2,2
842,67,2,2
842,68,2,2
842,69,2,2
842,70,2,2
842,71,2,2
842,72,2,2
842,73,2,2
842,74,2,2
842,75,2,2
842,76,2,2
842,77,2,2
842,78,2,2
842,79,2,2
842,80,2,2
842,81,2,2
842,82,2,2
842,83,2,2
842,84,2,2
842,85,2,2
842,86,2,2
842,87,2,2
842,88,2,2
842,89,2,2
842,90,2,2
842,91,2,2
842,92,2,2
842,93,2,2
842,94,2,2
842,95,2,2
842,96,2,2
842,97,2,2
842,98,2,2
842,99,2,2
842,100,2,2
842,101,2,2
842,102,2,2
842,103,2,2
842,104,2,2
842,105,2,2
842,106,2,2
842,107,2,2
842,108,2,2
842,109,2,2
842,110,2,2
842,111,2,2
842,112,2,2
842,113,2,2
842,114,2,2
842,115,2,2
842,116,2,2
842,117,2,2
842,118,2,2
842,119,2,2
842,120,2,2
842,121,2,2
842,122,2,2
842,123,2,2
842,124,2,2
842,125,2,2
842,126,2,2
842,127,2,2
842,128,2,2
842,129,2,2
842,130,2,2
842,131,2,2
842,132,2,2
842,133,2,2
842,134,2,2
842,135,2,2
842,136,2,2
842,137,2,2
842,138,2,2
842,139,2,2
842,140,2,2
842,141,2,2
842,142,2,2
842,143,2,2
842,144,2,2
842,145,2,2
842,146,2,2
842,147,2,2
842,148,2,2
842,149,2,2
842,150,2,2
842,151,2,2
842,152,2,2
842,153,2,2
842,154,2,2
842,155,2,2
842,156,2,2
842,157,2,2
842,158,2,2
842,159,2,2
842,160,2,2
842,161,2,2
842,162,2,2
842,163,2,2
842,164,2,2
842,165,2,2
842,166,2,2
842,167,2,2
842,168,2,2
842,169,2,2
842,170,2,2
842,171,2,2
842,172,2,2
842,173,2,2
842,174,2,2
842,175,2,2
842,176,2,2
842,177,2,2
842,178,2,2
842,179,2,2
842,180,2,2
842,181,2,2
842,182,2,2
842,183,2,2
842,184,2,2
842,185,2,2
842,186,2,2
842,187,2,2
842,188,2,2
842,189,2,2
842,190,2,2
842,191,2,2
842,192,2,2
842,193,2,2
842,194,2,2
842,195,2,2
842,196,2,2
842,197,2,2
842,198,2,2
842,199,2,2
842,200,2,2
842,201,2,2
842,202,2,2
842,203,2,2
842,204,2,2
842,205,2,2
842,206,2,2
842,207,2,2
842,208,2,2
842,209,2,2
842,210,2,2
842,211,2,2
842,212,2,2
842,213,2,2
842,214,2,2
842,215,2,2
842,216,2,2
842,217,2,2
842,218,2,2
842,219,2,2
842,220,2,2
842,221,2,2
842,222,2,2
842,223,2,2
842,224,2,2
842,225,2,2
842,226,2,2
842,227,2,2
842,228,2,2
842,229,2,2
842,230,2,2
842,231,2,2
842,232,2,2
842,233,2,2
842,234,2,2
842,235,2,2
842,236,2,2
842,237,2,2
842,238,2,2
842,239,2,2
842,240,2,2
842,241,2,2
842,242,2,2
842,243,2,2
842,244,2,2
842,245,2,2
842,246,2,2
842,247,2,2
842,248,2,2
842,249,2,2
842,250,2,2
842,251,2,2
842,252,2,2
842,253,2,2
842,254,2,2
842,255,2,2
842,256,2,2
842,257,2,2
842,258,2,2
842,259,2,2
842,260,2,2
842,261,2,2
842,262,2,2
842,263,2,2
842,264,2,2
842,265,2,2
842,266,2,2
842,267,2,2
842,268,2,2
842,269,2,2
842,270,2,2
842,271,2,2
842,272,2,2
842,273,2,2
842,274,2,2
842,275,2,2
842,276,2,2
842,277,2,3
842,278,2,3
842,279,2,3
842,280,2,3
842,281,2,3
842,282,2,3
842,283,2,3
842,284,2,3
842,285,2,3
842,286,2,3
842,287,2,3
842,288,2,3
842,289,2,3
842,290,2,3
842,291,2,3
842,292,2,3
842,293,2,3
842,294,2,3
842,295,2,3
842,296,2,3
842,297,2,3
842,298,2,3
842,299,2,3
842,300,2,3
842,301,2,3
842,302,2,3
842,303,2,3
842,304,2,3
842,305,2,3
842,306,2,3
842,307,2,3
842,308,2,3
842,309,2,3
842,310,2,3
842,311,2,3
842,312,2,3
842,313,2,3
842,314,2,3
842,315,2,3
842,316,2,3
842,317,2,3
842,318,2,3
842,319,2,3
842,320,2,3
842,321,2,3
842,322,2,3
842,323,2,3
842,324,2,3
842,325,2,3
842,326,2,3
842,327,2,3
842,328,2,3
842,329,2,3
842,330,2,3
842,331,2,3
842,332,2,3
842,333,2,3
842,334,2,3
842,335,2,3
842,336,2,3
842,337,2,3
842,338,2,3
842,339,2,3
842,340,2,3
842,341,2,3
842,342,2,3
842,343,2,3
842,344,2,3
842,345,2,3
842,346,2,3
842,347,2,3
842,348,2,3
842,349,2,3
842,350,2,3
842,351,2,3
842,352,2,3
842,353,2,3
842,354,2,2
842,355,2,2
842,356,2,2
842,357,2,2
842,358,2,2
842,359,2,2
842,360,2,2
842,361,2,2
842,362,2,2
842,363,2,2
842,364,2,2
842,365,2,2
842,366,2,2
842,367,2,2
842,368,2,2
842,369,2,2
842,370,2,2
842,371,2,2
842,372,2,2
842,373,2,2
842,374,2,2
842,375,2,2
842,376,2,2
842,377,2,2
842,378,2,2
842,379,2,2
842,380,2,2
842,381,2,2
842,382,2,2
842,383,2,2
842,384,2,2
842,385,2,2
842,386,2,2
842,387,2,2
842,388,2,2
842,389,2,2
842,390,2,2
842,391,2,2
842,392,2,2
842,393,2,2
842,394,2,2
842,395,2,2
842,396,2,2
842,397,2,2
842,398,2,2
842,399,2,2
842,400,2,2
842,401,2,2
842,402,2,2
842,403,2,2
842,404,2,2
842,405,2,2
842,406,2,2
842,407,2,2
842,408,2,2
842,409,2,2
842,410,2,2
842,411,2,2
842,412,2,2
842,413,2,2
842,414,2,2
842,415,2,2
842,416,2,2
842,417,2,2
842,418,2,2
842,419,2,2
842,420,2,2
842,421,2,2
842,422,2,2
842,423,2,2
842,424,2,2
842,425,2,2
842,426,2,2
842,427,2,2
842,428,2,2
842,429,2,2
842,430,2,2
842,431,2,2
842,432,2,2
842,433,2,2
842,434,2,2
842,435,2,2
842,436,2,2
842,437,2,2
842,438,2,2
842,439,2,2
842,440,2,2
842,441,2,2
842,442,2,2
842,443,2,2
842,444,2,2
842,445,2,2
842,446,2,2
842,447,2,2
842,448,2,2
842,449,2,2
842,450,2,2
842,451,2,2
842,452,2,2
842,453,2,2
842,454,2,2
842,455,2,2
842,456,2,2
842,457,2,2
842,458,2,2
842,459,2,2
842,460,2,2
842,461,2,2
842,462,2,2
842,463,2,2
842,464,2,2
842,465,2,2
842,466,2,2
842,467,2,2
842,468,2,2
842,469,2,2
842,470,2,2
842,471,2,2
842,472,2,2
842,473,2,2
842,474,2,2
842,475,2,2
842,476,2,2
842,477,2,2
842,478,2,2
842,479,2,2
842,480,2,2
842,481,2,2
842,482,2,2
842,483,2,2
842,484,2,2
842,485,2,2
842,486,2,2
842,487,2,2
842,488,2,2
842,489,2,2
842,490,2,2
842,491,2,2
842,492,2,2
842,493,2,2
842,494,2,2
842,495,2,2
842,496,2,2
842,497,2,2
842,498,2,2
842,499,2,2
842,500,2,2
842,501,2,2
842,502,2,2
842,503,2,2
842,504,2,2
842,505,2,2
842,506,2,2
842,507,2,2
842,508,2,2
842,509,2,2
842,510,2,2
842,511,2,2
842,512,2,2
842,513,2,2
842,514,2,2
842,515,2,2
842,516,2,2
842,517,2,2
842,518,2,2
842,519,2,2
842,520,2,2
842,521,2,2
842,522,2,2
842,523,2,2
842,524,2,2
842,525,2,2
842,526,2,2
842,527,2,2
842,528,2,2
842,529,2,2
842,530,2,3
843,57,2,2
843,58,2,2
843,59,2,2
843,60,2,2
843,61,2,2
843,62,2,2
843,63,2,2
843,64,2,2
843,65,2,2
843,66,2,2
843,67,2,2
843,68,2,2
843,69,2,2
843,70,2,2
843,71,2,2
843,72,2,2
843,73,2,2
843,74,2,2
843,75,2,2
843,76,2,2
843,77,2,2
843,78,2,2
843,79,2,2
843,80,2,2
843,81,2,2
843,82,2,2
843,83,2,2
843,84,2,2
843,85,2,2
843,86,2,2
843,87,2,2
843,88,2,2
843,89,2,2
843,90,2,2
843,91,2,2
843,92,2,2
843,93,2,2
843,94,2,2
843,95,2,2
843,96,2,2
843,97,2,2
843,98,2,2
843,99,2,2
843,100,2,2
843,101,2,2
843,102,2,2
843,103,2,2
843,104,2,2
843,105,2,2
843,106,2,2
843,107,2,2
843,108,2,2
843,109,2,2
843,110,2,2
843,111,2,2
843,112,2,2
843,113,2,2
843,114,2,2
843,115,2,2
843,116,2,2
843,117,2,2
843,118,2,2
843,119,2,2
843,120,2,2
843,121,2,2
843,122,2,2
843,123,2,2
843,124,2,2
843,125,2,2
843,126,2,2
843,127,2,2
843,128,2,2
843,129,2,2
843,130,2,2
843,131,2,2
843,132,2,2
843,133,2,2
843,134,2,2
843,135,2,2
843,136,2,2
843,137,2,2
843,138,2,2
843,139,2,2
843,140,2,2
843,141,2,2
843,142,2,2
843,143,2,2
843,144,2,2
843,145,2,2
843,146,2,2
843,147,2,2
843,148,2,2
843,149,2,2
843,150,2,2
843,151,2,2
843,152,2,2
843,153,2,2
843,154,2,2
843,155,2,2
843,156,2,2
843,157,2,2
843,158,2,2
843,159,2,2
843,160,2,2
843,161,2,2
843,162,2,2
843,163,2,2
843,164,2,2
843,165,2,2
843,166,2,2
843,167,2,2
843,168,2,2
843,169,2,2
843,170,2,2
843,171,2,2
843,172,2,2
843,173,2,2
843,174,2,2
843,175,2,2
843,176,2,2
843,177,2,2
843,178,2,2
843,179,2,2
843,180,2,2
843,181,2,2
843,182,2,2
843,183,2,2
843,184,2,2
843,185,2,2
843,186,2,2
843,187,2,2
843,188,2,2
843,189,2,2
843,190,2,2
843,191,2,2
843,192,2,2
843,193,2,2
843,194,2,2
843,195,2,2
843,196,2,2
843,197,2,2
843,198,2,2
843,199,2,2
843,200,2,2
843,201,2,2
843,202,2,2
843,203,2,2
843,204,2,2
843,205,2,2
843,206,2,2
843,207,2,2
843,208,2,2
843,209,2,2
843,210,2,2
843,211,2,2
843,212,2,2
843,213,2,2
843,214,2,2
843,215,2,2
843,216,2,2
843,217,2,2
843,218,2,2
843,219,2,2
843,220,2,2
843,221,2,2
843,222,2,2
843,223,2,2
843,224,2,2
843,225,2,2
843,226,2,2
843,227,2,2
843,228,2,2
843,229,2,2
843,230,2,2
843,231,2,2
843,232,2,2
843,233,2,2
843,234,2,2
843,235,2,2
843,236,2,2
843,237,2,2
843,238,2,2
843,239,2,2
843,240,2,2
843,241,2,2
843,242,2,2
843,243,2,2
843,244,2,2
843,245,2,2
843,246,2,2
843,247,2,2
843,248,2,2
843,249,2,2
843,250,2,2
843,251,2,2
843,252,2,2
843,253,2,2
843,254,2,2
843,255,2,2
843,256,2,2
843,257,2,2
843,258,2,2
843,259,2,2
843,260,2,2
843,261,2,2
843,262,2,2
843,263,2,2
843,264,2,2
843,265,2,2
843,266,2,2
843,267,2,2
843,268,2,2
843,269,2,2
843,270,2,2
843,271,2,2
843,272,2,2
843,273,2,2
843,274,2,2
843,275,2,2
843,276,2,2
843,277,2,2
843,278,2,3
843,279,2,3
843,280,2,3
843,281,2,3
843,282,2,3
843,283,2,3
843,284,2,3
843,285,2,3
843,286,2,3
843,287,2,3
843,288,2,3
843,289,2,3
843,290,2,3
843,291,2,3
843,292,2,3
843,293,2,3
843,294,2,3
843,295,2,3
843,296,2,3
843,297,2,3
843,298,2,3
843,299,2,3
843,300,2,3
843,301,2,3
843,302,2,3
843,303,2,3
843,304,2,3
843,305,2,3
843,306,2,3
843,307,2,3
843,308,2,3
843,309,2,3
843,310,2,3
843,311,2,3
843,312,2,3
843,313,2,3
843,314,2,3
843,315,2,3
843,316,2,3
843,317,2,3
843,318,2,3
843,319,2,3
843,320,2,3
843,321,2,3
843,322,2,3
843,323,2,3
843,324,2,3
843,325,2,3
843,326,2,3
843,327,2,3
843,328,2,3
843,329,2,3
843,330,2,3
843,331,2,3
843,332,2,3
843,333,2,3
843,334,2,3
843,335,2,3
843,336,2,3
843,337,2,3
843,338,2,3
843,339,2,3
843,340,2,3
843,341,2,3
843,342,2,3
843,343,2,3
843,344,2,3
843,345,2,3
843,346,2,3
843,347,2,3
843,348,2,3
843,349,2,3
843,350,2,3
843,351,2,3
843,352,2,3
843,353,2,2
843,354,2,2
843,355,2,2
843,356,2,2
843,357,2,2
843,358,2,2
843,359,2,2
843,360,2,2
843,361,2,2
843,362,2,2
843,363,2,2
843,364,2,2
843,365,2,2
843,366,2,2
843,367,2,2
843,368,2,2
843,369,2,2
843,370,2,2
843,371,2,2
843,372,2,2
843,373,2,2
843,374,2,2
843,375,2,2
843,376,2,2
843,377,2,2
843,378,2,2
843,379,2,2
843,380,2,2
843,381,2,2
843,382,2,2
843,383,2,2
843,384,2,2
843,385,2,2
843,386,2,2
843,387,2,2
843,388,2,2
843,389,2,2
843,390,2,2
843,391,2,2
843,392,2,2
843,393,2,2
843,394,2,2
843,395,2,2
843,396,2,2
843,397,2,2
843,398,2,2
843,399,2,2
843,400,2,2
843,401,2,2
843,402,2,2
843,403,2,2
843,404,2,2
843,405,2,2
843,406,2,2
843,407,2,2
843,408,2,2
843,409,2,2
843,410,2,2
843,411,2,2
843,412,2,2
843,413,2,2
843,414,2,2
843,415,2,2
843,416,2,2
843,417,2,2
843,418,2,2
843,419,2,2
843,420,2,2
843,421,2,2
843,422,2,2
843,423,2,2
843,424,2,2
843,425,2,2
843,426,2,2
843,427,2,2
843,428,2,2
843,429,2,2
843,430,2,2
843,431,2,2
843,432,2,2
843,433,2,2
843,434,2,2
843,435,2,2
843,436,2,2
843,437,2,2
843,438,2,2
843,439,2,2
843,440,2,2
843,441,2,2
843,442,2,2
843,443,2,2
843,444,2,2
843,445,2,2
843,446,2,2
843,447,2,2
843,448,2,2
843,449,2,2
843,450,2,2
843,451,2,2
843,452,2,2
843,453,2,2
843,454,2,2
843,455,2,2
843,456,2,2
843,457,2,2
843,458,2,2
843,459,2,2
843,460,2,2
843,461,2,2
843,462,2,2
843,463,2,2
843,464,2,2
843,465,2,2
843,466,2,2
843,467,2,2
843,468,2,2
843,469,2,2
843,470,2,2
843,471,2,2
843,472,2,2
843,473,2,2
843,474,2,2
843,475,2,2
843,476,2,2
843,477,2,2
843,478,2,2
843,479,2,2
843,480,2,2
843,481,2,2
843,482,2,2
843,483,2,2
843,484,2,2
843,485,2,2
843,486,2,2
843,487,2,2
843,488,2,2
843,489,2,2
843,490,2,2
843,491,2,2
843,492,2,2
843,493,2,2
843,494,2,2
843,495,2,2
843,496,2,2
843,497,2,2
843,498,2,2
843,499,2,2
843,500,2,2
843,501,2,2
843,502,2,2
843,503,2,2
843,504,2,2
843,505,2,2
843,506,2,2
843,507,2,2
843,508,2,2
843,509,2,2
843,510,2,2
843,511,2,2
843,512,2,2
843,513,2,2
843,514,2,2
843,515,2,2
843,516,2,2
843,517,2,2
843,518,2,2
843,519,2,2
843,520,2,2
843,521,2,2
843,522,2,2
843,523,2,2
843,524,2,2
843,525,2,2
843,526,2,2
843,527,2,2
843,528,2,2
843,529,2,2
843,530,2,2
844,58,2,2
844,59,2,2
844,60,2,2
844,61,2,2
844,62,2,2
844,63,2,2
844,64,2,2
844,65,2,2
844,66,2,2
844,67,2,2
844,68,2,2
844,69,2,2
844,70,2,2
844,71,2,2
844,72,2,2
844,73,2,2
844,74,2,2
844,75,2,2
844,76,2,2
844,77,2,2
844,78,2,2
844,79,2,2
844,80,2,2
844,81,2,2
844,82,2,2
844,83,2,2
844,84,2,2
844,85,2,2
844,86,2,2
844,87,2,2
844,88,2,2
844,89,2,2
844,90,2,2
844,91,2,2
844,92,2,2
844,93,2,2
844,94,2,2
844,95,2,2
844,96,2,2
844,97,2,2
844,98,2,2
844,99,2,2
844,100,2,2
844,101,2,2
844,102,2,2
844,103,2,2
844,104,2,2
844,105,2,2
844,106,2,2
844,107,2,2
844,108,2,2
844,109,2,2
844,110,2,2
844,111,2,2
844,112,2,2
844,113,2,2
844,114,2,2
844,115,2,2
844,116,2,2
844,117,2,2
844,118,2,2
844,119,2,2
844,120,2,2
844,121,2,2
844,122,2,2
844,123,2,2
844,124,2,2
844,125,2,2
844,126,2,2
844,127,2,2
844,128,2,2
844,129,2,2
844,130,2,2
844,131,2,2
844,132,2,2
844,133,2,2
844,134,2,2
844,135,2,2
844,136,2,2
844,137,2,2
844,138,2,2
844,139,2,2
844,140,2,2
844,141,2,2
844,142,2,2
844,143,2,2
844,144,2,2
844,145,2,2
844,146,2,2
844,147,2,2
844,148,2,2
844,149,2,2
844,150,2,2
844,151,2,2
844,152,2,2
844,153,2,2
844,154,2,2
844,155,2,2
844,156,2,2
844,157,2,2
844,158,2,2
844,159,2,2
844,160,2,2
844,161,2,2
844,162,2,2
844,163,2,2
844,164,2,2
844,165,2,2
844,166,2,2
844,167,2,2
844,168,2,2
844,169,2,2
844,170,2,2
844,171,2,2
844,172,2,2
844,173,2,2
844,174,2,2
844,175,2,2
844,176,2,2
844,177,2,2
844,178,2,2
844,179,2,2
844,180,2,2
844,181,2,2
844,182,2,2
844,183,2,2
844,184,2,2
844,185,2,2
844,186,2,2
844,187,2,2
844,188,2,2
844,189,2,2
844,190,2,2
844,191,2,2
844,192,2,2
844,193,2,2
844,194,2,2
844,195,2,2
844,196,2,2
844,197,2,2
844,198,2,2
844,199,2,2
844,200,2,2
844,201,2,2
844,202,2,2
844,203,2,2
844,204,2,2
844,205,2,2
844,206,2,2
844,207,2,2
844,208,2,2
844,209,2,2
844,210,2,2
844,211,2,2
844,212,2,2
844,213,2,2
844,214,2,2
844,215,2,2
844,216,2,2
844,217,2,2
844,218,2,2
844,219,2,2
844,220,2,2
844,221,2,2
844,222,2,2
844,223,2,2
844,224,2,2
844,225,2,2
844,226,2,2
844,227,2,2
844,228,2,2
844,229,2,2
844,230,2,2
844,231,2,2
844,232,2,2
844,233,2,2
844,234,2,2
844,235,2,2
844,236,2,2
844,237,2,2
844,238,2,2
844,239,2,2
844,240,2,2
844,241,2,2
844,242,2,2
844,243,2,2
844,244,2,2
844,245,2,2
844,246,2,2
844,247,2,2
844,248,2,2
844,249,2,2
844,250,2,2
844,251,2,2
844,252,2,2
844,253,2,2
844,254,2,2
844,255,2,2
844,256,2,2
844,257,2,2
844,258,2,2
844,259,2,2
844,260,2,2
844,261,2,2
844,262,2,2
844,263,2,2
844,264,2,2
844,265,2,2
844,266,2,2
844,267,2,2
844,268,2,2
844,269,2,2
844,270,2,2
844,271,2,2
844,272,2,2
844,273,2,2
844,274,2,2
844,275,2,2
844,276,2,2
844,277,2,2
844,278,2,3
844,279,2,3
844,280,2,3
844,281,2,3
844,282,2,3
844,283,2,3
844,284,2,3
844,285,2,3
844,286,2,3
844,287,2,3
844,288,2,3
844,289,2,3
844,290,2,3
844,291,2,3
844,292,2,3
844,293,2,3
844,294,2,3
844,295,2,3
844,296,2,3
844,297,2,3
844,298,2,3
844,299,2,3
844,300,2,3
844,301,2,3
844,302,2,3
844,303,2,3
844,304,2,3
844,305,2,3
844,306,2,3
844,307,2,3
844,308,2,3
844,309,2,3
844,310,2,3
844,311,2,3
844,312,2,3
844,313,2,3
844,314,2,3
844,315,2,3
844,316,2,3
844,317,2,3
844,318,2,3
844,319,2,3
844,320,2,3
844,321,2,3
844,322,2,3
844,323,2,3
844,324,2,3
844,325,2,3
844,326,2,3
844,327,2,3
844,328,2,3
844,329,2,3
844,330,2,3
844,331,2,3
844,332,2,3
844,333,2,3
844,334,2,3
844,335,2,3
844,336,2,3
844,337,2,3
844,338,2,3
844,339,2,3
844,340,2,3
844,341,2,3
844,342,2,3
844,343,2,3
844,344,2,3
844,345,2,3
844,346,2,3
844,347,2,3
844,348,2,3
844,349,2,3
844,350,2,3
844,351,2,3
844,352,2,3
844,353,2,2
844,354,2,2
844,355,2,2
844,356,2,2
844,357,2,2
844,358,2,2
844,359,2,2
844,360,2,2
844,361,2,2
844,362,2,2
844,363,2,2
844,364,2,2
844,365,2,2
844,366,2,2
844,367,2,2
844,368,2,2
844,369,2,2
844,370,2,2
844,371,2,2
844,372,2,2
844,373,2,2
844,374,2,2
844,375,2,2
844,376,2,2
844,377,2,2
844,378,2,2
844,379,2,2
844,380,2,2
844,381,2,2
844,382,2,2
844,383,2,2
844,384,2,2
844,385,2,2
844,386,2,2
844,387,2,2
844,388,2,2
844,389,2,2
844,390,2,2
844,391,2,2
844,392,2,2
844,393,2,2
844,394,2,2
844,395,2,2
844,396,2,2
844,397,2,2
844,398,2,2
844,399,2,2
844,400,2,2
844,401,2,2
844,402,2,2
844,403,2,2
844,404,2,2
844,405,2,2
844,406,2,2
844,407,2,2
844,408,2,2
844,409,2,2
844,410,2,2
844,411,2,2
844,412,2,2
844,413,2,2
844,414,2,2
844,415,2,2
844,416,2,2
844,417,2,2
844,418,2,2
844,419,2,2
844,420,2,2
844,421,2,2
844,422,2,2
844,423,2,2
844,424,2,2
844,425,2,2
844,426,2,2
844,427,2,2
844,428,2,2
844,429,2,2
844,430,2,2
844,431,2,2
844,432,2,2
844,433,2,2
844,434,2,2
844,435,2,2
844,436,2,2
844,437,2,2
844,438,2,2
844,439,2,2
844,440,2,2
844,441,2,2
844,442,2,2
844,443,2,2
844,444,2,2
844,445,2,2
844,446,2,2
844,447,2,2
844,448,2,2
844,449,2,2
844,450,2,2
844,451,2,2
844,452,2,2
844,453,2,2
844,454,2,2
844,455,2,2
844,456,2,2
844,457,2,2
844,458,2,2
844,459,2,2
844,460,2,2
844,461,2,2
844,462,2,2
844,463,2,2
844,464,2,2
844,465,2,2
844,466,2,2
844,467,2,2
844,468,2,2
844,469,2,2
844,470,2,2
844,471,2,2
844,472,2,2
844,473,2,2
844,474,2,2
844,475,2,2
844,476,2,2
844,477,2,2
844,478,2,2
844,479,2,2
844,480,2,2
844,481,2,2
844,482,2,2
844,483,2,2
844,484,2,2
844,485,2,2
844,486,2,2
844,487,2,2
844,488,2,2
844,489,2,2
844,490,2,2
844,491,2,2
844,492,2,2
844,493,2,2
844,494,2,2
844,495,2,2
844,496,2,2
844,497,2,2
844,498,2,2
844,499,2,2
844,500,2,2
844,501,2,2
844,502,2,2
844,503,2,2
844,504,2,2
844,505,2,2
844,506,2,2
844,507,2,2
844,508,2,2
844,509,2,2
844,510,2,2
844,511,2,2
844,512,2,2
844,513,2,2
844,514,2,2
844,515,2,2
844,516,2,2
844,517,2,2
844,518,2,2
844,519,2,2
844,520,2,2
844,521,2,2
844,522,2,2
844,523,2,2
844,524,2,2
844,525,2,2
844,526,2,2
844,527,2,2
844,528,2,2
844,529,2,2
844,530,2,2
844,531,2,3
845,59,2,2
845,60,2,2
845,61,2,2
845,62,2,2
845,63,2,2
845,64,2,2
845,65,2,2
845,66,2,2
845,67,2,2
845,68,2,2
845,69,2,2
845,70,2,2
845,71,2,2
845,72,2,2
845,73,2,2
845,74,2,2
845,75,2,2
845,76,2,2
845,77,2,2
845,78,2,2
845,79,2,2
845,80,2,2
845,81,2,2
845,82,2,2
845,83,2,2
845,84,2,2
845,85,2,2
845,86,2,2
845,87,2,2
845,88,2,2
845,89,2,2
845,90,2,2
845,91,2,2
845,92,2,2
845,93,2,2
845,94,2,2
845,95,2,2
845,96,2,2
845,97,2,2
845,98,2,2
845,99,2,2
845,100,2,2
845,101,2,2
845,102,2,2
845,103,2,2
845,104,2,2
845,105,2,2
845,106,2,2
845,107,2,2
845,108,2,2
845,109,2,2
845,110,2,2
845,111,2,2
845,112,2,2
845,113,2,2
845,114,2,2
845,115,2,2
845,116,2,2
845,117,2,2
845,118,2,2
845,119,2,2
845,120,2,2
845,121,2,2
845,122,2,2
845,123,2,2
845,124,2,2
845,125,2,2
845,126,2,2
845,127,2,2
845,128,2,2
845,129,2,2
845,130,2,2
845,131,2,2
845,132,2,2
845,133,2,2
845,134,2,2
845,135,2,2
845,136,2,2
845,137,2,2
845,138,2,2
845,139,2,2
845,140,2,2
845,141,2,2
845,142,2,2
845,143,2,2
845,144,2,2
845,145,2,2
845,146,2,2
845,147,2,2
845,148,2,2
845,149,2,2
845,150,2,2
845,151,2,2
845,152,2,2
845,153,2,2
845,154,2,2
845,155,2,2
845,156,2,2
845,157,2,2
845,158,2,2
845,159,2,2
845,160,2,2
845,161,2,2
845,162,2,2
845,163,2,2
845,164,2,2
845,165,2,2
845,166,2,2
845,167,2,2
845,168,2,2
845,169,2,2
845,170,2,2
845,171,2,2
845,172,2,2
845,173,2,2
845,174,2,2
845,175,2,2
845,176,2,2
845,177,2,2
845,178,2,2
845,179,2,2
845,180,2,2
845,181,2,2
845,182,2,2
845,183,2,2
845,184,2,2
845,185,2,2
845,186,2,2
845,187,2,2
845,188,2,2
845,189,2,2
845,190,2,2
845,191,2,2
845,192,2,2
845,193,2,2
845,194,2,2
845,195,2,2
845,196,2,2
845,197,2,2
845,198,2,2
845,199,2,2
845,200,2,2
845,201,2,2
845,202,2,2
845,203,2,2
845,204,2,2
845,205,2,2
845,206,2,2
845,207,2,2
845,208,2,2
845,209,2,2
845,210,2,2
845,211,2,2
845,212,2,2
845,213,2,2
845,214,2,2
845,215,2,2
845,216,2,2
845,217,2,2
845,218,2,2
845,219,2,2
845,220,2,2
845,221,2,2
845,222,2,2
845,223,2,2
845,224,2,2
845,225,2,2
845,226,2,2
845,227,2,2
845,228,2,2
845,229,2,2
845,230,2,2
845,231,2,2
845,232,2,2
845,233,2,2
845,234,2,2
845,235,2,2
845,236,2,2
845,237,2,2
845,238,2,2
845,239,2,2
845,240,2,2
845,241,2,2
845,242,2,2
845,243,2,2
845,244,2,2
845,245,2,2
845,246,2,2
845,247,2,2
845,248,2,2
845,249,2,2
845,250,2,2
845,251,2,2
845,252,2,2
845,253,2,2
845,254,2,2
845,255,2,2
845,256,2,2
845,257,2,2
845,258,2,2
845,259,2,2
845,260,2,2
845,261,2,2
845,262,2,2
845,263,2,2
845,264,2,2
845,265,2,2
845,266,2,2
845,267,2,2
845,268,2,2
845,269,2,2
845,270,2,2
845,271,2,2
845,272,2,2
845,273,2,2
845,274,2,2
845,275,2,2
845,276,2,2
845,277,2,2
845,278,2,3
845,279,2,3
845,280,2,3
845,281,2,3
845,282,2,3
845,283,2,3
845,284,2,3
845,285,2,3
845,286,2,3
845,287,2,3
845,288,2,3
845,289,2,3
845,290,2,3
845,291,2,3
845,292,2,3
845,293,2,3
845,294,2,3
845,295,2,3
845,296,2,3
845,297,2,3
845,298,2,3
845,299,2,3
845,300,2,3
845,301,2,3
845,302,2,3
845,303,2,3
845,304,2,3
845,305,2,3
845,306,2,3
845,307,2,3
845,308,2,3
845,309,2,3
845,310,2,3
845,311,2,3
845,312,2,3
845,313,2,3
845,314,2,3
845,315,2,3
845,316,2,3
845,317,2,3
845,318,2,3
845,319,2,3
845,320,2,3
845,321,2,3
845,322,2,3
845,323,2,3
845,324,2,3
845,325,2,3
845,326,2,3
845,327,2,3
845,328,2,3
845,329,2,3
845,330,2,3
845,331,2,3
845,332,2,3
845,333,2,3
845,334,2,3
845,335,2,3
845,336,2,3
845,337,2,3
845,338,2,3
845,339,2,3
845,340,2,3
845,341,2,3
845,342,2,3
845,343,2,3
845,344,2,3
845,345,2,3
845,346,2,3
845,347,2,3
845,348,2,3
845,349,2,3
845,350,2,3
845,351,2,3
845,352,2,3
845,353,2,2
845,354,2,2
845,355,2,2
845,356,2,2
845,357,2,2
845,358,2,2
845,359,2,2
845,360,2,2
845,361,2,2
845,362,2,2
845,363,2,2
845,364,2,2
845,365,2,2
845,366,2,2
845,367,2,2
845,368,2,2
845,369,2,2
845,370,2,2
845,371,2,2
845,372,2,2
845,373,2,2
845,374,2,2
845,375,2,2
845,376,2,2
845,377,2,2
845,378,2,2
845,379,2,2
845,380,2,2
845,381,2,2
845,382,2,2
845,383,2,2
845,384,2,2
845,385,2,2
845,386,2,2
845,387,2,2
845,388,2,2
845,389,2,2
845,390,2,2
845,391,2,2
845,392,2,2
845,393,2,2
845,394,2,2
845,395,2,2
845,396,2,2
845,397,2,2
845,398,2,2
845,399,2,2
845,400,2,2
845,401,2,2
845,402,2,2
845,403,2,2
845,404,2,2
845,405,2,2
845,406,2,2
845,407,2,2
845,408,2,2
845,409,2,2
845,410,2,2
845,411,2,2
845,412,2,2
845,413,2,2
845,414,2,2
845,415,2,2
845,416,2,2
845,417,2,2
845,418,2,2
845,419,2,2
845,420,2,2
845,421,2,2
845,422,2,2
845,423,2,2
845,424,2,2
845,425,2,2
845,426,2,2
845,427,2,2
845,428,2,2
845,429,2,2
845,430,2,2
845,431,2,2
845,432,2,2
845,433,2,2
845,434,2,2
845,435,2,2
845,436,2,2
845,437,2,2
845,438,2,2
845,439,2,2
845,440,2,2
845,441,2,2
845,442,2,2
845,443,2,2
845,444,2,2
845,445,2,2
845,446,2,2
845,447,2,2
845,448,2,2
845,449,2,2
845,450,2,2
845,451,2,2
845,452,2,2
845,453,2,2
845,454,2,2
845,455,2,2
845,456,2,2
845,457,2,2
845,458,2,2
845,459,2,2
845,460,2,2
845,461,2,2
845,462,2,2
845,463,2,2
845,464,2,2
845,465,2,2
845,466,2,2
845,467,2,2
845,468,2,2
845,469,2,2
845,470,2,2
845,471,2,2
845,472,2,2
845,473,2,2
845,474,2,2
845,475,2,2
845,476,2,2
845,477,2,2
845,478,2,2
845,479,2,2
845,480,2,2
845,481,2,2
845,482,2,2
845,483,2,2
845,484,2,2
845,485,2,2
845,486,2,2
845,487,2,2
845,488,2,2
845,489,2,2
845,490,2,2
845,491,2,2
845,492,2,2
845,493,2,2
845,494,2,2
845,495,2,2
845,496,2,2
845,497,2,2
845,498,2,2
845,499,2,2
845,500,2,2
845,501,2,2
845,502,2,2
845,503,2,2
845,504,2,2
845,505,2,2
845,506,2,2
845,507,2,2
845,508,2,2
845,509,2,2
845,510,2,2
845,511,2,2
845,512,2,2
845,513,2,2
845,514,2,2
845,515,2,2
845,516,2,2
845,517,2,2
845,518,2,2
845,519,2,2
845,520,2,2
845,521,2,2
845,522,2,2
845,523,2,2
845,524,2,2
845,525,2,2
845,526,2,2
845,527,2,2
845,528,2,2
845,529,2,2
845,530,2,2
845,531,2,3
846,60,2,2
846,61,2,2
846,62,2,2
846,63,2,2
846,64,2,2
846,65,2,2
846,66,2,2
846,67,2,2
846,68,2,2
846,69,2,2
846,70,2,2
846,71,2,2
846,72,2,2
846,73,2,2
846,74,2,2
846,75,2,2
846,76,2,2
846,77,2,2
846,78,2,2
846,79,2,2
846,80,2,2
846,81,2,2
846,82,2,2
846,83,2,2
846,84,2,2
846,85,2,2
846,86,2,2
846,87,2,2
846,88,2,2
846,89,2,2
846,90,2,2
846,91,2,2
846,92,2,2
846,93,2,2
846,94,2,2
846,95,2,3
846,96,2,3
846,97,2,3
846,98,2,3
846,99,2,3
846,100,2,3
846,101,2,3
846,102,2,2
846,103,2,2
846,104,2,2
846,105,2,2
846,106,2,2
846,107,2,2
846,108,2,2
846,109,2,2
846,110,2,2
846,111,2,2
846,112,2,2
846,113,2,2
846,114,2,2
846,115,2,2
846,116,2,2
846,117,2,2
846,118,2,2
846,119,2,2
846,120,2,2
846,121,2,2
846,122,2,2
846,123,2,2
846,124,2,2
846,125,2,2
846,126,2,2
846,127,2,2
846,128,2,2
846,129,2,2
846,130,2,2
846,131,2,2
846,132,2,2
846,133,2,2
846,134,2,2
846,135,2,2
846,136,2,2
846,137,2,2
846,138,2,2
846,139,2,2
846,140,2,2
846,141,2,2
846,142,2,2
846,143,2,2
846,144,2,2
846,145,2,2
846,146,2,2
846,147,2,2
846,148,2,2
846,149,2,2
846,150,2,2
846,151,2,2
846,152,2,2
846,153,2,2
846,154,2,2
846,155,2,2
846,156,2,2
846,157,2,2
846,158,2,2
846,159,2,2
846,160,2,2
846,161,2,2
846,162,2,2
846,163,2,2
846,164,2,2
846,165,2,2
846,166,2,2
846,167,2,2
846,168,2,2
846,169,2,2
846,170,2,2
846,171,2,2
846,172,2,2
846,173,2,2
846,174,2,2
846,175,2,2
846,176,2,2
846,177,2,2
846,178,2,2
846,179,2,2
846,180,2,2
846,181,2,2
846,182,2,2
846,183,2,2
846,184,2,2
846,185,2,2
846,186,2,2
846,187,2,2
846,188,2,2
846,189,2,2
846,190,2,2
846,191,2,2
846,192,2,2
846,193,2,2
846,194,2,2
846,195,2,2
846,196,2,2
846,197,2,2
846,198,2,2
846,199,2,2
846,200,2,2
846,201,2,2
846,202,2,2
846,203,2,2
846,204,2,2
846,205,2,2
846,206,2,2
846,207,2,2
846,208,2,2
846,209,2,2
846,210,2,2
846,211,2,2
846,212,2,2
846,213,2,2
846,214,2,2
846,215,2,2
846,216,2,2
846,217,2,2
846,218,2,2
846,219,2,2
846,220,2,2
846,221,2,2
846,222,2,2
846,223,2,2
846,224,2,2
846,225,2,2
846,226,2,2
846,227,2,2
846,228,2,2
846,229,2,2
846,230,2,2
846,231,2,2
846,232,2,2
846,233,2,2
846,234,2,2
846,235,2,2
846,236,2,2
846,237,2,2
846,238,2,2
846,239,2,2
846,240,2,2
846,241,2,2
846,242,2,2
846,243,2,2
846,244,2,2
846,245,2,2
846,246,2,2
846,247,2,2
846,248,2,2
846,249,2,2
846,250,2,2
846,251,2,2
846,252,2,2
846,253,2,2
846,254,2,2
846,255,2,2
846,256,2,2
846,257,2,2
846,258,2,2
846,259,2,2
846,260,2,2
846,261,2,2
846,262,2,2
846,263,2,2
846,264,2,2
846,265,2,2
846,266,2,2
846,267,2,2
846,268,2,2
846,269,2,2
846,270,2,2
846,271,2,2
846,272,2,2
846,273,2,2
846,274,2,2
846,275,2,2
846,276,2,2
846,277,2,2
846,278,2,3
846,279,2,3
846,280,2,3
846,281,2,3
846,282,2,3
846,283,2,3
846,284,2,3
846,285,2,3
846,286,2,3
846,287,2,3
846,288,2,3
846,289,2,3
846,290,2,3
846,291,2,3
846,292,2,3
846,293,2,3
846,294,2,3
846,295,2,3
846,296,2,3
846,297,2,3
846,298,2,3
846,299,2,3
846,300,2,3
846,301,2,3
846,302,2,3
846,303,2,3
846,304,2,3
846,305,2,3
846,306,2,3
846,307,2,3
846,308,2,3
846,309,2,3
846,310,2,3
846,311,2,3
846,312,2,3
846,313,2,3
846,314,2,3
846,315,2,3
846,316,2,3
846,317,2,3
846,318,2,3
846,319,2,3
846,320,2,3
846,321,2,3
846,322,2,3
846,323,2,3
846,324,2,3
846,325,2,3
846,326,2,3
846,327,2,3
846,328,2,3
846,329,2,3
846,330,2,3
846,331,2,3
846,332,2,3
846,333,2,3
846,334,2,3
846,335,2,3
846,336,2,3
846,337,2,3
846,338,2,3
846,339,2,3
846,340,2,3
846,341,2,3
846,342,2,3
846,343,2,3
846,344,2,3
846,345,2,3
846,346,2,3
846,347,2,3
846,348,2,3
846,349,2,3
846,350,2,3
846,351,2,3
846,352,2,2
846,353,2,2
846,354,2,2
846,355,2,2
846,356,2,2
846,357,2,2
846,358,2,2
846,359,2,2
846,360,2,2
846,361,2,2
846,362,2,2
846,363,2,2
846,364,2,2
846,365,2,2
846,366,2,2
846,367,2,2
846,368,2,2
846,369,2,2
846,370,2,2
846,371,2,2
846,372,2,2
846,373,2,2
846,374,2,2
846,375,2,2
846,376,2,2
846,377,2,2
846,378,2,2
846,379,2,2
846,380,2,2
846,381,2,2
846,382,2,2
846,383,2,2
846,384,2,2
846,385,2,2
846,386,2,2
846,387,2,2
846,388,2,2
846,389,2,2
846,390,2,2
846,391,2,2
846,392,2,2
846,393,2,2
846,394,2,2
846,395,2,2
846,396,2,2
846,397,2,2
846,398,2,2
846,399,2,2
846,400,2,2
846,401,2,2
846,402,2,2
846,403,2,2
846,404,2,2
846,405,2,2
846,406,2,2
846,407,2,2
846,408,2,2
846,409,2,2
846,410,2,2
846,411,2,2
846,412,2,2
846,413,2,2
846,414,2,2
846,415,2,2
846,416,2,2
846,417,2,2
846,418,2,2
846,419,2,2
846,420,2,2
846,421,2,2
846,422,2,2
846,423,2,2
846,424,2,2
846,425,2,2
846,426,2,2
846,427,2,2
846,428,2,2
846,429,2,2
846,430,2,2
846,431,2,2
846,432,2,2
846,433,2,2
846,434,2,2
846,435,2,2
846,436,2,2
846,437,2,2
846,438,2,2
846,439,2,2
846,440,2,2
846,441,2,2
846,442,2,2
846,443,2,2
846,444,2,2
846,445,2,2
846,446,2,2
846,447,2,2
846,448,2,2
846,449,2,2
846,450,2,2
846,451,2,2
846,452,2,2
846,453,2,2
846,454,2,2
846,455,2,2
846,456,2,2
846,457,2,2
846,458,2,2
846,459,2,2
846,460,2,2
846,461,2,2
846,462,2,2
846,463,2,2
846,464,2,2
846,465,2,2
846,466,2,2
846,467,2,2
846,468,2,2
846,469,2,2
846,470,2,2
846,471,2,2
846,472,2,2
846,473,2,2
846,474,2,2
846,475,2,2
846,476,2,2
846,477,2,2
846,478,2,2
846,479,2,2
846,480,2,2
846,481,2,2
846,482,2,2
846,483,2,2
846,484,2,2
846,485,2,2
846,486,2,2
846,487,2,2
846,488,2,2
846,489,2,2
846,490,2,2
846,491,2,2
846,492,2,2
846,493,2,2
846,494,2,2
846,495,2,2
846,496,2,2
846,497,2,2
846,498,2,2
846,499,2,2
846,500,2,2
846,501,2,2
846,502,2,2
846,503,2,2
846,504,2,2
846,505,2,2
846,506,2,2
846,507,2,2
846,508,2,2
846,509,2,2
846,510,2,2
846,511,2,2
846,512,2,2
846,513,2,2
846,514,2,2
846,515,2,2
846,516,2,2
846,517,2,2
846,518,2,2
846,519,2,2
846,520,2,2
846,521,2,2
846,522,2,2
846,523,2,2
846,524,2,2
846,525,2,2
846,526,2,2
846,527,2,2
846,528,2,2
846,529,2,2
846,530,2,2
846,531,2,3
847,61,2,2
847,62,2,2
847,63,2,2
847,64,2,2
847,65,2,2
847,66,2,2
847,67,2,2
847,68,2,2
847,69,2,2
847,70,2,2
847,71,2,2
847,72,2,2
847,73,2,2
847,74,2,2
847,75,2,2
847,76,2,2
847,77,2,2
847,78,2,2
847,79,2,2
847,80,2,2
847,81,2,2
847,82,2,2
847,83,2,2
847,84,2,2
847,85,2,2
847,86,2,2
847,87,2,2
847,88,2,2
847,89,2,2
847,90,2,2
847,91,2,2
847,92,2,2
847,93,2,3
847,94,2,3
847,95,2,3
847,96,2,3
847,97,2,3
847,98,2,3
847,99,2,3
847,100,2,3
847,101,2,3
847,102,2,3
847,103,2,3
847,104,2,2
847,105,2,2
847,106,2,2
847,107,2,2
847,108,2,2
847,109,2,2
847,110,2,2
847,111,2,2
847,112,2,2
847,113,2,2
847,114,2,2
847,115,2,2
847,116,2,2
847,117,2,2
847,118,2,2
847,119,2,2
847,120,2,2
847,121,2,2
847,122,2,2
847,123,2,2
847,124,2,2
847,125,2,2
847,126,2,2
847,127,2,2
847,128,2,2
847,129,2,2
847,130,2,2
847,131,2,2
847,132,2,2
847,133,2,2
847,134,2,2
847,135,2,2
847,136,2,2
847,137,2,2
847,138,2,2
847,139,2,2
847,140,2,2
847,141,2,2
847,142,2,2
847,143,2,2
847,144,2,2
847,145,2,2
847,146,2,2
847,147,2,2
847,148,2,2
847,149,2,2
847,150,2,2
847,151,2,2
847,152,2,2
847,153,2,2
847,154,2,2
847,155,2,2
847,156,2,2
847,157,2,2
847,158,2,2
847,159,2,2
847,160,2,2
847,161,2,2
847,162,2,2
847,163,2,2
847,164,2,2
847,165,2,2
847,166,2,2
847,167,2,2
847,168,2,2
847,169,2,2
847,170,2,2
847,171,2,2
847,172,2,2
847,173,2,2
847,174,2,2
847,175,2,2
847,176,2,2
847,177,2,2
847,178,2,2
847,179,2,2
847,180,2,2
847,181,2,2
847,182,2,2
847,183,2,2
847,184,2,2
847,185,2,2
847,186,2,2
847,187,2,2
847,188,2,2
847,189,2,2
847,190,2,2
847,191,2,2
847,192,2,2
847,193,2,2
847,194,2,2
847,195,2,2
847,196,2,2
847,197,2,2
847,198,2,2
847,199,2,2
847,200,2,2
847,201,2,2
847,202,2,2
847,203,2,2
847,204,2,2
847,205,2,2
847,206,2,2
847,207,2,2
847,208,2,2
847,209,2,2
847,210,2,2
847,211,2,2
847,212,2,2
847,213,2,2
847,214,2,2
847,215,2,2
847,216,2,2
847,217,2,2
847,218,2,2
847,219,2,2
847,220,2,2
847,221,2,2
847,222,2,2
847,223,2,2
847,224,2,2
847,225,2,2
847,226,2,2
847,227,2,2
847,228,2,2
847,229,2,2
847,230,2,2
847,231,2,2
847,232,2,2
847,233,2,2
847,234,2,2
847,235,2,2
847,236,2,2
847,237,2,2
847,238,2,2
847,239,2,2
847,240,2,2
847,241,2,2
847,242,2,2
847,243,2,2
847,244,2,2
847,245,2,2
847,246,2,2
847,247,2,2
847,248,2,2
847,249,2,2
847,250,2,2
847,251,2,2
847,252,2,2
847,253,2,2
847,254,2,2
847,255,2,2
847,256,2,2
847,257,2,2
847,258,2,2
847,259,2,2
847,260,2,2
847,261,2,2
847,262,2,2
847,263,2,2
847,264,2,2
847,265,2,2
847,266,2,2
847,267,2,2
847,268,2,2
847,269,2,2
847,270,2,2
847,271,2,2
847,272,2,2
847,273,2,2
847,274,2,2
847,275,2,2
847,276,2,2
847,277,2,2
847,278,2,2
847,279,2,3
847,280,2,3
847,281,2,3
847,282,2,3
847,283,2,3
847,284,2,3
847,285,2,3
847,286,2,3
847,287,2,3
847,288,2,3
847,289,2,3
847,290,2,3
847,291,2,3
847,292,2,3
847,293,2,3
847,294,2,3
847,295,2,3
847,296,2,3
847,297,2,3
847,298,2,3
847,299,2,3
847,300,2,3
847,301,2,3
847,302,2,3
847,303,2,3
847,304,2,3
847,305,2,3
847,306,2,3
847,307,2,3
847,308,2,3
847,309,2,3
847,310,2,3
847,311,2,3
847,312,2,3
847,313,2,3
847,314,2,3
847,315,2,3
847,316,2,3
847,317,2,3
847,318,2,3
847,319,2,3
847,320,2,3
847,321,2,3
847,322,2,3
847,323,2,3
847,324,2,3
847,325,2,3
847,326,2,3
847,327,2,3
847,328,2,3
847,329,2,3
847,330,2,3
847,331,2,3
847,332,2,3
847,333,2,3
847,334,2,3
847,335,2,3
847,336,2,3
847,337,2,3
847,338,2,3
847,339,2,3
847,340,2,3
847,341,2,3
847,342,2,3
847,343,2,3
847,344,2,3
847,345,2,3
847,346,2,3
847,347,2,3
847,348,2,3
847,349,2,3
847,350,2,3
847,351,2,2
847,352,2,2
847,353,2,2
847,354,2,2
847,355,2,2
847,356,2,2
847,357,2,2
847,358,2,2
847,359,2,2
847,360,2,2
847,361,2,2
847,362,2,2
847,363,2,2
847,364,2,2
847,365,2,2
847,366,2,2
847,367,2,2
847,368,2,2
847,369,2,2
847,370,2,2
847,371,2,2
847,372,2,2
847,373,2,2
847,374,2,2
847,375,2,2
847,376,2,2
847,377,2,2
847,378,2,2
847,379,2,2
847,380,2,2
847,381,2,2
847,382,2,2
847,383,2,2
847,384,2,2
847,385,2,2
847,386,2,2
847,387,2,2
847,388,2,2
847,389,2,2
847,390,2,2
847,391,2,2
847,392,2,2
847,393,2,2
847,394,2,2
847,395,2,2
847,396,2,2
847,397,2,2
847,398,2,2
847,399,2,2
847,400,2,2
847,401,2,2
847,402,2,2
847,403,2,2
847,404,2,2
847,405,2,2
847,406,2,2
847,407,2,2
847,408,2,2
847,409,2,2
847,410,2,2
847,411,2,2
847,412,2,2
847,413,2,2
847,414,2,2
847,415,2,2
847,416,2,2
847,417,2,2
847,418,2,2
847,419,2,2
847,420,2,2
847,421,2,2
847,422,2,2
847,423,2,2
847,424,2,2
847,425,2,2
847,426,2,2
847,427,2,2
847,428,2,2
847,429,2,2
847,430,2,2
847,431,2,2
847,432,2,2
847,433,2,2
847,434,2,2
847,435,2,2
847,436,2,2
847,437,2,2
847,438,2,2
847,439,2,2
847,440,2,2
847,441,2,2
847,442,2,2
847,443,2,2
847,444,2,2
847,445,2,2
847,446,2,2
847,447,2,2
847,448,2,2
847,449,2,2
847,450,2,2
847,451,2,2
847,452,2,2
847,453,2,2
847,454,2,2
847,455,2,2
847,456,2,2
847,457,2,2
847,458,2,2
847,459,2,2
847,460,2,2
847,461,2,2
847,462,2,2
847,463,2,2
847,464,2,2
847,465,2,2
847,466,2,2
847,467,2,2
847,468,2,2
847,469,2,2
847,470,2,2
847,471,2,2
847,472,2,2
847,473,2,2
847,474,2,2
847,475,2,2
847,476,2,2
847,477,2,2
847,478,2,2
847,479,2,2
847,480,2,2
847,481,2,2
847,482,2,2
847,483,2,2
847,484,2,2
847,485,2,2
847,486,2,2
847,487,2,2
847,488,2,2
847,489,2,2
847,490,2,2
847,491,2,2
847,492,2,2
847,493,2,2
847,494,2,2
847,495,2,2
847,496,2,2
847,497,2,2
847,498,2,2
847,499,2,2
847,500,2,2
847,501,2,2
847,502,2,2
847,503,2,2
847,504,2,2
847,505,2,2
847,506,2,2
847,507,2,2
847,508,2,2
847,509,2,2
847,510,2,2
847,511,2,2
847,512,2,2
847,513,2,2
847,514,2,2
847,515,2,2
847,516,2,2
847,517,2,2
847,518,2,2
847,519,2,2
847,520,2,2
847,521,2,2
847,522,2,2
847,523,2,2
847,524,2,2
847,525,2,2
847,526,2,2
847,527,2,2
847,528,2,2
847,529,2,2
847,530,2,2
847,531,2,3
847,532,2,3
848,62,2,2
848,63,2,2
848,64,2,2
848,65,2,2
848,66,2,2
848,67,2,2
848,68,2,2
848,69,2,2
848,70,2,2
848,71,2,2
848,72,2,2
848,73,2,2
848,74,2,2
848,75,2,2
848,76,2,2
848,77,2,2
848,78,2,2
848,79,2,2
848,80,2,2
848,81,2,2
848,82,2,2
848,83,2,2
848,84,2,2
848,85,2,2
848,86,2,2
848,87,2,2
848,88,2,2
848,89,2,2
848,90,2,2
848,91,2,2
848,92,2,3
848,93,2,3
848,94,2,3
848,95,2,3
848,96,2,3
848,97,2,3
848,98,2,3
848,99,2,3
848,100,2,3
848,101,2,3
848,102,2,3
848,103,2,3
848,104,2,3
848,105,2,3
848,106,2,2
848,107,2,2
848,108,2,2
848,109,2,2
848,110,2,2
848,111,2,2
848,112,2,2
848,113,2,2
848,114,2,2
848,115,2,2
848,116,2,2
848,117,2,2
848,118,2,2
848,119,2,2
848,120,2,2
848,121,2,2
848,122,2,2
848,123,2,2
848,124,2,2
848,125,2,2
848,126,2,2
848,127,2,2
848,128,2,2
848,129,2,2
848,130,2,2
848,131,2,2
848,132,2,2
848,133,2,2
848,134,2,2
848,135,2,2
848,136,2,2
848,137,2,2
848,138,2,2
848,139,2,2
848,140,2,2
848,141,2,2
848,142,2,2
848,143,2,2
848,144,2,2
848,145,2,2
848,146,2,2
848,147,2,2
848,148,2,2
848,149,2,2
848,150,2,2
848,151,2,2
848,152,2,2
848,153,2,2
848,154,2,2
848,155,2,2
848,156,2,2
848,157,2,2
848,158,2,2
848,159,2,2
848,160,2,2
848,161,2,2
848,162,2,2
848,163,2,2
848,164,2,2
848,165,2,2
848,166,2,2
848,167,2,2
848,168,2,2
848,169,2,2
848,170,2,2
848,171,2,2
848,172,2,2
848,173,2,2
848,174,2,2
848,175,2,2
848,176,2,2
848,177,2,2
848,178,2,2
848,179,2,2
848,180,2,2
848,181,2,2
848,182,2,2
848,183,2,2
848,184,2,2
848,185,2,2
848,186,2,2
848,187,2,2
848,188,2,2
848,189,2,2
848,190,2,2
848,191,2,2
848,192,2,2
848,193,2,2
848,194,2,2
848,195,2,2
848,196,2,2
848,197,2,2
848,198,2,2
848,199,2,2
848,200,2,2
848,201,2,2
848,202,2,2
848,203,2,2
848,204,2,2
848,205,2,2
848,206,2,2
848,207,2,2
848,208,2,2
848,209,2,2
848,210,2,2
848,211,2,2
848,212,2,2
848,213,2,2
848,214,2,2
848,215,2,2
848,216,2,2
848,217,2,2
848,218,2,2
848,219,2,2
848,220,2,2
848,221,2,2
848,222,2,2
848,223,2,2
848,224,2,2
848,225,2,2
848,226,2,2
848,227,2,2
848,228,2,2
848,229,2,2
848,230,2,2
848,231,2,2
848,232,2,2
848,233,2,2
848,234,2,2
848,235,2,2
848,236,2,2
848,237,2,2
848,238,2,2
848,239,2,2
848,240,2,2
848,241,2,2
848,242,2,2
848,243,2,2
848,244,2,2
848,245,2,2
848,246,2,2
848,247,2,2
848,248,2,2
848,249,2,2
848,250,2,2
848,251,2,2
848,252,2,2
848,253,2,2
848,254,2,2
848,255,2,2
848,256,2,2
848,257,2,2
848,258,2,2
848,259,2,2
848,260,2,2
848,261,2,2
848,262,2,2
848,263,2,2
848,264,2,2
848,265,2,2
848,266,2,2
848,267,2,2
848,268,2,2
848,269,2,2
848,270,2,2
848,271,2,2
848,272,2,2
848,273,2,2
848,274,2,2
848,275,2,2
848,276,2,2
848,277,2,2
848,278,2,2
848,279,2,3
848,280,2,3
848,281,2,3
848,282,2,3
848,283,2,3
848,284,2,3
848,285,2,3
848,286,2,3
848,287,2,3
848,288,2,3
848,289,2,3
848,290,2,3
848,291,2,3
848,292,2,3
848,293,2,3
848,294,2,3
848,295,2,3
848,296,2,3
848,297,2,3
848,298,2,3
848,299,2,3
848,300,2,3
848,301,2,3
848,302,2,3
848,303,2,3
848,304,2,3
848,305,2,3
848,306,2,3
848,307,2,3
848,308,2,3
848,309,2,3
848,310,2,3
848,311,2,3
848,312,2,3
848,313,2,3
848,314,2,3
848,315,2,3
848,316,2,3
848,317,2,3
848,318,2,3
848,319,2,3
848,320,2,3
848,321,2,3
848,322,2,3
848,323,2,3
848,324,2,3
848,325,2,3
848,326,2,3
848,327,2,3
848,328,2,3
848,329,2,3
848,330,2,3
848,331,2,3
848,332,2,3
848,333,2,3
848,334,2,3
848,335,2,3
848,336,2,3
848,337,2,3
848,338,2,3
848,339,2,3
848,340,2,3
848,341,2,3
848,342,2,3
848,343,2,3
848,344,2,3
848,345,2,3
848,346,2,3
848,347,2,3
848,348,2,3
848,349,2,3
848,350,2,2
848,351,2,2
848,352,2,2
848,353,2,2
848,354,2,2
848,355,2,2
848,356,2,2
848,357,2,2
848,358,2,2
848,359,2,2
848,360,2,2
848,361,2,2
848,362,2,2
848,363,2,2
848,364,2,2
848,365,2,2
848,366,2,2
848,367,2,2
848,368,2,2
848,369,2,2
848,370,2,2
848,371,2,2
848,372,2,2
848,373,2,2
848,374,2,2
848,375,2,2
848,376,2,2
848,377,2,2
848,378,2,2
848,379,2,2
848,380,2,2
848,381,2,2
848,382,2,2
848,383,2,2
848,384,2,2
848,385,2,2
848,386,2,2
848,387,2,2
848,388,2,2
848,389,2,2
848,390,2,2
848,391,2,2
848,392,2,2
848,393,2,2
848,394,2,2
848,395,2,2
848,396,2,2
848,397,2,2
848,398,2,2
848,399,2,2
848,400,2,2
848,401,2,2
848,402,2,2
848,403,2,2
848,404,2,2
848,405,2,2
848,406,2,2
848,407,2,2
848,408,2,2
848,409,2,2
848,410,2,2
848,411,2,2
848,412,2,2
848,413,2,2
848,414,2,2
848,415,2,2
848,416,2,2
848,417,2,2
848,418,2,2
848,419,2,2
848,420,2,2
848,421,2,2
848,422,2,2
848,423,2,2
848,424,2,2
848,425,2,2
848,426,2,2
848,427,2,2
848,428,2,2
848,429,2,2
848,430,2,2
848,431,2,2
848,432,2,2
848,433,2,2
848,434,2,2
848,435,2,2
848,436,2,2
848,437,2,2
848,438,2,2
848,439,2,2
848,440,2,2
848,441,2,2
848,442,2,2
848,443,2,2
848,444,2,2
848,445,2,2
848,446,2,2
848,447,2,2
848,448,2,2
848,449,2,2
848,450,2,2
848,451,2,2
848,452,2,2
848,453,2,2
848,454,2,2
848,455,2,2
848,456,2,2
848,457,2,2
848,458,2,2
848,459,2,2
848,460,2,2
848,461,2,2
848,462,2,2
848,463,2,2
848,464,2,2
848,465,2,2
848,466,2,2
848,467,2,2
848,468,2,2
848,469,2,2
848,470,2,2
848,471,2,2
848,472,2,2
848,473,2,2
848,474,2,2
848,475,2,2
848,476,2,2
848,477,2,2
848,478,2,2
848,479,2,2
848,480,2,2
848,481,2,2
848,482,2,2
848,483,2,2
848,484,2,2
848,485,2,2
848,486,2,2
848,487,2,2
848,488,2,2
848,489,2,2
848,490,2,2
848,491,2,2
848,492,2,2
848,493,2,2
848,494,2,2
848,495,2,2
848,496,2,2
848,497,2,2
848,498,2,2
848,499,2,2
848,500,2,2
848,501,2,2
848,502,2,2
848,503,2,2
848,504,2,2
848,505,2,2
848,506,2,2
848,507,2,2
848,508,2,2
848,509,2,2
848,510,2,2
848,511,2,2
848,512,2,2
848,513,2,2
848,514,2,2
848,515,2,2
848,516,2,2
848,517,2,2
848,518,2,2
848,519,2,2
848,520,2,2
848,521,2,2
848,522,2,2
848,523,2,2
848,524,2,2
848,525,2,2
848,526,2,2
848,527,2,2
848,528,2,2
848,529,2,2
848,530,2,2
848,531,2,3
848,532,2,3
848,533,2,3
849,63,2,2
849,64,2,2
849,65,2,2
849,66,2,2
849,67,2,2
849,68,2,2
849,69,2,2
849,70,2,2
849,71,2,2
849,72,2,2
849,73,2,2
849,74,2,2
849,75,2,2
849,76,2,2
849,77,2,2
849,78,2,2
849,79,2,2
849,80,2,2
849,81,2,2
849,82,2,2
849,83,2,2
849,84,2,2
849,85,2,2
849,86,2,2
849,87,2,2
849,88,2,2
849,89,2,3
849,90,2,3
849,91,2,3
849,92,2,3
849,93,2,3
849,94,2,3
849,95,2,3
849,96,2,3
849,97,2,3
849,98,2,3
849,99,2,3
849,100,2,3
849,101,2,3
849,102,2,3
849,103,2,3
849,104,2,3
849,105,2,3
849,106,2,3
849,107,2,3
849,108,2,2
849,109,2,2
849,110,2,2
849,111,2,2
849,112,2,2
849,113,2,2
849,114,2,2
849,115,2,2
849,116,2,2
849,117,2,2
849,118,2,2
849,119,2,2
849,120,2,2
849,121,2,2
849,122,2,2
849,123,2,2
849,124,2,2
849,125,2,2
849,126,2,2
849,127,2,2
849,128,2,2
849,129,2,2
849,130,2,2
849,131,2,2
849,132,2,2
849,133,2,2
849,134,2,2
849,135,2,2
849,136,2,2
849,137,2,2
849,138,2,2
849,139,2,2
849,140,2,2
849,141,2,2
849,142,2,2
849,143,2,2
849,144,2,2
849,145,2,2
849,146,2,2
849,147,2,2
849,148,2,2
849,149,2,2
849,150,2,2
849,151,2,2
849,152,2,2
849,153,2,2
849,154,2,2
849,155,2,2
849,156,2,2
849,157,2,2
849,158,2,2
849,159,2,2
849,160,2,2
849,161,2,2
849,162,2,2
849,163,2,2
849,164,2,2
849,165,2,2
849,166,2,2
849,167,2,2
849,168,2,2
849,169,2,2
849,170,2,2
849,171,2,2
849,172,2,2
849,173,2,2
849,174,2,2
849,175,2,2
849,176,2,2
849,177,2,2
849,178,2,2
849,179,2,2
849,180,2,2
849,181,2,2
849,182,2,2
849,183,2,2
849,184,2,2
849,185,2,2
849,186,2,2
849,187,2,2
849,188,2,2
849,189,2,2
849,190,2,2
849,191,2,2
849,192,2,2
849,193,2,2
849,194,2,2
849,195,2,2
849,196,2,2
849,197,2,2
849,198,2,2
849,199,2,2
849,200,2,2
849,201,2,2
849,202,2,2
849,203,2,2
849,204,2,2
849,205,2,2
849,206,2,2
849,207,2,2
849,208,2,2
849,209,2,2
849,210,2,2
849,211,2,2
849,212,2,2
849,213,2,2
849,214,2,2
849,215,2,2
849,216,2,2
849,217,2,2
849,218,2,2
849,219,2,2
849,220,2,2
849,221,2,2
849,222,2,2
849,223,2,2
849,224,2,2
849,225,2,2
849,226,2,2
849,227,2,2
849,228,2,2
849,229,2,2
849,230,2,2
849,231,2,2
849,232,2,2
849,233,2,2
849,234,2,2
849,235,2,2
849,236,2,2
849,237,2,2
849,238,2,2
849,239,2,2
849,240,2,2
849,241,2,2
849,242,2,2
849,243,2,2
849,244,2,2
849,245,2,2
849,246,2,2
849,247,2,2
849,248,2,2
849,249,2,2
849,250,2,2
849,251,2,2
849,252,2,2
849,253,2,2
849,254,2,2
849,255,2,2
849,256,2,2
849,257,2,2
849,258,2,2
849,259,2,2
849,260,2,2
849,261,2,2
849,262,2,2
849,263,2,2
849,264,2,2
849,265,2,2
849,266,2,2
849,267,2,2
849,268,2,2
849,269,2,2
849,270,2,2
849,271,2,2
849,272,2,2
849,273,2,2
849,274,2,2
849,275,2,2
849,276,2,2
849,277,2,2
849,278,2,2
849,279,2,3
849,280,2,3
849,281,2,3
849,282,2,3
849,283,2,3
849,284,2,3
849,285,2,3
849,286,2,3
849,287,2,3
849,288,2,3
849,289,2,3
849,290,2,3
849,291,2,3
849,292,2,3
849,293,2,3
849,294,2,3
849,295,2,3
849,296,2,3
849,297,2,3
849,298,2,3
849,299,2,3
849,300,2,3
849,301,2,3
849,302,2,3
849,303,2,3
849,304,2,3
849,305,2,3
849,306,2,3
849,307,2,3
849,308,2,3
849,309,2,3
849,310,2,3
849,311,2,3
849,312,2,3
849,313,2,3
849,314,2,3
849,315,2,3
849,316,2,3
849,317,2,3
849,318,2,3
849,319,2,3
849,320,2,3
849,321,2,3
849,322,2,3
849,323,2,3
849,324,2,3
849,325,2,3
849,326,2,3
849,327,2,3
849,328,2,3
849,329,2,3
849,330,2,3
849,331,2,3
849,332,2,3
849,333,2,3
849,334,2,3
849,335,2,3
849,336,2,3
849,337,2,3
849,338,2,3
849,339,2,3
849,340,2,3
849,341,2,3
849,342,2,3
849,343,2,3
849,344,2,3
849,345,2,3
849,346,2,3
849,347,2,3
849,348,2,3
849,349,2,2
849,350,2,2
849,351,2,2
849,352,2,2
849,353,2,2
849,354,2,2
849,355,2,2
849,356,2,2
849,357,2,2
849,358,2,2
849,359,2,2
849,360,2,2
849,361,2,2
849,362,2,2
849,363,2,2
849,364,2,2
849,365,2,2
849,366,2,2
849,367,2,2
849,368,2,2
849,369,2,2
849,370,2,2
849,371,2,2
849,372,2,2
849,373,2,2
849,374,2,2
849,375,2,2
849,376,2,2
849,377,2,2
849,378,2,2
849,379,2,2
849,380,2,2
849,381,2,2
849,382,2,2
849,383,2,2
849,384,2,2
849,385,2,2
849,386,2,2
849,387,2,2
849,388,2,2
849,389,2,2
849,390,2,2
849,391,2,2
849,392,2,2
849,393,2,2
849,394,2,2
849,395,2,2
849,396,2,2
849,397,2,2
849,398,2,2
849,399,2,2
849,400,2,2
849,401,2,2
849,402,2,2
849,403,2,2
849,404,2,2
849,405,2,2
849,406,2,2
849,407,2,2
849,408,2,2
849,409,2,2
849,410,2,2
849,411,2,2
849,412,2,2
849,413,2,2
849,414,2,2
849,415,2,2
849,416,2,2
849,417,2,2
849,418,2,2
849,419,2,2
849,420,2,2
849,421,2,2
849,422,2,2
849,423,2,2
849,424,2,2
849,425,2,2
849,426,2,2
849,427,2,2
849,428,2,2
849,429,2,2
849,430,2,2
849,431,2,2
849,432,2,2
849,433,2,2
849,434,2,2
849,435,2,2
849,436,2,2
849,437,2,2
849,438,2,2
849,439,2,2
849,440,2,2
849,441,2,2
849,442,2,2
849,443,2,2
849,444,2,2
849,445,2,2
849,446,2,2
849,447,2,2
849,448,2,2
849,449,2,2
849,450,2,2
849,451,2,2
849,452,2,2
849,453,2,2
849,454,2,2
849,455,2,2
849,456,2,2
849,457,2,2
849,458,2,2
849,459,2,2
849,460,2,2
849,461,2,2
849,462,2,2
849,463,2,2
849,464,2,2
849,465,2,2
849,466,2,2
849,467,2,2
849,468,2,2
849,469,2,2
849,470,2,2
849,471,2,2
849,472,2,2
849,473,2,2
849,474,2,2
849,475,2,2
849,476,2,2
849,477,2,2
849,478,2,2
849,479,2,2
849,480,2,2
849,481,2,2
849,482,2,2
849,483,2,2
849,484,2,2
849,485,2,2
849,486,2,2
849,487,2,2
849,488,2,2
849,489,2,2
849,490,2,2
849,491,2,2
849,492,2,2
849,493,2,2
849,494,2,2
849,495,2,2
849,496,2,2
849,497,2,2
849,498,2,2
849,499,2,2
849,500,2,2
849,501,2,2
849,502,2,2
849,503,2,2
849,504,2,2
849,505,2,2
849,506,2,2
849,507,2,2
849,508,2,2
849,509,2,2
849,510,2,2
849,511,2,2
849,512,2,2
849,513,2,2
849,514,2,2
849,515,2,2
849,516,2,2
849,517,2,2
849,518,2,2
849,519,2,2
849,520,2,2
849,521,2,2
849,522,2,2
849,523,2,2
849,524,2,2
849,525,2,2
849,526,2,2
849,527,2,2
849,528,2,2
849,529,2,2
849,530,2,2
849,531,2,2
849,532,2,3
849,533,2,3
849,534,2,3
850,64,2,2
850,65,2,2
850,66,2,2
850,67,2,2
850,68,2,2
850,69,2,2
850,70,2,2
850,71,2,2
850,72,2,2
850,73,2,2
850,74,2,2
850,75,2,2
850,76,2,2
850,77,2,2
850,78,2,2
850,79,2,2
850,80,2,2
850,81,2,2
850,82,2,2
850,83,2,2
850,84,2,2
850,85,2,2
850,86,2,2
850,87,2,2
850,88,2,3
850,89,2,3
850,90,2,3
850,91,2,3
850,92,2,3
850,93,2,3
850,94,2,3
850,95,2,3
850,96,2,3
850,97,2,3
850,98,2,3
850,99,2,3
850,100,2,3
850,101,2,3
850,102,2,3
850,103,2,3
850,104,2,3
850,105,2,3
850,106,2,3
850,107,2,3
850,108,2,3
850,109,2,2
850,110,2,2
850,111,2,2
850,112,2,2
850,113,2,2
850,114,2,2
850,115,2,2
850,116,2,2
850,117,2,2
850,118,2,2
850,119,2,2
850,120,2,2
850,121,2,2
850,122,2,2
850,123,2,2
850,124,2,2
850,125,2,2
850,126,2,2
850,127,2,2
850,128,2,2
850,129,2,2
850,130,2,2
850,131,2,2
850,132,2,2
850,133,2,2
850,134,2,2
850,135,2,2
850,136,2,2
850,137,2,2
850,138,2,2
850,139,2,2
850,140,2,2
850,141,2,2
850,142,2,2
850,143,2,2
850,144,2,2
850,145,2,2
850,146,2,2
850,147,2,2
850,148,2,2
850,149,2,2
850,150,2,2
850,151,2,2
850,152,2,2
850,153,2,2
850,154,2,2
850,155,2,2
850,156,2,2
850,157,2,2
850,158,2,2
850,159,2,2
850,160,2,2
850,161,2,2
850,162,2,2
850,163,2,2
850,164,2,2
850,165,2,2
850,166,2,2
850,167,2,2
850,168,2,2
850,169,2,2
850,170,2,2
850,171,2,2
850,172,2,2
850,173,2,2
850,174,2,2
850,175,2,2
850,176,2,2
850,177,2,2
850,178,2,2
850,179,2,2
850,180,2,2
850,181,2,2
850,182,2,2
850,183,2,2
850,184,2,2
850,185,2,2
850,186,2,2
850,187,2,2
850,188,2,2
850,189,2,2
850,190,2,2
850,191,2,2
850,192,2,2
850,193,2,2
850,194,2,2
850,195,2,2
850,196,2,2
850,197,2,2
850,198,2,2
850,199,2,2
850,200,2,2
850,201,2,2
850,202,2,2
850,203,2,2
850,204,2,2
850,205,2,2
850,206,2,2
850,207,2,2
850,208,2,2
850,209,2,2
850,210,2,2
850,211,2,2
850,212,2,2
850,213,2,2
850,214,2,2
850,215,2,2
850,216,2,2
850,217,2,2
850,218,2,2
850,219,2,2
850,220,2,2
850,221,2,2
850,222,2,2
850,223,2,2
850,224,2,2
850,225,2,2
850,226,2,2
850,227,2,2
850,228,2,2
850,229,2,2
850,230,2,2
850,231,2,2
850,232,2,2
850,233,2,2
850,234,2,2
850,235,2,2
850,236,2,2
850,237,2,2
850,238,2,2
850,239,2,2
850,240,2,2
850,241,2,2
850,242,2,2
850,243,2,2
850,244,2,2
850,245,2,2
850,246,2,2
850,247,2,2
850,248,2,2
850,249,2,2
850,250,2,2
850,251,2,2
850,252,2,2
850,253,2,2
850,254,2,2
850,255,2,2
850,256,2,2
850,257,2,2
850,258,2,2
850,259,2,2
850,260,2,2
850,261,2,2
850,262,2,2
850,263,2,2
850,264,2,2
850,265,2,2
850,266,2,2
850,267,2,2
850,268,2,2
850,269,2,2
850,270,2,2
850,271,2,2
850,272,2,2
850,273,2,2
850,274,2,2
850,275,2,2
850,276,2,2
850,277,2,2
850,278,2,2
850,279,2,2
850,280,2,3
850,281,2,3
850,282,2,3
850,283,2,3
850,284,2,3
850,285,2,3
850,286,2,3
850,287,2,3
850,288,2,3
850,289,2,3
850,290,2,3
850,291,2,3
850,292,2,3
850,293,2,3
850,294,2,3
850,295,2,3
850,296,2,3
850,297,2,3
850,298,2,3
850,299,2,3
850,300,2,3
850,301,2,3
850,302,2,3
850,303,2,3
850,304,2,3
850,305,2,3
850,306,2,3
850,307,2,3
850,308,2,3
850,309,2,3
850,310,2,3
850,311,2,3
850,312,2,3
850,313,2,3
850,314,2,3
850,315,2,3
850,316,2,3
850,317,2,3
850,318,2,3
850,319,2,3
850,320,2,3
850,321,2,3
850,322,2,3
850,323,2,3
850,324,2,3
850,325,2,3
850,326,2,3
850,327,2,3
850,328,2,3
850,329,2,3
850,330,2,3
850,331,2,3
850,332,2,3
850,333,2,3
850,334,2,3
850,335,2,3
850,336,2,3
850,337,2,3
850,338,2,3
850,339,2,3
850,340,2,3
850,341,2,3
850,342,2,3
850,343,2,3
850,344,2,3
850,345,2,3
850,346,2,3
850,347,2,2
850,348,2,2
850,349,2,2
850,350,2,2
850,351,2,2
850,352,2,2
850,353,2,2
850,354,2,2
850,355,2,2
850,356,2,2
850,357,2,2
850,358,2,2
850,359,2,2
850,360,2,2
850,361,2,2
850,362,2,2
850,363,2,2
850,364,2,2
850,365,2,2
850,366,2,2
850,367,2,2
850,368,2,2
850,369,2,2
850,370,2,2
850,371,2,2
850,372,2,2
850,373,2,2
850,374,2,2
850,375,2,2
850,376,2,2
850,377,2,2
850,378,2,2
850,379,2,2
850,380,2,2
850,381,2,2
850,382,2,2
850,383,2,2
850,384,2,2
850,385,2,2
850,386,2,2
850,387,2,2
850,388,2,2
850,389,2,2
850,390,2,2
850,391,2,2
850,392,2,2
850,393,2,2
850,394,2,2
850,395,2,2
850,396,2,2
850,397,2,2
850,398,2,2
850,399,2,2
850,400,2,2
850,401,2,2
850,402,2,2
850,403,2,2
850,404,2,2
850,405,2,2
850,406,2,2
850,407,2,2
850,408,2,2
850,409,2,2
850,410,2,2
850,411,2,2
850,412,2,2
850,413,2,2
850,414,2,2
850,415,2,2
850,416,2,2
850,417,2,2
850,418,2,2
850,419,2,2
850,420,2,2
850,421,2,2
850,422,2,2
850,423,2,2
850,424,2,2
850,425,2,2
850,426,2,2
850,427,2,2
850,428,2,2
850,429,2,2
850,430,2,2
850,431,2,2
850,432,2,2
850,433,2,2
850,434,2,2
850,435,2,2
850,436,2,2
850,437,2,2
850,438,2,2
850,439,2,2
850,440,2,2
850,441,2,2
850,442,2,2
850,443,2,2
850,444,2,2
850,445,2,2
850,446,2,2
850,447,2,2
850,448,2,2
850,449,2,2
850,450,2,2
850,451,2,2
850,452,2,2
850,453,2,2
850,454,2,2
850,455,2,2
850,456,2,2
850,457,2,2
850,458,2,2
850,459,2,2
850,460,2,2
850,461,2,2
850,462,2,2
850,463,2,2
850,464,2,2
850,465,2,2
850,466,2,2
850,467,2,2
850,468,2,2
850,469,2,2
850,470,2,2
850,471,2,2
850,472,2,2
850,473,2,2
850,474,2,2
850,475,2,2
850,476,2,2
850,477,2,2
850,478,2,2
850,479,2,2
850,480,2,2
850,481,2,2
850,482,2,2
850,483,2,2
850,484,2,2
850,485,2,2
850,486,2,2
850,487,2,2
850,488,2,2
850,489,2,2
850,490,2,2
850,491,2,2
850,492,2,2
850,493,2,2
850,494,2,2
850,495,2,2
850,496,2,2
850,497,2,2
850,498,2,2
850,499,2,2
850,500,2,2
850,501,2,2
850,502,2,2
850,503,2,2
850,504,2,2
850,505,2,2
850,506,2,2
850,507,2,2
850,508,2,2
850,509,2,2
850,510,2,2
850,511,2,2
850,512,2,2
850,513,2,2
850,514,2,2
850,515,2,2
850,516,2,2
850,517,2,2
850,518,2,2
850,519,2,2
850,520,2,2
850,521,2,2
850,522,2,2
850,523,2,2
850,524,2,2
850,525,2,2
850,526,2,2
850,527,2,2
850,528,2,2
850,529,2,2
850,530,2,2
850,531,2,2
850,532,2,2
850,533,2,3
850,534,2,3
851,64,2,2
851,65,2,2
851,66,2,2
851,67,2,2
851,68,2,2
851,69,2,2
851,70,2,2
851,71,2,2
851,72,2,2
851,73,2,2
851,74,2,2
851,75,2,2
851,76,2,2
851,77,2,2
851,78,2,2
851,79,2,2
851,80,2,2
851,81,2,2
851,82,2,2
851,83,2,2
851,84,2,2
851,85,2,2
851,86,2,2
851,87,2,3
851,88,2,3
851,89,2,3
851,90,2,3
851,91,2,3
851,92,2,3
851,93,2,3
851,94,2,3
851,95,2,3
851,96,2,3
851,97,2,3
851,98,2,3
851,99,2,3
851,100,2,3
851,101,2,3
851,102,2,3
851,103,2,3
851,104,2,3
851,105,2,3
851,106,2,3
851,107,2,3
851,108,2,3
851,109,2,2
851,110,2,2
851,111,2,2
851,112,2,2
851,113,2,2
851,114,2,2
851,115,2,2
851,116,2,2
851,117,2,2
851,118,2,2
851,119,2,2
851,120,2,2
851,121,2,2
851,122,2,2
851,123,2,2
851,124,2,2
851,125,2,2
851,126,2,2
851,127,2,2
851,128,2,2
851,129,2,2
851,130,2,2
851,131,2,2
851,132,2,2
851,133,2,2
851,134,2,2
851,135,2,2
851,136,2,2
851,137,2,2
851,138,2,2
851,139,2,2
851,140,2,2
851,141,2,2
851,142,2,2
851,143,2,2
851,144,2,2
851,145,2,2
851,146,2,2
851,147,2,2
851,148,2,2
851,149,2,2
851,150,2,2
851,151,2,2
851,152,2,2
851,153,2,2
851,154,2,2
851,155,2,2
851,156,2,2
851,157,2,2
851,158,2,2
851,159,2,2
851,160,2,2
851,161,2,2
851,162,2,2
851,163,2,2
851,164,2,2
851,165,2,2
851,166,2,2
851,167,2,2
851,168,2,2
851,169,2,2
851,170,2,2
851,171,2,2
851,172,2,2
851,173,2,2
851,174,2,2
851,175,2,2
851,176,2,2
851,177,2,2
851,178,2,2
851,179,2,2
851,180,2,2
851,181,2,2
851,182,2,2
851,183,2,2
851,184,2,2
851,185,2,2
851,186,2,2
851,187,2,2
851,188,2,2
851,189,2,2
851,190,2,2
851,191,2,2
851,192,2,2
851,193,2,2
851,194,2,2
851,195,2,2
851,196,2,2
851,197,2,2
851,198,2,2
851,199,2,2
851,200,2,2
851,201,2,2
851,202,2,2
851,203,2,2
851,204,2,2
851,205,2,2
851,206,2,2
851,207,2,2
851,208,2,2
851,209,2,2
851,210,2,2
851,211,2,2
851,212,2,2
851,213,2,2
851,214,2,2
851,215,2,2
851,216,2,2
851,217,2,2
851,218,2,2
851,219,2,2
851,220,2,2
851,221,2,2
851,222,2,2
851,223,2,2
851,224,2,2
851,225,2,2
851,226,2,2
851,227,2,2
851,228,2,2
851,229,2,2
851,230,2,2
851,231,2,2
851,232,2,2
851,233,2,2
851,234,2,2
851,235,2,2
851,236,2,2
851,237,2,2
851,238,2,2
851,239,2,2
851,240,2,2
851,241,2,2
851,242,2,2
851,243,2,2
851,244,2,2
851,245,2,2
851,246,2,2
851,247,2,2
851,248,2,2
851,249,2,2
851,250,2,2
851,251,2,2
851,252,2,2
851,253,2,2
851,254,2,2
851,255,2,2
851,256,2,2
851,257,2,2
851,258,2,2
851,259,2,2
851,260,2,2
851,261,2,2
851,262,2,2
851,263,2,2
851,264,2,2
851,265,2,2
851,266,2,2
851,267,2,2
851,268,2,2
851,269,2,2
851,270,2,2
851,271,2,2
851,272,2,2
851,273,2,2
851,274,2,2
851,275,2,2
851,276,2,2
851,277,2,2
851,278,2,2
851,279,2,2
851,280,2,2
851,281,2,3
851,282,2,3
851,283,2,3
851,284,2,3
851,285,2,3
851,286,2,3
851,287,2,3
851,288,2,3
851,289,2,3
851,290,2,3
851,291,2,3
851,292,2,3
851,293,2,3
851,294,2,3
851,295,2,3
851,296,2,3
851,297,2,3
851,298,2,3
851,299,2,3
851,300,2,3
851,301,2,3
851,302,2,3
851,303,2,3
851,304,2,3
851,305,2,3
851,306,2,3
851,307,2,3
851,308,2,3
851,309,2,3
851,310,2,3
851,311,2,3
851,312,2,3
851,313,2,3
851,314,2,3
851,315,2,3
851,316,2,3
851,317,2,3
851,318,2,3
851,319,2,3
851,320,2,3
851,321,2,3
851,322,2,3
851,323,2,3
851,324,2,3
851,325,2,3
851,326,2,3
851,327,2,3
851,328,2,3
851,329,2,3
851,330,2,3
851,331,2,3
851,332,2,3
851,333,2,3
851,334,2,3
851,335,2,3
851,336,2,3
851,337,2,3
851,338,2,3
851,339,2,3
851,340,2,3
851,341,2,3
851,342,2,3
851,343,2,3
851,344,2,3
851,345,2,2
851,346,2,2
851,347,2,2
851,348,2,2
851,349,2,2
851,350,2,2
851,351,2,2
851,352,2,2
851,353,2,2
851,354,2,2
851,355,2,2
851,356,2,2
851,357,2,2
851,358,2,2
851,359,2,2
851,360,2,2
851,361,2,2
851,362,2,2
851,363,2,2
851,364,2,2
851,365,2,2
851,366,2,2
851,367,2,2
851,368,2,2
851,369,2,2
851,370,2,2
851,371,2,2
851,372,2,2
851,373,2,2
851,374,2,2
851,375,2,2
851,376,2,2
851,377,2,2
851,378,2,2
851,379,2,2
851,380,2,2
851,381,2,2
851,382,2,2
851,383,2,2
851,384,2,2
851,385,2,2
851,386,2,2
851,387,2,2
851,388,2,2
851,389,2,2
851,390,2,2
851,391,2,2
851,392,2,2
851,393,2,2
851,394,2,2
851,395,2,2
851,396,2,2
851,397,2,2
851,398,2,2
851,399,2,2
851,400,2,2
851,401,2,2
851,402,2,2
851,403,2,2
851,404,2,2
851,405,2,2
851,406,2,2
851,407,2,2
851,408,2,2
851,409,2,2
851,410,2,2
851,411,2,2
851,412,2,2
851,413,2,2
851,414,2,2
851,415,2,2
851,416,2,2
851,417,2,2
851,418,2,2
851,419,2,2
851,420,2,2
851,421,2,2
851,422,2,2
851,423,2,2
851,424,2,2
851,425,2,2
851,426,2,2
851,427,2,2
851,428,2,2
851,429,2,2
851,430,2,2
851,431,2,2
851,432,2,2
851,433,2,2
851,434,2,2
851,435,2,2
851,436,2,2
851,437,2,2
851,438,2,2
851,439,2,2
851,440,2,2
851,441,2,2
851,442,2,2
851,443,2,2
851,444,2,2
851,445,2,2
851,446,2,2
851,447,2,2
851,448,2,2
851,449,2,2
851,450,2,2
851,451,2,2
851,452,2,2
851,453,2,2
851,454,2,2
851,455,2,2
851,456,2,2
851,457,2,2
851,458,2,2
851,459,2,2
851,460,2,2
851,461,2,2
851,462,2,2
851,463,2,2
851,464,2,2
851,465,2,2
851,466,2,2
851,467,2,2
851,468,2,2
851,469,2,2
851,470,2,2
851,471,2,2
851,472,2,2
851,473,2,2
851,474,2,2
851,475,2,2
851,476,2,2
851,477,2,2
851,478,2,2
851,479,2,2
851,480,2,2
851,481,2,2
851,482,2,2
851,483,2,2
851,484,2,2
851,485,2,2
851,486,2,2
851,487,2,2
851,488,2,2
851,489,2,2
851,490,2,2
851,491,2,2
851,492,2,2
851,493,2,2
851,494,2,2
851,495,2,2
851,496,2,2
851,497,2,2
851,498,2,2
851,499,2,2
851,500,2,2
851,501,2,2
851,502,2,2
851,503,2,2
851,504,2,2
851,505,2,2
851,506,2,2
851,507,2,2
851,508,2,2
851,509,2,2
851,510,2,2
851,511,2,2
851,512,2,2
851,513,2,2
851,514,2,2
851,515,2,2
851,516,2,2
851,517,2,2
851,518,2,2
851,519,2,2
851,520,2,2
851,521,2,2
851,522,2,2
851,523,2,2
851,524,2,2
851,525,2,2
851,526,2,2
851,527,2,2
851,528,2,2
851,529,2,2
851,530,2,2
851,531,2,2
851,532,2,2
851,533,2,2
851,534,2,3
851,535,2,3
852,65,2,2
852,66,2,2
852,67,2,2
852,68,2,2
852,69,2,2
852,70,2,2
852,71,2,2
852,72,2,2
852,73,2,2
852,74,2,2
852,75,2,2
852,76,2,2
852,77,2,2
852,78,2,2
852,79,2,2
852,80,2,2
852,81,2,2
852,82,2,2
852,83,2,2
852,84,2,2
852,85,2,2
852,86,2,3
852,87,2,3
852,88,2,3
852,89,2,3
852,90,2,3
852,91,2,3
852,92,2,3
852,93,2,3
852,94,2,3
852,95,2,3
852,96,2,3
852,97,2,3
852,98,2,3
852,99,2,3
852,100,2,3
852,101,2,3
852,102,2,3
852,103,2,3
852,104,2,3
852,105,2,3
852,106,2,3
852,107,2,3
852,108,2,3
852,109,2,2
852,110,2,2
852,111,2,2
852,112,2,2
852,113,2,2
852,114,2,2
852,115,2,2
852,116,2,2
852,117,2,2
852,118,2,2
852,119,2,2
852,120,2,2
852,121,2,2
852,122,2,2
852,123,2,2
852,124,2,2
852,125,2,2
852,126,2,2
852,127,2,2
852,128,2,2
852,129,2,2
852,130,2,2
852,131,2,2
852,132,2,2
852,133,2,2
852,134,2,2
852,135,2,2
852,136,2,2
852,137,2,2
852,138,2,2
852,139,2,2
852,140,2,2
852,141,2,2
852,142,2,2
852,143,2,2
852,144,2,2
852,145,2,2
852,146,2,2
852,147,2,2
852,148,2,2
852,149,2,2
852,150,2,2
852,151,2,2
852,152,2,2
852,153,2,2
852,154,2,2
852,155,2,2
852,156,2,2
852,157,2,2
852,158,2,2
852,159,2,2
852,160,2,2
852,161,2,2
852,162,2,2
852,163,2,2
852,164,2,2
852,165,2,2
852,166,2,2
852,167,2,2
852,168,2,2
852,169,2,2
852,170,2,2
852,171,2,2
852,172,2,2
852,173,2,2
852,174,2,2
852,175,2,2
852,176,2,2
852,177,2,2
852,178,2,2
852,179,2,2
852,180,2,2
852,181,2,2
852,182,2,2
852,183,2,2
852,184,2,2
852,185,2,2
852,186,2,2
852,187,2,2
852,188,2,2
852,189,2,2
852,190,2,2
852,191,2,2
852,192,2,2
852,193,2,2
852,194,2,2
852,195,2,2
852,196,2,2
852,197,2,2
852,198,2,2
852,199,2,2
852,200,2,2
852,201,2,2
852,202,2,2
852,203,2,2
852,204,2,2
852,205,2,2
852,206,2,2
852,207,2,2
852,208,2,2
852,209,2,2
852,210,2,2
852,211,2,2
852,212,2,2
852,213,2,2
852,214,2,2
852,215,2,2
852,216,2,2
852,217,2,2
852,218,2,2
852,219,2,2
852,220,2,2
852,221,2,2
852,222,2,2
852,223,2,2
852,224,2,2
852,225,2,2
852,226,2,2
852,227,2,2
852,228,2,2
852,229,2,2
852,230,2,2
852,231,2,2
852,232,2,2
852,233,2,2
852,234,2,2
852,235,2,2
852,236,2,2
852,237,2,2
852,238,2,2
852,239,2,2
852,240,2,2
852,241,2,2
852,242,2,2
852,243,2,2
852,244,2,2
852,245,2,2
852,246,2,2
852,247,2,2
852,248,2,2
852,249,2,2
852,250,2,2
852,251,2,2
852,252,2,2
852,253,2,2
852,254,2,2
852,255,2,2
852,256,2,2
852,257,2,2
852,258,2,2
852,259,2,2
852,260,2,2
852,261,2,2
852,262,2,2
852,263,2,2
852,264,2,2
852,265,2,2
852,266,2,2
852,267,2,2
852,268,2,2
852,269,2,2
852,270,2,2
852,271,2,2
852,272,2,2
852,273,2,2
852,274,2,2
852,275,2,2
852,276,2,2
852,277,2,2
852,278,2,2
852,279,2,2
852,280,2,2
852,281,2,3
852,282,2,3
852,283,2,3
852,284,2,3
852,285,2,3
852,286,2,3
852,287,2,3
852,288,2,3
852,289,2,3
852,290,2,3
852,291,2,3
852,292,2,3
852,293,2,3
852,294,2,3
852,295,2,3
852,296,2,3
852,297,2,3
852,298,2,3
852,299,2,3
852,300,2,3
852,301,2,3
852,302,2,3
852,303,2,3
852,304,2,3
852,305,2,3
852,306,2,3
852,307,2,3
852,308,2,3
852,309,2,3
852,310,2,3
852,311,2,3
852,312,2,3
852,313,2,3
852,314,2,3
852,315,2,3
852,316,2,3
852,317,2,3
852,318,2,3
852,319,2,3
852,320,2,3
852,321,2,3
852,322,2,3
852,323,2,3
852,324,2,3
852,325,2,3
852,326,2,3
852,327,2,3
852,328,2,3
852,329,2,3
852,330,2,3
852,331,2,3
852,332,2,3
852,333,2,3
852,334,2,3
852,335,2,3
852,336,2,3
852,337,2,3
852,338,2,3
852,339,2,3
852,340,2,3
852,341,2,3
852,342,2,3
852,343,2,2
852,344,2,2
852,345,2,2
852,346,2,2
852,347,2,2
852,348,2,2
852,349,2,2
852,350,2,2
852,351,2,2
852,352,2,2
852,353,2,2
852,354,2,2
852,355,2,2
852,356,2,2
852,357,2,2
852,358,2,2
852,359,2,2
852,360,2,2
852,361,2,2
852,362,2,2
852,363,2,2
852,364,2,2
852,365,2,2
852,366,2,2
852,367,2,2
852,368,2,2
852,369,2,2
852,370,2,2
852,371,2,2
852,372,2,2
852,373,2,2
852,374,2,2
852,375,2,2
852,376,2,2
852,377,2,2
852,378,2,2
852,379,2,2
852,380,2,2
852,381,2,2
852,382,2,2
852,383,2,2
852,384,2,2
852,385,2,2
852,386,2,2
852,387,2,2
852,388,2,2
852,389,2,2
852,390,2,2
852,391,2,2
852,392,2,2
852,393,2,2
852,394,2,2
852,395,2,2
852,396,2,2
852,397,2,2
852,398,2,2
852,399,2,2
852,400,2,2
852,401,2,2
852,402,2,2
852,403,2,2
852,404,2,2
852,405,2,2
852,406,2,2
852,407,2,2
852,408,2,2
852,409,2,2
852,410,2,2
852,411,2,2
852,412,2,2
852,413,2,2
852,414,2,2
852,415,2,2
852,416,2,2
852,417,2,2
852,418,2,2
852,419,2,2
852,420,2,2
852,421,2,2
852,422,2,2
852,423,2,2
852,424,2,2
852,425,2,2
852,426,2,2
852,427,2,2
852,428,2,2
852,429,2,2
852,430,2,2
852,431,2,2
852,432,2,2
852,433,2,2
852,434,2,2
852,435,2,2
852,436,2,2
852,437,2,2
852,438,2,2
852,439,2,2
852,440,2,2
852,441,2,2
852,442,2,2
852,443,2,2
852,444,2,2
852,445,2,2
852,446,2,2
852,447,2,2
852,448,2,2
852,449,2,2
852,450,2,2
852,451,2,2
852,452,2,2
852,453,2,2
852,454,2,2
852,455,2,2
852,456,2,2
852,457,2,2
852,458,2,2
852,459,2,2
852,460,2,2
852,461,2,2
852,462,2,2
852,463,2,2
852,464,2,2
852,465,2,2
852,466,2,2
852,467,2,2
852,468,2,2
852,469,2,2
852,470,2,2
852,471,2,2
852,472,2,2
852,473,2,2
852,474,2,2
852,475,2,2
852,476,2,2
852,477,2,2
852,478,2,2
852,479,2,2
852,480,2,2
852,481,2,2
852,482,2,2
852,483,2,2
852,484,2,2
852,485,2,2
852,486,2,2
852,487,2,2
852,488,2,2
852,489,2,2
852,490,2,2
852,491,2,2
852,492,2,2
852,493,2,2
852,494,2,2
852,495,2,2
852,496,2,2
852,497,2,2
852,498,2,2
852,499,2,2
852,500,2,2
852,501,2,2
852,502,2,2
852,503,2,2
852,504,2,2
852,505,2,2
852,506,2,2
852,507,2,2
852,508,2,2
852,509,2,2
852,510,2,2
852,511,2,2
852,512,2,2
852,513,2,2
852,514,2,2
852,515,2,2
852,516,2,2
852,517,2,2
852,518,2,2
852,519,2,2
852,520,2,2
852,521,2,2
852,522,2,2
852,523,2,2
852,524,2,2
852,525,2,2
852,526,2,2
852,527,2,2
852,528,2,2
852,529,2,2
852,530,2,2
852,531,2,2
852,532,2,2
852,533,2,2
852,534,2,2
852,535,2,3
853,65,2,2
853,66,2,2
853,67,2,2
853,68,2,2
853,69,2,2
853,70,2,2
853,71,2,2
853,72,2,2
853,73,2,2
853,74,2,2
853,75,2,2
853,76,2,2
853,77,2,2
853,78,2,2
853,79,2,2
853,80,2,2
853,81,2,2
853,82,2,2
853,83,2,2
853,84,2,2
853,85,2,2
853,86,2,3
853,87,2,3
853,88,2,3
853,89,2,3
853,90,2,3
853,91,2,3
853,92,2,3
853,93,2,3
853,94,2,3
853,95,2,3
853,96,2,3
853,97,2,3
853,98,2,3
853,99,2,3
853,100,2,3
853,101,2,3
853,102,2,3
853,103,2,3
853,104,2,3
853,105,2,3
853,106,2,3
853,107,2,3
853,108,2,3
853,109,2,2
853,110,2,2
853,111,2,2
853,112,2,2
853,113,2,2
853,114,2,2
853,115,2,2
853,116,2,2
853,117,2,2
853,118,2,2
853,119,2,2
853,120,2,2
853,121,2,2
853,122,2,2
853,123,2,2
853,124,2,2
853,125,2,2
853,126,2,2
853,127,2,2
853,128,2,2
853,129,2,2
853,130,2,2
853,131,2,2
853,132,2,2
853,133,2,2
853,134,2,2
853,135,2,2
853,136,2,2
853,137,2,2
853,138,2,2
853,139,2,2
853,140,2,2
853,141,2,2
853,142,2,2
853,143,2,2
853,144,2,2
853,145,2,2
853,146,2,2
853,147,2,2
853,148,2,2
853,149,2,2
853,150,2,2
853,151,2,2
853,152,2,2
853,153,2,2
853,154,2,2
853,155,2,2
853,156,2,2
853,157,2,2
853,158,2,2
853,159,2,2
853,160,2,2
853,161,2,2
853,162,2,2
853,163,2,2
853,164,2,2
853,165,2,2
853,166,2,2
853,167,2,2
853,168,2,2
853,169,2,2
853,170,2,2
853,171,2,2
853,172,2,2
853,173,2,2
853,174,2,2
853,175,2,2
853,176,2,2
853,177,2,2
853,178,2,2
853,179,2,2
853,180,2,2
853,181,2,2
853,182,2,2
853,183,2,2
853,184,2,2
853,185,2,2
853,186,2,2
853,187,2,2
853,188,2,2
853,189,2,2
853,190,2,2
853,191,2,2
853,192,2,2
853,193,2,2
853,194,2,2
853,195,2,2
853,196,2,2
853,197,2,2
853,198,2,2
853,199,2,2
853,200,2,2
853,201,2,2
853,202,2,2
853,203,2,2
853,204,2,2
853,205,2,2
853,206,2,2
853,207,2,2
853,208,2,2
853,209,2,2
853,210,2,2
853,211,2,2
853,212,2,2
853,213,2,2
853,214,2,2
853,215,2,2
853,216,2,2
853,217,2,2
853,218,2,2
853,219,2,2
853,220,2,2
853,221,2,2
853,222,2,2
853,223,2,2
853,224,2,2
853,225,2,2
853,226,2,2
853,227,2,2
853,228,2,2
853,229,2,2
853,230,2,2
853,231,2,2
853,232,2,2
853,233,2,2
853,234,2,2
853,235,2,2
853,236,2,2
853,237,2,2
853,238,2,2
853,239,2,2
853,240,2,2
853,241,2,2
853,242,2,2
853,243,2,2
853,244,2,2
853,245,2,2
853,246,2,2
853,247,2,2
853,248,2,2
853,249,2,2
853,250,2,2
853,251,2,2
853,252,2,2
853,253,2,2
853,254,2,2
853,255,2,2
853,256,2,2
853,257,2,2
853,258,2,2
853,259,2,2
853,260,2,2
853,261,2,2
853,262,2,2
853,263,2,2
853,264,2,2
853,265,2,2
853,266,2,2
853,267,2,2
853,268,2,2
853,269,2,2
853,270,2,2
853,271,2,2
853,272,2,2
853,273,2,2
853,274,2,2
853,275,2,2
853,276,2,2
853,277,2,2
853,278,2,2
853,279,2,2
853,280,2,2
853,281,2,3
853,282,2,3
853,283,2,3
853,284,2,3
853,285,2,3
853,286,2,3
853,287,2,3
853,288,2,3
853,289,2,3
853,290,2,3
853,291,2,3
853,292,2,3
853,293,2,3
853,294,2,3
853,295,2,3
853,296,2,3
853,297,2,3
853,298,2,3
853,299,2,3
853,300,2,3
853,301,2,3
853,302,2,3
853,303,2,3
853,304,2,3
853,305,2,3
853,306,2,3
853,307,2,3
853,308,2,3
853,309,2,3
853,310,2,3
853,311,2,3
853,312,2,3
853,313,2,3
853,314,2,3
853,315,2,3
853,316,2,3
853,317,2,3
853,318,2,3
853,319,2,3
853,320,2,3
853,321,2,3
853,322,2,3
853,323,2,3
853,324,2,3
853,325,2,3
853,326,2,3
853,327,2,3
853,328,2,3
853,329,2,3
853,330,2,3
853,331,2,3
853,332,2,3
853,333,2,3
853,334,2,3
853,335,2,3
853,336,2,3
853,337,2,3
853,338,2,3
853,339,2,3
853,340,2,3
853,341,2,2
853,342,2,2
853,343,2,2
853,344,2,2
853,345,2,2
853,346,2,2
853,347,2,2
853,348,2,2
853,349,2,2
853,350,2,2
853,351,2,2
853,352,2,2
853,353,2,2
853,354,2,2
853,355,2,2
853,356,2,2
853,357,2,2
853,358,2,2
853,359,2,2
853,360,2,2
853,361,2,2
853,362,2,2
853,363,2,2
853,364,2,2
853,365,2,2
853,366,2,2
853,367,2,2
853,368,2,2
853,369,2,2
853,370,2,2
853,371,2,2
853,372,2,2
853,373,2,2
853,374,2,2
853,375,2,2
853,376,2,2
853,377,2,2
853,378,2,2
853,379,2,2
853,380,2,2
853,381,2,2
853,382,2,2
853,383,2,2
853,384,2,2
853,385,2,2
853,386,2,2
853,387,2,2
853,388,2,2
853,389,2,2
853,390,2,2
853,391,2,2
853,392,2,2
853,393,2,2
853,394,2,2
853,395,2,2
853,396,2,2
853,397,2,2
853,398,2,2
853,399,2,2
853,400,2,2
853,401,2,2
853,402,2,2
853,403,2,2
853,404,2,2
853,405,2,2
853,406,2,2
853,407,2,2
853,408,2,2
853,409,2,2
853,410,2,2
853,411,2,2
853,412,2,2
853,413,2,2
853,414,2,2
853,415,2,2
853,416,2,2
853,417,2,2
853,418,2,2
853,419,2,2
853,420,2,2
853,421,2,2
853,422,2,2
853,423,2,2
853,424,2,2
853,425,2,2
853,426,2,2
853,427,2,2
853,428,2,2
853,429,2,2
853,430,2,2
853,431,2,2
853,432,2,2
853,433,2,2
853,434,2,2
853,435,2,2
853,436,2,2
853,437,2,2
853,438,2,2
853,439,2,2
853,440,2,2
853,441,2,2
853,442,2,2
853,443,2,2
853,444,2,2
853,445,2,2
853,446,2,2
853,447,2,2
853,448,2,2
853,449,2,2
853,450,2,2
853,451,2,2
853,452,2,2
853,453,2,2
853,454,2,2
853,455,2,2
853,456,2,2
853,457,2,2
853,458,2,2
853,459,2,2
853,460,2,2
853,461,2,2
853,462,2,2
853,463,2,2
853,464,2,2
853,465,2,2
853,466,2,2
853,467,2,2
853,468,2,2
853,469,2,2
853,470,2,2
853,471,2,2
853,472,2,2
853,473,2,2
853,474,2,2
853,475,2,2
853,476,2,2
853,477,2,2
853,478,2,2
853,479,2,2
853,480,2,2
853,481,2,2
853,482,2,2
853,483,2,2
853,484,2,2
853,485,2,2
853,486,2,2
853,487,2,2
853,488,2,2
853,489,2,2
853,490,2,2
853,491,2,2
853,492,2,2
853,493,2,2
853,494,2,2
853,495,2,2
853,496,2,2
853,497,2,2
853,498,2,2
853,499,2,2
853,500,2,2
853,501,2,2
853,502,2,2
853,503,2,2
853,504,2,2
853,505,2,2
853,506,2,2
853,507,2,2
853,508,2,2
853,509,2,2
853,510,2,2
853,511,2,2
853,512,2,2
853,513,2,2
853,514,2,2
853,515,2,2
853,516,2,2
853,517,2,2
853,518,2,2
853,519,2,2
853,520,2,2
853,521,2,2
853,522,2,2
853,523,2,2
853,524,2,2
853,525,2,2
853,526,2,2
853,527,2,2
853,528,2,2
853,529,2,2
853,530,2,2
853,531,2,2
853,532,2,2
853,533,2,2
853,534,2,2
853,535,2,3
853,536,2,3
853,537,2,3
854,66,2,2
854,67,2,2
854,68,2,2
854,69,2,2
854,70,2,2
854,71,2,2
854,72,2,2
854,73,2,2
854,74,2,2
854,75,2,2
854,76,2,2
854,77,2,2
854,78,2,2
854,79,2,2
854,80,2,2
854,81,2,2
854,82,2,2
854,83,2,2
854,84,2,2
854,85,2,3
854,86,2,3
854,87,2,3
854,88,2,3
854,89,2,3
854,90,2,3
854,91,2,3
854,92,2,3
854,93,2,3
854,94,2,3
854,95,2,3
854,96,2,3
854,97,2,3
854,98,2,3
854,99,2,3
854,100,2,3
854,101,2,3
854,102,2,3
854,103,2,3
854,104,2,3
854,105,2,3
854,106,2,3
854,107,2,3
854,108,2,3
854,109,2,3
854,110,2,2
854,111,2,2
854,112,2,2
854,113,2,2
854,114,2,2
854,115,2,2
854,116,2,2
854,117,2,2
854,118,2,2
854,119,2,2
854,120,2,2
854,121,2,2
854,122,2,2
854,123,2,2
854,124,2,2
854,125,2,2
854,126,2,2
854,127,2,2
854,128,2,2
854,129,2,2
854,130,2,2
854,131,2,2
854,132,2,2
854,133,2,2
854,134,2,2
854,135,2,2
854,136,2,2
854,137,2,2
854,138,2,2
854,139,2,2
854,140,2,2
854,141,2,2
854,142,2,2
854,143,2,2
854,144,2,2
854,145,2,2
854,146,2,2
854,147,2,2
854,148,2,2
854,149,2,2
854,150,2,2
854,151,2,2
854,152,2,2
854,153,2,2
854,154,2,2
854,155,2,2
854,156,2,2
854,157,2,2
854,158,2,2
854,159,2,2
854,160,2,2
854,161,2,2
854,162,2,2
854,163,2,2
854,164,2,2
854,165,2,2
854,166,2,2
854,167,2,2
854,168,2,2
854,169,2,2
854,170,2,2
854,171,2,2
854,172,2,2
854,173,2,2
854,174,2,2
854,175,2,2
854,176,2,2
854,177,2,2
854,178,2,2
854,179,2,2
854,180,2,2
854,181,2,2
854,182,2,2
854,183,2,2
854,184,2,2
854,185,2,2
854,186,2,2
854,187,2,2
854,188,2,2
854,189,2,2
854,190,2,2
854,191,2,2
854,192,2,2
854,193,2,2
854,194,2,2
854,195,2,2
854,196,2,2
854,197,2,2
854,198,2,2
854,199,2,2
854,200,2,2
854,201,2,2
854,202,2,2
854,203,2,2
854,204,2,2
854,205,2,2
854,206,2,2
854,207,2,2
854,208,2,2
854,209,2,2
854,210,2,2
854,211,2,2
854,212,2,2
854,213,2,2
854,214,2,2
854,215,2,2
854,216,2,2
854,217,2,2
854,218,2,2
854,219,2,2
854,220,2,2
854,221,2,2
854,222,2,2
854,223,2,2
854,224,2,2
854,225,2,2
854,226,2,2
854,227,2,2
854,228,2,2
854,229,2,2
854,230,2,2
854,231,2,2
854,232,2,2
854,233,2,2
854,234,2,2
854,235,2,2
854,236,2,2
854,237,2,2
854,238,2,2
854,239,2,2
854,240,2,2
854,241,2,2
854,242,2,2
854,243,2,2
854,244,2,2
854,245,2,2
854,246,2,2
854,247,2,2
854,248,2,2
854,249,2,2
854,250,2,2
854,251,2,2
854,252,2,2
854,253,2,2
854,254,2,2
854,255,2,2
854,256,2,2
854,257,2,2
854,258,2,2
854,259,2,2
854,260,2,2
854,261,2,2
854,262,2,2
854,263,2,2
854,264,2,2
854,265,2,2
854,266,2,2
854,267,2,2
854,268,2,2
854,269,2,2
854,270,2,2
854,271,2,2
854,272,2,2
854,273,2,2
854,274,2,2
854,275,2,2
854,276,2,2
854,277,2,2
854,278,2,2
854,279,2,2
854,280,2,2
854,281,2,2
854,282,2,3
854,283,2,3
854,284,2,3
854,285,2,3
854,286,2,3
854,287,2,3
854,288,2,3
854,289,2,3
854,290,2,3
854,291,2,3
854,292,2,3
854,293,2,3
854,294,2,3
854,295,2,3
854,296,2,3
854,297,2,3
854,298,2,3
854,299,2,3
854,300,2,3
854,301,2,3
854,302,2,3
854,303,2,3
854,304,2,3
854,305,2,3
854,306,2,3
854,307,2,3
854,308,2,3
854,309,2,3
854,310,2,3
854,311,2,3
854,312,2,3
854,313,2,3
854,314,2,3
854,315,2,3
854,316,2,3
854,317,2,3
854,318,2,3
854,319,2,3
854,320,2,3
854,321,2,3
854,322,2,3
854,323,2,3
854,324,2,3
854,325,2,3
854,326,2,3
854,327,2,3
854,328,2,3
854,329,2,3
854,330,2,3
854,331,2,3
854,332,2,3
854,333,2,3
854,334,2,3
854,335,2,3
854,336,2,3
854,337,2,3
854,338,2,3
854,339,2,2
854,340,2,2
854,341,2,2
854,342,2,2
854,343,2,2
854,344,2,2
854,345,2,2
854,346,2,2
854,347,2,2
854,348,2,2
854,349,2,2
854,350,2,2
854,351,2,2
854,352,2,2
854,353,2,2
854,354,2,2
854,355,2,2
854,356,2,2
854,357,2,2
854,358,2,2
854,359,2,2
854,360,2,2
854,361,2,2
854,362,2,2
854,363,2,2
854,364,2,2
854,365,2,2
854,366,2,2
854,367,2,2
854,368,2,2
854,369,2,2
854,370,2,2
854,371,2,2
854,372,2,2
854,373,2,2
854,374,2,2
854,375,2,2
854,376,2,2
854,377,2,2
854,378,2,2
854,379,2,2
854,380,2,2
854,381,2,2
854,382,2,2
854,383,2,2
854,384,2,2
854,385,2,2
854,386,2,2
854,387,2,2
854,388,2,2
854,389,2,2
854,390,2,2
854,391,2,2
854,392,2,2
854,393,2,2
854,394,2,2
854,395,2,2
854,396,2,2
854,397,2,2
854,398,2,2
854,399,2,2
854,400,2,2
854,401,2,2
854,402,2,2
854,403,2,2
854,404,2,2
854,405,2,2
854,406,2,2
854,407,2,2
854,408,2,2
854,409,2,2
854,410,2,2
854,411,2,2
854,412,2,2
854,413,2,2
854,414,2,2
854,415,2,2
854,416,2,2
854,417,2,2
854,418,2,2
854,419,2,2
854,420,2,2
854,421,2,2
854,422,2,2
854,423,2,2
854,424,2,2
854,425,2,2
854,426,2,2
854,427,2,2
854,428,2,2
854,429,2,2
854,430,2,2
854,431,2,2
854,432,2,2
854,433,2,2
854,434,2,2
854,435,2,2
854,436,2,2
854,437,2,2
854,438,2,2
854,439,2,2
854,440,2,2
854,441,2,2
854,442,2,2
854,443,2,2
854,444,2,2
854,445,2,2
854,446,2,2
854,447,2,2
854,448,2,2
854,449,2,2
854,450,2,2
854,451,2,2
854,452,2,2
854,453,2,2
854,454,2,2
854,455,2,2
854,456,2,2
854,457,2,2
854,458,2,2
854,459,2,2
854,460,2,2
854,461,2,2
854,462,2,2
854,463,2,2
854,464,2,2
854,465,2,2
854,466,2,2
854,467,2,2
854,468,2,2
854,469,2,2
854,470,2,2
854,471,2,2
854,472,2,2
854,473,2,2
854,474,2,2
854,475,2,2
854,476,2,2
854,477,2,2
854,478,2,2
854,479,2,2
854,480,2,2
854,481,2,2
854,482,2,2
854,483,2,2
854,484,2,2
854,485,2,2
854,486,2,2
854,487,2,2
854,488,2,2
854,489,2,2
854,490,2,2
854,491,2,2
854,492,2,2
854,493,2,2
854,494,2,2
854,495,2,2
854,496,2,2
854,497,2,2
854,498,2,2
854,499,2,2
854,500,2,2
854,501,2,2
854,502,2,2
854,503,2,2
854,504,2,2
854,505,2,2
854,506,2,2
854,507,2,2
854,508,2,2
854,509,2,2
854,510,2,2
854,511,2,2
854,512,2,2
854,513,2,2
854,514,2,2
854,515,2,2
854,516,2,2
854,517,2,2
854,518,2,2
854,519,2,2
854,520,2,2
854,521,2,2
854,522,2,2
854,523,2,2
854,524,2,2
854,525,2,2
854,526,2,2
854,527,2,2
854,528,2,2
854,529,2,2
854,530,2,2
854,531,2,2
854,532,2,2
854,533,2,2
854,534,2,2
854,535,2,2
854,536,2,3
854,537,2,3
854,538,2,3
855,67,2,2
855,68,2,2
855,69,2,2
855,70,2,2
855,71,2,2
855,72,2,2
855,73,2,2
855,74,2,2
855,75,2,2
855,76,2,2
855,77,2,2
855,78,2,2
855,79,2,2
855,80,2,2
855,81,2,2
855,82,2,2
855,83,2,2
855,84,2,2
855,85,2,3
855,86,2,3
855,87,2,3
855,88,2,3
855,89,2,3
855,90,2,3
855,91,2,3
855,92,2,3
855,93,2,3
855,94,2,3
855,95,2,3
855,96,2,3
855,97,2,3
855,98,2,3
855,99,2,3
855,100,2,3
855,101,2,3
855,102,2,3
855,103,2,3
855,104,2,3
855,105,2,3
855,106,2,3
855,107,2,3
855,108,2,3
855,109,2,3
855,110,2,2
855,111,2,2
855,112,2,2
855,113,2,2
855,114,2,2
855,115,2,2
855,116,2,2
855,117,2,2
855,118,2,2
855,119,2,2
855,120,2,2
855,121,2,2
855,122,2,2
855,123,2,2
855,124,2,2
855,125,2,2
855,126,2,2
855,127,2,2
855,128,2,2
855,129,2,2
855,130,2,2
855,131,2,2
855,132,2,2
855,133,2,2
855,134,2,2
855,135,2,2
855,136,2,2
855,137,2,2
855,138,2,2
855,139,2,2
855,140,2,2
855,141,2,2
855,142,2,2
855,143,2,2
855,144,2,2
855,145,2,2
855,146,2,2
855,147,2,2
855,148,2,2
855,149,2,2
855,150,2,2
855,151,2,2
855,152,2,2
855,153,2,2
855,154,2,2
855,155,2,2
855,156,2,2
855,157,2,2
855,158,2,2
855,159,2,2
855,160,2,2
855,161,2,2
855,162,2,2
855,163,2,2
855,164,2,2
855,165,2,2
855,166,2,2
855,167,2,2
855,168,2,2
855,169,2,2
855,170,2,2
855,171,2,2
855,172,2,2
855,173,2,2
855,174,2,2
855,175,2,2
855,176,2,2
855,177,2,2
855,178,2,2
855,179,2,2
855,180,2,2
855,181,2,2
855,182,2,2
855,183,2,2
855,184,2,2
855,185,2,2
855,186,2,2
855,187,2,2
855,188,2,2
855,189,2,2
855,190,2,2
855,191,2,2
855,192,2,2
855,193,2,2
855,194,2,2
855,195,2,2
855,196,2,2
855,197,2,2
855,198,2,2
855,199,2,2
855,200,2,2
855,201,2,2
855,202,2,2
855,203,2,2
855,204,2,2
855,205,2,2
855,206,2,2
855,207,2,2
855,208,2,2
855,209,2,2
855,210,2,2
855,211,2,2
855,212,2,2
855,213,2,2
855,214,2,2
855,215,2,2
855,216,2,2
855,217,2,2
855,218,2,2
855,219,2,2
855,220,2,2
855,221,2,2
855,222,2,2
855,223,2,2
855,224,2,2
855,225,2,2
855,226,2,2
855,227,2,2
855,228,2,2
855,229,2,2
855,230,2,2
855,231,2,2
855,232,2,2
855,233,2,2
855,234,2,2
855,235,2,2
855,236,2,2
855,237,2,2
855,238,2,2
855,239,2,2
855,240,2,2
855,241,2,2
855,242,2,2
855,243,2,2
855,244,2,2
855,245,2,2
855,246,2,2
855,247,2,2
855,248,2,2
855,249,2,2
855,250,2,2
855,251,2,2
855,252,2,2
855,253,2,2
855,254,2,2
855,255,2,2
855,256,2,2
855,257,2,2
855,258,2,2
855,259,2,2
855,260,2,2
855,261,2,2
855,262,2,2
855,263,2,2
855,264,2,2
855,265,2,2
855,266,2,2
855,267,2,2
855,268,2,2
855,269,2,2
855,270,2,2
855,271,2,2
855,272,2,2
855,273,2,2
855,274,2,2
855,275,2,2
855,276,2,2
855,277,2,2
855,278,2,2
855,279,2,2
855,280,2,2
855,281,2,2
855,282,2,3
855,283,2,3
855,284,2,3
855,285,2,3
855,286,2,3
855,287,2,3
855,288,2,3
855,289,2,3
855,290,2,3
855,291,2,3
855,292,2,3
855,293,2,3
855,294,2,3
855,295,2,3
855,296,2,3
855,297,2,3
855,298,2,3
855,299,2,3
855,300,2,3
855,301,2,3
855,302,2,3
855,303,2,3
855,304,2,3
855,305,2,3
855,306,2,3
855,307,2,3
855,308,2,3
855,309,2,3
855,310,2,3
855,311,2,3
855,312,2,3
855,313,2,3
855,314,2,3
855,315,2,3
855,316,2,3
855,317,2,3
855,318,2,3
855,319,2,3
855,320,2,3
855,321,2,3
855,322,2,3
855,323,2,3
855,324,2,3
855,325,2,3
855,326,2,3
855,327,2,3
855,328,2,3
855,329,2,3
855,330,2,3
855,331,2,3
855,332,2,3
855,333,2,3
855,334,2,3
855,335,2,3
855,336,2,3
855,337,2,2
855,338,2,2
855,339,2,2
855,340,2,2
855,341,2,2
855,342,2,2
855,343,2,2
855,344,2,2
855,345,2,2
855,346,2,2
855,347,2,2
855,348,2,2
855,349,2,2
855,350,2,2
855,351,2,2
855,352,2,2
855,353,2,2
855,354,2,2
855,355,2,2
855,356,2,2
855,357,2,2
855,358,2,2
855,359,2,2
855,360,2,2
855,361,2,2
855,362,2,2
855,363,2,2
855,364,2,2
855,365,2,2
855,366,2,2
855,367,2,2
855,368,2,2
855,369,2,2
855,370,2,2
855,371,2,2
855,372,2,2
855,373,2,2
855,374,2,2
855,375,2,2
855,376,2,2
855,377,2,2
855,378,2,2
855,379,2,2
855,380,2,2
855,381,2,2
855,382,2,2
855,383,2,2
855,384,2,2
855,385,2,2
855,386,2,2
855,387,2,2
855,388,2,2
855,389,2,2
855,390,2,2
855,391,2,2
855,392,2,2
855,393,2,2
855,394,2,2
855,395,2,2
855,396,2,2
855,397,2,2
855,398,2,2
855,399,2,2
855,400,2,2
855,401,2,2
855,402,2,2
855,403,2,2
855,404,2,2
855,405,2,2
855,406,2,2
855,407,2,2
855,408,2,2
855,409,2,2
855,410,2,2
855,411,2,2
855,412,2,2
855,413,2,2
855,414,2,2
855,415,2,2
855,416,2,2
855,417,2,2
855,418,2,2
855,419,2,2
855,420,2,2
855,421,2,2
855,422,2,2
855,423,2,2
855,424,2,2
855,425,2,2
855,426,2,2
855,427,2,2
855,428,2,2
855,429,2,2
855,430,2,2
855,431,2,2
855,432,2,2
855,433,2,2
855,434,2,2
855,435,2,2
855,436,2,2
855,437,2,2
855,438,2,2
855,439,2,2
855,440,2,2
855,441,2,2
855,442,2,2
855,443,2,2
855,444,2,2
855,445,2,2
855,446,2,2
855,447,2,2
855,448,2,2
855,449,2,2
855,450,2,2
855,451,2,2
855,452,2,2
855,453,2,2
855,454,2,2
855,455,2,2
855,456,2,2
855,457,2,2
855,458,2,2
855,459,2,2
855,460,2,2
855,461,2,2
855,462,2,2
855,463,2,2
855,464,2,2
855,465,2,2
855,466,2,2
855,467,2,2
855,468,2,2
855,469,2,2
855,470,2,2
855,471,2,2
855,472,2,2
855,473,2,2
855,474,2,2
855,475,2,2
855,476,2,2
855,477,2,2
855,478,2,2
855,479,2,2
855,480,2,2
855,481,2,2
855,482,2,2
855,483,2,2
855,484,2,2
855,485,2,2
855,486,2,2
855,487,2,2
855,488,2,2
855,489,2,2
855,490,2,2
855,491,2,2
855,492,2,2
855,493,2,2
855,494,2,2
855,495,2,2
855,496,2,2
855,497,2,2
855,498,2,2
855,499,2,2
855,500,2,2
855,501,2,2
855,502,2,2
855,503,2,2
855,504,2,2
855,505,2,2
855,506,2,2
855,507,2,2
855,508,2,2
855,509,2,2
855,510,2,2
855,511,2,2
855,512,2,2
855,513,2,2
855,514,2,2
855,515,2,2
855,516,2,2
855,517,2,2
855,518,2,2
855,519,2,2
855,520,2,2
855,521,2,2
855,522,2,2
855,523,2,2
855,524,2,2
855,525,2,2
855,526,2,2
855,527,2,2
855,528,2,2
855,529,2,2
855,530,2,2
855,531,2,2
855,532,2,2
855,533,2,2
855,534,2,2
855,535,2,2
855,536,2,2
855,537,2,3
855,538,2,2
855,539,2,3
856,67,2,2
856,68,2,2
856,69,2,2
856,70,2,2
856,71,2,2
856,72,2,2
856,73,2,2
856,74,2,2
856,75,2,2
856,76,2,2
856,77,2,2
856,78,2,2
856,79,2,2
856,80,2,2
856,81,2,2
856,82,2,2
856,83,2,2
856,84,2,2
856,85,2,3
856,86,2,3
856,87,2,3
856,88,2,3
856,89,2,3
856,90,2,3
856,91,2,3
856,92,2,3
856,93,2,3
856,94,2,3
856,95,2,3
856,96,2,3
856,97,2,3
856,98,2,3
856,99,2,3
856,100,2,3
856,101,2,3
856,102,2,3
856,103,2,3
856,104,2,3
856,105,2,3
856,106,2,3
856,107,2,3
856,108,2,3
856,109,2,3
856,110,2,2
856,111,2,2
856,112,2,2
856,113,2,2
856,114,2,2
856,115,2,2
856,116,2,2
856,117,2,2
856,118,2,2
856,119,2,2
856,120,2,2
856,121,2,2
856,122,2,2
856,123,2,2
856,124,2,2
856,125,2,2
856,126,2,2
856,127,2,2
856,128,2,2
856,129,2,2
856,130,2,2
856,131,2,2
856,132,2,2
856,133,2,2
856,134,2,2
856,135,2,2
856,136,2,2
856,137,2,2
856,138,2,2
856,139,2,2
856,140,2,2
856,141,2,2
856,142,2,2
856,143,2,2
856,144,2,2
856,145,2,2
856,146,2,2
856,147,2,2
856,148,2,2
856,149,2,2
856,150,2,2
856,151,2,2
856,152,2,2
856,153,2,2
856,154,2,2
856,155,2,2
856,156,2,2
856,157,2,2
856,158,2,2
856,159,2,2
856,160,2,2
856,161,2,2
856,162,2,2
856,163,2,2
856,164,2,2
856,165,2,2
856,166,2,2
856,167,2,2
856,168,2,2
856,169,2,2
856,170,2,2
856,171,2,2
856,172,2,2
856,173,2,2
856,174,2,2
856,175,2,2
856,176,2,2
856,177,2,2
856,178,2,2
856,179,2,2
856,180,2,2
856,181,2,2
856,182,2,2
856,183,2,2
856,184,2,2
856,185,2,2
856,186,2,2
856,187,2,2
856,188,2,2
856,189,2,2
856,190,2,2
856,191,2,2
856,192,2,2
856,193,2,2
856,194,2,2
856,195,2,2
856,196,2,2
856,197,2,2
856,198,2,2
856,199,2,2
856,200,2,2
856,201,2,2
856,202,2,2
856,203,2,2
856,204,2,2
856,205,2,2
856,206,2,2
856,207,2,2
856,208,2,2
856,209,2,2
856,210,2,2
856,211,2,2
856,212,2,2
856,213,2,2
856,214,2,2
856,215,2,2
856,216,2,2
856,217,2,2
856,218,2,2
856,219,2,2
856,220,2,2
856,221,2,2
856,222,2,2
856,223,2,2
856,224,2,2
856,225,2,2
856,226,2,2
856,227,2,2
856,228,2,2
856,229,2,2
856,230,2,2
856,231,2,2
856,232,2,2
856,233,2,2
856,234,2,2
856,235,2,2
856,236,2,2
856,237,2,2
856,238,2,2
856,239,2,2
856,240,2,2
856,241,2,2
856,242,2,2
856,243,2,2
856,244,2,2
856,245,2,2
856,246,2,2
856,247,2,2
856,248,2,2
856,249,2,2
856,250,2,2
856,251,2,2
856,252,2,2
856,253,2,2
856,254,2,2
856,255,2,2
856,256,2,2
856,257,2,2
856,258,2,2
856,259,2,2
856,260,2,2
856,261,2,2
856,262,2,2
856,263,2,2
856,264,2,2
856,265,2,2
856,266,2,2
856,267,2,2
856,268,2,2
856,269,2,2
856,270,2,2
856,271,2,2
856,272,2,2
856,273,2,2
856,274,2,2
856,275,2,2
856,276,2,2
856,277,2,2
856,278,2,2
856,279,2,2
856,280,2,2
856,281,2,2
856,282,2,3
856,283,2,3
856,284,2,3
856,285,2,3
856,286,2,3
856,287,2,3
856,288,2,3
856,289,2,3
856,290,2,3
856,291,2,3
856,292,2,3
856,293,2,3
856,294,2,3
856,295,2,3
856,296,2,3
856,297,2,3
856,298,2,3
856,299,2,3
856,300,2,3
856,301,2,3
856,302,2,3
856,303,2,3
856,304,2,3
856,305,2,3
856,306,2,3
856,307,2,3
856,308,2,3
856,309,2,3
856,310,2,3
856,311,2,3
856,312,2,3
856,313,2,3
856,314,2,3
856,315,2,3
856,316,2,3
856,317,2,3
856,318,2,3
856,319,2,3
856,320,2,3
856,321,2,3
856,322,2,3
856,323,2,3
856,324,2,3
856,325,2,3
856,326,2,3
856,327,2,3
856,328,2,3
856,329,2,3
856,330,2,3
856,331,2,3
856,332,2,3
856,333,2,3
856,334,2,3
856,335,2,3
856,336,2,3
856,337,2,2
856,338,2,2
856,339,2,2
856,340,2,2
856,341,2,2
856,342,2,2
856,343,2,2
856,344,2,2
856,345,2,2
856,346,2,2
856,347,2,2
856,348,2,2
856,349,2,2
856,350,2,2
856,351,2,2
856,352,2,2
856,353,2,2
856,354,2,2
856,355,2,2
856,356,2,2
856,357,2,2
856,358,2,2
856,359,2,2
856,360,2,2
856,361,2,2
856,362,2,2
856,363,2,2
856,364,2,2
856,365,2,2
856,366,2,2
856,367,2,2
856,368,2,2
856,369,2,2
856,370,2,2
856,371,2,2
856,372,2,2
856,373,2,2
856,374,2,2
856,375,2,2
856,376,2,2
856,377,2,2
856,378,2,2
856,379,2,2
856,380,2,2
856,381,2,2
856,382,2,2
856,383,2,2
856,384,2,2
856,385,2,2
856,386,2,2
856,387,2,2
856,388,2,2
856,389,2,2
856,390,2,2
856,391,2,2
856,392,2,2
856,393,2,2
856,394,2,2
856,395,2,2
856,396,2,2
856,397,2,2
856,398,2,2
856,399,2,2
856,400,2,2
856,401,2,2
856,402,2,2
856,403,2,2
856,404,2,2
856,405,2,2
856,406,2,2
856,407,2,2
856,408,2,2
856,409,2,2
856,410,2,2
856,411,2,2
856,412,2,2
856,413,2,2
856,414,2,2
856,415,2,2
856,416,2,2
856,417,2,2
856,418,2,2
856,419,2,2
856,420,2,2
856,421,2,2
856,422,2,2
856,423,2,2
856,424,2,2
856,425,2,2
856,426,2,2
856,427,2,2
856,428,2,2
856,429,2,2
856,430,2,2
856,431,2,2
856,432,2,2
856,433,2,2
856,434,2,2
856,435,2,2
856,436,2,2
856,437,2,2
856,438,2,2
856,439,2,2
856,440,2,2
856,441,2,2
856,442,2,2
856,443,2,2
856,444,2,2
856,445,2,2
856,446,2,2
856,447,2,2
856,448,2,2
856,449,2,2
856,450,2,2
856,451,2,2
856,452,2,2
856,453,2,2
856,454,2,2
856,455,2,2
856,456,2,2
856,457,2,2
856,458,2,2
856,459,2,2
856,460,2,2
856,461,2,2
856,462,2,2
856,463,2,2
856,464,2,2
856,465,2,2
856,466,2,2
856,467,2,2
856,468,2,2
856,469,2,2
856,470,2,2
856,471,2,2
856,472,2,2
856,473,2,2
856,474,2,2
856,475,2,2
856,476,2,2
856,477,2,2
856,478,2,2
856,479,2,2
856,480,2,2
856,481,2,2
856,482,2,2
856,483,2,2
856,484,2,2
856,485,2,2
856,486,2,2
856,487,2,2
856,488,2,2
856,489,2,2
856,490,2,2
856,491,2,2
856,492,2,2
856,493,2,2
856,494,2,2
856,495,2,2
856,496,2,2
856,497,2,2
856,498,2,2
856,499,2,2
856,500,2,2
856,501,2,2
856,502,2,2
856,503,2,2
856,504,2,2
856,505,2,2
856,506,2,2
856,507,2,2
856,508,2,2
856,509,2,2
856,510,2,2
856,511,2,2
856,512,2,2
856,513,2,2
856,514,2,2
856,515,2,2
856,516,2,2
856,517,2,2
856,518,2,2
856,519,2,2
856,520,2,2
856,521,2,2
856,522,2,2
856,523,2,2
856,524,2,2
856,525,2,2
856,526,2,2
856,527,2,2
856,528,2,2
856,529,2,2
856,530,2,2
856,531,2,2
856,532,2,2
856,533,2,2
856,534,2,2
856,535,2,2
856,536,2,2
856,537,2,3
856,538,2,3
856,539,2,3
856,540,2,3
857,68,2,2
857,69,2,2
857,70,2,2
857,71,2,2
857,72,2,2
857,73,2,2
857,74,2,2
857,75,2,2
857,76,2,2
857,77,2,2
857,78,2,2
857,79,2,2
857,80,2,2
857,81,2,2
857,82,2,2
857,83,2,2
857,84,2,2
857,85,2,3
857,86,2,3
857,87,2,3
857,88,2,3
857,89,2,3
857,90,2,3
857,91,2,3
857,92,2,3
857,93,2,3
857,94,2,3
857,95,2,3
857,96,2,3
857,97,2,3
857,98,2,3
857,99,2,3
857,100,2,3
857,101,2,3
857,102,2,3
857,103,2,3
857,104,2,3
857,105,2,3
857,106,2,3
857,107,2,3
857,108,2,3
857,109,2,3
857,110,2,2
857,111,2,2
857,112,2,2
857,113,2,2
857,114,2,2
857,115,2,2
857,116,2,2
857,117,2,2
857,118,2,2
857,119,2,2
857,120,2,2
857,121,2,2
857,122,2,2
857,123,2,2
857,124,2,2
857,125,2,2
857,126,2,2
857,127,2,2
857,128,2,2
857,129,2,2
857,130,2,2
857,131,2,2
857,132,2,2
857,133,2,2
857,134,2,2
857,135,2,2
857,136,2,2
857,137,2,2
857,138,2,2
857,139,2,2
857,140,2,2
857,141,2,2
857,142,2,2
857,143,2,2
857,144,2,2
857,145,2,2
857,146,2,2
857,147,2,2
857,148,2,2
857,149,2,2
857,150,2,2
857,151,2,2
857,152,2,2
857,153,2,2
857,154,2,2
857,155,2,2
857,156,2,2
857,157,2,2
857,158,2,2
857,159,2,2
857,160,2,2
857,161,2,2
857,162,2,2
857,163,2,2
857,164,2,2
857,165,2,2
857,166,2,2
857,167,2,2
857,168,2,2
857,169,2,2
857,170,2,2
857,171,2,2
857,172,2,2
857,173,2,2
857,174,2,2
857,175,2,2
857,176,2,2
857,177,2,2
857,178,2,2
857,179,2,2
857,180,2,2
857,181,2,2
857,182,2,2
857,183,2,2
857,184,2,2
857,185,2,2
857,186,2,2
857,187,2,2
857,188,2,2
857,189,2,2
857,190,2,2
857,191,2,2
857,192,2,2
857,193,2,2
857,194,2,2
857,195,2,2
857,196,2,2
857,197,2,2
857,198,2,2
857,199,2,2
857,200,2,2
857,201,2,2
857,202,2,2
857,203,2,2
857,204,2,2
857,205,2,2
857,206,2,2
857,207,2,2
857,208,2,2
857,209,2,2
857,210,2,2
857,211,2,2
857,212,2,2
857,213,2,2
857,214,2,2
857,215,2,2
857,216,2,2
857,217,2,2
857,218,2,2
857,219,2,2
857,220,2,2
857,221,2,2
857,222,2,2
857,223,2,2
857,224,2,2
857,225,2,2
857,226,2,2
857,227,2,2
857,228,2,2
857,229,2,2
857,230,2,2
857,231,2,2
857,232,2,2
857,233,2,2
857,234,2,2
857,235,2,2
857,236,2,2
857,237,2,2
857,238,2,2
857,239,2,2
857,240,2,2
857,241,2,2
857,242,2,2
857,243,2,2
857,244,2,2
857,245,2,2
857,246,2,2
857,247,2,2
857,248,2,2
857,249,2,2
857,250,2,2
857,251,2,2
857,252,2,2
857,253,2,2
857,254,2,2
857,255,2,2
857,256,2,2
857,257,2,2
857,258,2,2
857,259,2,2
857,260,2,2
857,261,2,2
857,262,2,2
857,263,2,2
857,264,2,2
857,265,2,2
857,266,2,2
857,267,2,2
857,268,2,2
857,269,2,2
857,270,2,2
857,271,2,2
857,272,2,2
857,273,2,2
857,274,2,2
857,275,2,2
857,276,2,2
857,277,2,2
857,278,2,2
857,279,2,2
857,280,2,2
857,281,2,2
857,282,2,2
857,283,2,3
857,284,2,3
857,285,2,3
857,286,2,3
857,287,2,3
857,288,2,3
857,289,2,3
857,290,2,3
857,291,2,3
857,292,2,3
857,293,2,3
857,294,2,3
857,295,2,3
857,296,2,3
857,297,2,3
857,298,2,3
857,299,2,3
857,300,2,3
857,301,2,3
857,302,2,3
857,303,2,3
857,304,2,3
857,305,2,3
857,306,2,3
857,307,2,3
857,308,2,3
857,309,2,3
857,310,2,3
857,311,2,3
857,312,2,3
857,313,2,3
857,314,2,3
857,315,2,3
857,316,2,3
857,317,2,3
857,318,2,3
857,319,2,3
857,320,2,3
857,321,2,3
857,322,2,3
857,323,2,3
857,324,2,3
857,325,2,3
857,326,2,3
857,327,2,3
857,328,2,3
857,329,2,3
857,330,2,3
857,331,2,3
857,332,2,3
857,333,2,3
857,334,2,3
857,335,2,3
857,336,2,2
857,337,2,2
857,338,2,2
857,339,2,2
857,340,2,2
857,341,2,2
857,342,2,2
857,343,2,2
857,344,2,2
857,345,2,2
857,346,2,2
857,347,2,2
857,348,2,2
857,349,2,2
857,350,2,2
857,351,2,2
857,352,2,2
857,353,2,2
857,354,2,2
857,355,2,2
857,356,2,2
857,357,2,2
857,358,2,2
857,359,2,2
857,360,2,2
857,361,2,2
857,362,2,2
857,363,2,2
857,364,2,2
857,365,2,2
857,366,2,2
857,367,2,2
857,368,2,2
857,369,2,2
857,370,2,2
857,371,2,2
857,372,2,2
857,373,2,2
857,374,2,2
857,375,2,2
857,376,2,2
857,377,2,2
857,378,2,2
857,379,2,2
857,380,2,2
857,381,2,2
857,382,2,2
857,383,2,2
857,384,2,2
857,385,2,2
857,386,2,2
857,387,2,2
857,388,2,2
857,389,2,2
857,390,2,2
857,391,2,2
857,392,2,2
857,393,2,2
857,394,2,2
857,395,2,2
857,396,2,2
857,397,2,2
857,398,2,2
857,399,2,2
857,400,2,2
857,401,2,2
857,402,2,2
857,403,2,2
857,404,2,2
857,405,2,2
857,406,2,2
857,407,2,2
857,408,2,2
857,409,2,2
857,410,2,2
857,411,2,2
857,412,2,2
857,413,2,2
857,414,2,2
857,415,2,2
857,416,2,2
857,417,2,2
857,418,2,2
857,419,2,2
857,420,2,2
857,421,2,2
857,422,2,2
857,423,2,2
857,424,2,2
857,425,2,2
857,426,2,2
857,427,2,2
857,428,2,2
857,429,2,2
857,430,2,2
857,431,2,2
857,432,2,2
857,433,2,2
857,434,2,2
857,435,2,2
857,436,2,2
857,437,2,2
857,438,2,2
857,439,2,2
857,440,2,2
857,441,2,2
857,442,2,2
857,443,2,2
857,444,2,2
857,445,2,2
857,446,2,2
857,447,2,2
857,448,2,2
857,449,2,2
857,450,2,2
857,451,2,2
857,452,2,2
857,453,2,2
857,454,2,2
857,455,2,2
857,456,2,2
857,457,2,2
857,458,2,2
857,459,2,2
857,460,2,2
857,461,2,2
857,462,2,2
857,463,2,2
857,464,2,2
857,465,2,2
857,466,2,2
857,467,2,2
857,468,2,2
857,469,2,2
857,470,2,2
857,471,2,2
857,472,2,2
857,473,2,2
857,474,2,2
857,475,2,2
857,476,2,2
857,477,2,2
857,478,2,2
857,479,2,2
857,480,2,2
857,481,2,2
857,482,2,2
857,483,2,2
857,484,2,2
857,485,2,2
857,486,2,2
857,487,2,2
857,488,2,2
857,489,2,2
857,490,2,2
857,491,2,2
857,492,2,2
857,493,2,2
857,494,2,2
857,495,2,2
857,496,2,2
857,497,2,2
857,498,2,2
857,499,2,2
857,500,2,2
857,501,2,2
857,502,2,2
857,503,2,2
857,504,2,2
857,505,2,2
857,506,2,2
857,507,2,2
857,508,2,2
857,509,2,2
857,510,2,2
857,511,2,2
857,512,2,2
857,513,2,2
857,514,2,2
857,515,2,2
857,516,2,2
857,517,2,2
857,518,2,2
857,519,2,2
857,520,2,2
857,521,2,2
857,522,2,2
857,523,2,2
857,524,2,2
857,525,2,2
857,526,2,2
857,527,2,2
857,528,2,2
857,529,2,2
857,530,2,2
857,531,2,2
857,532,2,2
857,533,2,2
857,534,2,2
857,535,2,2
857,536,2,2
857,537,2,3
857,538,2,3
857,539,2,3
857,540,2,3
858,69,2,2
858,70,2,2
858,71,2,2
858,72,2,2
858,73,2,2
858,74,2,2
858,75,2,2
858,76,2,2
858,77,2,2
858,78,2,2
858,79,2,2
858,80,2,2
858,81,2,2
858,82,2,2
858,83,2,2
858,84,2,3
858,85,2,3
858,86,2,3
858,87,2,3
858,88,2,3
858,89,2,3
858,90,2,3
858,91,2,3
858,92,2,3
858,93,2,3
858,94,2,3
858,95,2,3
858,96,2,3
858,97,2,3
858,98,2,3
858,99,2,3
858,100,2,3
858,101,2,3
858,102,2,3
858,103,2,3
858,104,2,3
858,105,2,3
858,106,2,3
858,107,2,3
858,108,2,3
858,109,2,3
858,110,2,2
858,111,2,2
858,112,2,2
858,113,2,2
858,114,2,2
858,115,2,2
858,116,2,2
858,117,2,2
858,118,2,2
858,119,2,2
858,120,2,2
858,121,2,2
858,122,2,2
858,123,2,2
858,124,2,2
858,125,2,2
858,126,2,2
858,127,2,2
858,128,2,2
858,129,2,2
858,130,2,2
858,131,2,2
858,132,2,2
858,133,2,2
858,134,2,2
858,135,2,2
858,136,2,2
858,137,2,2
858,138,2,2
858,139,2,2
858,140,2,2
858,141,2,2
858,142,2,2
858,143,2,2
858,144,2,2
858,145,2,2
858,146,2,2
858,147,2,2
858,148,2,2
858,149,2,2
858,150,2,2
858,151,2,2
858,152,2,2
858,153,2,2
858,154,2,2
858,155,2,2
858,156,2,2
858,157,2,2
858,158,2,2
858,159,2,2
858,160,2,2
858,161,2,2
858,162,2,2
858,163,2,2
858,164,2,2
858,165,2,2
858,166,2,2
858,167,2,2
858,168,2,2
858,169,2,2
858,170,2,2
858,171,2,2
858,172,2,2
858,173,2,2
858,174,2,2
858,175,2,2
858,176,2,2
858,177,2,2
858,178,2,2
858,179,2,2
858,180,2,2
858,181,2,2
858,182,2,2
858,183,2,2
858,184,2,2
858,185,2,2
858,186,2,2
858,187,2,2
858,188,2,2
858,189,2,2
858,190,2,2
858,191,2,2
858,192,2,2
858,193,2,2
858,194,2,2
858,195,2,2
858,196,2,2
858,197,2,2
858,198,2,2
858,199,2,2
858,200,2,2
858,201,2,2
858,202,2,2
858,203,2,2
858,204,2,2
858,205,2,2
858,206,2,2
858,207,2,2
858,208,2,2
858,209,2,2
858,210,2,2
858,211,2,2
858,212,2,2
858,213,2,2
858,214,2,2
858,215,2,2
858,216,2,2
858,217,2,2
858,218,2,2
858,219,2,2
858,220,2,2
858,221,2,2
858,222,2,2
858,223,2,2
858,224,2,2
858,225,2,2
858,226,2,2
858,227,2,2
858,228,2,2
858,229,2,2
858,230,2,2
858,231,2,2
858,232,2,2
858,233,2,2
858,234,2,2
858,235,2,2
858,236,2,2
858,237,2,2
858,238,2,2
858,239,2,2
858,240,2,2
858,241,2,2
858,242,2,2
858,243,2,2
858,244,2,2
858,245,2,2
858,246,2,2
858,247,2,2
858,248,2,2
858,249,2,2
858,250,2,2
858,251,2,2
858,252,2,2
858,253,2,2
858,254,2,2
858,255,2,2
858,256,2,2
858,257,2,2
858,258,2,2
858,259,2,2
858,260,2,2
858,261,2,2
858,262,2,2
858,263,2,2
858,264,2,2
858,265,2,2
858,266,2,2
858,267,2,2
858,268,2,2
858,269,2,2
858,270,2,2
858,271,2,2
858,272,2,2
858,273,2,2
858,274,2,2
858,275,2,2
858,276,2,2
858,277,2,2
858,278,2,2
858,279,2,2
858,280,2,2
858,281,2,2
858,282,2,2
858,283,2,3
858,284,2,3
858,285,2,3
858,286,2,3
858,287,2,3
858,288,2,3
858,289,2,3
858,290,2,3
858,291,2,3
858,292,2,3
858,293,2,3
858,294,2,3
858,295,2,3
858,296,2,3
858,297,2,3
858,298,2,3
858,299,2,3
858,300,2,3
858,301,2,3
858,302,2,3
858,303,2,3
858,304,2,3
858,305,2,3
858,306,2,3
858,307,2,3
858,308,2,3
858,309,2,3
858,310,2,3
858,311,2,3
858,312,2,3
858,313,2,3
858,314,2,3
858,315,2,3
858,316,2,3
858,317,2,3
858,318,2,3
858,319,2,3
858,320,2,3
858,321,2,3
858,322,2,3
858,323,2,3
858,324,2,3
858,325,2,3
858,326,2,3
858,327,2,3
858,328,2,3
858,329,2,3
858,330,2,3
858,331,2,3
858,332,2,3
858,333,2,3
858,334,2,3
858,335,2,2
858,336,2,2
858,337,2,2
858,338,2,2
858,339,2,2
858,340,2,2
858,341,2,2
858,342,2,2
858,343,2,2
858,344,2,2
858,345,2,2
858,346,2,2
858,347,2,2
858,348,2,2
858,349,2,2
858,350,2,2
858,351,2,2
858,352,2,2
858,353,2,2
858,354,2,2
858,355,2,2
858,356,2,2
858,357,2,2
858,358,2,2
858,359,2,2
858,360,2,2
858,361,2,2
858,362,2,2
858,363,2,2
858,364,2,2
858,365,2,2
858,366,2,2
858,367,2,2
858,368,2,2
858,369,2,2
858,370,2,2
858,371,2,2
858,372,2,2
858,373,2,2
858,374,2,2
858,375,2,2
858,376,2,2
858,377,2,2
858,378,2,2
858,379,2,2
858,380,2,2
858,381,2,2
858,382,2,2
858,383,2,2
858,384,2,2
858,385,2,2
858,386,2,2
858,387,2,2
858,388,2,2
858,389,2,2
858,390,2,2
858,391,2,2
858,392,2,2
858,393,2,2
858,394,2,2
858,395,2,2
858,396,2,2
858,397,2,2
858,398,2,2
858,399,2,2
858,400,2,2
858,401,2,2
858,402,2,2
858,403,2,2
858,404,2,2
858,405,2,2
858,406,2,2
858,407,2,2
858,408,2,2
858,409,2,2
858,410,2,2
858,411,2,2
858,412,2,2
858,413,2,2
858,414,2,2
858,415,2,2
858,416,2,2
858,417,2,2
858,418,2,2
858,419,2,2
858,420,2,2
858,421,2,2
858,422,2,2
858,423,2,2
858,424,2,2
858,425,2,2
858,426,2,2
858,427,2,2
858,428,2,2
858,429,2,2
858,430,2,2
858,431,2,2
858,432,2,2
858,433,2,2
858,434,2,2
858,435,2,2
858,436,2,2
858,437,2,2
858,438,2,2
858,439,2,2
858,440,2,2
858,441,2,2
858,442,2,2
858,443,2,2
858,444,2,2
858,445,2,2
858,446,2,2
858,447,2,2
858,448,2,2
858,449,2,2
858,450,2,2
858,451,2,2
858,452,2,2
858,453,2,2
858,454,2,2
858,455,2,2
858,456,2,2
858,457,2,2
858,458,2,2
858,459,2,2
858,460,2,2
858,461,2,2
858,462,2,2
858,463,2,2
858,464,2,2
858,465,2,2
858,466,2,2
858,467,2,2
858,468,2,2
858,469,2,2
858,470,2,2
858,471,2,2
858,472,2,2
858,473,2,2
858,474,2,2
858,475,2,2
858,476,2,2
858,477,2,2
858,478,2,2
858,479,2,2
858,480,2,2
858,481,2,2
858,482,2,2
858,483,2,2
858,484,2,2
858,485,2,2
858,486,2,2
858,487,2,2
858,488,2,2
858,489,2,2
858,490,2,2
858,491,2,2
858,492,2,2
858,493,2,2
858,494,2,2
858,495,2,2
858,496,2,2
858,497,2,2
858,498,2,2
858,499,2,2
858,500,2,2
858,501,2,2
858,502,2,2
858,503,2,2
858,504,2,2
858,505,2,2
858,506,2,2
858,507,2,2
858,508,2,2
858,509,2,2
858,510,2,2
858,511,2,2
858,512,2,2
858,513,2,2
858,514,2,2
858,515,2,2
858,516,2,2
858,517,2,2
858,518,2,2
858,519,2,2
858,520,2,2
858,521,2,2
858,522,2,2
858,523,2,2
858,524,2,2
858,525,2,2
858,526,2,2
858,527,2,2
858,528,2,2
858,529,2,2
858,530,2,2
858,531,2,2
858,532,2,2
858,533,2,2
858,534,2,2
858,535,2,2
858,536,2,2
858,537,2,2
858,538,2,2
858,539,2,3
858,540,2,3
858,541,2,3
859,70,2,2
859,71,2,2
859,72,2,2
859,73,2,2
859,74,2,2
859,75,2,2
859,76,2,2
859,77,2,2
859,78,2,2
859,79,2,2
859,80,2,2
859,81,2,2
859,82,2,2
859,83,2,2
859,84,2,2
859,85,2,3
859,86,2,3
859,87,2,3
859,88,2,3
859,89,2,3
859,90,2,3
859,91,2,3
859,92,2,3
859,93,2,3
859,94,2,3
859,95,2,3
859,96,2,3
859,97,2,3
859,98,2,3
859,99,2,3
859,100,2,3
859,101,2,3
859,102,2,3
859,103,2,3
859,104,2,3
859,105,2,3
859,106,2,3
859,107,2,3
859,108,2,3
859,109,2,3
859,110,2,2
859,111,2,2
859,112,2,2
859,113,2,2
859,114,2,2
859,115,2,2
859,116,2,2
859,117,2,2
859,118,2,2
859,119,2,2
859,120,2,2
859,121,2,2
859,122,2,2
859,123,2,2
859,124,2,2
859,125,2,2
859,126,2,2
859,127,2,2
859,128,2,2
859,129,2,2
859,130,2,2
859,131,2,2
859,132,2,2
859,133,2,2
859,134,2,2
859,135,2,2
859,136,2,2
859,137,2,2
859,138,2,2
859,139,2,2
859,140,2,2
859,141,2,2
859,142,2,2
859,143,2,2
859,144,2,2
859,145,2,2
859,146,2,2
859,147,2,2
859,148,2,2
859,149,2,2
859,150,2,2
859,151,2,2
859,152,2,2
859,153,2,2
859,154,2,2
859,155,2,2
859,156,2,2
859,157,2,2
859,158,2,2
859,159,2,2
859,160,2,2
859,161,2,2
859,162,2,2
859,163,2,2
859,164,2,2
859,165,2,2
859,166,2,2
859,167,2,2
859,168,2,2
859,169,2,2
859,170,2,2
859,171,2,2
859,172,2,2
859,173,2,2
859,174,2,2
859,175,2,2
859,176,2,2
859,177,2,2
859,178,2,2
859,179,2,2
859,180,2,2
859,181,2,2
859,182,2,2
859,183,2,2
859,184,2,2
859,185,2,2
859,186,2,2
859,187,2,2
859,188,2,2
859,189,2,2
859,190,2,2
859,191,2,2
859,192,2,2
859,193,2,2
859,194,2,2
859,195,2,2
859,196,2,2
859,197,2,2
859,198,2,2
859,199,2,2
859,200,2,2
859,201,2,2
859,202,2,2
859,203,2,2
859,204,2,2
859,205,2,2
859,206,2,2
859,207,2,2
859,208,2,2
859,209,2,2
859,210,2,2
859,211,2,2
859,212,2,2
859,213,2,2
859,214,2,2
859,215,2,2
859,216,2,2
859,217,2,2
859,218,2,2
859,219,2,2
859,220,2,2
859,221,2,2
859,222,2,2
859,223,2,2
859,224,2,2
859,225,2,2
859,226,2,2
859,227,2,2
859,228,2,2
859,229,2,2
859,230,2,2
859,231,2,2
859,232,2,2
859,233,2,2
859,234,2,2
859,235,2,2
859,236,2,2
859,237,2,2
859,238,2,2
859,239,2,2
859,240,2,2
859,241,2,2
859,242,2,2
859,243,2,2
859,244,2,2
859,245,2,2
859,246,2,2
859,247,2,2
859,248,2,2
859,249,2,2
859,250,2,2
859,251,2,2
859,252,2,2
859,253,2,2
859,254,2,2
859,255,2,2
859,256,2,2
859,257,2,2
859,258,2,2
859,259,2,2
859,260,2,2
859,261,2,2
859,262,2,2
859,263,2,2
859,264,2,2
859,265,2,2
859,266,2,2
859,267,2,2
859,268,2,2
859,269,2,2
859,270,2,2
859,271,2,2
859,272,2,2
859,273,2,2
859,274,2,2
859,275,2,2
859,276,2,2
859,277,2,2
859,278,2,2
859,279,2,2
859,280,2,2
859,281,2,2
859,282,2,2
859,283,2,3
859,284,2,3
859,285,2,3
859,286,2,3
859,287,2,3
859,288,2,3
859,289,2,3
859,290,2,3
859,291,2,3
859,292,2,3
859,293,2,3
859,294,2,3
859,295,2,3
859,296,2,3
859,297,2,3
859,298,2,3
859,299,2,3
859,300,2,3
859,301,2,3
859,302,2,3
859,303,2,3
859,304,2,3
859,305,2,3
859,306,2,3
859,307,2,3
859,308,2,3
859,309,2,3
859,310,2,3
859,311,2,3
859,312,2,3
859,313,2,3
859,314,2,3
859,315,2,3
859,316,2,3
859,317,2,3
859,318,2,3
859,319,2,3
859,320,2,3
859,321,2,3
859,322,2,3
859,323,2,3
859,324,2,3
859,325,2,3
859,326,2,3
859,327,2,3
859,328,2,3
859,329,2,3
859,330,2,3
859,331,2,3
859,332,2,3
859,333,2,3
859,334,2,2
859,335,2,2
859,336,2,2
859,337,2,2
859,338,2,2
859,339,2,2
859,340,2,2
859,341,2,2
859,342,2,2
859,343,2,2
859,344,2,2
859,345,2,2
859,346,2,2
859,347,2,2
859,348,2,2
859,349,2,2
859,350,2,2
859,351,2,2
859,352,2,2
859,353,2,2
859,354,2,2
859,355,2,2
859,356,2,2
859,357,2,2
859,358,2,2
859,359,2,2
859,360,2,2
859,361,2,2
859,362,2,2
859,363,2,2
859,364,2,2
859,365,2,2
859,366,2,2
859,367,2,2
859,368,2,2
859,369,2,2
859,370,2,2
859,371,2,2
859,372,2,2
859,373,2,2
859,374,2,2
859,375,2,2
859,376,2,2
859,377,2,2
859,378,2,2
859,379,2,2
859,380,2,2
859,381,2,2
859,382,2,2
859,383,2,2
859,384,2,2
859,385,2,2
859,386,2,2
859,387,2,2
859,388,2,2
859,389,2,2
859,390,2,2
859,391,2,2
859,392,2,2
859,393,2,2
859,394,2,2
859,395,2,2
859,396,2,2
859,397,2,2
859,398,2,2
859,399,2,2
859,400,2,2
859,401,2,2
859,402,2,2
859,403,2,2
859,404,2,2
859,405,2,2
859,406,2,2
859,407,2,2
859,408,2,2
859,409,2,2
859,410,2,2
859,411,2,2
859,412,2,2
859,413,2,2
859,414,2,2
859,415,2,2
859,416,2,2
859,417,2,2
859,418,2,2
859,419,2,2
859,420,2,2
859,421,2,2
859,422,2,2
859,423,2,2
859,424,2,2
859,425,2,2
859,426,2,2
859,427,2,2
859,428,2,2
859,429,2,2
859,430,2,2
859,431,2,2
859,432,2,2
859,433,2,2
859,434,2,2
859,435,2,2
859,436,2,2
859,437,2,2
859,438,2,2
859,439,2,2
859,440,2,2
859,441,2,2
859,442,2,2
859,443,2,2
859,444,2,2
859,445,2,2
859,446,2,2
859,447,2,2
859,448,2,2
859,449,2,2
859,450,2,2
859,451,2,2
859,452,2,2
859,453,2,2
859,454,2,2
859,455,2,2
859,456,2,2
859,457,2,2
859,458,2,2
859,459,2,2
859,460,2,2
859,461,2,2
859,462,2,2
859,463,2,2
859,464,2,2
859,465,2,2
859,466,2,2
859,467,2,2
859,468,2,2
859,469,2,2
859,470,2,2
859,471,2,2
859,472,2,2
859,473,2,2
859,474,2,2
859,475,2,2
859,476,2,2
859,477,2,2
859,478,2,2
859,479,2,2
859,480,2,2
859,481,2,2
859,482,2,2
859,483,2,2
859,484,2,2
859,485,2,2
859,486,2,2
859,487,2,2
859,488,2,2
859,489,2,2
859,490,2,2
859,491,2,2
859,492,2,2
859,493,2,2
859,494,2,2
859,495,2,2
859,496,2,2
859,497,2,2
859,498,2,2
859,499,2,2
859,500,2,2
859,501,2,2
859,502,2,2
859,503,2,2
859,504,2,2
859,505,2,2
859,506,2,2
859,507,2,2
859,508,2,2
859,509,2,2
859,510,2,2
859,511,2,2
859,512,2,2
859,513,2,2
859,514,2,2
859,515,2,2
859,516,2,2
859,517,2,2
859,518,2,2
859,519,2,2
859,520,2,2
859,521,2,2
859,522,2,2
859,523,2,2
859,524,2,2
859,525,2,2
859,526,2,2
859,527,2,2
859,528,2,2
859,529,2,2
859,530,2,2
859,531,2,2
859,532,2,2
859,533,2,2
859,534,2,2
859,535,2,2
859,536,2,2
859,537,2,2
859,538,2,2
859,539,2,2
859,540,2,2
859,541,2,2
859,542,2,3
860,71,2,2
860,72,2,2
860,73,2,2
860,74,2,2
860,75,2,2
860,76,2,2
860,77,2,2
860,78,2,2
860,79,2,2
860,80,2,2
860,81,2,2
860,82,2,2
860,83,2,2
860,84,2,2
860,85,2,3
860,86,2,3
860,87,2,3
860,88,2,3
860,89,2,3
860,90,2,3
860,91,2,3
860,92,2,3
860,93,2,3
860,94,2,3
860,95,2,3
860,96,2,3
860,97,2,3
860,98,2,3
860,99,2,3
860,100,2,3
860,101,2,3
860,102,2,3
860,103,2,3
860,104,2,3
860,105,2,3
860,106,2,3
860,107,2,3
860,108,2,3
860,109,2,3
860,110,2,3
860,111,2,2
860,112,2,2
860,113,2,2
860,114,2,2
860,115,2,2
860,116,2,2
860,117,2,2
860,118,2,2
860,119,2,2
860,120,2,2
860,121,2,2
860,122,2,2
860,123,2,2
860,124,2,2
860,125,2,2
860,126,2,2
860,127,2,2
860,128,2,2
860,129,2,2
860,130,2,2
860,131,2,2
860,132,2,2
860,133,2,2
860,134,2,2
860,135,2,2
860,136,2,2
860,137,2,2
860,138,2,2
860,139,2,2
860,140,2,2
860,141,2,2
860,142,2,2
860,143,2,2
860,144,2,2
860,145,2,2
860,146,2,2
860,147,2,2
860,148,2,2
860,149,2,2
860,150,2,2
860,151,2,2
860,152,2,2
860,153,2,2
860,154,2,2
860,155,2,2
860,156,2,2
860,157,2,2
860,158,2,2
860,159,2,2
860,160,2,2
860,161,2,2
860,162,2,2
860,163,2,2
860,164,2,2
860,165,2,2
860,166,2,2
860,167,2,2
860,168,2,2
860,169,2,2
860,170,2,2
860,171,2,2
860,172,2,2
860,173,2,2
860,174,2,2
860,175,2,2
860,176,2,2
860,177,2,2
860,178,2,2
860,179,2,2
860,180,2,2
860,181,2,2
860,182,2,2
860,183,2,2
860,184,2,2
860,185,2,2
860,186,2,2
860,187,2,2
860,188,2,2
860,189,2,2
860,190,2,2
860,191,2,2
860,192,2,2
860,193,2,2
860,194,2,2
860,195,2,2
860,196,2,2
860,197,2,2
860,198,2,2
860,199,2,2
860,200,2,2
860,201,2,2
860,202,2,2
860,203,2,2
860,204,2,2
860,205,2,2
860,206,2,2
860,207,2,2
860,208,2,2
860,209,2,2
860,210,2,2
860,211,2,2
860,212,2,2
860,213,2,2
860,214,2,2
860,215,2,2
860,216,2,2
860,217,2,2
860,218,2,2
860,219,2,2
860,220,2,2
860,221,2,2
860,222,2,2
860,223,2,2
860,224,2,2
860,225,2,2
860,226,2,2
860,227,2,2
860,228,2,2
860,229,2,2
860,230,2,2
860,231,2,2
860,232,2,2
860,233,2,2
860,234,2,2
860,235,2,2
860,236,2,2
860,237,2,2
860,238,2,2
860,239,2,2
860,240,2,2
860,241,2,2
860,242,2,2
860,243,2,2
860,244,2,2
860,245,2,2
860,246,2,2
860,247,2,2
860,248,2,2
860,249,2,2
860,250,2,2
860,251,2,2
860,252,2,2
860,253,2,2
860,254,2,2
860,255,2,2
860,256,2,2
860,257,2,2
860,258,2,2
860,259,2,2
860,260,2,2
860,261,2,2
860,262,2,2
860,263,2,2
860,264,2,2
860,265,2,2
860,266,2,2
860,267,2,2
860,268,2,2
860,269,2,2
860,270,2,2
860,271,2,2
860,272,2,2
860,273,2,2
860,274,2,2
860,275,2,2
860,276,2,2
860,277,2,2
860,278,2,2
860,279,2,2
860,280,2,2
860,281,2,2
860,282,2,2
860,283,2,2
860,284,2,3
860,285,2,3
860,286,2,3
860,287,2,3
860,288,2,3
860,289,2,3
860,290,2,3
860,291,2,3
860,292,2,3
860,293,2,3
860,294,2,3
860,295,2,3
860,296,2,3
860,297,2,3
860,298,2,3
860,299,2,3
860,300,2,3
860,301,2,3
860,302,2,3
860,303,2,3
860,304,2,3
860,305,2,3
860,306,2,3
860,307,2,3
860,308,2,3
860,309,2,3
860,310,2,3
860,311,2,3
860,312,2,3
860,313,2,3
860,314,2,3
860,315,2,3
860,316,2,3
860,317,2,3
860,318,2,3
860,319,2,3
860,320,2,3
860,321,2,3
860,322,2,3
860,323,2,3
860,324,2,3
860,325,2,3
860,326,2,3
860,327,2,3
860,328,2,3
860,329,2,3
860,330,2,3
860,331,2,3
860,332,2,3
860,333,2,2
860,334,2,2
860,335,2,2
860,336,2,2
860,337,2,2
860,338,2,2
860,339,2,2
860,340,2,2
860,341,2,2
860,342,2,2
860,343,2,2
860,344,2,2
860,345,2,2
860,346,2,2
860,347,2,2
860,348,2,2
860,349,2,2
860,350,2,2
860,351,2,2
860,352,2,2
860,353,2,2
860,354,2,2
860,355,2,2
860,356,2,2
860,357,2,2
860,358,2,2
860,359,2,2
860,360,2,2
860,361,2,2
860,362,2,2
860,363,2,2
860,364,2,2
860,365,2,2
860,366,2,2
860,367,2,2
860,368,2,2
860,369,2,2
860,370,2,2
860,371,2,2
860,372,2,2
860,373,2,2
860,374,2,2
860,375,2,2
860,376,2,2
860,377,2,2
860,378,2,2
860,379,2,2
860,380,2,2
860,381,2,2
860,382,2,2
860,383,2,2
860,384,2,2
860,385,2,2
860,386,2,2
860,387,2,2
860,388,2,2
860,389,2,2
860,390,2,2
860,391,2,2
860,392,2,2
860,393,2,2
860,394,2,2
860,395,2,2
860,396,2,2
860,397,2,2
860,398,2,2
860,399,2,2
860,400,2,2
860,401,2,2
860,402,2,2
860,403,2,2
860,404,2,2
860,405,2,2
860,406,2,2
860,407,2,2
860,408,2,2
860,409,2,2
860,410,2,2
860,411,2,2
860,412,2,2
860,413,2,2
860,414,2,2
860,415,2,2
860,416,2,2
860,417,2,2
860,418,2,2
860,419,2,2
860,420,2,2
860,421,2,2
860,422,2,2
860,423,2,2
860,424,2,2
860,425,2,2
860,426,2,2
860,427,2,2
860,428,2,2
860,429,2,2
860,430,2,2
860,431,2,2
860,432,2,2
860,433,2,2
860,434,2,2
860,435,2,2
860,436,2,2
860,437,2,2
860,438,2,2
860,439,2,2
860,440,2,2
860,441,2,2
860,442,2,2
860,443,2,2
860,444,2,2
860,445,2,2
860,446,2,2
860,447,2,2
860,448,2,2
860,449,2,2
860,450,2,2
860,451,2,2
860,452,2,2
860,453,2,2
860,454,2,2
860,455,2,2
860,456,2,2
860,457,2,2
860,458,2,2
860,459,2,2
860,460,2,2
860,461,2,2
860,462,2,2
860,463,2,2
860,464,2,2
860,465,2,2
860,466,2,2
860,467,2,2
860,468,2,2
860,469,2,2
860,470,2,2
860,471,2,2
860,472,2,2
860,473,2,2
860,474,2,2
860,475,2,2
860,476,2,2
860,477,2,2
860,478,2,2
860,479,2,2
860,480,2,2
860,481,2,2
860,482,2,2
860,483,2,2
860,484,2,2
860,485,2,2
860,486,2,2
860,487,2,2
860,488,2,2
860,489,2,2
860,490,2,2
860,491,2,2
860,492,2,2
860,493,2,2
860,494,2,2
860,495,2,2
860,496,2,2
860,497,2,2
860,498,2,2
860,499,2,2
860,500,2,2
860,501,2,2
860,502,2,2
860,503,2,2
860,504,2,2
860,505,2,2
860,506,2,2
860,507,2,2
860,508,2,2
860,509,2,2
860,510,2,2
860,511,2,2
860,512,2,2
860,513,2,2
860,514,2,2
860,515,2,2
860,516,2,2
860,517,2,2
860,518,2,2
860,519,2,2
860,520,2,2
860,521,2,2
860,522,2,2
860,523,2,2
860,524,2,2
860,525,2,2
860,526,2,2
860,527,2,2
860,528,2,2
860,529,2,2
860,530,2,2
860,531,2,2
860,532,2,2
860,533,2,2
860,534,2,2
860,535,2,2
860,536,2,2
860,537,2,2
860,538,2,2
860,539,2,2
860,540,2,2
860,541,2,2
860,542,2,2
860,543,2,3
860,544,2,3
861,72,2,2
861,73,2,2
861,74,2,2
861,75,2,2
861,76,2,2
861,77,2,2
861,78,2,2
861,79,2,2
861,80,2,2
861,81,2,2
861,82,2,2
861,83,2,2
861,84,2,2
861,85,2,3
861,86,2,3
861,87,2,3
861,88,2,3
861,89,2,3
861,90,2,3
861,91,2,3
861,92,2,3
861,93,2,3
861,94,2,3
861,95,2,3
861,96,2,3
861,97,2,3
861,98,2,3
861,99,2,3
861,100,2,3
861,101,2,3
861,102,2,3
861,103,2,3
861,104,2,3
861,105,2,3
861,106,2,3
861,107,2,3
861,108,2,3
861,109,2,3
861,110,2,3
861,111,2,2
861,112,2,2
861,113,2,2
861,114,2,2
861,115,2,2
861,116,2,2
861,117,2,2
861,118,2,2
861,119,2,2
861,120,2,2
861,121,2,2
861,122,2,2
861,123,2,2
861,124,2,2
861,125,2,2
861,126,2,2
861,127,2,2
861,128,2,2
861,129,2,2
861,130,2,2
861,131,2,2
861,132,2,2
861,133,2,2
861,134,2,2
861,135,2,2
861,136,2,2
861,137,2,2
861,138,2,2
861,139,2,2
861,140,2,2
861,141,2,2
861,142,2,2
861,143,2,2
861,144,2,2
861,145,2,2
861,146,2,2
861,147,2,2
861,148,2,2
861,149,2,2
861,150,2,2
861,151,2,2
861,152,2,2
861,153,2,2
861,154,2,2
861,155,2,2
861,156,2,2
861,157,2,2
861,158,2,2
861,159,2,2
861,160,2,2
861,161,2,2
861,162,2,2
861,163,2,2
861,164,2,2
861,165,2,2
861,166,2,2
861,167,2,2
861,168,2,2
861,169,2,2
861,170,2,2
861,171,2,2
861,172,2,2
861,173,2,2
861,174,2,2
861,175,2,2
861,176,2,2
861,177,2,2
861,178,2,2
861,179,2,2
861,180,2,2
861,181,2,2
861,182,2,2
861,183,2,2
861,184,2,2
861,185,2,2
861,186,2,2
861,187,2,2
861,188,2,2
861,189,2,2
861,190,2,2
861,191,2,2
861,192,2,2
861,193,2,2
861,194,2,2
861,195,2,2
861,196,2,2
861,197,2,2
861,198,2,2
861,199,2,2
861,200,2,2
861,201,2,2
861,202,2,2
861,203,2,2
861,204,2,2
861,205,2,2
861,206,2,2
861,207,2,2
861,208,2,2
861,209,2,2
861,210,2,2
861,211,2,2
861,212,2,2
861,213,2,2
861,214,2,2
861,215,2,2
861,216,2,2
861,217,2,2
861,218,2,2
861,219,2,2
861,220,2,2
861,221,2,2
861,222,2,2
861,223,2,2
861,224,2,2
861,225,2,2
861,226,2,2
861,227,2,2
861,228,2,2
861,229,2,2
861,230,2,2
861,231,2,2
861,232,2,2
861,233,2,2
861,234,2,2
861,235,2,2
861,236,2,2
861,237,2,2
861,238,2,2
861,239,2,2
861,240,2,2
861,241,2,2
861,242,2,2
861,243,2,2
861,244,2,2
861,245,2,2
861,246,2,2
861,247,2,2
861,248,2,2
861,249,2,2
861,250,2,2
861,251,2,2
861,252,2,2
861,253,2,2
861,254,2,2
861,255,2,2
861,256,2,2
861,257,2,2
861,258,2,2
861,259,2,2
861,260,2,2
861,261,2,2
861,262,2,2
861,263,2,2
861,264,2,2
861,265,2,2
861,266,2,2
861,267,2,2
861,268,2,2
861,269,2,2
861,270,2,2
861,271,2,2
861,272,2,2
861,273,2,2
861,274,2,2
861,275,2,2
861,276,2,2
861,277,2,2
861,278,2,2
861,279,2,2
861,280,2,2
861,281,2,2
861,282,2,2
861,283,2,2
861,284,2,2
861,285,2,2
861,286,2,3
861,287,2,3
861,288,2,3
861,289,2,3
861,290,2,3
861,291,2,3
861,292,2,3
861,293,2,3
861,294,2,3
861,295,2,3
861,296,2,3
861,297,2,3
861,298,2,3
861,299,2,3
861,300,2,3
861,301,2,3
861,302,2,3
861,303,2,3
861,304,2,3
861,305,2,3
861,306,2,3
861,307,2,3
861,308,2,3
861,309,2,3
861,310,2,3
861,311,2,3
861,312,2,3
861,313,2,3
861,314,2,3
861,315,2,3
861,316,2,3
861,317,2,3
861,318,2,3
861,319,2,3
861,320,2,3
861,321,2,3
861,322,2,3
861,323,2,3
861,324,2,3
861,325,2,3
861,326,2,3
861,327,2,3
861,328,2,3
861,329,2,2
861,330,2,2
861,331,2,2
861,332,2,2
861,333,2,2
861,334,2,2
861,335,2,2
861,336,2,2
861,337,2,2
861,338,2,2
861,339,2,2
861,340,2,2
861,341,2,2
861,342,2,2
861,343,2,2
861,344,2,2
861,345,2,2
861,346,2,2
861,347,2,2
861,348,2,2
861,349,2,2
861,350,2,2
861,351,2,2
861,352,2,2
861,353,2,2
861,354,2,2
861,355,2,2
861,356,2,2
861,357,2,2
861,358,2,2
861,359,2,2
861,360,2,2
861,361,2,2
861,362,2,2
861,363,2,2
861,364,2,2
861,365,2,2
861,366,2,2
861,367,2,2
861,368,2,2
861,369,2,2
861,370,2,2
861,371,2,2
861,372,2,2
861,373,2,2
861,374,2,2
861,375,2,2
861,376,2,2
861,377,2,2
861,378,2,2
861,379,2,2
861,380,2,2
861,381,2,2
861,382,2,2
861,383,2,2
861,384,2,2
861,385,2,2
861,386,2,2
861,387,2,2
861,388,2,2
861,389,2,2
861,390,2,2
861,391,2,2
861,392,2,2
861,393,2,2
861,394,2,2
861,395,2,2
861,396,2,2
861,397,2,2
861,398,2,2
861,399,2,2
861,400,2,2
861,401,2,2
861,402,2,2
861,403,2,2
861,404,2,2
861,405,2,2
861,406,2,2
861,407,2,2
861,408,2,2
861,409,2,2
861,410,2,2
861,411,2,2
861,412,2,2
861,413,2,2
861,414,2,2
861,415,2,2
861,416,2,2
861,417,2,2
861,418,2,2
861,419,2,2
861,420,2,2
861,421,2,2
861,422,2,2
861,423,2,2
861,424,2,2
861,425,2,2
861,426,2,2
861,427,2,2
861,428,2,2
861,429,2,2
861,430,2,2
861,431,2,2
861,432,2,2
861,433,2,2
861,434,2,2
861,435,2,2
861,436,2,2
861,437,2,2
861,438,2,2
861,439,2,2
861,440,2,2
861,441,2,2
861,442,2,2
861,443,2,2
861,444,2,2
861,445,2,2
861,446,2,2
861,447,2,2
861,448,2,2
861,449,2,2
861,450,2,2
861,451,2,2
861,452,2,2
861,453,2,2
861,454,2,2
861,455,2,2
861,456,2,2
861,457,2,2
861,458,2,2
861,459,2,2
861,460,2,2
861,461,2,2
861,462,2,2
861,463,2,2
861,464,2,2
861,465,2,2
861,466,2,2
861,467,2,2
861,468,2,2
861,469,2,2
861,470,2,2
861,471,2,2
861,472,2,2
861,473,2,2
861,474,2,2
861,475,2,2
861,476,2,2
861,477,2,2
861,478,2,2
861,479,2,2
861,480,2,2
861,481,2,2
861,482,2,2
861,483,2,2
861,484,2,2
861,485,2,2
861,486,2,2
861,487,2,2
861,488,2,2
861,489,2,2
861,490,2,2
861,491,2,2
861,492,2,2
861,493,2,2
861,494,2,2
861,495,2,2
861,496,2,2
861,497,2,2
861,498,2,2
861,499,2,2
861,500,2,2
861,501,2,2
861,502,2,2
861,503,2,2
861,504,2,2
861,505,2,2
861,506,2,2
861,507,2,2
861,508,2,2
861,509,2,2
861,510,2,2
861,511,2,2
861,512,2,2
861,513,2,2
861,514,2,2
861,515,2,2
861,516,2,2
861,517,2,2
861,518,2,2
861,519,2,2
861,520,2,2
861,521,2,2
861,522,2,2
861,523,2,2
861,524,2,2
861,525,2,2
861,526,2,2
861,527,2,2
861,528,2,2
861,529,2,2
861,530,2,2
861,531,2,2
861,532,2,2
861,533,2,2
861,534,2,2
861,535,2,2
861,536,2,2
861,537,2,2
861,538,2,2
861,539,2,2
861,540,2,2
861,541,2,2
861,542,2,2
861,543,2,2
861,544,2,2
861,545,2,3
861,546,2,3
862,73,2,2
862,74,2,2
862,75,2,2
862,76,2,2
862,77,2,2
862,78,2,2
862,79,2,2
862,80,2,2
862,81,2,2
862,82,2,2
862,83,2,2
862,84,2,2
862,85,2,3
862,86,2,3
862,87,2,3
862,88,2,3
862,89,2,3
862,90,2,3
862,91,2,3
862,92,2,3
862,93,2,3
862,94,2,3
862,95,2,3
862,96,2,3
862,97,2,3
862,98,2,3
862,99,2,3
862,100,2,3
862,101,2,3
862,102,2,3
862,103,2,3
862,104,2,3
862,105,2,3
862,106,2,3
862,107,2,3
862,108,2,3
862,109,2,3
862,110,2,3
862,111,2,2
862,112,2,2
862,113,2,2
862,114,2,2
862,115,2,2
862,116,2,2
862,117,2,2
862,118,2,2
862,119,2,2
862,120,2,2
862,121,2,2
862,122,2,2
862,123,2,2
862,124,2,2
862,125,2,2
862,126,2,2
862,127,2,2
862,128,2,2
862,129,2,2
862,130,2,2
862,131,2,2
862,132,2,2
862,133,2,2
862,134,2,2
862,135,2,2
862,136,2,2
862,137,2,2
862,138,2,2
862,139,2,2
862,140,2,2
862,141,2,2
862,142,2,2
862,143,2,2
862,144,2,2
862,145,2,2
862,146,2,2
862,147,2,2
862,148,2,2
862,149,2,2
862,150,2,2
862,151,2,2
862,152,2,2
862,153,2,2
862,154,2,2
862,155,2,2
862,156,2,2
862,157,2,2
862,158,2,2
862,159,2,2
862,160,2,2
862,161,2,2
862,162,2,2
862,163,2,2
862,164,2,2
862,165,2,2
862,166,2,2
862,167,2,2
862,168,2,2
862,169,2,2
862,170,2,2
862,171,2,2
862,172,2,2
862,173,2,2
862,174,2,2
862,175,2,2
862,176,2,2
862,177,2,2
862,178,2,2
862,179,2,2
862,180,2,2
862,181,2,2
862,182,2,2
862,183,2,2
862,184,2,2
862,185,2,2
862,186,2,2
862,187,2,2
862,188,2,2
862,189,2,2
862,190,2,2
862,191,2,2
862,192,2,2
862,193,2,2
862,194,2,2
862,195,2,2
862,196,2,2
862,197,2,2
862,198,2,2
862,199,2,2
862,200,2,2
862,201,2,2
862,202,2,2
862,203,2,2
862,204,2,2
862,205,2,2
862,206,2,2
862,207,2,2
862,208,2,2
862,209,2,2
862,210,2,2
862,211,2,2
862,212,2,2
862,213,2,2
862,214,2,2
862,215,2,2
862,216,2,2
862,217,2,2
862,218,2,2
862,219,2,2
862,220,2,2
862,221,2,2
862,222,2,2
862,223,2,2
862,224,2,2
862,225,2,2
862,226,2,2
862,227,2,2
862,228,2,2
862,229,2,2
862,230,2,2
862,231,2,2
862,232,2,2
862,233,2,2
862,234,2,2
862,235,2,2
862,236,2,2
862,237,2,2
862,238,2,2
862,239,2,2
862,240,2,2
862,241,2,2
862,242,2,2
862,243,2,2
862,244,2,2
862,245,2,2
862,246,2,2
862,247,2,2
862,248,2,2
862,249,2,2
862,250,2,2
862,251,2,2
862,252,2,2
862,253,2,2
862,254,2,2
862,255,2,2
862,256,2,2
862,257,2,2
862,258,2,2
862,259,2,2
862,260,2,2
862,261,2,2
862,262,2,2
862,263,2,2
862,264,2,2
862,265,2,2
862,266,2,2
862,267,2,2
862,268,2,2
862,269,2,2
862,270,2,2
862,271,2,2
862,272,2,2
862,273,2,2
862,274,2,2
862,275,2,2
862,276,2,2
862,277,2,2
862,278,2,2
862,279,2,2
862,280,2,2
862,281,2,2
862,282,2,2
862,283,2,2
862,284,2,2
862,285,2,2
862,286,2,3
862,287,2,3
862,288,2,3
862,289,2,3
862,290,2,3
862,291,2,3
862,292,2,3
862,293,2,3
862,294,2,3
862,295,2,3
862,296,2,3
862,297,2,3
862,298,2,3
862,299,2,3
862,300,2,3
862,301,2,3
862,302,2,3
862,303,2,3
862,304,2,3
862,305,2,3
862,306,2,3
862,307,2,3
862,308,2,3
862,309,2,3
862,310,2,3
862,311,2,3
862,312,2,3
862,313,2,3
862,314,2,3
862,315,2,3
862,316,2,3
862,317,2,3
862,318,2,3
862,319,2,3
862,320,2,3
862,321,2,3
862,322,2,3
862,323,2,3
862,324,2,3
862,325,2,3
862,326,2,2
862,327,2,2
862,328,2,2
862,329,2,2
862,330,2,2
862,331,2,2
862,332,2,2
862,333,2,2
862,334,2,2
862,335,2,2
862,336,2,2
862,337,2,2
862,338,2,2
862,339,2,2
862,340,2,2
862,341,2,2
862,342,2,2
862,343,2,2
862,344,2,2
862,345,2,2
862,346,2,2
862,347,2,2
862,348,2,2
862,349,2,2
862,350,2,2
862,351,2,2
862,352,2,2
862,353,2,2
862,354,2,2
862,355,2,2
862,356,2,2
862,357,2,2
862,358,2,2
862,359,2,2
862,360,2,2
862,361,2,2
862,362,2,2
862,363,2,2
862,364,2,2
862,365,2,2
862,366,2,2
862,367,2,2
862,368,2,2
862,369,2,2
862,370,2,2
862,371,2,2
862,372,2,2
862,373,2,2
862,374,2,2
862,375,2,2
862,376,2,2
862,377,2,2
862,378,2,2
862,379,2,2
862,380,2,2
862,381,2,2
862,382,2,2
862,383,2,2
862,384,2,2
862,385,2,2
862,386,2,2
862,387,2,2
862,388,2,2
862,389,2,2
862,390,2,2
862,391,2,2
862,392,2,2
862,393,2,2
862,394,2,2
862,395,2,2
862,396,2,2
862,397,2,2
862,398,2,2
862,399,2,2
862,400,2,2
862,401,2,2
862,402,2,2
862,403,2,2
862,404,2,2
862,405,2,2
862,406,2,2
862,407,2,2
862,408,2,2
862,409,2,2
862,410,2,2
862,411,2,2
862,412,2,2
862,413,2,2
862,414,2,2
862,415,2,2
862,416,2,2
862,417,2,2
862,418,2,2
862,419,2,2
862,420,2,2
862,421,2,2
862,422,2,2
862,423,2,2
862,424,2,2
862,425,2,2
862,426,2,2
862,427,2,2
862,428,2,2
862,429,2,2
862,430,2,2
862,431,2,2
862,432,2,2
862,433,2,2
862,434,2,2
862,435,2,2
862,436,2,2
862,437,2,2
862,438,2,2
862,439,2,2
862,440,2,2
862,441,2,2
862,442,2,2
862,443,2,2
862,444,2,2
862,445,2,2
862,446,2,2
862,447,2,2
862,448,2,2
862,449,2,2
862,450,2,2
862,451,2,2
862,452,2,2
862,453,2,2
862,454,2,2
862,455,2,2
862,456,2,2
862,457,2,2
862,458,2,2
862,459,2,2
862,460,2,2
862,461,2,2
862,462,2,2
862,463,2,2
862,464,2,2
862,465,2,2
862,466,2,2
862,467,2,2
862,468,2,2
862,469,2,2
862,470,2,2
862,471,2,2
862,472,2,2
862,473,2,2
862,474,2,2
862,475,2,2
862,476,2,2
862,477,2,2
862,478,2,2
862,479,2,2
862,480,2,2
862,481,2,2
862,482,2,2
862,483,2,2
862,484,2,2
862,485,2,2
862,486,2,2
862,487,2,2
862,488,2,2
862,489,2,2
862,490,2,2
862,491,2,2
862,492,2,2
862,493,2,2
862,494,2,2
862,495,2,2
862,496,2,2
862,497,2,2
862,498,2,2
862,499,2,2
862,500,2,2
862,501,2,2
862,502,2,2
862,503,2,2
862,504,2,2
862,505,2,2
862,506,2,2
862,507,2,2
862,508,2,2
862,509,2,2
862,510,2,2
862,511,2,2
862,512,2,2
862,513,2,2
862,514,2,2
862,515,2,2
862,516,2,2
862,517,2,2
862,518,2,2
862,519,2,2
862,520,2,2
862,521,2,2
862,522,2,2
862,523,2,2
862,524,2,2
862,525,2,2
862,526,2,2
862,527,2,2
862,528,2,2
862,529,2,2
862,530,2,2
862,531,2,2
862,532,2,2
862,533,2,2
862,534,2,2
862,535,2,2
862,536,2,2
862,537,2,2
862,538,2,2
862,539,2,2
862,540,2,2
862,541,2,2
862,542,2,2
862,543,2,2
862,544,2,2
862,545,2,3
862,546,2,3
863,75,2,2
863,76,2,2
863,77,2,2
863,78,2,2
863,79,2,2
863,80,2,2
863,81,2,2
863,82,2,2
863,83,2,2
863,84,2,2
863,85,2,3
863,86,2,3
863,87,2,3
863,88,2,3
863,89,2,3
863,90,2,3
863,91,2,3
863,92,2,3
863,93,2,3
863,94,2,3
863,95,2,3
863,96,2,3
863,97,2,3
863,98,2,3
863,99,2,3
863,100,2,3
863,101,2,3
863,102,2,3
863,103,2,3
863,104,2,3
863,105,2,3
863,106,2,3
863,107,2,3
863,108,2,3
863,109,2,3
863,110,2,3
863,111,2,2
863,112,2,2
863,113,2,2
863,114,2,2
863,115,2,2
863,116,2,2
863,117,2,2
863,118,2,2
863,119,2,2
863,120,2,2
863,121,2,2
863,122,2,2
863,123,2,2
863,124,2,2
863,125,2,2
863,126,2,2
863,127,2,2
863,128,2,2
863,129,2,2
863,130,2,2
863,131,2,2
863,132,2,2
863,133,2,2
863,134,2,2
863,135,2,2
863,136,2,2
863,137,2,2
863,138,2,2
863,139,2,2
863,140,2,2
863,141,2,2
863,142,2,2
863,143,2,2
863,144,2,2
863,145,2,2
863,146,2,2
863,147,2,2
863,148,2,2
863,149,2,2
863,150,2,2
863,151,2,2
863,152,2,2
863,153,2,2
863,154,2,2
863,155,2,2
863,156,2,2
863,157,2,2
863,158,2,2
863,159,2,2
863,160,2,2
863,161,2,2
863,162,2,2
863,163,2,2
863,164,2,2
863,165,2,2
863,166,2,2
863,167,2,2
863,168,2,2
863,169,2,2
863,170,2,2
863,171,2,2
863,172,2,2
863,173,2,2
863,174,2,2
863,175,2,2
863,176,2,2
863,177,2,2
863,178,2,2
863,179,2,2
863,180,2,2
863,181,2,2
863,182,2,2
863,183,2,2
863,184,2,2
863,185,2,2
863,186,2,2
863,187,2,2
863,188,2,2
863,189,2,2
863,190,2,2
863,191,2,2
863,192,2,2
863,193,2,2
863,194,2,2
863,195,2,2
863,196,2,2
863,197,2,2
863,198,2,2
863,199,2,2
863,200,2,2
863,201,2,2
863,202,2,2
863,203,2,2
863,204,2,2
863,205,2,2
863,206,2,2
863,207,2,2
863,208,2,2
863,209,2,2
863,210,2,2
863,211,2,2
863,212,2,2
863,213,2,2
863,214,2,2
863,215,2,2
863,216,2,2
863,217,2,2
863,218,2,2
863,219,2,2
863,220,2,2
863,221,2,2
863,222,2,2
863,223,2,2
863,224,2,2
863,225,2,2
863,226,2,2
863,227,2,2
863,228,2,2
863,229,2,2
863,230,2,2
863,231,2,2
863,232,2,2
863,233,2,2
863,234,2,2
863,235,2,2
863,236,2,2
863,237,2,2
863,238,2,2
863,239,2,2
863,240,2,2
863,241,2,2
863,242,2,2
863,243,2,2
863,244,2,2
863,245,2,2
863,246,2,2
863,247,2,2
863,248,2,2
863,249,2,2
863,250,2,2
863,251,2,2
863,252,2,2
863,253,2,2
863,254,2,2
863,255,2,2
863,256,2,2
863,257,2,2
863,258,2,2
863,259,2,2
863,260,2,2
863,261,2,2
863,262,2,2
863,263,2,2
863,264,2,2
863,265,2,2
863,266,2,2
863,267,2,2
863,268,2,2
863,269,2,2
863,270,2,2
863,271,2,2
863,272,2,2
863,273,2,2
863,274,2,2
863,275,2,2
863,276,2,2
863,277,2,2
863,278,2,2
863,279,2,2
863,280,2,2
863,281,2,2
863,282,2,2
863,283,2,2
863,284,2,2
863,285,2,2
863,286,2,2
863,287,2,3
863,288,2,3
863,289,2,3
863,290,2,3
863,291,2,3
863,292,2,3
863,293,2,3
863,294,2,3
863,295,2,3
863,296,2,3
863,297,2,3
863,298,2,3
863,299,2,3
863,300,2,3
863,301,2,3
863,302,2,3
863,303,2,3
863,304,2,3
863,305,2,3
863,306,2,3
863,307,2,3
863,308,2,3
863,309,2,3
863,310,2,3
863,311,2,3
863,312,2,3
863,313,2,3
863,314,2,3
863,315,2,3
863,316,2,3
863,317,2,3
863,318,2,3
863,319,2,3
863,320,2,3
863,321,2,3
863,322,2,3
863,323,2,3
863,324,2,3
863,325,2,2
863,326,2,2
863,327,2,2
863,328,2,2
863,329,2,2
863,330,2,2
863,331,2,2
863,332,2,2
863,333,2,2
863,334,2,2
863,335,2,2
863,336,2,2
863,337,2,2
863,338,2,2
863,339,2,2
863,340,2,2
863,341,2,2
863,342,2,2
863,343,2,2
863,344,2,2
863,345,2,2
863,346,2,2
863,347,2,2
863,348,2,2
863,349,2,2
863,350,2,2
863,351,2,2
863,352,2,2
863,353,2,2
863,354,2,2
863,355,2,2
863,356,2,2
863,357,2,2
863,358,2,2
863,359,2,2
863,360,2,2
863,361,2,2
863,362,2,2
863,363,2,2
863,364,2,2
863,365,2,2
863,366,2,2
863,367,2,2
863,368,2,2
863,369,2,2
863,370,2,2
863,371,2,2
863,372,2,2
863,373,2,2
863,374,2,2
863,375,2,2
863,376,2,2
863,377,2,2
863,378,2,2
863,379,2,2
863,380,2,2
863,381,2,2
863,382,2,2
863,383,2,2
863,384,2,2
863,385,2,2
863,386,2,2
863,387,2,2
863,388,2,2
863,389,2,2
863,390,2,2
863,391,2,2
863,392,2,2
863,393,2,2
863,394,2,2
863,395,2,2
863,396,2,2
863,397,2,2
863,398,2,2
863,399,2,2
863,400,2,2
863,401,2,2
863,402,2,2
863,403,2,2
863,404,2,2
863,405,2,2
863,406,2,2
863,407,2,2
863,408,2,2
863,409,2,2
863,410,2,2
863,411,2,2
863,412,2,2
863,413,2,2
863,414,2,2
863,415,2,2
863,416,2,2
863,417,2,2
863,418,2,2
863,419,2,2
863,420,2,2
863,421,2,2
863,422,2,2
863,423,2,2
863,424,2,2
863,425,2,2
863,426,2,2
863,427,2,2
863,428,2,2
863,429,2,2
863,430,2,2
863,431,2,2
863,432,2,2
863,433,2,2
863,434,2,2
863,435,2,2
863,436,2,2
863,437,2,2
863,438,2,2
863,439,2,2
863,440,2,2
863,441,2,2
863,442,2,2
863,443,2,2
863,444,2,2
863,445,2,2
863,446,2,2
863,447,2,2
863,448,2,2
863,449,2,2
863,450,2,2
863,451,2,2
863,452,2,2
863,453,2,2
863,454,2,2
863,455,2,2
863,456,2,2
863,457,2,2
863,458,2,2
863,459,2,2
863,460,2,2
863,461,2,2
863,462,2,2
863,463,2,2
863,464,2,2
863,465,2,2
863,466,2,2
863,467,2,2
863,468,2,2
863,469,2,2
863,470,2,2
863,471,2,2
863,472,2,2
863,473,2,2
863,474,2,2
863,475,2,2
863,476,2,2
863,477,2,2
863,478,2,2
863,479,2,2
863,480,2,2
863,481,2,2
863,482,2,2
863,483,2,2
863,484,2,2
863,485,2,2
863,486,2,2
863,487,2,2
863,488,2,2
863,489,2,2
863,490,2,2
863,491,2,2
863,492,2,2
863,493,2,2
863,494,2,2
863,495,2,2
863,496,2,2
863,497,2,2
863,498,2,2
863,499,2,2
863,500,2,2
863,501,2,2
863,502,2,2
863,503,2,2
863,504,2,2
863,505,2,2
863,506,2,2
863,507,2,2
863,508,2,2
863,509,2,2
863,510,2,2
863,511,2,2
863,512,2,2
863,513,2,2
863,514,2,2
863,515,2,2
863,516,2,2
863,517,2,2
863,518,2,2
863,519,2,2
863,520,2,2
863,521,2,2
863,522,2,2
863,523,2,2
863,524,2,2
863,525,2,2
863,526,2,2
863,527,2,2
863,528,2,2
863,529,2,2
863,530,2,2
863,531,2,2
863,532,2,2
863,533,2,2
863,534,2,2
863,535,2,2
863,536,2,2
863,537,2,2
863,538,2,2
863,539,2,2
863,540,2,2
863,541,2,2
863,542,2,2
863,543,2,2
863,544,2,2
863,545,2,3
863,546,2,3
863,547,2,3
864,76,2,2
864,77,2,2
864,78,2,2
864,79,2,2
864,80,2,2
864,81,2,2
864,82,2,2
864,83,2,2
864,84,2,2
864,85,2,3
864,86,2,3
864,87,2,3
864,88,2,3
864,89,2,3
864,90,2,3
864,91,2,3
864,92,2,3
864,93,2,3
864,94,2,3
864,95,2,3
864,96,2,3
864,97,2,3
864,98,2,3
864,99,2,3
864,100,2,3
864,101,2,3
864,102,2,3
864,103,2,3
864,104,2,3
864,105,2,3
864,106,2,3
864,107,2,3
864,108,2,3
864,109,2,3
864,110,2,3
864,111,2,2
864,112,2,2
864,113,2,2
864,114,2,2
864,115,2,2
864,116,2,2
864,117,2,2
864,118,2,2
864,119,2,2
864,120,2,2
864,121,2,2
864,122,2,2
864,123,2,2
864,124,2,2
864,125,2,2
864,126,2,2
864,127,2,2
864,128,2,2
864,129,2,2
864,130,2,2
864,131,2,2
864,132,2,2
864,133,2,2
864,134,2,2
864,135,2,2
864,136,2,2
864,137,2,2
864,138,2,2
864,139,2,2
864,140,2,2
864,141,2,2
864,142,2,2
864,143,2,2
864,144,2,2
864,145,2,2
864,146,2,2
864,147,2,2
864,148,2,2
864,149,2,2
864,150,2,2
864,151,2,2
864,152,2,2
864,153,2,2
864,154,2,2
864,155,2,2
864,156,2,2
864,157,2,2
864,158,2,2
864,159,2,2
864,160,2,2
864,161,2,2
864,162,2,2
864,163,2,2
864,164,2,2
864,165,2,2
864,166,2,2
864,167,2,2
864,168,2,2
864,169,2,2
864,170,2,2
864,171,2,2
864,172,2,2
864,173,2,2
864,174,2,2
864,175,2,2
864,176,2,2
864,177,2,2
864,178,2,2
864,179,2,2
864,180,2,2
864,181,2,2
864,182,2,2
864,183,2,2
864,184,2,2
864,185,2,2
864,186,2,2
864,187,2,2
864,188,2,2
864,189,2,2
864,190,2,2
864,191,2,2
864,192,2,2
864,193,2,2
864,194,2,2
864,195,2,2
864,196,2,2
864,197,2,2
864,198,2,2
864,199,2,2
864,200,2,2
864,201,2,2
864,202,2,2
864,203,2,2
864,204,2,2
864,205,2,2
864,206,2,2
864,207,2,2
864,208,2,2
864,209,2,2
864,210,2,2
864,211,2,2
864,212,2,2
864,213,2,2
864,214,2,2
864,215,2,2
864,216,2,2
864,217,2,2
864,218,2,2
864,219,2,2
864,220,2,2
864,221,2,2
864,222,2,2
864,223,2,2
864,224,2,2
864,225,2,2
864,226,2,2
864,227,2,2
864,228,2,2
864,229,2,2
864,230,2,2
864,231,2,2
864,232,2,2
864,233,2,2
864,234,2,2
864,235,2,2
864,236,2,2
864,237,2,2
864,238,2,2
864,239,2,2
864,240,2,2
864,241,2,2
864,242,2,2
864,243,2,2
864,244,2,2
864,245,2,2
864,246,2,2
864,247,2,2
864,248,2,2
864,249,2,2
864,250,2,2
864,251,2,2
864,252,2,2
864,253,2,2
864,254,2,2
864,255,2,2
864,256,2,2
864,257,2,2
864,258,2,2
864,259,2,2
864,260,2,2
864,261,2,2
864,262,2,2
864,263,2,2
864,264,2,2
864,265,2,2
864,266,2,2
864,267,2,2
864,268,2,2
864,269,2,2
864,270,2,2
864,271,2,2
864,272,2,2
864,273,2,2
864,274,2,2
864,275,2,2
864,276,2,2
864,277,2,2
864,278,2,2
864,279,2,2
864,280,2,2
864,281,2,2
864,282,2,2
864,283,2,2
864,284,2,2
864,285,2,2
864,286,2,2
864,287,2,3
864,288,2,3
864,289,2,3
864,290,2,3
864,291,2,3
864,292,2,3
864,293,2,3
864,294,2,3
864,295,2,3
864,296,2,3
864,297,2,3
864,298,2,3
864,299,2,3
864,300,2,3
864,301,2,3
864,302,2,3
864,303,2,3
864,304,2,3
864,305,2,3
864,306,2,3
864,307,2,3
864,308,2,3
864,309,2,3
864,310,2,3
864,311,2,3
864,312,2,3
864,313,2,3
864,314,2,3
864,315,2,3
864,316,2,3
864,317,2,3
864,318,2,3
864,319,2,3
864,320,2,3
864,321,2,2
864,322,2,2
864,323,2,2
864,324,2,2
864,325,2,2
864,326,2,2
864,327,2,2
864,328,2,2
864,329,2,2
864,330,2,2
864,331,2,2
864,332,2,2
864,333,2,2
864,334,2,2
864,335,2,2
864,336,2,2
864,337,2,2
864,338,2,2
864,339,2,2
864,340,2,2
864,341,2,2
864,342,2,2
864,343,2,2
864,344,2,2
864,345,2,2
864,346,2,2
864,347,2,2
864,348,2,2
864,349,2,2
864,350,2,2
864,351,2,2
864,352,2,2
864,353,2,2
864,354,2,2
864,355,2,2
864,356,2,2
864,357,2,2
864,358,2,2
864,359,2,2
864,360,2,2
864,361,2,2
864,362,2,2
864,363,2,2
864,364,2,2
864,365,2,2
864,366,2,2
864,367,2,2
864,368,2,2
864,369,2,2
864,370,2,2
864,371,2,2
864,372,2,2
864,373,2,2
864,374,2,2
864,375,2,2
864,376,2,2
864,377,2,2
864,378,2,2
864,379,2,2
864,380,2,2
864,381,2,2
864,382,2,2
864,383,2,2
864,384,2,2
864,385,2,2
864,386,2,2
864,387,2,2
864,388,2,2
864,389,2,2
864,390,2,2
864,391,2,2
864,392,2,2
864,393,2,2
864,394,2,2
864,395,2,2
864,396,2,2
864,397,2,2
864,398,2,2
864,399,2,2
864,400,2,2
864,401,2,2
864,402,2,2
864,403,2,2
864,404,2,2
864,405,2,2
864,406,2,2
864,407,2,2
864,408,2,2
864,409,2,2
864,410,2,2
864,411,2,2
864,412,2,2
864,413,2,2
864,414,2,2
864,415,2,2
864,416,2,2
864,417,2,2
864,418,2,2
864,419,2,2
864,420,2,2
864,421,2,2
864,422,2,2
864,423,2,2
864,424,2,2
864,425,2,2
864,426,2,2
864,427,2,2
864,428,2,2
864,429,2,2
864,430,2,2
864,431,2,2
864,432,2,2
864,433,2,2
864,434,2,2
864,435,2,2
864,436,2,2
864,437,2,2
864,438,2,2
864,439,2,2
864,440,2,2
864,441,2,2
864,442,2,2
864,443,2,2
864,444,2,2
864,445,2,2
864,446,2,2
864,447,2,2
864,448,2,2
864,449,2,2
864,450,2,2
864,451,2,2
864,452,2,2
864,453,2,2
864,454,2,2
864,455,2,2
864,456,2,2
864,457,2,2
864,458,2,2
864,459,2,2
864,460,2,2
864,461,2,2
864,462,2,2
864,463,2,2
864,464,2,2
864,465,2,2
864,466,2,2
864,467,2,2
864,468,2,2
864,469,2,2
864,470,2,2
864,471,2,2
864,472,2,2
864,473,2,2
864,474,2,2
864,475,2,2
864,476,2,2
864,477,2,2
864,478,2,2
864,479,2,2
864,480,2,2
864,481,2,2
864,482,2,2
864,483,2,2
864,484,2,2
864,485,2,2
864,486,2,2
864,487,2,2
864,488,2,2
864,489,2,2
864,490,2,2
864,491,2,2
864,492,2,2
864,493,2,2
864,494,2,2
864,495,2,2
864,496,2,2
864,497,2,2
864,498,2,2
864,499,2,2
864,500,2,2
864,501,2,2
864,502,2,2
864,503,2,2
864,504,2,2
864,505,2,2
864,506,2,2
864,507,2,2
864,508,2,2
864,509,2,2
864,510,2,2
864,511,2,2
864,512,2,2
864,513,2,2
864,514,2,2
864,515,2,2
864,516,2,2
864,517,2,2
864,518,2,2
864,519,2,2
864,520,2,2
864,521,2,2
864,522,2,2
864,523,2,2
864,524,2,2
864,525,2,2
864,526,2,2
864,527,2,2
864,528,2,2
864,529,2,2
864,530,2,2
864,531,2,2
864,532,2,2
864,533,2,2
864,534,2,2
864,535,2,2
864,536,2,2
864,537,2,2
864,538,2,2
864,539,2,2
864,540,2,2
864,541,2,2
864,542,2,2
864,543,2,2
864,544,2,2
864,545,2,3
864,546,2,3
864,547,2,3
865,78,2,2
865,79,2,2
865,80,2,2
865,81,2,2
865,82,2,2
865,83,2,2
865,84,2,2
865,85,2,3
865,86,2,3
865,87,2,3
865,88,2,3
865,89,2,3
865,90,2,3
865,91,2,3
865,92,2,3
865,93,2,3
865,94,2,3
865,95,2,3
865,96,2,3
865,97,2,3
865,98,2,3
865,99,2,3
865,100,2,3
865,101,2,3
865,102,2,3
865,103,2,3
865,104,2,3
865,105,2,3
865,106,2,3
865,107,2,3
865,108,2,3
865,109,2,3
865,110,2,3
865,111,2,3
865,112,2,2
865,113,2,2
865,114,2,2
865,115,2,2
865,116,2,2
865,117,2,2
865,118,2,2
865,119,2,2
865,120,2,2
865,121,2,2
865,122,2,2
865,123,2,2
865,124,2,2
865,125,2,2
865,126,2,2
865,127,2,2
865,128,2,2
865,129,2,2
865,130,2,2
865,131,2,2
865,132,2,2
865,133,2,2
865,134,2,2
865,135,2,2
865,136,2,2
865,137,2,2
865,138,2,2
865,139,2,2
865,140,2,2
865,141,2,2
865,142,2,2
865,143,2,2
865,144,2,2
865,145,2,2
865,146,2,2
865,147,2,2
865,148,2,2
865,149,2,2
865,150,2,2
865,151,2,2
865,152,2,2
865,153,2,2
865,154,2,2
865,155,2,2
865,156,2,2
865,157,2,2
865,158,2,2
865,159,2,2
865,160,2,2
865,161,2,2
865,162,2,2
865,163,2,2
865,164,2,2
865,165,2,2
865,166,2,2
865,167,2,2
865,168,2,2
865,169,2,2
865,170,2,2
865,171,2,2
865,172,2,2
865,173,2,2
865,174,2,2
865,175,2,2
865,176,2,2
865,177,2,2
865,178,2,2
865,179,2,2
865,180,2,2
865,181,2,2
865,182,2,2
865,183,2,2
865,184,2,2
865,185,2,2
865,186,2,2
865,187,2,2
865,188,2,2
865,189,2,2
865,190,2,2
865,191,2,2
865,192,2,2
865,193,2,2
865,194,2,2
865,195,2,2
865,196,2,2
865,197,2,2
865,198,2,2
865,199,2,2
865,200,2,2
865,201,2,2
865,202,2,2
865,203,2,2
865,204,2,2
865,205,2,2
865,206,2,2
865,207,2,2
865,208,2,2
865,209,2,2
865,210,2,2
865,211,2,2
865,212,2,2
865,213,2,2
865,214,2,2
865,215,2,2
865,216,2,2
865,217,2,2
865,218,2,2
865,219,2,2
865,220,2,2
865,221,2,2
865,222,2,2
865,223,2,2
865,224,2,2
865,225,2,2
865,226,2,2
865,227,2,2
865,228,2,2
865,229,2,2
865,230,2,2
865,231,2,2
865,232,2,2
865,233,2,2
865,234,2,2
865,235,2,2
865,236,2,2
865,237,2,2
865,238,2,2
865,239,2,2
865,240,2,2
865,241,2,2
865,242,2,2
865,243,2,2
865,244,2,2
865,245,2,2
865,246,2,2
865,247,2,2
865,248,2,2
865,249,2,2
865,250,2,2
865,251,2,2
865,252,2,2
865,253,2,2
865,254,2,2
865,255,2,2
865,256,2,2
865,257,2,2
865,258,2,2
865,259,2,2
865,260,2,2
865,261,2,2
865,262,2,2
865,263,2,2
865,264,2,2
865,265,2,2
865,266,2,2
865,267,2,2
865,268,2,2
865,269,2,2
865,270,2,2
865,271,2,2
865,272,2,2
865,273,2,2
865,274,2,2
865,275,2,2
865,276,2,2
865,277,2,2
865,278,2,2
865,279,2,2
865,280,2,2
865,281,2,2
865,282,2,2
865,283,2,2
865,284,2,2
865,285,2,2
865,286,2,2
865,287,2,2
865,288,2,3
865,289,2,3
865,290,2,3
865,291,2,3
865,292,2,3
865,293,2,3
865,294,2,3
865,295,2,3
865,296,2,3
865,297,2,3
865,298,2,3
865,299,2,3
865,300,2,3
865,301,2,3
865,302,2,3
865,303,2,3
865,304,2,3
865,305,2,3
865,306,2,3
865,307,2,3
865,308,2,3
865,309,2,3
865,310,2,3
865,311,2,3
865,312,2,3
865,313,2,3
865,314,2,3
865,315,2,3
865,316,2,3
865,317,2,3
865,318,2,3
865,319,2,2
865,320,2,2
865,321,2,2
865,322,2,2
865,323,2,2
865,324,2,2
865,325,2,2
865,326,2,2
865,327,2,2
865,328,2,2
865,329,2,2
865,330,2,2
865,331,2,2
865,332,2,2
865,333,2,2
865,334,2,2
865,335,2,2
865,336,2,2
865,337,2,2
865,338,2,2
865,339,2,2
865,340,2,2
865,341,2,2
865,342,2,2
865,343,2,2
865,344,2,2
865,345,2,2
865,346,2,2
865,347,2,2
865,348,2,2
865,349,2,2
865,350,2,2
865,351,2,2
865,352,2,2
865,353,2,2
865,354,2,2
865,355,2,2
865,356,2,2
865,357,2,2
865,358,2,2
865,359,2,2
865,360,2,2
865,361,2,2
865,362,2,2
865,363,2,2
865,364,2,2
865,365,2,2
865,366,2,2
865,367,2,2
865,368,2,2
865,369,2,2
865,370,2,2
865,371,2,2
865,372,2,2
865,373,2,2
865,374,2,2
865,375,2,2
865,376,2,2
865,377,2,2
865,378,2,2
865,379,2,2
865,380,2,2
865,381,2,2
865,382,2,2
865,383,2,2
865,384,2,2
865,385,2,2
865,386,2,2
865,387,2,2
865,388,2,2
865,389,2,2
865,390,2,2
865,391,2,2
865,392,2,2
865,393,2,2
865,394,2,2
865,395,2,2
865,396,2,2
865,397,2,2
865,398,2,2
865,399,2,2
865,400,2,2
865,401,2,2
865,402,2,2
865,403,2,2
865,404,2,2
865,405,2,2
865,406,2,2
865,407,2,2
865,408,2,2
865,409,2,2
865,410,2,2
865,411,2,2
865,412,2,2
865,413,2,2
865,414,2,2
865,415,2,2
865,416,2,2
865,417,2,2
865,418,2,2
865,419,2,2
865,420,2,2
865,421,2,2
865,422,2,2
865,423,2,2
865,424,2,2
865,425,2,2
865,426,2,2
865,427,2,2
865,428,2,2
865,429,2,2
865,430,2,2
865,431,2,2
865,432,2,2
865,433,2,2
865,434,2,2
865,435,2,2
865,436,2,2
865,437,2,2
865,438,2,2
865,439,2,2
865,440,2,2
865,441,2,2
865,442,2,2
865,443,2,2
865,444,2,2
865,445,2,2
865,446,2,2
865,447,2,2
865,448,2,2
865,449,2,2
865,450,2,2
865,451,2,2
865,452,2,2
865,453,2,2
865,454,2,2
865,455,2,2
865,456,2,2
865,457,2,2
865,458,2,2
865,459,2,2
865,460,2,2
865,461,2,2
865,462,2,2
865,463,2,2
865,464,2,2
865,465,2,2
865,466,2,2
865,467,2,2
865,468,2,2
865,469,2,2
865,470,2,2
865,471,2,2
865,472,2,2
865,473,2,2
865,474,2,2
865,475,2,2
865,476,2,2
865,477,2,2
865,478,2,2
865,479,2,2
865,480,2,2
865,481,2,2
865,482,2,2
865,483,2,2
865,484,2,2
865,485,2,2
865,486,2,2
865,487,2,2
865,488,2,2
865,489,2,2
865,490,2,2
865,491,2,2
865,492,2,2
865,493,2,2
865,494,2,2
865,495,2,2
865,496,2,2
865,497,2,2
865,498,2,2
865,499,2,2
865,500,2,2
865,501,2,2
865,502,2,2
865,503,2,2
865,504,2,2
865,505,2,2
865,506,2,2
865,507,2,2
865,508,2,2
865,509,2,2
865,510,2,2
865,511,2,2
865,512,2,2
865,513,2,2
865,514,2,2
865,515,2,2
865,516,2,2
865,517,2,2
865,518,2,2
865,519,2,2
865,520,2,2
865,521,2,2
865,522,2,2
865,523,2,2
865,524,2,2
865,525,2,2
865,526,2,2
865,527,2,2
865,528,2,2
865,529,2,2
865,530,2,2
865,531,2,2
865,532,2,2
865,533,2,2
865,534,2,2
865,535,2,2
865,536,2,2
865,537,2,2
865,538,2,2
865,539,2,2
865,540,2,2
865,541,2,2
865,542,2,2
865,543,2,2
865,544,2,2
865,545,2,2
865,546,2,2
865,547,2,2
865,548,2,3
866,80,2,2
866,81,2,2
866,82,2,2
866,83,2,2
866,84,2,2
866,85,2,3
866,86,2,3
866,87,2,3
866,88,2,3
866,89,2,3
866,90,2,3
866,91,2,3
866,92,2,3
866,93,2,3
866,94,2,3
866,95,2,3
866,96,2,3
866,97,2,3
866,98,2,3
866,99,2,3
866,100,2,3
866,101,2,3
866,102,2,3
866,103,2,3
866,104,2,3
866,105,2,3
866,106,2,3
866,107,2,3
866,108,2,3
866,109,2,3
866,110,2,3
866,111,2,3
866,112,2,2
866,113,2,2
866,114,2,2
866,115,2,2
866,116,2,2
866,117,2,2
866,118,2,2
866,119,2,2
866,120,2,2
866,121,2,2
866,122,2,2
866,123,2,2
866,124,2,2
866,125,2,2
866,126,2,2
866,127,2,2
866,128,2,2
866,129,2,2
866,130,2,2
866,131,2,2
866,132,2,2
866,133,2,2
866,134,2,2
866,135,2,2
866,136,2,2
866,137,2,2
866,138,2,2
866,139,2,2
866,140,2,2
866,141,2,2
866,142,2,2
866,143,2,2
866,144,2,2
866,145,2,2
866,146,2,2
866,147,2,2
866,148,2,2
866,149,2,2
866,150,2,2
866,151,2,2
866,152,2,2
866,153,2,2
866,154,2,2
866,155,2,2
866,156,2,2
866,157,2,2
866,158,2,2
866,159,2,2
866,160,2,2
866,161,2,2
866,162,2,2
866,163,2,2
866,164,2,2
866,165,2,2
866,166,2,2
866,167,2,2
866,168,2,2
866,169,2,2
866,170,2,2
866,171,2,2
866,172,2,2
866,173,2,2
866,174,2,2
866,175,2,2
866,176,2,2
866,177,2,2
866,178,2,2
866,179,2,2
866,180,2,2
866,181,2,2
866,182,2,2
866,183,2,2
866,184,2,2
866,185,2,2
866,186,2,2
866,187,2,2
866,188,2,2
866,189,2,2
866,190,2,2
866,191,2,2
866,192,2,2
866,193,2,2
866,194,2,2
866,195,2,2
866,196,2,2
866,197,2,2
866,198,2,2
866,199,2,2
866,200,2,2
866,201,2,2
866,202,2,2
866,203,2,2
866,204,2,2
866,205,2,2
866,206,2,2
866,207,2,2
866,208,2,2
866,209,2,2
866,210,2,2
866,211,2,2
866,212,2,2
866,213,2,2
866,214,2,2
866,215,2,2
866,216,2,2
866,217,2,2
866,218,2,2
866,219,2,2
866,220,2,2
866,221,2,2
866,222,2,2
866,223,2,2
866,224,2,2
866,225,2,2
866,226,2,2
866,227,2,2
866,228,2,2
866,229,2,2
866,230,2,2
866,231,2,2
866,232,2,2
866,233,2,2
866,234,2,2
866,235,2,2
866,236,2,2
866,237,2,2
866,238,2,2
866,239,2,2
866,240,2,2
866,241,2,2
866,242,2,2
866,243,2,2
866,244,2,2
866,245,2,2
866,246,2,2
866,247,2,2
866,248,2,2
866,249,2,2
866,250,2,2
866,251,2,2
866,252,2,2
866,253,2,2
866,254,2,2
866,255,2,2
866,256,2,2
866,257,2,2
866,258,2,2
866,259,2,2
866,260,2,2
866,261,2,2
866,262,2,2
866,263,2,2
866,264,2,2
866,265,2,2
866,266,2,2
866,267,2,2
866,268,2,2
866,269,2,2
866,270,2,2
866,271,2,2
866,272,2,2
866,273,2,2
866,274,2,2
866,275,2,2
866,276,2,2
866,277,2,2
866,278,2,2
866,279,2,2
866,280,2,2
866,281,2,2
866,282,2,2
866,283,2,2
866,284,2,2
866,285,2,2
866,286,2,2
866,287,2,2
866,288,2,2
866,289,2,3
866,290,2,3
866,291,2,3
866,292,2,3
866,293,2,3
866,294,2,3
866,295,2,3
866,296,2,3
866,297,2,3
866,298,2,3
866,299,2,3
866,300,2,3
866,301,2,3
866,302,2,3
866,303,2,3
866,304,2,3
866,305,2,3
866,306,2,3
866,307,2,3
866,308,2,3
866,309,2,3
866,310,2,3
866,311,2,3
866,312,2,3
866,313,2,3
866,314,2,3
866,315,2,3
866,316,2,3
866,317,2,2
866,318,2,2
866,319,2,2
866,320,2,2
866,321,2,2
866,322,2,2
866,323,2,2
866,324,2,2
866,325,2,2
866,326,2,2
866,327,2,2
866,328,2,2
866,329,2,2
866,330,2,2
866,331,2,2
866,332,2,2
866,333,2,2
866,334,2,2
866,335,2,2
866,336,2,2
866,337,2,2
866,338,2,2
866,339,2,2
866,340,2,2
866,341,2,2
866,342,2,2
866,343,2,2
866,344,2,2
866,345,2,2
866,346,2,2
866,347,2,2
866,348,2,2
866,349,2,2
866,350,2,2
866,351,2,2
866,352,2,2
866,353,2,2
866,354,2,2
866,355,2,2
866,356,2,2
866,357,2,2
866,358,2,2
866,359,2,2
866,360,2,2
866,361,2,2
866,362,2,2
866,363,2,2
866,364,2,2
866,365,2,2
866,366,2,2
866,367,2,2
866,368,2,2
866,369,2,2
866,370,2,2
866,371,2,2
866,372,2,2
866,373,2,2
866,374,2,2
866,375,2,2
866,376,2,2
866,377,2,2
866,378,2,2
866,379,2,2
866,380,2,2
866,381,2,2
866,382,2,2
866,383,2,2
866,384,2,2
866,385,2,2
866,386,2,2
866,387,2,2
866,388,2,2
866,389,2,2
866,390,2,2
866,391,2,2
866,392,2,2
866,393,2,2
866,394,2,2
866,395,2,2
866,396,2,2
866,397,2,2
866,398,2,2
866,399,2,2
866,400,2,2
866,401,2,2
866,402,2,2
866,403,2,2
866,404,2,2
866,405,2,2
866,406,2,2
866,407,2,2
866,408,2,2
866,409,2,2
866,410,2,2
866,411,2,2
866,412,2,2
866,413,2,2
866,414,2,2
866,415,2,2
866,416,2,2
866,417,2,2
866,418,2,2
866,419,2,2
866,420,2,2
866,421,2,2
866,422,2,2
866,423,2,2
866,424,2,2
866,425,2,2
866,426,2,2
866,427,2,2
866,428,2,2
866,429,2,2
866,430,2,2
866,431,2,2
866,432,2,2
866,433,2,2
866,434,2,2
866,435,2,2
866,436,2,2
866,437,2,2
866,438,2,2
866,439,2,2
866,440,2,2
866,441,2,2
866,442,2,2
866,443,2,2
866,444,2,2
866,445,2,2
866,446,2,2
866,447,2,2
866,448,2,2
866,449,2,2
866,450,2,2
866,451,2,2
866,452,2,2
866,453,2,2
866,454,2,2
866,455,2,2
866,456,2,2
866,457,2,2
866,458,2,2
866,459,2,2
866,460,2,2
866,461,2,2
866,462,2,2
866,463,2,2
866,464,2,2
866,465,2,2
866,466,2,2
866,467,2,2
866,468,2,2
866,469,2,2
866,470,2,2
866,471,2,2
866,472,2,2
866,473,2,2
866,474,2,2
866,475,2,2
866,476,2,2
866,477,2,2
866,478,2,2
866,479,2,2
866,480,2,2
866,481,2,2
866,482,2,2
866,483,2,2
866,484,2,2
866,485,2,2
866,486,2,2
866,487,2,2
866,488,2,2
866,489,2,2
866,490,2,2
866,491,2,2
866,492,2,2
866,493,2,2
866,494,2,2
866,495,2,2
866,496,2,2
866,497,2,2
866,498,2,2
866,499,2,2
866,500,2,2
866,501,2,2
866,502,2,2
866,503,2,2
866,504,2,2
866,505,2,2
866,506,2,2
866,507,2,2
866,508,2,2
866,509,2,2
866,510,2,2
866,511,2,2
866,512,2,2
866,513,2,2
866,514,2,2
866,515,2,2
866,516,2,2
866,517,2,2
866,518,2,2
866,519,2,2
866,520,2,2
866,521,2,2
866,522,2,2
866,523,2,2
866,524,2,2
866,525,2,2
866,526,2,2
866,527,2,2
866,528,2,2
866,529,2,2
866,530,2,2
866,531,2,2
866,532,2,2
866,533,2,2
866,534,2,2
866,535,2,2
866,536,2,2
866,537,2,2
866,538,2,2
866,539,2,2
866,540,2,2
866,541,2,2
866,542,2,2
866,543,2,2
866,544,2,2
866,545,2,2
866,546,2,2
866,547,2,2
866,548,2,2
866,549,2,3
867,81,2,3
867,82,2,3
867,83,2,3
867,84,2,3
867,85,2,3
867,86,2,3
867,87,2,3
867,88,2,3
867,89,2,3
867,90,2,3
867,91,2,3
867,92,2,3
867,93,2,3
867,94,2,3
867,95,2,3
867,96,2,3
867,97,2,3
867,98,2,3
867,99,2,3
867,100,2,3
867,101,2,3
867,102,2,3
867,103,2,3
867,104,2,3
867,105,2,3
867,106,2,3
867,107,2,3
867,108,2,3
867,109,2,3
867,110,2,3
867,111,2,3
867,112,2,2
867,113,2,2
867,114,2,2
867,115,2,2
867,116,2,2
867,117,2,2
867,118,2,2
867,119,2,2
867,120,2,2
867,121,2,2
867,122,2,2
867,123,2,2
867,124,2,2
867,125,2,2
867,126,2,2
867,127,2,2
867,128,2,2
867,129,2,2
867,130,2,2
867,131,2,2
867,132,2,2
867,133,2,2
867,134,2,2
867,135,2,2
867,136,2,2
867,137,2,2
867,138,2,2
867,139,2,2
867,140,2,2
867,141,2,2
867,142,2,2
867,143,2,2
867,144,2,2
867,145,2,2
867,146,2,2
867,147,2,2
867,148,2,2
867,149,2,2
867,150,2,2
867,151,2,2
867,152,2,2
867,153,2,2
867,154,2,2
867,155,2,2
867,156,2,2
867,157,2,2
867,158,2,2
867,159,2,2
867,160,2,2
867,161,2,2
867,162,2,2
867,163,2,2
867,164,2,2
867,165,2,2
867,166,2,2
867,167,2,2
867,168,2,2
867,169,2,2
867,170,2,2
867,171,2,2
867,172,2,2
867,173,2,2
867,174,2,2
867,175,2,2
867,176,2,2
867,177,2,2
867,178,2,2
867,179,2,2
867,180,2,2
867,181,2,2
867,182,2,2
867,183,2,2
867,184,2,2
867,185,2,2
867,186,2,2
867,187,2,2
867,188,2,2
867,189,2,2
867,190,2,2
867,191,2,2
867,192,2,2
867,193,2,2
867,194,2,2
867,195,2,2
867,196,2,2
867,197,2,2
867,198,2,2
867,199,2,2
867,200,2,2
867,201,2,2
867,202,2,2
867,203,2,2
867,204,2,2
867,205,2,2
867,206,2,2
867,207,2,2
867,208,2,2
867,209,2,2
867,210,2,2
867,211,2,2
867,212,2,2
867,213,2,2
867,214,2,2
867,215,2,2
867,216,2,2
867,217,2,2
867,218,2,2
867,219,2,2
867,220,2,2
867,221,2,2
867,222,2,2
867,223,2,2
867,224,2,2
867,225,2,2
867,226,2,2
867,227,2,2
867,228,2,2
867,229,2,2
867,230,2,2
867,231,2,2
867,232,2,2
867,233,2,2
867,234,2,2
867,235,2,2
867,236,2,2
867,237,2,2
867,238,2,2
867,239,2,2
867,240,2,2
867,241,2,2
867,242,2,2
867,243,2,2
867,244,2,2
867,245,2,2
867,246,2,2
867,247,2,2
867,248,2,2
867,249,2,2
867,250,2,2
867,251,2,2
867,252,2,2
867,253,2,2
867,254,2,2
867,255,2,2
867,256,2,2
867,257,2,2
867,258,2,2
867,259,2,2
867,260,2,2
867,261,2,2
867,262,2,2
867,263,2,2
867,264,2,2
867,265,2,2
867,266,2,2
867,267,2,2
867,268,2,2
867,269,2,2
867,270,2,2
867,271,2,2
867,272,2,2
867,273,2,2
867,274,2,2
867,275,2,2
867,276,2,2
867,277,2,2
867,278,2,2
867,279,2,2
867,280,2,2
867,281,2,2
867,282,2,2
867,283,2,2
867,284,2,2
867,285,2,2
867,286,2,2
867,287,2,2
867,288,2,2
867,289,2,2
867,290,2,2
867,291,2,3
867,292,2,3
867,293,2,3
867,294,2,3
867,295,2,3
867,296,2,3
867,297,2,3
867,298,2,3
867,299,2,3
867,300,2,3
867,301,2,3
867,302,2,3
867,303,2,3
867,304,2,3
867,305,2,3
867,306,2,3
867,307,2,3
867,308,2,3
867,309,2,3
867,310,2,3
867,311,2,3
867,312,2,3
867,313,2,3
867,314,2,3
867,315,2,3
867,316,2,3
867,317,2,2
867,318,2,2
867,319,2,2
867,320,2,2
867,321,2,2
867,322,2,2
867,323,2,2
867,324,2,2
867,325,2,2
867,326,2,2
867,327,2,2
867,328,2,2
867,329,2,2
867,330,2,2
867,331,2,2
867,332,2,2
867,333,2,2
867,334,2,2
867,335,2,2
867,336,2,2
867,337,2,2
867,338,2,2
867,339,2,2
867,340,2,2
867,341,2,2
867,342,2,2
867,343,2,2
867,344,2,2
867,345,2,2
867,346,2,2
867,347,2,2
867,348,2,2
867,349,2,2
867,350,2,2
867,351,2,2
867,352,2,2
867,353,2,2
867,354,2,2
867,355,2,2
867,356,2,2
867,357,2,2
867,358,2,2
867,359,2,2
867,360,2,2
867,361,2,2
867,362,2,2
867,363,2,2
867,364,2,2
867,365,2,2
867,366,2,2
867,367,2,2
867,368,2,2
867,369,2,2
867,370,2,2
867,371,2,2
867,372,2,2
867,373,2,2
867,374,2,2
867,375,2,2
867,376,2,2
867,377,2,2
867,378,2,2
867,379,2,2
867,380,2,2
867,381,2,2
867,382,2,2
867,383,2,2
867,384,2,2
867,385,2,2
867,386,2,2
867,387,2,2
867,388,2,2
867,389,2,2
867,390,2,2
867,391,2,2
867,392,2,2
867,393,2,2
867,394,2,2
867,395,2,2
867,396,2,2
867,397,2,2
867,398,2,2
867,399,2,2
867,400,2,2
867,401,2,2
867,402,2,2
867,403,2,2
867,404,2,2
867,405,2,2
867,406,2,2
867,407,2,2
867,408,2,2
867,409,2,2
867,410,2,2
867,411,2,2
867,412,2,2
867,413,2,2
867,414,2,2
867,415,2,2
867,416,2,2
867,417,2,2
867,418,2,2
867,419,2,2
867,420,2,2
867,421,2,2
867,422,2,2
867,423,2,2
867,424,2,2
867,425,2,2
867,426,2,2
867,427,2,2
867,428,2,2
867,429,2,2
867,430,2,2
867,431,2,2
867,432,2,2
867,433,2,2
867,434,2,2
867,435,2,2
867,436,2,2
867,437,2,2
867,438,2,2
867,439,2,2
867,440,2,2
867,441,2,2
867,442,2,2
867,443,2,2
867,444,2,2
867,445,2,2
867,446,2,2
867,447,2,2
867,448,2,2
867,449,2,2
867,450,2,2
867,451,2,2
867,452,2,2
867,453,2,2
867,454,2,2
867,455,2,2
867,456,2,2
867,457,2,2
867,458,2,2
867,459,2,2
867,460,2,2
867,461,2,2
867,462,2,2
867,463,2,2
867,464,2,2
867,465,2,2
867,466,2,2
867,467,2,2
867,468,2,2
867,469,2,2
867,470,2,2
867,471,2,2
867,472,2,2
867,473,2,2
867,474,2,2
867,475,2,2
867,476,2,2
867,477,2,2
867,478,2,2
867,479,2,2
867,480,2,2
867,481,2,2
867,482,2,2
867,483,2,2
867,484,2,2
867,485,2,2
867,486,2,2
867,487,2,2
867,488,2,2
867,489,2,2
867,490,2,2
867,491,2,2
867,492,2,2
867,493,2,2
867,494,2,2
867,495,2,2
867,496,2,2
867,497,2,2
867,498,2,2
867,499,2,2
867,500,2,2
867,501,2,2
867,502,2,2
867,503,2,2
867,504,2,2
867,505,2,2
867,506,2,2
867,507,2,2
867,508,2,2
867,509,2,2
867,510,2,2
867,511,2,2
867,512,2,2
867,513,2,2
867,514,2,2
867,515,2,2
867,516,2,2
867,517,2,2
867,518,2,2
867,519,2,2
867,520,2,2
867,521,2,2
867,522,2,2
867,523,2,2
867,524,2,2
867,525,2,2
867,526,2,2
867,527,2,2
867,528,2,2
867,529,2,2
867,530,2,2
867,531,2,2
867,532,2,2
867,533,2,2
867,534,2,2
867,535,2,2
867,536,2,2
867,537,2,2
867,538,2,2
867,539,2,2
867,540,2,2
867,541,2,2
867,542,2,2
867,543,2,2
867,544,2,2
867,545,2,2
867,546,2,2
867,547,2,2
867,548,2,2
867,549,2,2
868,85,2,3
868,86,2,3
868,87,2,3
868,88,2,3
868,89,2,3
868,90,2,3
868,91,2,3
868,92,2,3
868,93,2,3
868,94,2,3
868,95,2,3
868,96,2,3
868,97,2,3
868,98,2,3
868,99,2,3
868,100,2,3
868,101,2,3
868,102,2,3
868,103,2,3
868,104,2,3
868,105,2,3
868,106,2,3
868,107,2,3
868,108,2,3
868,109,2,3
868,110,2,3
868,111,2,3
868,112,2,2
868,113,2,2
868,114,2,2
868,115,2,2
868,116,2,2
868,117,2,2
868,118,2,2
868,119,2,2
868,120,2,2
868,121,2,2
868,122,2,2
868,123,2,2
868,124,2,2
868,125,2,2
868,126,2,2
868,127,2,2
868,128,2,2
868,129,2,2
868,130,2,2
868,131,2,2
868,132,2,2
868,133,2,2
868,134,2,2
868,135,2,2
868,136,2,2
868,137,2,2
868,138,2,2
868,139,2,2
868,140,2,2
868,141,2,2
868,142,2,2
868,143,2,2
868,144,2,2
868,145,2,2
868,146,2,2
868,147,2,2
868,148,2,2
868,149,2,2
868,150,2,2
868,151,2,2
868,152,2,2
868,153,2,2
868,154,2,2
868,155,2,2
868,156,2,2
868,157,2,2
868,158,2,2
868,159,2,2
868,160,2,2
868,161,2,2
868,162,2,2
868,163,2,2
868,164,2,2
868,165,2,2
868,166,2,2
868,167,2,2
868,168,2,2
868,169,2,2
868,170,2,2
868,171,2,2
868,172,2,2
868,173,2,2
868,174,2,2
868,175,2,2
868,176,2,2
868,177,2,2
868,178,2,2
868,179,2,2
868,180,2,2
868,181,2,2
868,182,2,2
868,183,2,2
868,184,2,2
868,185,2,2
868,186,2,2
868,187,2,2
868,188,2,2
868,189,2,2
868,190,2,2
868,191,2,2
868,192,2,2
868,193,2,2
868,194,2,2
868,195,2,2
868,196,2,2
868,197,2,2
868,198,2,2
868,199,2,2
868,200,2,2
868,201,2,2
868,202,2,2
868,203,2,2
868,204,2,2
868,205,2,2
868,206,2,2
868,207,2,2
868,208,2,2
868,209,2,2
868,210,2,2
868,211,2,2
868,212,2,2
868,213,2,2
868,214,2,2
868,215,2,2
868,216,2,2
868,217,2,2
868,218,2,2
868,219,2,2
868,220,2,2
868,221,2,2
868,222,2,2
868,223,2,2
868,224,2,2
868,225,2,2
868,226,2,2
868,227,2,2
868,228,2,2
868,229,2,2
868,230,2,2
868,231,2,2
868,232,2,2
868,233,2,2
868,234,2,2
868,235,2,2
868,236,2,2
868,237,2,2
868,238,2,2
868,239,2,2
868,240,2,2
868,241,2,2
868,242,2,2
868,243,2,2
868,244,2,2
868,245,2,2
868,246,2,2
868,247,2,2
868,248,2,2
868,249,2,2
868,250,2,2
868,251,2,2
868,252,2,2
868,253,2,2
868,254,2,2
868,255,2,2
868,256,2,2
868,257,2,2
868,258,2,2
868,259,2,2
868,260,2,2
868,261,2,2
868,262,2,2
868,263,2,2
868,264,2,2
868,265,2,2
868,266,2,2
868,267,2,2
868,268,2,2
868,269,2,2
868,270,2,2
868,271,2,2
868,272,2,2
868,273,2,2
868,274,2,2
868,275,2,2
868,276,2,2
868,277,2,2
868,278,2,2
868,279,2,2
868,280,2,2
868,281,2,2
868,282,2,2
868,283,2,2
868,284,2,2
868,285,2,2
868,286,2,2
868,287,2,2
868,288,2,2
868,289,2,2
868,290,2,2
868,291,2,2
868,292,2,2
868,293,2,3
868,294,2,3
868,295,2,3
868,296,2,3
868,297,2,3
868,298,2,3
868,299,2,3
868,300,2,3
868,301,2,3
868,302,2,3
868,303,2,3
868,304,2,3
868,305,2,3
868,306,2,3
868,307,2,3
868,308,2,3
868,309,2,3
868,310,2,3
868,311,2,3
868,312,2,3
868,313,2,3
868,314,2,3
868,315,2,3
868,316,2,2
868,317,2,2
868,318,2,2
868,319,2,2
868,320,2,2
868,321,2,2
868,322,2,2
868,323,2,2
868,324,2,2
868,325,2,2
868,326,2,2
868,327,2,2
868,328,2,2
868,329,2,2
868,330,2,2
868,331,2,2
868,332,2,2
868,333,2,2
868,334,2,2
868,335,2,2
868,336,2,2
868,337,2,2
868,338,2,2
868,339,2,2
868,340,2,2
868,341,2,2
868,342,2,2
868,343,2,2
868,344,2,2
868,345,2,2
868,346,2,2
868,347,2,2
868,348,2,2
868,349,2,2
868,350,2,2
868,351,2,2
868,352,2,2
868,353,2,2
868,354,2,2
868,355,2,2
868,356,2,2
868,357,2,2
868,358,2,2
868,359,2,2
868,360,2,2
868,361,2,2
868,362,2,2
868,363,2,2
868,364,2,2
868,365,2,2
868,366,2,2
868,367,2,2
868,368,2,2
868,369,2,2
868,370,2,2
868,371,2,2
868,372,2,2
868,373,2,2
868,374,2,2
868,375,2,2
868,376,2,2
868,377,2,2
868,378,2,2
868,379,2,2
868,380,2,2
868,381,2,2
868,382,2,2
868,383,2,2
868,384,2,2
868,385,2,2
868,386,2,2
868,387,2,2
868,388,2,2
868,389,2,2
868,390,2,2
868,391,2,2
868,392,2,2
868,393,2,2
868,394,2,2
868,395,2,2
868,396,2,2
868,397,2,2
868,398,2,2
868,399,2,2
868,400,2,2
868,401,2,2
868,402,2,2
868,403,2,2
868,404,2,2
868,405,2,2
868,406,2,2
868,407,2,2
868,408,2,2
868,409,2,2
868,410,2,2
868,411,2,2
868,412,2,2
868,413,2,2
868,414,2,2
868,415,2,2
868,416,2,2
868,417,2,2
868,418,2,2
868,419,2,2
868,420,2,2
868,421,2,2
868,422,2,2
868,423,2,2
868,424,2,2
868,425,2,2
868,426,2,2
868,427,2,2
868,428,2,2
868,429,2,2
868,430,2,2
868,431,2,2
868,432,2,2
868,433,2,2
868,434,2,2
868,435,2,2
868,436,2,2
868,437,2,2
868,438,2,2
868,439,2,2
868,440,2,2
868,441,2,2
868,442,2,2
868,443,2,2
868,444,2,2
868,445,2,2
868,446,2,2
868,447,2,2
868,448,2,2
868,449,2,2
868,450,2,2
868,451,2,2
868,452,2,2
868,453,2,2
868,454,2,2
868,455,2,2
868,456,2,2
868,457,2,2
868,458,2,2
868,459,2,2
868,460,2,2
868,461,2,2
868,462,2,2
868,463,2,2
868,464,2,2
868,465,2,2
868,466,2,2
868,467,2,2
868,468,2,2
868,469,2,2
868,470,2,2
868,471,2,2
868,472,2,2
868,473,2,2
868,474,2,2
868,475,2,2
868,476,2,2
868,477,2,2
868,478,2,2
868,479,2,2
868,480,2,2
868,481,2,2
868,482,2,2
868,483,2,2
868,484,2,2
868,485,2,2
868,486,2,2
868,487,2,2
868,488,2,2
868,489,2,2
868,490,2,2
868,491,2,2
868,492,2,2
868,493,2,2
868,494,2,2
868,495,2,2
868,496,2,2
868,497,2,2
868,498,2,2
868,499,2,2
868,500,2,2
868,501,2,2
868,502,2,2
868,503,2,2
868,504,2,2
868,505,2,2
868,506,2,2
868,507,2,2
868,508,2,2
868,509,2,2
868,510,2,2
868,511,2,2
868,512,2,2
868,513,2,2
868,514,2,2
868,515,2,2
868,516,2,2
868,517,2,2
868,518,2,2
868,519,2,2
868,520,2,2
868,521,2,2
868,522,2,2
868,523,2,2
868,524,2,2
868,525,2,2
868,526,2,2
868,527,2,2
868,528,2,2
868,529,2,2
868,530,2,2
868,531,2,2
868,532,2,2
868,533,2,2
868,534,2,2
868,535,2,2
868,536,2,2
868,537,2,2
868,538,2,2
868,539,2,2
868,540,2,2
868,541,2,2
868,542,2,2
868,543,2,2
868,544,2,2
868,545,2,2
868,546,2,2
868,547,2,2
868,548,2,2
868,549,2,2
868,550,2,2
868,551,2,3
869,87,2,3
869,88,2,3
869,89,2,3
869,90,2,3
869,91,2,3
869,92,2,3
869,93,2,3
869,94,2,3
869,95,2,3
869,96,2,3
869,97,2,3
869,98,2,3
869,99,2,3
869,100,2,3
869,101,2,3
869,102,2,3
869,103,2,3
869,104,2,3
869,105,2,3
869,106,2,3
869,107,2,3
869,108,2,3
869,109,2,3
869,110,2,3
869,111,2,3
869,112,2,2
869,113,2,2
869,114,2,2
869,115,2,2
869,116,2,2
869,117,2,2
869,118,2,2
869,119,2,2
869,120,2,2
869,121,2,2
869,122,2,2
869,123,2,2
869,124,2,2
869,125,2,2
869,126,2,2
869,127,2,2
869,128,2,2
869,129,2,2
869,130,2,2
869,131,2,2
869,132,2,2
869,133,2,2
869,134,2,2
869,135,2,2
869,136,2,2
869,137,2,2
869,138,2,2
869,139,2,2
869,140,2,2
869,141,2,2
869,142,2,2
869,143,2,2
869,144,2,2
869,145,2,2
869,146,2,2
869,147,2,2
869,148,2,2
869,149,2,2
869,150,2,2
869,151,2,2
869,152,2,2
869,153,2,2
869,154,2,2
869,155,2,2
869,156,2,2
869,157,2,2
869,158,2,2
869,159,2,2
869,160,2,2
869,161,2,2
869,162,2,2
869,163,2,2
869,164,2,2
869,165,2,2
869,166,2,2
869,167,2,2
869,168,2,2
869,169,2,2
869,170,2,2
869,171,2,2
869,172,2,2
869,173,2,2
869,174,2,2
869,175,2,2
869,176,2,2
869,177,2,2
869,178,2,2
869,179,2,2
869,180,2,2
869,181,2,2
869,182,2,2
869,183,2,2
869,184,2,2
869,185,2,2
869,186,2,2
869,187,2,2
869,188,2,2
869,189,2,2
869,190,2,2
869,191,2,2
869,192,2,2
869,193,2,2
869,194,2,2
869,195,2,2
869,196,2,2
869,197,2,2
869,198,2,2
869,199,2,2
869,200,2,2
869,201,2,2
869,202,2,2
869,203,2,2
869,204,2,2
869,205,2,2
869,206,2,2
869,207,2,2
869,208,2,2
869,209,2,2
869,210,2,2
869,211,2,2
869,212,2,2
869,213,2,2
869,214,2,2
869,215,2,2
869,216,2,2
869,217,2,2
869,218,2,2
869,219,2,2
869,220,2,2
869,221,2,2
869,222,2,2
869,223,2,2
869,224,2,2
869,225,2,2
869,226,2,2
869,227,2,2
869,228,2,2
869,229,2,2
869,230,2,2
869,231,2,2
869,232,2,2
869,233,2,2
869,234,2,2
869,235,2,2
869,236,2,2
869,237,2,2
869,238,2,2
869,239,2,2
869,240,2,2
869,241,2,2
869,242,2,2
869,243,2,2
869,244,2,2
869,245,2,2
869,246,2,2
869,247,2,2
869,248,2,2
869,249,2,2
869,250,2,2
869,251,2,2
869,252,2,2
869,253,2,2
869,254,2,2
869,255,2,2
869,256,2,2
869,257,2,2
869,258,2,2
869,259,2,2
869,260,2,2
869,261,2,2
869,262,2,2
869,263,2,2
869,264,2,2
869,265,2,2
869,266,2,2
869,267,2,2
869,268,2,2
869,269,2,2
869,270,2,2
869,271,2,2
869,272,2,2
869,273,2,2
869,274,2,2
869,275,2,2
869,276,2,2
869,277,2,2
869,278,2,2
869,279,2,2
869,280,2,2
869,281,2,2
869,282,2,2
869,283,2,2
869,284,2,2
869,285,2,2
869,286,2,2
869,287,2,2
869,288,2,2
869,289,2,2
869,290,2,2
869,291,2,2
869,292,2,2
869,293,2,2
869,294,2,2
869,295,2,2
869,296,2,2
869,297,2,3
869,298,2,3
869,299,2,3
869,300,2,3
869,301,2,3
869,302,2,3
869,303,2,3
869,304,2,3
869,305,2,3
869,306,2,3
869,307,2,3
869,308,2,3
869,309,2,3
869,310,2,3
869,311,2,3
869,312,2,3
869,313,2,2
869,314,2,2
869,315,2,2
869,316,2,2
869,317,2,2
869,318,2,2
869,319,2,2
869,320,2,2
869,321,2,2
869,322,2,2
869,323,2,2
869,324,2,2
869,325,2,2
869,326,2,2
869,327,2,2
869,328,2,2
869,329,2,2
869,330,2,2
869,331,2,2
869,332,2,2
869,333,2,2
869,334,2,2
869,335,2,2
869,336,2,2
869,337,2,2
869,338,2,2
869,339,2,2
869,340,2,2
869,341,2,2
869,342,2,2
869,343,2,2
869,344,2,2
869,345,2,2
869,346,2,2
869,347,2,2
869,348,2,2
869,349,2,2
869,350,2,2
869,351,2,2
869,352,2,2
869,353,2,2
869,354,2,2
869,355,2,2
869,356,2,2
869,357,2,2
869,358,2,2
869,359,2,2
869,360,2,2
869,361,2,2
869,362,2,2
869,363,2,2
869,364,2,2
869,365,2,2
869,366,2,2
869,367,2,2
869,368,2,2
869,369,2,2
869,370,2,2
869,371,2,2
869,372,2,2
869,373,2,2
869,374,2,2
869,375,2,2
869,376,2,2
869,377,2,2
869,378,2,2
869,379,2,2
869,380,2,3
869,381,2,3
869,382,2,3
869,383,2,2
869,384,2,2
869,385,2,2
869,386,2,2
869,387,2,2
869,388,2,2
869,389,2,2
869,390,2,2
869,391,2,2
869,392,2,2
869,393,2,2
869,394,2,2
869,395,2,2
869,396,2,2
869,397,2,2
869,398,2,2
869,399,2,2
869,400,2,2
869,401,2,2
869,402,2,2
869,403,2,2
869,404,2,3
869,405,2,2
869,406,2,2
869,407,2,2
869,408,2,2
869,409,2,2
869,410,2,2
869,411,2,2
869,412,2,2
869,413,2,2
869,414,2,2
869,415,2,2
869,416,2,2
869,417,2,2
869,418,2,2
869,419,2,2
869,420,2,2
869,421,2,2
869,422,2,2
869,423,2,2
869,424,2,2
869,425,2,2
869,426,2,2
869,427,2,2
869,428,2,2
869,429,2,2
869,430,2,2
869,431,2,2
869,432,2,2
869,433,2,2
869,434,2,2
869,435,2,2
869,436,2,2
869,437,2,2
869,438,2,2
869,439,2,2
869,440,2,2
869,441,2,2
869,442,2,2
869,443,2,2
869,444,2,2
869,445,2,2
869,446,2,2
869,447,2,2
869,448,2,2
869,449,2,2
869,450,2,2
869,451,2,2
869,452,2,2
869,453,2,2
869,454,2,2
869,455,2,2
869,456,2,2
869,457,2,2
869,458,2,2
869,459,2,2
869,460,2,2
869,461,2,2
869,462,2,2
869,463,2,2
869,464,2,2
869,465,2,2
869,466,2,2
869,467,2,2
869,468,2,2
869,469,2,2
869,470,2,2
869,471,2,2
869,472,2,2
869,473,2,2
869,474,2,2
869,475,2,2
869,476,2,2
869,477,2,2
869,478,2,2
869,479,2,2
869,480,2,2
869,481,2,2
869,482,2,2
869,483,2,2
869,484,2,2
869,485,2,2
869,486,2,2
869,487,2,2
869,488,2,2
869,489,2,2
869,490,2,2
869,491,2,2
869,492,2,2
869,493,2,2
869,494,2,2
869,495,2,2
869,496,2,2
869,497,2,2
869,498,2,2
869,499,2,2
869,500,2,2
869,501,2,2
869,502,2,2
869,503,2,2
869,504,2,2
869,505,2,2
869,506,2,2
869,507,2,2
869,508,2,2
869,509,2,2
869,510,2,2
869,511,2,2
869,512,2,2
869,513,2,2
869,514,2,2
869,515,2,2
869,516,2,2
869,517,2,2
869,518,2,2
869,519,2,2
869,520,2,2
869,521,2,2
869,522,2,2
869,523,2,2
869,524,2,2
869,525,2,2
869,526,2,2
869,527,2,2
869,528,2,2
869,529,2,2
869,530,2,2
869,531,2,2
869,532,2,2
869,533,2,2
869,534,2,2
869,535,2,2
869,536,2,2
869,537,2,2
869,538,2,2
869,539,2,2
869,540,2,2
869,541,2,2
869,542,2,2
869,543,2,2
869,544,2,2
869,545,2,2
869,546,2,2
869,547,2,2
869,548,2,2
869,549,2,2
869,550,2,2
869,551,2,2
869,552,2,2
869,553,2,2
870,89,2,3
870,90,2,3
870,91,2,3
870,92,2,3
870,93,2,3
870,94,2,3
870,95,2,3
870,96,2,3
870,97,2,3
870,98,2,3
870,99,2,3
870,100,2,3
870,101,2,3
870,102,2,3
870,103,2,3
870,104,2,3
870,105,2,3
870,106,2,3
870,107,2,3
870,108,2,3
870,109,2,3
870,110,2,3
870,111,2,3
870,112,2,2
870,113,2,2
870,114,2,2
870,115,2,2
870,116,2,2
870,117,2,2
870,118,2,2
870,119,2,2
870,120,2,2
870,121,2,2
870,122,2,2
870,123,2,2
870,124,2,2
870,125,2,2
870,126,2,2
870,127,2,2
870,128,2,2
870,129,2,2
870,130,2,2
870,131,2,2
870,132,2,2
870,133,2,2
870,134,2,2
870,135,2,2
870,136,2,2
870,137,2,2
870,138,2,2
870,139,2,2
870,140,2,2
870,141,2,2
870,142,2,2
870,143,2,2
870,144,2,2
870,145,2,2
870,146,2,2
870,147,2,2
870,148,2,2
870,149,2,2
870,150,2,2
870,151,2,2
870,152,2,2
870,153,2,2
870,154,2,2
870,155,2,2
870,156,2,2
870,157,2,2
870,158,2,2
870,159,2,2
870,160,2,2
870,161,2,2
870,162,2,2
870,163,2,2
870,164,2,2
870,165,2,2
870,166,2,2
870,167,2,2
870,168,2,2
870,169,2,2
870,170,2,2
870,171,2,2
870,172,2,2
870,173,2,2
870,174,2,2
870,175,2,2
870,176,2,2
870,177,2,2
870,178,2,2
870,179,2,2
870,180,2,2
870,181,2,2
870,182,2,2
870,183,2,2
870,184,2,2
870,185,2,2
870,186,2,2
870,187,2,2
870,188,2,2
870,189,2,2
870,190,2,2
870,191,2,2
870,192,2,2
870,193,2,2
870,194,2,2
870,195,2,2
870,196,2,2
870,197,2,2
870,198,2,2
870,199,2,2
870,200,2,2
870,201,2,2
870,202,2,2
870,203,2,2
870,204,2,2
870,205,2,2
870,206,2,2
870,207,2,2
870,208,2,2
870,209,2,2
870,210,2,2
870,211,2,2
870,212,2,2
870,213,2,2
870,214,2,2
870,215,2,2
870,216,2,2
870,217,2,2
870,218,2,2
870,219,2,2
870,220,2,2
870,221,2,2
870,222,2,2
870,223,2,2
870,224,2,2
870,225,2,2
870,226,2,2
870,227,2,2
870,228,2,2
870,229,2,2
870,230,2,2
870,231,2,2
870,232,2,2
870,233,2,2
870,234,2,2
870,235,2,2
870,236,2,2
870,237,2,2
870,238,2,2
870,239,2,2
870,240,2,2
870,241,2,2
870,242,2,2
870,243,2,2
870,244,2,2
870,245,2,2
870,246,2,2
870,247,2,2
870,248,2,2
870,249,2,2
870,250,2,2
870,251,2,2
870,252,2,2
870,253,2,2
870,254,2,2
870,255,2,2
870,256,2,2
870,257,2,2
870,258,2,2
870,259,2,2
870,260,2,2
870,261,2,2
870,262,2,2
870,263,2,2
870,264,2,2
870,265,2,2
870,266,2,2
870,267,2,2
870,268,2,2
870,269,2,2
870,270,2,2
870,271,2,2
870,272,2,2
870,273,2,2
870,274,2,2
870,275,2,2
870,276,2,2
870,277,2,2
870,278,2,2
870,279,2,2
870,280,2,2
870,281,2,2
870,282,2,2
870,283,2,2
870,284,2,2
870,285,2,2
870,286,2,2
870,287,2,2
870,288,2,2
870,289,2,2
870,290,2,2
870,291,2,2
870,292,2,2
870,293,2,2
870,294,2,2
870,295,2,2
870,296,2,2
870,297,2,2
870,298,2,2
870,299,2,3
870,300,2,3
870,301,2,3
870,302,2,3
870,303,2,3
870,304,2,3
870,305,2,3
870,306,2,3
870,307,2,3
870,308,2,3
870,309,2,3
870,310,2,3
870,311,2,3
870,312,2,3
870,313,2,2
870,314,2,2
870,315,2,2
870,316,2,2
870,317,2,2
870,318,2,2
870,319,2,2
870,320,2,2
870,321,2,2
870,322,2,2
870,323,2,2
870,324,2,2
870,325,2,2
870,326,2,2
870,327,2,2
870,328,2,2
870,329,2,2
870,330,2,2
870,331,2,2
870,332,2,2
870,333,2,2
870,334,2,2
870,335,2,2
870,336,2,2
870,337,2,2
870,338,2,2
870,339,2,2
870,340,2,2
870,341,2,2
870,342,2,2
870,343,2,2
870,344,2,2
870,345,2,2
870,346,2,2
870,347,2,2
870,348,2,2
870,349,2,2
870,350,2,2
870,351,2,2
870,352,2,2
870,353,2,2
870,354,2,2
870,355,2,2
870,356,2,2
870,357,2,2
870,358,2,2
870,359,2,2
870,360,2,2
870,361,2,2
870,362,2,2
870,363,2,2
870,364,2,2
870,365,2,2
870,366,2,2
870,367,2,2
870,368,2,2
870,369,2,2
870,370,2,2
870,371,2,2
870,372,2,2
870,373,2,2
870,374,2,2
870,375,2,2
870,376,2,2
870,377,2,3
870,378,2,3
870,379,2,3
870,380,2,3
870,381,2,3
870,382,2,3
870,383,2,3
870,384,2,3
870,385,2,3
870,386,2,3
870,387,2,3
870,388,2,2
870,389,2,2
870,390,2,2
870,391,2,2
870,392,2,2
870,393,2,2
870,394,2,2
870,395,2,2
870,396,2,2
870,397,2,2
870,398,2,2
870,399,2,2
870,400,2,3
870,401,2,3
870,402,2,3
870,403,2,3
870,404,2,3
870,405,2,3
870,406,2,3
870,407,2,3
870,408,2,2
870,409,2,2
870,410,2,2
870,411,2,2
870,412,2,2
870,413,2,2
870,414,2,2
870,415,2,2
870,416,2,2
870,417,2,2
870,418,2,2
870,419,2,2
870,420,2,2
870,421,2,2
870,422,2,2
870,423,2,2
870,424,2,2
870,425,2,2
870,426,2,2
870,427,2,2
870,428,2,2
870,429,2,2
870,430,2,2
870,431,2,2
870,432,2,2
870,433,2,2
870,434,2,2
870,435,2,2
870,436,2,2
870,437,2,2
870,438,2,2
870,439,2,2
870,440,2,2
870,441,2,2
870,442,2,2
870,443,2,2
870,444,2,2
870,445,2,2
870,446,2,2
870,447,2,2
870,448,2,2
870,449,2,2
870,450,2,2
870,451,2,2
870,452,2,2
870,453,2,2
870,454,2,2
870,455,2,2
870,456,2,2
870,457,2,2
870,458,2,2
870,459,2,2
870,460,2,2
870,461,2,2
870,462,2,2
870,463,2,2
870,464,2,2
870,465,2,2
870,466,2,2
870,467,2,2
870,468,2,2
870,469,2,2
870,470,2,2
870,471,2,2
870,472,2,2
870,473,2,2
870,474,2,2
870,475,2,2
870,476,2,2
870,477,2,2
870,478,2,2
870,479,2,2
870,480,2,2
870,481,2,2
870,482,2,2
870,483,2,2
870,484,2,2
870,485,2,2
870,486,2,2
870,487,2,2
870,488,2,2
870,489,2,2
870,490,2,2
870,491,2,2
870,492,2,2
870,493,2,2
870,494,2,2
870,495,2,2
870,496,2,2
870,497,2,2
870,498,2,2
870,499,2,2
870,500,2,2
870,501,2,2
870,502,2,2
870,503,2,2
870,504,2,2
870,505,2,2
870,506,2,2
870,507,2,2
870,508,2,2
870,509,2,2
870,510,2,2
870,511,2,2
870,512,2,2
870,513,2,2
870,514,2,2
870,515,2,2
870,516,2,2
870,517,2,2
870,518,2,2
870,519,2,2
870,520,2,2
870,521,2,2
870,522,2,2
870,523,2,2
870,524,2,2
870,525,2,2
870,526,2,2
870,527,2,2
870,528,2,2
870,529,2,2
870,530,2,2
870,531,2,2
870,532,2,2
870,533,2,2
870,534,2,2
870,535,2,2
870,536,2,2
870,537,2,2
870,538,2,2
870,539,2,2
870,540,2,2
870,541,2,2
870,542,2,2
870,543,2,2
870,544,2,2
870,545,2,2
870,546,2,2
870,547,2,2
870,548,2,2
870,549,2,2
870,550,2,2
870,551,2,2
870,552,2,2
870,553,2,2
870,554,2,3
871,91,2,3
871,92,2,3
871,93,2,3
871,94,2,3
871,95,2,3
871,96,2,3
871,97,2,3
871,98,2,3
871,99,2,3
871,100,2,3
871,101,2,3
871,102,2,3
871,103,2,3
871,104,2,3
871,105,2,3
871,106,2,3
871,107,2,3
871,108,2,3
871,109,2,3
871,110,2,3
871,111,2,2
871,112,2,2
871,113,2,2
871,114,2,2
871,115,2,2
871,116,2,2
871,117,2,2
871,118,2,2
871,119,2,2
871,120,2,2
871,121,2,2
871,122,2,2
871,123,2,2
871,124,2,2
871,125,2,2
871,126,2,2
871,127,2,2
871,128,2,2
871,129,2,2
871,130,2,2
871,131,2,2
871,132,2,2
871,133,2,2
871,134,2,2
871,135,2,2
871,136,2,2
871,137,2,2
871,138,2,2
871,139,2,2
871,140,2,2
871,141,2,2
871,142,2,2
871,143,2,2
871,144,2,2
871,145,2,2
871,146,2,2
871,147,2,2
871,148,2,2
871,149,2,2
871,150,2,2
871,151,2,2
871,152,2,2
871,153,2,2
871,154,2,2
871,155,2,2
871,156,2,2
871,157,2,2
871,158,2,2
871,159,2,2
871,160,2,2
871,161,2,2
871,162,2,2
871,163,2,2
871,164,2,2
871,165,2,2
871,166,2,2
871,167,2,2
871,168,2,2
871,169,2,2
871,170,2,2
871,171,2,2
871,172,2,2
871,173,2,2
871,174,2,2
871,175,2,2
871,176,2,2
871,177,2,2
871,178,2,2
871,179,2,2
871,180,2,2
871,181,2,2
871,182,2,2
871,183,2,2
871,184,2,2
871,185,2,2
871,186,2,2
871,187,2,2
871,188,2,2
871,189,2,2
871,190,2,2
871,191,2,2
871,192,2,2
871,193,2,2
871,194,2,2
871,195,2,2
871,196,2,2
871,197,2,2
871,198,2,2
871,199,2,2
871,200,2,2
871,201,2,2
871,202,2,2
871,203,2,2
871,204,2,2
871,205,2,2
871,206,2,2
871,207,2,2
871,208,2,2
871,209,2,2
871,210,2,2
871,211,2,2
871,212,2,2
871,213,2,2
871,214,2,2
871,215,2,2
871,216,2,2
871,217,2,2
871,218,2,2
871,219,2,2
871,220,2,2
871,221,2,2
871,222,2,2
871,223,2,2
871,224,2,2
871,225,2,2
871,226,2,2
871,227,2,2
871,228,2,2
871,229,2,2
871,230,2,2
871,231,2,2
871,232,2,2
871,233,2,2
871,234,2,2
871,235,2,2
871,236,2,2
871,237,2,2
871,238,2,2
871,239,2,2
871,240,2,2
871,241,2,2
871,242,2,2
871,243,2,2
871,244,2,2
871,245,2,2
871,246,2,2
871,247,2,2
871,248,2,2
871,249,2,2
871,250,2,2
871,251,2,2
871,252,2,2
871,253,2,2
871,254,2,2
871,255,2,2
871,256,2,2
871,257,2,2
871,258,2,2
871,259,2,2
871,260,2,2
871,261,2,2
871,262,2,2
871,263,2,2
871,264,2,2
871,265,2,2
871,266,2,2
871,267,2,2
871,268,2,2
871,269,2,2
871,270,2,2
871,271,2,2
871,272,2,2
871,273,2,2
871,274,2,2
871,275,2,2
871,276,2,2
871,277,2,2
871,278,2,2
871,279,2,2
871,280,2,2
871,281,2,2
871,282,2,2
871,283,2,2
871,284,2,2
871,285,2,2
871,286,2,2
871,287,2,2
871,288,2,2
871,289,2,2
871,290,2,2
871,291,2,2
871,292,2,2
871,293,2,2
871,294,2,2
871,295,2,2
871,296,2,2
871,297,2,2
871,298,2,2
871,299,2,2
871,300,2,2
871,301,2,2
871,302,2,2
871,303,2,2
871,304,2,3
871,305,2,3
871,306,2,3
871,307,2,3
871,308,2,2
871,309,2,2
871,310,2,2
871,311,2,2
871,312,2,2
871,313,2,2
871,314,2,2
871,315,2,2
871,316,2,2
871,317,2,2
871,318,2,2
871,319,2,2
871,320,2,2
871,321,2,2
871,322,2,2
871,323,2,2
871,324,2,2
871,325,2,2
871,326,2,2
871,327,2,2
871,328,2,2
871,329,2,2
871,330,2,2
871,331,2,2
871,332,2,2
871,333,2,2
871,334,2,2
871,335,2,2
871,336,2,2
871,337,2,2
871,338,2,2
871,339,2,2
871,340,2,2
871,341,2,2
871,342,2,2
871,343,2,2
871,344,2,2
871,345,2,2
871,346,2,2
871,347,2,2
871,348,2,2
871,349,2,2
871,350,2,2
871,351,2,2
871,352,2,2
871,353,2,2
871,354,2,2
871,355,2,2
871,356,2,2
871,357,2,2
871,358,2,2
871,359,2,2
871,360,2,2
871,361,2,2
871,362,2,2
871,363,2,2
871,364,2,2
871,365,2,2
871,366,2,2
871,367,2,2
871,368,2,2
871,369,2,2
871,370,2,2
871,371,2,2
871,372,2,2
871,373,2,2
871,374,2,2
871,375,2,3
871,376,2,3
871,377,2,3
871,378,2,3
871,379,2,3
871,380,2,3
871,381,2,3
871,382,2,3
871,383,2,3
871,384,2,3
871,385,2,3
871,386,2,3
871,387,2,3
871,388,2,3
871,389,2,2
871,390,2,2
871,391,2,2
871,392,2,2
871,393,2,2
871,394,2,2
871,395,2,2
871,396,2,3
871,397,2,3
871,398,2,3
871,399,2,3
871,400,2,3
871,401,2,3
871,402,2,3
871,403,2,3
871,404,2,3
871,405,2,3
871,406,2,3
871,407,2,3
871,408,2,3
871,409,2,2
871,410,2,2
871,411,2,2
871,412,2,2
871,413,2,2
871,414,2,2
871,415,2,2
871,416,2,2
871,417,2,2
871,418,2,2
871,419,2,2
871,420,2,2
871,421,2,2
871,422,2,2
871,423,2,2
871,424,2,2
871,425,2,2
871,426,2,2
871,427,2,2
871,428,2,2
871,429,2,2
871,430,2,2
871,431,2,2
871,432,2,2
871,433,2,2
871,434,2,2
871,435,2,2
871,436,2,2
871,437,2,2
871,438,2,2
871,439,2,2
871,440,2,2
871,441,2,2
871,442,2,2
871,443,2,2
871,444,2,2
871,445,2,2
871,446,2,2
871,447,2,2
871,448,2,2
871,449,2,2
871,450,2,2
871,451,2,2
871,452,2,2
871,453,2,2
871,454,2,2
871,455,2,2
871,456,2,2
871,457,2,2
871,458,2,2
871,459,2,2
871,460,2,2
871,461,2,2
871,462,2,2
871,463,2,2
871,464,2,2
871,465,2,2
871,466,2,2
871,467,2,2
871,468,2,2
871,469,2,2
871,470,2,2
871,471,2,2
871,472,2,2
871,473,2,2
871,474,2,2
871,475,2,2
871,476,2,2
871,477,2,2
871,478,2,2
871,479,2,2
871,480,2,2
871,481,2,2
871,482,2,2
871,483,2,2
871,484,2,2
871,485,2,2
871,486,2,2
871,487,2,2
871,488,2,2
871,489,2,2
871,490,2,2
871,491,2,2
871,492,2,2
871,493,2,2
871,494,2,2
871,495,2,2
871,496,2,2
871,497,2,2
871,498,2,2
871,499,2,2
871,500,2,2
871,501,2,2
871,502,2,2
871,503,2,2
871,504,2,2
871,505,2,2
871,506,2,2
871,507,2,2
871,508,2,2
871,509,2,2
871,510,2,2
871,511,2,2
871,512,2,2
871,513,2,2
871,514,2,2
871,515,2,2
871,516,2,2
871,517,2,2
871,518,2,2
871,519,2,2
871,520,2,2
871,521,2,2
871,522,2,2
871,523,2,2
871,524,2,2
871,525,2,2
871,526,2,2
871,527,2,2
871,528,2,2
871,529,2,2
871,530,2,2
871,531,2,2
871,532,2,2
871,533,2,2
871,534,2,2
871,535,2,2
871,536,2,2
871,537,2,2
871,538,2,2
871,539,2,2
871,540,2,2
871,541,2,2
871,542,2,2
871,543,2,2
871,544,2,2
871,545,2,2
871,546,2,2
871,547,2,2
871,548,2,2
871,549,2,2
871,550,2,2
871,551,2,2
871,552,2,2
871,553,2,2
871,554,2,2
871,555,2,3
872,92,2,3
872,93,2,3
872,94,2,3
872,95,2,3
872,96,2,3
872,97,2,3
872,98,2,3
872,99,2,3
872,100,2,3
872,101,2,3
872,102,2,3
872,103,2,3
872,104,2,3
872,105,2,3
872,106,2,3
872,107,2,3
872,108,2,3
872,109,2,3
872,110,2,3
872,111,2,2
872,112,2,2
872,113,2,2
872,114,2,2
872,115,2,2
872,116,2,2
872,117,2,2
872,118,2,2
872,119,2,2
872,120,2,2
872,121,2,2
872,122,2,2
872,123,2,2
872,124,2,2
872,125,2,2
872,126,2,2
872,127,2,2
872,128,2,2
872,129,2,2
872,130,2,2
872,131,2,2
872,132,2,2
872,133,2,2
872,134,2,2
872,135,2,2
872,136,2,2
872,137,2,2
872,138,2,2
872,139,2,2
872,140,2,2
872,141,2,2
872,142,2,2
872,143,2,2
872,144,2,2
872,145,2,2
872,146,2,2
872,147,2,2
872,148,2,2
872,149,2,2
872,150,2,2
872,151,2,2
872,152,2,2
872,153,2,2
872,154,2,2
872,155,2,2
872,156,2,2
872,157,2,2
872,158,2,2
872,159,2,2
872,160,2,2
872,161,2,2
872,162,2,2
872,163,2,2
872,164,2,2
872,165,2,2
872,166,2,2
872,167,2,2
872,168,2,2
872,169,2,2
872,170,2,2
872,171,2,2
872,172,2,2
872,173,2,2
872,174,2,2
872,175,2,2
872,176,2,2
872,177,2,2
872,178,2,2
872,179,2,2
872,180,2,2
872,181,2,2
872,182,2,2
872,183,2,2
872,184,2,2
872,185,2,2
872,186,2,2
872,187,2,2
872,188,2,2
872,189,2,2
872,190,2,2
872,191,2,2
872,192,2,2
872,193,2,2
872,194,2,2
872,195,2,2
872,196,2,2
872,197,2,2
872,198,2,2
872,199,2,2
872,200,2,2
872,201,2,2
872,202,2,2
872,203,2,2
872,204,2,2
872,205,2,2
872,206,2,2
872,207,2,2
872,208,2,2
872,209,2,2
872,210,2,2
872,211,2,2
872,212,2,2
872,213,2,2
872,214,2,2
872,215,2,2
872,216,2,2
872,217,2,2
872,218,2,2
872,219,2,2
872,220,2,2
872,221,2,2
872,222,2,2
872,223,2,2
872,224,2,2
872,225,2,2
872,226,2,2
872,227,2,2
872,228,2,2
872,229,2,2
872,230,2,2
872,231,2,2
872,232,2,2
872,233,2,2
872,234,2,2
872,235,2,2
872,236,2,2
872,237,2,2
872,238,2,2
872,239,2,2
872,240,2,2
872,241,2,2
872,242,2,2
872,243,2,2
872,244,2,2
872,245,2,2
872,246,2,2
872,247,2,2
872,248,2,2
872,249,2,2
872,250,2,2
872,251,2,2
872,252,2,2
872,253,2,2
872,254,2,2
872,255,2,2
872,256,2,2
872,257,2,2
872,258,2,2
872,259,2,2
872,260,2,2
872,261,2,2
872,262,2,2
872,263,2,2
872,264,2,2
872,265,2,2
872,266,2,2
872,267,2,2
872,268,2,2
872,269,2,2
872,270,2,2
872,271,2,2
872,272,2,2
872,273,2,2
872,274,2,2
872,275,2,2
872,276,2,2
872,277,2,2
872,278,2,2
872,279,2,2
872,280,2,2
872,281,2,2
872,282,2,2
872,283,2,2
872,284,2,2
872,285,2,2
872,286,2,2
872,287,2,2
872,288,2,2
872,289,2,2
872,290,2,2
872,291,2,2
872,292,2,2
872,293,2,2
872,294,2,2
872,295,2,2
872,296,2,2
872,297,2,2
872,298,2,2
872,299,2,2
872,300,2,2
872,301,2,2
872,302,2,2
872,303,2,2
872,304,2,2
872,305,2,2
872,306,2,2
872,307,2,2
872,308,2,2
872,309,2,2
872,310,2,2
872,311,2,2
872,312,2,2
872,313,2,2
872,314,2,2
872,315,2,2
872,316,2,2
872,317,2,2
872,318,2,2
872,319,2,2
872,320,2,2
872,321,2,2
872,322,2,2
872,323,2,2
872,324,2,2
872,325,2,2
872,326,2,2
872,327,2,2
872,328,2,2
872,329,2,2
872,330,2,2
872,331,2,2
872,332,2,2
872,333,2,2
872,334,2,2
872,335,2,2
872,336,2,2
872,337,2,2
872,338,2,2
872,339,2,2
872,340,2,2
872,341,2,2
872,342,2,2
872,343,2,2
872,344,2,2
872,345,2,2
872,346,2,2
872,347,2,2
872,348,2,2
872,349,2,2
872,350,2,2
872,351,2,2
872,352,2,2
872,353,2,2
872,354,2,2
872,355,2,2
872,356,2,2
872,357,2,2
872,358,2,2
872,359,2,2
872,360,2,2
872,361,2,2
872,362,2,2
872,363,2,2
872,364,2,2
872,365,2,2
872,366,2,2
872,367,2,2
872,368,2,2
872,369,2,2
872,370,2,2
872,371,2,2
872,372,2,2
872,373,2,2
872,374,2,3
872,375,2,3
872,376,2,3
872,377,2,3
872,378,2,3
872,379,2,3
872,380,2,3
872,381,2,3
872,382,2,3
872,383,2,3
872,384,2,3
872,385,2,3
872,386,2,3
872,387,2,3
872,388,2,3
872,389,2,3
872,390,2,3
872,391,2,3
872,392,2,3
872,393,2,3
872,394,2,3
872,395,2,3
872,396,2,3
872,397,2,3
872,398,2,3
872,399,2,3
872,400,2,3
872,401,2,3
872,402,2,3
872,403,2,3
872,404,2,3
872,405,2,3
872,406,2,3
872,407,2,3
872,408,2,3
872,409,2,2
872,410,2,2
872,411,2,2
872,412,2,2
872,413,2,2
872,414,2,2
872,415,2,2
872,416,2,2
872,417,2,2
872,418,2,2
872,419,2,2
872,420,2,2
872,421,2,2
872,422,2,2
872,423,2,2
872,424,2,2
872,425,2,2
872,426,2,2
872,427,2,2
872,428,2,2
872,429,2,2
872,430,2,2
872,431,2,2
872,432,2,2
872,433,2,2
872,434,2,2
872,435,2,2
872,436,2,2
872,437,2,2
872,438,2,2
872,439,2,2
872,440,2,2
872,441,2,2
872,442,2,2
872,443,2,2
872,444,2,2
872,445,2,2
872,446,2,2
872,447,2,2
872,448,2,2
872,449,2,2
872,450,2,2
872,451,2,2
872,452,2,2
872,453,2,2
872,454,2,2
872,455,2,2
872,456,2,2
872,457,2,2
872,458,2,2
872,459,2,2
872,460,2,2
872,461,2,2
872,462,2,2
872,463,2,2
872,464,2,2
872,465,2,2
872,466,2,2
872,467,2,2
872,468,2,2
872,469,2,2
872,470,2,2
872,471,2,2
872,472,2,2
872,473,2,2
872,474,2,2
872,475,2,2
872,476,2,2
872,477,2,2
872,478,2,2
872,479,2,2
872,480,2,2
872,481,2,2
872,482,2,2
872,483,2,2
872,484,2,2
872,485,2,2
872,486,2,2
872,487,2,2
872,488,2,2
872,489,2,2
872,490,2,2
872,491,2,2
872,492,2,2
872,493,2,2
872,494,2,2
872,495,2,2
872,496,2,2
872,497,2,2
872,498,2,2
872,499,2,2
872,500,2,2
872,501,2,2
872,502,2,2
872,503,2,2
872,504,2,2
872,505,2,2
872,506,2,2
872,507,2,2
872,508,2,2
872,509,2,2
872,510,2,2
872,511,2,2
872,512,2,2
872,513,2,2
872,514,2,2
872,515,2,2
872,516,2,2
872,517,2,2
872,518,2,2
872,519,2,2
872,520,2,2
872,521,2,2
872,522,2,2
872,523,2,2
872,524,2,2
872,525,2,2
872,526,2,2
872,527,2,2
872,528,2,2
872,529,2,2
872,530,2,2
872,531,2,2
872,532,2,2
872,533,2,2
872,534,2,2
872,535,2,2
872,536,2,2
872,537,2,2
872,538,2,2
872,539,2,2
872,540,2,2
872,541,2,2
872,542,2,2
872,543,2,2
872,544,2,2
872,545,2,2
872,546,2,2
872,547,2,2
872,548,2,2
872,549,2,2
872,550,2,2
872,551,2,2
872,552,2,2
872,553,2,2
872,554,2,2
872,555,2,2
873,93,2,2
873,94,2,3
873,95,2,2
873,96,2,3
873,97,2,2
873,98,2,2
873,99,2,2
873,100,2,3
873,101,2,3
873,102,2,3
873,103,2,3
873,104,2,3
873,105,2,3
873,106,2,3
873,107,2,3
873,108,2,3
873,109,2,3
873,110,2,2
873,111,2,2
873,112,2,2
873,113,2,2
873,114,2,2
873,115,2,2
873,116,2,2
873,117,2,2
873,118,2,2
873,119,2,2
873,120,2,2
873,121,2,2
873,122,2,2
873,123,2,2
873,124,2,2
873,125,2,2
873,126,2,2
873,127,2,2
873,128,2,2
873,129,2,2
873,130,2,2
873,131,2,2
873,132,2,2
873,133,2,2
873,134,2,2
873,135,2,2
873,136,2,2
873,137,2,2
873,138,2,2
873,139,2,2
873,140,2,2
873,141,2,2
873,142,2,2
873,143,2,2
873,144,2,2
873,145,2,2
873,146,2,2
873,147,2,2
873,148,2,2
873,149,2,2
873,150,2,2
873,151,2,2
873,152,2,2
873,153,2,2
873,154,2,2
873,155,2,2
873,156,2,2
873,157,2,2
873,158,2,2
873,159,2,2
873,160,2,2
873,161,2,2
873,162,2,2
873,163,2,2
873,164,2,2
873,165,2,2
873,166,2,2
873,167,2,2
873,168,2,2
873,169,2,2
873,170,2,2
873,171,2,2
873,172,2,2
873,173,2,2
873,174,2,2
873,175,2,2
873,176,2,2
873,177,2,2
873,178,2,2
873,179,2,2
873,180,2,2
873,181,2,2
873,182,2,2
873,183,2,2
873,184,2,2
873,185,2,2
873,186,2,2
873,187,2,2
873,188,2,2
873,189,2,2
873,190,2,2
873,191,2,2
873,192,2,2
873,193,2,2
873,194,2,2
873,195,2,2
873,196,2,2
873,197,2,2
873,198,2,2
873,199,2,2
873,200,2,2
873,201,2,2
873,202,2,2
873,203,2,2
873,204,2,2
873,205,2,2
873,206,2,2
873,207,2,2
873,208,2,2
873,209,2,2
873,210,2,2
873,211,2,2
873,212,2,2
873,213,2,2
873,214,2,2
873,215,2,2
873,216,2,2
873,217,2,2
873,218,2,2
873,219,2,2
873,220,2,2
873,221,2,2
873,222,2,2
873,223,2,2
873,224,2,2
873,225,2,2
873,226,2,2
873,227,2,2
873,228,2,2
873,229,2,2
873,230,2,2
873,231,2,2
873,232,2,2
873,233,2,2
873,234,2,2
873,235,2,2
873,236,2,2
873,237,2,2
873,238,2,2
873,239,2,2
873,240,2,2
873,241,2,2
873,242,2,2
873,243,2,2
873,244,2,2
873,245,2,2
873,246,2,2
873,247,2,2
873,248,2,2
873,249,2,2
873,250,2,2
873,251,2,2
873,252,2,2
873,253,2,2
873,254,2,2
873,255,2,2
873,256,2,2
873,257,2,2
873,258,2,2
873,259,2,2
873,260,2,2
873,261,2,2
873,262,2,2
873,263,2,2
873,264,2,2
873,265,2,2
873,266,2,2
873,267,2,2
873,268,2,2
873,269,2,2
873,270,2,2
873,271,2,2
873,272,2,2
873,273,2,2
873,274,2,2
873,275,2,2
873,276,2,2
873,277,2,2
873,278,2,2
873,279,2,2
873,280,2,2
873,281,2,2
873,282,2,2
873,283,2,2
873,284,2,2
873,285,2,2
873,286,2,2
873,287,2,2
873,288,2,2
873,289,2,2
873,290,2,2
873,291,2,2
873,292,2,2
873,293,2,2
873,294,2,2
873,295,2,2
873,296,2,2
873,297,2,2
873,298,2,2
873,299,2,2
873,300,2,2
873,301,2,2
873,302,2,2
873,303,2,2
873,304,2,2
873,305,2,2
873,306,2,2
873,307,2,2
873,308,2,2
873,309,2,2
873,310,2,2
873,311,2,2
873,312,2,2
873,313,2,2
873,314,2,2
873,315,2,2
873,316,2,2
873,317,2,2
873,318,2,2
873,319,2,2
873,320,2,2
873,321,2,2
873,322,2,2
873,323,2,2
873,324,2,2
873,325,2,2
873,326,2,2
873,327,2,2
873,328,2,2
873,329,2,2
873,330,2,2
873,331,2,2
873,332,2,2
873,333,2,2
873,334,2,2
873,335,2,2
873,336,2,2
873,337,2,2
873,338,2,2
873,339,2,2
873,340,2,2
873,341,2,2
873,342,2,2
873,343,2,2
873,344,2,2
873,345,2,2
873,346,2,2
873,347,2,2
873,348,2,2
873,349,2,2
873,350,2,2
873,351,2,2
873,352,2,2
873,353,2,2
873,354,2,2
873,355,2,2
873,356,2,2
873,357,2,2
873,358,2,2
873,359,2,2
873,360,2,2
873,361,2,2
873,362,2,2
873,363,2,2
873,364,2,2
873,365,2,2
873,366,2,2
873,367,2,2
873,368,2,2
873,369,2,2
873,370,2,2
873,371,2,2
873,372,2,2
873,373,2,2
873,374,2,3
873,375,2,3
873,376,2,3
873,377,2,3
873,378,2,3
873,379,2,3
873,380,2,3
873,381,2,3
873,382,2,3
873,383,2,3
873,384,2,3
873,385,2,3
873,386,2,3
873,387,2,3
873,388,2,3
873,389,2,3
873,390,2,3
873,391,2,3
873,392,2,3
873,393,2,3
873,394,2,3
873,395,2,3
873,396,2,3
873,397,2,3
873,398,2,3
873,399,2,3
873,400,2,3
873,401,2,3
873,402,2,3
873,403,2,3
873,404,2,3
873,405,2,3
873,406,2,3
873,407,2,3
873,408,2,3
873,409,2,2
873,410,2,2
873,411,2,2
873,412,2,2
873,413,2,2
873,414,2,2
873,415,2,2
873,416,2,2
873,417,2,2
873,418,2,2
873,419,2,2
873,420,2,2
873,421,2,2
873,422,2,2
873,423,2,2
873,424,2,2
873,425,2,2
873,426,2,2
873,427,2,2
873,428,2,2
873,429,2,2
873,430,2,2
873,431,2,2
873,432,2,2
873,433,2,2
873,434,2,2
873,435,2,2
873,436,2,2
873,437,2,2
873,438,2,2
873,439,2,2
873,440,2,2
873,441,2,2
873,442,2,2
873,443,2,2
873,444,2,2
873,445,2,2
873,446,2,2
873,447,2,2
873,448,2,2
873,449,2,2
873,450,2,2
873,451,2,2
873,452,2,2
873,453,2,2
873,454,2,2
873,455,2,2
873,456,2,2
873,457,2,2
873,458,2,2
873,459,2,2
873,460,2,2
873,461,2,2
873,462,2,2
873,463,2,2
873,464,2,2
873,465,2,2
873,466,2,2
873,467,2,2
873,468,2,2
873,469,2,2
873,470,2,2
873,471,2,2
873,472,2,2
873,473,2,2
873,474,2,2
873,475,2,2
873,476,2,2
873,477,2,2
873,478,2,2
873,479,2,2
873,480,2,2
873,481,2,2
873,482,2,2
873,483,2,2
873,484,2,2
873,485,2,2
873,486,2,2
873,487,2,2
873,488,2,2
873,489,2,2
873,490,2,2
873,491,2,2
873,492,2,2
873,493,2,2
873,494,2,2
873,495,2,2
873,496,2,2
873,497,2,2
873,498,2,2
873,499,2,2
873,500,2,2
873,501,2,2
873,502,2,2
873,503,2,2
873,504,2,2
873,505,2,2
873,506,2,2
873,507,2,2
873,508,2,2
873,509,2,2
873,510,2,2
873,511,2,2
873,512,2,2
873,513,2,2
873,514,2,2
873,515,2,2
873,516,2,2
873,517,2,2
873,518,2,2
873,519,2,2
873,520,2,2
873,521,2,2
873,522,2,2
873,523,2,2
873,524,2,2
873,525,2,2
873,526,2,2
873,527,2,2
873,528,2,2
873,529,2,2
873,530,2,2
873,531,2,2
873,532,2,2
873,533,2,2
873,534,2,2
873,535,2,2
873,536,2,2
873,537,2,2
873,538,2,2
873,539,2,2
873,540,2,2
873,541,2,2
873,542,2,2
873,543,2,2
873,544,2,2
873,545,2,2
873,546,2,2
873,547,2,2
873,548,2,2
873,549,2,2
873,550,2,2
873,551,2,2
873,552,2,2
873,553,2,2
873,554,2,2
873,555,2,2
873,556,2,2
874,94,2,2
874,95,2,2
874,96,2,2
874,97,2,2
874,98,2,2
874,99,2,2
874,100,2,2
874,101,2,2
874,102,2,3
874,103,2,3
874,104,2,3
874,105,2,3
874,106,2,3
874,107,2,3
874,108,2,3
874,109,2,2
874,110,2,2
874,111,2,2
874,112,2,2
874,113,2,2
874,114,2,2
874,115,2,2
874,116,2,2
874,117,2,2
874,118,2,2
874,119,2,2
874,120,2,2
874,121,2,2
874,122,2,2
874,123,2,2
874,124,2,2
874,125,2,2
874,126,2,2
874,127,2,2
874,128,2,2
874,129,2,2
874,130,2,2
874,131,2,2
874,132,2,2
874,133,2,2
874,134,2,2
874,135,2,2
874,136,2,2
874,137,2,2
874,138,2,2
874,139,2,2
874,140,2,2
874,141,2,2
874,142,2,2
874,143,2,2
874,144,2,2
874,145,2,2
874,146,2,2
874,147,2,2
874,148,2,2
874,149,2,2
874,150,2,2
874,151,2,2
874,152,2,2
874,153,2,2
874,154,2,2
874,155,2,2
874,156,2,2
874,157,2,2
874,158,2,2
874,159,2,2
874,160,2,2
874,161,2,2
874,162,2,2
874,163,2,2
874,164,2,2
874,165,2,2
874,166,2,2
874,167,2,2
874,168,2,2
874,169,2,2
874,170,2,2
874,171,2,2
874,172,2,2
874,173,2,2
874,174,2,2
874,175,2,2
874,176,2,2
874,177,2,2
874,178,2,2
874,179,2,2
874,180,2,2
874,181,2,2
874,182,2,2
874,183,2,2
874,184,2,2
874,185,2,2
874,186,2,2
874,187,2,2
874,188,2,2
874,189,2,2
874,190,2,2
874,191,2,2
874,192,2,2
874,193,2,2
874,194,2,2
874,195,2,2
874,196,2,2
874,197,2,2
874,198,2,2
874,199,2,2
874,200,2,2
874,201,2,2
874,202,2,2
874,203,2,2
874,204,2,2
874,205,2,2
874,206,2,2
874,207,2,2
874,208,2,2
874,209,2,2
874,210,2,2
874,211,2,2
874,212,2,2
874,213,2,2
874,214,2,2
874,215,2,2
874,216,2,2
874,217,2,2
874,218,2,2
874,219,2,2
874,220,2,2
874,221,2,2
874,222,2,2
874,223,2,2
874,224,2,2
874,225,2,2
874,226,2,2
874,227,2,2
874,228,2,2
874,229,2,2
874,230,2,2
874,231,2,2
874,232,2,2
874,233,2,2
874,234,2,2
874,235,2,2
874,236,2,2
874,237,2,2
874,238,2,2
874,239,2,2
874,240,2,2
874,241,2,2
874,242,2,2
874,243,2,2
874,244,2,2
874,245,2,2
874,246,2,2
874,247,2,2
874,248,2,2
874,249,2,2
874,250,2,2
874,251,2,2
874,252,2,2
874,253,2,2
874,254,2,2
874,255,2,2
874,256,2,2
874,257,2,2
874,258,2,2
874,259,2,2
874,260,2,2
874,261,2,2
874,262,2,2
874,263,2,2
874,264,2,2
874,265,2,2
874,266,2,2
874,267,2,2
874,268,2,2
874,269,2,2
874,270,2,2
874,271,2,2
874,272,2,2
874,273,2,2
874,274,2,2
874,275,2,2
874,276,2,2
874,277,2,2
874,278,2,2
874,279,2,2
874,280,2,2
874,281,2,2
874,282,2,2
874,283,2,2
874,284,2,2
874,285,2,2
874,286,2,2
874,287,2,2
874,288,2,2
874,289,2,2
874,290,2,2
874,291,2,2
874,292,2,2
874,293,2,2
874,294,2,2
874,295,2,2
874,296,2,2
874,297,2,2
874,298,2,2
874,299,2,2
874,300,2,2
874,301,2,2
874,302,2,2
874,303,2,2
874,304,2,2
874,305,2,2
874,306,2,2
874,307,2,2
874,308,2,2
874,309,2,2
874,310,2,2
874,311,2,2
874,312,2,2
874,313,2,2
874,314,2,2
874,315,2,2
874,316,2,2
874,317,2,2
874,318,2,2
874,319,2,2
874,320,2,2
874,321,2,2
874,322,2,2
874,323,2,2
874,324,2,2
874,325,2,2
874,326,2,2
874,327,2,2
874,328,2,2
874,329,2,2
874,330,2,2
874,331,2,2
874,332,2,2
874,333,2,2
874,334,2,2
874,335,2,2
874,336,2,2
874,337,2,2
874,338,2,2
874,339,2,2
874,340,2,2
874,341,2,2
874,342,2,2
874,343,2,2
874,344,2,2
874,345,2,2
874,346,2,2
874,347,2,2
874,348,2,2
874,349,2,2
874,350,2,2
874,351,2,2
874,352,2,2
874,353,2,2
874,354,2,2
874,355,2,2
874,356,2,2
874,357,2,2
874,358,2,2
874,359,2,2
874,360,2,2
874,361,2,2
874,362,2,2
874,363,2,2
874,364,2,2
874,365,2,2
874,366,2,2
874,367,2,2
874,368,2,2
874,369,2,2
874,370,2,2
874,371,2,2
874,372,2,2
874,373,2,2
874,374,2,3
874,375,2,3
874,376,2,3
874,377,2,3
874,378,2,3
874,379,2,3
874,380,2,3
874,381,2,3
874,382,2,3
874,383,2,3
874,384,2,3
874,385,2,3
874,386,2,3
874,387,2,3
874,388,2,3
874,389,2,3
874,390,2,3
874,391,2,3
874,392,2,3
874,393,2,3
874,394,2,3
874,395,2,3
874,396,2,3
874,397,2,3
874,398,2,3
874,399,2,3
874,400,2,3
874,401,2,3
874,402,2,3
874,403,2,3
874,404,2,3
874,405,2,3
874,406,2,3
874,407,2,3
874,408,2,3
874,409,2,2
874,410,2,2
874,411,2,2
874,412,2,2
874,413,2,2
874,414,2,2
874,415,2,2
874,416,2,2
874,417,2,2
874,418,2,2
874,419,2,2
874,420,2,2
874,421,2,2
874,422,2,2
874,423,2,2
874,424,2,2
874,425,2,2
874,426,2,2
874,427,2,2
874,428,2,2
874,429,2,2
874,430,2,2
874,431,2,2
874,432,2,2
874,433,2,2
874,434,2,2
874,435,2,2
874,436,2,2
874,437,2,2
874,438,2,2
874,439,2,2
874,440,2,2
874,441,2,2
874,442,2,2
874,443,2,2
874,444,2,2
874,445,2,2
874,446,2,2
874,447,2,2
874,448,2,2
874,449,2,2
874,450,2,2
874,451,2,2
874,452,2,2
874,453,2,2
874,454,2,2
874,455,2,2
874,456,2,2
874,457,2,2
874,458,2,2
874,459,2,2
874,460,2,2
874,461,2,2
874,462,2,2
874,463,2,2
874,464,2,2
874,465,2,2
874,466,2,2
874,467,2,2
874,468,2,2
874,469,2,2
874,470,2,2
874,471,2,2
874,472,2,2
874,473,2,2
874,474,2,2
874,475,2,2
874,476,2,2
874,477,2,2
874,478,2,2
874,479,2,2
874,480,2,2
874,481,2,2
874,482,2,2
874,483,2,2
874,484,2,2
874,485,2,2
874,486,2,2
874,487,2,2
874,488,2,2
874,489,2,2
874,490,2,2
874,491,2,2
874,492,2,2
874,493,2,2
874,494,2,2
874,495,2,2
874,496,2,2
874,497,2,2
874,498,2,2
874,499,2,2
874,500,2,2
874,501,2,2
874,502,2,2
874,503,2,2
874,504,2,2
874,505,2,2
874,506,2,2
874,507,2,2
874,508,2,2
874,509,2,2
874,510,2,2
874,511,2,2
874,512,2,2
874,513,2,2
874,514,2,2
874,515,2,2
874,516,2,2
874,517,2,2
874,518,2,2
874,519,2,2
874,520,2,2
874,521,2,2
874,522,2,2
874,523,2,2
874,524,2,2
874,525,2,2
874,526,2,2
874,527,2,2
874,528,2,2
874,529,2,2
874,530,2,2
874,531,2,2
874,532,2,2
874,533,2,2
874,534,2,2
874,535,2,2
874,536,2,2
874,537,2,2
874,538,2,2
874,539,2,2
874,540,2,2
874,541,2,2
874,542,2,2
874,543,2,2
874,544,2,2
874,545,2,2
874,546,2,2
874,547,2,2
874,548,2,2
874,549,2,2
874,550,2,2
874,551,2,2
874,552,2,2
874,553,2,2
874,554,2,2
874,555,2,2
874,556,2,2
874,557,2,3
875,94,2,2
875,95,2,2
875,96,2,2
875,97,2,2
875,98,2,2
875,99,2,2
875,100,2,2
875,101,2,2
875,102,2,2
875,103,2,2
875,104,2,2
875,105,2,2
875,106,2,2
875,107,2,2
875,108,2,2
875,109,2,2
875,110,2,2
875,111,2,2
875,112,2,2
875,113,2,2
875,114,2,2
875,115,2,2
875,116,2,2
875,117,2,2
875,118,2,2
875,119,2,2
875,120,2,2
875,121,2,2
875,122,2,2
875,123,2,2
875,124,2,2
875,125,2,2
875,126,2,2
875,127,2,2
875,128,2,2
875,129,2,2
875,130,2,2
875,131,2,2
875,132,2,2
875,133,2,2
875,134,2,2
875,135,2,2
875,136,2,2
875,137,2,2
875,138,2,2
875,139,2,2
875,140,2,2
875,141,2,2
875,142,2,2
875,143,2,2
875,144,2,2
875,145,2,2
875,146,2,2
875,147,2,2
875,148,2,2
875,149,2,2
875,150,2,2
875,151,2,2
875,152,2,2
875,153,2,2
875,154,2,2
875,155,2,2
875,156,2,2
875,157,2,2
875,158,2,2
875,159,2,2
875,160,2,2
875,161,2,2
875,162,2,2
875,163,2,2
875,164,2,2
875,165,2,2
875,166,2,2
875,167,2,2
875,168,2,2
875,169,2,2
875,170,2,2
875,171,2,2
875,172,2,2
875,173,2,2
875,174,2,2
875,175,2,2
875,176,2,2
875,177,2,2
875,178,2,2
875,179,2,2
875,180,2,2
875,181,2,2
875,182,2,2
875,183,2,2
875,184,2,2
875,185,2,2
875,186,2,2
875,187,2,2
875,188,2,2
875,189,2,2
875,190,2,2
875,191,2,2
875,192,2,2
875,193,2,2
875,194,2,2
875,195,2,2
875,196,2,2
875,197,2,2
875,198,2,2
875,199,2,2
875,200,2,2
875,201,2,2
875,202,2,2
875,203,2,2
875,204,2,2
875,205,2,2
875,206,2,2
875,207,2,2
875,208,2,2
875,209,2,2
875,210,2,2
875,211,2,2
875,212,2,2
875,213,2,2
875,214,2,2
875,215,2,2
875,216,2,2
875,217,2,2
875,218,2,2
875,219,2,2
875,220,2,2
875,221,2,2
875,222,2,2
875,223,2,2
875,224,2,2
875,225,2,2
875,226,2,2
875,227,2,2
875,228,2,2
875,229,2,2
875,230,2,2
875,231,2,2
875,232,2,2
875,233,2,2
875,234,2,2
875,235,2,2
875,236,2,2
875,237,2,2
875,238,2,2
875,239,2,2
875,240,2,2
875,241,2,2
875,242,2,2
875,243,2,2
875,244,2,2
875,245,2,2
875,246,2,2
875,247,2,2
875,248,2,2
875,249,2,2
875,250,2,2
875,251,2,2
875,252,2,2
875,253,2,2
875,254,2,2
875,255,2,2
875,256,2,2
875,257,2,2
875,258,2,2
875,259,2,2
875,260,2,2
875,261,2,2
875,262,2,2
875,263,2,2
875,264,2,2
875,265,2,2
875,266,2,2
875,267,2,2
875,268,2,2
875,269,2,2
875,270,2,2
875,271,2,2
875,272,2,2
875,273,2,2
875,274,2,2
875,275,2,2
875,276,2,2
875,277,2,2
875,278,2,2
875,279,2,2
875,280,2,2
875,281,2,2
875,282,2,2
875,283,2,2
875,284,2,2
875,285,2,2
875,286,2,2
875,287,2,2
875,288,2,2
875,289,2,2
875,290,2,2
875,291,2,2
875,292,2,2
875,293,2,2
875,294,2,2
875,295,2,2
875,296,2,2
875,297,2,2
875,298,2,2
875,299,2,2
875,300,2,2
875,301,2,2
875,302,2,2
875,303,2,2
875,304,2,2
875,305,2,2
875,306,2,2
875,307,2,2
875,308,2,2
875,309,2,2
875,310,2,2
875,311,2,2
875,312,2,2
875,313,2,2
875,314,2,2
875,315,2,2
875,316,2,2
875,317,2,2
875,318,2,2
875,319,2,2
875,320,2,2
875,321,2,2
875,322,2,2
875,323,2,2
875,324,2,2
875,325,2,2
875,326,2,2
875,327,2,2
875,328,2,2
875,329,2,2
875,330,2,2
875,331,2,2
875,332,2,2
875,333,2,2
875,334,2,2
875,335,2,2
875,336,2,2
875,337,2,2
875,338,2,2
875,339,2,2
875,340,2,2
875,341,2,2
875,342,2,2
875,343,2,2
875,344,2,2
875,345,2,2
875,346,2,2
875,347,2,2
875,348,2,2
875,349,2,2
875,350,2,2
875,351,2,2
875,352,2,2
875,353,2,2
875,354,2,2
875,355,2,2
875,356,2,2
875,357,2,2
875,358,2,2
875,359,2,2
875,360,2,2
875,361,2,2
875,362,2,2
875,363,2,2
875,364,2,2
875,365,2,2
875,366,2,2
875,367,2,2
875,368,2,2
875,369,2,2
875,370,2,2
875,371,2,2
875,372,2,2
875,373,2,3
875,374,2,3
875,375,2,3
875,376,2,3
875,377,2,3
875,378,2,3
875,379,2,3
875,380,2,3
875,381,2,3
875,382,2,3
875,383,2,3
875,384,2,3
875,385,2,3
875,386,2,3
875,387,2,3
875,388,2,3
875,389,2,3
875,390,2,3
875,391,2,3
875,392,2,3
875,393,2,3
875,394,2,3
875,395,2,3
875,396,2,3
875,397,2,3
875,398,2,3
875,399,2,3
875,400,2,3
875,401,2,3
875,402,2,3
875,403,2,3
875,404,2,3
875,405,2,3
875,406,2,3
875,407,2,3
875,408,2,3
875,409,2,2
875,410,2,2
875,411,2,2
875,412,2,2
875,413,2,2
875,414,2,2
875,415,2,2
875,416,2,2
875,417,2,2
875,418,2,2
875,419,2,2
875,420,2,2
875,421,2,2
875,422,2,2
875,423,2,2
875,424,2,2
875,425,2,2
875,426,2,2
875,427,2,2
875,428,2,2
875,429,2,2
875,430,2,2
875,431,2,2
875,432,2,2
875,433,2,2
875,434,2,2
875,435,2,2
875,436,2,2
875,437,2,2
875,438,2,2
875,439,2,2
875,440,2,2
875,441,2,2
875,442,2,2
875,443,2,2
875,444,2,2
875,445,2,2
875,446,2,2
875,447,2,2
875,448,2,2
875,449,2,2
875,450,2,2
875,451,2,2
875,452,2,2
875,453,2,2
875,454,2,2
875,455,2,2
875,456,2,2
875,457,2,2
875,458,2,2
875,459,2,2
875,460,2,2
875,461,2,2
875,462,2,2
875,463,2,2
875,464,2,2
875,465,2,2
875,466,2,2
875,467,2,2
875,468,2,2
875,469,2,2
875,470,2,2
875,471,2,2
875,472,2,2
875,473,2,2
875,474,2,2
875,475,2,2
875,476,2,2
875,477,2,2
875,478,2,2
875,479,2,2
875,480,2,2
875,481,2,2
875,482,2,2
875,483,2,2
875,484,2,2
875,485,2,2
875,486,2,2
875,487,2,2
875,488,2,2
875,489,2,2
875,490,2,2
875,491,2,2
875,492,2,2
875,493,2,2
875,494,2,2
875,495,2,2
875,496,2,2
875,497,2,2
875,498,2,2
875,499,2,2
875,500,2,2
875,501,2,2
875,502,2,2
875,503,2,2
875,504,2,2
875,505,2,2
875,506,2,2
875,507,2,2
875,508,2,2
875,509,2,2
875,510,2,2
875,511,2,2
875,512,2,2
875,513,2,2
875,514,2,2
875,515,2,2
875,516,2,2
875,517,2,2
875,518,2,2
875,519,2,2
875,520,2,2
875,521,2,2
875,522,2,2
875,523,2,2
875,524,2,2
875,525,2,2
875,526,2,2
875,527,2,2
875,528,2,2
875,529,2,2
875,530,2,2
875,531,2,2
875,532,2,2
875,533,2,2
875,534,2,2
875,535,2,2
875,536,2,2
875,537,2,2
875,538,2,2
875,539,2,2
875,540,2,2
875,541,2,2
875,542,2,2
875,543,2,2
875,544,2,2
875,545,2,2
875,546,2,2
875,547,2,2
875,548,2,2
875,549,2,2
875,550,2,2
875,551,2,2
875,552,2,2
875,553,2,2
875,554,2,2
875,555,2,2
875,556,2,2
875,557,2,2
876,95,2,2
876,96,2,2
876,97,2,2
876,98,2,2
876,99,2,2
876,100,2,2
876,101,2,2
876,102,2,2
876,103,2,2
876,104,2,2
876,105,2,2
876,106,2,2
876,107,2,2
876,108,2,2
876,109,2,2
876,110,2,2
876,111,2,2
876,112,2,2
876,113,2,2
876,114,2,2
876,115,2,2
876,116,2,2
876,117,2,2
876,118,2,2
876,119,2,2
876,120,2,2
876,121,2,2
876,122,2,2
876,123,2,2
876,124,2,2
876,125,2,2
876,126,2,2
876,127,2,2
876,128,2,2
876,129,2,2
876,130,2,2
876,131,2,2
876,132,2,2
876,133,2,2
876,134,2,2
876,135,2,2
876,136,2,2
876,137,2,2
876,138,2,2
876,139,2,2
876,140,2,2
876,141,2,2
876,142,2,2
876,143,2,2
876,144,2,2
876,145,2,2
876,146,2,2
876,147,2,2
876,148,2,2
876,149,2,2
876,150,2,2
876,151,2,2
876,152,2,2
876,153,2,2
876,154,2,2
876,155,2,2
876,156,2,2
876,157,2,2
876,158,2,2
876,159,2,2
876,160,2,2
876,161,2,2
876,162,2,2
876,163,2,2
876,164,2,2
876,165,2,2
876,166,2,2
876,167,2,2
876,168,2,2
876,169,2,2
876,170,2,2
876,171,2,2
876,172,2,2
876,173,2,2
876,174,2,2
876,175,2,2
876,176,2,2
876,177,2,2
876,178,2,2
876,179,2,2
876,180,2,2
876,181,2,2
876,182,2,2
876,183,2,2
876,184,2,2
876,185,2,2
876,186,2,2
876,187,2,2
876,188,2,2
876,189,2,2
876,190,2,2
876,191,2,2
876,192,2,2
876,193,2,2
876,194,2,2
876,195,2,2
876,196,2,2
876,197,2,2
876,198,2,2
876,199,2,2
876,200,2,2
876,201,2,2
876,202,2,2
876,203,2,2
876,204,2,2
876,205,2,2
876,206,2,2
876,207,2,2
876,208,2,2
876,209,2,2
876,210,2,2
876,211,2,2
876,212,2,2
876,213,2,2
876,214,2,2
876,215,2,2
876,216,2,2
876,217,2,2
876,218,2,2
876,219,2,2
876,220,2,2
876,221,2,2
876,222,2,2
876,223,2,2
876,224,2,2
876,225,2,2
876,226,2,2
876,227,2,2
876,228,2,2
876,229,2,2
876,230,2,2
876,231,2,2
876,232,2,2
876,233,2,2
876,234,2,2
876,235,2,2
876,236,2,2
876,237,2,2
876,238,2,2
876,239,2,2
876,240,2,2
876,241,2,2
876,242,2,2
876,243,2,2
876,244,2,2
876,245,2,2
876,246,2,2
876,247,2,2
876,248,2,2
876,249,2,2
876,250,2,2
876,251,2,2
876,252,2,2
876,253,2,2
876,254,2,2
876,255,2,2
876,256,2,2
876,257,2,2
876,258,2,2
876,259,2,2
876,260,2,2
876,261,2,2
876,262,2,2
876,263,2,2
876,264,2,2
876,265,2,2
876,266,2,2
876,267,2,2
876,268,2,2
876,269,2,2
876,270,2,2
876,271,2,2
876,272,2,2
876,273,2,2
876,274,2,2
876,275,2,2
876,276,2,2
876,277,2,2
876,278,2,2
876,279,2,2
876,280,2,2
876,281,2,2
876,282,2,2
876,283,2,2
876,284,2,2
876,285,2,2
876,286,2,2
876,287,2,2
876,288,2,2
876,289,2,2
876,290,2,2
876,291,2,2
876,292,2,2
876,293,2,2
876,294,2,2
876,295,2,2
876,296,2,2
876,297,2,2
876,298,2,2
876,299,2,2
876,300,2,2
876,301,2,2
876,302,2,2
876,303,2,2
876,304,2,2
876,305,2,2
876,306,2,2
876,307,2,2
876,308,2,2
876,309,2,2
876,310,2,2
876,311,2,2
876,312,2,2
876,313,2,2
876,314,2,2
876,315,2,2
876,316,2,2
876,317,2,2
876,318,2,2
876,319,2,2
876,320,2,2
876,321,2,2
876,322,2,2
876,323,2,2
876,324,2,2
876,325,2,2
876,326,2,2
876,327,2,2
876,328,2,2
876,329,2,2
876,330,2,2
876,331,2,2
876,332,2,2
876,333,2,2
876,334,2,2
876,335,2,2
876,336,2,2
876,337,2,2
876,338,2,2
876,339,2,2
876,340,2,2
876,341,2,2
876,342,2,2
876,343,2,2
876,344,2,2
876,345,2,2
876,346,2,2
876,347,2,2
876,348,2,2
876,349,2,2
876,350,2,2
876,351,2,2
876,352,2,2
876,353,2,2
876,354,2,2
876,355,2,2
876,356,2,2
876,357,2,2
876,358,2,2
876,359,2,2
876,360,2,2
876,361,2,2
876,362,2,2
876,363,2,2
876,364,2,2
876,365,2,2
876,366,2,2
876,367,2,2
876,368,2,2
876,369,2,2
876,370,2,2
876,371,2,2
876,372,2,3
876,373,2,3
876,374,2,3
876,375,2,3
876,376,2,3
876,377,2,3
876,378,2,3
876,379,2,3
876,380,2,3
876,381,2,3
876,382,2,3
876,383,2,3
876,384,2,3
876,385,2,3
876,386,2,3
876,387,2,3
876,388,2,3
876,389,2,3
876,390,2,3
876,391,2,3
876,392,2,3
876,393,2,3
876,394,2,3
876,395,2,3
876,396,2,3
876,397,2,3
876,398,2,3
876,399,2,3
876,400,2,3
876,401,2,3
876,402,2,3
876,403,2,3
876,404,2,3
876,405,2,3
876,406,2,3
876,407,2,3
876,408,2,3
876,409,2,2
876,410,2,2
876,411,2,2
876,412,2,2
876,413,2,2
876,414,2,2
876,415,2,2
876,416,2,2
876,417,2,2
876,418,2,2
876,419,2,2
876,420,2,2
876,421,2,2
876,422,2,2
876,423,2,2
876,424,2,2
876,425,2,2
876,426,2,2
876,427,2,2
876,428,2,2
876,429,2,2
876,430,2,2
876,431,2,2
876,432,2,2
876,433,2,2
876,434,2,2
876,435,2,2
876,436,2,2
876,437,2,2
876,438,2,2
876,439,2,2
876,440,2,2
876,441,2,2
876,442,2,2
876,443,2,2
876,444,2,2
876,445,2,2
876,446,2,2
876,447,2,2
876,448,2,2
876,449,2,2
876,450,2,2
876,451,2,2
876,452,2,2
876,453,2,2
876,454,2,2
876,455,2,2
876,456,2,2
876,457,2,2
876,458,2,2
876,459,2,2
876,460,2,2
876,461,2,2
876,462,2,2
876,463,2,2
876,464,2,2
876,465,2,2
876,466,2,2
876,467,2,2
876,468,2,2
876,469,2,2
876,470,2,2
876,471,2,2
876,472,2,2
876,473,2,2
876,474,2,2
876,475,2,2
876,476,2,2
876,477,2,2
876,478,2,2
876,479,2,2
876,480,2,2
876,481,2,2
876,482,2,2
876,483,2,2
876,484,2,2
876,485,2,2
876,486,2,2
876,487,2,2
876,488,2,2
876,489,2,2
876,490,2,2
876,491,2,2
876,492,2,2
876,493,2,2
876,494,2,2
876,495,2,2
876,496,2,2
876,497,2,2
876,498,2,2
876,499,2,2
876,500,2,2
876,501,2,2
876,502,2,2
876,503,2,2
876,504,2,2
876,505,2,2
876,506,2,2
876,507,2,2
876,508,2,2
876,509,2,2
876,510,2,2
876,511,2,2
876,512,2,2
876,513,2,2
876,514,2,2
876,515,2,2
876,516,2,2
876,517,2,2
876,518,2,2
876,519,2,2
876,520,2,2
876,521,2,2
876,522,2,2
876,523,2,2
876,524,2,2
876,525,2,2
876,526,2,2
876,527,2,2
876,528,2,2
876,529,2,2
876,530,2,2
876,531,2,2
876,532,2,2
876,533,2,2
876,534,2,2
876,535,2,2
876,536,2,2
876,537,2,2
876,538,2,2
876,539,2,2
876,540,2,2
876,541,2,2
876,542,2,2
876,543,2,2
876,544,2,2
876,545,2,2
876,546,2,2
876,547,2,2
876,548,2,2
876,549,2,2
876,550,2,2
876,551,2,2
876,552,2,2
876,553,2,2
876,554,2,2
876,555,2,2
876,556,2,2
876,557,2,2
877,95,2,2
877,96,2,2
877,97,2,2
877,98,2,2
877,99,2,2
877,100,2,2
877,101,2,2
877,102,2,2
877,103,2,2
877,104,2,2
877,105,2,2
877,106,2,2
877,107,2,2
877,108,2,2
877,109,2,2
877,110,2,2
877,111,2,2
877,112,2,2
877,113,2,2
877,114,2,2
877,115,2,2
877,116,2,2
877,117,2,2
877,118,2,2
877,119,2,2
877,120,2,2
877,121,2,2
877,122,2,2
877,123,2,2
877,124,2,2
877,125,2,2
877,126,2,2
877,127,2,2
877,128,2,2
877,129,2,2
877,130,2,2
877,131,2,2
877,132,2,2
877,133,2,2
877,134,2,2
877,135,2,2
877,136,2,2
877,137,2,2
877,138,2,2
877,139,2,2
877,140,2,2
877,141,2,2
877,142,2,2
877,143,2,2
877,144,2,2
877,145,2,2
877,146,2,2
877,147,2,2
877,148,2,2
877,149,2,2
877,150,2,2
877,151,2,2
877,152,2,2
877,153,2,2
877,154,2,2
877,155,2,2
877,156,2,2
877,157,2,2
877,158,2,2
877,159,2,2
877,160,2,2
877,161,2,2
877,162,2,2
877,163,2,2
877,164,2,2
877,165,2,2
877,166,2,2
877,167,2,2
877,168,2,2
877,169,2,2
877,170,2,2
877,171,2,2
877,172,2,2
877,173,2,2
877,174,2,2
877,175,2,2
877,176,2,2
877,177,2,2
877,178,2,2
877,179,2,2
877,180,2,2
877,181,2,2
877,182,2,2
877,183,2,2
877,184,2,2
877,185,2,2
877,186,2,2
877,187,2,2
877,188,2,2
877,189,2,2
877,190,2,2
877,191,2,2
877,192,2,2
877,193,2,2
877,194,2,2
877,195,2,2
877,196,2,2
877,197,2,2
877,198,2,2
877,199,2,2
877,200,2,2
877,201,2,2
877,202,2,2
877,203,2,2
877,204,2,2
877,205,2,2
877,206,2,2
877,207,2,2
877,208,2,2
877,209,2,2
877,210,2,2
877,211,2,2
877,212,2,2
877,213,2,2
877,214,2,2
877,215,2,2
877,216,2,2
877,217,2,2
877,218,2,2
877,219,2,2
877,220,2,2
877,221,2,2
877,222,2,2
877,223,2,2
877,224,2,2
877,225,2,2
877,226,2,2
877,227,2,2
877,228,2,2
877,229,2,2
877,230,2,2
877,231,2,2
877,232,2,2
877,233,2,2
877,234,2,2
877,235,2,2
877,236,2,2
877,237,2,2
877,238,2,2
877,239,2,2
877,240,2,2
877,241,2,2
877,242,2,2
877,243,2,2
877,244,2,2
877,245,2,2
877,246,2,2
877,247,2,2
877,248,2,2
877,249,2,2
877,250,2,2
877,251,2,2
877,252,2,2
877,253,2,2
877,254,2,2
877,255,2,2
877,256,2,2
877,257,2,2
877,258,2,2
877,259,2,2
877,260,2,2
877,261,2,2
877,262,2,2
877,263,2,2
877,264,2,2
877,265,2,2
877,266,2,2
877,267,2,2
877,268,2,2
877,269,2,2
877,270,2,2
877,271,2,2
877,272,2,2
877,273,2,2
877,274,2,2
877,275,2,2
877,276,2,2
877,277,2,2
877,278,2,2
877,279,2,2
877,280,2,2
877,281,2,2
877,282,2,2
877,283,2,2
877,284,2,2
877,285,2,2
877,286,2,2
877,287,2,2
877,288,2,2
877,289,2,2
877,290,2,2
877,291,2,2
877,292,2,2
877,293,2,2
877,294,2,2
877,295,2,2
877,296,2,2
877,297,2,2
877,298,2,2
877,299,2,2
877,300,2,2
877,301,2,2
877,302,2,2
877,303,2,2
877,304,2,2
877,305,2,2
877,306,2,2
877,307,2,2
877,308,2,2
877,309,2,2
877,310,2,2
877,311,2,2
877,312,2,2
877,313,2,2
877,314,2,2
877,315,2,2
877,316,2,2
877,317,2,2
877,318,2,2
877,319,2,2
877,320,2,2
877,321,2,2
877,322,2,2
877,323,2,2
877,324,2,2
877,325,2,2
877,326,2,2
877,327,2,2
877,328,2,2
877,329,2,2
877,330,2,2
877,331,2,2
877,332,2,2
877,333,2,2
877,334,2,2
877,335,2,2
877,336,2,2
877,337,2,2
877,338,2,2
877,339,2,2
877,340,2,2
877,341,2,2
877,342,2,2
877,343,2,2
877,344,2,2
877,345,2,2
877,346,2,2
877,347,2,2
877,348,2,2
877,349,2,2
877,350,2,2
877,351,2,2
877,352,2,2
877,353,2,2
877,354,2,2
877,355,2,2
877,356,2,2
877,357,2,2
877,358,2,2
877,359,2,2
877,360,2,2
877,361,2,2
877,362,2,2
877,363,2,2
877,364,2,2
877,365,2,2
877,366,2,2
877,367,2,2
877,368,2,2
877,369,2,2
877,370,2,2
877,371,2,3
877,372,2,3
877,373,2,3
877,374,2,3
877,375,2,3
877,376,2,3
877,377,2,3
877,378,2,3
877,379,2,3
877,380,2,3
877,381,2,3
877,382,2,3
877,383,2,3
877,384,2,3
877,385,2,3
877,386,2,3
877,387,2,3
877,388,2,3
877,389,2,3
877,390,2,3
877,391,2,3
877,392,2,3
877,393,2,3
877,394,2,3
877,395,2,3
877,396,2,3
877,397,2,3
877,398,2,3
877,399,2,3
877,400,2,3
877,401,2,3
877,402,2,3
877,403,2,3
877,404,2,3
877,405,2,3
877,406,2,3
877,407,2,2
877,408,2,2
877,409,2,2
877,410,2,2
877,411,2,2
877,412,2,2
877,413,2,2
877,414,2,2
877,415,2,2
877,416,2,2
877,417,2,2
877,418,2,2
877,419,2,2
877,420,2,2
877,421,2,2
877,422,2,2
877,423,2,2
877,424,2,2
877,425,2,2
877,426,2,2
877,427,2,2
877,428,2,2
877,429,2,2
877,430,2,2
877,431,2,2
877,432,2,2
877,433,2,2
877,434,2,2
877,435,2,2
877,436,2,2
877,437,2,2
877,438,2,2
877,439,2,2
877,440,2,2
877,441,2,2
877,442,2,2
877,443,2,2
877,444,2,2
877,445,2,2
877,446,2,2
877,447,2,2
877,448,2,2
877,449,2,2
877,450,2,2
877,451,2,2
877,452,2,2
877,453,2,2
877,454,2,2
877,455,2,2
877,456,2,2
877,457,2,2
877,458,2,2
877,459,2,2
877,460,2,2
877,461,2,2
877,462,2,2
877,463,2,2
877,464,2,2
877,465,2,2
877,466,2,2
877,467,2,2
877,468,2,2
877,469,2,2
877,470,2,2
877,471,2,2
877,472,2,2
877,473,2,2
877,474,2,2
877,475,2,2
877,476,2,2
877,477,2,2
877,478,2,2
877,479,2,2
877,480,2,2
877,481,2,2
877,482,2,2
877,483,2,2
877,484,2,2
877,485,2,2
877,486,2,2
877,487,2,2
877,488,2,2
877,489,2,2
877,490,2,2
877,491,2,2
877,492,2,2
877,493,2,2
877,494,2,2
877,495,2,2
877,496,2,2
877,497,2,2
877,498,2,2
877,499,2,2
877,500,2,2
877,501,2,2
877,502,2,2
877,503,2,2
877,504,2,2
877,505,2,2
877,506,2,2
877,507,2,2
877,508,2,2
877,509,2,2
877,510,2,2
877,511,2,2
877,512,2,2
877,513,2,2
877,514,2,2
877,515,2,2
877,516,2,2
877,517,2,2
877,518,2,2
877,519,2,2
877,520,2,2
877,521,2,2
877,522,2,2
877,523,2,2
877,524,2,2
877,525,2,2
877,526,2,2
877,527,2,2
877,528,2,2
877,529,2,2
877,530,2,2
877,531,2,2
877,532,2,2
877,533,2,2
877,534,2,2
877,535,2,2
877,536,2,2
877,537,2,2
877,538,2,2
877,539,2,2
877,540,2,2
877,541,2,2
877,542,2,2
877,543,2,2
877,544,2,2
877,545,2,2
877,546,2,2
877,547,2,2
877,548,2,2
877,549,2,2
877,550,2,2
877,551,2,2
877,552,2,2
877,553,2,2
877,554,2,2
877,555,2,2
877,556,2,2
877,557,2,2
877,558,2,2
878,96,2,2
878,97,2,2
878,98,2,2
878,99,2,2
878,100,2,2
878,101,2,2
878,102,2,2
878,103,2,2
878,104,2,2
878,105,2,2
878,106,2,2
878,107,2,2
878,108,2,2
878,109,2,2
878,110,2,2
878,111,2,2
878,112,2,2
878,113,2,2
878,114,2,2
878,115,2,2
878,116,2,2
878,117,2,2
878,118,2,2
878,119,2,2
878,120,2,2
878,121,2,2
878,122,2,2
878,123,2,2
878,124,2,2
878,125,2,2
878,126,2,2
878,127,2,2
878,128,2,2
878,129,2,2
878,130,2,2
878,131,2,2
878,132,2,2
878,133,2,2
878,134,2,2
878,135,2,2
878,136,2,2
878,137,2,2
878,138,2,2
878,139,2,2
878,140,2,2
878,141,2,2
878,142,2,2
878,143,2,2
878,144,2,2
878,145,2,2
878,146,2,2
878,147,2,2
878,148,2,2
878,149,2,2
878,150,2,2
878,151,2,2
878,152,2,2
878,153,2,2
878,154,2,2
878,155,2,2
878,156,2,2
878,157,2,2
878,158,2,2
878,159,2,2
878,160,2,2
878,161,2,2
878,162,2,2
878,163,2,2
878,164,2,2
878,165,2,2
878,166,2,2
878,167,2,2
878,168,2,2
878,169,2,2
878,170,2,2
878,171,2,2
878,172,2,2
878,173,2,2
878,174,2,2
878,175,2,2
878,176,2,2
878,177,2,2
878,178,2,2
878,179,2,2
878,180,2,2
878,181,2,2
878,182,2,2
878,183,2,2
878,184,2,2
878,185,2,2
878,186,2,2
878,187,2,2
878,188,2,2
878,189,2,2
878,190,2,2
878,191,2,2
878,192,2,2
878,193,2,2
878,194,2,2
878,195,2,2
878,196,2,2
878,197,2,2
878,198,2,2
878,199,2,2
878,200,2,2
878,201,2,2
878,202,2,2
878,203,2,2
878,204,2,2
878,205,2,2
878,206,2,2
878,207,2,2
878,208,2,2
878,209,2,2
878,210,2,2
878,211,2,2
878,212,2,2
878,213,2,2
878,214,2,2
878,215,2,2
878,216,2,2
878,217,2,2
878,218,2,2
878,219,2,2
878,220,2,2
878,221,2,2
878,222,2,2
878,223,2,2
878,224,2,2
878,225,2,2
878,226,2,2
878,227,2,2
878,228,2,2
878,229,2,2
878,230,2,2
878,231,2,2
878,232,2,2
878,233,2,2
878,234,2,2
878,235,2,2
878,236,2,2
878,237,2,2
878,238,2,2
878,239,2,2
878,240,2,2
878,241,2,2
878,242,2,2
878,243,2,2
878,244,2,2
878,245,2,2
878,246,2,2
878,247,2,2
878,248,2,2
878,249,2,2
878,250,2,2
878,251,2,2
878,252,2,2
878,253,2,2
878,254,2,2
878,255,2,2
878,256,2,2
878,257,2,2
878,258,2,2
878,259,2,2
878,260,2,2
878,261,2,2
878,262,2,2
878,263,2,2
878,264,2,2
878,265,2,2
878,266,2,2
878,267,2,2
878,268,2,2
878,269,2,2
878,270,2,2
878,271,2,2
878,272,2,2
878,273,2,2
878,274,2,2
878,275,2,2
878,276,2,2
878,277,2,2
878,278,2,2
878,279,2,2
878,280,2,2
878,281,2,2
878,282,2,2
878,283,2,2
878,284,2,2
878,285,2,2
878,286,2,2
878,287,2,2
878,288,2,2
878,289,2,2
878,290,2,2
878,291,2,2
878,292,2,2
878,293,2,2
878,294,2,2
878,295,2,2
878,296,2,2
878,297,2,2
878,298,2,2
878,299,2,2
878,300,2,2
878,301,2,2
878,302,2,2
878,303,2,2
878,304,2,2
878,305,2,2
878,306,2,2
878,307,2,2
878,308,2,2
878,309,2,2
878,310,2,2
878,311,2,2
878,312,2,2
878,313,2,2
878,314,2,2
878,315,2,2
878,316,2,2
878,317,2,2
878,318,2,2
878,319,2,2
878,320,2,2
878,321,2,2
878,322,2,2
878,323,2,2
878,324,2,2
878,325,2,2
878,326,2,2
878,327,2,2
878,328,2,2
878,329,2,2
878,330,2,2
878,331,2,2
878,332,2,2
878,333,2,2
878,334,2,2
878,335,2,2
878,336,2,2
878,337,2,2
878,338,2,2
878,339,2,2
878,340,2,2
878,341,2,2
878,342,2,2
878,343,2,2
878,344,2,2
878,345,2,2
878,346,2,2
878,347,2,2
878,348,2,2
878,349,2,2
878,350,2,2
878,351,2,2
878,352,2,2
878,353,2,2
878,354,2,2
878,355,2,2
878,356,2,2
878,357,2,2
878,358,2,2
878,359,2,2
878,360,2,2
878,361,2,2
878,362,2,2
878,363,2,2
878,364,2,2
878,365,2,2
878,366,2,2
878,367,2,2
878,368,2,2
878,369,2,3
878,370,2,3
878,371,2,3
878,372,2,3
878,373,2,3
878,374,2,3
878,375,2,3
878,376,2,3
878,377,2,3
878,378,2,3
878,379,2,3
878,380,2,3
878,381,2,3
878,382,2,3
878,383,2,3
878,384,2,3
878,385,2,3
878,386,2,3
878,387,2,3
878,388,2,3
878,389,2,3
878,390,2,3
878,391,2,3
878,392,2,3
878,393,2,3
878,394,2,3
878,395,2,3
878,396,2,3
878,397,2,3
878,398,2,3
878,399,2,3
878,400,2,3
878,401,2,3
878,402,2,3
878,403,2,3
878,404,2,3
878,405,2,3
878,406,2,3
878,407,2,2
878,408,2,2
878,409,2,2
878,410,2,2
878,411,2,2
878,412,2,2
878,413,2,2
878,414,2,2
878,415,2,2
878,416,2,2
878,417,2,2
878,418,2,2
878,419,2,2
878,420,2,2
878,421,2,2
878,422,2,2
878,423,2,2
878,424,2,2
878,425,2,2
878,426,2,2
878,427,2,2
878,428,2,2
878,429,2,2
878,430,2,2
878,431,2,2
878,432,2,2
878,433,2,2
878,434,2,2
878,435,2,2
878,436,2,2
878,437,2,2
878,438,2,2
878,439,2,2
878,440,2,2
878,441,2,2
878,442,2,2
878,443,2,2
878,444,2,2
878,445,2,2
878,446,2,2
878,447,2,2
878,448,2,2
878,449,2,2
878,450,2,2
878,451,2,2
878,452,2,2
878,453,2,2
878,454,2,2
878,455,2,2
878,456,2,2
878,457,2,2
878,458,2,2
878,459,2,2
878,460,2,2
878,461,2,2
878,462,2,2
878,463,2,2
878,464,2,2
878,465,2,2
878,466,2,2
878,467,2,2
878,468,2,2
878,469,2,2
878,470,2,2
878,471,2,2
878,472,2,2
878,473,2,2
878,474,2,2
878,475,2,2
878,476,2,2
878,477,2,2
878,478,2,2
878,479,2,2
878,480,2,2
878,481,2,2
878,482,2,2
878,483,2,2
878,484,2,2
878,485,2,2
878,486,2,2
878,487,2,2
878,488,2,2
878,489,2,2
878,490,2,2
878,491,2,2
878,492,2,2
878,493,2,2
878,494,2,2
878,495,2,2
878,496,2,2
878,497,2,2
878,498,2,2
878,499,2,2
878,500,2,2
878,501,2,2
878,502,2,2
878,503,2,2
878,504,2,2
878,505,2,2
878,506,2,2
878,507,2,2
878,508,2,2
878,509,2,2
878,510,2,2
878,511,2,2
878,512,2,2
878,513,2,2
878,514,2,2
878,515,2,2
878,516,2,2
878,517,2,2
878,518,2,2
878,519,2,2
878,520,2,2
878,521,2,2
878,522,2,2
878,523,2,2
878,524,2,2
878,525,2,2
878,526,2,2
878,527,2,2
878,528,2,2
878,529,2,2
878,530,2,2
878,531,2,2
878,532,2,2
878,533,2,2
878,534,2,2
878,535,2,2
878,536,2,2
878,537,2,2
878,538,2,2
878,539,2,2
878,540,2,2
878,541,2,2
878,542,2,2
878,543,2,2
878,544,2,2
878,545,2,2
878,546,2,2
878,547,2,2
878,548,2,2
878,549,2,2
878,550,2,2
878,551,2,2
878,552,2,2
878,553,2,2
878,554,2,2
878,555,2,2
878,556,2,2
878,557,2,2
878,558,2,2
879,97,2,2
879,98,2,2
879,99,2,2
879,100,2,2
879,101,2,2
879,102,2,2
879,103,2,2
879,104,2,2
879,105,2,2
879,106,2,2
879,107,2,2
879,108,2,2
879,109,2,2
879,110,2,2
879,111,2,2
879,112,2,2
879,113,2,2
879,114,2,2
879,115,2,2
879,116,2,2
879,117,2,2
879,118,2,2
879,119,2,2
879,120,2,2
879,121,2,2
879,122,2,2
879,123,2,2
879,124,2,2
879,125,2,2
879,126,2,2
879,127,2,2
879,128,2,2
879,129,2,2
879,130,2,2
879,131,2,2
879,132,2,2
879,133,2,2
879,134,2,2
879,135,2,2
879,136,2,2
879,137,2,2
879,138,2,2
879,139,2,2
879,140,2,2
879,141,2,2
879,142,2,2
879,143,2,2
879,144,2,2
879,145,2,2
879,146,2,2
879,147,2,2
879,148,2,2
879,149,2,2
879,150,2,2
879,151,2,2
879,152,2,2
879,153,2,2
879,154,2,2
879,155,2,2
879,156,2,2
879,157,2,2
879,158,2,2
879,159,2,2
879,160,2,2
879,161,2,2
879,162,2,2
879,163,2,2
879,164,2,2
879,165,2,2
879,166,2,2
879,167,2,2
879,168,2,2
879,169,2,2
879,170,2,2
879,171,2,2
879,172,2,2
879,173,2,2
879,174,2,2
879,175,2,2
879,176,2,2
879,177,2,2
879,178,2,2
879,179,2,2
879,180,2,2
879,181,2,2
879,182,2,2
879,183,2,2
879,184,2,2
879,185,2,2
879,186,2,2
879,187,2,2
879,188,2,2
879,189,2,2
879,190,2,2
879,191,2,2
879,192,2,2
879,193,2,2
879,194,2,2
879,195,2,2
879,196,2,2
879,197,2,2
879,198,2,2
879,199,2,2
879,200,2,2
879,201,2,2
879,202,2,2
879,203,2,2
879,204,2,2
879,205,2,2
879,206,2,2
879,207,2,2
879,208,2,2
879,209,2,2
879,210,2,2
879,211,2,2
879,212,2,2
879,213,2,2
879,214,2,2
879,215,2,2
879,216,2,2
879,217,2,2
879,218,2,2
879,219,2,2
879,220,2,2
879,221,2,2
879,222,2,2
879,223,2,2
879,224,2,2
879,225,2,2
879,226,2,2
879,227,2,2
879,228,2,2
879,229,2,2
879,230,2,2
879,231,2,2
879,232,2,2
879,233,2,2
879,234,2,2
879,235,2,2
879,236,2,2
879,237,2,2
879,238,2,2
879,239,2,2
879,240,2,2
879,241,2,2
879,242,2,2
879,243,2,2
879,244,2,2
879,245,2,2
879,246,2,2
879,247,2,2
879,248,2,2
879,249,2,2
879,250,2,2
879,251,2,2
879,252,2,2
879,253,2,2
879,254,2,2
879,255,2,2
879,256,2,2
879,257,2,2
879,258,2,2
879,259,2,2
879,260,2,2
879,261,2,2
879,262,2,2
879,263,2,2
879,264,2,2
879,265,2,2
879,266,2,2
879,267,2,2
879,268,2,2
879,269,2,2
879,270,2,2
879,271,2,2
879,272,2,2
879,273,2,2
879,274,2,2
879,275,2,2
879,276,2,2
879,277,2,2
879,278,2,2
879,279,2,2
879,280,2,2
879,281,2,2
879,282,2,2
879,283,2,2
879,284,2,2
879,285,2,2
879,286,2,2
879,287,2,2
879,288,2,2
879,289,2,2
879,290,2,2
879,291,2,2
879,292,2,2
879,293,2,2
879,294,2,2
879,295,2,2
879,296,2,2
879,297,2,2
879,298,2,2
879,299,2,2
879,300,2,2
879,301,2,2
879,302,2,2
879,303,2,2
879,304,2,2
879,305,2,2
879,306,2,2
879,307,2,2
879,308,2,2
879,309,2,2
879,310,2,2
879,311,2,2
879,312,2,2
879,313,2,2
879,314,2,2
879,315,2,2
879,316,2,2
879,317,2,2
879,318,2,2
879,319,2,2
879,320,2,2
879,321,2,2
879,322,2,2
879,323,2,2
879,324,2,2
879,325,2,2
879,326,2,2
879,327,2,2
879,328,2,2
879,329,2,2
879,330,2,2
879,331,2,2
879,332,2,2
879,333,2,2
879,334,2,2
879,335,2,2
879,336,2,2
879,337,2,2
879,338,2,2
879,339,2,2
879,340,2,2
879,341,2,2
879,342,2,2
879,343,2,2
879,344,2,2
879,345,2,2
879,346,2,2
879,347,2,2
879,348,2,2
879,349,2,2
879,350,2,2
879,351,2,2
879,352,2,2
879,353,2,2
879,354,2,2
879,355,2,2
879,356,2,2
879,357,2,2
879,358,2,2
879,359,2,2
879,360,2,2
879,361,2,2
879,362,2,2
879,363,2,2
879,364,2,2
879,365,2,2
879,366,2,2
879,367,2,3
879,368,2,3
879,369,2,3
879,370,2,3
879,371,2,3
879,372,2,3
879,373,2,3
879,374,2,3
879,375,2,3
879,376,2,3
879,377,2,3
879,378,2,3
879,379,2,3
879,380,2,3
879,381,2,3
879,382,2,3
879,383,2,3
879,384,2,3
879,385,2,3
879,386,2,3
879,387,2,3
879,388,2,3
879,389,2,3
879,390,2,3
879,391,2,3
879,392,2,3
879,393,2,3
879,394,2,3
879,395,2,3
879,396,2,3
879,397,2,3
879,398,2,3
879,399,2,3
879,400,2,3
879,401,2,3
879,402,2,3
879,403,2,3
879,404,2,3
879,405,2,3
879,406,2,3
879,407,2,2
879,408,2,2
879,409,2,2
879,410,2,2
879,411,2,2
879,412,2,2
879,413,2,2
879,414,2,2
879,415,2,2
879,416,2,2
879,417,2,2
879,418,2,2
879,419,2,2
879,420,2,2
879,421,2,2
879,422,2,2
879,423,2,2
879,424,2,2
879,425,2,2
879,426,2,2
879,427,2,2
879,428,2,2
879,429,2,2
879,430,2,2
879,431,2,2
879,432,2,2
879,433,2,2
879,434,2,2
879,435,2,2
879,436,2,2
879,437,2,2
879,438,2,2
879,439,2,2
879,440,2,2
879,441,2,2
879,442,2,2
879,443,2,2
879,444,2,2
879,445,2,2
879,446,2,2
879,447,2,2
879,448,2,2
879,449,2,2
879,450,2,2
879,451,2,2
879,452,2,2
879,453,2,2
879,454,2,2
879,455,2,2
879,456,2,2
879,457,2,2
879,458,2,2
879,459,2,2
879,460,2,2
879,461,2,2
879,462,2,2
879,463,2,2
879,464,2,2
879,465,2,2
879,466,2,2
879,467,2,2
879,468,2,2
879,469,2,2
879,470,2,2
879,471,2,2
879,472,2,2
879,473,2,2
879,474,2,2
879,475,2,2
879,476,2,2
879,477,2,2
879,478,2,2
879,479,2,2
879,480,2,2
879,481,2,2
879,482,2,2
879,483,2,2
879,484,2,2
879,485,2,2
879,486,2,2
879,487,2,2
879,488,2,2
879,489,2,2
879,490,2,2
879,491,2,2
879,492,2,2
879,493,2,2
879,494,2,2
879,495,2,2
879,496,2,2
879,497,2,2
879,498,2,2
879,499,2,2
879,500,2,2
879,501,2,2
879,502,2,2
879,503,2,2
879,504,2,2
879,505,2,2
879,506,2,2
879,507,2,2
879,508,2,2
879,509,2,2
879,510,2,2
879,511,2,2
879,512,2,2
879,513,2,2
879,514,2,2
879,515,2,2
879,516,2,2
879,517,2,2
879,518,2,2
879,519,2,2
879,520,2,2
879,521,2,2
879,522,2,2
879,523,2,2
879,524,2,2
879,525,2,2
879,526,2,2
879,527,2,2
879,528,2,2
879,529,2,2
879,530,2,2
879,531,2,2
879,532,2,2
879,533,2,2
879,534,2,2
879,535,2,2
879,536,2,2
879,537,2,2
879,538,2,2
879,539,2,2
879,540,2,2
879,541,2,2
879,542,2,2
879,543,2,2
879,544,2,2
879,545,2,2
879,546,2,2
879,547,2,2
879,548,2,2
879,549,2,2
879,550,2,2
879,551,2,2
879,552,2,2
879,553,2,2
879,554,2,2
879,555,2,2
879,556,2,2
879,557,2,2
879,558,2,2
880,98,2,2
880,99,2,2
880,100,2,2
880,101,2,2
880,102,2,2
880,103,2,2
880,104,2,2
880,105,2,2
880,106,2,2
880,107,2,2
880,108,2,2
880,109,2,2
880,110,2,2
880,111,2,2
880,112,2,2
880,113,2,2
880,114,2,2
880,115,2,2
880,116,2,2
880,117,2,2
880,118,2,2
880,119,2,2
880,120,2,2
880,121,2,2
880,122,2,2
880,123,2,2
880,124,2,2
880,125,2,2
880,126,2,2
880,127,2,2
880,128,2,2
880,129,2,2
880,130,2,2
880,131,2,2
880,132,2,2
880,133,2,2
880,134,2,2
880,135,2,2
880,136,2,2
880,137,2,2
880,138,2,2
880,139,2,2
880,140,2,2
880,141,2,2
880,142,2,2
880,143,2,2
880,144,2,2
880,145,2,2
880,146,2,2
880,147,2,2
880,148,2,2
880,149,2,2
880,150,2,2
880,151,2,2
880,152,2,2
880,153,2,2
880,154,2,2
880,155,2,2
880,156,2,2
880,157,2,2
880,158,2,2
880,159,2,2
880,160,2,2
880,161,2,2
880,162,2,2
880,163,2,2
880,164,2,2
880,165,2,2
880,166,2,2
880,167,2,2
880,168,2,2
880,169,2,2
880,170,2,2
880,171,2,2
880,172,2,2
880,173,2,2
880,174,2,2
880,175,2,2
880,176,2,2
880,177,2,2
880,178,2,2
880,179,2,2
880,180,2,2
880,181,2,2
880,182,2,2
880,183,2,2
880,184,2,2
880,185,2,2
880,186,2,2
880,187,2,2
880,188,2,2
880,189,2,2
880,190,2,2
880,191,2,2
880,192,2,2
880,193,2,2
880,194,2,2
880,195,2,2
880,196,2,2
880,197,2,2
880,198,2,2
880,199,2,2
880,200,2,2
880,201,2,2
880,202,2,2
880,203,2,2
880,204,2,2
880,205,2,2
880,206,2,2
880,207,2,2
880,208,2,2
880,209,2,2
880,210,2,2
880,211,2,2
880,212,2,2
880,213,2,2
880,214,2,2
880,215,2,2
880,216,2,2
880,217,2,2
880,218,2,2
880,219,2,2
880,220,2,2
880,221,2,2
880,222,2,2
880,223,2,2
880,224,2,2
880,225,2,2
880,226,2,2
880,227,2,2
880,228,2,2
880,229,2,2
880,230,2,2
880,231,2,2
880,232,2,2
880,233,2,2
880,234,2,2
880,235,2,2
880,236,2,2
880,237,2,2
880,238,2,2
880,239,2,2
880,240,2,2
880,241,2,2
880,242,2,2
880,243,2,2
880,244,2,2
880,245,2,2
880,246,2,2
880,247,2,2
880,248,2,2
880,249,2,2
880,250,2,2
880,251,2,2
880,252,2,2
880,253,2,2
880,254,2,2
880,255,2,2
880,256,2,2
880,257,2,2
880,258,2,2
880,259,2,2
880,260,2,2
880,261,2,2
880,262,2,2
880,263,2,2
880,264,2,2
880,265,2,2
880,266,2,2
880,267,2,2
880,268,2,2
880,269,2,2
880,270,2,2
880,271,2,2
880,272,2,2
880,273,2,2
880,274,2,2
880,275,2,2
880,276,2,2
880,277,2,2
880,278,2,2
880,279,2,2
880,280,2,2
880,281,2,2
880,282,2,2
880,283,2,2
880,284,2,2
880,285,2,2
880,286,2,2
880,287,2,2
880,288,2,2
880,289,2,2
880,290,2,2
880,291,2,2
880,292,2,2
880,293,2,2
880,294,2,2
880,295,2,2
880,296,2,2
880,297,2,2
880,298,2,2
880,299,2,2
880,300,2,2
880,301,2,2
880,302,2,2
880,303,2,2
880,304,2,2
880,305,2,2
880,306,2,2
880,307,2,2
880,308,2,2
880,309,2,2
880,310,2,2
880,311,2,2
880,312,2,2
880,313,2,2
880,314,2,2
880,315,2,2
880,316,2,2
880,317,2,2
880,318,2,2
880,319,2,2
880,320,2,2
880,321,2,2
880,322,2,2
880,323,2,2
880,324,2,2
880,325,2,2
880,326,2,2
880,327,2,2
880,328,2,2
880,329,2,2
880,330,2,2
880,331,2,2
880,332,2,2
880,333,2,2
880,334,2,2
880,335,2,2
880,336,2,2
880,337,2,2
880,338,2,2
880,339,2,2
880,340,2,2
880,341,2,2
880,342,2,2
880,343,2,2
880,344,2,2
880,345,2,2
880,346,2,2
880,347,2,2
880,348,2,2
880,349,2,2
880,350,2,2
880,351,2,2
880,352,2,2
880,353,2,2
880,354,2,2
880,355,2,2
880,356,2,2
880,357,2,2
880,358,2,2
880,359,2,2
880,360,2,2
880,361,2,2
880,362,2,3
880,363,2,3
880,364,2,3
880,365,2,3
880,366,2,3
880,367,2,3
880,368,2,3
880,369,2,3
880,370,2,3
880,371,2,3
880,372,2,3
880,373,2,3
880,374,2,3
880,375,2,3
880,376,2,3
880,377,2,3
880,378,2,3
880,379,2,3
880,380,2,3
880,381,2,3
880,382,2,3
880,383,2,3
880,384,2,3
880,385,2,3
880,386,2,3
880,387,2,3
880,388,2,3
880,389,2,3
880,390,2,3
880,391,2,3
880,392,2,3
880,393,2,3
880,394,2,3
880,395,2,3
880,396,2,3
880,397,2,3
880,398,2,3
880,399,2,3
880,400,2,3
880,401,2,3
880,402,2,3
880,403,2,3
880,404,2,3
880,405,2,3
880,406,2,2
880,407,2,2
880,408,2,2
880,409,2,2
880,410,2,2
880,411,2,2
880,412,2,2
880,413,2,2
880,414,2,2
880,415,2,2
880,416,2,2
880,417,2,2
880,418,2,2
880,419,2,2
880,420,2,2
880,421,2,2
880,422,2,2
880,423,2,2
880,424,2,2
880,425,2,2
880,426,2,2
880,427,2,2
880,428,2,2
880,429,2,2
880,430,2,2
880,431,2,2
880,432,2,2
880,433,2,2
880,434,2,2
880,435,2,2
880,436,2,2
880,437,2,2
880,438,2,2
880,439,2,2
880,440,2,2
880,441,2,2
880,442,2,2
880,443,2,2
880,444,2,2
880,445,2,2
880,446,2,2
880,447,2,2
880,448,2,2
880,449,2,2
880,450,2,2
880,451,2,2
880,452,2,2
880,453,2,2
880,454,2,2
880,455,2,2
880,456,2,2
880,457,2,2
880,458,2,2
880,459,2,2
880,460,2,2
880,461,2,2
880,462,2,2
880,463,2,2
880,464,2,2
880,465,2,2
880,466,2,2
880,467,2,2
880,468,2,2
880,469,2,2
880,470,2,2
880,471,2,2
880,472,2,2
880,473,2,2
880,474,2,2
880,475,2,2
880,476,2,2
880,477,2,2
880,478,2,2
880,479,2,2
880,480,2,2
880,481,2,2
880,482,2,2
880,483,2,2
880,484,2,2
880,485,2,2
880,486,2,2
880,487,2,2
880,488,2,2
880,489,2,2
880,490,2,2
880,491,2,2
880,492,2,2
880,493,2,2
880,494,2,2
880,495,2,2
880,496,2,2
880,497,2,2
880,498,2,2
880,499,2,2
880,500,2,2
880,501,2,2
880,502,2,2
880,503,2,2
880,504,2,2
880,505,2,2
880,506,2,2
880,507,2,2
880,508,2,2
880,509,2,2
880,510,2,2
880,511,2,2
880,512,2,2
880,513,2,2
880,514,2,2
880,515,2,2
880,516,2,2
880,517,2,2
880,518,2,2
880,519,2,2
880,520,2,2
880,521,2,2
880,522,2,2
880,523,2,2
880,524,2,2
880,525,2,2
880,526,2,2
880,527,2,2
880,528,2,2
880,529,2,2
880,530,2,2
880,531,2,2
880,532,2,2
880,533,2,2
880,534,2,2
880,535,2,2
880,536,2,2
880,537,2,2
880,538,2,2
880,539,2,2
880,540,2,2
880,541,2,2
880,542,2,2
880,543,2,2
880,544,2,2
880,545,2,2
880,546,2,2
880,547,2,2
880,548,2,2
880,549,2,2
880,550,2,2
880,551,2,2
880,552,2,2
880,553,2,2
880,554,2,2
880,555,2,2
880,556,2,2
880,557,2,2
880,558,2,2
881,99,2,2
881,100,2,2
881,101,2,2
881,102,2,2
881,103,2,2
881,104,2,2
881,105,2,2
881,106,2,2
881,107,2,2
881,108,2,2
881,109,2,2
881,110,2,2
881,111,2,2
881,112,2,2
881,113,2,2
881,114,2,2
881,115,2,2
881,116,2,2
881,117,2,2
881,118,2,2
881,119,2,2
881,120,2,2
881,121,2,2
881,122,2,2
881,123,2,2
881,124,2,2
881,125,2,2
881,126,2,2
881,127,2,2
881,128,2,2
881,129,2,2
881,130,2,2
881,131,2,2
881,132,2,2
881,133,2,2
881,134,2,2
881,135,2,2
881,136,2,2
881,137,2,2
881,138,2,2
881,139,2,2
881,140,2,2
881,141,2,2
881,142,2,2
881,143,2,2
881,144,2,2
881,145,2,2
881,146,2,2
881,147,2,2
881,148,2,2
881,149,2,2
881,150,2,2
881,151,2,2
881,152,2,2
881,153,2,2
881,154,2,2
881,155,2,2
881,156,2,2
881,157,2,2
881,158,2,2
881,159,2,2
881,160,2,2
881,161,2,2
881,162,2,2
881,163,2,2
881,164,2,2
881,165,2,2
881,166,2,2
881,167,2,2
881,168,2,2
881,169,2,2
881,170,2,2
881,171,2,2
881,172,2,2
881,173,2,2
881,174,2,2
881,175,2,2
881,176,2,2
881,177,2,2
881,178,2,2
881,179,2,2
881,180,2,2
881,181,2,2
881,182,2,2
881,183,2,2
881,184,2,2
881,185,2,2
881,186,2,2
881,187,2,2
881,188,2,2
881,189,2,2
881,190,2,2
881,191,2,2
881,192,2,2
881,193,2,2
881,194,2,2
881,195,2,2
881,196,2,2
881,197,2,2
881,198,2,2
881,199,2,2
881,200,2,2
881,201,2,2
881,202,2,2
881,203,2,2
881,204,2,2
881,205,2,2
881,206,2,2
881,207,2,2
881,208,2,2
881,209,2,2
881,210,2,2
881,211,2,2
881,212,2,2
881,213,2,2
881,214,2,2
881,215,2,2
881,216,2,2
881,217,2,2
881,218,2,2
881,219,2,2
881,220,2,2
881,221,2,2
881,222,2,2
881,223,2,2
881,224,2,2
881,225,2,2
881,226,2,2
881,227,2,2
881,228,2,2
881,229,2,2
881,230,2,2
881,231,2,2
881,232,2,2
881,233,2,2
881,234,2,2
881,235,2,2
881,236,2,2
881,237,2,2
881,238,2,2
881,239,2,2
881,240,2,2
881,241,2,2
881,242,2,2
881,243,2,2
881,244,2,2
881,245,2,2
881,246,2,2
881,247,2,2
881,248,2,2
881,249,2,2
881,250,2,2
881,251,2,2
881,252,2,2
881,253,2,2
881,254,2,2
881,255,2,2
881,256,2,2
881,257,2,2
881,258,2,2
881,259,2,2
881,260,2,2
881,261,2,2
881,262,2,2
881,263,2,2
881,264,2,2
881,265,2,2
881,266,2,2
881,267,2,2
881,268,2,2
881,269,2,2
881,270,2,2
881,271,2,2
881,272,2,2
881,273,2,2
881,274,2,2
881,275,2,2
881,276,2,2
881,277,2,2
881,278,2,2
881,279,2,2
881,280,2,2
881,281,2,2
881,282,2,2
881,283,2,2
881,284,2,2
881,285,2,2
881,286,2,2
881,287,2,2
881,288,2,2
881,289,2,2
881,290,2,2
881,291,2,2
881,292,2,2
881,293,2,2
881,294,2,2
881,295,2,2
881,296,2,2
881,297,2,2
881,298,2,2
881,299,2,2
881,300,2,2
881,301,2,2
881,302,2,2
881,303,2,2
881,304,2,2
881,305,2,2
881,306,2,2
881,307,2,2
881,308,2,2
881,309,2,2
881,310,2,2
881,311,2,2
881,312,2,2
881,313,2,2
881,314,2,2
881,315,2,2
881,316,2,2
881,317,2,2
881,318,2,2
881,319,2,2
881,320,2,2
881,321,2,2
881,322,2,2
881,323,2,2
881,324,2,2
881,325,2,2
881,326,2,2
881,327,2,2
881,328,2,2
881,329,2,2
881,330,2,2
881,331,2,2
881,332,2,2
881,333,2,2
881,334,2,2
881,335,2,2
881,336,2,2
881,337,2,2
881,338,2,2
881,339,2,2
881,340,2,2
881,341,2,2
881,342,2,2
881,343,2,2
881,344,2,2
881,345,2,2
881,346,2,2
881,347,2,2
881,348,2,2
881,349,2,2
881,350,2,2
881,351,2,2
881,352,2,2
881,353,2,2
881,354,2,2
881,355,2,2
881,356,2,3
881,357,2,3
881,358,2,3
881,359,2,3
881,360,2,3
881,361,2,3
881,362,2,3
881,363,2,3
881,364,2,3
881,365,2,3
881,366,2,3
881,367,2,3
881,368,2,3
881,369,2,3
881,370,2,3
881,371,2,3
881,372,2,3
881,373,2,3
881,374,2,3
881,375,2,3
881,376,2,3
881,377,2,3
881,378,2,3
881,379,2,3
881,380,2,3
881,381,2,3
881,382,2,3
881,383,2,3
881,384,2,3
881,385,2,3
881,386,2,3
881,387,2,3
881,388,2,3
881,389,2,3
881,390,2,3
881,391,2,3
881,392,2,3
881,393,2,3
881,394,2,3
881,395,2,3
881,396,2,3
881,397,2,3
881,398,2,3
881,399,2,3
881,400,2,3
881,401,2,3
881,402,2,3
881,403,2,3
881,404,2,3
881,405,2,2
881,406,2,2
881,407,2,2
881,408,2,2
881,409,2,2
881,410,2,2
881,411,2,2
881,412,2,2
881,413,2,2
881,414,2,2
881,415,2,2
881,416,2,2
881,417,2,2
881,418,2,2
881,419,2,2
881,420,2,2
881,421,2,2
881,422,2,2
881,423,2,2
881,424,2,2
881,425,2,2
881,426,2,2
881,427,2,2
881,428,2,2
881,429,2,2
881,430,2,2
881,431,2,2
881,432,2,2
881,433,2,2
881,434,2,2
881,435,2,2
881,436,2,2
881,437,2,2
881,438,2,2
881,439,2,2
881,440,2,2
881,441,2,2
881,442,2,2
881,443,2,2
881,444,2,2
881,445,2,2
881,446,2,2
881,447,2,2
881,448,2,2
881,449,2,2
881,450,2,2
881,451,2,2
881,452,2,2
881,453,2,2
881,454,2,2
881,455,2,2
881,456,2,2
881,457,2,2
881,458,2,2
881,459,2,2
881,460,2,2
881,461,2,2
881,462,2,2
881,463,2,2
881,464,2,2
881,465,2,2
881,466,2,2
881,467,2,2
881,468,2,2
881,469,2,2
881,470,2,2
881,471,2,2
881,472,2,2
881,473,2,2
881,474,2,2
881,475,2,2
881,476,2,2
881,477,2,2
881,478,2,2
881,479,2,2
881,480,2,2
881,481,2,2
881,482,2,2
881,483,2,2
881,484,2,2
881,485,2,2
881,486,2,2
881,487,2,2
881,488,2,2
881,489,2,2
881,490,2,2
881,491,2,2
881,492,2,2
881,493,2,2
881,494,2,2
881,495,2,2
881,496,2,2
881,497,2,2
881,498,2,2
881,499,2,2
881,500,2,2
881,501,2,2
881,502,2,2
881,503,2,2
881,504,2,2
881,505,2,2
881,506,2,2
881,507,2,2
881,508,2,2
881,509,2,2
881,510,2,2
881,511,2,2
881,512,2,2
881,513,2,2
881,514,2,2
881,515,2,2
881,516,2,2
881,517,2,2
881,518,2,2
881,519,2,2
881,520,2,2
881,521,2,2
881,522,2,2
881,523,2,2
881,524,2,2
881,525,2,2
881,526,2,2
881,527,2,2
881,528,2,2
881,529,2,2
881,530,2,2
881,531,2,2
881,532,2,2
881,533,2,2
881,534,2,2
881,535,2,2
881,536,2,2
881,537,2,2
881,538,2,2
881,539,2,2
881,540,2,2
881,541,2,2
881,542,2,2
881,543,2,2
881,544,2,2
881,545,2,2
881,546,2,2
881,547,2,2
881,548,2,2
881,549,2,2
881,550,2,2
881,551,2,2
881,552,2,2
881,553,2,2
881,554,2,2
881,555,2,2
881,556,2,2
881,557,2,2
881,558,2,2
882,100,2,2
882,101,2,2
882,102,2,2
882,103,2,2
882,104,2,2
882,105,2,2
882,106,2,2
882,107,2,2
882,108,2,2
882,109,2,2
882,110,2,2
882,111,2,2
882,112,2,2
882,113,2,2
882,114,2,2
882,115,2,2
882,116,2,2
882,117,2,2
882,118,2,2
882,119,2,2
882,120,2,2
882,121,2,2
882,122,2,2
882,123,2,2
882,124,2,2
882,125,2,2
882,126,2,2
882,127,2,2
882,128,2,2
882,129,2,2
882,130,2,2
882,131,2,2
882,132,2,2
882,133,2,2
882,134,2,2
882,135,2,2
882,136,2,2
882,137,2,2
882,138,2,2
882,139,2,2
882,140,2,2
882,141,2,2
882,142,2,2
882,143,2,2
882,144,2,2
882,145,2,2
882,146,2,2
882,147,2,2
882,148,2,2
882,149,2,2
882,150,2,2
882,151,2,2
882,152,2,2
882,153,2,2
882,154,2,2
882,155,2,2
882,156,2,2
882,157,2,2
882,158,2,2
882,159,2,2
882,160,2,2
882,161,2,2
882,162,2,2
882,163,2,2
882,164,2,2
882,165,2,2
882,166,2,2
882,167,2,2
882,168,2,2
882,169,2,2
882,170,2,2
882,171,2,2
882,172,2,2
882,173,2,2
882,174,2,2
882,175,2,2
882,176,2,2
882,177,2,2
882,178,2,2
882,179,2,2
882,180,2,2
882,181,2,2
882,182,2,2
882,183,2,2
882,184,2,2
882,185,2,2
882,186,2,2
882,187,2,2
882,188,2,2
882,189,2,2
882,190,2,2
882,191,2,2
882,192,2,2
882,193,2,2
882,194,2,2
882,195,2,2
882,196,2,2
882,197,2,2
882,198,2,2
882,199,2,2
882,200,2,2
882,201,2,2
882,202,2,2
882,203,2,2
882,204,2,2
882,205,2,2
882,206,2,2
882,207,2,2
882,208,2,2
882,209,2,2
882,210,2,2
882,211,2,2
882,212,2,2
882,213,2,2
882,214,2,2
882,215,2,2
882,216,2,2
882,217,2,2
882,218,2,2
882,219,2,2
882,220,2,2
882,221,2,2
882,222,2,2
882,223,2,2
882,224,2,2
882,225,2,2
882,226,2,2
882,227,2,2
882,228,2,2
882,229,2,2
882,230,2,2
882,231,2,2
882,232,2,2
882,233,2,2
882,234,2,2
882,235,2,2
882,236,2,2
882,237,2,2
882,238,2,2
882,239,2,2
882,240,2,2
882,241,2,2
882,242,2,2
882,243,2,2
882,244,2,2
882,245,2,2
882,246,2,2
882,247,2,2
882,248,2,2
882,249,2,2
882,250,2,2
882,251,2,2
882,252,2,2
882,253,2,2
882,254,2,2
882,255,2,2
882,256,2,2
882,257,2,2
882,258,2,2
882,259,2,2
882,260,2,2
882,261,2,2
882,262,2,2
882,263,2,2
882,264,2,2
882,265,2,2
882,266,2,2
882,267,2,2
882,268,2,2
882,269,2,2
882,270,2,2
882,271,2,2
882,272,2,2
882,273,2,2
882,274,2,2
882,275,2,2
882,276,2,2
882,277,2,2
882,278,2,2
882,279,2,2
882,280,2,2
882,281,2,2
882,282,2,2
882,283,2,2
882,284,2,2
882,285,2,2
882,286,2,2
882,287,2,2
882,288,2,2
882,289,2,2
882,290,2,2
882,291,2,2
882,292,2,2
882,293,2,2
882,294,2,2
882,295,2,2
882,296,2,2
882,297,2,2
882,298,2,2
882,299,2,2
882,300,2,2
882,301,2,2
882,302,2,2
882,303,2,2
882,304,2,2
882,305,2,2
882,306,2,2
882,307,2,2
882,308,2,2
882,309,2,2
882,310,2,2
882,311,2,2
882,312,2,2
882,313,2,2
882,314,2,2
882,315,2,2
882,316,2,2
882,317,2,2
882,318,2,2
882,319,2,2
882,320,2,2
882,321,2,2
882,322,2,2
882,323,2,2
882,324,2,2
882,325,2,2
882,326,2,2
882,327,2,2
882,328,2,2
882,329,2,2
882,330,2,2
882,331,2,2
882,332,2,2
882,333,2,2
882,334,2,2
882,335,2,2
882,336,2,2
882,337,2,2
882,338,2,2
882,339,2,2
882,340,2,2
882,341,2,2
882,342,2,2
882,343,2,2
882,344,2,2
882,345,2,2
882,346,2,2
882,347,2,2
882,348,2,2
882,349,2,2
882,350,2,2
882,351,2,2
882,352,2,2
882,353,2,2
882,354,2,3
882,355,2,3
882,356,2,3
882,357,2,3
882,358,2,3
882,359,2,3
882,360,2,3
882,361,2,3
882,362,2,3
882,363,2,3
882,364,2,3
882,365,2,3
882,366,2,3
882,367,2,3
882,368,2,3
882,369,2,3
882,370,2,3
882,371,2,3
882,372,2,3
882,373,2,3
882,374,2,3
882,375,2,3
882,376,2,3
882,377,2,3
882,378,2,3
882,379,2,3
882,380,2,3
882,381,2,3
882,382,2,3
882,383,2,3
882,384,2,3
882,385,2,3
882,386,2,3
882,387,2,3
882,388,2,3
882,389,2,3
882,390,2,3
882,391,2,3
882,392,2,3
882,393,2,3
882,394,2,3
882,395,2,3
882,396,2,3
882,397,2,3
882,398,2,3
882,399,2,3
882,400,2,3
882,401,2,3
882,402,2,3
882,403,2,3
882,404,2,2
882,405,2,2
882,406,2,2
882,407,2,2
882,408,2,2
882,409,2,2
882,410,2,2
882,411,2,2
882,412,2,2
882,413,2,2
882,414,2,2
882,415,2,2
882,416,2,2
882,417,2,2
882,418,2,2
882,419,2,2
882,420,2,2
882,421,2,2
882,422,2,2
882,423,2,2
882,424,2,2
882,425,2,2
882,426,2,2
882,427,2,2
882,428,2,2
882,429,2,2
882,430,2,2
882,431,2,2
882,432,2,2
882,433,2,2
882,434,2,2
882,435,2,2
882,436,2,2
882,437,2,2
882,438,2,2
882,439,2,2
882,440,2,2
882,441,2,2
882,442,2,2
882,443,2,2
882,444,2,2
882,445,2,2
882,446,2,2
882,447,2,2
882,448,2,2
882,449,2,2
882,450,2,2
882,451,2,2
882,452,2,2
882,453,2,2
882,454,2,2
882,455,2,2
882,456,2,2
882,457,2,2
882,458,2,2
882,459,2,2
882,460,2,2
882,461,2,2
882,462,2,2
882,463,2,2
882,464,2,2
882,465,2,2
882,466,2,2
882,467,2,2
882,468,2,2
882,469,2,2
882,470,2,2
882,471,2,2
882,472,2,2
882,473,2,2
882,474,2,2
882,475,2,2
882,476,2,2
882,477,2,2
882,478,2,2
882,479,2,2
882,480,2,2
882,481,2,2
882,482,2,2
882,483,2,2
882,484,2,2
882,485,2,2
882,486,2,2
882,487,2,2
882,488,2,2
882,489,2,2
882,490,2,2
882,491,2,2
882,492,2,2
882,493,2,2
882,494,2,2
882,495,2,2
882,496,2,2
882,497,2,2
882,498,2,2
882,499,2,2
882,500,2,2
882,501,2,2
882,502,2,2
882,503,2,2
882,504,2,2
882,505,2,2
882,506,2,2
882,507,2,2
882,508,2,2
882,509,2,2
882,510,2,2
882,511,2,2
882,512,2,2
882,513,2,2
882,514,2,2
882,515,2,2
882,516,2,2
882,517,2,2
882,518,2,2
882,519,2,2
882,520,2,2
882,521,2,2
882,522,2,2
882,523,2,2
882,524,2,2
882,525,2,2
882,526,2,2
882,527,2,2
882,528,2,2
882,529,2,2
882,530,2,2
882,531,2,2
882,532,2,2
882,533,2,2
882,534,2,2
882,535,2,2
882,536,2,2
882,537,2,2
882,538,2,2
882,539,2,2
882,540,2,2
882,541,2,2
882,542,2,2
882,543,2,2
882,544,2,2
882,545,2,2
882,546,2,2
882,547,2,2
882,548,2,2
882,549,2,2
882,550,2,2
882,551,2,2
882,552,2,2
882,553,2,2
882,554,2,2
882,555,2,2
882,556,2,2
882,557,2,2
882,558,2,2
883,100,2,2
883,101,2,2
883,102,2,2
883,103,2,2
883,104,2,2
883,105,2,2
883,106,2,2
883,107,2,2
883,108,2,2
883,109,2,2
883,110,2,2
883,111,2,2
883,112,2,2
883,113,2,2
883,114,2,2
883,115,2,2
883,116,2,2
883,117,2,2
883,118,2,2
883,119,2,2
883,120,2,2
883,121,2,2
883,122,2,2
883,123,2,2
883,124,2,2
883,125,2,2
883,126,2,2
883,127,2,2
883,128,2,2
883,129,2,2
883,130,2,2
883,131,2,2
883,132,2,2
883,133,2,2
883,134,2,2
883,135,2,2
883,136,2,2
883,137,2,2
883,138,2,2
883,139,2,2
883,140,2,2
883,141,2,2
883,142,2,2
883,143,2,2
883,144,2,2
883,145,2,2
883,146,2,2
883,147,2,2
883,148,2,2
883,149,2,2
883,150,2,2
883,151,2,2
883,152,2,2
883,153,2,2
883,154,2,2
883,155,2,2
883,156,2,2
883,157,2,2
883,158,2,2
883,159,2,2
883,160,2,2
883,161,2,2
883,162,2,2
883,163,2,2
883,164,2,2
883,165,2,2
883,166,2,2
883,167,2,2
883,168,2,2
883,169,2,2
883,170,2,2
883,171,2,2
883,172,2,2
883,173,2,2
883,174,2,2
883,175,2,2
883,176,2,2
883,177,2,2
883,178,2,2
883,179,2,2
883,180,2,2
883,181,2,2
883,182,2,2
883,183,2,2
883,184,2,2
883,185,2,2
883,186,2,2
883,187,2,2
883,188,2,2
883,189,2,2
883,190,2,2
883,191,2,2
883,192,2,2
883,193,2,2
883,194,2,2
883,195,2,2
883,196,2,2
883,197,2,2
883,198,2,2
883,199,2,2
883,200,2,2
883,201,2,2
883,202,2,2
883,203,2,2
883,204,2,2
883,205,2,2
883,206,2,2
883,207,2,2
883,208,2,2
883,209,2,2
883,210,2,2
883,211,2,2
883,212,2,2
883,213,2,2
883,214,2,2
883,215,2,2
883,216,2,2
883,217,2,2
883,218,2,2
883,219,2,2
883,220,2,2
883,221,2,2
883,222,2,2
883,223,2,2
883,224,2,2
883,225,2,2
883,226,2,2
883,227,2,2
883,228,2,2
883,229,2,2
883,230,2,2
883,231,2,2
883,232,2,2
883,233,2,2
883,234,2,2
883,235,2,2
883,236,2,2
883,237,2,2
883,238,2,2
883,239,2,2
883,240,2,2
883,241,2,2
883,242,2,2
883,243,2,2
883,244,2,2
883,245,2,2
883,246,2,2
883,247,2,2
883,248,2,2
883,249,2,2
883,250,2,2
883,251,2,2
883,252,2,2
883,253,2,2
883,254,2,2
883,255,2,2
883,256,2,2
883,257,2,2
883,258,2,2
883,259,2,2
883,260,2,2
883,261,2,2
883,262,2,2
883,263,2,2
883,264,2,2
883,265,2,2
883,266,2,2
883,267,2,2
883,268,2,2
883,269,2,2
883,270,2,2
883,271,2,2
883,272,2,2
883,273,2,2
883,274,2,2
883,275,2,2
883,276,2,2
883,277,2,2
883,278,2,2
883,279,2,2
883,280,2,2
883,281,2,2
883,282,2,2
883,283,2,2
883,284,2,2
883,285,2,2
883,286,2,2
883,287,2,2
883,288,2,2
883,289,2,2
883,290,2,2
883,291,2,2
883,292,2,2
883,293,2,2
883,294,2,2
883,295,2,2
883,296,2,2
883,297,2,2
883,298,2,2
883,299,2,2
883,300,2,2
883,301,2,2
883,302,2,2
883,303,2,2
883,304,2,2
883,305,2,2
883,306,2,2
883,307,2,2
883,308,2,2
883,309,2,2
883,310,2,2
883,311,2,2
883,312,2,2
883,313,2,2
883,314,2,2
883,315,2,2
883,316,2,2
883,317,2,2
883,318,2,2
883,319,2,2
883,320,2,2
883,321,2,2
883,322,2,2
883,323,2,2
883,324,2,2
883,325,2,2
883,326,2,2
883,327,2,2
883,328,2,2
883,329,2,2
883,330,2,2
883,331,2,2
883,332,2,2
883,333,2,2
883,334,2,2
883,335,2,2
883,336,2,2
883,337,2,2
883,338,2,2
883,339,2,2
883,340,2,2
883,341,2,2
883,342,2,2
883,343,2,2
883,344,2,2
883,345,2,2
883,346,2,2
883,347,2,2
883,348,2,2
883,349,2,2
883,350,2,2
883,351,2,2
883,352,2,2
883,353,2,3
883,354,2,3
883,355,2,3
883,356,2,3
883,357,2,3
883,358,2,3
883,359,2,3
883,360,2,3
883,361,2,3
883,362,2,3
883,363,2,3
883,364,2,3
883,365,2,3
883,366,2,3
883,367,2,3
883,368,2,3
883,369,2,3
883,370,2,3
883,371,2,3
883,372,2,3
883,373,2,3
883,374,2,3
883,375,2,3
883,376,2,3
883,377,2,3
883,378,2,3
883,379,2,3
883,380,2,3
883,381,2,3
883,382,2,3
883,383,2,3
883,384,2,3
883,385,2,3
883,386,2,3
883,387,2,3
883,388,2,3
883,389,2,3
883,390,2,3
883,391,2,3
883,392,2,3
883,393,2,3
883,394,2,3
883,395,2,3
883,396,2,3
883,397,2,3
883,398,2,3
883,399,2,3
883,400,2,3
883,401,2,2
883,402,2,2
883,403,2,2
883,404,2,2
883,405,2,2
883,406,2,2
883,407,2,2
883,408,2,2
883,409,2,2
883,410,2,2
883,411,2,2
883,412,2,2
883,413,2,2
883,414,2,2
883,415,2,2
883,416,2,2
883,417,2,2
883,418,2,2
883,419,2,2
883,420,2,2
883,421,2,2
883,422,2,2
883,423,2,2
883,424,2,2
883,425,2,2
883,426,2,2
883,427,2,2
883,428,2,2
883,429,2,2
883,430,2,2
883,431,2,2
883,432,2,2
883,433,2,2
883,434,2,2
883,435,2,2
883,436,2,2
883,437,2,2
883,438,2,2
883,439,2,2
883,440,2,2
883,441,2,2
883,442,2,2
883,443,2,2
883,444,2,2
883,445,2,2
883,446,2,2
883,447,2,2
883,448,2,2
883,449,2,2
883,450,2,2
883,451,2,2
883,452,2,2
883,453,2,2
883,454,2,2
883,455,2,2
883,456,2,2
883,457,2,2
883,458,2,2
883,459,2,2
883,460,2,2
883,461,2,2
883,462,2,2
883,463,2,2
883,464,2,2
883,465,2,2
883,466,2,2
883,467,2,2
883,468,2,2
883,469,2,2
883,470,2,2
883,471,2,2
883,472,2,2
883,473,2,2
883,474,2,2
883,475,2,2
883,476,2,2
883,477,2,2
883,478,2,2
883,479,2,2
883,480,2,2
883,481,2,2
883,482,2,2
883,483,2,2
883,484,2,2
883,485,2,2
883,486,2,2
883,487,2,2
883,488,2,2
883,489,2,2
883,490,2,2
883,491,2,2
883,492,2,2
883,493,2,2
883,494,2,2
883,495,2,2
883,496,2,2
883,497,2,2
883,498,2,2
883,499,2,2
883,500,2,2
883,501,2,2
883,502,2,2
883,503,2,2
883,504,2,2
883,505,2,2
883,506,2,2
883,507,2,2
883,508,2,2
883,509,2,2
883,510,2,2
883,511,2,2
883,512,2,2
883,513,2,2
883,514,2,2
883,515,2,2
883,516,2,2
883,517,2,2
883,518,2,2
883,519,2,2
883,520,2,2
883,521,2,2
883,522,2,2
883,523,2,2
883,524,2,2
883,525,2,2
883,526,2,2
883,527,2,2
883,528,2,2
883,529,2,2
883,530,2,2
883,531,2,2
883,532,2,2
883,533,2,2
883,534,2,2
883,535,2,2
883,536,2,2
883,537,2,2
883,538,2,2
883,539,2,2
883,540,2,2
883,541,2,2
883,542,2,2
883,543,2,2
883,544,2,2
883,545,2,2
883,546,2,2
883,547,2,2
883,548,2,2
883,549,2,2
883,550,2,2
883,551,2,2
883,552,2,2
883,553,2,2
883,554,2,2
883,555,2,2
883,556,2,2
883,557,2,2
883,558,2,2
884,101,2,2
884,102,2,2
884,103,2,2
884,104,2,2
884,105,2,2
884,106,2,2
884,107,2,2
884,108,2,2
884,109,2,2
884,110,2,2
884,111,2,2
884,112,2,2
884,113,2,2
884,114,2,2
884,115,2,2
884,116,2,2
884,117,2,2
884,118,2,2
884,119,2,2
884,120,2,2
884,121,2,2
884,122,2,2
884,123,2,2
884,124,2,2
884,125,2,2
884,126,2,2
884,127,2,2
884,128,2,2
884,129,2,2
884,130,2,2
884,131,2,2
884,132,2,2
884,133,2,2
884,134,2,2
884,135,2,2
884,136,2,2
884,137,2,2
884,138,2,2
884,139,2,2
884,140,2,2
884,141,2,2
884,142,2,2
884,143,2,2
884,144,2,2
884,145,2,2
884,146,2,2
884,147,2,2
884,148,2,2
884,149,2,2
884,150,2,2
884,151,2,2
884,152,2,2
884,153,2,2
884,154,2,2
884,155,2,2
884,156,2,2
884,157,2,2
884,158,2,2
884,159,2,2
884,160,2,2
884,161,2,2
884,162,2,2
884,163,2,2
884,164,2,2
884,165,2,2
884,166,2,2
884,167,2,2
884,168,2,2
884,169,2,2
884,170,2,2
884,171,2,2
884,172,2,2
884,173,2,2
884,174,2,2
884,175,2,2
884,176,2,2
884,177,2,2
884,178,2,2
884,179,2,2
884,180,2,2
884,181,2,2
884,182,2,2
884,183,2,2
884,184,2,2
884,185,2,2
884,186,2,2
884,187,2,2
884,188,2,2
884,189,2,2
884,190,2,2
884,191,2,2
884,192,2,2
884,193,2,2
884,194,2,2
884,195,2,2
884,196,2,2
884,197,2,2
884,198,2,2
884,199,2,2
884,200,2,2
884,201,2,2
884,202,2,2
884,203,2,2
884,204,2,2
884,205,2,2
884,206,2,2
884,207,2,2
884,208,2,2
884,209,2,2
884,210,2,2
884,211,2,2
884,212,2,2
884,213,2,2
884,214,2,2
884,215,2,2
884,216,2,2
884,217,2,2
884,218,2,2
884,219,2,2
884,220,2,2
884,221,2,2
884,222,2,2
884,223,2,2
884,224,2,2
884,225,2,2
884,226,2,2
884,227,2,2
884,228,2,2
884,229,2,2
884,230,2,2
884,231,2,2
884,232,2,2
884,233,2,2
884,234,2,2
884,235,2,2
884,236,2,2
884,237,2,2
884,238,2,2
884,239,2,2
884,240,2,2
884,241,2,2
884,242,2,2
884,243,2,2
884,244,2,2
884,245,2,2
884,246,2,2
884,247,2,2
884,248,2,2
884,249,2,2
884,250,2,2
884,251,2,2
884,252,2,2
884,253,2,2
884,254,2,2
884,255,2,2
884,256,2,2
884,257,2,2
884,258,2,2
884,259,2,2
884,260,2,2
884,261,2,2
884,262,2,2
884,263,2,2
884,264,2,2
884,265,2,2
884,266,2,2
884,267,2,2
884,268,2,2
884,269,2,2
884,270,2,2
884,271,2,2
884,272,2,2
884,273,2,2
884,274,2,2
884,275,2,2
884,276,2,2
884,277,2,2
884,278,2,2
884,279,2,2
884,280,2,2
884,281,2,2
884,282,2,2
884,283,2,2
884,284,2,2
884,285,2,2
884,286,2,2
884,287,2,2
884,288,2,2
884,289,2,2
884,290,2,2
884,291,2,2
884,292,2,2
884,293,2,2
884,294,2,2
884,295,2,2
884,296,2,2
884,297,2,2
884,298,2,2
884,299,2,2
884,300,2,2
884,301,2,2
884,302,2,2
884,303,2,2
884,304,2,2
884,305,2,2
884,306,2,2
884,307,2,2
884,308,2,2
884,309,2,2
884,310,2,2
884,311,2,2
884,312,2,2
884,313,2,2
884,314,2,2
884,315,2,2
884,316,2,2
884,317,2,2
884,318,2,2
884,319,2,2
884,320,2,2
884,321,2,2
884,322,2,2
884,323,2,2
884,324,2,2
884,325,2,2
884,326,2,2
884,327,2,2
884,328,2,2
884,329,2,2
884,330,2,2
884,331,2,2
884,332,2,2
884,333,2,2
884,334,2,2
884,335,2,2
884,336,2,2
884,337,2,2
884,338,2,2
884,339,2,2
884,340,2,2
884,341,2,2
884,342,2,2
884,343,2,2
884,344,2,2
884,345,2,2
884,346,2,2
884,347,2,2
884,348,2,2
884,349,2,2
884,350,2,2
884,351,2,2
884,352,2,3
884,353,2,3
884,354,2,3
884,355,2,3
884,356,2,3
884,357,2,3
884,358,2,3
884,359,2,3
884,360,2,3
884,361,2,3
884,362,2,3
884,363,2,3
884,364,2,3
884,365,2,3
884,366,2,3
884,367,2,3
884,368,2,3
884,369,2,3
884,370,2,3
884,371,2,3
884,372,2,3
884,373,2,3
884,374,2,3
884,375,2,3
884,376,2,3
884,377,2,3
884,378,2,3
884,379,2,3
884,380,2,3
884,381,2,3
884,382,2,3
884,383,2,3
884,384,2,3
884,385,2,3
884,386,2,3
884,387,2,3
884,388,2,3
884,389,2,3
884,390,2,3
884,391,2,3
884,392,2,3
884,393,2,3
884,394,2,3
884,395,2,3
884,396,2,3
884,397,2,3
884,398,2,3
884,399,2,3
884,400,2,3
884,401,2,2
884,402,2,2
884,403,2,2
884,404,2,2
884,405,2,2
884,406,2,2
884,407,2,2
884,408,2,2
884,409,2,2
884,410,2,2
884,411,2,2
884,412,2,2
884,413,2,2
884,414,2,2
884,415,2,2
884,416,2,2
884,417,2,2
884,418,2,2
884,419,2,2
884,420,2,2
884,421,2,2
884,422,2,2
884,423,2,2
884,424,2,2
884,425,2,2
884,426,2,2
884,427,2,2
884,428,2,2
884,429,2,2
884,430,2,2
884,431,2,2
884,432,2,2
884,433,2,2
884,434,2,2
884,435,2,2
884,436,2,2
884,437,2,2
884,438,2,2
884,439,2,2
884,440,2,2
884,441,2,2
884,442,2,2
884,443,2,2
884,444,2,2
884,445,2,2
884,446,2,2
884,447,2,2
884,448,2,2
884,449,2,2
884,450,2,2
884,451,2,2
884,452,2,2
884,453,2,2
884,454,2,2
884,455,2,2
884,456,2,2
884,457,2,2
884,458,2,2
884,459,2,2
884,460,2,2
884,461,2,2
884,462,2,2
884,463,2,2
884,464,2,2
884,465,2,2
884,466,2,2
884,467,2,2
884,468,2,2
884,469,2,2
884,470,2,2
884,471,2,2
884,472,2,2
884,473,2,2
884,474,2,2
884,475,2,2
884,476,2,2
884,477,2,2
884,478,2,2
884,479,2,2
884,480,2,2
884,481,2,2
884,482,2,2
884,483,2,2
884,484,2,2
884,485,2,2
884,486,2,2
884,487,2,2
884,488,2,2
884,489,2,2
884,490,2,2
884,491,2,2
884,492,2,2
884,493,2,2
884,494,2,2
884,495,2,2
884,496,2,2
884,497,2,2
884,498,2,2
884,499,2,2
884,500,2,2
884,501,2,2
884,502,2,2
884,503,2,2
884,504,2,2
884,505,2,2
884,506,2,2
884,507,2,2
884,508,2,2
884,509,2,2
884,510,2,2
884,511,2,2
884,512,2,2
884,513,2,2
884,514,2,2
884,515,2,2
884,516,2,2
884,517,2,2
884,518,2,2
884,519,2,2
884,520,2,2
884,521,2,2
884,522,2,2
884,523,2,2
884,524,2,2
884,525,2,2
884,526,2,2
884,527,2,2
884,528,2,2
884,529,2,2
884,530,2,2
884,531,2,2
884,532,2,2
884,533,2,2
884,534,2,2
884,535,2,2
884,536,2,2
884,537,2,2
884,538,2,2
884,539,2,2
884,540,2,2
884,541,2,2
884,542,2,2
884,543,2,2
884,544,2,2
884,545,2,2
884,546,2,2
884,547,2,2
884,548,2,2
884,549,2,2
884,550,2,2
884,551,2,2
884,552,2,2
884,553,2,2
884,554,2,2
884,555,2,2
884,556,2,2
884,557,2,2
884,558,2,2
885,102,2,2
885,103,2,2
885,104,2,2
885,105,2,2
885,106,2,2
885,107,2,2
885,108,2,2
885,109,2,2
885,110,2,2
885,111,2,2
885,112,2,2
885,113,2,2
885,114,2,2
885,115,2,2
885,116,2,2
885,117,2,2
885,118,2,2
885,119,2,2
885,120,2,2
885,121,2,2
885,122,2,2
885,123,2,2
885,124,2,2
885,125,2,2
885,126,2,2
885,127,2,2
885,128,2,2
885,129,2,2
885,130,2,2
885,131,2,2
885,132,2,2
885,133,2,2
885,134,2,2
885,135,2,2
885,136,2,2
885,137,2,2
885,138,2,2
885,139,2,2
885,140,2,2
885,141,2,2
885,142,2,2
885,143,2,2
885,144,2,2
885,145,2,2
885,146,2,2
885,147,2,2
885,148,2,2
885,149,2,2
885,150,2,2
885,151,2,2
885,152,2,2
885,153,2,2
885,154,2,2
885,155,2,2
885,156,2,2
885,157,2,2
885,158,2,2
885,159,2,2
885,160,2,2
885,161,2,2
885,162,2,2
885,163,2,2
885,164,2,2
885,165,2,2
885,166,2,2
885,167,2,2
885,168,2,2
885,169,2,2
885,170,2,2
885,171,2,2
885,172,2,2
885,173,2,2
885,174,2,2
885,175,2,2
885,176,2,2
885,177,2,2
885,178,2,2
885,179,2,2
885,180,2,2
885,181,2,2
885,182,2,2
885,183,2,2
885,184,2,2
885,185,2,2
885,186,2,2
885,187,2,2
885,188,2,2
885,189,2,2
885,190,2,2
885,191,2,2
885,192,2,2
885,193,2,2
885,194,2,2
885,195,2,2
885,196,2,2
885,197,2,2
885,198,2,2
885,199,2,2
885,200,2,2
885,201,2,2
885,202,2,2
885,203,2,2
885,204,2,2
885,205,2,2
885,206,2,2
885,207,2,2
885,208,2,2
885,209,2,2
885,210,2,2
885,211,2,2
885,212,2,2
885,213,2,2
885,214,2,2
885,215,2,2
885,216,2,2
885,217,2,2
885,218,2,2
885,219,2,2
885,220,2,2
885,221,2,2
885,222,2,2
885,223,2,2
885,224,2,2
885,225,2,2
885,226,2,2
885,227,2,2
885,228,2,2
885,229,2,2
885,230,2,2
885,231,2,2
885,232,2,2
885,233,2,2
885,234,2,2
885,235,2,2
885,236,2,2
885,237,2,2
885,238,2,2
885,239,2,2
885,240,2,2
885,241,2,2
885,242,2,2
885,243,2,2
885,244,2,2
885,245,2,2
885,246,2,2
885,247,2,2
885,248,2,2
885,249,2,2
885,250,2,2
885,251,2,2
885,252,2,2
885,253,2,2
885,254,2,2
885,255,2,2
885,256,2,2
885,257,2,2
885,258,2,2
885,259,2,2
885,260,2,2
885,261,2,2
885,262,2,2
885,263,2,2
885,264,2,2
885,265,2,2
885,266,2,2
885,267,2,2
885,268,2,2
885,269,2,2
885,270,2,2
885,271,2,2
885,272,2,2
885,273,2,2
885,274,2,2
885,275,2,2
885,276,2,2
885,277,2,2
885,278,2,2
885,279,2,2
885,280,2,2
885,281,2,2
885,282,2,2
885,283,2,2
885,284,2,2
885,285,2,2
885,286,2,2
885,287,2,2
885,288,2,2
885,289,2,2
885,290,2,2
885,291,2,2
885,292,2,2
885,293,2,2
885,294,2,2
885,295,2,2
885,296,2,2
885,297,2,2
885,298,2,2
885,299,2,2
885,300,2,2
885,301,2,2
885,302,2,2
885,303,2,2
885,304,2,2
885,305,2,2
885,306,2,2
885,307,2,2
885,308,2,2
885,309,2,2
885,310,2,2
885,311,2,2
885,312,2,2
885,313,2,2
885,314,2,2
885,315,2,2
885,316,2,2
885,317,2,2
885,318,2,2
885,319,2,2
885,320,2,2
885,321,2,2
885,322,2,2
885,323,2,2
885,324,2,2
885,325,2,2
885,326,2,2
885,327,2,2
885,328,2,2
885,329,2,2
885,330,2,2
885,331,2,2
885,332,2,2
885,333,2,2
885,334,2,2
885,335,2,2
885,336,2,2
885,337,2,2
885,338,2,2
885,339,2,2
885,340,2,2
885,341,2,2
885,342,2,2
885,343,2,2
885,344,2,2
885,345,2,2
885,346,2,2
885,347,2,2
885,348,2,2
885,349,2,2
885,350,2,2
885,351,2,3
885,352,2,3
885,353,2,3
885,354,2,3
885,355,2,3
885,356,2,3
885,357,2,3
885,358,2,3
885,359,2,3
885,360,2,3
885,361,2,3
885,362,2,3
885,363,2,3
885,364,2,3
885,365,2,3
885,366,2,3
885,367,2,3
885,368,2,3
885,369,2,3
885,370,2,3
885,371,2,3
885,372,2,3
885,373,2,3
885,374,2,3
885,375,2,3
885,376,2,3
885,377,2,3
885,378,2,3
885,379,2,3
885,380,2,3
885,381,2,3
885,382,2,3
885,383,2,3
885,384,2,3
885,385,2,3
885,386,2,3
885,387,2,3
885,388,2,3
885,389,2,3
885,390,2,3
885,391,2,3
885,392,2,3
885,393,2,3
885,394,2,3
885,395,2,3
885,396,2,3
885,397,2,2
885,398,2,2
885,399,2,2
885,400,2,2
885,401,2,2
885,402,2,2
885,403,2,2
885,404,2,2
885,405,2,2
885,406,2,2
885,407,2,2
885,408,2,2
885,409,2,2
885,410,2,2
885,411,2,2
885,412,2,2
885,413,2,2
885,414,2,2
885,415,2,2
885,416,2,2
885,417,2,2
885,418,2,2
885,419,2,2
885,420,2,2
885,421,2,2
885,422,2,2
885,423,2,2
885,424,2,2
885,425,2,2
885,426,2,2
885,427,2,2
885,428,2,2
885,429,2,2
885,430,2,2
885,431,2,2
885,432,2,2
885,433,2,2
885,434,2,2
885,435,2,2
885,436,2,2
885,437,2,2
885,438,2,2
885,439,2,2
885,440,2,2
885,441,2,2
885,442,2,2
885,443,2,2
885,444,2,2
885,445,2,2
885,446,2,2
885,447,2,2
885,448,2,2
885,449,2,2
885,450,2,2
885,451,2,2
885,452,2,2
885,453,2,2
885,454,2,2
885,455,2,2
885,456,2,2
885,457,2,2
885,458,2,2
885,459,2,2
885,460,2,2
885,461,2,2
885,462,2,2
885,463,2,2
885,464,2,2
885,465,2,2
885,466,2,2
885,467,2,2
885,468,2,2
885,469,2,2
885,470,2,2
885,471,2,2
885,472,2,2
885,473,2,2
885,474,2,2
885,475,2,2
885,476,2,2
885,477,2,2
885,478,2,2
885,479,2,2
885,480,2,2
885,481,2,2
885,482,2,2
885,483,2,2
885,484,2,2
885,485,2,2
885,486,2,2
885,487,2,2
885,488,2,2
885,489,2,2
885,490,2,2
885,491,2,2
885,492,2,2
885,493,2,2
885,494,2,2
885,495,2,2
885,496,2,2
885,497,2,2
885,498,2,2
885,499,2,2
885,500,2,2
885,501,2,2
885,502,2,2
885,503,2,2
885,504,2,2
885,505,2,2
885,506,2,2
885,507,2,2
885,508,2,2
885,509,2,2
885,510,2,2
885,511,2,2
885,512,2,2
885,513,2,2
885,514,2,2
885,515,2,2
885,516,2,2
885,517,2,2
885,518,2,2
885,519,2,2
885,520,2,2
885,521,2,2
885,522,2,2
885,523,2,2
885,524,2,2
885,525,2,2
885,526,2,2
885,527,2,2
885,528,2,2
885,529,2,2
885,530,2,2
885,531,2,2
885,532,2,2
885,533,2,2
885,534,2,2
885,535,2,2
885,536,2,2
885,537,2,2
885,538,2,2
885,539,2,2
885,540,2,2
885,541,2,2
885,542,2,2
885,543,2,2
885,544,2,2
885,545,2,2
885,546,2,2
885,547,2,2
885,548,2,2
885,549,2,2
885,550,2,2
885,551,2,2
885,552,2,2
885,553,2,2
885,554,2,2
885,555,2,2
885,556,2,2
885,557,2,2
886,103,2,2
886,104,2,2
886,105,2,2
886,106,2,2
886,107,2,2
886,108,2,2
886,109,2,2
886,110,2,2
886,111,2,2
886,112,2,2
886,113,2,2
886,114,2,2
886,115,2,2
886,116,2,2
886,117,2,2
886,118,2,2
886,119,2,2
886,120,2,2
886,121,2,2
886,122,2,2
886,123,2,2
886,124,2,2
886,125,2,2
886,126,2,2
886,127,2,2
886,128,2,2
886,129,2,2
886,130,2,2
886,131,2,2
886,132,2,2
886,133,2,2
886,134,2,2
886,135,2,2
886,136,2,2
886,137,2,2
886,138,2,2
886,139,2,2
886,140,2,2
886,141,2,2
886,142,2,2
886,143,2,2
886,144,2,2
886,145,2,2
886,146,2,2
886,147,2,2
886,148,2,2
886,149,2,2
886,150,2,2
886,151,2,2
886,152,2,2
886,153,2,2
886,154,2,2
886,155,2,2
886,156,2,2
886,157,2,2
886,158,2,2
886,159,2,2
886,160,2,2
886,161,2,2
886,162,2,2
886,163,2,2
886,164,2,2
886,165,2,2
886,166,2,2
886,167,2,2
886,168,2,2
886,169,2,2
886,170,2,2
886,171,2,2
886,172,2,2
886,173,2,2
886,174,2,2
886,175,2,2
886,176,2,2
886,177,2,2
886,178,2,2
886,179,2,2
886,180,2,2
886,181,2,2
886,182,2,2
886,183,2,2
886,184,2,2
886,185,2,2
886,186,2,2
886,187,2,2
886,188,2,2
886,189,2,2
886,190,2,2
886,191,2,2
886,192,2,2
886,193,2,2
886,194,2,2
886,195,2,2
886,196,2,2
886,197,2,2
886,198,2,2
886,199,2,2
886,200,2,2
886,201,2,2
886,202,2,2
886,203,2,2
886,204,2,2
886,205,2,2
886,206,2,2
886,207,2,2
886,208,2,2
886,209,2,2
886,210,2,2
886,211,2,2
886,212,2,2
886,213,2,2
886,214,2,2
886,215,2,2
886,216,2,2
886,217,2,2
886,218,2,2
886,219,2,2
886,220,2,2
886,221,2,2
886,222,2,2
886,223,2,2
886,224,2,2
886,225,2,2
886,226,2,2
886,227,2,2
886,228,2,2
886,229,2,2
886,230,2,2
886,231,2,2
886,232,2,2
886,233,2,2
886,234,2,2
886,235,2,2
886,236,2,2
886,237,2,2
886,238,2,2
886,239,2,2
886,240,2,2
886,241,2,2
886,242,2,2
886,243,2,2
886,244,2,2
886,245,2,2
886,246,2,2
886,247,2,2
886,248,2,2
886,249,2,2
886,250,2,2
886,251,2,2
886,252,2,2
886,253,2,2
886,254,2,2
886,255,2,2
886,256,2,2
886,257,2,2
886,258,2,2
886,259,2,2
886,260,2,2
886,261,2,2
886,262,2,2
886,263,2,2
886,264,2,2
886,265,2,2
886,266,2,2
886,267,2,2
886,268,2,2
886,269,2,2
886,270,2,2
886,271,2,2
886,272,2,2
886,273,2,2
886,274,2,2
886,275,2,2
886,276,2,2
886,277,2,2
886,278,2,2
886,279,2,2
886,280,2,2
886,281,2,2
886,282,2,2
886,283,2,2
886,284,2,2
886,285,2,2
886,286,2,2
886,287,2,2
886,288,2,2
886,289,2,2
886,290,2,2
886,291,2,2
886,292,2,2
886,293,2,2
886,294,2,2
886,295,2,2
886,296,2,2
886,297,2,2
886,298,2,2
886,299,2,2
886,300,2,2
886,301,2,2
886,302,2,2
886,303,2,2
886,304,2,2
886,305,2,2
886,306,2,2
886,307,2,2
886,308,2,2
886,309,2,2
886,310,2,2
886,311,2,2
886,312,2,2
886,313,2,2
886,314,2,2
886,315,2,2
886,316,2,2
886,317,2,2
886,318,2,2
886,319,2,2
886,320,2,2
886,321,2,2
886,322,2,2
886,323,2,2
886,324,2,2
886,325,2,2
886,326,2,2
886,327,2,2
886,328,2,2
886,329,2,2
886,330,2,2
886,331,2,2
886,332,2,2
886,333,2,2
886,334,2,2
886,335,2,2
886,336,2,2
886,337,2,2
886,338,2,2
886,339,2,2
886,340,2,2
886,341,2,2
886,342,2,2
886,343,2,2
886,344,2,2
886,345,2,2
886,346,2,2
886,347,2,2
886,348,2,2
886,349,2,2
886,350,2,3
886,351,2,3
886,352,2,3
886,353,2,3
886,354,2,3
886,355,2,3
886,356,2,3
886,357,2,3
886,358,2,3
886,359,2,3
886,360,2,3
886,361,2,3
886,362,2,3
886,363,2,3
886,364,2,3
886,365,2,3
886,366,2,3
886,367,2,3
886,368,2,3
886,369,2,3
886,370,2,3
886,371,2,3
886,372,2,3
886,373,2,3
886,374,2,3
886,375,2,3
886,376,2,3
886,377,2,3
886,378,2,3
886,379,2,3
886,380,2,3
886,381,2,3
886,382,2,3
886,383,2,3
886,384,2,3
886,385,2,3
886,386,2,3
886,387,2,3
886,388,2,3
886,389,2,3
886,390,2,3
886,391,2,3
886,392,2,3
886,393,2,3
886,394,2,3
886,395,2,3
886,396,2,3
886,397,2,2
886,398,2,2
886,399,2,2
886,400,2,2
886,401,2,2
886,402,2,2
886,403,2,2
886,404,2,2
886,405,2,2
886,406,2,2
886,407,2,2
886,408,2,2
886,409,2,2
886,410,2,2
886,411,2,2
886,412,2,2
886,413,2,2
886,414,2,2
886,415,2,2
886,416,2,2
886,417,2,2
886,418,2,2
886,419,2,2
886,420,2,2
886,421,2,2
886,422,2,2
886,423,2,2
886,424,2,2
886,425,2,2
886,426,2,2
886,427,2,2
886,428,2,2
886,429,2,2
886,430,2,2
886,431,2,2
886,432,2,2
886,433,2,2
886,434,2,2
886,435,2,2
886,436,2,2
886,437,2,2
886,438,2,2
886,439,2,2
886,440,2,2
886,441,2,2
886,442,2,2
886,443,2,2
886,444,2,2
886,445,2,2
886,446,2,2
886,447,2,2
886,448,2,2
886,449,2,2
886,450,2,2
886,451,2,2
886,452,2,2
886,453,2,2
886,454,2,2
886,455,2,2
886,456,2,2
886,457,2,2
886,458,2,2
886,459,2,2
886,460,2,2
886,461,2,2
886,462,2,2
886,463,2,2
886,464,2,2
886,465,2,2
886,466,2,2
886,467,2,2
886,468,2,2
886,469,2,2
886,470,2,2
886,471,2,2
886,472,2,2
886,473,2,2
886,474,2,2
886,475,2,2
886,476,2,2
886,477,2,2
886,478,2,2
886,479,2,2
886,480,2,2
886,481,2,2
886,482,2,2
886,483,2,2
886,484,2,2
886,485,2,2
886,486,2,2
886,487,2,2
886,488,2,2
886,489,2,2
886,490,2,2
886,491,2,2
886,492,2,2
886,493,2,2
886,494,2,2
886,495,2,2
886,496,2,2
886,497,2,2
886,498,2,2
886,499,2,2
886,500,2,2
886,501,2,2
886,502,2,2
886,503,2,2
886,504,2,2
886,505,2,2
886,506,2,2
886,507,2,2
886,508,2,2
886,509,2,2
886,510,2,2
886,511,2,2
886,512,2,2
886,513,2,2
886,514,2,2
886,515,2,2
886,516,2,2
886,517,2,2
886,518,2,2
886,519,2,2
886,520,2,2
886,521,2,2
886,522,2,2
886,523,2,2
886,524,2,2
886,525,2,2
886,526,2,2
886,527,2,2
886,528,2,2
886,529,2,2
886,530,2,2
886,531,2,2
886,532,2,2
886,533,2,2
886,534,2,2
886,535,2,2
886,536,2,2
886,537,2,2
886,538,2,2
886,539,2,2
886,540,2,2
886,541,2,2
886,542,2,2
886,543,2,2
886,544,2,2
886,545,2,2
886,546,2,2
886,547,2,2
886,548,2,2
886,549,2,2
886,550,2,2
886,551,2,2
886,552,2,2
886,553,2,2
886,554,2,2
886,555,2,2
886,556,2,2
886,557,2,2
887,105,2,2
887,106,2,2
887,107,2,2
887,108,2,2
887,109,2,2
887,110,2,2
887,111,2,2
887,112,2,2
887,113,2,2
887,114,2,2
887,115,2,2
887,116,2,2
887,117,2,2
887,118,2,2
887,119,2,2
887,120,2,2
887,121,2,2
887,122,2,2
887,123,2,2
887,124,2,2
887,125,2,2
887,126,2,2
887,127,2,2
887,128,2,2
887,129,2,2
887,130,2,2
887,131,2,2
887,132,2,2
887,133,2,2
887,134,2,2
887,135,2,2
887,136,2,2
887,137,2,2
887,138,2,2
887,139,2,2
887,140,2,2
887,141,2,2
887,142,2,2
887,143,2,2
887,144,2,2
887,145,2,2
887,146,2,2
887,147,2,2
887,148,2,2
887,149,2,2
887,150,2,2
887,151,2,2
887,152,2,2
887,153,2,2
887,154,2,2
887,155,2,2
887,156,2,2
887,157,2,2
887,158,2,2
887,159,2,2
887,160,2,2
887,161,2,2
887,162,2,2
887,163,2,2
887,164,2,2
887,165,2,2
887,166,2,2
887,167,2,2
887,168,2,2
887,169,2,2
887,170,2,2
887,171,2,2
887,172,2,2
887,173,2,2
887,174,2,2
887,175,2,2
887,176,2,2
887,177,2,2
887,178,2,2
887,179,2,2
887,180,2,2
887,181,2,2
887,182,2,2
887,183,2,2
887,184,2,2
887,185,2,2
887,186,2,2
887,187,2,2
887,188,2,2
887,189,2,2
887,190,2,2
887,191,2,2
887,192,2,2
887,193,2,2
887,194,2,2
887,195,2,2
887,196,2,2
887,197,2,2
887,198,2,2
887,199,2,2
887,200,2,2
887,201,2,2
887,202,2,2
887,203,2,2
887,204,2,2
887,205,2,2
887,206,2,2
887,207,2,2
887,208,2,2
887,209,2,2
887,210,2,2
887,211,2,2
887,212,2,2
887,213,2,2
887,214,2,2
887,215,2,2
887,216,2,2
887,217,2,2
887,218,2,2
887,219,2,2
887,220,2,2
887,221,2,2
887,222,2,2
887,223,2,2
887,224,2,2
887,225,2,2
887,226,2,2
887,227,2,2
887,228,2,2
887,229,2,2
887,230,2,2
887,231,2,2
887,232,2,2
887,233,2,2
887,234,2,2
887,235,2,2
887,236,2,2
887,237,2,2
887,238,2,2
887,239,2,2
887,240,2,2
887,241,2,2
887,242,2,2
887,243,2,2
887,244,2,2
887,245,2,2
887,246,2,2
887,247,2,2
887,248,2,2
887,249,2,2
887,250,2,2
887,251,2,2
887,252,2,2
887,253,2,2
887,254,2,2
887,255,2,2
887,256,2,2
887,257,2,2
887,258,2,2
887,259,2,2
887,260,2,2
887,261,2,2
887,262,2,2
887,263,2,2
887,264,2,2
887,265,2,2
887,266,2,2
887,267,2,2
887,268,2,2
887,269,2,2
887,270,2,2
887,271,2,2
887,272,2,2
887,273,2,2
887,274,2,2
887,275,2,2
887,276,2,2
887,277,2,2
887,278,2,2
887,279,2,2
887,280,2,2
887,281,2,2
887,282,2,2
887,283,2,2
887,284,2,2
887,285,2,2
887,286,2,2
887,287,2,2
887,288,2,2
887,289,2,2
887,290,2,2
887,291,2,2
887,292,2,2
887,293,2,2
887,294,2,2
887,295,2,2
887,296,2,2
887,297,2,2
887,298,2,2
887,299,2,2
887,300,2,2
887,301,2,2
887,302,2,2
887,303,2,2
887,304,2,2
887,305,2,2
887,306,2,2
887,307,2,2
887,308,2,2
887,309,2,2
887,310,2,2
887,311,2,2
887,312,2,2
887,313,2,2
887,314,2,2
887,315,2,2
887,316,2,2
887,317,2,2
887,318,2,2
887,319,2,2
887,320,2,2
887,321,2,2
887,322,2,2
887,323,2,2
887,324,2,2
887,325,2,2
887,326,2,2
887,327,2,2
887,328,2,2
887,329,2,2
887,330,2,2
887,331,2,2
887,332,2,2
887,333,2,2
887,334,2,2
887,335,2,2
887,336,2,2
887,337,2,2
887,338,2,2
887,339,2,2
887,340,2,2
887,341,2,2
887,342,2,2
887,343,2,2
887,344,2,2
887,345,2,2
887,346,2,2
887,347,2,2
887,348,2,2
887,349,2,2
887,350,2,3
887,351,2,3
887,352,2,3
887,353,2,3
887,354,2,3
887,355,2,3
887,356,2,3
887,357,2,3
887,358,2,3
887,359,2,3
887,360,2,3
887,361,2,3
887,362,2,3
887,363,2,3
887,364,2,3
887,365,2,3
887,366,2,3
887,367,2,3
887,368,2,3
887,369,2,3
887,370,2,3
887,371,2,3
887,372,2,3
887,373,2,3
887,374,2,3
887,375,2,3
887,376,2,3
887,377,2,3
887,378,2,3
887,379,2,3
887,380,2,3
887,381,2,3
887,382,2,3
887,383,2,3
887,384,2,3
887,385,2,3
887,386,2,3
887,387,2,3
887,388,2,3
887,389,2,3
887,390,2,3
887,391,2,3
887,392,2,3
887,393,2,3
887,394,2,3
887,395,2,3
887,396,2,2
887,397,2,2
887,398,2,2
887,399,2,2
887,400,2,2
887,401,2,2
887,402,2,2
887,403,2,2
887,404,2,2
887,405,2,2
887,406,2,2
887,407,2,2
887,408,2,2
887,409,2,2
887,410,2,2
887,411,2,2
887,412,2,2
887,413,2,2
887,414,2,2
887,415,2,2
887,416,2,2
887,417,2,2
887,418,2,2
887,419,2,2
887,420,2,2
887,421,2,2
887,422,2,2
887,423,2,2
887,424,2,2
887,425,2,2
887,426,2,2
887,427,2,2
887,428,2,2
887,429,2,2
887,430,2,2
887,431,2,2
887,432,2,2
887,433,2,2
887,434,2,2
887,435,2,2
887,436,2,2
887,437,2,2
887,438,2,2
887,439,2,2
887,440,2,2
887,441,2,2
887,442,2,2
887,443,2,2
887,444,2,2
887,445,2,2
887,446,2,2
887,447,2,2
887,448,2,2
887,449,2,2
887,450,2,2
887,451,2,2
887,452,2,2
887,453,2,2
887,454,2,2
887,455,2,2
887,456,2,2
887,457,2,2
887,458,2,2
887,459,2,2
887,460,2,2
887,461,2,2
887,462,2,2
887,463,2,2
887,464,2,2
887,465,2,2
887,466,2,2
887,467,2,2
887,468,2,2
887,469,2,2
887,470,2,2
887,471,2,2
887,472,2,2
887,473,2,2
887,474,2,2
887,475,2,2
887,476,2,2
887,477,2,2
887,478,2,2
887,479,2,2
887,480,2,2
887,481,2,2
887,482,2,2
887,483,2,2
887,484,2,2
887,485,2,2
887,486,2,2
887,487,2,2
887,488,2,2
887,489,2,2
887,490,2,2
887,491,2,2
887,492,2,2
887,493,2,2
887,494,2,2
887,495,2,2
887,496,2,2
887,497,2,2
887,498,2,2
887,499,2,2
887,500,2,2
887,501,2,2
887,502,2,2
887,503,2,2
887,504,2,2
887,505,2,2
887,506,2,2
887,507,2,2
887,508,2,2
887,509,2,2
887,510,2,2
887,511,2,2
887,512,2,2
887,513,2,2
887,514,2,2
887,515,2,2
887,516,2,2
887,517,2,2
887,518,2,2
887,519,2,2
887,520,2,2
887,521,2,2
887,522,2,2
887,523,2,2
887,524,2,2
887,525,2,2
887,526,2,2
887,527,2,2
887,528,2,2
887,529,2,2
887,530,2,2
887,531,2,2
887,532,2,2
887,533,2,2
887,534,2,2
887,535,2,2
887,536,2,2
887,537,2,2
887,538,2,2
887,539,2,2
887,540,2,2
887,541,2,2
887,542,2,2
887,543,2,2
887,544,2,2
887,545,2,2
887,546,2,2
887,547,2,2
887,548,2,2
887,549,2,2
887,550,2,2
887,551,2,2
887,552,2,2
887,553,2,2
887,554,2,2
887,555,2,2
887,556,2,2
888,106,2,2
888,107,2,2
888,108,2,2
888,109,2,2
888,110,2,2
888,111,2,2
888,112,2,2
888,113,2,2
888,114,2,2
888,115,2,2
888,116,2,2
888,117,2,2
888,118,2,2
888,119,2,2
888,120,2,2
888,121,2,2
888,122,2,2
888,123,2,2
888,124,2,2
888,125,2,2
888,126,2,2
888,127,2,2
888,128,2,2
888,129,2,2
888,130,2,2
888,131,2,2
888,132,2,2
888,133,2,2
888,134,2,2
888,135,2,2
888,136,2,2
888,137,2,2
888,138,2,2
888,139,2,2
888,140,2,2
888,141,2,2
888,142,2,2
888,143,2,2
888,144,2,2
888,145,2,2
888,146,2,2
888,147,2,2
888,148,2,2
888,149,2,2
888,150,2,2
888,151,2,2
888,152,2,2
888,153,2,2
888,154,2,2
888,155,2,2
888,156,2,2
888,157,2,2
888,158,2,2
888,159,2,2
888,160,2,2
888,161,2,2
888,162,2,2
888,163,2,2
888,164,2,2
888,165,2,2
888,166,2,2
888,167,2,2
888,168,2,2
888,169,2,2
888,170,2,2
888,171,2,2
888,172,2,2
888,173,2,2
888,174,2,2
888,175,2,2
888,176,2,2
888,177,2,2
888,178,2,2
888,179,2,2
888,180,2,2
888,181,2,2
888,182,2,2
888,183,2,2
888,184,2,2
888,185,2,2
888,186,2,2
888,187,2,2
888,188,2,2
888,189,2,2
888,190,2,2
888,191,2,2
888,192,2,2
888,193,2,2
888,194,2,2
888,195,2,2
888,196,2,2
888,197,2,2
888,198,2,2
888,199,2,2
888,200,2,2
888,201,2,2
888,202,2,2
888,203,2,2
888,204,2,2
888,205,2,2
888,206,2,2
888,207,2,2
888,208,2,2
888,209,2,2
888,210,2,2
888,211,2,2
888,212,2,2
888,213,2,2
888,214,2,2
888,215,2,2
888,216,2,2
888,217,2,2
888,218,2,2
888,219,2,2
888,220,2,2
888,221,2,2
888,222,2,2
888,223,2,2
888,224,2,2
888,225,2,2
888,226,2,2
888,227,2,2
888,228,2,2
888,229,2,2
888,230,2,2
888,231,2,2
888,232,2,2
888,233,2,2
888,234,2,2
888,235,2,2
888,236,2,2
888,237,2,2
888,238,2,2
888,239,2,2
888,240,2,2
888,241,2,2
888,242,2,2
888,243,2,2
888,244,2,2
888,245,2,2
888,246,2,2
888,247,2,2
888,248,2,2
888,249,2,2
888,250,2,2
888,251,2,2
888,252,2,2
888,253,2,2
888,254,2,2
888,255,2,2
888,256,2,2
888,257,2,2
888,258,2,2
888,259,2,2
888,260,2,2
888,261,2,2
888,262,2,2
888,263,2,2
888,264,2,2
888,265,2,2
888,266,2,2
888,267,2,2
888,268,2,2
888,269,2,2
888,270,2,2
888,271,2,2
888,272,2,2
888,273,2,2
888,274,2,2
888,275,2,2
888,276,2,2
888,277,2,2
888,278,2,2
888,279,2,2
888,280,2,2
888,281,2,2
888,282,2,2
888,283,2,2
888,284,2,2
888,285,2,2
888,286,2,2
888,287,2,2
888,288,2,2
888,289,2,2
888,290,2,2
888,291,2,2
888,292,2,2
888,293,2,2
888,294,2,2
888,295,2,2
888,296,2,2
888,297,2,2
888,298,2,2
888,299,2,2
888,300,2,2
888,301,2,2
888,302,2,2
888,303,2,2
888,304,2,2
888,305,2,2
888,306,2,2
888,307,2,2
888,308,2,2
888,309,2,2
888,310,2,2
888,311,2,2
888,312,2,2
888,313,2,2
888,314,2,2
888,315,2,2
888,316,2,2
888,317,2,2
888,318,2,2
888,319,2,2
888,320,2,2
888,321,2,2
888,322,2,2
888,323,2,2
888,324,2,2
888,325,2,2
888,326,2,2
888,327,2,2
888,328,2,2
888,329,2,2
888,330,2,2
888,331,2,2
888,332,2,2
888,333,2,2
888,334,2,2
888,335,2,2
888,336,2,2
888,337,2,2
888,338,2,2
888,339,2,2
888,340,2,2
888,341,2,2
888,342,2,2
888,343,2,2
888,344,2,2
888,345,2,2
888,346,2,2
888,347,2,2
888,348,2,2
888,349,2,3
888,350,2,3
888,351,2,3
888,352,2,3
888,353,2,3
888,354,2,3
888,355,2,3
888,356,2,3
888,357,2,3
888,358,2,3
888,359,2,3
888,360,2,3
888,361,2,3
888,362,2,3
888,363,2,3
888,364,2,3
888,365,2,3
888,366,2,3
888,367,2,3
888,368,2,3
888,369,2,3
888,370,2,3
888,371,2,3
888,372,2,3
888,373,2,3
888,374,2,3
888,375,2,3
888,376,2,3
888,377,2,3
888,378,2,3
888,379,2,3
888,380,2,3
888,381,2,3
888,382,2,3
888,383,2,3
888,384,2,3
888,385,2,3
888,386,2,3
888,387,2,3
888,388,2,3
888,389,2,3
888,390,2,3
888,391,2,3
888,392,2,3
888,393,2,3
888,394,2,3
888,395,2,3
888,396,2,2
888,397,2,2
888,398,2,2
888,399,2,2
888,400,2,2
888,401,2,2
888,402,2,2
888,403,2,2
888,404,2,2
888,405,2,2
888,406,2,2
888,407,2,2
888,408,2,2
888,409,2,2
888,410,2,2
888,411,2,2
888,412,2,2
888,413,2,2
888,414,2,2
888,415,2,2
888,416,2,2
888,417,2,2
888,418,2,2
888,419,2,2
888,420,2,2
888,421,2,2
888,422,2,2
888,423,2,2
888,424,2,2
888,425,2,2
888,426,2,2
888,427,2,2
888,428,2,2
888,429,2,2
888,430,2,2
888,431,2,2
888,432,2,2
888,433,2,2
888,434,2,2
888,435,2,2
888,436,2,2
888,437,2,2
888,438,2,2
888,439,2,2
888,440,2,2
888,441,2,2
888,442,2,2
888,443,2,2
888,444,2,2
888,445,2,2
888,446,2,2
888,447,2,2
888,448,2,2
888,449,2,2
888,450,2,2
888,451,2,2
888,452,2,2
888,453,2,2
888,454,2,2
888,455,2,2
888,456,2,2
888,457,2,2
888,458,2,2
888,459,2,2
888,460,2,2
888,461,2,2
888,462,2,2
888,463,2,2
888,464,2,2
888,465,2,2
888,466,2,2
888,467,2,2
888,468,2,2
888,469,2,2
888,470,2,2
888,471,2,2
888,472,2,2
888,473,2,2
888,474,2,2
888,475,2,2
888,476,2,2
888,477,2,2
888,478,2,2
888,479,2,2
888,480,2,2
888,481,2,2
888,482,2,2
888,483,2,2
888,484,2,2
888,485,2,2
888,486,2,2
888,487,2,2
888,488,2,2
888,489,2,2
888,490,2,2
888,491,2,2
888,492,2,2
888,493,2,2
888,494,2,2
888,495,2,2
888,496,2,2
888,497,2,2
888,498,2,2
888,499,2,2
888,500,2,2
888,501,2,2
888,502,2,2
888,503,2,2
888,504,2,2
888,505,2,2
888,506,2,2
888,507,2,2
888,508,2,2
888,509,2,2
888,510,2,2
888,511,2,2
888,512,2,2
888,513,2,2
888,514,2,2
888,515,2,2
888,516,2,2
888,517,2,2
888,518,2,2
888,519,2,2
888,520,2,2
888,521,2,2
888,522,2,2
888,523,2,2
888,524,2,2
888,525,2,2
888,526,2,2
888,527,2,2
888,528,2,2
888,529,2,2
888,530,2,2
888,531,2,2
888,532,2,2
888,533,2,2
888,534,2,2
888,535,2,2
888,536,2,2
888,537,2,2
888,538,2,2
888,539,2,2
888,540,2,2
888,541,2,2
888,542,2,2
888,543,2,2
888,544,2,2
888,545,2,2
888,546,2,2
888,547,2,2
888,548,2,2
888,549,2,2
888,550,2,2
888,551,2,2
888,552,2,2
888,553,2,2
888,554,2,2
888,555,2,2
889,107,2,2
889,108,2,2
889,109,2,2
889,110,2,2
889,111,2,2
889,112,2,2
889,113,2,2
889,114,2,2
889,115,2,2
889,116,2,2
889,117,2,2
889,118,2,2
889,119,2,2
889,120,2,2
889,121,2,2
889,122,2,2
889,123,2,2
889,124,2,2
889,125,2,2
889,126,2,2
889,127,2,2
889,128,2,2
889,129,2,2
889,130,2,2
889,131,2,2
889,132,2,2
889,133,2,2
889,134,2,2
889,135,2,2
889,136,2,2
889,137,2,2
889,138,2,2
889,139,2,2
889,140,2,2
889,141,2,2
889,142,2,2
889,143,2,2
889,144,2,2
889,145,2,2
889,146,2,2
889,147,2,2
889,148,2,2
889,149,2,2
889,150,2,2
889,151,2,2
889,152,2,2
889,153,2,2
889,154,2,2
889,155,2,2
889,156,2,2
889,157,2,2
889,158,2,2
889,159,2,2
889,160,2,2
889,161,2,2
889,162,2,2
889,163,2,2
889,164,2,2
889,165,2,2
889,166,2,2
889,167,2,2
889,168,2,2
889,169,2,2
889,170,2,2
889,171,2,2
889,172,2,2
889,173,2,2
889,174,2,2
889,175,2,2
889,176,2,2
889,177,2,2
889,178,2,2
889,179,2,2
889,180,2,2
889,181,2,2
889,182,2,2
889,183,2,2
889,184,2,2
889,185,2,2
889,186,2,2
889,187,2,2
889,188,2,2
889,189,2,2
889,190,2,2
889,191,2,2
889,192,2,2
889,193,2,2
889,194,2,2
889,195,2,2
889,196,2,2
889,197,2,2
889,198,2,2
889,199,2,2
889,200,2,2
889,201,2,2
889,202,2,2
889,203,2,2
889,204,2,2
889,205,2,2
889,206,2,2
889,207,2,2
889,208,2,2
889,209,2,2
889,210,2,2
889,211,2,2
889,212,2,2
889,213,2,2
889,214,2,2
889,215,2,2
889,216,2,2
889,217,2,2
889,218,2,2
889,219,2,2
889,220,2,2
889,221,2,2
889,222,2,2
889,223,2,2
889,224,2,2
889,225,2,2
889,226,2,2
889,227,2,2
889,228,2,2
889,229,2,2
889,230,2,2
889,231,2,2
889,232,2,2
889,233,2,2
889,234,2,2
889,235,2,2
889,236,2,2
889,237,2,2
889,238,2,2
889,239,2,2
889,240,2,2
889,241,2,2
889,242,2,2
889,243,2,2
889,244,2,2
889,245,2,2
889,246,2,2
889,247,2,2
889,248,2,2
889,249,2,2
889,250,2,2
889,251,2,2
889,252,2,2
889,253,2,2
889,254,2,2
889,255,2,2
889,256,2,2
889,257,2,2
889,258,2,2
889,259,2,2
889,260,2,2
889,261,2,2
889,262,2,2
889,263,2,2
889,264,2,2
889,265,2,2
889,266,2,2
889,267,2,2
889,268,2,2
889,269,2,2
889,270,2,2
889,271,2,2
889,272,2,2
889,273,2,2
889,274,2,2
889,275,2,2
889,276,2,2
889,277,2,2
889,278,2,2
889,279,2,2
889,280,2,2
889,281,2,2
889,282,2,2
889,283,2,2
889,284,2,2
889,285,2,2
889,286,2,2
889,287,2,2
889,288,2,2
889,289,2,2
889,290,2,2
889,291,2,2
889,292,2,2
889,293,2,2
889,294,2,2
889,295,2,2
889,296,2,2
889,297,2,2
889,298,2,2
889,299,2,2
889,300,2,2
889,301,2,2
889,302,2,2
889,303,2,2
889,304,2,2
889,305,2,2
889,306,2,2
889,307,2,2
889,308,2,2
889,309,2,2
889,310,2,2
889,311,2,2
889,312,2,2
889,313,2,2
889,314,2,2
889,315,2,2
889,316,2,2
889,317,2,2
889,318,2,2
889,319,2,2
889,320,2,2
889,321,2,2
889,322,2,2
889,323,2,2
889,324,2,2
889,325,2,2
889,326,2,2
889,327,2,2
889,328,2,2
889,329,2,2
889,330,2,2
889,331,2,2
889,332,2,2
889,333,2,2
889,334,2,2
889,335,2,2
889,336,2,2
889,337,2,2
889,338,2,2
889,339,2,2
889,340,2,2
889,341,2,2
889,342,2,2
889,343,2,2
889,344,2,2
889,345,2,2
889,346,2,2
889,347,2,2
889,348,2,3
889,349,2,3
889,350,2,3
889,351,2,3
889,352,2,3
889,353,2,3
889,354,2,3
889,355,2,3
889,356,2,3
889,357,2,3
889,358,2,3
889,359,2,3
889,360,2,3
889,361,2,3
889,362,2,3
889,363,2,3
889,364,2,3
889,365,2,3
889,366,2,3
889,367,2,3
889,368,2,3
889,369,2,3
889,370,2,3
889,371,2,3
889,372,2,3
889,373,2,3
889,374,2,3
889,375,2,3
889,376,2,3
889,377,2,3
889,378,2,3
889,379,2,3
889,380,2,3
889,381,2,3
889,382,2,3
889,383,2,3
889,384,2,3
889,385,2,3
889,386,2,3
889,387,2,3
889,388,2,3
889,389,2,3
889,390,2,3
889,391,2,3
889,392,2,3
889,393,2,3
889,394,2,3
889,395,2,2
889,396,2,2
889,397,2,2
889,398,2,2
889,399,2,2
889,400,2,2
889,401,2,2
889,402,2,2
889,403,2,2
889,404,2,2
889,405,2,2
889,406,2,2
889,407,2,2
889,408,2,2
889,409,2,2
889,410,2,2
889,411,2,2
889,412,2,2
889,413,2,2
889,414,2,2
889,415,2,2
889,416,2,2
889,417,2,2
889,418,2,2
889,419,2,2
889,420,2,2
889,421,2,2
889,422,2,2
889,423,2,2
889,424,2,2
889,425,2,2
889,426,2,2
889,427,2,2
889,428,2,2
889,429,2,2
889,430,2,2
889,431,2,2
889,432,2,2
889,433,2,2
889,434,2,2
889,435,2,2
889,436,2,2
889,437,2,2
889,438,2,2
889,439,2,2
889,440,2,2
889,441,2,2
889,442,2,2
889,443,2,2
889,444,2,2
889,445,2,2
889,446,2,2
889,447,2,2
889,448,2,2
889,449,2,2
889,450,2,2
889,451,2,2
889,452,2,2
889,453,2,2
889,454,2,2
889,455,2,2
889,456,2,2
889,457,2,2
889,458,2,2
889,459,2,2
889,460,2,2
889,461,2,2
889,462,2,2
889,463,2,2
889,464,2,2
889,465,2,2
889,466,2,2
889,467,2,2
889,468,2,2
889,469,2,2
889,470,2,2
889,471,2,2
889,472,2,2
889,473,2,2
889,474,2,2
889,475,2,2
889,476,2,2
889,477,2,2
889,478,2,2
889,479,2,2
889,480,2,2
889,481,2,2
889,482,2,2
889,483,2,2
889,484,2,2
889,485,2,2
889,486,2,2
889,487,2,2
889,488,2,2
889,489,2,2
889,490,2,2
889,491,2,2
889,492,2,2
889,493,2,2
889,494,2,2
889,495,2,2
889,496,2,2
889,497,2,2
889,498,2,2
889,499,2,2
889,500,2,2
889,501,2,2
889,502,2,2
889,503,2,2
889,504,2,2
889,505,2,2
889,506,2,2
889,507,2,2
889,508,2,2
889,509,2,2
889,510,2,2
889,511,2,2
889,512,2,2
889,513,2,2
889,514,2,2
889,515,2,2
889,516,2,2
889,517,2,2
889,518,2,2
889,519,2,2
889,520,2,2
889,521,2,2
889,522,2,2
889,523,2,2
889,524,2,2
889,525,2,2
889,526,2,2
889,527,2,2
889,528,2,2
889,529,2,2
889,530,2,2
889,531,2,2
889,532,2,2
889,533,2,2
889,534,2,2
889,535,2,2
889,536,2,2
889,537,2,2
889,538,2,2
889,539,2,2
889,540,2,2
889,541,2,2
889,542,2,2
889,543,2,2
889,544,2,2
889,545,2,2
889,546,2,2
889,547,2,2
889,548,2,2
889,549,2,2
889,550,2,2
889,551,2,2
889,552,2,2
889,553,2,2
889,554,2,2
890,108,2,2
890,109,2,2
890,110,2,2
890,111,2,2
890,112,2,2
890,113,2,2
890,114,2,2
890,115,2,2
890,116,2,2
890,117,2,2
890,118,2,2
890,119,2,2
890,120,2,2
890,121,2,2
890,122,2,2
890,123,2,2
890,124,2,2
890,125,2,2
890,126,2,2
890,127,2,2
890,128,2,2
890,129,2,2
890,130,2,2
890,131,2,2
890,132,2,2
890,133,2,2
890,134,2,2
890,135,2,2
890,136,2,2
890,137,2,2
890,138,2,2
890,139,2,2
890,140,2,2
890,141,2,2
890,142,2,2
890,143,2,2
890,144,2,2
890,145,2,2
890,146,2,2
890,147,2,2
890,148,2,2
890,149,2,2
890,150,2,2
890,151,2,2
890,152,2,2
890,153,2,2
890,154,2,2
890,155,2,2
890,156,2,2
890,157,2,2
890,158,2,2
890,159,2,2
890,160,2,2
890,161,2,2
890,162,2,2
890,163,2,2
890,164,2,2
890,165,2,2
890,166,2,2
890,167,2,2
890,168,2,2
890,169,2,2
890,170,2,2
890,171,2,2
890,172,2,2
890,173,2,2
890,174,2,2
890,175,2,2
890,176,2,2
890,177,2,2
890,178,2,2
890,179,2,2
890,180,2,2
890,181,2,2
890,182,2,2
890,183,2,2
890,184,2,2
890,185,2,2
890,186,2,2
890,187,2,2
890,188,2,2
890,189,2,2
890,190,2,2
890,191,2,2
890,192,2,2
890,193,2,2
890,194,2,2
890,195,2,2
890,196,2,2
890,197,2,2
890,198,2,2
890,199,2,2
890,200,2,2
890,201,2,2
890,202,2,2
890,203,2,2
890,204,2,2
890,205,2,2
890,206,2,2
890,207,2,2
890,208,2,2
890,209,2,2
890,210,2,2
890,211,2,2
890,212,2,2
890,213,2,2
890,214,2,2
890,215,2,2
890,216,2,2
890,217,2,2
890,218,2,2
890,219,2,2
890,220,2,2
890,221,2,2
890,222,2,2
890,223,2,2
890,224,2,2
890,225,2,2
890,226,2,2
890,227,2,2
890,228,2,2
890,229,2,2
890,230,2,2
890,231,2,2
890,232,2,2
890,233,2,2
890,234,2,2
890,235,2,2
890,236,2,2
890,237,2,2
890,238,2,2
890,239,2,2
890,240,2,2
890,241,2,2
890,242,2,2
890,243,2,2
890,244,2,2
890,245,2,2
890,246,2,2
890,247,2,2
890,248,2,2
890,249,2,2
890,250,2,2
890,251,2,2
890,252,2,2
890,253,2,2
890,254,2,2
890,255,2,2
890,256,2,2
890,257,2,2
890,258,2,2
890,259,2,2
890,260,2,2
890,261,2,2
890,262,2,2
890,263,2,2
890,264,2,2
890,265,2,2
890,266,2,2
890,267,2,2
890,268,2,2
890,269,2,2
890,270,2,2
890,271,2,2
890,272,2,2
890,273,2,2
890,274,2,2
890,275,2,2
890,276,2,2
890,277,2,2
890,278,2,2
890,279,2,2
890,280,2,2
890,281,2,2
890,282,2,2
890,283,2,2
890,284,2,2
890,285,2,2
890,286,2,2
890,287,2,2
890,288,2,2
890,289,2,2
890,290,2,2
890,291,2,2
890,292,2,2
890,293,2,2
890,294,2,2
890,295,2,2
890,296,2,2
890,297,2,2
890,298,2,2
890,299,2,2
890,300,2,2
890,301,2,2
890,302,2,2
890,303,2,2
890,304,2,2
890,305,2,2
890,306,2,2
890,307,2,2
890,308,2,2
890,309,2,2
890,310,2,2
890,311,2,2
890,312,2,2
890,313,2,2
890,314,2,2
890,315,2,2
890,316,2,2
890,317,2,2
890,318,2,2
890,319,2,2
890,320,2,2
890,321,2,2
890,322,2,2
890,323,2,2
890,324,2,2
890,325,2,2
890,326,2,2
890,327,2,2
890,328,2,2
890,329,2,2
890,330,2,2
890,331,2,2
890,332,2,2
890,333,2,2
890,334,2,2
890,335,2,2
890,336,2,2
890,337,2,2
890,338,2,2
890,339,2,2
890,340,2,2
890,341,2,2
890,342,2,2
890,343,2,2
890,344,2,2
890,345,2,2
890,346,2,2
890,347,2,2
890,348,2,3
890,349,2,3
890,350,2,3
890,351,2,3
890,352,2,3
890,353,2,3
890,354,2,3
890,355,2,3
890,356,2,3
890,357,2,3
890,358,2,3
890,359,2,3
890,360,2,3
890,361,2,3
890,362,2,3
890,363,2,3
890,364,2,3
890,365,2,3
890,366,2,3
890,367,2,3
890,368,2,3
890,369,2,3
890,370,2,3
890,371,2,3
890,372,2,3
890,373,2,3
890,374,2,3
890,375,2,3
890,376,2,3
890,377,2,3
890,378,2,3
890,379,2,3
890,380,2,3
890,381,2,3
890,382,2,3
890,383,2,3
890,384,2,3
890,385,2,3
890,386,2,3
890,387,2,3
890,388,2,3
890,389,2,3
890,390,2,3
890,391,2,3
890,392,2,3
890,393,2,3
890,394,2,3
890,395,2,2
890,396,2,2
890,397,2,2
890,398,2,2
890,399,2,2
890,400,2,2
890,401,2,2
890,402,2,2
890,403,2,2
890,404,2,2
890,405,2,2
890,406,2,2
890,407,2,2
890,408,2,2
890,409,2,2
890,410,2,2
890,411,2,2
890,412,2,2
890,413,2,2
890,414,2,2
890,415,2,2
890,416,2,2
890,417,2,2
890,418,2,2
890,419,2,2
890,420,2,2
890,421,2,2
890,422,2,2
890,423,2,2
890,424,2,2
890,425,2,2
890,426,2,2
890,427,2,2
890,428,2,2
890,429,2,2
890,430,2,2
890,431,2,2
890,432,2,2
890,433,2,2
890,434,2,2
890,435,2,2
890,436,2,2
890,437,2,2
890,438,2,2
890,439,2,2
890,440,2,2
890,441,2,2
890,442,2,2
890,443,2,2
890,444,2,2
890,445,2,2
890,446,2,2
890,447,2,2
890,448,2,2
890,449,2,2
890,450,2,2
890,451,2,2
890,452,2,2
890,453,2,2
890,454,2,2
890,455,2,2
890,456,2,2
890,457,2,2
890,458,2,2
890,459,2,2
890,460,2,2
890,461,2,2
890,462,2,2
890,463,2,2
890,464,2,2
890,465,2,2
890,466,2,2
890,467,2,2
890,468,2,2
890,469,2,2
890,470,2,2
890,471,2,2
890,472,2,2
890,473,2,2
890,474,2,2
890,475,2,2
890,476,2,2
890,477,2,2
890,478,2,2
890,479,2,2
890,480,2,2
890,481,2,2
890,482,2,2
890,483,2,2
890,484,2,2
890,485,2,2
890,486,2,2
890,487,2,2
890,488,2,2
890,489,2,2
890,490,2,2
890,491,2,2
890,492,2,2
890,493,2,2
890,494,2,2
890,495,2,2
890,496,2,2
890,497,2,2
890,498,2,2
890,499,2,2
890,500,2,2
890,501,2,2
890,502,2,2
890,503,2,2
890,504,2,2
890,505,2,2
890,506,2,2
890,507,2,2
890,508,2,2
890,509,2,2
890,510,2,2
890,511,2,2
890,512,2,2
890,513,2,2
890,514,2,2
890,515,2,2
890,516,2,2
890,517,2,2
890,518,2,2
890,519,2,2
890,520,2,2
890,521,2,2
890,522,2,2
890,523,2,2
890,524,2,2
890,525,2,2
890,526,2,2
890,527,2,2
890,528,2,2
890,529,2,2
890,530,2,2
890,531,2,2
890,532,2,2
890,533,2,2
890,534,2,2
890,535,2,2
890,536,2,2
890,537,2,2
890,538,2,2
890,539,2,2
890,540,2,2
890,541,2,2
890,542,2,2
890,543,2,2
890,544,2,2
890,545,2,2
890,546,2,2
890,547,2,2
890,548,2,2
890,549,2,2
890,550,2,2
890,551,2,2
890,553,2,2
891,109,2,2
891,110,2,2
891,111,2,2
891,112,2,2
891,113,2,2
891,114,2,2
891,115,2,2
891,116,2,2
891,117,2,2
891,118,2,2
891,119,2,2
891,120,2,2
891,121,2,2
891,122,2,2
891,123,2,2
891,124,2,2
891,125,2,2
891,126,2,2
891,127,2,2
891,128,2,2
891,129,2,2
891,130,2,2
891,131,2,2
891,132,2,2
891,133,2,2
891,134,2,2
891,135,2,2
891,136,2,2
891,137,2,2
891,138,2,2
891,139,2,2
891,140,2,2
891,141,2,2
891,142,2,2
891,143,2,2
891,144,2,2
891,145,2,2
891,146,2,2
891,147,2,2
891,148,2,2
891,149,2,2
891,150,2,2
891,151,2,2
891,152,2,2
891,153,2,2
891,154,2,2
891,155,2,2
891,156,2,2
891,157,2,2
891,158,2,2
891,159,2,2
891,160,2,2
891,161,2,2
891,162,2,2
891,163,2,2
891,164,2,2
891,165,2,2
891,166,2,2
891,167,2,2
891,168,2,2
891,169,2,2
891,170,2,2
891,171,2,2
891,172,2,2
891,173,2,2
891,174,2,2
891,175,2,2
891,176,2,2
891,177,2,2
891,178,2,2
891,179,2,2
891,180,2,2
891,181,2,2
891,182,2,2
891,183,2,2
891,184,2,2
891,185,2,2
891,186,2,2
891,187,2,2
891,188,2,2
891,189,2,2
891,190,2,2
891,191,2,2
891,192,2,2
891,193,2,2
891,194,2,2
891,195,2,2
891,196,2,2
891,197,2,2
891,198,2,2
891,199,2,2
891,200,2,2
891,201,2,2
891,202,2,2
891,203,2,2
891,204,2,2
891,205,2,2
891,206,2,2
891,207,2,2
891,208,2,2
891,209,2,2
891,210,2,2
891,211,2,2
891,212,2,2
891,213,2,2
891,214,2,2
891,215,2,2
891,216,2,2
891,217,2,2
891,218,2,2
891,219,2,2
891,220,2,2
891,221,2,2
891,222,2,2
891,223,2,2
891,224,2,2
891,225,2,2
891,226,2,2
891,227,2,2
891,228,2,2
891,229,2,2
891,230,2,2
891,231,2,2
891,232,2,2
891,233,2,2
891,234,2,2
891,235,2,2
891,236,2,2
891,237,2,2
891,238,2,2
891,239,2,2
891,240,2,2
891,241,2,2
891,242,2,2
891,243,2,2
891,244,2,2
891,245,2,2
891,246,2,2
891,247,2,2
891,248,2,2
891,249,2,2
891,250,2,2
891,251,2,2
891,252,2,2
891,253,2,2
891,254,2,2
891,255,2,2
891,256,2,2
891,257,2,2
891,258,2,2
891,259,2,2
891,260,2,2
891,261,2,2
891,262,2,2
891,263,2,2
891,264,2,2
891,265,2,2
891,266,2,2
891,267,2,2
891,268,2,2
891,269,2,2
891,270,2,2
891,271,2,2
891,272,2,2
891,273,2,2
891,274,2,2
891,275,2,2
891,276,2,2
891,277,2,2
891,278,2,2
891,279,2,2
891,280,2,2
891,281,2,2
891,282,2,2
891,283,2,2
891,284,2,2
891,285,2,2
891,286,2,2
891,287,2,2
891,288,2,2
891,289,2,2
891,290,2,2
891,291,2,2
891,292,2,2
891,293,2,2
891,294,2,2
891,295,2,2
891,296,2,2
891,297,2,2
891,298,2,2
891,299,2,2
891,300,2,2
891,301,2,2
891,302,2,2
891,303,2,2
891,304,2,2
891,305,2,2
891,306,2,2
891,307,2,2
891,308,2,2
891,309,2,2
891,310,2,2
891,311,2,2
891,312,2,2
891,313,2,2
891,314,2,2
891,315,2,2
891,316,2,2
891,317,2,2
891,318,2,2
891,319,2,2
891,320,2,2
891,321,2,2
891,322,2,2
891,323,2,2
891,324,2,2
891,325,2,2
891,326,2,2
891,327,2,2
891,328,2,2
891,329,2,2
891,330,2,2
891,331,2,2
891,332,2,2
891,333,2,2
891,334,2,2
891,335,2,2
891,336,2,2
891,337,2,2
891,338,2,2
891,339,2,2
891,340,2,2
891,341,2,2
891,342,2,2
891,343,2,2
891,344,2,2
891,345,2,2
891,346,2,2
891,347,2,2
891,348,2,3
891,349,2,3
891,350,2,3
891,351,2,3
891,352,2,3
891,353,2,3
891,354,2,3
891,355,2,3
891,356,2,3
891,357,2,3
891,358,2,3
891,359,2,3
891,360,2,3
891,361,2,3
891,362,2,3
891,363,2,3
891,364,2,3
891,365,2,3
891,366,2,3
891,367,2,3
891,368,2,3
891,369,2,3
891,370,2,3
891,371,2,3
891,372,2,3
891,373,2,3
891,374,2,3
891,375,2,3
891,376,2,3
891,377,2,3
891,378,2,3
891,379,2,3
891,380,2,3
891,381,2,3
891,382,2,3
891,383,2,3
891,384,2,3
891,385,2,3
891,386,2,3
891,387,2,3
891,388,2,3
891,389,2,3
891,390,2,3
891,391,2,3
891,392,2,3
891,393,2,3
891,394,2,3
891,395,2,3
891,396,2,2
891,397,2,2
891,398,2,2
891,399,2,2
891,400,2,2
891,401,2,2
891,402,2,2
891,403,2,2
891,404,2,2
891,405,2,2
891,406,2,2
891,407,2,2
891,408,2,2
891,409,2,2
891,410,2,2
891,411,2,2
891,412,2,2
891,413,2,2
891,414,2,2
891,415,2,2
891,416,2,2
891,417,2,2
891,418,2,2
891,419,2,2
891,420,2,2
891,421,2,2
891,422,2,2
891,423,2,2
891,424,2,2
891,425,2,2
891,426,2,2
891,427,2,2
891,428,2,2
891,429,2,2
891,430,2,2
891,431,2,2
891,432,2,2
891,433,2,2
891,434,2,2
891,435,2,2
891,436,2,2
891,437,2,2
891,438,2,2
891,439,2,2
891,440,2,2
891,441,2,2
891,442,2,2
891,443,2,2
891,444,2,2
891,445,2,2
891,446,2,2
891,447,2,2
891,448,2,2
891,449,2,2
891,450,2,2
891,451,2,2
891,452,2,2
891,453,2,2
891,454,2,2
891,455,2,2
891,456,2,2
891,457,2,2
891,458,2,2
891,459,2,2
891,460,2,2
891,461,2,2
891,462,2,2
891,463,2,2
891,464,2,2
891,465,2,2
891,466,2,2
891,467,2,2
891,468,2,2
891,469,2,2
891,470,2,2
891,471,2,2
891,472,2,2
891,473,2,2
891,474,2,2
891,475,2,2
891,476,2,2
891,477,2,2
891,478,2,2
891,479,2,2
891,480,2,2
891,481,2,2
891,482,2,2
891,483,2,2
891,484,2,2
891,485,2,2
891,486,2,2
891,487,2,2
891,488,2,2
891,489,2,2
891,490,2,2
891,491,2,2
891,492,2,2
891,493,2,2
891,494,2,2
891,495,2,2
891,496,2,2
891,497,2,2
891,498,2,2
891,499,2,2
891,500,2,2
891,501,2,2
891,502,2,2
891,503,2,2
891,504,2,2
891,505,2,2
891,506,2,2
891,507,2,2
891,508,2,2
891,509,2,2
891,510,2,2
891,511,2,2
891,512,2,2
891,513,2,2
891,514,2,2
891,515,2,2
891,516,2,2
891,517,2,2
891,518,2,2
891,519,2,2
891,520,2,2
891,521,2,2
891,522,2,2
891,523,2,2
891,524,2,2
891,525,2,2
891,526,2,2
891,527,2,2
891,528,2,2
891,529,2,2
891,530,2,2
891,531,2,2
891,532,2,2
891,533,2,2
891,534,2,2
891,535,2,2
891,536,2,2
891,537,2,2
891,538,2,2
891,539,2,2
891,540,2,2
891,541,2,2
891,542,2,2
891,543,2,2
891,544,2,2
891,545,2,2
891,546,2,2
891,547,2,2
891,548,2,2
891,549,2,2
891,550,2,2
892,110,2,2
892,111,2,2
892,112,2,2
892,113,2,2
892,114,2,2
892,115,2,2
892,116,2,2
892,117,2,2
892,118,2,2
892,119,2,2
892,120,2,2
892,121,2,2
892,122,2,2
892,123,2,2
892,124,2,2
892,125,2,2
892,126,2,2
892,127,2,2
892,128,2,2
892,129,2,2
892,130,2,2
892,131,2,2
892,132,2,2
892,133,2,2
892,134,2,2
892,135,2,2
892,136,2,2
892,137,2,2
892,138,2,2
892,139,2,2
892,140,2,2
892,141,2,2
892,142,2,2
892,143,2,2
892,144,2,2
892,145,2,2
892,146,2,2
892,147,2,2
892,148,2,2
892,149,2,2
892,150,2,2
892,151,2,2
892,152,2,2
892,153,2,2
892,154,2,2
892,155,2,2
892,156,2,2
892,157,2,2
892,158,2,2
892,159,2,2
892,160,2,2
892,161,2,2
892,162,2,2
892,163,2,2
892,164,2,2
892,165,2,2
892,166,2,2
892,167,2,2
892,168,2,2
892,169,2,2
892,170,2,2
892,171,2,2
892,172,2,2
892,173,2,2
892,174,2,2
892,175,2,2
892,176,2,2
892,177,2,2
892,178,2,2
892,179,2,2
892,180,2,2
892,181,2,2
892,182,2,2
892,183,2,2
892,184,2,2
892,185,2,2
892,186,2,2
892,187,2,2
892,188,2,2
892,189,2,2
892,190,2,2
892,191,2,2
892,192,2,2
892,193,2,2
892,194,2,2
892,195,2,2
892,196,2,2
892,197,2,2
892,198,2,2
892,199,2,2
892,200,2,2
892,201,2,2
892,202,2,2
892,203,2,2
892,204,2,2
892,205,2,2
892,206,2,2
892,207,2,2
892,208,2,2
892,209,2,2
892,210,2,2
892,211,2,2
892,212,2,2
892,213,2,2
892,214,2,2
892,215,2,2
892,216,2,2
892,217,2,2
892,218,2,2
892,219,2,2
892,220,2,2
892,221,2,2
892,222,2,2
892,223,2,2
892,224,2,2
892,225,2,2
892,226,2,2
892,227,2,2
892,228,2,2
892,229,2,2
892,230,2,2
892,231,2,2
892,232,2,2
892,233,2,2
892,234,2,2
892,235,2,2
892,236,2,2
892,237,2,2
892,238,2,2
892,239,2,2
892,240,2,2
892,241,2,2
892,242,2,2
892,243,2,2
892,244,2,2
892,245,2,2
892,246,2,2
892,247,2,2
892,248,2,2
892,249,2,2
892,250,2,2
892,251,2,2
892,252,2,2
892,253,2,2
892,254,2,2
892,255,2,2
892,256,2,2
892,257,2,2
892,258,2,2
892,259,2,2
892,260,2,2
892,261,2,2
892,262,2,2
892,263,2,2
892,264,2,2
892,265,2,2
892,266,2,2
892,267,2,2
892,268,2,2
892,269,2,2
892,270,2,2
892,271,2,2
892,272,2,2
892,273,2,2
892,274,2,2
892,275,2,2
892,276,2,2
892,277,2,2
892,278,2,2
892,279,2,2
892,280,2,2
892,281,2,2
892,282,2,2
892,283,2,2
892,284,2,2
892,285,2,2
892,286,2,2
892,287,2,2
892,288,2,2
892,289,2,2
892,290,2,2
892,291,2,2
892,292,2,2
892,293,2,2
892,294,2,2
892,295,2,2
892,296,2,2
892,297,2,2
892,298,2,2
892,299,2,2
892,300,2,2
892,301,2,2
892,302,2,2
892,303,2,2
892,304,2,2
892,305,2,2
892,306,2,2
892,307,2,2
892,308,2,2
892,309,2,2
892,310,2,2
892,311,2,2
892,312,2,2
892,313,2,2
892,314,2,2
892,315,2,2
892,316,2,2
892,317,2,2
892,318,2,2
892,319,2,2
892,320,2,2
892,321,2,2
892,322,2,2
892,323,2,2
892,324,2,2
892,325,2,2
892,326,2,2
892,327,2,2
892,328,2,2
892,329,2,2
892,330,2,2
892,331,2,2
892,332,2,2
892,333,2,2
892,334,2,2
892,335,2,2
892,336,2,2
892,337,2,2
892,338,2,2
892,339,2,2
892,340,2,2
892,341,2,2
892,342,2,2
892,343,2,2
892,344,2,2
892,345,2,2
892,346,2,2
892,347,2,3
892,348,2,3
892,349,2,3
892,350,2,3
892,351,2,3
892,352,2,3
892,353,2,3
892,354,2,3
892,355,2,3
892,356,2,3
892,357,2,3
892,358,2,3
892,359,2,3
892,360,2,3
892,361,2,3
892,362,2,3
892,363,2,3
892,364,2,3
892,365,2,3
892,366,2,3
892,367,2,3
892,368,2,3
892,369,2,3
892,370,2,3
892,371,2,3
892,372,2,3
892,373,2,3
892,374,2,3
892,375,2,3
892,376,2,3
892,377,2,3
892,378,2,3
892,379,2,3
892,380,2,3
892,381,2,3
892,382,2,3
892,383,2,3
892,384,2,3
892,385,2,3
892,386,2,3
892,387,2,3
892,388,2,3
892,389,2,3
892,390,2,3
892,391,2,3
892,392,2,3
892,393,2,3
892,394,2,3
892,395,2,3
892,396,2,2
892,397,2,2
892,398,2,2
892,399,2,3
892,400,2,3
892,401,2,3
892,402,2,3
892,403,2,2
892,404,2,2
892,405,2,2
892,406,2,2
892,407,2,2
892,408,2,2
892,409,2,2
892,410,2,2
892,411,2,2
892,412,2,2
892,413,2,2
892,414,2,2
892,415,2,2
892,416,2,2
892,417,2,2
892,418,2,2
892,419,2,2
892,420,2,2
892,421,2,2
892,422,2,2
892,423,2,2
892,424,2,2
892,425,2,2
892,426,2,2
892,427,2,2
892,428,2,2
892,429,2,2
892,430,2,2
892,431,2,2
892,432,2,2
892,433,2,2
892,434,2,2
892,435,2,2
892,436,2,2
892,437,2,2
892,438,2,2
892,439,2,2
892,440,2,2
892,441,2,2
892,442,2,2
892,443,2,2
892,444,2,2
892,445,2,2
892,446,2,2
892,447,2,2
892,448,2,2
892,449,2,2
892,450,2,2
892,451,2,2
892,452,2,2
892,453,2,2
892,454,2,2
892,455,2,2
892,456,2,2
892,457,2,2
892,458,2,2
892,459,2,2
892,460,2,2
892,461,2,2
892,462,2,2
892,463,2,2
892,464,2,2
892,465,2,2
892,466,2,2
892,467,2,2
892,468,2,2
892,469,2,2
892,470,2,2
892,471,2,2
892,472,2,2
892,473,2,2
892,474,2,2
892,475,2,2
892,476,2,2
892,477,2,2
892,478,2,2
892,479,2,2
892,480,2,2
892,481,2,2
892,482,2,2
892,483,2,2
892,484,2,2
892,485,2,2
892,486,2,2
892,487,2,2
892,488,2,2
892,489,2,2
892,490,2,2
892,491,2,2
892,492,2,2
892,493,2,2
892,494,2,2
892,495,2,2
892,496,2,2
892,497,2,2
892,498,2,2
892,499,2,2
892,500,2,2
892,501,2,2
892,502,2,2
892,503,2,2
892,504,2,2
892,505,2,2
892,506,2,2
892,507,2,2
892,508,2,2
892,509,2,2
892,510,2,2
892,511,2,2
892,512,2,2
892,513,2,2
892,514,2,2
892,515,2,2
892,516,2,2
892,517,2,2
892,518,2,2
892,519,2,2
892,520,2,2
892,521,2,2
892,522,2,2
892,523,2,2
892,524,2,2
892,525,2,2
892,526,2,2
892,527,2,2
892,528,2,2
892,529,2,2
892,530,2,2
892,531,2,2
892,532,2,2
892,533,2,2
892,534,2,2
892,535,2,2
892,536,2,2
892,537,2,2
892,538,2,2
892,539,2,2
892,540,2,2
892,541,2,2
892,542,2,2
892,543,2,2
892,544,2,2
892,545,2,2
892,546,2,2
892,547,2,2
892,548,2,2
892,549,2,2
893,111,2,2
893,112,2,2
893,113,2,2
893,114,2,2
893,115,2,2
893,116,2,2
893,117,2,2
893,118,2,2
893,119,2,2
893,120,2,2
893,121,2,2
893,122,2,2
893,123,2,2
893,124,2,2
893,125,2,2
893,126,2,2
893,127,2,2
893,128,2,2
893,129,2,2
893,130,2,2
893,131,2,2
893,132,2,2
893,133,2,2
893,134,2,2
893,135,2,2
893,136,2,2
893,137,2,2
893,138,2,2
893,139,2,2
893,140,2,2
893,141,2,2
893,142,2,2
893,143,2,2
893,144,2,2
893,145,2,2
893,146,2,2
893,147,2,2
893,148,2,2
893,149,2,2
893,150,2,2
893,151,2,2
893,152,2,2
893,153,2,2
893,154,2,2
893,155,2,2
893,156,2,2
893,157,2,2
893,158,2,2
893,159,2,2
893,160,2,2
893,161,2,2
893,162,2,2
893,163,2,2
893,164,2,2
893,165,2,2
893,166,2,2
893,167,2,2
893,168,2,2
893,169,2,2
893,170,2,2
893,171,2,2
893,172,2,2
893,173,2,2
893,174,2,2
893,175,2,2
893,176,2,2
893,177,2,2
893,178,2,2
893,179,2,2
893,180,2,2
893,181,2,2
893,182,2,2
893,183,2,2
893,184,2,2
893,185,2,2
893,186,2,2
893,187,2,2
893,188,2,2
893,189,2,2
893,190,2,2
893,191,2,2
893,192,2,2
893,193,2,2
893,194,2,2
893,195,2,2
893,196,2,2
893,197,2,2
893,198,2,2
893,199,2,2
893,200,2,2
893,201,2,2
893,202,2,2
893,203,2,2
893,204,2,2
893,205,2,2
893,206,2,2
893,207,2,2
893,208,2,2
893,209,2,2
893,210,2,2
893,211,2,2
893,212,2,2
893,213,2,2
893,214,2,2
893,215,2,2
893,216,2,2
893,217,2,2
893,218,2,2
893,219,2,2
893,220,2,2
893,221,2,2
893,222,2,2
893,223,2,2
893,224,2,2
893,225,2,2
893,226,2,2
893,227,2,2
893,228,2,2
893,229,2,2
893,230,2,2
893,231,2,2
893,232,2,2
893,233,2,2
893,234,2,2
893,235,2,2
893,236,2,2
893,237,2,2
893,238,2,2
893,239,2,2
893,240,2,2
893,241,2,2
893,242,2,2
893,243,2,2
893,244,2,2
893,245,2,2
893,246,2,2
893,247,2,2
893,248,2,2
893,249,2,2
893,250,2,2
893,251,2,2
893,252,2,2
893,253,2,2
893,254,2,2
893,255,2,2
893,256,2,2
893,257,2,2
893,258,2,2
893,259,2,2
893,260,2,2
893,261,2,2
893,262,2,2
893,263,2,2
893,264,2,2
893,265,2,2
893,266,2,2
893,267,2,2
893,268,2,2
893,269,2,2
893,270,2,2
893,271,2,2
893,272,2,2
893,273,2,2
893,274,2,2
893,275,2,2
893,276,2,2
893,277,2,2
893,278,2,2
893,279,2,2
893,280,2,2
893,281,2,2
893,282,2,2
893,283,2,2
893,284,2,2
893,285,2,2
893,286,2,2
893,287,2,2
893,288,2,2
893,289,2,2
893,290,2,2
893,291,2,2
893,292,2,2
893,293,2,2
893,294,2,2
893,295,2,2
893,296,2,2
893,297,2,2
893,298,2,2
893,299,2,2
893,300,2,2
893,301,2,2
893,302,2,2
893,303,2,2
893,304,2,2
893,305,2,2
893,306,2,2
893,307,2,2
893,308,2,2
893,309,2,2
893,310,2,2
893,311,2,2
893,312,2,2
893,313,2,2
893,314,2,2
893,315,2,2
893,316,2,2
893,317,2,2
893,318,2,2
893,319,2,2
893,320,2,2
893,321,2,2
893,322,2,2
893,323,2,2
893,324,2,2
893,325,2,2
893,326,2,2
893,327,2,2
893,328,2,2
893,329,2,2
893,330,2,2
893,331,2,2
893,332,2,2
893,333,2,2
893,334,2,2
893,335,2,2
893,336,2,2
893,337,2,2
893,338,2,2
893,339,2,2
893,340,2,2
893,341,2,2
893,342,2,2
893,343,2,2
893,344,2,2
893,345,2,2
893,346,2,2
893,347,2,3
893,348,2,3
893,349,2,3
893,350,2,3
893,351,2,3
893,352,2,3
893,353,2,3
893,354,2,3
893,355,2,3
893,356,2,3
893,357,2,3
893,358,2,3
893,359,2,3
893,360,2,3
893,361,2,3
893,362,2,3
893,363,2,3
893,364,2,3
893,365,2,3
893,366,2,3
893,367,2,3
893,368,2,3
893,369,2,3
893,370,2,3
893,371,2,3
893,372,2,3
893,373,2,3
893,374,2,3
893,375,2,3
893,376,2,3
893,377,2,2
893,378,2,2
893,379,2,3
893,380,2,3
893,381,2,2
893,382,2,3
893,383,2,3
893,384,2,3
893,385,2,3
893,386,2,3
893,387,2,3
893,388,2,3
893,389,2,3
893,390,2,3
893,391,2,3
893,392,2,3
893,393,2,3
893,394,2,3
893,395,2,3
893,396,2,3
893,397,2,2
893,398,2,3
893,399,2,3
893,400,2,3
893,401,2,3
893,402,2,3
893,403,2,3
893,404,2,3
893,405,2,2
893,406,2,2
893,407,2,2
893,408,2,2
893,409,2,2
893,410,2,2
893,411,2,2
893,412,2,2
893,413,2,2
893,414,2,2
893,415,2,2
893,416,2,2
893,417,2,2
893,418,2,2
893,419,2,2
893,420,2,2
893,421,2,2
893,422,2,2
893,423,2,2
893,424,2,2
893,425,2,2
893,426,2,2
893,427,2,2
893,428,2,2
893,429,2,2
893,430,2,2
893,431,2,2
893,432,2,2
893,433,2,2
893,434,2,2
893,435,2,2
893,436,2,2
893,437,2,2
893,438,2,2
893,439,2,2
893,440,2,2
893,441,2,2
893,442,2,2
893,443,2,2
893,444,2,2
893,445,2,2
893,446,2,2
893,447,2,2
893,448,2,2
893,449,2,2
893,450,2,2
893,451,2,2
893,452,2,2
893,453,2,2
893,454,2,2
893,455,2,2
893,456,2,2
893,457,2,2
893,458,2,2
893,459,2,2
893,460,2,2
893,461,2,2
893,462,2,2
893,463,2,2
893,464,2,2
893,465,2,2
893,466,2,2
893,467,2,2
893,468,2,2
893,469,2,2
893,470,2,2
893,471,2,2
893,472,2,2
893,473,2,2
893,474,2,2
893,475,2,2
893,476,2,2
893,477,2,2
893,478,2,2
893,479,2,2
893,480,2,2
893,481,2,2
893,482,2,2
893,483,2,2
893,484,2,2
893,485,2,2
893,486,2,2
893,487,2,2
893,488,2,2
893,489,2,2
893,490,2,2
893,491,2,2
893,492,2,2
893,493,2,2
893,494,2,2
893,495,2,2
893,496,2,2
893,497,2,2
893,498,2,2
893,499,2,2
893,500,2,2
893,501,2,2
893,502,2,2
893,503,2,2
893,504,2,2
893,505,2,2
893,506,2,2
893,507,2,2
893,508,2,2
893,509,2,2
893,510,2,2
893,511,2,2
893,512,2,2
893,513,2,2
893,514,2,2
893,515,2,2
893,516,2,2
893,517,2,2
893,518,2,2
893,519,2,2
893,520,2,2
893,521,2,2
893,522,2,2
893,523,2,2
893,524,2,2
893,525,2,2
893,526,2,2
893,527,2,2
893,528,2,2
893,529,2,2
893,530,2,2
893,531,2,2
893,532,2,2
893,533,2,2
893,534,2,2
893,535,2,2
893,536,2,2
893,537,2,2
893,538,2,2
893,539,2,2
893,540,2,2
893,541,2,2
893,542,2,2
893,543,2,2
893,544,2,2
893,545,2,2
893,546,2,2
893,547,2,2
894,111,2,2
894,112,2,2
894,113,2,2
894,114,2,2
894,115,2,2
894,116,2,2
894,117,2,2
894,118,2,2
894,119,2,2
894,120,2,2
894,121,2,2
894,122,2,2
894,123,2,2
894,124,2,2
894,125,2,2
894,126,2,2
894,127,2,2
894,128,2,2
894,129,2,2
894,130,2,2
894,131,2,2
894,132,2,2
894,133,2,2
894,134,2,2
894,135,2,2
894,136,2,2
894,137,2,2
894,138,2,2
894,139,2,2
894,140,2,2
894,141,2,2
894,142,2,2
894,143,2,2
894,144,2,2
894,145,2,2
894,146,2,2
894,147,2,2
894,148,2,2
894,149,2,2
894,150,2,2
894,151,2,2
894,152,2,2
894,153,2,2
894,154,2,2
894,155,2,2
894,156,2,2
894,157,2,2
894,158,2,2
894,159,2,2
894,160,2,2
894,161,2,2
894,162,2,2
894,163,2,2
894,164,2,2
894,165,2,2
894,166,2,2
894,167,2,2
894,168,2,2
894,169,2,2
894,170,2,2
894,171,2,2
894,172,2,2
894,173,2,2
894,174,2,2
894,175,2,2
894,176,2,2
894,177,2,2
894,178,2,2
894,179,2,2
894,180,2,2
894,181,2,2
894,182,2,2
894,183,2,2
894,184,2,2
894,185,2,2
894,186,2,2
894,187,2,2
894,188,2,2
894,189,2,2
894,190,2,2
894,191,2,2
894,192,2,2
894,193,2,2
894,194,2,2
894,195,2,2
894,196,2,2
894,197,2,2
894,198,2,2
894,199,2,2
894,200,2,2
894,201,2,2
894,202,2,2
894,203,2,2
894,204,2,2
894,205,2,2
894,206,2,2
894,207,2,2
894,208,2,2
894,209,2,2
894,210,2,2
894,211,2,2
894,212,2,2
894,213,2,2
894,214,2,2
894,215,2,2
894,216,2,2
894,217,2,2
894,218,2,2
894,219,2,2
894,220,2,2
894,221,2,2
894,222,2,2
894,223,2,2
894,224,2,2
894,225,2,2
894,226,2,2
894,227,2,2
894,228,2,2
894,229,2,2
894,230,2,2
894,231,2,2
894,232,2,2
894,233,2,2
894,234,2,2
894,235,2,2
894,236,2,2
894,237,2,2
894,238,2,2
894,239,2,2
894,240,2,2
894,241,2,2
894,242,2,2
894,243,2,2
894,244,2,2
894,245,2,2
894,246,2,2
894,247,2,2
894,248,2,2
894,249,2,2
894,250,2,2
894,251,2,2
894,252,2,2
894,253,2,2
894,254,2,2
894,255,2,2
894,256,2,2
894,257,2,2
894,258,2,2
894,259,2,2
894,260,2,2
894,261,2,2
894,262,2,2
894,263,2,2
894,264,2,2
894,265,2,2
894,266,2,2
894,267,2,2
894,268,2,2
894,269,2,2
894,270,2,2
894,271,2,2
894,272,2,2
894,273,2,2
894,274,2,2
894,275,2,2
894,276,2,2
894,277,2,2
894,278,2,2
894,279,2,2
894,280,2,2
894,281,2,2
894,282,2,2
894,283,2,2
894,284,2,2
894,285,2,2
894,286,2,2
894,287,2,2
894,288,2,2
894,289,2,2
894,290,2,2
894,291,2,2
894,292,2,2
894,293,2,2
894,294,2,2
894,295,2,2
894,296,2,2
894,297,2,2
894,298,2,2
894,299,2,2
894,300,2,2
894,301,2,2
894,302,2,2
894,303,2,2
894,304,2,2
894,305,2,2
894,306,2,2
894,307,2,2
894,308,2,2
894,309,2,2
894,310,2,2
894,311,2,2
894,312,2,2
894,313,2,2
894,314,2,2
894,315,2,2
894,316,2,2
894,317,2,2
894,318,2,2
894,319,2,2
894,320,2,2
894,321,2,2
894,322,2,2
894,323,2,2
894,324,2,2
894,325,2,2
894,326,2,2
894,327,2,2
894,328,2,2
894,329,2,2
894,330,2,2
894,331,2,2
894,332,2,2
894,333,2,2
894,334,2,2
894,335,2,2
894,336,2,2
894,337,2,2
894,338,2,2
894,339,2,2
894,340,2,2
894,341,2,2
894,342,2,2
894,343,2,2
894,344,2,2
894,345,2,2
894,346,2,2
894,347,2,3
894,348,2,3
894,349,2,3
894,350,2,3
894,351,2,3
894,352,2,3
894,353,2,3
894,354,2,3
894,355,2,3
894,356,2,3
894,357,2,3
894,358,2,3
894,359,2,3
894,360,2,3
894,361,2,3
894,362,2,3
894,363,2,3
894,364,2,3
894,365,2,3
894,366,2,3
894,367,2,3
894,368,2,3
894,369,2,3
894,370,2,3
894,371,2,3
894,372,2,3
894,373,2,3
894,374,2,3
894,375,2,3
894,376,2,3
894,377,2,2
894,378,2,2
894,379,2,2
894,380,2,2
894,381,2,2
894,382,2,2
894,383,2,3
894,384,2,3
894,385,2,3
894,386,2,3
894,387,2,3
894,388,2,3
894,389,2,3
894,390,2,3
894,391,2,3
894,392,2,3
894,393,2,3
894,394,2,3
894,395,2,3
894,396,2,3
894,397,2,3
894,398,2,3
894,399,2,3
894,400,2,3
894,401,2,3
894,402,2,3
894,403,2,3
894,404,2,3
894,405,2,2
894,406,2,2
894,407,2,2
894,408,2,2
894,409,2,2
894,410,2,2
894,411,2,2
894,412,2,2
894,413,2,2
894,414,2,2
894,415,2,2
894,416,2,2
894,417,2,2
894,418,2,2
894,419,2,2
894,420,2,2
894,421,2,2
894,422,2,2
894,423,2,2
894,424,2,2
894,425,2,2
894,426,2,2
894,427,2,2
894,428,2,2
894,429,2,2
894,430,2,2
894,431,2,2
894,432,2,2
894,433,2,2
894,434,2,2
894,435,2,2
894,436,2,2
894,437,2,2
894,438,2,2
894,439,2,2
894,440,2,2
894,441,2,2
894,442,2,2
894,443,2,2
894,444,2,2
894,445,2,2
894,446,2,2
894,447,2,2
894,448,2,2
894,449,2,2
894,450,2,2
894,451,2,2
894,452,2,2
894,453,2,2
894,454,2,2
894,455,2,2
894,456,2,2
894,457,2,2
894,458,2,2
894,459,2,2
894,460,2,2
894,461,2,2
894,462,2,2
894,463,2,2
894,464,2,2
894,465,2,2
894,466,2,2
894,467,2,2
894,468,2,2
894,469,2,2
894,470,2,2
894,471,2,2
894,472,2,2
894,473,2,2
894,474,2,2
894,475,2,2
894,476,2,2
894,477,2,2
894,478,2,2
894,479,2,2
894,480,2,2
894,481,2,2
894,482,2,2
894,483,2,2
894,484,2,2
894,485,2,2
894,486,2,2
894,487,2,2
894,488,2,2
894,489,2,2
894,490,2,2
894,491,2,2
894,492,2,2
894,493,2,2
894,494,2,2
894,495,2,2
894,496,2,2
894,497,2,2
894,498,2,2
894,499,2,2
894,500,2,2
894,501,2,2
894,502,2,2
894,503,2,2
894,504,2,2
894,505,2,2
894,506,2,2
894,507,2,2
894,508,2,2
894,509,2,2
894,510,2,2
894,511,2,2
894,512,2,2
894,513,2,2
894,514,2,2
894,515,2,2
894,516,2,2
894,517,2,2
894,518,2,2
894,519,2,2
894,520,2,2
894,521,2,2
894,522,2,2
894,523,2,2
894,524,2,2
894,525,2,2
894,526,2,2
894,527,2,2
894,528,2,2
894,529,2,2
894,530,2,2
894,531,2,2
894,532,2,2
894,533,2,2
894,534,2,2
894,535,2,2
894,536,2,2
894,537,2,2
894,538,2,2
894,539,2,2
894,540,2,2
894,541,2,2
894,542,2,2
894,543,2,2
894,544,2,2
894,545,2,2
894,546,2,2
895,112,2,2
895,113,2,2
895,114,2,2
895,115,2,2
895,116,2,2
895,117,2,2
895,118,2,2
895,119,2,2
895,120,2,2
895,121,2,2
895,122,2,2
895,123,2,2
895,124,2,2
895,125,2,2
895,126,2,2
895,127,2,2
895,128,2,2
895,129,2,2
895,130,2,2
895,131,2,2
895,132,2,2
895,133,2,2
895,134,2,2
895,135,2,2
895,136,2,2
895,137,2,2
895,138,2,2
895,139,2,2
895,140,2,2
895,141,2,2
895,142,2,2
895,143,2,2
895,144,2,2
895,145,2,2
895,146,2,2
895,147,2,2
895,148,2,2
895,149,2,2
895,150,2,2
895,151,2,2
895,152,2,2
895,153,2,2
895,154,2,2
895,155,2,2
895,156,2,2
895,157,2,2
895,158,2,2
895,159,2,2
895,160,2,2
895,161,2,2
895,162,2,2
895,163,2,2
895,164,2,2
895,165,2,2
895,166,2,2
895,167,2,2
895,168,2,2
895,169,2,2
895,170,2,2
895,171,2,2
895,172,2,2
895,173,2,2
895,174,2,2
895,175,2,2
895,176,2,2
895,177,2,2
895,178,2,2
895,179,2,2
895,180,2,2
895,181,2,2
895,182,2,2
895,183,2,2
895,184,2,2
895,185,2,2
895,186,2,2
895,187,2,2
895,188,2,2
895,189,2,2
895,190,2,2
895,191,2,2
895,192,2,2
895,193,2,2
895,194,2,2
895,195,2,2
895,196,2,2
895,197,2,2
895,198,2,2
895,199,2,2
895,200,2,2
895,201,2,2
895,202,2,2
895,203,2,2
895,204,2,2
895,205,2,2
895,206,2,2
895,207,2,2
895,208,2,2
895,209,2,2
895,210,2,2
895,211,2,2
895,212,2,2
895,213,2,2
895,214,2,2
895,215,2,2
895,216,2,2
895,217,2,2
895,218,2,2
895,219,2,2
895,220,2,2
895,221,2,2
895,222,2,2
895,223,2,2
895,224,2,2
895,225,2,2
895,226,2,2
895,227,2,2
895,228,2,2
895,229,2,2
895,230,2,2
895,231,2,2
895,232,2,2
895,233,2,2
895,234,2,2
895,235,2,2
895,236,2,2
895,237,2,2
895,238,2,2
895,239,2,2
895,240,2,2
895,241,2,2
895,242,2,2
895,243,2,2
895,244,2,2
895,245,2,2
895,246,2,2
895,247,2,2
895,248,2,2
895,249,2,2
895,250,2,2
895,251,2,2
895,252,2,2
895,253,2,2
895,254,2,2
895,255,2,2
895,256,2,2
895,257,2,2
895,258,2,2
895,259,2,2
895,260,2,2
895,261,2,2
895,262,2,2
895,263,2,2
895,264,2,2
895,265,2,2
895,266,2,2
895,267,2,2
895,268,2,2
895,269,2,2
895,270,2,2
895,271,2,2
895,272,2,2
895,273,2,2
895,274,2,2
895,275,2,2
895,276,2,2
895,277,2,2
895,278,2,2
895,279,2,2
895,280,2,2
895,281,2,2
895,282,2,2
895,283,2,2
895,284,2,2
895,285,2,2
895,286,2,2
895,287,2,2
895,288,2,2
895,289,2,2
895,290,2,2
895,291,2,2
895,292,2,2
895,293,2,2
895,294,2,2
895,295,2,2
895,296,2,2
895,297,2,2
895,298,2,2
895,299,2,2
895,300,2,2
895,301,2,2
895,302,2,2
895,303,2,2
895,304,2,2
895,305,2,2
895,306,2,2
895,307,2,2
895,308,2,2
895,309,2,2
895,310,2,2
895,311,2,2
895,312,2,2
895,313,2,2
895,314,2,2
895,315,2,2
895,316,2,2
895,317,2,2
895,318,2,2
895,319,2,2
895,320,2,2
895,321,2,2
895,322,2,2
895,323,2,2
895,324,2,2
895,325,2,2
895,326,2,2
895,327,2,2
895,328,2,2
895,329,2,2
895,330,2,2
895,331,2,2
895,332,2,2
895,333,2,2
895,334,2,2
895,335,2,2
895,336,2,2
895,337,2,2
895,338,2,2
895,339,2,2
895,340,2,2
895,341,2,2
895,342,2,2
895,343,2,2
895,344,2,2
895,345,2,2
895,346,2,2
895,347,2,3
895,348,2,3
895,349,2,3
895,350,2,3
895,351,2,3
895,352,2,3
895,353,2,3
895,354,2,3
895,355,2,3
895,356,2,3
895,357,2,3
895,358,2,3
895,359,2,3
895,360,2,3
895,361,2,3
895,362,2,3
895,363,2,3
895,364,2,3
895,365,2,3
895,366,2,3
895,367,2,3
895,368,2,3
895,369,2,3
895,370,2,3
895,371,2,3
895,372,2,3
895,373,2,3
895,374,2,3
895,375,2,3
895,376,2,2
895,377,2,2
895,378,2,2
895,379,2,2
895,380,2,2
895,381,2,2
895,382,2,2
895,383,2,2
895,384,2,2
895,385,2,2
895,386,2,3
895,387,2,3
895,388,2,3
895,389,2,3
895,390,2,3
895,391,2,3
895,392,2,3
895,393,2,3
895,394,2,3
895,395,2,3
895,396,2,3
895,397,2,3
895,398,2,3
895,399,2,3
895,400,2,3
895,401,2,3
895,402,2,3
895,403,2,3
895,404,2,3
895,405,2,3
895,406,2,2
895,407,2,2
895,408,2,2
895,409,2,2
895,410,2,2
895,411,2,2
895,412,2,2
895,413,2,2
895,414,2,2
895,415,2,2
895,416,2,2
895,417,2,2
895,418,2,2
895,419,2,2
895,420,2,2
895,421,2,2
895,422,2,2
895,423,2,2
895,424,2,2
895,425,2,2
895,426,2,2
895,427,2,3
895,428,2,3
895,429,2,3
895,430,2,3
895,431,2,2
895,432,2,2
895,433,2,2
895,434,2,2
895,435,2,2
895,436,2,2
895,437,2,2
895,438,2,2
895,439,2,2
895,440,2,2
895,441,2,2
895,442,2,2
895,443,2,2
895,444,2,2
895,445,2,2
895,446,2,2
895,447,2,2
895,448,2,2
895,449,2,2
895,450,2,2
895,451,2,2
895,452,2,2
895,453,2,2
895,454,2,2
895,455,2,2
895,456,2,2
895,457,2,2
895,458,2,2
895,459,2,2
895,460,2,2
895,461,2,2
895,462,2,2
895,463,2,2
895,464,2,2
895,465,2,2
895,466,2,2
895,467,2,2
895,468,2,2
895,469,2,2
895,470,2,2
895,471,2,2
895,472,2,2
895,473,2,2
895,474,2,2
895,475,2,2
895,476,2,2
895,477,2,2
895,478,2,2
895,479,2,2
895,480,2,2
895,481,2,2
895,482,2,2
895,483,2,2
895,484,2,2
895,485,2,2
895,486,2,2
895,487,2,2
895,488,2,2
895,489,2,2
895,490,2,2
895,491,2,2
895,492,2,2
895,493,2,2
895,494,2,2
895,495,2,2
895,496,2,2
895,497,2,2
895,498,2,2
895,499,2,2
895,500,2,2
895,501,2,2
895,502,2,2
895,503,2,2
895,504,2,2
895,505,2,2
895,506,2,2
895,507,2,2
895,508,2,2
895,509,2,2
895,510,2,2
895,511,2,2
895,512,2,2
895,513,2,2
895,514,2,2
895,515,2,2
895,516,2,2
895,517,2,2
895,518,2,2
895,519,2,2
895,520,2,2
895,521,2,2
895,522,2,2
895,523,2,2
895,524,2,2
895,525,2,2
895,526,2,2
895,527,2,2
895,528,2,2
895,529,2,2
895,530,2,2
895,531,2,2
895,532,2,2
895,533,2,2
895,534,2,2
895,535,2,2
895,536,2,2
895,537,2,2
895,538,2,2
895,539,2,2
895,540,2,2
895,541,2,2
895,542,2,2
895,543,2,2
895,544,2,2
895,545,2,2
895,546,2,2
896,114,2,2
896,115,2,2
896,116,2,2
896,117,2,2
896,118,2,2
896,119,2,2
896,120,2,2
896,121,2,2
896,122,2,2
896,123,2,2
896,124,2,2
896,125,2,2
896,126,2,2
896,127,2,2
896,128,2,2
896,129,2,2
896,130,2,2
896,131,2,2
896,132,2,2
896,133,2,2
896,134,2,2
896,135,2,2
896,136,2,2
896,137,2,2
896,138,2,2
896,139,2,2
896,140,2,2
896,141,2,2
896,142,2,2
896,143,2,2
896,144,2,2
896,145,2,2
896,146,2,2
896,147,2,2
896,148,2,2
896,149,2,2
896,150,2,2
896,151,2,2
896,152,2,2
896,153,2,2
896,154,2,2
896,155,2,2
896,156,2,2
896,157,2,2
896,158,2,2
896,159,2,2
896,160,2,2
896,161,2,2
896,162,2,2
896,163,2,2
896,164,2,2
896,165,2,2
896,166,2,2
896,167,2,2
896,168,2,2
896,169,2,2
896,170,2,2
896,171,2,2
896,172,2,2
896,173,2,2
896,174,2,2
896,175,2,2
896,176,2,2
896,177,2,2
896,178,2,2
896,179,2,2
896,180,2,2
896,181,2,2
896,182,2,2
896,183,2,2
896,184,2,2
896,185,2,2
896,186,2,2
896,187,2,2
896,188,2,2
896,189,2,2
896,190,2,2
896,191,2,2
896,192,2,2
896,193,2,2
896,194,2,2
896,195,2,2
896,196,2,2
896,197,2,2
896,198,2,2
896,199,2,2
896,200,2,2
896,201,2,2
896,202,2,2
896,203,2,2
896,204,2,2
896,205,2,2
896,206,2,2
896,207,2,2
896,208,2,2
896,209,2,2
896,210,2,2
896,211,2,2
896,212,2,2
896,213,2,2
896,214,2,2
896,215,2,2
896,216,2,2
896,217,2,2
896,218,2,2
896,219,2,2
896,220,2,2
896,221,2,2
896,222,2,2
896,223,2,2
896,224,2,2
896,225,2,2
896,226,2,2
896,227,2,2
896,228,2,2
896,229,2,2
896,230,2,2
896,231,2,2
896,232,2,2
896,233,2,2
896,234,2,2
896,235,2,2
896,236,2,2
896,237,2,2
896,238,2,2
896,239,2,2
896,240,2,2
896,241,2,2
896,242,2,2
896,243,2,2
896,244,2,2
896,245,2,2
896,246,2,2
896,247,2,2
896,248,2,2
896,249,2,2
896,250,2,2
896,251,2,2
896,252,2,2
896,253,2,2
896,254,2,2
896,255,2,2
896,256,2,2
896,257,2,2
896,258,2,2
896,259,2,2
896,260,2,2
896,261,2,2
896,262,2,2
896,263,2,2
896,264,2,2
896,265,2,2
896,266,2,2
896,267,2,2
896,268,2,2
896,269,2,2
896,270,2,2
896,271,2,2
896,272,2,2
896,273,2,2
896,274,2,2
896,275,2,2
896,276,2,2
896,277,2,2
896,278,2,2
896,279,2,2
896,280,2,2
896,281,2,2
896,282,2,2
896,283,2,2
896,284,2,2
896,285,2,2
896,286,2,2
896,287,2,2
896,288,2,2
896,289,2,2
896,290,2,2
896,291,2,2
896,292,2,2
896,293,2,2
896,294,2,2
896,295,2,2
896,296,2,2
896,297,2,2
896,298,2,2
896,299,2,2
896,300,2,2
896,301,2,2
896,302,2,2
896,303,2,2
896,304,2,2
896,305,2,2
896,306,2,2
896,307,2,2
896,308,2,2
896,309,2,2
896,310,2,2
896,311,2,2
896,312,2,2
896,313,2,2
896,314,2,2
896,315,2,2
896,316,2,2
896,317,2,2
896,318,2,2
896,319,2,2
896,320,2,2
896,321,2,2
896,322,2,2
896,323,2,2
896,324,2,2
896,325,2,2
896,326,2,2
896,327,2,2
896,328,2,2
896,329,2,2
896,330,2,2
896,331,2,2
896,332,2,2
896,333,2,2
896,334,2,2
896,335,2,2
896,336,2,2
896,337,2,2
896,338,2,2
896,339,2,2
896,340,2,2
896,341,2,2
896,342,2,2
896,343,2,2
896,344,2,2
896,345,2,2
896,346,2,2
896,347,2,3
896,348,2,3
896,349,2,3
896,350,2,3
896,351,2,3
896,352,2,3
896,353,2,3
896,354,2,3
896,355,2,3
896,356,2,3
896,357,2,3
896,358,2,3
896,359,2,3
896,360,2,3
896,361,2,3
896,362,2,3
896,363,2,3
896,364,2,3
896,365,2,3
896,366,2,3
896,367,2,3
896,368,2,3
896,369,2,3
896,370,2,3
896,371,2,3
896,372,2,3
896,373,2,3
896,374,2,3
896,375,2,3
896,376,2,3
896,377,2,2
896,378,2,2
896,379,2,2
896,380,2,2
896,381,2,2
896,382,2,2
896,383,2,2
896,384,2,2
896,385,2,2
896,386,2,3
896,387,2,3
896,388,2,3
896,389,2,3
896,390,2,3
896,391,2,3
896,392,2,3
896,393,2,3
896,394,2,3
896,395,2,3
896,396,2,3
896,397,2,3
896,398,2,3
896,399,2,3
896,400,2,3
896,401,2,3
896,402,2,3
896,403,2,3
896,404,2,3
896,405,2,3
896,406,2,2
896,407,2,2
896,408,2,2
896,409,2,2
896,410,2,2
896,411,2,2
896,412,2,2
896,413,2,2
896,414,2,2
896,415,2,2
896,416,2,2
896,417,2,2
896,418,2,2
896,419,2,2
896,420,2,2
896,421,2,2
896,422,2,2
896,423,2,2
896,424,2,2
896,425,2,3
896,426,2,3
896,427,2,3
896,428,2,3
896,429,2,3
896,430,2,3
896,431,2,3
896,432,2,3
896,433,2,2
896,434,2,2
896,435,2,2
896,436,2,2
896,437,2,2
896,438,2,2
896,439,2,2
896,440,2,2
896,441,2,2
896,442,2,2
896,443,2,2
896,444,2,2
896,445,2,2
896,446,2,2
896,447,2,2
896,448,2,2
896,449,2,2
896,450,2,2
896,451,2,2
896,452,2,2
896,453,2,2
896,454,2,2
896,455,2,2
896,456,2,2
896,457,2,2
896,458,2,2
896,459,2,2
896,460,2,2
896,461,2,2
896,462,2,2
896,463,2,2
896,464,2,2
896,465,2,2
896,466,2,2
896,467,2,2
896,468,2,2
896,469,2,2
896,470,2,2
896,471,2,2
896,472,2,2
896,473,2,2
896,474,2,2
896,475,2,2
896,476,2,2
896,477,2,2
896,478,2,2
896,479,2,2
896,480,2,2
896,481,2,2
896,482,2,2
896,483,2,2
896,484,2,2
896,485,2,2
896,486,2,2
896,487,2,2
896,488,2,2
896,489,2,2
896,490,2,2
896,491,2,2
896,492,2,2
896,493,2,2
896,494,2,2
896,495,2,2
896,496,2,2
896,497,2,2
896,498,2,2
896,499,2,2
896,500,2,2
896,501,2,2
896,502,2,2
896,503,2,2
896,504,2,2
896,505,2,2
896,506,2,2
896,507,2,2
896,508,2,2
896,509,2,2
896,510,2,2
896,511,2,2
896,512,2,2
896,513,2,2
896,514,2,2
896,515,2,2
896,516,2,2
896,517,2,2
896,518,2,2
896,519,2,2
896,520,2,2
896,521,2,2
896,522,2,2
896,523,2,2
896,524,2,2
896,525,2,2
896,526,2,2
896,527,2,2
896,528,2,2
896,529,2,2
896,530,2,2
896,531,2,2
896,532,2,2
896,533,2,2
896,534,2,2
896,535,2,2
896,536,2,2
896,537,2,2
896,538,2,2
896,539,2,2
896,540,2,2
896,541,2,2
896,542,2,2
896,543,2,2
896,544,2,2
896,545,2,2
896,546,2,2
897,115,2,2
897,116,2,2
897,117,2,2
897,118,2,2
897,119,2,2
897,120,2,2
897,121,2,2
897,122,2,2
897,123,2,2
897,124,2,2
897,125,2,2
897,126,2,2
897,127,2,2
897,128,2,2
897,129,2,2
897,130,2,2
897,131,2,2
897,132,2,2
897,133,2,2
897,134,2,2
897,135,2,2
897,136,2,2
897,137,2,2
897,138,2,2
897,139,2,2
897,140,2,2
897,141,2,2
897,142,2,2
897,143,2,2
897,144,2,2
897,145,2,2
897,146,2,2
897,147,2,2
897,148,2,2
897,149,2,2
897,150,2,2
897,151,2,2
897,152,2,2
897,153,2,2
897,154,2,2
897,155,2,2
897,156,2,2
897,157,2,2
897,158,2,2
897,159,2,2
897,160,2,2
897,161,2,2
897,162,2,2
897,163,2,2
897,164,2,2
897,165,2,2
897,166,2,2
897,167,2,2
897,168,2,2
897,169,2,2
897,170,2,2
897,171,2,2
897,172,2,2
897,173,2,2
897,174,2,2
897,175,2,2
897,176,2,2
897,177,2,2
897,178,2,2
897,179,2,2
897,180,2,2
897,181,2,2
897,182,2,2
897,183,2,2
897,184,2,2
897,185,2,2
897,186,2,2
897,187,2,2
897,188,2,2
897,189,2,2
897,190,2,2
897,191,2,2
897,192,2,2
897,193,2,2
897,194,2,2
897,195,2,2
897,196,2,2
897,197,2,2
897,198,2,2
897,199,2,2
897,200,2,2
897,201,2,2
897,202,2,2
897,203,2,2
897,204,2,2
897,205,2,2
897,206,2,2
897,207,2,2
897,208,2,2
897,209,2,2
897,210,2,2
897,211,2,2
897,212,2,2
897,213,2,2
897,214,2,2
897,215,2,2
897,216,2,2
897,217,2,2
897,218,2,2
897,219,2,2
897,220,2,2
897,221,2,2
897,222,2,2
897,223,2,2
897,224,2,2
897,225,2,2
897,226,2,2
897,227,2,2
897,228,2,2
897,229,2,2
897,230,2,2
897,231,2,2
897,232,2,2
897,233,2,2
897,234,2,2
897,235,2,2
897,236,2,2
897,237,2,2
897,238,2,2
897,239,2,2
897,240,2,2
897,241,2,2
897,242,2,2
897,243,2,2
897,244,2,2
897,245,2,2
897,246,2,2
897,247,2,2
897,248,2,2
897,249,2,2
897,250,2,2
897,251,2,2
897,252,2,2
897,253,2,2
897,254,2,2
897,255,2,2
897,256,2,2
897,257,2,2
897,258,2,2
897,259,2,2
897,260,2,2
897,261,2,2
897,262,2,2
897,263,2,2
897,264,2,2
897,265,2,2
897,266,2,2
897,267,2,2
897,268,2,2
897,269,2,2
897,270,2,2
897,271,2,2
897,272,2,2
897,273,2,2
897,274,2,2
897,275,2,2
897,276,2,2
897,277,2,2
897,278,2,2
897,279,2,2
897,280,2,2
897,281,2,2
897,282,2,2
897,283,2,2
897,284,2,2
897,285,2,2
897,286,2,2
897,287,2,2
897,288,2,2
897,289,2,2
897,290,2,2
897,291,2,2
897,292,2,2
897,293,2,2
897,294,2,2
897,295,2,2
897,296,2,2
897,297,2,2
897,298,2,2
897,299,2,2
897,300,2,2
897,301,2,2
897,302,2,2
897,303,2,2
897,304,2,2
897,305,2,2
897,306,2,2
897,307,2,2
897,308,2,2
897,309,2,2
897,310,2,2
897,311,2,2
897,312,2,2
897,313,2,2
897,314,2,2
897,315,2,2
897,316,2,2
897,317,2,2
897,318,2,2
897,319,2,2
897,320,2,2
897,321,2,2
897,322,2,2
897,323,2,2
897,324,2,2
897,325,2,2
897,326,2,2
897,327,2,2
897,328,2,2
897,329,2,2
897,330,2,2
897,331,2,2
897,332,2,2
897,333,2,2
897,334,2,2
897,335,2,2
897,336,2,2
897,337,2,2
897,338,2,2
897,339,2,2
897,340,2,2
897,341,2,2
897,342,2,2
897,343,2,2
897,344,2,2
897,345,2,2
897,346,2,2
897,347,2,3
897,348,2,3
897,349,2,3
897,350,2,3
897,351,2,3
897,352,2,3
897,353,2,3
897,354,2,3
897,355,2,3
897,356,2,3
897,357,2,3
897,358,2,3
897,359,2,3
897,360,2,3
897,361,2,3
897,362,2,3
897,363,2,3
897,364,2,3
897,365,2,3
897,366,2,3
897,367,2,3
897,368,2,3
897,369,2,3
897,370,2,3
897,371,2,3
897,372,2,3
897,373,2,3
897,374,2,3
897,375,2,3
897,376,2,2
897,377,2,2
897,378,2,2
897,379,2,2
897,380,2,2
897,381,2,2
897,382,2,2
897,383,2,2
897,384,2,2
897,385,2,2
897,386,2,3
897,387,2,3
897,388,2,3
897,389,2,3
897,390,2,3
897,391,2,3
897,392,2,3
897,393,2,3
897,394,2,3
897,395,2,3
897,396,2,3
897,397,2,3
897,398,2,3
897,399,2,3
897,400,2,3
897,401,2,3
897,402,2,3
897,403,2,3
897,404,2,3
897,405,2,3
897,406,2,3
897,407,2,2
897,408,2,2
897,409,2,2
897,410,2,2
897,411,2,2
897,412,2,2
897,413,2,2
897,414,2,2
897,415,2,2
897,416,2,2
897,417,2,2
897,418,2,2
897,419,2,2
897,420,2,2
897,421,2,2
897,422,2,2
897,423,2,3
897,424,2,3
897,425,2,3
897,426,2,3
897,427,2,3
897,428,2,3
897,429,2,3
897,430,2,3
897,431,2,3
897,432,2,3
897,433,2,3
897,434,2,3
897,435,2,2
897,436,2,2
897,437,2,2
897,438,2,2
897,439,2,2
897,440,2,2
897,441,2,2
897,442,2,2
897,443,2,2
897,444,2,2
897,445,2,2
897,446,2,2
897,447,2,2
897,448,2,2
897,449,2,2
897,450,2,2
897,451,2,2
897,452,2,2
897,453,2,2
897,454,2,2
897,455,2,2
897,456,2,2
897,457,2,2
897,458,2,2
897,459,2,2
897,460,2,2
897,461,2,2
897,462,2,2
897,463,2,2
897,464,2,2
897,465,2,2
897,466,2,2
897,467,2,2
897,468,2,2
897,469,2,2
897,470,2,2
897,471,2,2
897,472,2,2
897,473,2,2
897,474,2,2
897,475,2,2
897,476,2,2
897,477,2,2
897,478,2,2
897,479,2,2
897,480,2,2
897,481,2,2
897,482,2,2
897,483,2,2
897,484,2,2
897,485,2,2
897,486,2,2
897,487,2,2
897,488,2,2
897,489,2,2
897,490,2,2
897,491,2,2
897,492,2,2
897,493,2,2
897,494,2,2
897,495,2,2
897,496,2,2
897,497,2,2
897,498,2,2
897,499,2,2
897,500,2,2
897,501,2,2
897,502,2,2
897,503,2,2
897,504,2,2
897,505,2,2
897,506,2,2
897,507,2,2
897,508,2,2
897,509,2,2
897,510,2,2
897,511,2,2
897,512,2,2
897,513,2,2
897,514,2,2
897,515,2,2
897,516,2,2
897,517,2,2
897,518,2,2
897,519,2,2
897,520,2,2
897,521,2,2
897,522,2,2
897,523,2,2
897,524,2,2
897,525,2,2
897,526,2,2
897,527,2,2
897,528,2,2
897,529,2,2
897,530,2,2
897,531,2,2
897,532,2,2
897,533,2,2
897,534,2,2
897,535,2,2
897,536,2,2
897,537,2,2
897,538,2,2
897,539,2,2
897,540,2,2
897,541,2,2
897,542,2,2
897,543,2,2
897,544,2,2
897,545,2,2
898,116,2,2
898,117,2,2
898,118,2,2
898,119,2,2
898,120,2,2
898,121,2,2
898,122,2,2
898,123,2,2
898,124,2,2
898,125,2,2
898,126,2,2
898,127,2,2
898,128,2,2
898,129,2,2
898,130,2,2
898,131,2,2
898,132,2,2
898,133,2,2
898,134,2,2
898,135,2,2
898,136,2,2
898,137,2,2
898,138,2,2
898,139,2,2
898,140,2,2
898,141,2,2
898,142,2,2
898,143,2,2
898,144,2,2
898,145,2,2
898,146,2,2
898,147,2,2
898,148,2,2
898,149,2,2
898,150,2,2
898,151,2,2
898,152,2,2
898,153,2,2
898,154,2,2
898,155,2,2
898,156,2,2
898,157,2,2
898,158,2,2
898,159,2,2
898,160,2,2
898,161,2,2
898,162,2,2
898,163,2,2
898,164,2,2
898,165,2,2
898,166,2,2
898,167,2,2
898,168,2,2
898,169,2,2
898,170,2,2
898,171,2,2
898,172,2,2
898,173,2,2
898,174,2,2
898,175,2,2
898,176,2,2
898,177,2,2
898,178,2,2
898,179,2,2
898,180,2,2
898,181,2,2
898,182,2,2
898,183,2,2
898,184,2,2
898,185,2,2
898,186,2,2
898,187,2,2
898,188,2,2
898,189,2,2
898,190,2,2
898,191,2,2
898,192,2,2
898,193,2,2
898,194,2,2
898,195,2,2
898,196,2,2
898,197,2,2
898,198,2,2
898,199,2,2
898,200,2,2
898,201,2,2
898,202,2,2
898,203,2,2
898,204,2,2
898,205,2,2
898,206,2,2
898,207,2,2
898,208,2,2
898,209,2,2
898,210,2,2
898,211,2,2
898,212,2,2
898,213,2,2
898,214,2,2
898,215,2,2
898,216,2,2
898,217,2,2
898,218,2,2
898,219,2,2
898,220,2,2
898,221,2,2
898,222,2,2
898,223,2,2
898,224,2,2
898,225,2,2
898,226,2,2
898,227,2,2
898,228,2,2
898,229,2,2
898,230,2,2
898,231,2,2
898,232,2,2
898,233,2,2
898,234,2,2
898,235,2,2
898,236,2,2
898,237,2,2
898,238,2,2
898,239,2,2
898,240,2,2
898,241,2,2
898,242,2,2
898,243,2,2
898,244,2,2
898,245,2,2
898,246,2,2
898,247,2,2
898,248,2,2
898,249,2,2
898,250,2,2
898,251,2,2
898,252,2,2
898,253,2,2
898,254,2,2
898,255,2,2
898,256,2,2
898,257,2,2
898,258,2,2
898,259,2,2
898,260,2,2
898,261,2,2
898,262,2,2
898,263,2,2
898,264,2,2
898,265,2,2
898,266,2,2
898,267,2,2
898,268,2,2
898,269,2,2
898,270,2,2
898,271,2,2
898,272,2,2
898,273,2,2
898,274,2,2
898,275,2,2
898,276,2,2
898,277,2,2
898,278,2,2
898,279,2,2
898,280,2,2
898,281,2,2
898,282,2,2
898,283,2,2
898,284,2,2
898,285,2,2
898,286,2,2
898,287,2,2
898,288,2,2
898,289,2,2
898,290,2,2
898,291,2,2
898,292,2,2
898,293,2,2
898,294,2,2
898,295,2,2
898,296,2,2
898,297,2,2
898,298,2,2
898,299,2,2
898,300,2,2
898,301,2,2
898,302,2,2
898,303,2,2
898,304,2,2
898,305,2,2
898,306,2,2
898,307,2,2
898,308,2,2
898,309,2,2
898,310,2,2
898,311,2,2
898,312,2,2
898,313,2,2
898,314,2,2
898,315,2,2
898,316,2,2
898,317,2,2
898,318,2,2
898,319,2,2
898,320,2,2
898,321,2,2
898,322,2,2
898,323,2,2
898,324,2,2
898,325,2,2
898,326,2,2
898,327,2,2
898,328,2,2
898,329,2,2
898,330,2,2
898,331,2,2
898,332,2,2
898,333,2,2
898,334,2,2
898,335,2,2
898,336,2,2
898,337,2,2
898,338,2,2
898,339,2,2
898,340,2,2
898,341,2,2
898,342,2,2
898,343,2,2
898,344,2,2
898,345,2,2
898,346,2,2
898,347,2,3
898,348,2,3
898,349,2,3
898,350,2,3
898,351,2,3
898,352,2,3
898,353,2,3
898,354,2,3
898,355,2,3
898,356,2,3
898,357,2,3
898,358,2,3
898,359,2,3
898,360,2,3
898,361,2,3
898,362,2,3
898,363,2,3
898,364,2,3
898,365,2,3
898,366,2,3
898,367,2,3
898,368,2,3
898,369,2,3
898,370,2,3
898,371,2,3
898,372,2,3
898,373,2,3
898,374,2,3
898,375,2,2
898,376,2,2
898,377,2,2
898,378,2,2
898,379,2,2
898,380,2,2
898,381,2,2
898,382,2,2
898,383,2,2
898,384,2,2
898,385,2,3
898,386,2,3
898,387,2,3
898,388,2,3
898,389,2,3
898,390,2,3
898,391,2,3
898,392,2,3
898,393,2,3
898,394,2,3
898,395,2,3
898,396,2,3
898,397,2,3
898,398,2,3
898,399,2,3
898,400,2,3
898,401,2,3
898,402,2,3
898,403,2,3
898,404,2,3
898,405,2,3
898,406,2,3
898,407,2,2
898,408,2,2
898,409,2,2
898,410,2,2
898,411,2,2
898,412,2,2
898,413,2,2
898,414,2,2
898,415,2,2
898,416,2,2
898,417,2,2
898,418,2,2
898,419,2,2
898,420,2,2
898,421,2,2
898,422,2,3
898,423,2,3
898,424,2,3
898,425,2,3
898,426,2,3
898,427,2,3
898,428,2,3
898,429,2,3
898,430,2,3
898,431,2,3
898,432,2,3
898,433,2,3
898,434,2,3
898,435,2,2
898,436,2,2
898,437,2,2
898,438,2,2
898,439,2,2
898,440,2,2
898,441,2,2
898,442,2,2
898,443,2,2
898,444,2,2
898,445,2,2
898,446,2,2
898,447,2,2
898,448,2,2
898,449,2,2
898,450,2,2
898,451,2,2
898,452,2,2
898,453,2,2
898,454,2,2
898,455,2,2
898,456,2,2
898,457,2,2
898,458,2,2
898,459,2,2
898,460,2,2
898,461,2,2
898,462,2,2
898,463,2,2
898,464,2,2
898,465,2,2
898,466,2,2
898,467,2,2
898,468,2,2
898,469,2,2
898,470,2,2
898,471,2,2
898,472,2,2
898,473,2,2
898,474,2,2
898,475,2,2
898,476,2,2
898,477,2,2
898,478,2,2
898,479,2,2
898,480,2,2
898,481,2,2
898,482,2,2
898,483,2,2
898,484,2,2
898,485,2,2
898,486,2,2
898,487,2,2
898,488,2,2
898,489,2,2
898,490,2,2
898,491,2,2
898,492,2,2
898,493,2,2
898,494,2,2
898,495,2,2
898,496,2,2
898,497,2,2
898,498,2,2
898,499,2,2
898,500,2,2
898,501,2,2
898,502,2,2
898,503,2,2
898,504,2,2
898,505,2,2
898,506,2,2
898,507,2,2
898,508,2,2
898,509,2,2
898,510,2,2
898,511,2,2
898,512,2,2
898,513,2,2
898,514,2,2
898,515,2,2
898,516,2,2
898,517,2,2
898,518,2,2
898,519,2,2
898,520,2,2
898,521,2,2
898,522,2,2
898,523,2,2
898,524,2,2
898,525,2,2
898,526,2,2
898,527,2,2
898,528,2,2
898,529,2,2
898,530,2,2
898,531,2,2
898,532,2,2
898,533,2,2
898,534,2,2
898,535,2,2
898,536,2,2
898,537,2,2
898,538,2,2
898,539,2,2
898,540,2,2
898,541,2,2
898,542,2,2
898,543,2,2
898,544,2,2
899,116,2,2
899,117,2,2
899,118,2,2
899,119,2,2
899,120,2,2
899,121,2,2
899,122,2,2
899,123,2,2
899,124,2,2
899,125,2,2
899,126,2,2
899,127,2,2
899,128,2,2
899,129,2,2
899,130,2,2
899,131,2,2
899,132,2,2
899,133,2,2
899,134,2,2
899,135,2,2
899,136,2,2
899,137,2,2
899,138,2,2
899,139,2,2
899,140,2,2
899,141,2,2
899,142,2,2
899,143,2,2
899,144,2,2
899,145,2,2
899,146,2,2
899,147,2,2
899,148,2,2
899,149,2,2
899,150,2,2
899,151,2,2
899,152,2,2
899,153,2,2
899,154,2,2
899,155,2,2
899,156,2,2
899,157,2,2
899,158,2,2
899,159,2,2
899,160,2,2
899,161,2,2
899,162,2,2
899,163,2,2
899,164,2,2
899,165,2,2
899,166,2,2
899,167,2,2
899,168,2,2
899,169,2,2
899,170,2,2
899,171,2,2
899,172,2,2
899,173,2,2
899,174,2,2
899,175,2,2
899,176,2,2
899,177,2,2
899,178,2,2
899,179,2,2
899,180,2,2
899,181,2,2
899,182,2,2
899,183,2,2
899,184,2,2
899,185,2,2
899,186,2,2
899,187,2,2
899,188,2,2
899,189,2,2
899,190,2,2
899,191,2,2
899,192,2,2
899,193,2,2
899,194,2,2
899,195,2,2
899,196,2,2
899,197,2,2
899,198,2,2
899,199,2,2
899,200,2,2
899,201,2,2
899,202,2,2
899,203,2,2
899,204,2,2
899,205,2,2
899,206,2,2
899,207,2,2
899,208,2,2
899,209,2,2
899,210,2,2
899,211,2,2
899,212,2,2
899,213,2,2
899,214,2,2
899,215,2,2
899,216,2,2
899,217,2,2
899,218,2,2
899,219,2,2
899,220,2,2
899,221,2,2
899,222,2,2
899,223,2,2
899,224,2,2
899,225,2,2
899,226,2,2
899,227,2,2
899,228,2,2
899,229,2,2
899,230,2,2
899,231,2,2
899,232,2,2
899,233,2,2
899,234,2,2
899,235,2,2
899,236,2,2
899,237,2,2
899,238,2,2
899,239,2,2
899,240,2,2
899,241,2,2
899,242,2,2
899,243,2,2
899,244,2,2
899,245,2,2
899,246,2,2
899,247,2,2
899,248,2,2
899,249,2,2
899,250,2,2
899,251,2,2
899,252,2,2
899,253,2,2
899,254,2,2
899,255,2,2
899,256,2,2
899,257,2,2
899,258,2,2
899,259,2,2
899,260,2,2
899,261,2,2
899,262,2,2
899,263,2,2
899,264,2,2
899,265,2,2
899,266,2,2
899,267,2,2
899,268,2,2
899,269,2,2
899,270,2,2
899,271,2,2
899,272,2,2
899,273,2,2
899,274,2,2
899,275,2,2
899,276,2,2
899,277,2,2
899,278,2,2
899,279,2,2
899,280,2,2
899,281,2,2
899,282,2,2
899,283,2,2
899,284,2,2
899,285,2,2
899,286,2,2
899,287,2,2
899,288,2,2
899,289,2,2
899,290,2,2
899,291,2,2
899,292,2,2
899,293,2,2
899,294,2,2
899,295,2,2
899,296,2,2
899,297,2,2
899,298,2,2
899,299,2,2
899,300,2,2
899,301,2,2
899,302,2,2
899,303,2,2
899,304,2,2
899,305,2,2
899,306,2,2
899,307,2,2
899,308,2,2
899,309,2,2
899,310,2,2
899,311,2,2
899,312,2,2
899,313,2,2
899,314,2,2
899,315,2,2
899,316,2,2
899,317,2,2
899,318,2,2
899,319,2,2
899,320,2,2
899,321,2,2
899,322,2,2
899,323,2,2
899,324,2,2
899,325,2,2
899,326,2,2
899,327,2,2
899,328,2,2
899,329,2,2
899,330,2,2
899,331,2,2
899,332,2,2
899,333,2,2
899,334,2,2
899,335,2,2
899,336,2,2
899,337,2,2
899,338,2,2
899,339,2,2
899,340,2,2
899,341,2,2
899,342,2,2
899,343,2,2
899,344,2,2
899,345,2,2
899,346,2,2
899,347,2,3
899,348,2,3
899,349,2,3
899,350,2,3
899,351,2,3
899,352,2,3
899,353,2,3
899,354,2,3
899,355,2,3
899,356,2,3
899,357,2,3
899,358,2,3
899,359,2,3
899,360,2,3
899,361,2,3
899,362,2,3
899,363,2,3
899,364,2,3
899,365,2,3
899,366,2,3
899,367,2,3
899,368,2,3
899,369,2,3
899,370,2,3
899,371,2,3
899,372,2,3
899,373,2,3
899,374,2,3
899,375,2,2
899,376,2,2
899,377,2,2
899,378,2,2
899,379,2,2
899,380,2,2
899,381,2,2
899,382,2,2
899,383,2,2
899,384,2,3
899,385,2,3
899,386,2,3
899,387,2,3
899,388,2,3
899,389,2,3
899,390,2,3
899,391,2,3
899,392,2,3
899,393,2,3
899,394,2,3
899,395,2,3
899,396,2,3
899,397,2,3
899,398,2,3
899,399,2,3
899,400,2,3
899,401,2,3
899,402,2,3
899,403,2,3
899,404,2,3
899,405,2,3
899,406,2,3
899,407,2,2
899,408,2,2
899,409,2,2
899,410,2,2
899,411,2,2
899,412,2,2
899,413,2,2
899,414,2,2
899,415,2,2
899,416,2,2
899,417,2,2
899,418,2,2
899,419,2,2
899,420,2,2
899,421,2,3
899,422,2,3
899,423,2,3
899,424,2,3
899,425,2,3
899,426,2,3
899,427,2,3
899,428,2,3
899,429,2,3
899,430,2,3
899,431,2,3
899,432,2,3
899,433,2,3
899,434,2,3
899,435,2,3
899,436,2,2
899,437,2,2
899,438,2,2
899,439,2,2
899,440,2,2
899,441,2,2
899,442,2,2
899,443,2,2
899,444,2,2
899,445,2,2
899,446,2,2
899,447,2,2
899,448,2,2
899,449,2,2
899,450,2,2
899,451,2,2
899,452,2,2
899,453,2,2
899,454,2,2
899,455,2,2
899,456,2,2
899,457,2,2
899,458,2,2
899,459,2,2
899,460,2,2
899,461,2,2
899,462,2,2
899,463,2,2
899,464,2,2
899,465,2,2
899,466,2,2
899,467,2,2
899,468,2,2
899,469,2,2
899,470,2,2
899,471,2,2
899,472,2,2
899,473,2,2
899,474,2,2
899,475,2,2
899,476,2,2
899,477,2,2
899,478,2,2
899,479,2,2
899,480,2,2
899,481,2,2
899,482,2,2
899,483,2,2
899,484,2,2
899,485,2,2
899,486,2,2
899,487,2,2
899,488,2,2
899,489,2,2
899,490,2,2
899,491,2,2
899,492,2,2
899,493,2,2
899,494,2,2
899,495,2,2
899,496,2,2
899,497,2,2
899,498,2,2
899,499,2,2
899,500,2,2
899,501,2,2
899,502,2,2
899,503,2,2
899,504,2,2
899,505,2,2
899,506,2,2
899,507,2,2
899,508,2,2
899,509,2,2
899,510,2,2
899,511,2,2
899,512,2,2
899,513,2,2
899,514,2,2
899,515,2,2
899,516,2,2
899,517,2,2
899,518,2,2
899,519,2,2
899,520,2,2
899,521,2,2
899,522,2,2
899,523,2,2
899,524,2,2
899,525,2,2
899,526,2,2
899,527,2,2
899,528,2,2
899,529,2,2
899,530,2,2
899,531,2,2
899,532,2,2
899,533,2,2
899,534,2,2
899,535,2,2
899,536,2,2
899,537,2,2
899,538,2,2
899,539,2,2
899,540,2,2
899,541,2,2
900,117,2,2
900,118,2,2
900,119,2,2
900,120,2,2
900,121,2,2
900,122,2,2
900,123,2,2
900,124,2,2
900,125,2,2
900,126,2,2
900,127,2,2
900,128,2,2
900,129,2,2
900,130,2,2
900,131,2,2
900,132,2,2
900,133,2,2
900,134,2,2
900,135,2,2
900,136,2,2
900,137,2,2
900,138,2,2
900,139,2,2
900,140,2,2
900,141,2,2
900,142,2,2
900,143,2,2
900,144,2,2
900,145,2,2
900,146,2,2
900,147,2,2
900,148,2,2
900,149,2,2
900,150,2,2
900,151,2,2
900,152,2,2
900,153,2,2
900,154,2,2
900,155,2,2
900,156,2,2
900,157,2,2
900,158,2,2
900,159,2,2
900,160,2,2
900,161,2,2
900,162,2,2
900,163,2,2
900,164,2,2
900,165,2,2
900,166,2,2
900,167,2,2
900,168,2,2
900,169,2,2
900,170,2,2
900,171,2,2
900,172,2,2
900,173,2,2
900,174,2,2
900,175,2,2
900,176,2,2
900,177,2,2
900,178,2,2
900,179,2,2
900,180,2,2
900,181,2,2
900,182,2,2
900,183,2,2
900,184,2,2
900,185,2,2
900,186,2,2
900,187,2,2
900,188,2,2
900,189,2,2
900,190,2,2
900,191,2,2
900,192,2,2
900,193,2,2
900,194,2,2
900,195,2,2
900,196,2,2
900,197,2,2
900,198,2,2
900,199,2,2
900,200,2,2
900,201,2,2
900,202,2,2
900,203,2,2
900,204,2,2
900,205,2,2
900,206,2,2
900,207,2,2
900,208,2,2
900,209,2,2
900,210,2,2
900,211,2,2
900,212,2,2
900,213,2,2
900,214,2,2
900,215,2,2
900,216,2,2
900,217,2,2
900,218,2,2
900,219,2,2
900,220,2,2
900,221,2,2
900,222,2,2
900,223,2,2
900,224,2,2
900,225,2,2
900,226,2,2
900,227,2,2
900,228,2,2
900,229,2,2
900,230,2,2
900,231,2,2
900,232,2,2
900,233,2,2
900,234,2,2
900,235,2,2
900,236,2,2
900,237,2,2
900,238,2,2
900,239,2,2
900,240,2,2
900,241,2,2
900,242,2,2
900,243,2,2
900,244,2,2
900,245,2,2
900,246,2,2
900,247,2,2
900,248,2,2
900,249,2,2
900,250,2,2
900,251,2,2
900,252,2,2
900,253,2,2
900,254,2,2
900,255,2,2
900,256,2,2
900,257,2,2
900,258,2,2
900,259,2,2
900,260,2,2
900,261,2,2
900,262,2,2
900,263,2,2
900,264,2,2
900,265,2,2
900,266,2,2
900,267,2,2
900,268,2,2
900,269,2,2
900,270,2,2
900,271,2,2
900,272,2,2
900,273,2,2
900,274,2,2
900,275,2,2
900,276,2,2
900,277,2,2
900,278,2,2
900,279,2,2
900,280,2,2
900,281,2,2
900,282,2,2
900,283,2,2
900,284,2,2
900,285,2,2
900,286,2,2
900,287,2,2
900,288,2,2
900,289,2,2
900,290,2,2
900,291,2,2
900,292,2,2
900,293,2,2
900,294,2,2
900,295,2,2
900,296,2,2
900,297,2,2
900,298,2,2
900,299,2,2
900,300,2,2
900,301,2,2
900,302,2,2
900,303,2,2
900,304,2,2
900,305,2,2
900,306,2,2
900,307,2,2
900,308,2,2
900,309,2,2
900,310,2,2
900,311,2,2
900,312,2,2
900,313,2,2
900,314,2,2
900,315,2,2
900,316,2,2
900,317,2,2
900,318,2,2
900,319,2,2
900,320,2,2
900,321,2,2
900,322,2,2
900,323,2,2
900,324,2,2
900,325,2,2
900,326,2,2
900,327,2,2
900,328,2,2
900,329,2,2
900,330,2,2
900,331,2,2
900,332,2,2
900,333,2,2
900,334,2,2
900,335,2,2
900,336,2,2
900,337,2,2
900,338,2,2
900,339,2,2
900,340,2,2
900,341,2,2
900,342,2,2
900,343,2,2
900,344,2,2
900,345,2,2
900,346,2,2
900,347,2,3
900,348,2,3
900,349,2,3
900,350,2,3
900,351,2,3
900,352,2,3
900,353,2,3
900,354,2,3
900,355,2,3
900,356,2,3
900,357,2,3
900,358,2,3
900,359,2,3
900,360,2,3
900,361,2,3
900,362,2,3
900,363,2,3
900,364,2,3
900,365,2,3
900,366,2,3
900,367,2,3
900,368,2,3
900,369,2,3
900,370,2,3
900,371,2,3
900,372,2,3
900,373,2,3
900,374,2,3
900,375,2,2
900,376,2,2
900,377,2,2
900,378,2,2
900,379,2,2
900,380,2,2
900,381,2,2
900,382,2,2
900,383,2,3
900,384,2,3
900,385,2,3
900,386,2,3
900,387,2,3
900,388,2,3
900,389,2,3
900,390,2,3
900,391,2,3
900,392,2,3
900,393,2,3
900,394,2,3
900,395,2,3
900,396,2,3
900,397,2,3
900,398,2,3
900,399,2,3
900,400,2,3
900,401,2,3
900,402,2,3
900,403,2,3
900,404,2,3
900,405,2,3
900,406,2,3
900,407,2,3
900,408,2,2
900,409,2,2
900,410,2,2
900,411,2,2
900,412,2,2
900,413,2,2
900,414,2,2
900,415,2,2
900,416,2,2
900,417,2,2
900,418,2,2
900,419,2,2
900,420,2,3
900,421,2,3
900,422,2,3
900,423,2,3
900,424,2,3
900,425,2,3
900,426,2,3
900,427,2,3
900,428,2,3
900,429,2,3
900,430,2,3
900,431,2,3
900,432,2,3
900,433,2,3
900,434,2,3
900,435,2,3
900,436,2,2
900,437,2,2
900,438,2,2
900,439,2,2
900,440,2,2
900,441,2,2
900,442,2,2
900,443,2,2
900,444,2,2
900,445,2,2
900,446,2,2
900,447,2,2
900,448,2,2
900,449,2,2
900,450,2,2
900,451,2,2
900,452,2,2
900,453,2,2
900,454,2,2
900,455,2,2
900,456,2,2
900,457,2,2
900,458,2,2
900,459,2,2
900,460,2,2
900,461,2,2
900,462,2,2
900,463,2,2
900,464,2,2
900,465,2,2
900,466,2,2
900,467,2,2
900,468,2,2
900,469,2,2
900,470,2,2
900,471,2,2
900,472,2,2
900,473,2,2
900,474,2,2
900,475,2,2
900,476,2,2
900,477,2,2
900,478,2,2
900,479,2,2
900,480,2,2
900,481,2,2
900,482,2,2
900,483,2,2
900,484,2,2
900,485,2,2
900,486,2,2
900,487,2,2
900,488,2,2
900,489,2,2
900,490,2,2
900,491,2,2
900,492,2,2
900,493,2,2
900,494,2,2
900,495,2,2
900,496,2,2
900,497,2,2
900,498,2,2
900,499,2,2
900,500,2,2
900,501,2,2
900,502,2,2
900,503,2,2
900,504,2,2
900,505,2,2
900,506,2,2
900,507,2,2
900,508,2,2
900,509,2,2
900,510,2,2
900,511,2,2
900,512,2,2
900,513,2,2
900,514,2,2
900,515,2,2
900,516,2,2
900,517,2,2
900,518,2,2
900,519,2,2
900,520,2,2
900,521,2,2
900,522,2,2
900,523,2,2
900,524,2,2
900,525,2,2
900,526,2,2
900,527,2,2
900,528,2,2
900,529,2,2
900,530,2,2
900,531,2,2
900,532,2,2
900,533,2,2
900,534,2,2
900,535,2,2
900,536,2,2
900,537,2,2
900,538,2,2
900,539,2,2
900,540,2,2
901,118,2,2
901,119,2,2
901,120,2,2
901,121,2,2
901,122,2,2
901,123,2,2
901,124,2,2
901,125,2,2
901,126,2,2
901,127,2,2
901,128,2,2
901,129,2,2
901,130,2,2
901,131,2,2
901,132,2,2
901,133,2,2
901,134,2,2
901,135,2,2
901,136,2,2
901,137,2,2
901,138,2,2
901,139,2,2
901,140,2,2
901,141,2,2
901,142,2,2
901,143,2,2
901,144,2,2
901,145,2,2
901,146,2,2
901,147,2,2
901,148,2,2
901,149,2,2
901,150,2,2
901,151,2,2
901,152,2,2
901,153,2,2
901,154,2,2
901,155,2,2
901,156,2,2
901,157,2,2
901,158,2,2
901,159,2,2
901,160,2,2
901,161,2,2
901,162,2,2
901,163,2,2
901,164,2,2
901,165,2,2
901,166,2,2
901,167,2,2
901,168,2,2
901,169,2,2
901,170,2,2
901,171,2,2
901,172,2,2
901,173,2,2
901,174,2,2
901,175,2,2
901,176,2,2
901,177,2,2
901,178,2,2
901,179,2,2
901,180,2,2
901,181,2,2
901,182,2,2
901,183,2,2
901,184,2,2
901,185,2,2
901,186,2,2
901,187,2,2
901,188,2,2
901,189,2,2
901,190,2,2
901,191,2,2
901,192,2,2
901,193,2,2
901,194,2,2
901,195,2,2
901,196,2,2
901,197,2,2
901,198,2,2
901,199,2,2
901,200,2,2
901,201,2,2
901,202,2,2
901,203,2,2
901,204,2,2
901,205,2,2
901,206,2,2
901,207,2,2
901,208,2,2
901,209,2,2
901,210,2,2
901,211,2,2
901,212,2,2
901,213,2,2
901,214,2,2
901,215,2,2
901,216,2,2
901,217,2,2
901,218,2,2
901,219,2,2
901,220,2,2
901,221,2,2
901,222,2,2
901,223,2,2
901,224,2,2
901,225,2,2
901,226,2,2
901,227,2,2
901,228,2,2
901,229,2,2
901,230,2,2
901,231,2,2
901,232,2,2
901,233,2,2
901,234,2,2
901,235,2,2
901,236,2,2
901,237,2,2
901,238,2,2
901,239,2,2
901,240,2,2
901,241,2,2
901,242,2,2
901,243,2,2
901,244,2,2
901,245,2,2
901,246,2,2
901,247,2,2
901,248,2,2
901,249,2,2
901,250,2,2
901,251,2,2
901,252,2,2
901,253,2,2
901,254,2,2
901,255,2,2
901,256,2,2
901,257,2,2
901,258,2,2
901,259,2,2
901,260,2,2
901,261,2,2
901,262,2,2
901,263,2,2
901,264,2,2
901,265,2,2
901,266,2,2
901,267,2,2
901,268,2,2
901,269,2,2
901,270,2,2
901,271,2,2
901,272,2,2
901,273,2,2
901,274,2,2
901,275,2,2
901,276,2,2
901,277,2,2
901,278,2,2
901,279,2,2
901,280,2,2
901,281,2,2
901,282,2,2
901,283,2,2
901,284,2,2
901,285,2,2
901,286,2,2
901,287,2,2
901,288,2,2
901,289,2,2
901,290,2,2
901,291,2,2
901,292,2,2
901,293,2,2
901,294,2,2
901,295,2,2
901,296,2,2
901,297,2,2
901,298,2,2
901,299,2,2
901,300,2,2
901,301,2,2
901,302,2,2
901,303,2,2
901,304,2,2
901,305,2,2
901,306,2,2
901,307,2,2
901,308,2,2
901,309,2,2
901,310,2,2
901,311,2,2
901,312,2,2
901,313,2,2
901,314,2,2
901,315,2,2
901,316,2,2
901,317,2,2
901,318,2,2
901,319,2,2
901,320,2,2
901,321,2,2
901,322,2,2
901,323,2,2
901,324,2,2
901,325,2,2
901,326,2,2
901,327,2,2
901,328,2,2
901,329,2,2
901,330,2,2
901,331,2,2
901,332,2,2
901,333,2,2
901,334,2,2
901,335,2,2
901,336,2,2
901,337,2,2
901,338,2,2
901,339,2,2
901,340,2,2
901,341,2,2
901,342,2,2
901,343,2,2
901,344,2,2
901,345,2,2
901,346,2,2
901,347,2,2
901,348,2,3
901,349,2,3
901,350,2,3
901,351,2,3
901,352,2,3
901,353,2,3
901,354,2,3
901,355,2,3
901,356,2,3
901,357,2,3
901,358,2,3
901,359,2,3
901,360,2,3
901,361,2,3
901,362,2,3
901,363,2,3
901,364,2,3
901,365,2,3
901,366,2,3
901,367,2,3
901,368,2,3
901,369,2,3
901,370,2,3
901,371,2,3
901,372,2,3
901,373,2,3
901,374,2,3
901,375,2,2
901,376,2,2
901,377,2,2
901,378,2,2
901,379,2,2
901,380,2,2
901,381,2,2
901,382,2,3
901,383,2,3
901,384,2,3
901,385,2,3
901,386,2,3
901,387,2,3
901,388,2,3
901,389,2,3
901,390,2,3
901,391,2,3
901,392,2,3
901,393,2,3
901,394,2,3
901,395,2,3
901,396,2,3
901,397,2,3
901,398,2,3
901,399,2,3
901,400,2,3
901,401,2,3
901,402,2,3
901,403,2,3
901,404,2,3
901,405,2,3
901,406,2,3
901,407,2,3
901,408,2,2
901,409,2,2
901,410,2,2
901,411,2,2
901,412,2,2
901,413,2,2
901,414,2,2
901,415,2,2
901,416,2,2
901,417,2,2
901,418,2,2
901,419,2,2
901,420,2,3
901,421,2,3
901,422,2,3
901,423,2,3
901,424,2,3
901,425,2,3
901,426,2,3
901,427,2,3
901,428,2,3
901,429,2,3
901,430,2,3
901,431,2,3
901,432,2,3
901,433,2,3
901,434,2,3
901,435,2,3
901,436,2,2
901,437,2,2
901,438,2,2
901,439,2,2
901,440,2,2
901,441,2,2
901,442,2,2
901,443,2,2
901,444,2,2
901,445,2,2
901,446,2,2
901,447,2,2
901,448,2,2
901,449,2,2
901,450,2,2
901,451,2,2
901,452,2,2
901,453,2,3
901,454,2,2
901,455,2,2
901,456,2,2
901,457,2,2
901,458,2,2
901,459,2,2
901,460,2,2
901,461,2,2
901,462,2,2
901,463,2,2
901,464,2,2
901,465,2,2
901,466,2,2
901,467,2,2
901,468,2,2
901,469,2,2
901,470,2,2
901,471,2,2
901,472,2,2
901,473,2,2
901,474,2,2
901,475,2,2
901,476,2,2
901,477,2,2
901,478,2,2
901,479,2,2
901,480,2,2
901,481,2,2
901,482,2,2
901,483,2,2
901,484,2,2
901,485,2,2
901,486,2,2
901,487,2,2
901,488,2,2
901,489,2,2
901,490,2,2
901,491,2,2
901,492,2,2
901,493,2,2
901,494,2,2
901,495,2,2
901,496,2,2
901,497,2,2
901,498,2,2
901,499,2,2
901,500,2,2
901,501,2,2
901,502,2,2
901,503,2,2
901,504,2,2
901,505,2,2
901,506,2,2
901,507,2,2
901,508,2,2
901,509,2,2
901,510,2,2
901,511,2,2
901,512,2,2
901,513,2,2
901,514,2,2
901,515,2,2
901,516,2,2
901,517,2,2
901,518,2,2
901,519,2,2
901,520,2,2
901,521,2,2
901,522,2,2
901,523,2,2
901,524,2,2
901,525,2,2
901,526,2,2
901,527,2,2
901,528,2,2
901,529,2,2
901,530,2,2
901,531,2,2
901,532,2,2
901,533,2,2
901,534,2,2
901,535,2,2
901,536,2,2
901,537,2,2
902,118,2,2
902,119,2,2
902,120,2,2
902,121,2,2
902,122,2,2
902,123,2,2
902,124,2,2
902,125,2,2
902,126,2,2
902,127,2,2
902,128,2,2
902,129,2,2
902,130,2,2
902,131,2,2
902,132,2,2
902,133,2,2
902,134,2,2
902,135,2,2
902,136,2,2
902,137,2,2
902,138,2,2
902,139,2,2
902,140,2,2
902,141,2,2
902,142,2,2
902,143,2,2
902,144,2,2
902,145,2,2
902,146,2,2
902,147,2,2
902,148,2,2
902,149,2,2
902,150,2,2
902,151,2,2
902,152,2,2
902,153,2,2
902,154,2,2
902,155,2,2
902,156,2,2
902,157,2,2
902,158,2,2
902,159,2,2
902,160,2,2
902,161,2,2
902,162,2,2
902,163,2,2
902,164,2,2
902,165,2,2
902,166,2,2
902,167,2,2
902,168,2,2
902,169,2,2
902,170,2,2
902,171,2,2
902,172,2,2
902,173,2,2
902,174,2,2
902,175,2,2
902,176,2,2
902,177,2,2
902,178,2,2
902,179,2,2
902,180,2,2
902,181,2,2
902,182,2,2
902,183,2,2
902,184,2,2
902,185,2,2
902,186,2,2
902,187,2,2
902,188,2,2
902,189,2,2
902,190,2,2
902,191,2,2
902,192,2,2
902,193,2,2
902,194,2,2
902,195,2,2
902,196,2,2
902,197,2,2
902,198,2,2
902,199,2,2
902,200,2,2
902,201,2,2
902,202,2,2
902,203,2,2
902,204,2,2
902,205,2,2
902,206,2,2
902,207,2,2
902,208,2,2
902,209,2,2
902,210,2,2
902,211,2,2
902,212,2,2
902,213,2,2
902,214,2,2
902,215,2,2
902,216,2,2
902,217,2,2
902,218,2,2
902,219,2,2
902,220,2,2
902,221,2,2
902,222,2,2
902,223,2,2
902,224,2,2
902,225,2,2
902,226,2,2
902,227,2,2
902,228,2,2
902,229,2,2
902,230,2,2
902,231,2,2
902,232,2,2
902,233,2,2
902,234,2,2
902,235,2,2
902,236,2,2
902,237,2,2
902,238,2,2
902,239,2,2
902,240,2,2
902,241,2,2
902,242,2,2
902,243,2,2
902,244,2,2
902,245,2,2
902,246,2,2
902,247,2,2
902,248,2,2
902,249,2,2
902,250,2,2
902,251,2,2
902,252,2,2
902,253,2,2
902,254,2,2
902,255,2,2
902,256,2,2
902,257,2,2
902,258,2,2
902,259,2,2
902,260,2,2
902,261,2,2
902,262,2,2
902,263,2,2
902,264,2,2
902,265,2,2
902,266,2,2
902,267,2,2
902,268,2,2
902,269,2,2
902,270,2,2
902,271,2,2
902,272,2,2
902,273,2,2
902,274,2,2
902,275,2,2
902,276,2,2
902,277,2,2
902,278,2,2
902,279,2,2
902,280,2,2
902,281,2,2
902,282,2,2
902,283,2,2
902,284,2,2
902,285,2,2
902,286,2,2
902,287,2,2
902,288,2,2
902,289,2,2
902,290,2,2
902,291,2,2
902,292,2,2
902,293,2,2
902,294,2,2
902,295,2,2
902,296,2,2
902,297,2,2
902,298,2,2
902,299,2,2
902,300,2,2
902,301,2,2
902,302,2,2
902,303,2,2
902,304,2,2
902,305,2,2
902,306,2,2
902,307,2,2
902,308,2,2
902,309,2,2
902,310,2,2
902,311,2,2
902,312,2,2
902,313,2,2
902,314,2,2
902,315,2,2
902,316,2,2
902,317,2,2
902,318,2,2
902,319,2,2
902,320,2,2
902,321,2,2
902,322,2,2
902,323,2,2
902,324,2,2
902,325,2,2
902,326,2,2
902,327,2,2
902,328,2,2
902,329,2,2
902,330,2,2
902,331,2,2
902,332,2,2
902,333,2,2
902,334,2,2
902,335,2,2
902,336,2,2
902,337,2,2
902,338,2,2
902,339,2,2
902,340,2,2
902,341,2,2
902,342,2,2
902,343,2,2
902,344,2,2
902,345,2,2
902,346,2,2
902,347,2,2
902,348,2,3
902,349,2,3
902,350,2,3
902,351,2,3
902,352,2,3
902,353,2,3
902,354,2,3
902,355,2,3
902,356,2,3
902,357,2,3
902,358,2,3
902,359,2,3
902,360,2,3
902,361,2,3
902,362,2,3
902,363,2,3
902,364,2,3
902,365,2,3
902,366,2,3
902,367,2,3
902,368,2,3
902,369,2,3
902,370,2,3
902,371,2,3
902,372,2,3
902,373,2,3
902,374,2,3
902,375,2,2
902,376,2,2
902,377,2,2
902,378,2,2
902,379,2,2
902,380,2,3
902,381,2,3
902,382,2,3
902,383,2,3
902,384,2,3
902,385,2,3
902,386,2,3
902,387,2,3
902,388,2,3
902,389,2,3
902,390,2,3
902,391,2,3
902,392,2,3
902,393,2,3
902,394,2,3
902,395,2,3
902,396,2,3
902,397,2,3
902,398,2,3
902,399,2,3
902,400,2,3
902,401,2,3
902,402,2,3
902,403,2,3
902,404,2,3
902,405,2,3
902,406,2,3
902,407,2,3
902,408,2,3
902,409,2,2
902,410,2,2
902,411,2,2
902,412,2,2
902,413,2,2
902,414,2,2
902,415,2,2
902,416,2,2
902,417,2,3
902,418,2,3
902,419,2,3
902,420,2,3
902,421,2,3
902,422,2,3
902,423,2,3
902,424,2,3
902,425,2,3
902,426,2,3
902,427,2,3
902,428,2,3
902,429,2,3
902,430,2,3
902,431,2,3
902,432,2,3
902,433,2,3
902,434,2,3
902,435,2,3
902,436,2,2
902,437,2,2
902,438,2,2
902,439,2,2
902,440,2,2
902,441,2,2
902,442,2,2
902,443,2,2
902,444,2,2
902,445,2,2
902,446,2,2
902,447,2,2
902,448,2,2
902,449,2,2
902,450,2,2
902,451,2,2
902,452,2,2
902,453,2,3
902,454,2,3
902,455,2,2
902,456,2,2
902,457,2,2
902,458,2,2
902,459,2,2
902,460,2,2
902,461,2,2
902,462,2,2
902,463,2,2
902,464,2,2
902,465,2,2
902,466,2,2
902,467,2,2
902,468,2,2
902,469,2,2
902,470,2,2
902,471,2,2
902,472,2,2
902,473,2,2
902,474,2,2
902,475,2,2
902,476,2,2
902,477,2,2
902,478,2,2
902,479,2,2
902,480,2,2
902,481,2,2
902,482,2,2
902,483,2,2
902,484,2,2
902,485,2,2
902,486,2,2
902,487,2,2
902,488,2,2
902,489,2,2
902,490,2,2
902,491,2,2
902,492,2,2
902,493,2,2
902,494,2,2
902,495,2,2
902,496,2,2
902,497,2,2
902,498,2,2
902,499,2,2
902,500,2,2
902,501,2,2
902,502,2,2
902,503,2,2
902,504,2,2
902,505,2,2
902,506,2,2
902,507,2,2
902,508,2,2
902,509,2,2
902,510,2,2
902,511,2,2
902,512,2,2
902,513,2,2
902,514,2,2
902,515,2,2
902,516,2,2
902,517,2,2
902,518,2,2
902,519,2,2
902,520,2,2
902,521,2,2
902,522,2,2
902,523,2,2
902,524,2,2
902,525,2,2
902,526,2,2
902,527,2,2
902,528,2,2
902,529,2,2
902,530,2,2
902,531,2,2
902,532,2,2
902,533,2,2
902,534,2,2
902,535,2,2
902,536,2,2
903,119,2,2
903,120,2,2
903,121,2,2
903,122,2,2
903,123,2,2
903,124,2,2
903,125,2,2
903,126,2,2
903,127,2,2
903,128,2,2
903,129,2,2
903,130,2,2
903,131,2,2
903,132,2,2
903,133,2,2
903,134,2,2
903,135,2,2
903,136,2,2
903,137,2,2
903,138,2,2
903,139,2,2
903,140,2,2
903,141,2,2
903,142,2,2
903,143,2,2
903,144,2,2
903,145,2,2
903,146,2,2
903,147,2,2
903,148,2,2
903,149,2,2
903,150,2,2
903,151,2,2
903,152,2,2
903,153,2,2
903,154,2,2
903,155,2,2
903,156,2,2
903,157,2,2
903,158,2,2
903,159,2,2
903,160,2,2
903,161,2,2
903,162,2,2
903,163,2,2
903,164,2,2
903,165,2,2
903,166,2,2
903,167,2,2
903,168,2,2
903,169,2,2
903,170,2,2
903,171,2,2
903,172,2,2
903,173,2,2
903,174,2,2
903,175,2,2
903,176,2,2
903,177,2,2
903,178,2,2
903,179,2,2
903,180,2,2
903,181,2,2
903,182,2,2
903,183,2,2
903,184,2,2
903,185,2,2
903,186,2,2
903,187,2,2
903,188,2,2
903,189,2,2
903,190,2,2
903,191,2,2
903,192,2,2
903,193,2,2
903,194,2,2
903,195,2,2
903,196,2,2
903,197,2,2
903,198,2,2
903,199,2,2
903,200,2,2
903,201,2,2
903,202,2,2
903,203,2,2
903,204,2,2
903,205,2,2
903,206,2,2
903,207,2,2
903,208,2,2
903,209,2,2
903,210,2,2
903,211,2,2
903,212,2,2
903,213,2,2
903,214,2,2
903,215,2,2
903,216,2,2
903,217,2,2
903,218,2,2
903,219,2,2
903,220,2,2
903,221,2,2
903,222,2,2
903,223,2,2
903,224,2,2
903,225,2,2
903,226,2,2
903,227,2,2
903,228,2,2
903,229,2,2
903,230,2,2
903,231,2,2
903,232,2,2
903,233,2,2
903,234,2,2
903,235,2,2
903,236,2,2
903,237,2,2
903,238,2,2
903,239,2,2
903,240,2,2
903,241,2,2
903,242,2,2
903,243,2,2
903,244,2,2
903,245,2,2
903,246,2,2
903,247,2,2
903,248,2,2
903,249,2,2
903,250,2,2
903,251,2,2
903,252,2,2
903,253,2,2
903,254,2,2
903,255,2,2
903,256,2,2
903,257,2,2
903,258,2,2
903,259,2,2
903,260,2,2
903,261,2,2
903,262,2,2
903,263,2,2
903,264,2,2
903,265,2,2
903,266,2,2
903,267,2,2
903,268,2,2
903,269,2,2
903,270,2,2
903,271,2,2
903,272,2,2
903,273,2,2
903,274,2,2
903,275,2,2
903,276,2,2
903,277,2,2
903,278,2,2
903,279,2,2
903,280,2,2
903,281,2,2
903,282,2,2
903,283,2,2
903,284,2,2
903,285,2,2
903,286,2,2
903,287,2,2
903,288,2,2
903,289,2,2
903,290,2,2
903,291,2,2
903,292,2,2
903,293,2,2
903,294,2,2
903,295,2,2
903,296,2,2
903,297,2,2
903,298,2,2
903,299,2,2
903,300,2,2
903,301,2,2
903,302,2,2
903,303,2,2
903,304,2,2
903,305,2,2
903,306,2,2
903,307,2,2
903,308,2,2
903,309,2,2
903,310,2,2
903,311,2,2
903,312,2,2
903,313,2,2
903,314,2,2
903,315,2,2
903,316,2,2
903,317,2,2
903,318,2,2
903,319,2,2
903,320,2,2
903,321,2,2
903,322,2,2
903,323,2,2
903,324,2,2
903,325,2,2
903,326,2,2
903,327,2,2
903,328,2,2
903,329,2,2
903,330,2,2
903,331,2,2
903,332,2,2
903,333,2,2
903,334,2,2
903,335,2,2
903,336,2,2
903,337,2,2
903,338,2,2
903,339,2,2
903,340,2,2
903,341,2,2
903,342,2,2
903,343,2,2
903,344,2,2
903,345,2,2
903,346,2,2
903,347,2,2
903,348,2,3
903,349,2,3
903,350,2,3
903,351,2,3
903,352,2,3
903,353,2,3
903,354,2,3
903,355,2,3
903,356,2,3
903,357,2,3
903,358,2,3
903,359,2,3
903,360,2,3
903,361,2,3
903,362,2,3
903,363,2,3
903,364,2,3
903,365,2,3
903,366,2,3
903,367,2,3
903,368,2,3
903,369,2,3
903,370,2,3
903,371,2,3
903,372,2,3
903,373,2,3
903,374,2,3
903,375,2,2
903,376,2,2
903,377,2,2
903,378,2,2
903,379,2,3
903,380,2,3
903,381,2,3
903,382,2,3
903,383,2,3
903,384,2,3
903,385,2,3
903,386,2,3
903,387,2,3
903,388,2,3
903,389,2,3
903,390,2,3
903,391,2,3
903,392,2,3
903,393,2,3
903,394,2,3
903,395,2,3
903,396,2,3
903,397,2,3
903,398,2,3
903,399,2,3
903,400,2,3
903,401,2,3
903,402,2,3
903,403,2,3
903,404,2,3
903,405,2,3
903,406,2,3
903,407,2,3
903,408,2,3
903,409,2,2
903,410,2,2
903,411,2,2
903,412,2,2
903,413,2,2
903,414,2,2
903,415,2,2
903,416,2,2
903,417,2,3
903,418,2,3
903,419,2,3
903,420,2,3
903,421,2,3
903,422,2,3
903,423,2,3
903,424,2,3
903,425,2,3
903,426,2,3
903,427,2,3
903,428,2,3
903,429,2,3
903,430,2,3
903,431,2,3
903,432,2,3
903,433,2,3
903,434,2,3
903,435,2,3
903,436,2,2
903,437,2,2
903,438,2,2
903,439,2,2
903,440,2,2
903,441,2,2
903,442,2,2
903,443,2,2
903,444,2,2
903,445,2,2
903,446,2,2
903,447,2,2
903,448,2,2
903,449,2,2
903,450,2,2
903,451,2,2
903,452,2,3
903,453,2,3
903,454,2,3
903,455,2,3
903,456,2,2
903,457,2,2
903,458,2,2
903,459,2,2
903,460,2,2
903,461,2,2
903,462,2,2
903,463,2,2
903,464,2,2
903,465,2,2
903,466,2,2
903,467,2,2
903,468,2,2
903,469,2,2
903,470,2,2
903,471,2,2
903,472,2,2
903,473,2,2
903,474,2,2
903,475,2,2
903,476,2,2
903,477,2,2
903,478,2,2
903,479,2,2
903,480,2,2
903,481,2,2
903,482,2,2
903,483,2,2
903,484,2,2
903,485,2,2
903,486,2,2
903,487,2,2
903,488,2,2
903,489,2,2
903,490,2,2
903,491,2,2
903,492,2,2
903,493,2,2
903,494,2,2
903,495,2,2
903,496,2,2
903,497,2,2
903,498,2,2
903,499,2,2
903,500,2,2
903,501,2,2
903,502,2,2
903,503,2,2
903,504,2,2
903,505,2,2
903,506,2,2
903,507,2,2
903,508,2,2
903,509,2,2
903,510,2,2
903,511,2,2
903,512,2,2
903,513,2,2
903,514,2,2
903,515,2,2
903,516,2,2
903,517,2,2
903,518,2,2
903,519,2,2
903,520,2,2
903,521,2,2
903,522,2,2
903,523,2,2
903,524,2,2
903,525,2,2
903,526,2,2
903,527,2,2
903,528,2,2
903,529,2,2
903,530,2,2
903,531,2,2
903,532,2,2
903,533,2,2
903,534,2,2
903,535,2,2
904,121,2,2
904,122,2,2
904,123,2,2
904,124,2,2
904,125,2,2
904,126,2,2
904,127,2,2
904,128,2,2
904,129,2,2
904,130,2,2
904,131,2,2
904,132,2,2
904,133,2,2
904,134,2,2
904,135,2,2
904,136,2,2
904,137,2,2
904,138,2,2
904,139,2,2
904,140,2,2
904,141,2,2
904,142,2,2
904,143,2,2
904,144,2,2
904,145,2,2
904,146,2,2
904,147,2,2
904,148,2,2
904,149,2,2
904,150,2,2
904,151,2,2
904,152,2,2
904,153,2,2
904,154,2,2
904,155,2,2
904,156,2,2
904,157,2,2
904,158,2,2
904,159,2,2
904,160,2,2
904,161,2,2
904,162,2,2
904,163,2,2
904,164,2,2
904,165,2,2
904,166,2,2
904,167,2,2
904,168,2,2
904,169,2,2
904,170,2,2
904,171,2,2
904,172,2,2
904,173,2,2
904,174,2,2
904,175,2,2
904,176,2,2
904,177,2,2
904,178,2,2
904,179,2,2
904,180,2,2
904,181,2,2
904,182,2,2
904,183,2,2
904,184,2,2
904,185,2,2
904,186,2,2
904,187,2,2
904,188,2,2
904,189,2,2
904,190,2,2
904,191,2,2
904,192,2,2
904,193,2,2
904,194,2,2
904,195,2,2
904,196,2,2
904,197,2,2
904,198,2,2
904,199,2,2
904,200,2,2
904,201,2,2
904,202,2,2
904,203,2,2
904,204,2,2
904,205,2,2
904,206,2,2
904,207,2,2
904,208,2,2
904,209,2,2
904,210,2,2
904,211,2,2
904,212,2,2
904,213,2,2
904,214,2,2
904,215,2,2
904,216,2,2
904,217,2,2
904,218,2,2
904,219,2,2
904,220,2,2
904,221,2,2
904,222,2,2
904,223,2,2
904,224,2,2
904,225,2,2
904,226,2,2
904,227,2,2
904,228,2,2
904,229,2,2
904,230,2,2
904,231,2,2
904,232,2,2
904,233,2,2
904,234,2,2
904,235,2,2
904,236,2,2
904,237,2,2
904,238,2,2
904,239,2,2
904,240,2,2
904,241,2,2
904,242,2,2
904,243,2,2
904,244,2,2
904,245,2,2
904,246,2,2
904,247,2,2
904,248,2,2
904,249,2,2
904,250,2,2
904,251,2,2
904,252,2,2
904,253,2,2
904,254,2,2
904,255,2,2
904,256,2,2
904,257,2,2
904,258,2,2
904,259,2,2
904,260,2,2
904,261,2,2
904,262,2,2
904,263,2,2
904,264,2,2
904,265,2,2
904,266,2,2
904,267,2,2
904,268,2,2
904,269,2,2
904,270,2,2
904,271,2,2
904,272,2,2
904,273,2,2
904,274,2,2
904,275,2,2
904,276,2,2
904,277,2,2
904,278,2,2
904,279,2,2
904,280,2,2
904,281,2,2
904,282,2,2
904,283,2,2
904,284,2,2
904,285,2,2
904,286,2,2
904,287,2,2
904,288,2,2
904,289,2,2
904,290,2,2
904,291,2,2
904,292,2,2
904,293,2,2
904,294,2,2
904,295,2,2
904,296,2,2
904,297,2,2
904,298,2,2
904,299,2,2
904,300,2,2
904,301,2,2
904,302,2,2
904,303,2,2
904,304,2,2
904,305,2,2
904,306,2,2
904,307,2,2
904,308,2,2
904,309,2,2
904,310,2,2
904,311,2,2
904,312,2,2
904,313,2,2
904,314,2,2
904,315,2,2
904,316,2,2
904,317,2,2
904,318,2,2
904,319,2,2
904,320,2,2
904,321,2,2
904,322,2,2
904,323,2,2
904,324,2,2
904,325,2,2
904,326,2,2
904,327,2,2
904,328,2,2
904,329,2,2
904,330,2,2
904,331,2,2
904,332,2,2
904,333,2,2
904,334,2,2
904,335,2,2
904,336,2,2
904,337,2,2
904,338,2,2
904,339,2,2
904,340,2,2
904,341,2,2
904,342,2,2
904,343,2,2
904,344,2,2
904,345,2,2
904,346,2,2
904,347,2,2
904,348,2,2
904,349,2,3
904,350,2,3
904,351,2,3
904,352,2,3
904,353,2,3
904,354,2,3
904,355,2,3
904,356,2,3
904,357,2,3
904,358,2,3
904,359,2,3
904,360,2,3
904,361,2,3
904,362,2,3
904,363,2,3
904,364,2,3
904,365,2,3
904,366,2,3
904,367,2,3
904,368,2,3
904,369,2,3
904,370,2,3
904,371,2,3
904,372,2,3
904,373,2,3
904,374,2,2
904,375,2,2
904,376,2,2
904,377,2,3
904,378,2,3
904,379,2,3
904,380,2,3
904,381,2,3
904,382,2,3
904,383,2,3
904,384,2,3
904,385,2,3
904,386,2,3
904,387,2,3
904,388,2,3
904,389,2,3
904,390,2,3
904,391,2,3
904,392,2,3
904,393,2,3
904,394,2,3
904,395,2,3
904,396,2,3
904,397,2,3
904,398,2,3
904,399,2,3
904,400,2,3
904,401,2,3
904,402,2,3
904,403,2,3
904,404,2,3
904,405,2,3
904,406,2,3
904,407,2,3
904,408,2,3
904,409,2,3
904,410,2,3
904,411,2,3
904,412,2,3
904,413,2,3
904,414,2,3
904,415,2,3
904,416,2,3
904,417,2,3
904,418,2,3
904,419,2,3
904,420,2,3
904,421,2,3
904,422,2,3
904,423,2,3
904,424,2,3
904,425,2,3
904,426,2,3
904,427,2,3
904,428,2,3
904,429,2,3
904,430,2,3
904,431,2,3
904,432,2,3
904,433,2,3
904,434,2,3
904,435,2,3
904,436,2,2
904,437,2,2
904,438,2,2
904,439,2,2
904,440,2,2
904,441,2,2
904,442,2,2
904,443,2,2
904,444,2,2
904,445,2,2
904,446,2,2
904,447,2,2
904,448,2,2
904,449,2,2
904,450,2,2
904,451,2,3
904,452,2,3
904,453,2,3
904,454,2,3
904,455,2,3
904,456,2,3
904,457,2,2
904,458,2,2
904,459,2,2
904,460,2,2
904,461,2,2
904,462,2,2
904,463,2,2
904,464,2,2
904,465,2,2
904,466,2,2
904,467,2,2
904,468,2,2
904,469,2,2
904,470,2,2
904,471,2,2
904,472,2,2
904,473,2,2
904,474,2,2
904,475,2,2
904,476,2,2
904,477,2,2
904,478,2,2
904,479,2,2
904,480,2,2
904,481,2,2
904,482,2,2
904,483,2,2
904,484,2,2
904,485,2,2
904,486,2,2
904,487,2,2
904,488,2,2
904,489,2,2
904,490,2,2
904,491,2,2
904,492,2,2
904,493,2,2
904,494,2,2
904,495,2,2
904,496,2,2
904,497,2,2
904,498,2,2
904,499,2,2
904,500,2,2
904,501,2,2
904,502,2,2
904,503,2,2
904,504,2,2
904,505,2,2
904,506,2,2
904,507,2,2
904,508,2,2
904,509,2,2
904,510,2,2
904,511,2,2
904,512,2,2
904,513,2,2
904,514,2,2
904,515,2,2
904,516,2,2
904,517,2,2
904,518,2,2
904,519,2,2
904,520,2,2
904,521,2,2
904,522,2,2
904,523,2,2
904,524,2,2
904,525,2,2
904,526,2,2
904,527,2,2
904,528,2,2
904,529,2,2
904,530,2,2
904,531,2,2
904,532,2,2
904,533,2,2
904,534,2,2
905,122,2,2
905,123,2,2
905,124,2,2
905,125,2,2
905,126,2,2
905,127,2,2
905,128,2,2
905,129,2,2
905,130,2,2
905,131,2,2
905,132,2,2
905,133,2,2
905,134,2,2
905,135,2,2
905,136,2,2
905,137,2,2
905,138,2,2
905,139,2,2
905,140,2,2
905,141,2,2
905,142,2,2
905,143,2,2
905,144,2,2
905,145,2,2
905,146,2,2
905,147,2,2
905,148,2,2
905,149,2,2
905,150,2,2
905,151,2,2
905,152,2,2
905,153,2,2
905,154,2,2
905,155,2,2
905,156,2,2
905,157,2,2
905,158,2,2
905,159,2,2
905,160,2,2
905,161,2,2
905,162,2,2
905,163,2,2
905,164,2,2
905,165,2,2
905,166,2,2
905,167,2,2
905,168,2,2
905,169,2,2
905,170,2,2
905,171,2,2
905,172,2,2
905,173,2,2
905,174,2,2
905,175,2,2
905,176,2,2
905,177,2,2
905,178,2,2
905,179,2,2
905,180,2,2
905,181,2,2
905,182,2,2
905,183,2,2
905,184,2,2
905,185,2,2
905,186,2,2
905,187,2,2
905,188,2,2
905,189,2,2
905,190,2,2
905,191,2,2
905,192,2,2
905,193,2,2
905,194,2,2
905,195,2,2
905,196,2,2
905,197,2,2
905,198,2,2
905,199,2,2
905,200,2,2
905,201,2,2
905,202,2,2
905,203,2,2
905,204,2,2
905,205,2,2
905,206,2,2
905,207,2,2
905,208,2,2
905,209,2,2
905,210,2,2
905,211,2,2
905,212,2,2
905,213,2,2
905,214,2,2
905,215,2,2
905,216,2,2
905,217,2,2
905,218,2,2
905,219,2,2
905,220,2,2
905,221,2,2
905,222,2,2
905,223,2,2
905,224,2,2
905,225,2,2
905,226,2,2
905,227,2,2
905,228,2,2
905,229,2,2
905,230,2,2
905,231,2,2
905,232,2,2
905,233,2,2
905,234,2,2
905,235,2,2
905,236,2,2
905,237,2,2
905,238,2,2
905,239,2,2
905,240,2,2
905,241,2,2
905,242,2,2
905,243,2,2
905,244,2,2
905,245,2,2
905,246,2,2
905,247,2,2
905,248,2,2
905,249,2,2
905,250,2,2
905,251,2,2
905,252,2,2
905,253,2,2
905,254,2,2
905,255,2,2
905,256,2,2
905,257,2,2
905,258,2,2
905,259,2,2
905,260,2,2
905,261,2,2
905,262,2,2
905,263,2,2
905,264,2,2
905,265,2,2
905,266,2,2
905,267,2,2
905,268,2,2
905,269,2,2
905,270,2,2
905,271,2,2
905,272,2,2
905,273,2,2
905,274,2,2
905,275,2,2
905,276,2,2
905,277,2,2
905,278,2,2
905,279,2,2
905,280,2,2
905,281,2,2
905,282,2,2
905,283,2,2
905,284,2,2
905,285,2,2
905,286,2,2
905,287,2,2
905,288,2,2
905,289,2,2
905,290,2,2
905,291,2,2
905,292,2,2
905,293,2,2
905,294,2,2
905,295,2,2
905,296,2,2
905,297,2,2
905,298,2,2
905,299,2,2
905,300,2,2
905,301,2,2
905,302,2,2
905,303,2,2
905,304,2,2
905,305,2,2
905,306,2,2
905,307,2,2
905,308,2,2
905,309,2,2
905,310,2,2
905,311,2,2
905,312,2,2
905,313,2,2
905,314,2,2
905,315,2,2
905,316,2,2
905,317,2,2
905,318,2,2
905,319,2,2
905,320,2,2
905,321,2,2
905,322,2,2
905,323,2,2
905,324,2,2
905,325,2,2
905,326,2,2
905,327,2,2
905,328,2,2
905,329,2,2
905,330,2,2
905,331,2,2
905,332,2,2
905,333,2,2
905,334,2,2
905,335,2,2
905,336,2,2
905,337,2,2
905,338,2,2
905,339,2,2
905,340,2,2
905,341,2,2
905,342,2,2
905,343,2,2
905,344,2,2
905,345,2,2
905,346,2,2
905,347,2,2
905,348,2,2
905,349,2,3
905,350,2,3
905,351,2,3
905,352,2,3
905,353,2,3
905,354,2,3
905,355,2,3
905,356,2,3
905,357,2,3
905,358,2,3
905,359,2,3
905,360,2,3
905,361,2,3
905,362,2,3
905,363,2,3
905,364,2,3
905,365,2,3
905,366,2,3
905,367,2,3
905,368,2,3
905,369,2,3
905,370,2,3
905,371,2,3
905,372,2,2
905,373,2,2
905,374,2,2
905,375,2,2
905,376,2,3
905,377,2,3
905,378,2,3
905,379,2,3
905,380,2,3
905,381,2,3
905,382,2,3
905,383,2,3
905,384,2,3
905,385,2,3
905,386,2,3
905,387,2,3
905,388,2,3
905,389,2,3
905,390,2,3
905,391,2,3
905,392,2,3
905,393,2,3
905,394,2,3
905,395,2,3
905,396,2,3
905,397,2,3
905,398,2,3
905,399,2,3
905,400,2,3
905,401,2,3
905,402,2,3
905,403,2,3
905,404,2,3
905,405,2,3
905,406,2,3
905,407,2,3
905,408,2,3
905,409,2,3
905,410,2,3
905,411,2,3
905,412,2,3
905,413,2,3
905,414,2,3
905,415,2,3
905,416,2,3
905,417,2,3
905,418,2,3
905,419,2,3
905,420,2,3
905,421,2,3
905,422,2,3
905,423,2,3
905,424,2,3
905,425,2,3
905,426,2,3
905,427,2,3
905,428,2,3
905,429,2,3
905,430,2,3
905,431,2,3
905,432,2,3
905,433,2,3
905,434,2,3
905,435,2,3
905,436,2,2
905,437,2,2
905,438,2,2
905,439,2,2
905,440,2,2
905,441,2,2
905,442,2,2
905,443,2,2
905,444,2,2
905,445,2,2
905,446,2,2
905,447,2,2
905,448,2,2
905,449,2,2
905,450,2,3
905,451,2,3
905,452,2,3
905,453,2,3
905,454,2,3
905,455,2,3
905,456,2,3
905,457,2,2
905,458,2,2
905,459,2,2
905,460,2,2
905,461,2,2
905,462,2,2
905,463,2,2
905,464,2,2
905,465,2,2
905,466,2,2
905,467,2,2
905,468,2,2
905,469,2,2
905,470,2,2
905,471,2,2
905,472,2,2
905,473,2,2
905,474,2,2
905,475,2,2
905,476,2,2
905,477,2,2
905,478,2,2
905,479,2,2
905,480,2,2
905,481,2,2
905,482,2,2
905,483,2,2
905,484,2,2
905,485,2,2
905,486,2,2
905,487,2,2
905,488,2,2
905,489,2,2
905,490,2,2
905,491,2,2
905,492,2,2
905,493,2,2
905,494,2,2
905,495,2,2
905,496,2,2
905,497,2,2
905,498,2,2
905,499,2,2
905,500,2,2
905,501,2,2
905,502,2,2
905,503,2,2
905,504,2,2
905,505,2,2
905,506,2,2
905,507,2,2
905,508,2,2
905,509,2,2
905,510,2,2
905,511,2,2
905,512,2,2
905,513,2,2
905,514,2,2
905,515,2,2
905,516,2,2
905,517,2,2
905,518,2,2
905,519,2,2
905,520,2,2
905,521,2,2
905,522,2,2
905,523,2,2
905,524,2,2
905,525,2,2
905,526,2,2
905,527,2,2
905,528,2,2
905,529,2,2
905,530,2,2
905,531,2,2
905,532,2,2
905,533,2,2
906,122,2,2
906,123,2,2
906,124,2,2
906,125,2,2
906,126,2,2
906,127,2,2
906,128,2,2
906,129,2,2
906,130,2,2
906,131,2,2
906,132,2,2
906,133,2,2
906,134,2,2
906,135,2,2
906,136,2,2
906,137,2,2
906,138,2,2
906,139,2,2
906,140,2,2
906,141,2,2
906,142,2,2
906,143,2,2
906,144,2,2
906,145,2,2
906,146,2,2
906,147,2,2
906,148,2,2
906,149,2,2
906,150,2,2
906,151,2,2
906,152,2,2
906,153,2,2
906,154,2,2
906,155,2,2
906,156,2,2
906,157,2,2
906,158,2,2
906,159,2,2
906,160,2,2
906,161,2,2
906,162,2,2
906,163,2,2
906,164,2,2
906,165,2,2
906,166,2,2
906,167,2,2
906,168,2,2
906,169,2,2
906,170,2,2
906,171,2,2
906,172,2,2
906,173,2,2
906,174,2,2
906,175,2,2
906,176,2,2
906,177,2,2
906,178,2,2
906,179,2,2
906,180,2,2
906,181,2,2
906,182,2,2
906,183,2,2
906,184,2,2
906,185,2,2
906,186,2,2
906,187,2,2
906,188,2,2
906,189,2,2
906,190,2,2
906,191,2,2
906,192,2,2
906,193,2,2
906,194,2,2
906,195,2,2
906,196,2,2
906,197,2,2
906,198,2,2
906,199,2,2
906,200,2,2
906,201,2,2
906,202,2,2
906,203,2,2
906,204,2,2
906,205,2,2
906,206,2,2
906,207,2,2
906,208,2,2
906,209,2,2
906,210,2,2
906,211,2,2
906,212,2,2
906,213,2,2
906,214,2,2
906,215,2,2
906,216,2,2
906,217,2,2
906,218,2,2
906,219,2,2
906,220,2,2
906,221,2,2
906,222,2,2
906,223,2,2
906,224,2,2
906,225,2,2
906,226,2,2
906,227,2,2
906,228,2,2
906,229,2,2
906,230,2,2
906,231,2,2
906,232,2,2
906,233,2,2
906,234,2,2
906,235,2,2
906,236,2,2
906,237,2,2
906,238,2,2
906,239,2,2
906,240,2,2
906,241,2,2
906,242,2,2
906,243,2,2
906,244,2,2
906,245,2,2
906,246,2,2
906,247,2,2
906,248,2,2
906,249,2,2
906,250,2,2
906,251,2,2
906,252,2,2
906,253,2,2
906,254,2,2
906,255,2,2
906,256,2,2
906,257,2,2
906,258,2,2
906,259,2,2
906,260,2,2
906,261,2,2
906,262,2,2
906,263,2,2
906,264,2,2
906,265,2,2
906,266,2,2
906,267,2,2
906,268,2,2
906,269,2,2
906,270,2,2
906,271,2,2
906,272,2,2
906,273,2,2
906,274,2,2
906,275,2,2
906,276,2,2
906,277,2,2
906,278,2,2
906,279,2,2
906,280,2,2
906,281,2,2
906,282,2,2
906,283,2,2
906,284,2,2
906,285,2,2
906,286,2,2
906,287,2,2
906,288,2,2
906,289,2,2
906,290,2,2
906,291,2,2
906,292,2,2
906,293,2,2
906,294,2,2
906,295,2,2
906,296,2,2
906,297,2,2
906,298,2,2
906,299,2,2
906,300,2,2
906,301,2,2
906,302,2,2
906,303,2,2
906,304,2,2
906,305,2,2
906,306,2,2
906,307,2,2
906,308,2,2
906,309,2,2
906,310,2,2
906,311,2,2
906,312,2,2
906,313,2,2
906,314,2,2
906,315,2,2
906,316,2,2
906,317,2,2
906,318,2,2
906,319,2,2
906,320,2,2
906,321,2,2
906,322,2,2
906,323,2,2
906,324,2,2
906,325,2,2
906,326,2,2
906,327,2,2
906,328,2,2
906,329,2,2
906,330,2,2
906,331,2,2
906,332,2,2
906,333,2,2
906,334,2,2
906,335,2,2
906,336,2,2
906,337,2,2
906,338,2,2
906,339,2,2
906,340,2,2
906,341,2,2
906,342,2,2
906,343,2,2
906,344,2,2
906,345,2,2
906,346,2,2
906,347,2,2
906,348,2,2
906,349,2,2
906,350,2,3
906,351,2,3
906,352,2,3
906,353,2,3
906,354,2,3
906,355,2,3
906,356,2,3
906,357,2,3
906,358,2,3
906,359,2,3
906,360,2,3
906,361,2,3
906,362,2,3
906,363,2,3
906,364,2,3
906,365,2,3
906,366,2,3
906,367,2,3
906,368,2,3
906,369,2,3
906,370,2,2
906,371,2,2
906,372,2,2
906,373,2,2
906,374,2,3
906,375,2,3
906,376,2,3
906,377,2,3
906,378,2,3
906,379,2,3
906,380,2,3
906,381,2,3
906,382,2,3
906,383,2,3
906,384,2,3
906,385,2,3
906,386,2,3
906,387,2,3
906,388,2,3
906,389,2,3
906,390,2,3
906,391,2,3
906,392,2,3
906,393,2,3
906,394,2,3
906,395,2,3
906,396,2,3
906,397,2,3
906,398,2,3
906,399,2,3
906,400,2,3
906,401,2,3
906,402,2,3
906,403,2,3
906,404,2,3
906,405,2,3
906,406,2,3
906,407,2,3
906,408,2,3
906,409,2,3
906,410,2,3
906,411,2,3
906,412,2,3
906,413,2,3
906,414,2,3
906,415,2,3
906,416,2,3
906,417,2,3
906,418,2,3
906,419,2,3
906,420,2,3
906,421,2,3
906,422,2,3
906,423,2,3
906,424,2,3
906,425,2,3
906,426,2,3
906,427,2,3
906,428,2,3
906,429,2,3
906,430,2,3
906,431,2,3
906,432,2,3
906,433,2,3
906,434,2,3
906,435,2,3
906,436,2,2
906,437,2,2
906,438,2,2
906,439,2,2
906,440,2,2
906,441,2,2
906,442,2,2
906,443,2,2
906,444,2,2
906,445,2,2
906,446,2,2
906,447,2,2
906,448,2,2
906,449,2,3
906,450,2,3
906,451,2,3
906,452,2,3
906,453,2,3
906,454,2,3
906,455,2,3
906,456,2,3
906,457,2,2
906,458,2,2
906,459,2,2
906,460,2,2
906,461,2,2
906,462,2,2
906,463,2,2
906,464,2,2
906,465,2,2
906,466,2,2
906,467,2,2
906,468,2,2
906,469,2,2
906,470,2,2
906,471,2,2
906,472,2,2
906,473,2,2
906,474,2,2
906,475,2,2
906,476,2,2
906,477,2,2
906,478,2,2
906,479,2,2
906,480,2,2
906,481,2,2
906,482,2,2
906,483,2,2
906,484,2,2
906,485,2,2
906,486,2,2
906,487,2,2
906,488,2,2
906,489,2,2
906,490,2,2
906,491,2,2
906,492,2,2
906,493,2,2
906,494,2,2
906,495,2,2
906,496,2,2
906,497,2,2
906,498,2,2
906,499,2,2
906,500,2,2
906,501,2,2
906,502,2,2
906,503,2,2
906,504,2,2
906,505,2,2
906,506,2,2
906,507,2,2
906,508,2,2
906,509,2,2
906,510,2,2
906,511,2,2
906,512,2,2
906,513,2,2
906,514,2,2
906,515,2,2
906,516,2,2
906,517,2,2
906,518,2,2
906,519,2,2
906,520,2,2
906,521,2,2
906,522,2,2
906,523,2,2
906,524,2,2
906,525,2,2
906,526,2,2
906,527,2,2
906,528,2,2
906,529,2,2
906,530,2,2
907,123,2,2
907,124,2,2
907,125,2,2
907,126,2,2
907,127,2,2
907,128,2,2
907,129,2,2
907,130,2,2
907,131,2,2
907,132,2,2
907,133,2,2
907,134,2,2
907,135,2,2
907,136,2,2
907,137,2,2
907,138,2,2
907,139,2,2
907,140,2,2
907,141,2,2
907,142,2,2
907,143,2,2
907,144,2,2
907,145,2,2
907,146,2,2
907,147,2,2
907,148,2,2
907,149,2,2
907,150,2,2
907,151,2,2
907,152,2,2
907,153,2,2
907,154,2,2
907,155,2,2
907,156,2,2
907,157,2,2
907,158,2,2
907,159,2,2
907,160,2,2
907,161,2,2
907,162,2,2
907,163,2,2
907,164,2,2
907,165,2,2
907,166,2,2
907,167,2,2
907,168,2,2
907,169,2,2
907,170,2,2
907,171,2,2
907,172,2,2
907,173,2,2
907,174,2,2
907,175,2,2
907,176,2,2
907,177,2,2
907,178,2,2
907,179,2,2
907,180,2,2
907,181,2,2
907,182,2,2
907,183,2,2
907,184,2,2
907,185,2,2
907,186,2,2
907,187,2,2
907,188,2,2
907,189,2,2
907,190,2,2
907,191,2,2
907,192,2,2
907,193,2,2
907,194,2,2
907,195,2,2
907,196,2,2
907,197,2,2
907,198,2,2
907,199,2,2
907,200,2,2
907,201,2,2
907,202,2,2
907,203,2,2
907,204,2,2
907,205,2,2
907,206,2,2
907,207,2,2
907,208,2,2
907,209,2,2
907,210,2,2
907,211,2,2
907,212,2,2
907,213,2,2
907,214,2,2
907,215,2,2
907,216,2,2
907,217,2,2
907,218,2,2
907,219,2,2
907,220,2,2
907,221,2,2
907,222,2,2
907,223,2,2
907,224,2,2
907,225,2,2
907,226,2,2
907,227,2,2
907,228,2,2
907,229,2,2
907,230,2,2
907,231,2,2
907,232,2,2
907,233,2,2
907,234,2,2
907,235,2,2
907,236,2,2
907,237,2,2
907,238,2,2
907,239,2,2
907,240,2,2
907,241,2,2
907,242,2,2
907,243,2,2
907,244,2,2
907,245,2,2
907,246,2,2
907,247,2,2
907,248,2,2
907,249,2,2
907,250,2,2
907,251,2,2
907,252,2,2
907,253,2,2
907,254,2,2
907,255,2,2
907,256,2,2
907,257,2,2
907,258,2,2
907,259,2,2
907,260,2,2
907,261,2,2
907,262,2,2
907,263,2,2
907,264,2,2
907,265,2,2
907,266,2,2
907,267,2,2
907,268,2,2
907,269,2,2
907,270,2,2
907,271,2,2
907,272,2,2
907,273,2,2
907,274,2,2
907,275,2,2
907,276,2,2
907,277,2,2
907,278,2,2
907,279,2,2
907,280,2,2
907,281,2,2
907,282,2,2
907,283,2,2
907,284,2,2
907,285,2,2
907,286,2,2
907,287,2,2
907,288,2,2
907,289,2,2
907,290,2,2
907,291,2,2
907,292,2,2
907,293,2,2
907,294,2,2
907,295,2,2
907,296,2,2
907,297,2,2
907,298,2,2
907,299,2,2
907,300,2,2
907,301,2,2
907,302,2,2
907,303,2,2
907,304,2,2
907,305,2,2
907,306,2,2
907,307,2,2
907,308,2,2
907,309,2,2
907,310,2,2
907,311,2,2
907,312,2,2
907,313,2,2
907,314,2,2
907,315,2,2
907,316,2,2
907,317,2,2
907,318,2,2
907,319,2,2
907,320,2,2
907,321,2,2
907,322,2,2
907,323,2,2
907,324,2,2
907,325,2,2
907,326,2,2
907,327,2,2
907,328,2,2
907,329,2,2
907,330,2,2
907,331,2,2
907,332,2,2
907,333,2,2
907,334,2,2
907,335,2,2
907,336,2,2
907,337,2,2
907,338,2,2
907,339,2,2
907,340,2,2
907,341,2,2
907,342,2,2
907,343,2,2
907,344,2,2
907,345,2,2
907,346,2,2
907,347,2,2
907,348,2,2
907,349,2,2
907,350,2,2
907,351,2,2
907,352,2,3
907,353,2,3
907,354,2,3
907,355,2,3
907,356,2,3
907,357,2,3
907,358,2,3
907,359,2,3
907,360,2,3
907,361,2,3
907,362,2,3
907,363,2,3
907,364,2,3
907,365,2,3
907,366,2,3
907,367,2,3
907,368,2,3
907,369,2,2
907,370,2,2
907,371,2,2
907,372,2,2
907,373,2,3
907,374,2,3
907,375,2,3
907,376,2,3
907,377,2,3
907,378,2,3
907,379,2,3
907,380,2,3
907,381,2,3
907,382,2,3
907,383,2,3
907,384,2,3
907,385,2,3
907,386,2,3
907,387,2,3
907,388,2,3
907,389,2,3
907,390,2,3
907,391,2,3
907,392,2,3
907,393,2,3
907,394,2,3
907,395,2,3
907,396,2,3
907,397,2,3
907,398,2,3
907,399,2,3
907,400,2,3
907,401,2,3
907,402,2,3
907,403,2,3
907,404,2,3
907,405,2,3
907,406,2,3
907,407,2,3
907,408,2,3
907,409,2,3
907,410,2,3
907,411,2,3
907,412,2,3
907,413,2,3
907,414,2,3
907,415,2,3
907,416,2,3
907,417,2,3
907,418,2,3
907,419,2,3
907,420,2,3
907,421,2,3
907,422,2,3
907,423,2,3
907,424,2,3
907,425,2,3
907,426,2,3
907,427,2,3
907,428,2,3
907,429,2,3
907,430,2,3
907,431,2,3
907,432,2,3
907,433,2,3
907,434,2,3
907,435,2,3
907,436,2,2
907,437,2,2
907,438,2,2
907,439,2,2
907,440,2,2
907,441,2,2
907,442,2,2
907,443,2,2
907,444,2,2
907,445,2,2
907,446,2,2
907,447,2,2
907,448,2,2
907,449,2,3
907,450,2,3
907,451,2,3
907,452,2,3
907,453,2,3
907,454,2,3
907,455,2,3
907,456,2,2
907,457,2,2
907,458,2,2
907,459,2,2
907,460,2,2
907,461,2,2
907,462,2,2
907,463,2,2
907,464,2,2
907,465,2,2
907,466,2,2
907,467,2,2
907,468,2,2
907,469,2,2
907,470,2,2
907,471,2,2
907,472,2,2
907,473,2,2
907,474,2,2
907,475,2,2
907,476,2,2
907,477,2,2
907,478,2,2
907,479,2,2
907,480,2,2
907,481,2,2
907,482,2,2
907,483,2,2
907,484,2,2
907,485,2,2
907,486,2,2
907,487,2,2
907,488,2,2
907,489,2,2
907,490,2,2
907,491,2,2
907,492,2,2
907,493,2,2
907,494,2,2
907,495,2,2
907,496,2,2
907,497,2,2
907,498,2,2
907,499,2,2
907,500,2,2
907,501,2,2
907,502,2,2
907,503,2,2
907,504,2,2
907,505,2,2
907,506,2,2
907,507,2,2
907,508,2,2
907,509,2,2
907,510,2,2
907,511,2,2
907,512,2,2
907,513,2,2
907,514,2,2
907,515,2,2
907,516,2,2
907,517,2,2
907,518,2,2
907,519,2,2
907,520,2,2
907,521,2,2
907,522,2,2
907,523,2,2
907,524,2,2
907,525,2,2
907,526,2,2
907,527,2,2
907,528,2,2
908,124,2,2
908,125,2,2
908,126,2,2
908,127,2,2
908,128,2,2
908,129,2,2
908,130,2,2
908,131,2,2
908,132,2,2
908,133,2,2
908,134,2,2
908,135,2,2
908,136,2,2
908,137,2,2
908,138,2,2
908,139,2,2
908,140,2,2
908,141,2,2
908,142,2,2
908,143,2,2
908,144,2,2
908,145,2,2
908,146,2,2
908,147,2,2
908,148,2,2
908,149,2,2
908,150,2,2
908,151,2,2
908,152,2,2
908,153,2,2
908,154,2,2
908,155,2,2
908,156,2,2
908,157,2,2
908,158,2,2
908,159,2,2
908,160,2,2
908,161,2,2
908,162,2,2
908,163,2,2
908,164,2,2
908,165,2,2
908,166,2,2
908,167,2,2
908,168,2,2
908,169,2,2
908,170,2,2
908,171,2,2
908,172,2,2
908,173,2,2
908,174,2,2
908,175,2,2
908,176,2,2
908,177,2,2
908,178,2,2
908,179,2,2
908,180,2,2
908,181,2,2
908,182,2,2
908,183,2,2
908,184,2,2
908,185,2,2
908,186,2,2
908,187,2,2
908,188,2,2
908,189,2,2
908,190,2,2
908,191,2,2
908,192,2,2
908,193,2,2
908,194,2,2
908,195,2,2
908,196,2,2
908,197,2,2
908,198,2,2
908,199,2,2
908,200,2,2
908,201,2,2
908,202,2,2
908,203,2,2
908,204,2,2
908,205,2,2
908,206,2,2
908,207,2,2
908,208,2,2
908,209,2,2
908,210,2,2
908,211,2,2
908,212,2,2
908,213,2,2
908,214,2,2
908,215,2,2
908,216,2,2
908,217,2,2
908,218,2,2
908,219,2,2
908,220,2,2
908,221,2,2
908,222,2,2
908,223,2,2
908,224,2,2
908,225,2,2
908,226,2,2
908,227,2,2
908,228,2,2
908,229,2,2
908,230,2,2
908,231,2,2
908,232,2,2
908,233,2,2
908,234,2,2
908,235,2,2
908,236,2,2
908,237,2,2
908,238,2,2
908,239,2,2
908,240,2,2
908,241,2,2
908,242,2,2
908,243,2,2
908,244,2,2
908,245,2,2
908,246,2,2
908,247,2,2
908,248,2,2
908,249,2,2
908,250,2,2
908,251,2,2
908,252,2,2
908,253,2,2
908,254,2,2
908,255,2,2
908,256,2,2
908,257,2,2
908,258,2,2
908,259,2,2
908,260,2,2
908,261,2,2
908,262,2,2
908,263,2,2
908,264,2,2
908,265,2,2
908,266,2,2
908,267,2,2
908,268,2,2
908,269,2,2
908,270,2,2
908,271,2,2
908,272,2,2
908,273,2,2
908,274,2,2
908,275,2,2
908,276,2,2
908,277,2,2
908,278,2,2
908,279,2,2
908,280,2,2
908,281,2,2
908,282,2,2
908,283,2,2
908,284,2,2
908,285,2,2
908,286,2,2
908,287,2,2
908,288,2,2
908,289,2,2
908,290,2,2
908,291,2,2
908,292,2,2
908,293,2,2
908,294,2,2
908,295,2,2
908,296,2,2
908,297,2,2
908,298,2,2
908,299,2,2
908,300,2,2
908,301,2,2
908,302,2,2
908,303,2,2
908,304,2,2
908,305,2,2
908,306,2,2
908,307,2,2
908,308,2,2
908,309,2,2
908,310,2,2
908,311,2,2
908,312,2,2
908,313,2,2
908,314,2,2
908,315,2,2
908,316,2,2
908,317,2,2
908,318,2,2
908,319,2,2
908,320,2,2
908,321,2,2
908,322,2,2
908,323,2,2
908,324,2,2
908,325,2,2
908,326,2,2
908,327,2,2
908,328,2,2
908,329,2,2
908,330,2,2
908,331,2,2
908,332,2,2
908,333,2,2
908,334,2,2
908,335,2,2
908,336,2,2
908,337,2,2
908,338,2,2
908,339,2,2
908,340,2,2
908,341,2,2
908,342,2,2
908,343,2,2
908,344,2,2
908,345,2,2
908,346,2,2
908,347,2,2
908,348,2,2
908,349,2,2
908,350,2,2
908,351,2,2
908,352,2,2
908,353,2,2
908,354,2,3
908,355,2,3
908,356,2,3
908,357,2,3
908,358,2,3
908,359,2,3
908,360,2,3
908,361,2,3
908,362,2,3
908,363,2,3
908,364,2,3
908,365,2,3
908,366,2,3
908,367,2,3
908,368,2,2
908,369,2,2
908,370,2,2
908,371,2,2
908,372,2,3
908,373,2,3
908,374,2,3
908,375,2,3
908,376,2,3
908,377,2,3
908,378,2,3
908,379,2,3
908,380,2,3
908,381,2,3
908,382,2,3
908,383,2,3
908,384,2,3
908,385,2,3
908,386,2,3
908,387,2,3
908,388,2,3
908,389,2,3
908,390,2,3
908,391,2,3
908,392,2,3
908,393,2,3
908,394,2,3
908,395,2,3
908,396,2,3
908,397,2,3
908,398,2,3
908,399,2,3
908,400,2,3
908,401,2,3
908,402,2,3
908,403,2,3
908,404,2,3
908,405,2,3
908,406,2,3
908,407,2,3
908,408,2,3
908,409,2,3
908,410,2,3
908,411,2,3
908,412,2,3
908,413,2,3
908,414,2,3
908,415,2,3
908,416,2,3
908,417,2,3
908,418,2,3
908,419,2,3
908,420,2,3
908,421,2,3
908,422,2,3
908,423,2,3
908,424,2,3
908,425,2,3
908,426,2,3
908,427,2,3
908,428,2,3
908,429,2,3
908,430,2,3
908,431,2,3
908,432,2,3
908,433,2,3
908,434,2,3
908,435,2,3
908,436,2,2
908,437,2,2
908,438,2,2
908,439,2,2
908,440,2,2
908,441,2,2
908,442,2,2
908,443,2,2
908,444,2,2
908,445,2,2
908,446,2,2
908,447,2,3
908,448,2,3
908,449,2,3
908,450,2,3
908,451,2,3
908,452,2,3
908,453,2,3
908,454,2,3
908,455,2,3
908,456,2,2
908,457,2,2
908,458,2,2
908,459,2,2
908,460,2,2
908,461,2,2
908,462,2,2
908,463,2,2
908,464,2,2
908,465,2,2
908,466,2,2
908,467,2,2
908,468,2,2
908,469,2,2
908,470,2,2
908,471,2,2
908,472,2,2
908,473,2,2
908,474,2,2
908,475,2,2
908,476,2,2
908,477,2,2
908,478,2,2
908,479,2,2
908,480,2,2
908,481,2,2
908,482,2,2
908,483,2,2
908,484,2,2
908,485,2,2
908,486,2,2
908,487,2,2
908,488,2,2
908,489,2,2
908,490,2,2
908,491,2,2
908,492,2,2
908,493,2,2
908,494,2,2
908,495,2,2
908,496,2,2
908,497,2,2
908,498,2,2
908,499,2,2
908,500,2,2
908,501,2,2
908,502,2,2
908,503,2,2
908,504,2,2
908,505,2,2
908,506,2,2
908,507,2,2
908,508,2,2
908,509,2,2
908,510,2,2
908,511,2,2
908,512,2,2
908,513,2,2
908,514,2,2
908,515,2,2
908,516,2,2
908,517,2,2
908,518,2,2
908,519,2,2
908,520,2,2
908,521,2,2
908,522,2,2
908,523,2,2
908,524,2,2
908,525,2,2
908,526,2,2
909,125,2,2
909,126,2,2
909,127,2,2
909,128,2,2
909,129,2,2
909,130,2,2
909,131,2,2
909,132,2,2
909,133,2,2
909,134,2,2
909,135,2,2
909,136,2,2
909,137,2,2
909,138,2,2
909,139,2,2
909,140,2,2
909,141,2,2
909,142,2,2
909,143,2,2
909,144,2,2
909,145,2,2
909,146,2,2
909,147,2,2
909,148,2,2
909,149,2,2
909,150,2,2
909,151,2,2
909,152,2,2
909,153,2,2
909,154,2,2
909,155,2,2
909,156,2,2
909,157,2,2
909,158,2,2
909,159,2,2
909,160,2,2
909,161,2,2
909,162,2,2
909,163,2,2
909,164,2,2
909,165,2,2
909,166,2,2
909,167,2,2
909,168,2,2
909,169,2,2
909,170,2,2
909,171,2,2
909,172,2,2
909,173,2,2
909,174,2,2
909,175,2,2
909,176,2,2
909,177,2,2
909,178,2,2
909,179,2,2
909,180,2,2
909,181,2,2
909,182,2,2
909,183,2,2
909,184,2,2
909,185,2,2
909,186,2,2
909,187,2,2
909,188,2,2
909,189,2,2
909,190,2,2
909,191,2,2
909,192,2,2
909,193,2,2
909,194,2,2
909,195,2,2
909,196,2,2
909,197,2,2
909,198,2,2
909,199,2,2
909,200,2,2
909,201,2,2
909,202,2,2
909,203,2,2
909,204,2,2
909,205,2,2
909,206,2,2
909,207,2,2
909,208,2,2
909,209,2,2
909,210,2,2
909,211,2,2
909,212,2,2
909,213,2,2
909,214,2,2
909,215,2,2
909,216,2,2
909,217,2,2
909,218,2,2
909,219,2,2
909,220,2,2
909,221,2,2
909,222,2,2
909,223,2,2
909,224,2,2
909,225,2,2
909,226,2,2
909,227,2,2
909,228,2,2
909,229,2,2
909,230,2,2
909,231,2,2
909,232,2,2
909,233,2,2
909,234,2,2
909,235,2,2
909,236,2,2
909,237,2,2
909,238,2,2
909,239,2,2
909,240,2,2
909,241,2,2
909,242,2,2
909,243,2,2
909,244,2,2
909,245,2,2
909,246,2,2
909,247,2,2
909,248,2,2
909,249,2,2
909,250,2,2
909,251,2,2
909,252,2,2
909,253,2,2
909,254,2,2
909,255,2,2
909,256,2,2
909,257,2,2
909,258,2,2
909,259,2,2
909,260,2,2
909,261,2,2
909,262,2,2
909,263,2,2
909,264,2,2
909,265,2,2
909,266,2,2
909,267,2,2
909,268,2,2
909,269,2,2
909,270,2,2
909,271,2,2
909,272,2,2
909,273,2,2
909,274,2,2
909,275,2,2
909,276,2,2
909,277,2,2
909,278,2,2
909,279,2,2
909,280,2,2
909,281,2,2
909,282,2,2
909,283,2,2
909,284,2,2
909,285,2,2
909,286,2,2
909,287,2,2
909,288,2,2
909,289,2,2
909,290,2,2
909,291,2,2
909,292,2,2
909,293,2,2
909,294,2,2
909,295,2,2
909,296,2,2
909,297,2,2
909,298,2,2
909,299,2,2
909,300,2,2
909,301,2,2
909,302,2,2
909,303,2,2
909,304,2,2
909,305,2,2
909,306,2,2
909,307,2,2
909,308,2,2
909,309,2,2
909,310,2,2
909,311,2,2
909,312,2,2
909,313,2,2
909,314,2,2
909,315,2,2
909,316,2,2
909,317,2,2
909,318,2,2
909,319,2,2
909,320,2,2
909,321,2,2
909,322,2,2
909,323,2,2
909,324,2,2
909,325,2,2
909,326,2,2
909,327,2,2
909,328,2,2
909,329,2,2
909,330,2,2
909,331,2,2
909,332,2,2
909,333,2,2
909,334,2,2
909,335,2,2
909,336,2,2
909,337,2,2
909,338,2,2
909,339,2,2
909,340,2,2
909,341,2,2
909,342,2,2
909,343,2,2
909,344,2,2
909,345,2,2
909,346,2,2
909,347,2,2
909,348,2,2
909,349,2,2
909,350,2,2
909,351,2,2
909,352,2,2
909,353,2,2
909,354,2,2
909,355,2,2
909,356,2,2
909,357,2,2
909,358,2,2
909,359,2,2
909,360,2,3
909,361,2,3
909,362,2,2
909,363,2,2
909,364,2,3
909,365,2,2
909,366,2,2
909,367,2,2
909,368,2,2
909,369,2,2
909,370,2,2
909,371,2,3
909,372,2,3
909,373,2,3
909,374,2,3
909,375,2,3
909,376,2,3
909,377,2,3
909,378,2,3
909,379,2,3
909,380,2,3
909,381,2,3
909,382,2,3
909,383,2,3
909,384,2,3
909,385,2,3
909,386,2,3
909,387,2,3
909,388,2,3
909,389,2,3
909,390,2,3
909,391,2,3
909,392,2,3
909,393,2,3
909,394,2,3
909,395,2,3
909,396,2,3
909,397,2,3
909,398,2,3
909,399,2,3
909,400,2,3
909,401,2,3
909,402,2,3
909,403,2,3
909,404,2,3
909,405,2,3
909,406,2,3
909,407,2,3
909,408,2,3
909,409,2,3
909,410,2,3
909,411,2,3
909,412,2,3
909,413,2,3
909,414,2,3
909,415,2,3
909,416,2,3
909,417,2,3
909,418,2,3
909,419,2,3
909,420,2,3
909,421,2,3
909,422,2,3
909,423,2,3
909,424,2,3
909,425,2,3
909,426,2,3
909,427,2,3
909,428,2,3
909,429,2,3
909,430,2,3
909,431,2,3
909,432,2,3
909,433,2,3
909,434,2,3
909,435,2,3
909,436,2,3
909,437,2,2
909,438,2,2
909,439,2,2
909,440,2,2
909,441,2,2
909,442,2,2
909,443,2,2
909,444,2,2
909,445,2,2
909,446,2,3
909,447,2,3
909,448,2,2
909,449,2,3
909,450,2,3
909,451,2,3
909,452,2,3
909,453,2,3
909,454,2,3
909,455,2,2
909,456,2,2
909,457,2,2
909,458,2,2
909,459,2,2
909,460,2,2
909,461,2,2
909,462,2,2
909,463,2,2
909,464,2,2
909,465,2,2
909,466,2,2
909,467,2,2
909,468,2,2
909,469,2,2
909,470,2,2
909,471,2,2
909,472,2,2
909,473,2,2
909,474,2,2
909,475,2,2
909,476,2,2
909,477,2,2
909,478,2,2
909,479,2,2
909,480,2,2
909,481,2,2
909,482,2,2
909,483,2,2
909,484,2,2
909,485,2,2
909,486,2,2
909,487,2,2
909,488,2,2
909,489,2,2
909,490,2,2
909,491,2,2
909,492,2,2
909,493,2,2
909,494,2,2
909,495,2,2
909,496,2,2
909,497,2,2
909,498,2,2
909,499,2,2
909,500,2,2
909,501,2,2
909,502,2,2
909,503,2,2
909,504,2,2
909,505,2,2
909,506,2,2
909,507,2,2
909,508,2,2
909,509,2,2
909,510,2,2
909,511,2,2
909,512,2,2
909,513,2,2
909,514,2,2
909,515,2,2
909,516,2,2
909,517,2,2
909,518,2,2
909,519,2,2
909,520,2,2
909,521,2,2
909,522,2,2
909,523,2,2
909,524,2,2
909,525,2,2
909,526,2,2
909,527,2,2
910,126,2,2
910,127,2,2
910,128,2,2
910,129,2,2
910,130,2,2
910,131,2,2
910,132,2,2
910,133,2,2
910,134,2,2
910,135,2,2
910,136,2,2
910,137,2,2
910,138,2,2
910,139,2,2
910,140,2,2
910,141,2,2
910,142,2,2
910,143,2,2
910,144,2,2
910,145,2,2
910,146,2,2
910,147,2,2
910,148,2,2
910,149,2,2
910,150,2,2
910,151,2,2
910,152,2,2
910,153,2,2
910,154,2,2
910,155,2,2
910,156,2,2
910,157,2,2
910,158,2,2
910,159,2,2
910,160,2,2
910,161,2,2
910,162,2,2
910,163,2,2
910,164,2,2
910,165,2,2
910,166,2,2
910,167,2,2
910,168,2,2
910,169,2,2
910,170,2,2
910,171,2,2
910,172,2,2
910,173,2,2
910,174,2,2
910,175,2,2
910,176,2,2
910,177,2,2
910,178,2,2
910,179,2,2
910,180,2,2
910,181,2,2
910,182,2,2
910,183,2,2
910,184,2,2
910,185,2,2
910,186,2,2
910,187,2,2
910,188,2,2
910,189,2,2
910,190,2,2
910,191,2,2
910,192,2,2
910,193,2,2
910,194,2,2
910,195,2,2
910,196,2,2
910,197,2,2
910,198,2,2
910,199,2,2
910,200,2,2
910,201,2,2
910,202,2,2
910,203,2,2
910,204,2,2
910,205,2,2
910,206,2,2
910,207,2,2
910,208,2,2
910,209,2,2
910,210,2,2
910,211,2,2
910,212,2,2
910,213,2,2
910,214,2,2
910,215,2,2
910,216,2,2
910,217,2,2
910,218,2,2
910,219,2,2
910,220,2,2
910,221,2,2
910,222,2,2
910,223,2,2
910,224,2,2
910,225,2,2
910,226,2,2
910,227,2,2
910,228,2,2
910,229,2,2
910,230,2,2
910,231,2,2
910,232,2,2
910,233,2,2
910,234,2,2
910,235,2,2
910,236,2,2
910,237,2,2
910,238,2,2
910,239,2,2
910,240,2,2
910,241,2,2
910,242,2,2
910,243,2,2
910,244,2,2
910,245,2,2
910,246,2,2
910,247,2,2
910,248,2,2
910,249,2,2
910,250,2,2
910,251,2,2
910,252,2,2
910,253,2,2
910,254,2,2
910,255,2,2
910,256,2,2
910,257,2,2
910,258,2,2
910,259,2,2
910,260,2,2
910,261,2,2
910,262,2,2
910,263,2,2
910,264,2,2
910,265,2,2
910,266,2,2
910,267,2,2
910,268,2,2
910,269,2,2
910,270,2,2
910,271,2,2
910,272,2,2
910,273,2,2
910,274,2,2
910,275,2,2
910,276,2,2
910,277,2,2
910,278,2,2
910,279,2,2
910,280,2,2
910,281,2,2
910,282,2,2
910,283,2,2
910,284,2,2
910,285,2,2
910,286,2,2
910,287,2,2
910,288,2,2
910,289,2,2
910,290,2,2
910,291,2,2
910,292,2,2
910,293,2,2
910,294,2,2
910,295,2,2
910,296,2,2
910,297,2,2
910,298,2,2
910,299,2,2
910,300,2,2
910,301,2,2
910,302,2,2
910,303,2,2
910,304,2,2
910,305,2,2
910,306,2,2
910,307,2,2
910,308,2,2
910,309,2,2
910,310,2,2
910,311,2,2
910,312,2,2
910,313,2,2
910,314,2,2
910,315,2,2
910,316,2,2
910,317,2,2
910,318,2,2
910,319,2,2
910,320,2,2
910,321,2,2
910,322,2,2
910,323,2,2
910,324,2,2
910,325,2,2
910,326,2,2
910,327,2,2
910,328,2,2
910,329,2,2
910,330,2,2
910,331,2,2
910,332,2,2
910,333,2,2
910,334,2,2
910,335,2,2
910,336,2,2
910,337,2,2
910,338,2,2
910,339,2,2
910,340,2,2
910,341,2,2
910,342,2,2
910,343,2,2
910,344,2,2
910,345,2,2
910,346,2,2
910,347,2,2
910,348,2,2
910,349,2,2
910,350,2,2
910,351,2,2
910,352,2,2
910,353,2,2
910,354,2,2
910,355,2,2
910,356,2,2
910,357,2,2
910,358,2,2
910,359,2,2
910,360,2,2
910,361,2,2
910,362,2,2
910,363,2,2
910,364,2,2
910,365,2,2
910,366,2,2
910,367,2,2
910,368,2,2
910,369,2,2
910,370,2,3
910,371,2,3
910,372,2,3
910,373,2,3
910,374,2,3
910,375,2,3
910,376,2,3
910,377,2,3
910,378,2,3
910,379,2,3
910,380,2,3
910,381,2,3
910,382,2,3
910,383,2,3
910,384,2,3
910,385,2,3
910,386,2,3
910,387,2,3
910,388,2,3
910,389,2,3
910,390,2,3
910,391,2,3
910,392,2,3
910,393,2,3
910,394,2,3
910,395,2,3
910,396,2,3
910,397,2,3
910,398,2,3
910,399,2,3
910,400,2,3
910,401,2,3
910,402,2,3
910,403,2,3
910,404,2,3
910,405,2,3
910,406,2,3
910,407,2,3
910,408,2,3
910,409,2,3
910,410,2,3
910,411,2,3
910,412,2,3
910,413,2,3
910,414,2,3
910,415,2,3
910,416,2,3
910,417,2,3
910,418,2,3
910,419,2,3
910,420,2,3
910,421,2,3
910,422,2,3
910,423,2,3
910,424,2,3
910,425,2,3
910,426,2,3
910,427,2,3
910,428,2,3
910,429,2,3
910,430,2,3
910,431,2,3
910,432,2,3
910,433,2,3
910,434,2,3
910,435,2,3
910,436,2,3
910,437,2,2
910,438,2,2
910,439,2,2
910,440,2,2
910,441,2,2
910,442,2,2
910,443,2,2
910,444,2,2
910,445,2,2
910,446,2,3
910,447,2,3
910,448,2,2
910,449,2,3
910,450,2,3
910,451,2,3
910,452,2,3
910,453,2,3
910,454,2,3
910,455,2,2
910,456,2,2
910,457,2,2
910,458,2,2
910,459,2,2
910,460,2,2
910,461,2,2
910,462,2,2
910,463,2,2
910,464,2,2
910,465,2,2
910,466,2,2
910,467,2,2
910,468,2,2
910,469,2,2
910,470,2,2
910,471,2,2
910,472,2,2
910,473,2,2
910,474,2,2
910,475,2,2
910,476,2,2
910,477,2,2
910,478,2,2
910,479,2,2
910,480,2,2
910,481,2,2
910,482,2,2
910,483,2,2
910,484,2,2
910,485,2,2
910,486,2,2
910,487,2,2
910,488,2,2
910,489,2,2
910,490,2,2
910,491,2,2
910,492,2,2
910,493,2,2
910,494,2,2
910,495,2,2
910,496,2,2
910,497,2,2
910,498,2,2
910,499,2,2
910,500,2,2
910,501,2,2
910,502,2,2
910,503,2,2
910,504,2,2
910,505,2,2
910,506,2,2
910,507,2,2
910,508,2,2
910,509,2,2
910,510,2,2
910,511,2,2
910,512,2,2
910,513,2,2
910,514,2,2
910,515,2,2
910,516,2,2
910,517,2,2
910,518,2,2
910,519,2,2
910,520,2,2
910,521,2,2
910,522,2,2
910,523,2,2
911,127,2,2
911,128,2,2
911,129,2,2
911,130,2,2
911,131,2,2
911,132,2,2
911,133,2,2
911,134,2,2
911,135,2,2
911,136,2,2
911,137,2,2
911,138,2,2
911,139,2,2
911,140,2,2
911,141,2,2
911,142,2,2
911,143,2,2
911,144,2,2
911,145,2,2
911,146,2,2
911,147,2,2
911,148,2,2
911,149,2,2
911,150,2,2
911,151,2,2
911,152,2,2
911,153,2,2
911,154,2,2
911,155,2,2
911,156,2,2
911,157,2,2
911,158,2,2
911,159,2,2
911,160,2,2
911,161,2,2
911,162,2,2
911,163,2,2
911,164,2,2
911,165,2,2
911,166,2,2
911,167,2,2
911,168,2,2
911,169,2,2
911,170,2,2
911,171,2,2
911,172,2,2
911,173,2,2
911,174,2,2
911,175,2,2
911,176,2,2
911,177,2,2
911,178,2,2
911,179,2,2
911,180,2,2
911,181,2,2
911,182,2,2
911,183,2,2
911,184,2,2
911,185,2,2
911,186,2,2
911,187,2,2
911,188,2,2
911,189,2,2
911,190,2,2
911,191,2,2
911,192,2,2
911,193,2,2
911,194,2,2
911,195,2,2
911,196,2,2
911,197,2,2
911,198,2,2
911,199,2,2
911,200,2,2
911,201,2,2
911,202,2,2
911,203,2,2
911,204,2,2
911,205,2,2
911,206,2,2
911,207,2,2
911,208,2,2
911,209,2,2
911,210,2,2
911,211,2,2
911,212,2,2
911,213,2,2
911,214,2,2
911,215,2,2
911,216,2,2
911,217,2,2
911,218,2,2
911,219,2,2
911,220,2,2
911,221,2,2
911,222,2,2
911,223,2,2
911,224,2,2
911,225,2,2
911,226,2,2
911,227,2,2
911,228,2,2
911,229,2,2
911,230,2,2
911,231,2,2
911,232,2,2
911,233,2,2
911,234,2,2
911,235,2,2
911,236,2,2
911,237,2,2
911,238,2,2
911,239,2,2
911,240,2,2
911,241,2,2
911,242,2,2
911,243,2,2
911,244,2,2
911,245,2,2
911,246,2,2
911,247,2,2
911,248,2,2
911,249,2,2
911,250,2,2
911,251,2,2
911,252,2,2
911,253,2,2
911,254,2,2
911,255,2,2
911,256,2,2
911,257,2,2
911,258,2,2
911,259,2,2
911,260,2,2
911,261,2,2
911,262,2,2
911,263,2,2
911,264,2,2
911,265,2,2
911,266,2,2
911,267,2,2
911,268,2,2
911,269,2,2
911,270,2,2
911,271,2,2
911,272,2,2
911,273,2,2
911,274,2,2
911,275,2,2
911,276,2,2
911,277,2,2
911,278,2,2
911,279,2,2
911,280,2,2
911,281,2,2
911,282,2,2
911,283,2,2
911,284,2,2
911,285,2,2
911,286,2,2
911,287,2,2
911,288,2,2
911,289,2,2
911,290,2,2
911,291,2,2
911,292,2,2
911,293,2,2
911,294,2,2
911,295,2,2
911,296,2,2
911,297,2,2
911,298,2,2
911,299,2,2
911,300,2,2
911,301,2,2
911,302,2,2
911,303,2,2
911,304,2,2
911,305,2,2
911,306,2,2
911,307,2,2
911,308,2,2
911,309,2,2
911,310,2,2
911,311,2,2
911,312,2,2
911,313,2,2
911,314,2,2
911,315,2,2
911,316,2,2
911,317,2,2
911,318,2,2
911,319,2,2
911,320,2,2
911,321,2,2
911,322,2,2
911,323,2,2
911,324,2,2
911,325,2,2
911,326,2,2
911,327,2,2
911,328,2,2
911,329,2,2
911,330,2,2
911,331,2,2
911,332,2,2
911,333,2,2
911,334,2,2
911,335,2,2
911,336,2,2
911,337,2,2
911,338,2,2
911,339,2,2
911,340,2,2
911,341,2,2
911,342,2,2
911,343,2,2
911,344,2,2
911,345,2,2
911,346,2,2
911,347,2,2
911,348,2,2
911,349,2,2
911,350,2,2
911,351,2,2
911,352,2,2
911,353,2,2
911,354,2,2
911,355,2,2
911,356,2,2
911,357,2,2
911,358,2,2
911,359,2,2
911,360,2,2
911,361,2,2
911,362,2,2
911,363,2,2
911,364,2,2
911,365,2,2
911,366,2,2
911,367,2,2
911,368,2,2
911,369,2,2
911,370,2,3
911,371,2,3
911,372,2,3
911,373,2,3
911,374,2,3
911,375,2,3
911,376,2,3
911,377,2,3
911,378,2,3
911,379,2,3
911,380,2,3
911,381,2,3
911,382,2,3
911,383,2,3
911,384,2,3
911,385,2,3
911,386,2,3
911,387,2,3
911,388,2,3
911,389,2,3
911,390,2,3
911,391,2,3
911,392,2,3
911,393,2,3
911,394,2,3
911,395,2,3
911,396,2,3
911,397,2,3
911,398,2,3
911,399,2,3
911,400,2,3
911,401,2,3
911,402,2,3
911,403,2,3
911,404,2,3
911,405,2,3
911,406,2,3
911,407,2,3
911,408,2,3
911,409,2,3
911,410,2,3
911,411,2,3
911,412,2,3
911,413,2,3
911,414,2,3
911,415,2,3
911,416,2,3
911,417,2,3
911,418,2,3
911,419,2,3
911,420,2,3
911,421,2,3
911,422,2,3
911,423,2,3
911,424,2,3
911,425,2,3
911,426,2,3
911,427,2,3
911,428,2,3
911,429,2,3
911,430,2,3
911,431,2,3
911,432,2,3
911,433,2,3
911,434,2,3
911,435,2,3
911,436,2,3
911,437,2,3
911,438,2,2
911,439,2,2
911,440,2,2
911,441,2,2
911,442,2,2
911,443,2,2
911,444,2,2
911,445,2,3
911,446,2,3
911,447,2,2
911,448,2,3
911,449,2,3
911,450,2,3
911,451,2,3
911,452,2,3
911,453,2,3
911,454,2,2
911,455,2,2
911,456,2,2
911,457,2,2
911,458,2,2
911,459,2,2
911,460,2,2
911,461,2,2
911,462,2,2
911,463,2,2
911,464,2,2
911,465,2,2
911,466,2,2
911,467,2,2
911,468,2,2
911,469,2,2
911,470,2,2
911,471,2,2
911,472,2,2
911,473,2,2
911,474,2,2
911,475,2,2
911,476,2,2
911,477,2,2
911,478,2,2
911,479,2,2
911,480,2,2
911,481,2,2
911,482,2,2
911,483,2,2
911,484,2,2
911,485,2,2
911,486,2,2
911,487,2,2
911,488,2,2
911,489,2,2
911,490,2,2
911,491,2,2
911,492,2,2
911,493,2,2
911,494,2,2
911,495,2,2
911,496,2,2
911,497,2,2
911,498,2,2
911,499,2,2
911,500,2,2
911,501,2,2
911,502,2,2
911,503,2,2
911,504,2,2
911,505,2,2
911,506,2,2
911,507,2,2
911,508,2,2
911,509,2,2
911,510,2,2
911,511,2,2
911,512,2,2
911,513,2,2
911,514,2,2
911,515,2,2
911,516,2,2
911,517,2,2
911,518,2,2
911,519,2,2
911,520,2,2
911,521,2,2
912,128,2,2
912,129,2,2
912,130,2,2
912,131,2,2
912,132,2,2
912,133,2,2
912,134,2,2
912,135,2,2
912,136,2,2
912,137,2,2
912,138,2,2
912,139,2,2
912,140,2,2
912,141,2,2
912,142,2,2
912,143,2,2
912,144,2,2
912,145,2,2
912,146,2,2
912,147,2,2
912,148,2,2
912,149,2,2
912,150,2,2
912,151,2,2
912,152,2,2
912,153,2,2
912,154,2,2
912,155,2,2
912,156,2,2
912,157,2,2
912,158,2,2
912,159,2,2
912,160,2,2
912,161,2,2
912,162,2,2
912,163,2,2
912,164,2,2
912,165,2,2
912,166,2,2
912,167,2,2
912,168,2,2
912,169,2,2
912,170,2,2
912,171,2,2
912,172,2,2
912,173,2,2
912,174,2,2
912,175,2,2
912,176,2,2
912,177,2,2
912,178,2,2
912,179,2,2
912,180,2,2
912,181,2,2
912,182,2,2
912,183,2,2
912,184,2,2
912,185,2,2
912,186,2,2
912,187,2,2
912,188,2,2
912,189,2,2
912,190,2,2
912,191,2,2
912,192,2,2
912,193,2,2
912,194,2,2
912,195,2,2
912,196,2,2
912,197,2,2
912,198,2,2
912,199,2,2
912,200,2,2
912,201,2,2
912,202,2,2
912,203,2,2
912,204,2,2
912,205,2,2
912,206,2,2
912,207,2,2
912,208,2,2
912,209,2,2
912,210,2,2
912,211,2,2
912,212,2,2
912,213,2,2
912,214,2,2
912,215,2,2
912,216,2,2
912,217,2,2
912,218,2,2
912,219,2,2
912,220,2,2
912,221,2,2
912,222,2,2
912,223,2,2
912,224,2,2
912,225,2,2
912,226,2,2
912,227,2,2
912,228,2,2
912,229,2,2
912,230,2,2
912,231,2,2
912,232,2,2
912,233,2,2
912,234,2,2
912,235,2,2
912,236,2,2
912,237,2,2
912,238,2,2
912,239,2,2
912,240,2,2
912,241,2,2
912,242,2,2
912,243,2,2
912,244,2,2
912,245,2,2
912,246,2,2
912,247,2,2
912,248,2,2
912,249,2,2
912,250,2,2
912,251,2,2
912,252,2,2
912,253,2,2
912,254,2,2
912,255,2,2
912,256,2,2
912,257,2,2
912,258,2,2
912,259,2,2
912,260,2,2
912,261,2,2
912,262,2,2
912,263,2,2
912,264,2,2
912,265,2,2
912,266,2,2
912,267,2,2
912,268,2,2
912,269,2,2
912,270,2,2
912,271,2,2
912,272,2,2
912,273,2,2
912,274,2,2
912,275,2,2
912,276,2,2
912,277,2,2
912,278,2,2
912,279,2,2
912,280,2,2
912,281,2,2
912,282,2,2
912,283,2,2
912,284,2,2
912,285,2,2
912,286,2,2
912,287,2,2
912,288,2,2
912,289,2,2
912,290,2,2
912,291,2,2
912,292,2,2
912,293,2,2
912,294,2,2
912,295,2,2
912,296,2,2
912,297,2,2
912,298,2,2
912,299,2,2
912,300,2,2
912,301,2,2
912,302,2,2
912,303,2,2
912,304,2,2
912,305,2,2
912,306,2,2
912,307,2,2
912,308,2,2
912,309,2,2
912,310,2,2
912,311,2,2
912,312,2,2
912,313,2,2
912,314,2,2
912,315,2,2
912,316,2,2
912,317,2,2
912,318,2,2
912,319,2,2
912,320,2,2
912,321,2,2
912,322,2,2
912,323,2,2
912,324,2,2
912,325,2,2
912,326,2,2
912,327,2,2
912,328,2,2
912,329,2,2
912,330,2,2
912,331,2,2
912,332,2,2
912,333,2,2
912,334,2,2
912,335,2,2
912,336,2,2
912,337,2,2
912,338,2,2
912,339,2,2
912,340,2,2
912,341,2,2
912,342,2,2
912,343,2,2
912,344,2,2
912,345,2,2
912,346,2,2
912,347,2,2
912,348,2,2
912,349,2,2
912,350,2,2
912,351,2,2
912,352,2,2
912,353,2,2
912,354,2,2
912,355,2,2
912,356,2,2
912,357,2,2
912,358,2,2
912,359,2,2
912,360,2,2
912,361,2,2
912,362,2,2
912,363,2,2
912,364,2,2
912,365,2,2
912,366,2,2
912,367,2,2
912,368,2,2
912,369,2,3
912,370,2,3
912,371,2,3
912,372,2,3
912,373,2,3
912,374,2,3
912,375,2,3
912,376,2,3
912,377,2,3
912,378,2,3
912,379,2,3
912,380,2,3
912,381,2,3
912,382,2,3
912,383,2,3
912,384,2,3
912,385,2,3
912,386,2,3
912,387,2,3
912,388,2,3
912,389,2,3
912,390,2,3
912,391,2,3
912,392,2,3
912,393,2,3
912,394,2,3
912,395,2,3
912,396,2,3
912,397,2,3
912,398,2,3
912,399,2,3
912,400,2,3
912,401,2,3
912,402,2,3
912,403,2,3
912,404,2,3
912,405,2,3
912,406,2,3
912,407,2,3
912,408,2,3
912,409,2,3
912,410,2,3
912,411,2,3
912,412,2,3
912,413,2,3
912,414,2,3
912,415,2,3
912,416,2,3
912,417,2,3
912,418,2,3
912,419,2,3
912,420,2,3
912,421,2,3
912,422,2,3
912,423,2,3
912,424,2,3
912,425,2,3
912,426,2,3
912,427,2,3
912,428,2,3
912,429,2,3
912,430,2,3
912,431,2,3
912,432,2,3
912,433,2,3
912,434,2,3
912,435,2,3
912,436,2,3
912,437,2,3
912,438,2,3
912,439,2,2
912,440,2,2
912,441,2,2
912,442,2,2
912,443,2,2
912,444,2,2
912,445,2,3
912,446,2,3
912,447,2,3
912,448,2,3
912,449,2,3
912,450,2,3
912,451,2,3
912,452,2,3
912,453,2,3
912,454,2,2
912,455,2,2
912,456,2,2
912,457,2,2
912,458,2,2
912,459,2,2
912,460,2,2
912,461,2,2
912,462,2,2
912,463,2,2
912,464,2,2
912,465,2,2
912,466,2,2
912,467,2,2
912,468,2,2
912,469,2,2
912,470,2,2
912,471,2,2
912,472,2,2
912,473,2,2
912,474,2,2
912,475,2,2
912,476,2,2
912,477,2,2
912,478,2,2
912,479,2,2
912,480,2,2
912,481,2,2
912,482,2,2
912,483,2,2
912,484,2,2
912,485,2,2
912,486,2,2
912,487,2,2
912,488,2,2
912,489,2,2
912,490,2,2
912,491,2,2
912,492,2,2
912,493,2,2
912,494,2,2
912,495,2,2
912,496,2,2
912,497,2,2
912,498,2,2
912,499,2,2
912,500,2,2
912,501,2,2
912,502,2,2
912,503,2,2
912,504,2,2
912,505,2,2
912,506,2,2
912,507,2,2
912,508,2,2
912,509,2,2
912,510,2,2
912,511,2,2
912,512,2,2
912,513,2,2
912,514,2,2
912,515,2,2
912,516,2,2
912,517,2,2
912,518,2,2
912,519,2,2
912,520,2,2
913,129,2,2
913,130,2,2
913,131,2,2
913,132,2,2
913,133,2,2
913,134,2,2
913,135,2,2
913,136,2,2
913,137,2,2
913,138,2,2
913,139,2,2
913,140,2,2
913,141,2,2
913,142,2,2
913,143,2,2
913,144,2,2
913,145,2,2
913,146,2,2
913,147,2,2
913,148,2,2
913,149,2,2
913,150,2,2
913,151,2,2
913,152,2,2
913,153,2,2
913,154,2,2
913,155,2,2
913,156,2,2
913,157,2,2
913,158,2,2
913,159,2,2
913,160,2,2
913,161,2,2
913,162,2,2
913,163,2,2
913,164,2,2
913,165,2,2
913,166,2,2
913,167,2,2
913,168,2,2
913,169,2,2
913,170,2,2
913,171,2,2
913,172,2,2
913,173,2,2
913,174,2,2
913,175,2,2
913,176,2,2
913,177,2,2
913,178,2,2
913,179,2,2
913,180,2,2
913,181,2,2
913,182,2,2
913,183,2,2
913,184,2,2
913,185,2,2
913,186,2,2
913,187,2,2
913,188,2,2
913,189,2,2
913,190,2,2
913,191,2,2
913,192,2,2
913,193,2,2
913,194,2,2
913,195,2,2
913,196,2,2
913,197,2,2
913,198,2,2
913,199,2,2
913,200,2,2
913,201,2,2
913,202,2,2
913,203,2,2
913,204,2,2
913,205,2,2
913,206,2,2
913,207,2,2
913,208,2,2
913,209,2,2
913,210,2,2
913,211,2,2
913,212,2,2
913,213,2,2
913,214,2,2
913,215,2,2
913,216,2,2
913,217,2,2
913,218,2,2
913,219,2,2
913,220,2,2
913,221,2,2
913,222,2,2
913,223,2,2
913,224,2,2
913,225,2,2
913,226,2,2
913,227,2,2
913,228,2,2
913,229,2,2
913,230,2,2
913,231,2,2
913,232,2,2
913,233,2,2
913,234,2,2
913,235,2,2
913,236,2,2
913,237,2,2
913,238,2,2
913,239,2,2
913,240,2,2
913,241,2,2
913,242,2,2
913,243,2,2
913,244,2,2
913,245,2,2
913,246,2,2
913,247,2,2
913,248,2,2
913,249,2,2
913,250,2,2
913,251,2,2
913,252,2,2
913,253,2,2
913,254,2,2
913,255,2,2
913,256,2,2
913,257,2,2
913,258,2,2
913,259,2,2
913,260,2,2
913,261,2,2
913,262,2,2
913,263,2,2
913,264,2,2
913,265,2,2
913,266,2,2
913,267,2,2
913,268,2,2
913,269,2,2
913,270,2,2
913,271,2,2
913,272,2,2
913,273,2,2
913,274,2,2
913,275,2,2
913,276,2,2
913,277,2,2
913,278,2,2
913,279,2,2
913,280,2,2
913,281,2,2
913,282,2,2
913,283,2,2
913,284,2,2
913,285,2,2
913,286,2,2
913,287,2,2
913,288,2,2
913,289,2,2
913,290,2,2
913,291,2,2
913,292,2,2
913,293,2,2
913,294,2,2
913,295,2,2
913,296,2,2
913,297,2,2
913,298,2,2
913,299,2,2
913,300,2,2
913,301,2,2
913,302,2,2
913,303,2,2
913,304,2,2
913,305,2,2
913,306,2,2
913,307,2,2
913,308,2,2
913,309,2,2
913,310,2,2
913,311,2,2
913,312,2,2
913,313,2,2
913,314,2,2
913,315,2,2
913,316,2,2
913,317,2,2
913,318,2,2
913,319,2,2
913,320,2,2
913,321,2,2
913,322,2,2
913,323,2,2
913,324,2,2
913,325,2,2
913,326,2,2
913,327,2,2
913,328,2,2
913,329,2,2
913,330,2,2
913,331,2,2
913,332,2,2
913,333,2,2
913,334,2,2
913,335,2,2
913,336,2,2
913,337,2,2
913,338,2,2
913,339,2,2
913,340,2,2
913,341,2,2
913,342,2,2
913,343,2,2
913,344,2,2
913,345,2,2
913,346,2,2
913,347,2,2
913,348,2,2
913,349,2,2
913,350,2,2
913,351,2,2
913,352,2,2
913,353,2,2
913,354,2,2
913,355,2,2
913,356,2,2
913,357,2,2
913,358,2,2
913,359,2,2
913,360,2,2
913,361,2,2
913,362,2,2
913,363,2,2
913,364,2,2
913,365,2,2
913,366,2,2
913,367,2,2
913,368,2,2
913,369,2,3
913,370,2,3
913,371,2,3
913,372,2,3
913,373,2,3
913,374,2,3
913,375,2,3
913,376,2,3
913,377,2,3
913,378,2,3
913,379,2,3
913,380,2,3
913,381,2,3
913,382,2,3
913,383,2,3
913,384,2,3
913,385,2,3
913,386,2,3
913,387,2,3
913,388,2,3
913,389,2,3
913,390,2,3
913,391,2,3
913,392,2,3
913,393,2,3
913,394,2,3
913,395,2,3
913,396,2,3
913,397,2,3
913,398,2,3
913,399,2,3
913,400,2,3
913,401,2,3
913,402,2,3
913,403,2,3
913,404,2,3
913,405,2,3
913,406,2,3
913,407,2,3
913,408,2,3
913,409,2,3
913,410,2,3
913,411,2,3
913,412,2,3
913,413,2,3
913,414,2,3
913,415,2,3
913,416,2,3
913,417,2,3
913,418,2,3
913,419,2,3
913,420,2,3
913,421,2,3
913,422,2,3
913,423,2,3
913,424,2,3
913,425,2,3
913,426,2,3
913,427,2,3
913,428,2,3
913,429,2,3
913,430,2,3
913,431,2,3
913,432,2,3
913,433,2,3
913,434,2,3
913,435,2,3
913,436,2,3
913,437,2,3
913,438,2,3
913,439,2,3
913,440,2,3
913,441,2,2
913,442,2,3
913,443,2,3
913,444,2,3
913,445,2,3
913,446,2,3
913,447,2,3
913,448,2,3
913,449,2,3
913,450,2,3
913,451,2,3
913,452,2,3
913,453,2,3
913,454,2,2
913,455,2,2
913,456,2,2
913,457,2,2
913,458,2,2
913,459,2,2
913,460,2,2
913,461,2,2
913,462,2,2
913,463,2,2
913,464,2,2
913,465,2,2
913,466,2,2
913,467,2,2
913,468,2,2
913,469,2,2
913,470,2,2
913,471,2,2
913,472,2,2
913,473,2,2
913,474,2,2
913,475,2,2
913,476,2,2
913,477,2,2
913,478,2,2
913,479,2,2
913,480,2,2
913,481,2,2
913,482,2,2
913,483,2,2
913,484,2,2
913,485,2,2
913,486,2,2
913,487,2,2
913,488,2,2
913,489,2,2
913,490,2,2
913,491,2,2
913,492,2,2
913,493,2,2
913,494,2,2
913,495,2,2
913,496,2,2
913,497,2,2
913,498,2,2
913,499,2,2
913,500,2,2
913,501,2,2
913,502,2,2
913,503,2,2
913,504,2,2
913,505,2,2
913,506,2,2
913,507,2,2
913,508,2,2
913,509,2,2
913,510,2,2
913,511,2,2
913,512,2,2
913,513,2,2
913,514,2,2
913,515,2,2
913,516,2,2
913,517,2,2
914,130,2,2
914,131,2,2
914,132,2,2
914,133,2,2
914,134,2,2
914,135,2,2
914,136,2,2
914,137,2,2
914,138,2,2
914,139,2,2
914,140,2,2
914,141,2,2
914,142,2,2
914,143,2,2
914,144,2,2
914,145,2,2
914,146,2,2
914,147,2,2
914,148,2,2
914,149,2,2
914,150,2,2
914,151,2,2
914,152,2,2
914,153,2,2
914,154,2,2
914,155,2,2
914,156,2,2
914,157,2,2
914,158,2,2
914,159,2,2
914,160,2,2
914,161,2,2
914,162,2,2
914,163,2,2
914,164,2,2
914,165,2,2
914,166,2,2
914,167,2,2
914,168,2,2
914,169,2,2
914,170,2,2
914,171,2,2
914,172,2,2
914,173,2,2
914,174,2,2
914,175,2,2
914,176,2,2
914,177,2,2
914,178,2,2
914,179,2,2
914,180,2,2
914,181,2,2
914,182,2,2
914,183,2,2
914,184,2,2
914,185,2,2
914,186,2,2
914,187,2,2
914,188,2,2
914,189,2,2
914,190,2,2
914,191,2,2
914,192,2,2
914,193,2,2
914,194,2,2
914,195,2,2
914,196,2,2
914,197,2,2
914,198,2,2
914,199,2,2
914,200,2,2
914,201,2,2
914,202,2,2
914,203,2,2
914,204,2,2
914,205,2,2
914,206,2,2
914,207,2,2
914,208,2,2
914,209,2,2
914,210,2,2
914,211,2,2
914,212,2,2
914,213,2,2
914,214,2,2
914,215,2,2
914,216,2,2
914,217,2,2
914,218,2,2
914,219,2,2
914,220,2,2
914,221,2,2
914,222,2,2
914,223,2,2
914,224,2,2
914,225,2,2
914,226,2,2
914,227,2,2
914,228,2,2
914,229,2,2
914,230,2,2
914,231,2,2
914,232,2,2
914,233,2,2
914,234,2,2
914,235,2,2
914,236,2,2
914,237,2,2
914,238,2,2
914,239,2,2
914,240,2,2
914,241,2,2
914,242,2,2
914,243,2,2
914,244,2,2
914,245,2,2
914,246,2,2
914,247,2,2
914,248,2,2
914,249,2,2
914,250,2,2
914,251,2,2
914,252,2,2
914,253,2,2
914,254,2,2
914,255,2,2
914,256,2,2
914,257,2,2
914,258,2,2
914,259,2,2
914,260,2,2
914,261,2,2
914,262,2,2
914,263,2,2
914,264,2,2
914,265,2,2
914,266,2,2
914,267,2,2
914,268,2,2
914,269,2,2
914,270,2,2
914,271,2,2
914,272,2,2
914,273,2,2
914,274,2,2
914,275,2,2
914,276,2,2
914,277,2,2
914,278,2,2
914,279,2,2
914,280,2,2
914,281,2,2
914,282,2,2
914,283,2,2
914,284,2,2
914,285,2,2
914,286,2,2
914,287,2,2
914,288,2,2
914,289,2,2
914,290,2,2
914,291,2,2
914,292,2,2
914,293,2,2
914,294,2,2
914,295,2,2
914,296,2,2
914,297,2,2
914,298,2,2
914,299,2,2
914,300,2,2
914,301,2,2
914,302,2,2
914,303,2,2
914,304,2,2
914,305,2,2
914,306,2,2
914,307,2,2
914,308,2,2
914,309,2,2
914,310,2,2
914,311,2,2
914,312,2,2
914,313,2,2
914,314,2,2
914,315,2,2
914,316,2,2
914,317,2,2
914,318,2,2
914,319,2,2
914,320,2,2
914,321,2,2
914,322,2,2
914,323,2,2
914,324,2,2
914,325,2,2
914,326,2,2
914,327,2,2
914,328,2,2
914,329,2,2
914,330,2,2
914,331,2,2
914,332,2,2
914,333,2,2
914,334,2,2
914,335,2,2
914,336,2,2
914,337,2,2
914,338,2,2
914,339,2,2
914,340,2,2
914,341,2,2
914,342,2,2
914,343,2,2
914,344,2,2
914,345,2,2
914,346,2,2
914,347,2,2
914,348,2,2
914,349,2,2
914,350,2,2
914,351,2,2
914,352,2,2
914,353,2,2
914,354,2,2
914,355,2,2
914,356,2,2
914,357,2,2
914,358,2,2
914,359,2,2
914,360,2,2
914,361,2,2
914,362,2,2
914,363,2,2
914,364,2,2
914,365,2,2
914,366,2,2
914,367,2,2
914,368,2,2
914,369,2,3
914,370,2,3
914,371,2,3
914,372,2,3
914,373,2,3
914,374,2,3
914,375,2,3
914,376,2,3
914,377,2,3
914,378,2,3
914,379,2,3
914,380,2,3
914,381,2,3
914,382,2,3
914,383,2,3
914,384,2,3
914,385,2,3
914,386,2,3
914,387,2,3
914,388,2,3
914,389,2,3
914,390,2,3
914,391,2,3
914,392,2,3
914,393,2,3
914,394,2,3
914,395,2,3
914,396,2,3
914,397,2,3
914,398,2,3
914,399,2,3
914,400,2,3
914,401,2,3
914,402,2,3
914,403,2,3
914,404,2,3
914,405,2,3
914,406,2,3
914,407,2,3
914,408,2,3
914,409,2,3
914,410,2,3
914,411,2,3
914,412,2,3
914,413,2,3
914,414,2,3
914,415,2,3
914,416,2,3
914,417,2,3
914,418,2,3
914,419,2,3
914,420,2,3
914,421,2,3
914,422,2,3
914,423,2,3
914,424,2,3
914,425,2,3
914,426,2,3
914,427,2,3
914,428,2,3
914,429,2,3
914,430,2,3
914,431,2,3
914,432,2,3
914,433,2,3
914,434,2,3
914,435,2,3
914,436,2,3
914,437,2,3
914,438,2,3
914,439,2,3
914,440,2,3
914,441,2,3
914,442,2,3
914,443,2,3
914,444,2,3
914,445,2,3
914,446,2,3
914,447,2,3
914,448,2,3
914,449,2,3
914,450,2,3
914,451,2,3
914,452,2,3
914,453,2,3
914,454,2,2
914,455,2,2
914,456,2,2
914,457,2,2
914,458,2,2
914,459,2,2
914,460,2,2
914,461,2,2
914,462,2,2
914,463,2,2
914,464,2,2
914,465,2,2
914,466,2,2
914,467,2,2
914,468,2,2
914,469,2,2
914,470,2,2
914,471,2,2
914,472,2,2
914,473,2,2
914,474,2,2
914,475,2,2
914,476,2,2
914,477,2,2
914,478,2,2
914,479,2,2
914,480,2,2
914,481,2,2
914,482,2,2
914,483,2,2
914,484,2,2
914,485,2,2
914,486,2,2
914,487,2,2
914,488,2,2
914,489,2,2
914,490,2,2
914,491,2,2
914,492,2,2
914,493,2,2
914,494,2,2
914,495,2,2
914,496,2,2
914,497,2,2
914,498,2,2
914,499,2,2
914,500,2,2
914,501,2,2
914,502,2,2
914,503,2,2
914,504,2,2
914,505,2,2
914,506,2,2
914,507,2,2
914,508,2,2
914,509,2,2
914,510,2,2
914,511,2,2
914,512,2,2
914,513,2,2
914,514,2,2
914,515,2,2
914,516,2,2
915,132,2,2
915,133,2,2
915,134,2,2
915,135,2,2
915,136,2,2
915,137,2,2
915,138,2,2
915,139,2,2
915,140,2,2
915,141,2,2
915,142,2,2
915,143,2,2
915,144,2,2
915,145,2,2
915,146,2,2
915,147,2,2
915,148,2,2
915,149,2,2
915,150,2,2
915,151,2,2
915,152,2,2
915,153,2,2
915,154,2,2
915,155,2,2
915,156,2,2
915,157,2,2
915,158,2,2
915,159,2,2
915,160,2,2
915,161,2,2
915,162,2,2
915,163,2,2
915,164,2,2
915,165,2,2
915,166,2,2
915,167,2,2
915,168,2,2
915,169,2,2
915,170,2,2
915,171,2,2
915,172,2,2
915,173,2,2
915,174,2,2
915,175,2,2
915,176,2,2
915,177,2,2
915,178,2,2
915,179,2,2
915,180,2,2
915,181,2,2
915,182,2,2
915,183,2,2
915,184,2,2
915,185,2,2
915,186,2,2
915,187,2,2
915,188,2,2
915,189,2,2
915,190,2,2
915,191,2,2
915,192,2,2
915,193,2,2
915,194,2,2
915,195,2,2
915,196,2,2
915,197,2,2
915,198,2,2
915,199,2,2
915,200,2,2
915,201,2,2
915,202,2,2
915,203,2,2
915,204,2,2
915,205,2,2
915,206,2,2
915,207,2,2
915,208,2,2
915,209,2,2
915,210,2,2
915,211,2,2
915,212,2,2
915,213,2,2
915,214,2,2
915,215,2,2
915,216,2,2
915,217,2,2
915,218,2,2
915,219,2,2
915,220,2,2
915,221,2,2
915,222,2,2
915,223,2,2
915,224,2,2
915,225,2,2
915,226,2,2
915,227,2,2
915,228,2,2
915,229,2,2
915,230,2,2
915,231,2,2
915,232,2,2
915,233,2,2
915,234,2,2
915,235,2,2
915,236,2,2
915,237,2,2
915,238,2,2
915,239,2,2
915,240,2,2
915,241,2,2
915,242,2,2
915,243,2,2
915,244,2,2
915,245,2,2
915,246,2,2
915,247,2,2
915,248,2,2
915,249,2,2
915,250,2,2
915,251,2,2
915,252,2,2
915,253,2,2
915,254,2,2
915,255,2,2
915,256,2,2
915,257,2,2
915,258,2,2
915,259,2,2
915,260,2,2
915,261,2,2
915,262,2,2
915,263,2,2
915,264,2,2
915,265,2,2
915,266,2,2
915,267,2,2
915,268,2,2
915,269,2,2
915,270,2,2
915,271,2,2
915,272,2,2
915,273,2,2
915,274,2,2
915,275,2,2
915,276,2,2
915,277,2,2
915,278,2,2
915,279,2,2
915,280,2,2
915,281,2,2
915,282,2,2
915,283,2,2
915,284,2,2
915,285,2,2
915,286,2,2
915,287,2,2
915,288,2,2
915,289,2,2
915,290,2,2
915,291,2,2
915,292,2,2
915,293,2,2
915,294,2,2
915,295,2,2
915,296,2,2
915,297,2,2
915,298,2,2
915,299,2,2
915,300,2,2
915,301,2,2
915,302,2,2
915,303,2,2
915,304,2,2
915,305,2,2
915,306,2,2
915,307,2,2
915,308,2,2
915,309,2,2
915,310,2,2
915,311,2,2
915,312,2,2
915,313,2,2
915,314,2,2
915,315,2,2
915,316,2,2
915,317,2,2
915,318,2,2
915,319,2,2
915,320,2,2
915,321,2,2
915,322,2,2
915,323,2,2
915,324,2,2
915,325,2,2
915,326,2,2
915,327,2,2
915,328,2,2
915,329,2,2
915,330,2,2
915,331,2,2
915,332,2,2
915,333,2,2
915,334,2,2
915,335,2,2
915,336,2,2
915,337,2,2
915,338,2,2
915,339,2,2
915,340,2,2
915,341,2,2
915,342,2,2
915,343,2,2
915,344,2,2
915,345,2,2
915,346,2,2
915,347,2,2
915,348,2,2
915,349,2,2
915,350,2,2
915,351,2,2
915,352,2,2
915,353,2,2
915,354,2,2
915,355,2,2
915,356,2,2
915,357,2,2
915,358,2,2
915,359,2,2
915,360,2,2
915,361,2,2
915,362,2,2
915,363,2,2
915,364,2,2
915,365,2,2
915,366,2,2
915,367,2,2
915,368,2,2
915,369,2,3
915,370,2,3
915,371,2,3
915,372,2,3
915,373,2,3
915,374,2,3
915,375,2,3
915,376,2,3
915,377,2,3
915,378,2,3
915,379,2,3
915,380,2,3
915,381,2,3
915,382,2,3
915,383,2,3
915,384,2,3
915,385,2,3
915,386,2,3
915,387,2,3
915,388,2,3
915,389,2,3
915,390,2,3
915,391,2,3
915,392,2,3
915,393,2,3
915,394,2,3
915,395,2,3
915,396,2,3
915,397,2,3
915,398,2,3
915,399,2,3
915,400,2,3
915,401,2,3
915,402,2,3
915,403,2,3
915,404,2,3
915,405,2,3
915,406,2,3
915,407,2,3
915,408,2,3
915,409,2,3
915,410,2,3
915,411,2,3
915,412,2,3
915,413,2,3
915,414,2,3
915,415,2,3
915,416,2,3
915,417,2,3
915,418,2,3
915,419,2,3
915,420,2,3
915,421,2,3
915,422,2,3
915,423,2,3
915,424,2,3
915,425,2,3
915,426,2,3
915,427,2,3
915,428,2,3
915,429,2,3
915,430,2,3
915,431,2,3
915,432,2,3
915,433,2,3
915,434,2,3
915,435,2,3
915,436,2,3
915,437,2,3
915,438,2,3
915,439,2,3
915,440,2,3
915,441,2,3
915,442,2,3
915,443,2,3
915,444,2,3
915,445,2,3
915,446,2,3
915,447,2,3
915,448,2,3
915,449,2,3
915,450,2,3
915,451,2,3
915,452,2,3
915,453,2,2
915,454,2,2
915,455,2,2
915,456,2,2
915,457,2,2
915,458,2,2
915,459,2,2
915,460,2,2
915,461,2,2
915,462,2,2
915,463,2,2
915,464,2,2
915,465,2,2
915,466,2,2
915,467,2,2
915,468,2,2
915,469,2,2
915,470,2,2
915,471,2,2
915,472,2,2
915,473,2,2
915,474,2,2
915,475,2,2
915,476,2,2
915,477,2,2
915,478,2,2
915,479,2,2
915,480,2,2
915,481,2,2
915,482,2,2
915,483,2,2
915,484,2,2
915,485,2,2
915,486,2,2
915,487,2,2
915,488,2,2
915,489,2,2
915,490,2,2
915,491,2,2
915,492,2,2
915,493,2,2
915,494,2,2
915,495,2,2
915,496,2,2
915,497,2,2
915,498,2,2
915,499,2,2
915,500,2,2
915,501,2,2
915,502,2,2
915,503,2,2
915,504,2,2
915,505,2,2
915,506,2,2
915,507,2,2
915,508,2,2
915,509,2,2
915,510,2,2
915,511,2,2
915,512,2,2
915,513,2,2
915,514,2,2
916,133,2,2
916,134,2,2
916,135,2,2
916,136,2,2
916,137,2,2
916,138,2,2
916,139,2,2
916,140,2,2
916,141,2,2
916,142,2,2
916,143,2,2
916,144,2,2
916,145,2,2
916,146,2,2
916,147,2,2
916,148,2,2
916,149,2,2
916,150,2,2
916,151,2,2
916,152,2,2
916,153,2,2
916,154,2,2
916,155,2,2
916,156,2,2
916,157,2,2
916,158,2,2
916,159,2,2
916,160,2,2
916,161,2,2
916,162,2,2
916,163,2,2
916,164,2,2
916,165,2,2
916,166,2,2
916,167,2,2
916,168,2,2
916,169,2,2
916,170,2,2
916,171,2,2
916,172,2,2
916,173,2,2
916,174,2,2
916,175,2,2
916,176,2,2
916,177,2,2
916,178,2,2
916,179,2,2
916,180,2,2
916,181,2,2
916,182,2,2
916,183,2,2
916,184,2,2
916,185,2,2
916,186,2,2
916,187,2,2
916,188,2,2
916,189,2,2
916,190,2,2
916,191,2,2
916,192,2,2
916,193,2,2
916,194,2,2
916,195,2,2
916,196,2,2
916,197,2,2
916,198,2,2
916,199,2,2
916,200,2,2
916,201,2,2
916,202,2,2
916,203,2,2
916,204,2,2
916,205,2,2
916,206,2,2
916,207,2,2
916,208,2,2
916,209,2,2
916,210,2,2
916,211,2,2
916,212,2,2
916,213,2,2
916,214,2,2
916,215,2,2
916,216,2,2
916,217,2,2
916,218,2,2
916,219,2,2
916,220,2,2
916,221,2,2
916,222,2,2
916,223,2,2
916,224,2,2
916,225,2,2
916,226,2,2
916,227,2,2
916,228,2,2
916,229,2,2
916,230,2,2
916,231,2,2
916,232,2,2
916,233,2,2
916,234,2,2
916,235,2,2
916,236,2,2
916,237,2,2
916,238,2,2
916,239,2,2
916,240,2,2
916,241,2,2
916,242,2,2
916,243,2,2
916,244,2,2
916,245,2,2
916,246,2,2
916,247,2,2
916,248,2,2
916,249,2,2
916,250,2,2
916,251,2,2
916,252,2,2
916,253,2,2
916,254,2,2
916,255,2,2
916,256,2,2
916,257,2,2
916,258,2,2
916,259,2,2
916,260,2,2
916,261,2,2
916,262,2,2
916,263,2,2
916,264,2,2
916,265,2,2
916,266,2,2
916,267,2,2
916,268,2,2
916,269,2,2
916,270,2,2
916,271,2,2
916,272,2,2
916,273,2,2
916,274,2,2
916,275,2,2
916,276,2,2
916,277,2,2
916,278,2,2
916,279,2,2
916,280,2,2
916,281,2,2
916,282,2,2
916,283,2,2
916,284,2,2
916,285,2,2
916,286,2,2
916,287,2,2
916,288,2,2
916,289,2,2
916,290,2,2
916,291,2,2
916,292,2,2
916,293,2,2
916,294,2,2
916,295,2,2
916,296,2,2
916,297,2,2
916,298,2,2
916,299,2,2
916,300,2,2
916,301,2,2
916,302,2,2
916,303,2,2
916,304,2,2
916,305,2,2
916,306,2,2
916,307,2,2
916,308,2,2
916,309,2,2
916,310,2,2
916,311,2,2
916,312,2,2
916,313,2,2
916,314,2,2
916,315,2,2
916,316,2,2
916,317,2,2
916,318,2,2
916,319,2,2
916,320,2,2
916,321,2,2
916,322,2,2
916,323,2,2
916,324,2,2
916,325,2,2
916,326,2,2
916,327,2,2
916,328,2,2
916,329,2,2
916,330,2,2
916,331,2,2
916,332,2,2
916,333,2,2
916,334,2,2
916,335,2,2
916,336,2,2
916,337,2,2
916,338,2,2
916,339,2,2
916,340,2,2
916,341,2,2
916,342,2,2
916,343,2,2
916,344,2,2
916,345,2,2
916,346,2,2
916,347,2,2
916,348,2,2
916,349,2,2
916,350,2,2
916,351,2,2
916,352,2,2
916,353,2,2
916,354,2,2
916,355,2,2
916,356,2,2
916,357,2,2
916,358,2,2
916,359,2,2
916,360,2,2
916,361,2,2
916,362,2,2
916,363,2,2
916,364,2,2
916,365,2,2
916,366,2,2
916,367,2,2
916,368,2,3
916,369,2,3
916,370,2,3
916,371,2,3
916,372,2,3
916,373,2,3
916,374,2,3
916,375,2,3
916,376,2,3
916,377,2,3
916,378,2,3
916,379,2,3
916,380,2,3
916,381,2,3
916,382,2,3
916,383,2,3
916,384,2,3
916,385,2,3
916,386,2,3
916,387,2,3
916,388,2,3
916,389,2,3
916,390,2,3
916,391,2,3
916,392,2,3
916,393,2,3
916,394,2,3
916,395,2,3
916,396,2,3
916,397,2,3
916,398,2,3
916,399,2,3
916,400,2,3
916,401,2,3
916,402,2,3
916,403,2,3
916,404,2,3
916,405,2,3
916,406,2,3
916,407,2,3
916,408,2,3
916,409,2,3
916,410,2,3
916,411,2,3
916,412,2,3
916,413,2,3
916,414,2,3
916,415,2,3
916,416,2,3
916,417,2,3
916,418,2,3
916,419,2,3
916,420,2,3
916,421,2,3
916,422,2,3
916,423,2,3
916,424,2,3
916,425,2,3
916,426,2,3
916,427,2,3
916,428,2,3
916,429,2,3
916,430,2,3
916,431,2,3
916,432,2,3
916,433,2,3
916,434,2,3
916,435,2,3
916,436,2,3
916,437,2,3
916,438,2,3
916,439,2,3
916,440,2,3
916,441,2,3
916,442,2,3
916,443,2,3
916,444,2,3
916,445,2,3
916,446,2,3
916,447,2,3
916,448,2,3
916,449,2,3
916,450,2,3
916,451,2,3
916,452,2,3
916,453,2,2
916,454,2,2
916,455,2,2
916,456,2,2
916,457,2,2
916,458,2,2
916,459,2,2
916,460,2,2
916,461,2,2
916,462,2,2
916,463,2,2
916,464,2,2
916,465,2,2
916,466,2,2
916,467,2,2
916,468,2,2
916,469,2,2
916,470,2,2
916,471,2,2
916,472,2,2
916,473,2,2
916,474,2,2
916,475,2,2
916,476,2,2
916,477,2,2
916,478,2,2
916,479,2,2
916,480,2,2
916,481,2,2
916,482,2,2
916,483,2,2
916,484,2,2
916,485,2,2
916,486,2,2
916,487,2,2
916,488,2,2
916,489,2,2
916,490,2,2
916,491,2,2
916,492,2,2
916,493,2,2
916,494,2,2
916,495,2,2
916,496,2,2
916,497,2,2
916,498,2,2
916,499,2,2
916,500,2,2
916,501,2,2
916,502,2,2
916,503,2,2
916,504,2,2
916,505,2,2
916,506,2,2
916,507,2,2
916,508,2,2
916,509,2,2
916,510,2,2
916,511,2,2
916,512,2,2
917,134,2,2
917,135,2,2
917,136,2,2
917,137,2,2
917,138,2,2
917,139,2,2
917,140,2,2
917,141,2,2
917,142,2,2
917,143,2,2
917,144,2,2
917,145,2,2
917,146,2,2
917,147,2,2
917,148,2,2
917,149,2,2
917,150,2,2
917,151,2,2
917,152,2,2
917,153,2,2
917,154,2,2
917,155,2,2
917,156,2,2
917,157,2,2
917,158,2,2
917,159,2,2
917,160,2,2
917,161,2,2
917,162,2,2
917,163,2,2
917,164,2,2
917,165,2,2
917,166,2,2
917,167,2,2
917,168,2,2
917,169,2,2
917,170,2,2
917,171,2,2
917,172,2,2
917,173,2,2
917,174,2,2
917,175,2,2
917,176,2,2
917,177,2,2
917,178,2,2
917,179,2,2
917,180,2,2
917,181,2,2
917,182,2,2
917,183,2,2
917,184,2,2
917,185,2,2
917,186,2,2
917,187,2,2
917,188,2,2
917,189,2,2
917,190,2,2
917,191,2,2
917,192,2,2
917,193,2,2
917,194,2,2
917,195,2,2
917,196,2,2
917,197,2,2
917,198,2,2
917,199,2,2
917,200,2,2
917,201,2,2
917,202,2,2
917,203,2,2
917,204,2,2
917,205,2,2
917,206,2,2
917,207,2,2
917,208,2,2
917,209,2,2
917,210,2,2
917,211,2,2
917,212,2,2
917,213,2,2
917,214,2,2
917,215,2,2
917,216,2,2
917,217,2,2
917,218,2,2
917,219,2,2
917,220,2,2
917,221,2,2
917,222,2,2
917,223,2,2
917,224,2,2
917,225,2,2
917,226,2,2
917,227,2,2
917,228,2,2
917,229,2,2
917,230,2,2
917,231,2,2
917,232,2,2
917,233,2,2
917,234,2,2
917,235,2,2
917,236,2,2
917,237,2,2
917,238,2,2
917,239,2,2
917,240,2,2
917,241,2,2
917,242,2,2
917,243,2,2
917,244,2,2
917,245,2,2
917,246,2,2
917,247,2,2
917,248,2,2
917,249,2,2
917,250,2,2
917,251,2,2
917,252,2,2
917,253,2,2
917,254,2,2
917,255,2,2
917,256,2,2
917,257,2,2
917,258,2,2
917,259,2,2
917,260,2,2
917,261,2,2
917,262,2,2
917,263,2,2
917,264,2,2
917,265,2,2
917,266,2,2
917,267,2,2
917,268,2,2
917,269,2,2
917,270,2,2
917,271,2,2
917,272,2,2
917,273,2,2
917,274,2,2
917,275,2,2
917,276,2,2
917,277,2,2
917,278,2,2
917,279,2,2
917,280,2,2
917,281,2,2
917,282,2,2
917,283,2,2
917,284,2,2
917,285,2,2
917,286,2,2
917,287,2,2
917,288,2,2
917,289,2,2
917,290,2,2
917,291,2,2
917,292,2,2
917,293,2,2
917,294,2,2
917,295,2,2
917,296,2,2
917,297,2,2
917,298,2,2
917,299,2,2
917,300,2,2
917,301,2,2
917,302,2,2
917,303,2,2
917,304,2,2
917,305,2,2
917,306,2,2
917,307,2,2
917,308,2,2
917,309,2,2
917,310,2,2
917,311,2,2
917,312,2,2
917,313,2,2
917,314,2,2
917,315,2,2
917,316,2,2
917,317,2,2
917,318,2,2
917,319,2,2
917,320,2,2
917,321,2,2
917,322,2,2
917,323,2,2
917,324,2,2
917,325,2,2
917,326,2,2
917,327,2,2
917,328,2,2
917,329,2,2
917,330,2,2
917,331,2,2
917,332,2,2
917,333,2,2
917,334,2,2
917,335,2,2
917,336,2,2
917,337,2,2
917,338,2,2
917,339,2,2
917,340,2,2
917,341,2,2
917,342,2,2
917,343,2,2
917,344,2,2
917,345,2,2
917,346,2,2
917,347,2,2
917,348,2,2
917,349,2,2
917,350,2,2
917,351,2,2
917,352,2,2
917,353,2,2
917,354,2,2
917,355,2,2
917,356,2,2
917,357,2,2
917,358,2,2
917,359,2,2
917,360,2,2
917,361,2,2
917,362,2,2
917,363,2,2
917,364,2,2
917,365,2,2
917,366,2,2
917,367,2,2
917,368,2,3
917,369,2,3
917,370,2,3
917,371,2,3
917,372,2,3
917,373,2,3
917,374,2,3
917,375,2,3
917,376,2,3
917,377,2,3
917,378,2,3
917,379,2,3
917,380,2,3
917,381,2,3
917,382,2,3
917,383,2,3
917,384,2,3
917,385,2,3
917,386,2,3
917,387,2,3
917,388,2,3
917,389,2,3
917,390,2,3
917,391,2,3
917,392,2,3
917,393,2,3
917,394,2,3
917,395,2,3
917,396,2,3
917,397,2,3
917,398,2,3
917,399,2,3
917,400,2,3
917,401,2,3
917,402,2,3
917,403,2,3
917,404,2,3
917,405,2,3
917,406,2,3
917,407,2,3
917,408,2,3
917,409,2,3
917,410,2,3
917,411,2,3
917,412,2,3
917,413,2,3
917,414,2,3
917,415,2,3
917,416,2,3
917,417,2,3
917,418,2,3
917,419,2,3
917,420,2,3
917,421,2,3
917,422,2,3
917,423,2,3
917,424,2,3
917,425,2,3
917,426,2,3
917,427,2,3
917,428,2,3
917,429,2,3
917,430,2,3
917,431,2,3
917,432,2,3
917,433,2,3
917,434,2,3
917,435,2,3
917,436,2,3
917,437,2,3
917,438,2,3
917,439,2,3
917,440,2,3
917,441,2,3
917,442,2,3
917,443,2,3
917,444,2,3
917,445,2,3
917,446,2,3
917,447,2,3
917,448,2,3
917,449,2,3
917,450,2,3
917,451,2,3
917,452,2,3
917,453,2,2
917,454,2,2
917,455,2,2
917,456,2,2
917,457,2,2
917,458,2,2
917,459,2,2
917,460,2,2
917,461,2,2
917,462,2,2
917,463,2,2
917,464,2,2
917,465,2,2
917,466,2,2
917,467,2,2
917,468,2,2
917,469,2,2
917,470,2,2
917,471,2,2
917,472,2,2
917,473,2,2
917,474,2,2
917,475,2,2
917,476,2,2
917,477,2,2
917,478,2,2
917,479,2,2
917,480,2,2
917,481,2,2
917,482,2,2
917,483,2,2
917,484,2,2
917,485,2,2
917,486,2,2
917,487,2,2
917,488,2,2
917,489,2,2
917,490,2,2
917,491,2,2
917,492,2,2
917,493,2,2
917,494,2,2
917,495,2,2
917,496,2,2
917,497,2,2
917,498,2,2
917,499,2,2
917,500,2,2
917,501,2,2
917,502,2,2
917,503,2,2
917,504,2,2
917,505,2,2
917,506,2,2
917,507,2,2
917,508,2,2
917,509,2,2
917,510,2,2
918,135,2,2
918,136,2,2
918,137,2,2
918,138,2,2
918,139,2,2
918,140,2,2
918,141,2,2
918,142,2,2
918,143,2,2
918,144,2,2
918,145,2,2
918,146,2,2
918,147,2,2
918,148,2,2
918,149,2,2
918,150,2,2
918,151,2,2
918,152,2,2
918,153,2,2
918,154,2,2
918,155,2,2
918,156,2,2
918,157,2,2
918,158,2,2
918,159,2,2
918,160,2,2
918,161,2,2
918,162,2,2
918,163,2,2
918,164,2,2
918,165,2,2
918,166,2,2
918,167,2,2
918,168,2,2
918,169,2,2
918,170,2,2
918,171,2,2
918,172,2,2
918,173,2,2
918,174,2,2
918,175,2,2
918,176,2,2
918,177,2,2
918,178,2,2
918,179,2,2
918,180,2,2
918,181,2,2
918,182,2,2
918,183,2,2
918,184,2,2
918,185,2,2
918,186,2,2
918,187,2,2
918,188,2,2
918,189,2,2
918,190,2,2
918,191,2,2
918,192,2,2
918,193,2,2
918,194,2,2
918,195,2,2
918,196,2,2
918,197,2,2
918,198,2,2
918,199,2,2
918,200,2,2
918,201,2,2
918,202,2,2
918,203,2,2
918,204,2,2
918,205,2,2
918,206,2,2
918,207,2,2
918,208,2,2
918,209,2,2
918,210,2,2
918,211,2,2
918,212,2,2
918,213,2,2
918,214,2,2
918,215,2,2
918,216,2,2
918,217,2,2
918,218,2,2
918,219,2,2
918,220,2,2
918,221,2,2
918,222,2,2
918,223,2,2
918,224,2,2
918,225,2,2
918,226,2,2
918,227,2,2
918,228,2,2
918,229,2,2
918,230,2,2
918,231,2,2
918,232,2,2
918,233,2,2
918,234,2,2
918,235,2,2
918,236,2,2
918,237,2,2
918,238,2,2
918,239,2,2
918,240,2,2
918,241,2,2
918,242,2,2
918,243,2,2
918,244,2,2
918,245,2,2
918,246,2,2
918,247,2,2
918,248,2,2
918,249,2,2
918,250,2,2
918,251,2,2
918,252,2,2
918,253,2,2
918,254,2,2
918,255,2,2
918,256,2,2
918,257,2,2
918,258,2,2
918,259,2,2
918,260,2,2
918,261,2,2
918,262,2,2
918,263,2,2
918,264,2,2
918,265,2,2
918,266,2,2
918,267,2,2
918,268,2,2
918,269,2,2
918,270,2,2
918,271,2,2
918,272,2,2
918,273,2,2
918,274,2,2
918,275,2,2
918,276,2,2
918,277,2,2
918,278,2,2
918,279,2,2
918,280,2,2
918,281,2,2
918,282,2,2
918,283,2,2
918,284,2,2
918,285,2,2
918,286,2,2
918,287,2,2
918,288,2,2
918,289,2,2
918,290,2,2
918,291,2,2
918,292,2,2
918,293,2,2
918,294,2,2
918,295,2,2
918,296,2,2
918,297,2,2
918,298,2,2
918,299,2,2
918,300,2,2
918,301,2,2
918,302,2,2
918,303,2,2
918,304,2,2
918,305,2,2
918,306,2,2
918,307,2,2
918,308,2,2
918,309,2,2
918,310,2,2
918,311,2,2
918,312,2,2
918,313,2,2
918,314,2,2
918,315,2,2
918,316,2,2
918,317,2,2
918,318,2,2
918,319,2,2
918,320,2,2
918,321,2,2
918,322,2,2
918,323,2,2
918,324,2,2
918,325,2,2
918,326,2,2
918,327,2,2
918,328,2,2
918,329,2,2
918,330,2,2
918,331,2,2
918,332,2,2
918,333,2,2
918,334,2,2
918,335,2,2
918,336,2,2
918,337,2,2
918,338,2,2
918,339,2,2
918,340,2,2
918,341,2,2
918,342,2,2
918,343,2,2
918,344,2,2
918,345,2,2
918,346,2,2
918,347,2,2
918,348,2,2
918,349,2,2
918,350,2,2
918,351,2,2
918,352,2,2
918,353,2,2
918,354,2,2
918,355,2,2
918,356,2,2
918,357,2,2
918,358,2,2
918,359,2,2
918,360,2,2
918,361,2,2
918,362,2,2
918,363,2,2
918,364,2,2
918,365,2,2
918,366,2,2
918,367,2,3
918,368,2,3
918,369,2,3
918,370,2,3
918,371,2,3
918,372,2,3
918,373,2,3
918,374,2,3
918,375,2,3
918,376,2,3
918,377,2,3
918,378,2,3
918,379,2,3
918,380,2,3
918,381,2,3
918,382,2,3
918,383,2,3
918,384,2,3
918,385,2,3
918,386,2,3
918,387,2,3
918,388,2,3
918,389,2,3
918,390,2,3
918,391,2,3
918,392,2,3
918,393,2,3
918,394,2,3
918,395,2,3
918,396,2,3
918,397,2,3
918,398,2,3
918,399,2,3
918,400,2,3
918,401,2,3
918,402,2,3
918,403,2,3
918,404,2,3
918,405,2,3
918,406,2,3
918,407,2,3
918,408,2,3
918,409,2,3
918,410,2,3
918,411,2,3
918,412,2,3
918,413,2,3
918,414,2,3
918,415,2,3
918,416,2,3
918,417,2,3
918,418,2,3
918,419,2,3
918,420,2,3
918,421,2,3
918,422,2,3
918,423,2,3
918,424,2,3
918,425,2,3
918,426,2,3
918,427,2,3
918,428,2,3
918,429,2,3
918,430,2,3
918,431,2,3
918,432,2,3
918,433,2,3
918,434,2,3
918,435,2,3
918,436,2,3
918,437,2,3
918,438,2,3
918,439,2,3
918,440,2,3
918,441,2,3
918,442,2,3
918,443,2,3
918,444,2,3
918,445,2,3
918,446,2,3
918,447,2,3
918,448,2,3
918,449,2,3
918,450,2,3
918,451,2,3
918,452,2,3
918,453,2,2
918,454,2,2
918,455,2,2
918,456,2,2
918,457,2,2
918,458,2,2
918,459,2,2
918,460,2,2
918,461,2,2
918,462,2,2
918,463,2,2
918,464,2,2
918,465,2,2
918,466,2,2
918,467,2,2
918,468,2,2
918,469,2,2
918,470,2,2
918,471,2,2
918,472,2,2
918,473,2,2
918,474,2,2
918,475,2,2
918,476,2,2
918,477,2,2
918,478,2,2
918,479,2,2
918,480,2,2
918,481,2,2
918,482,2,2
918,483,2,2
918,484,2,2
918,485,2,2
918,486,2,2
918,487,2,2
918,488,2,2
918,489,2,2
918,490,2,2
918,491,2,2
918,492,2,2
918,493,2,2
918,494,2,2
918,495,2,2
918,496,2,2
918,497,2,2
918,498,2,2
918,499,2,2
918,500,2,2
918,501,2,2
918,502,2,2
918,503,2,2
918,504,2,2
918,505,2,2
918,506,2,2
918,507,2,2
919,138,2,2
919,139,2,2
919,140,2,2
919,141,2,2
919,142,2,2
919,143,2,2
919,144,2,2
919,145,2,2
919,146,2,2
919,147,2,2
919,148,2,2
919,149,2,2
919,150,2,2
919,151,2,2
919,152,2,2
919,153,2,2
919,154,2,2
919,155,2,2
919,156,2,2
919,157,2,2
919,158,2,2
919,159,2,2
919,160,2,2
919,161,2,2
919,162,2,2
919,163,2,2
919,164,2,2
919,165,2,2
919,166,2,2
919,167,2,2
919,168,2,2
919,169,2,2
919,170,2,2
919,171,2,2
919,172,2,2
919,173,2,2
919,174,2,2
919,175,2,2
919,176,2,2
919,177,2,2
919,178,2,2
919,179,2,2
919,180,2,2
919,181,2,2
919,182,2,2
919,183,2,2
919,184,2,2
919,185,2,2
919,186,2,2
919,187,2,2
919,188,2,2
919,189,2,2
919,190,2,2
919,191,2,2
919,192,2,2
919,193,2,2
919,194,2,2
919,195,2,2
919,196,2,2
919,197,2,2
919,198,2,2
919,199,2,2
919,200,2,2
919,201,2,2
919,202,2,2
919,203,2,2
919,204,2,2
919,205,2,2
919,206,2,2
919,207,2,2
919,208,2,2
919,209,2,2
919,210,2,2
919,211,2,2
919,212,2,2
919,213,2,2
919,214,2,2
919,215,2,2
919,216,2,2
919,217,2,2
919,218,2,2
919,219,2,2
919,220,2,2
919,221,2,2
919,222,2,2
919,223,2,2
919,224,2,2
919,225,2,2
919,226,2,2
919,227,2,2
919,228,2,2
919,229,2,2
919,230,2,2
919,231,2,2
919,232,2,2
919,233,2,2
919,234,2,2
919,235,2,2
919,236,2,2
919,237,2,2
919,238,2,2
919,239,2,2
919,240,2,2
919,241,2,2
919,242,2,2
919,243,2,2
919,244,2,2
919,245,2,2
919,246,2,2
919,247,2,2
919,248,2,2
919,249,2,2
919,250,2,2
919,251,2,2
919,252,2,2
919,253,2,2
919,254,2,2
919,255,2,2
919,256,2,2
919,257,2,2
919,258,2,2
919,259,2,2
919,260,2,2
919,261,2,2
919,262,2,2
919,263,2,2
919,264,2,2
919,265,2,2
919,266,2,2
919,267,2,2
919,268,2,2
919,269,2,2
919,270,2,2
919,271,2,2
919,272,2,2
919,273,2,2
919,274,2,2
919,275,2,2
919,276,2,2
919,277,2,2
919,278,2,2
919,279,2,2
919,280,2,2
919,281,2,2
919,282,2,2
919,283,2,2
919,284,2,2
919,285,2,2
919,286,2,2
919,287,2,2
919,288,2,2
919,289,2,2
919,290,2,2
919,291,2,2
919,292,2,2
919,293,2,2
919,294,2,2
919,295,2,2
919,296,2,2
919,297,2,2
919,298,2,2
919,299,2,2
919,300,2,2
919,301,2,2
919,302,2,2
919,303,2,2
919,304,2,2
919,305,2,2
919,306,2,2
919,307,2,2
919,308,2,2
919,309,2,2
919,310,2,2
919,311,2,2
919,312,2,2
919,313,2,2
919,314,2,2
919,315,2,2
919,316,2,2
919,317,2,2
919,318,2,2
919,319,2,2
919,320,2,2
919,321,2,2
919,322,2,2
919,323,2,2
919,324,2,2
919,325,2,2
919,326,2,2
919,327,2,2
919,328,2,2
919,329,2,2
919,330,2,2
919,331,2,2
919,332,2,2
919,333,2,2
919,334,2,2
919,335,2,2
919,336,2,2
919,337,2,2
919,338,2,2
919,339,2,2
919,340,2,2
919,341,2,2
919,342,2,2
919,343,2,2
919,344,2,2
919,345,2,2
919,346,2,2
919,347,2,2
919,348,2,2
919,349,2,2
919,350,2,2
919,351,2,2
919,352,2,2
919,353,2,2
919,354,2,2
919,355,2,2
919,356,2,2
919,357,2,2
919,358,2,2
919,359,2,2
919,360,2,2
919,361,2,2
919,362,2,2
919,363,2,2
919,364,2,2
919,365,2,2
919,366,2,2
919,367,2,3
919,368,2,3
919,369,2,3
919,370,2,3
919,371,2,3
919,372,2,3
919,373,2,3
919,374,2,3
919,375,2,3
919,376,2,3
919,377,2,3
919,378,2,3
919,379,2,3
919,380,2,3
919,381,2,3
919,382,2,3
919,383,2,3
919,384,2,3
919,385,2,3
919,386,2,3
919,387,2,3
919,388,2,3
919,389,2,3
919,390,2,3
919,391,2,3
919,392,2,3
919,393,2,3
919,394,2,3
919,395,2,3
919,396,2,3
919,397,2,3
919,398,2,3
919,399,2,3
919,400,2,3
919,401,2,3
919,402,2,3
919,403,2,3
919,404,2,3
919,405,2,3
919,406,2,3
919,407,2,3
919,408,2,3
919,409,2,3
919,410,2,3
919,411,2,3
919,412,2,3
919,413,2,3
919,414,2,3
919,415,2,3
919,416,2,3
919,417,2,3
919,418,2,3
919,419,2,3
919,420,2,3
919,421,2,3
919,422,2,3
919,423,2,3
919,424,2,3
919,425,2,3
919,426,2,3
919,427,2,3
919,428,2,3
919,429,2,3
919,430,2,3
919,431,2,3
919,432,2,3
919,433,2,3
919,434,2,3
919,435,2,3
919,436,2,3
919,437,2,3
919,438,2,3
919,439,2,3
919,440,2,3
919,441,2,3
919,442,2,3
919,443,2,3
919,444,2,3
919,445,2,3
919,446,2,3
919,447,2,3
919,448,2,3
919,449,2,3
919,450,2,3
919,451,2,3
919,452,2,2
919,453,2,2
919,454,2,2
919,455,2,2
919,456,2,2
919,457,2,2
919,458,2,2
919,459,2,2
919,460,2,2
919,461,2,2
919,462,2,2
919,463,2,2
919,464,2,2
919,465,2,2
919,466,2,2
919,467,2,2
919,468,2,2
919,469,2,2
919,470,2,2
919,471,2,2
919,472,2,2
919,473,2,2
919,474,2,2
919,475,2,2
919,476,2,2
919,477,2,2
919,478,2,2
919,479,2,2
919,480,2,2
919,481,2,2
919,482,2,2
919,483,2,2
919,484,2,2
919,485,2,2
919,486,2,2
919,487,2,2
919,488,2,2
919,489,2,2
919,490,2,2
919,491,2,2
919,492,2,2
919,493,2,2
919,494,2,2
919,495,2,2
919,496,2,2
919,497,2,2
919,498,2,2
919,499,2,2
919,500,2,2
919,501,2,2
919,502,2,2
919,503,2,2
919,504,2,2
920,139,2,2
920,140,2,2
920,141,2,2
920,142,2,2
920,143,2,2
920,144,2,2
920,145,2,2
920,146,2,2
920,147,2,2
920,148,2,2
920,149,2,2
920,150,2,2
920,151,2,2
920,152,2,2
920,153,2,2
920,154,2,2
920,155,2,2
920,156,2,2
920,157,2,2
920,158,2,2
920,159,2,2
920,160,2,2
920,161,2,2
920,162,2,2
920,163,2,2
920,164,2,2
920,165,2,2
920,166,2,2
920,167,2,2
920,168,2,2
920,169,2,2
920,170,2,2
920,171,2,2
920,172,2,2
920,173,2,2
920,174,2,2
920,175,2,2
920,176,2,2
920,177,2,2
920,178,2,2
920,179,2,2
920,180,2,2
920,181,2,2
920,182,2,2
920,183,2,2
920,184,2,2
920,185,2,2
920,186,2,2
920,187,2,2
920,188,2,2
920,189,2,2
920,190,2,2
920,191,2,2
920,192,2,2
920,193,2,2
920,194,2,2
920,195,2,2
920,196,2,2
920,197,2,2
920,198,2,2
920,199,2,2
920,200,2,2
920,201,2,2
920,202,2,2
920,203,2,2
920,204,2,2
920,205,2,2
920,206,2,2
920,207,2,2
920,208,2,2
920,209,2,2
920,210,2,2
920,211,2,2
920,212,2,2
920,213,2,2
920,214,2,2
920,215,2,2
920,216,2,2
920,217,2,2
920,218,2,2
920,219,2,2
920,220,2,2
920,221,2,2
920,222,2,2
920,223,2,2
920,224,2,2
920,225,2,2
920,226,2,2
920,227,2,2
920,228,2,2
920,229,2,2
920,230,2,2
920,231,2,2
920,232,2,2
920,233,2,2
920,234,2,2
920,235,2,2
920,236,2,2
920,237,2,2
920,238,2,2
920,239,2,2
920,240,2,2
920,241,2,2
920,242,2,2
920,243,2,2
920,244,2,2
920,245,2,2
920,246,2,2
920,247,2,2
920,248,2,2
920,249,2,2
920,250,2,2
920,251,2,2
920,252,2,2
920,253,2,2
920,254,2,2
920,255,2,2
920,256,2,2
920,257,2,2
920,258,2,2
920,259,2,2
920,260,2,2
920,261,2,2
920,262,2,2
920,263,2,2
920,264,2,2
920,265,2,2
920,266,2,2
920,267,2,2
920,268,2,2
920,269,2,2
920,270,2,2
920,271,2,2
920,272,2,2
920,273,2,2
920,274,2,2
920,275,2,2
920,276,2,2
920,277,2,2
920,278,2,2
920,279,2,2
920,280,2,2
920,281,2,2
920,282,2,2
920,283,2,2
920,284,2,2
920,285,2,2
920,286,2,2
920,287,2,2
920,288,2,2
920,289,2,2
920,290,2,2
920,291,2,2
920,292,2,2
920,293,2,2
920,294,2,2
920,295,2,2
920,296,2,2
920,297,2,2
920,298,2,2
920,299,2,2
920,300,2,2
920,301,2,2
920,302,2,2
920,303,2,2
920,304,2,2
920,305,2,2
920,306,2,2
920,307,2,2
920,308,2,2
920,309,2,2
920,310,2,2
920,311,2,2
920,312,2,2
920,313,2,2
920,314,2,2
920,315,2,2
920,316,2,2
920,317,2,2
920,318,2,2
920,319,2,2
920,320,2,2
920,321,2,2
920,322,2,2
920,323,2,2
920,324,2,2
920,325,2,2
920,326,2,2
920,327,2,2
920,328,2,2
920,329,2,2
920,330,2,2
920,331,2,2
920,332,2,2
920,333,2,2
920,334,2,2
920,335,2,2
920,336,2,2
920,337,2,2
920,338,2,2
920,339,2,2
920,340,2,2
920,341,2,2
920,342,2,2
920,343,2,2
920,344,2,2
920,345,2,2
920,346,2,2
920,347,2,2
920,348,2,2
920,349,2,2
920,350,2,2
920,351,2,2
920,352,2,2
920,353,2,2
920,354,2,2
920,355,2,2
920,356,2,2
920,357,2,2
920,358,2,2
920,359,2,2
920,360,2,2
920,361,2,2
920,362,2,2
920,363,2,2
920,364,2,2
920,365,2,2
920,366,2,3
920,367,2,3
920,368,2,3
920,369,2,3
920,370,2,3
920,371,2,3
920,372,2,3
920,373,2,3
920,374,2,3
920,375,2,3
920,376,2,3
920,377,2,3
920,378,2,3
920,379,2,3
920,380,2,3
920,381,2,3
920,382,2,3
920,383,2,3
920,384,2,3
920,385,2,3
920,386,2,3
920,387,2,3
920,388,2,3
920,389,2,3
920,390,2,3
920,391,2,3
920,392,2,3
920,393,2,3
920,394,2,3
920,395,2,3
920,396,2,3
920,397,2,3
920,398,2,3
920,399,2,3
920,400,2,3
920,401,2,3
920,402,2,3
920,403,2,3
920,404,2,3
920,405,2,3
920,406,2,3
920,407,2,3
920,408,2,3
920,409,2,3
920,410,2,3
920,411,2,3
920,412,2,3
920,413,2,3
920,414,2,3
920,415,2,3
920,416,2,3
920,417,2,3
920,418,2,3
920,419,2,3
920,420,2,3
920,421,2,3
920,422,2,3
920,423,2,3
920,424,2,3
920,425,2,3
920,426,2,3
920,427,2,3
920,428,2,3
920,429,2,3
920,430,2,3
920,431,2,3
920,432,2,3
920,433,2,3
920,434,2,3
920,435,2,3
920,436,2,3
920,437,2,3
920,438,2,3
920,439,2,3
920,440,2,3
920,441,2,3
920,442,2,3
920,443,2,3
920,444,2,3
920,445,2,3
920,446,2,3
920,447,2,3
920,448,2,3
920,449,2,3
920,450,2,3
920,451,2,3
920,452,2,2
920,453,2,2
920,454,2,2
920,455,2,2
920,456,2,2
920,457,2,2
920,458,2,2
920,459,2,2
920,460,2,2
920,461,2,2
920,462,2,2
920,463,2,2
920,464,2,2
920,465,2,2
920,466,2,2
920,467,2,2
920,468,2,2
920,469,2,2
920,470,2,2
920,471,2,2
920,472,2,2
920,473,2,2
920,474,2,2
920,475,2,2
920,476,2,2
920,477,2,2
920,478,2,2
920,479,2,2
920,480,2,2
920,481,2,2
920,482,2,2
920,483,2,2
920,484,2,2
920,485,2,2
920,486,2,2
920,487,2,2
920,488,2,2
920,489,2,2
920,490,2,2
920,491,2,2
920,492,2,2
920,493,2,2
920,494,2,2
920,495,2,2
920,496,2,2
920,497,2,2
920,498,2,2
920,499,2,2
920,500,2,2
920,501,2,2
920,502,2,2
920,503,2,2
920,504,2,2
921,140,2,2
921,141,2,2
921,142,2,2
921,143,2,2
921,144,2,2
921,145,2,2
921,146,2,2
921,147,2,2
921,148,2,2
921,149,2,2
921,150,2,2
921,151,2,2
921,152,2,2
921,153,2,2
921,154,2,2
921,155,2,2
921,156,2,2
921,157,2,2
921,158,2,2
921,159,2,2
921,160,2,2
921,161,2,2
921,162,2,2
921,163,2,2
921,164,2,2
921,165,2,2
921,166,2,2
921,167,2,2
921,168,2,2
921,169,2,2
921,170,2,2
921,171,2,2
921,172,2,2
921,173,2,2
921,174,2,2
921,175,2,2
921,176,2,2
921,177,2,2
921,178,2,2
921,179,2,2
921,180,2,2
921,181,2,2
921,182,2,2
921,183,2,2
921,184,2,2
921,185,2,2
921,186,2,2
921,187,2,2
921,188,2,2
921,189,2,2
921,190,2,2
921,191,2,2
921,192,2,2
921,193,2,2
921,194,2,2
921,195,2,2
921,196,2,2
921,197,2,2
921,198,2,2
921,199,2,2
921,200,2,2
921,201,2,2
921,202,2,2
921,203,2,2
921,204,2,2
921,205,2,2
921,206,2,2
921,207,2,2
921,208,2,2
921,209,2,2
921,210,2,2
921,211,2,2
921,212,2,2
921,213,2,2
921,214,2,2
921,215,2,2
921,216,2,2
921,217,2,2
921,218,2,2
921,219,2,2
921,220,2,2
921,221,2,2
921,222,2,2
921,223,2,2
921,224,2,2
921,225,2,2
921,226,2,2
921,227,2,2
921,228,2,2
921,229,2,2
921,230,2,2
921,231,2,2
921,232,2,2
921,233,2,2
921,234,2,2
921,235,2,2
921,236,2,2
921,237,2,2
921,238,2,2
921,239,2,2
921,240,2,2
921,241,2,2
921,242,2,2
921,243,2,2
921,244,2,2
921,245,2,2
921,246,2,2
921,247,2,2
921,248,2,2
921,249,2,2
921,250,2,2
921,251,2,2
921,252,2,2
921,253,2,2
921,254,2,2
921,255,2,2
921,256,2,2
921,257,2,2
921,258,2,2
921,259,2,2
921,260,2,2
921,261,2,2
921,262,2,2
921,263,2,2
921,264,2,2
921,265,2,2
921,266,2,2
921,267,2,2
921,268,2,2
921,269,2,2
921,270,2,2
921,271,2,2
921,272,2,2
921,273,2,2
921,274,2,2
921,275,2,2
921,276,2,2
921,277,2,2
921,278,2,2
921,279,2,2
921,280,2,2
921,281,2,2
921,282,2,2
921,283,2,2
921,284,2,2
921,285,2,2
921,286,2,2
921,287,2,2
921,288,2,2
921,289,2,2
921,290,2,2
921,291,2,2
921,292,2,2
921,293,2,2
921,294,2,2
921,295,2,2
921,296,2,2
921,297,2,2
921,298,2,2
921,299,2,2
921,300,2,2
921,301,2,2
921,302,2,2
921,303,2,2
921,304,2,2
921,305,2,2
921,306,2,2
921,307,2,2
921,308,2,2
921,309,2,2
921,310,2,2
921,311,2,2
921,312,2,2
921,313,2,2
921,314,2,2
921,315,2,2
921,316,2,2
921,317,2,2
921,318,2,2
921,319,2,2
921,320,2,2
921,321,2,2
921,322,2,2
921,323,2,2
921,324,2,2
921,325,2,2
921,326,2,2
921,327,2,2
921,328,2,2
921,329,2,2
921,330,2,2
921,331,2,2
921,332,2,2
921,333,2,2
921,334,2,2
921,335,2,2
921,336,2,2
921,337,2,2
921,338,2,2
921,339,2,2
921,340,2,2
921,341,2,2
921,342,2,2
921,343,2,2
921,344,2,2
921,345,2,2
921,346,2,2
921,347,2,2
921,348,2,2
921,349,2,2
921,350,2,2
921,351,2,2
921,352,2,2
921,353,2,2
921,354,2,2
921,355,2,2
921,356,2,2
921,357,2,2
921,358,2,2
921,359,2,2
921,360,2,2
921,361,2,2
921,362,2,2
921,363,2,2
921,364,2,2
921,365,2,3
921,366,2,3
921,367,2,3
921,368,2,3
921,369,2,3
921,370,2,3
921,371,2,3
921,372,2,3
921,373,2,3
921,374,2,3
921,375,2,3
921,376,2,3
921,377,2,3
921,378,2,3
921,379,2,3
921,380,2,3
921,381,2,3
921,382,2,3
921,383,2,3
921,384,2,3
921,385,2,3
921,386,2,3
921,387,2,3
921,388,2,3
921,389,2,3
921,390,2,3
921,391,2,3
921,392,2,3
921,393,2,3
921,394,2,3
921,395,2,3
921,396,2,3
921,397,2,3
921,398,2,3
921,399,2,3
921,400,2,3
921,401,2,3
921,402,2,3
921,403,2,3
921,404,2,3
921,405,2,3
921,406,2,3
921,407,2,3
921,408,2,3
921,409,2,3
921,410,2,3
921,411,2,3
921,412,2,3
921,413,2,3
921,414,2,3
921,415,2,3
921,416,2,3
921,417,2,3
921,418,2,3
921,419,2,3
921,420,2,3
921,421,2,3
921,422,2,3
921,423,2,3
921,424,2,3
921,425,2,3
921,426,2,3
921,427,2,3
921,428,2,3
921,429,2,3
921,430,2,3
921,431,2,3
921,432,2,3
921,433,2,3
921,434,2,3
921,435,2,3
921,436,2,3
921,437,2,3
921,438,2,3
921,439,2,3
921,440,2,3
921,441,2,3
921,442,2,3
921,443,2,3
921,444,2,3
921,445,2,3
921,446,2,3
921,447,2,3
921,448,2,3
921,449,2,3
921,450,2,3
921,451,2,2
921,452,2,2
921,453,2,2
921,454,2,2
921,455,2,2
921,456,2,2
921,457,2,2
921,458,2,2
921,459,2,2
921,460,2,2
921,461,2,2
921,462,2,2
921,463,2,2
921,464,2,2
921,465,2,2
921,466,2,2
921,467,2,2
921,468,2,2
921,469,2,2
921,470,2,2
921,471,2,2
921,472,2,2
921,473,2,2
921,474,2,2
921,475,2,2
921,476,2,2
921,477,2,2
921,478,2,2
921,479,2,2
921,480,2,2
921,481,2,2
921,482,2,2
921,483,2,2
921,484,2,2
921,485,2,2
921,486,2,2
921,487,2,2
921,488,2,2
921,489,2,2
921,490,2,2
921,491,2,2
921,492,2,2
921,493,2,2
921,494,2,2
921,495,2,2
921,496,2,2
921,497,2,2
921,498,2,2
921,499,2,2
921,500,2,2
921,501,2,2
921,502,2,2
921,503,2,2
922,142,2,2
922,143,2,2
922,144,2,2
922,145,2,2
922,146,2,2
922,147,2,2
922,148,2,2
922,149,2,2
922,150,2,2
922,151,2,2
922,152,2,2
922,153,2,2
922,154,2,2
922,155,2,2
922,156,2,2
922,157,2,2
922,158,2,2
922,159,2,2
922,160,2,2
922,161,2,2
922,162,2,2
922,163,2,2
922,164,2,2
922,165,2,2
922,166,2,2
922,167,2,2
922,168,2,2
922,169,2,2
922,170,2,2
922,171,2,2
922,172,2,2
922,173,2,2
922,174,2,2
922,175,2,2
922,176,2,2
922,177,2,2
922,178,2,2
922,179,2,2
922,180,2,2
922,181,2,2
922,182,2,2
922,183,2,2
922,184,2,2
922,185,2,2
922,186,2,2
922,187,2,2
922,188,2,2
922,189,2,2
922,190,2,2
922,191,2,2
922,192,2,2
922,193,2,2
922,194,2,2
922,195,2,2
922,196,2,2
922,197,2,2
922,198,2,2
922,199,2,2
922,200,2,2
922,201,2,2
922,202,2,2
922,203,2,2
922,204,2,2
922,205,2,2
922,206,2,2
922,207,2,2
922,208,2,2
922,209,2,2
922,210,2,2
922,211,2,2
922,212,2,2
922,213,2,2
922,214,2,2
922,215,2,2
922,216,2,2
922,217,2,2
922,218,2,2
922,219,2,2
922,220,2,2
922,221,2,2
922,222,2,2
922,223,2,2
922,224,2,2
922,225,2,2
922,226,2,2
922,227,2,2
922,228,2,2
922,229,2,2
922,230,2,2
922,231,2,2
922,232,2,2
922,233,2,2
922,234,2,2
922,235,2,2
922,236,2,2
922,237,2,2
922,238,2,2
922,239,2,2
922,240,2,2
922,241,2,2
922,242,2,2
922,243,2,2
922,244,2,2
922,245,2,2
922,246,2,2
922,247,2,2
922,248,2,2
922,249,2,2
922,250,2,2
922,251,2,2
922,252,2,2
922,253,2,2
922,254,2,2
922,255,2,2
922,256,2,2
922,257,2,2
922,258,2,2
922,259,2,2
922,260,2,2
922,261,2,2
922,262,2,2
922,263,2,2
922,264,2,2
922,265,2,2
922,266,2,2
922,267,2,2
922,268,2,2
922,269,2,2
922,270,2,2
922,271,2,2
922,272,2,2
922,273,2,2
922,274,2,2
922,275,2,2
922,276,2,2
922,277,2,2
922,278,2,2
922,279,2,2
922,280,2,2
922,281,2,2
922,282,2,2
922,283,2,2
922,284,2,2
922,285,2,2
922,286,2,2
922,287,2,2
922,288,2,2
922,289,2,2
922,290,2,2
922,291,2,2
922,292,2,2
922,293,2,2
922,294,2,2
922,295,2,2
922,296,2,2
922,297,2,2
922,298,2,2
922,299,2,2
922,300,2,2
922,301,2,2
922,302,2,2
922,303,2,2
922,304,2,2
922,305,2,2
922,306,2,2
922,307,2,2
922,308,2,2
922,309,2,2
922,310,2,2
922,311,2,2
922,312,2,2
922,313,2,2
922,314,2,2
922,315,2,2
922,316,2,2
922,317,2,2
922,318,2,2
922,319,2,2
922,320,2,2
922,321,2,2
922,322,2,2
922,323,2,2
922,324,2,2
922,325,2,2
922,326,2,2
922,327,2,2
922,328,2,2
922,329,2,2
922,330,2,2
922,331,2,2
922,332,2,2
922,333,2,2
922,334,2,2
922,335,2,2
922,336,2,2
922,337,2,2
922,338,2,2
922,339,2,2
922,340,2,2
922,341,2,2
922,342,2,2
922,343,2,2
922,344,2,2
922,345,2,2
922,346,2,2
922,347,2,2
922,348,2,2
922,349,2,2
922,350,2,2
922,351,2,2
922,352,2,2
922,353,2,2
922,354,2,2
922,355,2,2
922,356,2,2
922,357,2,2
922,358,2,2
922,359,2,2
922,360,2,2
922,361,2,2
922,362,2,2
922,363,2,2
922,364,2,3
922,365,2,3
922,366,2,3
922,367,2,3
922,368,2,3
922,369,2,3
922,370,2,3
922,371,2,3
922,372,2,3
922,373,2,3
922,374,2,3
922,375,2,3
922,376,2,3
922,377,2,3
922,378,2,3
922,379,2,3
922,380,2,3
922,381,2,3
922,382,2,3
922,383,2,3
922,384,2,3
922,385,2,3
922,386,2,3
922,387,2,3
922,388,2,3
922,389,2,3
922,390,2,3
922,391,2,3
922,392,2,3
922,393,2,3
922,394,2,3
922,395,2,3
922,396,2,3
922,397,2,3
922,398,2,3
922,399,2,3
922,400,2,3
922,401,2,3
922,402,2,3
922,403,2,3
922,404,2,3
922,405,2,3
922,406,2,3
922,407,2,3
922,408,2,3
922,409,2,3
922,410,2,3
922,411,2,3
922,412,2,3
922,413,2,3
922,414,2,3
922,415,2,3
922,416,2,3
922,417,2,3
922,418,2,3
922,419,2,3
922,420,2,3
922,421,2,3
922,422,2,3
922,423,2,3
922,424,2,3
922,425,2,3
922,426,2,3
922,427,2,3
922,428,2,3
922,429,2,3
922,430,2,3
922,431,2,3
922,432,2,3
922,433,2,3
922,434,2,3
922,435,2,3
922,436,2,3
922,437,2,3
922,438,2,3
922,439,2,3
922,440,2,3
922,441,2,3
922,442,2,3
922,443,2,3
922,444,2,3
922,445,2,3
922,446,2,3
922,447,2,3
922,448,2,3
922,449,2,3
922,450,2,3
922,451,2,2
922,452,2,2
922,453,2,2
922,454,2,2
922,455,2,2
922,456,2,2
922,457,2,2
922,458,2,2
922,459,2,2
922,460,2,2
922,461,2,2
922,462,2,2
922,463,2,2
922,464,2,2
922,465,2,2
922,466,2,2
922,467,2,2
922,468,2,2
922,469,2,2
922,470,2,2
922,471,2,2
922,472,2,2
922,473,2,2
922,474,2,2
922,475,2,2
922,476,2,2
922,477,2,2
922,478,2,2
922,479,2,2
922,480,2,2
922,481,2,2
922,482,2,2
922,483,2,2
922,484,2,2
922,485,2,2
922,486,2,2
922,487,2,2
922,488,2,2
922,489,2,2
922,490,2,2
922,491,2,2
922,492,2,2
922,493,2,2
922,494,2,2
922,495,2,2
922,496,2,2
922,497,2,2
922,498,2,2
922,499,2,2
922,500,2,2
922,501,2,2
923,143,2,2
923,144,2,2
923,145,2,2
923,146,2,2
923,147,2,2
923,148,2,2
923,149,2,2
923,150,2,2
923,151,2,2
923,152,2,2
923,153,2,2
923,154,2,2
923,155,2,2
923,156,2,2
923,157,2,2
923,158,2,2
923,159,2,2
923,160,2,2
923,161,2,2
923,162,2,2
923,163,2,2
923,164,2,2
923,165,2,2
923,166,2,2
923,167,2,2
923,168,2,2
923,169,2,2
923,170,2,2
923,171,2,2
923,172,2,2
923,173,2,2
923,174,2,2
923,175,2,2
923,176,2,2
923,177,2,2
923,178,2,2
923,179,2,2
923,180,2,2
923,181,2,2
923,182,2,2
923,183,2,2
923,184,2,2
923,185,2,2
923,186,2,2
923,187,2,2
923,188,2,2
923,189,2,2
923,190,2,2
923,191,2,2
923,192,2,2
923,193,2,2
923,194,2,2
923,195,2,2
923,196,2,2
923,197,2,2
923,198,2,2
923,199,2,2
923,200,2,2
923,201,2,2
923,202,2,2
923,203,2,2
923,204,2,2
923,205,2,2
923,206,2,2
923,207,2,2
923,208,2,2
923,209,2,2
923,210,2,2
923,211,2,2
923,212,2,2
923,213,2,2
923,214,2,2
923,215,2,2
923,216,2,2
923,217,2,2
923,218,2,2
923,219,2,2
923,220,2,2
923,221,2,2
923,222,2,2
923,223,2,2
923,224,2,2
923,225,2,2
923,226,2,2
923,227,2,2
923,228,2,2
923,229,2,2
923,230,2,2
923,231,2,2
923,232,2,2
923,233,2,2
923,234,2,2
923,235,2,2
923,236,2,2
923,237,2,2
923,238,2,2
923,239,2,2
923,240,2,2
923,241,2,2
923,242,2,2
923,243,2,2
923,244,2,2
923,245,2,2
923,246,2,2
923,247,2,2
923,248,2,2
923,249,2,2
923,250,2,2
923,251,2,2
923,252,2,2
923,253,2,2
923,254,2,2
923,255,2,2
923,256,2,2
923,257,2,2
923,258,2,2
923,259,2,2
923,260,2,2
923,261,2,2
923,262,2,2
923,263,2,2
923,264,2,2
923,265,2,2
923,266,2,2
923,267,2,2
923,268,2,2
923,269,2,2
923,270,2,2
923,271,2,2
923,272,2,2
923,273,2,2
923,274,2,2
923,275,2,2
923,276,2,2
923,277,2,2
923,278,2,2
923,279,2,2
923,280,2,2
923,281,2,2
923,282,2,2
923,283,2,2
923,284,2,2
923,285,2,2
923,286,2,2
923,287,2,2
923,288,2,2
923,289,2,2
923,290,2,2
923,291,2,2
923,292,2,2
923,293,2,2
923,294,2,2
923,295,2,2
923,296,2,2
923,297,2,2
923,298,2,2
923,299,2,2
923,300,2,2
923,301,2,2
923,302,2,2
923,303,2,2
923,304,2,2
923,305,2,2
923,306,2,2
923,307,2,2
923,308,2,2
923,309,2,2
923,310,2,2
923,311,2,2
923,312,2,2
923,313,2,2
923,314,2,2
923,315,2,2
923,316,2,2
923,317,2,2
923,318,2,2
923,319,2,2
923,320,2,2
923,321,2,2
923,322,2,2
923,323,2,2
923,324,2,2
923,325,2,2
923,326,2,2
923,327,2,2
923,328,2,2
923,329,2,2
923,330,2,2
923,331,2,2
923,332,2,2
923,333,2,2
923,334,2,2
923,335,2,2
923,336,2,2
923,337,2,2
923,338,2,2
923,339,2,2
923,340,2,2
923,341,2,2
923,342,2,2
923,343,2,2
923,344,2,2
923,345,2,2
923,346,2,2
923,347,2,2
923,348,2,2
923,349,2,2
923,350,2,2
923,351,2,2
923,352,2,2
923,353,2,2
923,354,2,2
923,355,2,2
923,356,2,2
923,357,2,2
923,358,2,2
923,359,2,2
923,360,2,2
923,361,2,2
923,362,2,2
923,363,2,2
923,364,2,3
923,365,2,3
923,366,2,3
923,367,2,3
923,368,2,3
923,369,2,3
923,370,2,3
923,371,2,3
923,372,2,3
923,373,2,3
923,374,2,3
923,375,2,3
923,376,2,3
923,377,2,3
923,378,2,3
923,379,2,3
923,380,2,3
923,381,2,3
923,382,2,3
923,383,2,3
923,384,2,3
923,385,2,3
923,386,2,3
923,387,2,3
923,388,2,3
923,389,2,3
923,390,2,3
923,391,2,3
923,392,2,3
923,393,2,3
923,394,2,3
923,395,2,3
923,396,2,3
923,397,2,3
923,398,2,3
923,399,2,3
923,400,2,3
923,401,2,3
923,402,2,3
923,403,2,3
923,404,2,3
923,405,2,3
923,406,2,3
923,407,2,3
923,408,2,3
923,409,2,3
923,410,2,3
923,411,2,3
923,412,2,3
923,413,2,3
923,414,2,3
923,415,2,3
923,416,2,3
923,417,2,3
923,418,2,3
923,419,2,3
923,420,2,3
923,421,2,3
923,422,2,3
923,423,2,3
923,424,2,3
923,425,2,3
923,426,2,3
923,427,2,3
923,428,2,3
923,429,2,3
923,430,2,3
923,431,2,3
923,432,2,3
923,433,2,3
923,434,2,3
923,435,2,3
923,436,2,3
923,437,2,3
923,438,2,3
923,439,2,3
923,440,2,3
923,441,2,3
923,442,2,3
923,443,2,3
923,444,2,3
923,445,2,3
923,446,2,3
923,447,2,3
923,448,2,3
923,449,2,3
923,450,2,2
923,451,2,2
923,452,2,2
923,453,2,2
923,454,2,2
923,455,2,2
923,456,2,2
923,457,2,2
923,458,2,2
923,459,2,2
923,460,2,2
923,461,2,2
923,462,2,2
923,463,2,2
923,464,2,2
923,465,2,2
923,466,2,2
923,467,2,2
923,468,2,2
923,469,2,2
923,470,2,2
923,471,2,2
923,472,2,2
923,473,2,2
923,474,2,2
923,475,2,2
923,476,2,2
923,477,2,2
923,478,2,2
923,479,2,2
923,480,2,2
923,481,2,2
923,482,2,2
923,483,2,2
923,484,2,2
923,485,2,2
923,486,2,2
923,487,2,2
923,488,2,2
923,489,2,2
923,490,2,2
923,491,2,2
923,492,2,2
923,493,2,2
923,494,2,2
923,495,2,2
923,496,2,2
923,497,2,2
923,498,2,2
923,499,2,2
924,144,2,2
924,145,2,2
924,146,2,2
924,147,2,2
924,148,2,2
924,149,2,2
924,150,2,2
924,151,2,2
924,152,2,2
924,153,2,2
924,154,2,2
924,155,2,2
924,156,2,2
924,157,2,2
924,158,2,2
924,159,2,2
924,160,2,2
924,161,2,2
924,162,2,2
924,163,2,2
924,164,2,2
924,165,2,2
924,166,2,2
924,167,2,2
924,168,2,2
924,169,2,2
924,170,2,2
924,171,2,2
924,172,2,2
924,173,2,2
924,174,2,2
924,175,2,2
924,176,2,2
924,177,2,2
924,178,2,2
924,179,2,2
924,180,2,2
924,181,2,2
924,182,2,2
924,183,2,2
924,184,2,2
924,185,2,2
924,186,2,2
924,187,2,2
924,188,2,2
924,189,2,2
924,190,2,2
924,191,2,2
924,192,2,2
924,193,2,2
924,194,2,2
924,195,2,2
924,196,2,2
924,197,2,2
924,198,2,2
924,199,2,2
924,200,2,2
924,201,2,2
924,202,2,2
924,203,2,2
924,204,2,2
924,205,2,2
924,206,2,2
924,207,2,2
924,208,2,2
924,209,2,2
924,210,2,2
924,211,2,2
924,212,2,2
924,213,2,2
924,214,2,2
924,215,2,2
924,216,2,2
924,217,2,2
924,218,2,2
924,219,2,2
924,220,2,2
924,221,2,2
924,222,2,2
924,223,2,2
924,224,2,2
924,225,2,2
924,226,2,2
924,227,2,2
924,228,2,2
924,229,2,2
924,230,2,2
924,231,2,2
924,232,2,2
924,233,2,2
924,234,2,2
924,235,2,2
924,236,2,2
924,237,2,2
924,238,2,2
924,239,2,2
924,240,2,2
924,241,2,2
924,242,2,2
924,243,2,2
924,244,2,2
924,245,2,2
924,246,2,2
924,247,2,2
924,248,2,2
924,249,2,2
924,250,2,2
924,251,2,2
924,252,2,2
924,253,2,2
924,254,2,2
924,255,2,2
924,256,2,2
924,257,2,2
924,258,2,2
924,259,2,2
924,260,2,2
924,261,2,2
924,262,2,2
924,263,2,2
924,264,2,2
924,265,2,2
924,266,2,2
924,267,2,2
924,268,2,2
924,269,2,2
924,270,2,2
924,271,2,2
924,272,2,2
924,273,2,2
924,274,2,2
924,275,2,2
924,276,2,2
924,277,2,2
924,278,2,2
924,279,2,2
924,280,2,2
924,281,2,2
924,282,2,2
924,283,2,2
924,284,2,2
924,285,2,2
924,286,2,2
924,287,2,2
924,288,2,2
924,289,2,2
924,290,2,2
924,291,2,2
924,292,2,2
924,293,2,2
924,294,2,2
924,295,2,2
924,296,2,2
924,297,2,2
924,298,2,2
924,299,2,2
924,300,2,2
924,301,2,2
924,302,2,2
924,303,2,2
924,304,2,2
924,305,2,2
924,306,2,2
924,307,2,2
924,308,2,2
924,309,2,2
924,310,2,2
924,311,2,2
924,312,2,2
924,313,2,2
924,314,2,2
924,315,2,2
924,316,2,2
924,317,2,2
924,318,2,2
924,319,2,2
924,320,2,2
924,321,2,2
924,322,2,2
924,323,2,2
924,324,2,2
924,325,2,2
924,326,2,2
924,327,2,2
924,328,2,2
924,329,2,2
924,330,2,2
924,331,2,2
924,332,2,2
924,333,2,2
924,334,2,2
924,335,2,2
924,336,2,2
924,337,2,2
924,338,2,2
924,339,2,2
924,340,2,2
924,341,2,2
924,342,2,2
924,343,2,2
924,344,2,2
924,345,2,2
924,346,2,2
924,347,2,2
924,348,2,2
924,349,2,2
924,350,2,2
924,351,2,2
924,352,2,2
924,353,2,2
924,354,2,2
924,355,2,2
924,356,2,2
924,357,2,2
924,358,2,2
924,359,2,2
924,360,2,2
924,361,2,2
924,362,2,3
924,363,2,3
924,364,2,3
924,365,2,3
924,366,2,3
924,367,2,3
924,368,2,3
924,369,2,3
924,370,2,3
924,371,2,3
924,372,2,3
924,373,2,3
924,374,2,3
924,375,2,3
924,376,2,3
924,377,2,3
924,378,2,3
924,379,2,3
924,380,2,3
924,381,2,3
924,382,2,3
924,383,2,3
924,384,2,3
924,385,2,3
924,386,2,3
924,387,2,3
924,388,2,3
924,389,2,3
924,390,2,3
924,391,2,3
924,392,2,3
924,393,2,3
924,394,2,3
924,395,2,3
924,396,2,3
924,397,2,3
924,398,2,3
924,399,2,3
924,400,2,3
924,401,2,3
924,402,2,3
924,403,2,3
924,404,2,3
924,405,2,3
924,406,2,3
924,407,2,3
924,408,2,3
924,409,2,3
924,410,2,3
924,411,2,3
924,412,2,3
924,413,2,3
924,414,2,3
924,415,2,3
924,416,2,3
924,417,2,3
924,418,2,3
924,419,2,3
924,420,2,3
924,421,2,3
924,422,2,3
924,423,2,3
924,424,2,3
924,425,2,3
924,426,2,3
924,427,2,3
924,428,2,3
924,429,2,3
924,430,2,3
924,431,2,3
924,432,2,3
924,433,2,3
924,434,2,3
924,435,2,3
924,436,2,3
924,437,2,3
924,438,2,3
924,439,2,3
924,440,2,3
924,441,2,3
924,442,2,3
924,443,2,3
924,444,2,3
924,445,2,3
924,446,2,3
924,447,2,3
924,448,2,3
924,449,2,3
924,450,2,2
924,451,2,2
924,452,2,2
924,453,2,2
924,454,2,2
924,455,2,2
924,456,2,2
924,457,2,2
924,458,2,2
924,459,2,2
924,460,2,2
924,461,2,2
924,462,2,2
924,463,2,2
924,464,2,2
924,465,2,2
924,466,2,2
924,467,2,2
924,468,2,2
924,469,2,2
924,470,2,2
924,471,2,2
924,472,2,2
924,473,2,2
924,474,2,2
924,475,2,2
924,476,2,2
924,477,2,2
924,478,2,2
924,479,2,2
924,480,2,2
924,481,2,2
924,482,2,2
924,483,2,2
924,484,2,2
924,485,2,2
924,486,2,2
924,487,2,2
924,488,2,2
924,489,2,2
924,490,2,2
924,491,2,2
924,492,2,2
924,493,2,2
924,494,2,2
924,495,2,2
924,496,2,2
924,497,2,2
924,498,2,2
925,146,2,2
925,147,2,2
925,148,2,2
925,149,2,2
925,150,2,2
925,151,2,2
925,152,2,2
925,153,2,2
925,154,2,2
925,155,2,2
925,156,2,2
925,157,2,2
925,158,2,2
925,159,2,2
925,160,2,2
925,161,2,2
925,162,2,2
925,163,2,2
925,164,2,2
925,165,2,2
925,166,2,2
925,167,2,2
925,168,2,2
925,169,2,2
925,170,2,2
925,171,2,2
925,172,2,2
925,173,2,2
925,174,2,2
925,175,2,2
925,176,2,2
925,177,2,2
925,178,2,2
925,179,2,2
925,180,2,2
925,181,2,2
925,182,2,2
925,183,2,2
925,184,2,2
925,185,2,2
925,186,2,2
925,187,2,2
925,188,2,2
925,189,2,2
925,190,2,2
925,191,2,2
925,192,2,2
925,193,2,2
925,194,2,2
925,195,2,2
925,196,2,2
925,197,2,2
925,198,2,2
925,199,2,2
925,200,2,2
925,201,2,2
925,202,2,2
925,203,2,2
925,204,2,2
925,205,2,2
925,206,2,2
925,207,2,2
925,208,2,2
925,209,2,2
925,210,2,2
925,211,2,2
925,212,2,2
925,213,2,2
925,214,2,2
925,215,2,2
925,216,2,2
925,217,2,2
925,218,2,2
925,219,2,2
925,220,2,2
925,221,2,2
925,222,2,2
925,223,2,2
925,224,2,2
925,225,2,2
925,226,2,2
925,227,2,2
925,228,2,2
925,229,2,2
925,230,2,2
925,231,2,2
925,232,2,2
925,233,2,2
925,234,2,2
925,235,2,2
925,236,2,2
925,237,2,2
925,238,2,2
925,239,2,2
925,240,2,2
925,241,2,2
925,242,2,2
925,243,2,2
925,244,2,2
925,245,2,2
925,246,2,2
925,247,2,2
925,248,2,2
925,249,2,2
925,250,2,2
925,251,2,2
925,252,2,2
925,253,2,2
925,254,2,2
925,255,2,2
925,256,2,2
925,257,2,2
925,258,2,2
925,259,2,2
925,260,2,2
925,261,2,2
925,262,2,2
925,263,2,2
925,264,2,2
925,265,2,2
925,266,2,2
925,267,2,2
925,268,2,2
925,269,2,2
925,270,2,2
925,271,2,2
925,272,2,2
925,273,2,2
925,274,2,2
925,275,2,2
925,276,2,2
925,277,2,2
925,278,2,2
925,279,2,2
925,280,2,2
925,281,2,2
925,282,2,2
925,283,2,2
925,284,2,2
925,285,2,2
925,286,2,2
925,287,2,2
925,288,2,2
925,289,2,2
925,290,2,2
925,291,2,2
925,292,2,2
925,293,2,2
925,294,2,2
925,295,2,2
925,296,2,2
925,297,2,2
925,298,2,2
925,299,2,2
925,300,2,2
925,301,2,2
925,302,2,2
925,303,2,2
925,304,2,2
925,305,2,2
925,306,2,2
925,307,2,2
925,308,2,2
925,309,2,2
925,310,2,2
925,311,2,2
925,312,2,2
925,313,2,2
925,314,2,2
925,315,2,2
925,316,2,2
925,317,2,2
925,318,2,2
925,319,2,2
925,320,2,2
925,321,2,2
925,322,2,2
925,323,2,2
925,324,2,2
925,325,2,2
925,326,2,2
925,327,2,2
925,328,2,2
925,329,2,2
925,330,2,2
925,331,2,2
925,332,2,2
925,333,2,2
925,334,2,2
925,335,2,2
925,336,2,2
925,337,2,2
925,338,2,2
925,339,2,2
925,340,2,2
925,341,2,2
925,342,2,2
925,343,2,2
925,344,2,2
925,345,2,2
925,346,2,2
925,347,2,2
925,348,2,2
925,349,2,2
925,350,2,2
925,351,2,2
925,352,2,2
925,353,2,2
925,354,2,2
925,355,2,2
925,356,2,2
925,357,2,2
925,358,2,2
925,359,2,2
925,360,2,2
925,361,2,2
925,362,2,3
925,363,2,3
925,364,2,3
925,365,2,3
925,366,2,3
925,367,2,3
925,368,2,3
925,369,2,3
925,370,2,3
925,371,2,3
925,372,2,3
925,373,2,3
925,374,2,3
925,375,2,3
925,376,2,3
925,377,2,3
925,378,2,3
925,379,2,3
925,380,2,3
925,381,2,3
925,382,2,3
925,383,2,3
925,384,2,3
925,385,2,3
925,386,2,3
925,387,2,2
925,388,2,2
925,389,2,3
925,390,2,3
925,391,2,3
925,392,2,3
925,393,2,3
925,394,2,3
925,395,2,3
925,396,2,3
925,397,2,3
925,398,2,3
925,399,2,3
925,400,2,3
925,401,2,3
925,402,2,3
925,403,2,3
925,404,2,3
925,405,2,3
925,406,2,3
925,407,2,3
925,408,2,3
925,409,2,3
925,410,2,3
925,411,2,3
925,412,2,3
925,413,2,3
925,414,2,3
925,415,2,3
925,416,2,3
925,417,2,3
925,418,2,3
925,419,2,3
925,420,2,3
925,421,2,3
925,422,2,3
925,423,2,3
925,424,2,3
925,425,2,3
925,426,2,3
925,427,2,3
925,428,2,3
925,429,2,3
925,430,2,3
925,431,2,3
925,432,2,3
925,433,2,2
925,434,2,2
925,435,2,2
925,436,2,2
925,437,2,2
925,438,2,2
925,439,2,2
925,440,2,3
925,441,2,3
925,442,2,3
925,443,2,3
925,444,2,3
925,445,2,3
925,446,2,3
925,447,2,3
925,448,2,3
925,449,2,2
925,450,2,2
925,451,2,2
925,452,2,2
925,453,2,2
925,454,2,2
925,455,2,2
925,456,2,2
925,457,2,2
925,458,2,2
925,459,2,2
925,460,2,2
925,461,2,2
925,462,2,2
925,463,2,2
925,464,2,2
925,465,2,2
925,466,2,2
925,467,2,2
925,468,2,2
925,469,2,2
925,470,2,2
925,471,2,2
925,472,2,2
925,473,2,2
925,474,2,2
925,475,2,2
925,476,2,2
925,477,2,2
925,478,2,2
925,479,2,2
925,480,2,2
925,481,2,2
925,482,2,2
925,483,2,2
925,484,2,2
925,485,2,2
925,486,2,2
925,487,2,2
925,488,2,2
925,489,2,2
925,490,2,2
925,491,2,2
925,492,2,2
925,493,2,2
925,494,2,2
925,495,2,2
925,496,2,2
926,147,2,2
926,148,2,2
926,149,2,2
926,150,2,2
926,151,2,2
926,152,2,2
926,153,2,2
926,154,2,2
926,155,2,2
926,156,2,2
926,157,2,2
926,158,2,2
926,159,2,2
926,160,2,2
926,161,2,2
926,162,2,2
926,163,2,2
926,164,2,2
926,165,2,2
926,166,2,2
926,167,2,2
926,168,2,2
926,169,2,2
926,170,2,2
926,171,2,2
926,172,2,2
926,173,2,2
926,174,2,2
926,175,2,2
926,176,2,2
926,177,2,2
926,178,2,2
926,179,2,2
926,180,2,2
926,181,2,2
926,182,2,2
926,183,2,2
926,184,2,2
926,185,2,2
926,186,2,2
926,187,2,2
926,188,2,2
926,189,2,2
926,190,2,2
926,191,2,2
926,192,2,2
926,193,2,2
926,194,2,2
926,195,2,2
926,196,2,2
926,197,2,2
926,198,2,2
926,199,2,2
926,200,2,2
926,201,2,2
926,202,2,2
926,203,2,2
926,204,2,2
926,205,2,2
926,206,2,2
926,207,2,2
926,208,2,2
926,209,2,2
926,210,2,2
926,211,2,2
926,212,2,2
926,213,2,2
926,214,2,2
926,215,2,2
926,216,2,2
926,217,2,2
926,218,2,2
926,219,2,2
926,220,2,2
926,221,2,2
926,222,2,2
926,223,2,2
926,224,2,2
926,225,2,2
926,226,2,2
926,227,2,2
926,228,2,2
926,229,2,2
926,230,2,2
926,231,2,2
926,232,2,2
926,233,2,2
926,234,2,2
926,235,2,2
926,236,2,2
926,237,2,2
926,238,2,2
926,239,2,2
926,240,2,2
926,241,2,2
926,242,2,2
926,243,2,2
926,244,2,2
926,245,2,2
926,246,2,2
926,247,2,2
926,248,2,2
926,249,2,2
926,250,2,2
926,251,2,2
926,252,2,2
926,253,2,2
926,254,2,2
926,255,2,2
926,256,2,2
926,257,2,2
926,258,2,2
926,259,2,2
926,260,2,2
926,261,2,2
926,262,2,2
926,263,2,2
926,264,2,2
926,265,2,2
926,266,2,2
926,267,2,2
926,268,2,2
926,269,2,2
926,270,2,2
926,271,2,2
926,272,2,2
926,273,2,2
926,274,2,2
926,275,2,2
926,276,2,2
926,277,2,2
926,278,2,2
926,279,2,2
926,280,2,2
926,281,2,2
926,282,2,2
926,283,2,2
926,284,2,2
926,285,2,2
926,286,2,2
926,287,2,2
926,288,2,2
926,289,2,2
926,290,2,2
926,291,2,2
926,292,2,2
926,293,2,2
926,294,2,2
926,295,2,2
926,296,2,2
926,297,2,2
926,298,2,2
926,299,2,2
926,300,2,2
926,301,2,2
926,302,2,2
926,303,2,2
926,304,2,2
926,305,2,2
926,306,2,2
926,307,2,2
926,308,2,2
926,309,2,2
926,310,2,2
926,311,2,2
926,312,2,2
926,313,2,2
926,314,2,2
926,315,2,2
926,316,2,2
926,317,2,2
926,318,2,2
926,319,2,2
926,320,2,2
926,321,2,2
926,322,2,2
926,323,2,2
926,324,2,2
926,325,2,2
926,326,2,2
926,327,2,2
926,328,2,2
926,329,2,2
926,330,2,2
926,331,2,2
926,332,2,2
926,333,2,2
926,334,2,2
926,335,2,2
926,336,2,2
926,337,2,2
926,338,2,2
926,339,2,2
926,340,2,2
926,341,2,2
926,342,2,2
926,343,2,2
926,344,2,2
926,345,2,2
926,346,2,2
926,347,2,2
926,348,2,2
926,349,2,2
926,350,2,2
926,351,2,2
926,352,2,2
926,353,2,2
926,354,2,2
926,355,2,2
926,356,2,2
926,357,2,2
926,358,2,2
926,359,2,2
926,360,2,2
926,361,2,3
926,362,2,3
926,363,2,3
926,364,2,3
926,365,2,3
926,366,2,3
926,367,2,3
926,368,2,3
926,369,2,3
926,370,2,3
926,371,2,3
926,372,2,3
926,373,2,3
926,374,2,3
926,375,2,3
926,376,2,3
926,377,2,3
926,378,2,3
926,379,2,3
926,380,2,3
926,381,2,3
926,382,2,3
926,383,2,3
926,384,2,3
926,385,2,3
926,386,2,3
926,387,2,2
926,388,2,2
926,389,2,3
926,390,2,3
926,391,2,3
926,392,2,3
926,393,2,3
926,394,2,3
926,395,2,3
926,396,2,3
926,397,2,3
926,398,2,3
926,399,2,3
926,400,2,3
926,401,2,3
926,402,2,3
926,403,2,3
926,404,2,3
926,405,2,3
926,406,2,3
926,407,2,3
926,408,2,3
926,409,2,3
926,410,2,3
926,411,2,3
926,412,2,3
926,413,2,3
926,414,2,3
926,415,2,3
926,416,2,3
926,417,2,3
926,418,2,3
926,419,2,3
926,420,2,3
926,421,2,3
926,422,2,3
926,423,2,3
926,424,2,3
926,425,2,3
926,426,2,3
926,427,2,3
926,428,2,3
926,429,2,3
926,430,2,3
926,431,2,3
926,432,2,3
926,433,2,2
926,434,2,2
926,435,2,2
926,436,2,2
926,437,2,2
926,438,2,2
926,439,2,2
926,440,2,3
926,441,2,3
926,442,2,3
926,443,2,3
926,444,2,3
926,445,2,3
926,446,2,3
926,447,2,3
926,448,2,3
926,449,2,2
926,450,2,2
926,451,2,2
926,452,2,2
926,453,2,2
926,454,2,2
926,455,2,2
926,456,2,2
926,457,2,2
926,458,2,2
926,459,2,2
926,460,2,2
926,461,2,2
926,462,2,2
926,463,2,2
926,464,2,2
926,465,2,2
926,466,2,2
926,467,2,2
926,468,2,2
926,469,2,2
926,470,2,2
926,471,2,2
926,472,2,2
926,473,2,2
926,474,2,2
926,475,2,2
926,476,2,2
926,477,2,2
926,478,2,2
926,479,2,2
926,480,2,2
926,481,2,2
926,482,2,2
926,483,2,2
926,484,2,2
926,485,2,2
926,486,2,2
926,487,2,2
926,488,2,2
926,489,2,2
926,490,2,2
926,491,2,2
926,492,2,2
926,493,2,2
926,494,2,2
926,495,2,2
927,148,2,2
927,149,2,2
927,150,2,2
927,151,2,2
927,152,2,2
927,153,2,2
927,154,2,2
927,155,2,2
927,156,2,2
927,157,2,2
927,158,2,2
927,159,2,2
927,160,2,2
927,161,2,2
927,162,2,2
927,163,2,2
927,164,2,2
927,165,2,2
927,166,2,2
927,167,2,2
927,168,2,2
927,169,2,2
927,170,2,2
927,171,2,2
927,172,2,2
927,173,2,2
927,174,2,2
927,175,2,2
927,176,2,2
927,177,2,2
927,178,2,2
927,179,2,2
927,180,2,2
927,181,2,2
927,182,2,2
927,183,2,2
927,184,2,2
927,185,2,2
927,186,2,2
927,187,2,2
927,188,2,2
927,189,2,2
927,190,2,2
927,191,2,2
927,192,2,2
927,193,2,2
927,194,2,2
927,195,2,2
927,196,2,2
927,197,2,2
927,198,2,2
927,199,2,2
927,200,2,2
927,201,2,2
927,202,2,2
927,203,2,2
927,204,2,2
927,205,2,2
927,206,2,2
927,207,2,2
927,208,2,2
927,209,2,2
927,210,2,2
927,211,2,2
927,212,2,2
927,213,2,2
927,214,2,2
927,215,2,2
927,216,2,2
927,217,2,2
927,218,2,2
927,219,2,2
927,220,2,2
927,221,2,2
927,222,2,2
927,223,2,2
927,224,2,2
927,225,2,2
927,226,2,2
927,227,2,2
927,228,2,2
927,229,2,2
927,230,2,2
927,231,2,2
927,232,2,2
927,233,2,2
927,234,2,2
927,235,2,2
927,236,2,2
927,237,2,2
927,238,2,2
927,239,2,2
927,240,2,2
927,241,2,2
927,242,2,2
927,243,2,2
927,244,2,2
927,245,2,2
927,246,2,2
927,247,2,2
927,248,2,2
927,249,2,2
927,250,2,2
927,251,2,2
927,252,2,2
927,253,2,2
927,254,2,2
927,255,2,2
927,256,2,2
927,257,2,2
927,258,2,2
927,259,2,2
927,260,2,2
927,261,2,2
927,262,2,2
927,263,2,2
927,264,2,2
927,265,2,2
927,266,2,2
927,267,2,2
927,268,2,2
927,269,2,2
927,270,2,2
927,271,2,2
927,272,2,2
927,273,2,2
927,274,2,2
927,275,2,2
927,276,2,2
927,277,2,2
927,278,2,2
927,279,2,2
927,280,2,2
927,281,2,2
927,282,2,2
927,283,2,2
927,284,2,2
927,285,2,2
927,286,2,2
927,287,2,2
927,288,2,2
927,289,2,2
927,290,2,2
927,291,2,2
927,292,2,2
927,293,2,2
927,294,2,2
927,295,2,2
927,296,2,2
927,297,2,2
927,298,2,2
927,299,2,2
927,300,2,2
927,301,2,2
927,302,2,2
927,303,2,2
927,304,2,2
927,305,2,2
927,306,2,2
927,307,2,2
927,308,2,2
927,309,2,2
927,310,2,2
927,311,2,2
927,312,2,2
927,313,2,2
927,314,2,2
927,315,2,2
927,316,2,2
927,317,2,2
927,318,2,2
927,319,2,2
927,320,2,2
927,321,2,2
927,322,2,2
927,323,2,2
927,324,2,2
927,325,2,2
927,326,2,2
927,327,2,2
927,328,2,2
927,329,2,2
927,330,2,2
927,331,2,2
927,332,2,2
927,333,2,2
927,334,2,2
927,335,2,2
927,336,2,2
927,337,2,2
927,338,2,2
927,339,2,2
927,340,2,2
927,341,2,2
927,342,2,2
927,343,2,2
927,344,2,2
927,345,2,2
927,346,2,2
927,347,2,2
927,348,2,2
927,349,2,2
927,350,2,2
927,351,2,2
927,352,2,2
927,353,2,2
927,354,2,2
927,355,2,2
927,356,2,2
927,357,2,2
927,358,2,2
927,359,2,2
927,360,2,2
927,361,2,3
927,362,2,3
927,363,2,3
927,364,2,3
927,365,2,3
927,366,2,3
927,367,2,3
927,368,2,3
927,369,2,3
927,370,2,3
927,371,2,3
927,372,2,3
927,373,2,3
927,374,2,3
927,375,2,3
927,376,2,3
927,377,2,3
927,378,2,3
927,379,2,3
927,380,2,3
927,381,2,3
927,382,2,3
927,383,2,3
927,384,2,3
927,385,2,3
927,386,2,3
927,387,2,2
927,388,2,2
927,389,2,2
927,390,2,3
927,391,2,3
927,392,2,3
927,393,2,3
927,394,2,3
927,395,2,3
927,396,2,3
927,397,2,3
927,398,2,3
927,399,2,3
927,400,2,3
927,401,2,3
927,402,2,3
927,403,2,3
927,404,2,3
927,405,2,3
927,406,2,3
927,407,2,3
927,408,2,3
927,409,2,3
927,410,2,3
927,411,2,3
927,412,2,3
927,413,2,3
927,414,2,3
927,415,2,3
927,416,2,3
927,417,2,3
927,418,2,3
927,419,2,3
927,420,2,3
927,421,2,3
927,422,2,3
927,423,2,3
927,424,2,3
927,425,2,3
927,426,2,3
927,427,2,3
927,428,2,3
927,429,2,3
927,430,2,3
927,431,2,3
927,432,2,2
927,433,2,2
927,434,2,2
927,435,2,2
927,436,2,2
927,437,2,2
927,438,2,2
927,439,2,2
927,440,2,2
927,441,2,2
927,442,2,2
927,443,2,3
927,444,2,3
927,445,2,3
927,446,2,3
927,447,2,3
927,448,2,2
927,449,2,2
927,450,2,2
927,451,2,2
927,452,2,2
927,453,2,2
927,454,2,2
927,455,2,2
927,456,2,2
927,457,2,2
927,458,2,2
927,459,2,2
927,460,2,2
927,461,2,2
927,462,2,2
927,463,2,2
927,464,2,2
927,465,2,2
927,466,2,2
927,467,2,2
927,468,2,2
927,469,2,2
927,470,2,2
927,471,2,2
927,472,2,2
927,473,2,2
927,474,2,2
927,475,2,2
927,476,2,2
927,477,2,2
927,478,2,2
927,479,2,2
927,480,2,2
927,481,2,2
927,482,2,2
927,483,2,2
927,484,2,2
927,485,2,2
927,486,2,2
927,487,2,2
927,488,2,2
927,489,2,2
927,490,2,2
927,491,2,2
927,492,2,2
927,493,2,2
928,148,2,2
928,149,2,2
928,150,2,2
928,151,2,2
928,152,2,2
928,153,2,2
928,154,2,2
928,155,2,2
928,156,2,2
928,157,2,2
928,158,2,2
928,159,2,2
928,160,2,2
928,161,2,2
928,162,2,2
928,163,2,2
928,164,2,2
928,165,2,2
928,166,2,2
928,167,2,2
928,168,2,2
928,169,2,2
928,170,2,2
928,171,2,2
928,172,2,2
928,173,2,2
928,174,2,2
928,175,2,2
928,176,2,2
928,177,2,2
928,178,2,2
928,179,2,2
928,180,2,2
928,181,2,2
928,182,2,2
928,183,2,2
928,184,2,2
928,185,2,2
928,186,2,2
928,187,2,2
928,188,2,2
928,189,2,2
928,190,2,2
928,191,2,2
928,192,2,2
928,193,2,2
928,194,2,2
928,195,2,2
928,196,2,2
928,197,2,2
928,198,2,2
928,199,2,2
928,200,2,2
928,201,2,2
928,202,2,2
928,203,2,2
928,204,2,2
928,205,2,2
928,206,2,2
928,207,2,2
928,208,2,2
928,209,2,2
928,210,2,2
928,211,2,2
928,212,2,2
928,213,2,2
928,214,2,2
928,215,2,2
928,216,2,2
928,217,2,2
928,218,2,2
928,219,2,2
928,220,2,2
928,221,2,2
928,222,2,2
928,223,2,2
928,224,2,2
928,225,2,2
928,226,2,2
928,227,2,2
928,228,2,2
928,229,2,2
928,230,2,2
928,231,2,2
928,232,2,2
928,233,2,2
928,234,2,2
928,235,2,2
928,236,2,2
928,237,2,2
928,238,2,2
928,239,2,2
928,240,2,2
928,241,2,2
928,242,2,2
928,243,2,2
928,244,2,2
928,245,2,2
928,246,2,2
928,247,2,2
928,248,2,2
928,249,2,2
928,250,2,2
928,251,2,2
928,252,2,2
928,253,2,2
928,254,2,2
928,255,2,2
928,256,2,2
928,257,2,2
928,258,2,2
928,259,2,2
928,260,2,2
928,261,2,2
928,262,2,2
928,263,2,2
928,264,2,2
928,265,2,2
928,266,2,2
928,267,2,2
928,268,2,2
928,269,2,2
928,270,2,2
928,271,2,2
928,272,2,2
928,273,2,2
928,274,2,2
928,275,2,2
928,276,2,2
928,277,2,2
928,278,2,2
928,279,2,2
928,280,2,2
928,281,2,2
928,282,2,2
928,283,2,2
928,284,2,2
928,285,2,2
928,286,2,2
928,287,2,2
928,288,2,2
928,289,2,2
928,290,2,2
928,291,2,2
928,292,2,2
928,293,2,2
928,294,2,2
928,295,2,2
928,296,2,2
928,297,2,2
928,298,2,2
928,299,2,2
928,300,2,2
928,301,2,2
928,302,2,2
928,303,2,2
928,304,2,2
928,305,2,2
928,306,2,2
928,307,2,2
928,308,2,2
928,309,2,2
928,310,2,2
928,311,2,2
928,312,2,2
928,313,2,2
928,314,2,2
928,315,2,2
928,316,2,2
928,317,2,2
928,318,2,2
928,319,2,2
928,320,2,2
928,321,2,2
928,322,2,2
928,323,2,2
928,324,2,2
928,325,2,2
928,326,2,2
928,327,2,2
928,328,2,2
928,329,2,2
928,330,2,2
928,331,2,2
928,332,2,2
928,333,2,2
928,334,2,2
928,335,2,2
928,336,2,2
928,337,2,2
928,338,2,2
928,339,2,2
928,340,2,2
928,341,2,2
928,342,2,2
928,343,2,2
928,344,2,2
928,345,2,2
928,346,2,2
928,347,2,2
928,348,2,2
928,349,2,2
928,350,2,2
928,351,2,2
928,352,2,2
928,353,2,2
928,354,2,2
928,355,2,2
928,356,2,2
928,357,2,2
928,358,2,2
928,359,2,2
928,360,2,2
928,361,2,3
928,362,2,3
928,363,2,3
928,364,2,3
928,365,2,3
928,366,2,3
928,367,2,3
928,368,2,3
928,369,2,3
928,370,2,3
928,371,2,3
928,372,2,3
928,373,2,3
928,374,2,3
928,375,2,3
928,376,2,3
928,377,2,3
928,378,2,3
928,379,2,3
928,380,2,3
928,381,2,3
928,382,2,3
928,383,2,3
928,384,2,3
928,385,2,3
928,386,2,3
928,387,2,2
928,388,2,2
928,389,2,2
928,390,2,3
928,391,2,3
928,392,2,3
928,393,2,3
928,394,2,3
928,395,2,3
928,396,2,3
928,397,2,3
928,398,2,3
928,399,2,3
928,400,2,3
928,401,2,3
928,402,2,3
928,403,2,3
928,404,2,3
928,405,2,2
928,406,2,2
928,407,2,2
928,408,2,2
928,409,2,3
928,410,2,3
928,411,2,3
928,412,2,3
928,413,2,3
928,414,2,3
928,415,2,3
928,416,2,3
928,417,2,3
928,418,2,3
928,419,2,3
928,420,2,3
928,421,2,3
928,422,2,3
928,423,2,3
928,424,2,3
928,425,2,3
928,426,2,3
928,427,2,3
928,428,2,3
928,429,2,3
928,430,2,2
928,431,2,2
928,432,2,2
928,433,2,2
928,434,2,2
928,435,2,2
928,436,2,2
928,437,2,2
928,438,2,2
928,439,2,2
928,440,2,2
928,441,2,2
928,442,2,2
928,443,2,2
928,444,2,3
928,445,2,2
928,446,2,2
928,447,2,2
928,448,2,2
928,449,2,2
928,450,2,2
928,451,2,2
928,452,2,2
928,453,2,2
928,454,2,2
928,455,2,2
928,456,2,2
928,457,2,2
928,458,2,2
928,459,2,2
928,460,2,2
928,461,2,2
928,462,2,2
928,463,2,2
928,464,2,2
928,465,2,2
928,466,2,2
928,467,2,2
928,468,2,2
928,469,2,2
928,470,2,2
928,471,2,2
928,472,2,2
928,473,2,2
928,474,2,2
928,475,2,2
928,476,2,2
928,477,2,2
928,478,2,2
928,479,2,2
928,480,2,2
928,481,2,2
928,482,2,2
928,483,2,2
928,484,2,2
928,485,2,2
928,486,2,2
928,487,2,2
928,488,2,2
928,489,2,2
928,490,2,2
928,491,2,2
929,150,2,2
929,151,2,2
929,152,2,2
929,153,2,2
929,154,2,2
929,155,2,2
929,156,2,2
929,157,2,2
929,158,2,2
929,159,2,2
929,160,2,2
929,161,2,2
929,162,2,2
929,163,2,2
929,164,2,2
929,165,2,2
929,166,2,2
929,167,2,2
929,168,2,2
929,169,2,2
929,170,2,2
929,171,2,2
929,172,2,2
929,173,2,2
929,174,2,2
929,175,2,2
929,176,2,2
929,177,2,2
929,178,2,2
929,179,2,2
929,180,2,2
929,181,2,2
929,182,2,2
929,183,2,2
929,184,2,2
929,185,2,2
929,186,2,2
929,187,2,2
929,188,2,2
929,189,2,2
929,190,2,2
929,191,2,2
929,192,2,2
929,193,2,2
929,194,2,2
929,195,2,2
929,196,2,2
929,197,2,2
929,198,2,2
929,199,2,2
929,200,2,2
929,201,2,2
929,202,2,2
929,203,2,2
929,204,2,2
929,205,2,2
929,206,2,2
929,207,2,2
929,208,2,2
929,209,2,2
929,210,2,2
929,211,2,2
929,212,2,2
929,213,2,2
929,214,2,2
929,215,2,2
929,216,2,2
929,217,2,2
929,218,2,2
929,219,2,2
929,220,2,2
929,221,2,2
929,222,2,2
929,223,2,2
929,224,2,2
929,225,2,2
929,226,2,2
929,227,2,2
929,228,2,2
929,229,2,2
929,230,2,2
929,231,2,2
929,232,2,2
929,233,2,2
929,234,2,2
929,235,2,2
929,236,2,2
929,237,2,2
929,238,2,2
929,239,2,2
929,240,2,2
929,241,2,2
929,242,2,2
929,243,2,2
929,244,2,2
929,245,2,2
929,246,2,2
929,247,2,2
929,248,2,2
929,249,2,2
929,250,2,2
929,251,2,2
929,252,2,2
929,253,2,2
929,254,2,2
929,255,2,2
929,256,2,2
929,257,2,2
929,258,2,2
929,259,2,2
929,260,2,2
929,261,2,2
929,262,2,2
929,263,2,2
929,264,2,2
929,265,2,2
929,266,2,2
929,267,2,2
929,268,2,2
929,269,2,2
929,270,2,2
929,271,2,2
929,272,2,2
929,273,2,2
929,274,2,2
929,275,2,2
929,276,2,2
929,277,2,2
929,278,2,2
929,279,2,2
929,280,2,2
929,281,2,2
929,282,2,2
929,283,2,2
929,284,2,2
929,285,2,2
929,286,2,2
929,287,2,2
929,288,2,2
929,289,2,2
929,290,2,2
929,291,2,2
929,292,2,2
929,293,2,2
929,294,2,2
929,295,2,2
929,296,2,2
929,297,2,2
929,298,2,2
929,299,2,2
929,300,2,2
929,301,2,2
929,302,2,2
929,303,2,2
929,304,2,2
929,305,2,2
929,306,2,2
929,307,2,2
929,308,2,2
929,309,2,2
929,310,2,2
929,311,2,2
929,312,2,2
929,313,2,2
929,314,2,2
929,315,2,2
929,316,2,2
929,317,2,2
929,318,2,2
929,319,2,2
929,320,2,2
929,321,2,2
929,322,2,2
929,323,2,2
929,324,2,2
929,325,2,2
929,326,2,2
929,327,2,2
929,328,2,2
929,329,2,2
929,330,2,2
929,331,2,2
929,332,2,2
929,333,2,2
929,334,2,2
929,335,2,2
929,336,2,2
929,337,2,2
929,338,2,2
929,339,2,2
929,340,2,2
929,341,2,2
929,342,2,2
929,343,2,2
929,344,2,2
929,345,2,2
929,346,2,2
929,347,2,2
929,348,2,2
929,349,2,2
929,350,2,2
929,351,2,2
929,352,2,2
929,353,2,2
929,354,2,2
929,355,2,2
929,356,2,2
929,357,2,2
929,358,2,2
929,359,2,2
929,360,2,2
929,361,2,3
929,362,2,3
929,363,2,3
929,364,2,3
929,365,2,3
929,366,2,3
929,367,2,3
929,368,2,3
929,369,2,3
929,370,2,3
929,371,2,3
929,372,2,3
929,373,2,3
929,374,2,3
929,375,2,3
929,376,2,3
929,377,2,3
929,378,2,3
929,379,2,3
929,380,2,3
929,381,2,3
929,382,2,3
929,383,2,3
929,384,2,3
929,385,2,3
929,386,2,2
929,387,2,2
929,388,2,2
929,389,2,2
929,390,2,3
929,391,2,3
929,392,2,3
929,393,2,3
929,394,2,3
929,395,2,3
929,396,2,3
929,397,2,3
929,398,2,3
929,399,2,3
929,400,2,3
929,401,2,3
929,402,2,3
929,403,2,2
929,404,2,2
929,405,2,2
929,406,2,2
929,407,2,2
929,408,2,2
929,409,2,2
929,410,2,2
929,411,2,2
929,412,2,2
929,413,2,3
929,414,2,3
929,415,2,3
929,416,2,3
929,417,2,3
929,418,2,3
929,419,2,3
929,420,2,3
929,421,2,3
929,422,2,3
929,423,2,3
929,424,2,3
929,425,2,3
929,426,2,3
929,427,2,3
929,428,2,3
929,429,2,2
929,430,2,2
929,431,2,2
929,432,2,2
929,433,2,2
929,434,2,2
929,435,2,2
929,436,2,2
929,437,2,2
929,438,2,2
929,439,2,2
929,440,2,2
929,441,2,2
929,442,2,2
929,443,2,2
929,444,2,2
929,445,2,2
929,446,2,2
929,447,2,2
929,448,2,2
929,449,2,2
929,450,2,2
929,451,2,2
929,452,2,2
929,453,2,2
929,454,2,2
929,455,2,2
929,456,2,2
929,457,2,2
929,458,2,2
929,459,2,2
929,460,2,2
929,461,2,2
929,462,2,2
929,463,2,2
929,464,2,2
929,465,2,2
929,466,2,2
929,467,2,2
929,468,2,2
929,469,2,2
929,470,2,2
929,471,2,2
929,472,2,2
929,473,2,2
929,474,2,2
929,475,2,2
929,476,2,2
929,477,2,2
929,478,2,2
929,479,2,2
929,480,2,2
929,481,2,2
929,482,2,2
929,483,2,2
929,484,2,2
929,485,2,2
929,486,2,2
929,487,2,2
929,488,2,2
929,489,2,2
929,490,2,2
930,152,2,2
930,153,2,2
930,154,2,2
930,155,2,2
930,156,2,2
930,157,2,2
930,158,2,2
930,159,2,2
930,160,2,2
930,161,2,2
930,162,2,2
930,163,2,2
930,164,2,2
930,165,2,2
930,166,2,2
930,167,2,2
930,168,2,2
930,169,2,2
930,170,2,2
930,171,2,2
930,172,2,2
930,173,2,2
930,174,2,2
930,175,2,2
930,176,2,2
930,177,2,2
930,178,2,2
930,179,2,2
930,180,2,2
930,181,2,2
930,182,2,2
930,183,2,2
930,184,2,2
930,185,2,2
930,186,2,2
930,187,2,2
930,188,2,2
930,189,2,2
930,190,2,2
930,191,2,2
930,192,2,2
930,193,2,2
930,194,2,2
930,195,2,2
930,196,2,2
930,197,2,2
930,198,2,2
930,199,2,2
930,200,2,2
930,201,2,2
930,202,2,2
930,203,2,2
930,204,2,2
930,205,2,2
930,206,2,2
930,207,2,2
930,208,2,2
930,209,2,2
930,210,2,2
930,211,2,2
930,212,2,2
930,213,2,2
930,214,2,2
930,215,2,2
930,216,2,2
930,217,2,2
930,218,2,2
930,219,2,2
930,220,2,2
930,221,2,2
930,222,2,2
930,223,2,2
930,224,2,2
930,225,2,2
930,226,2,2
930,227,2,2
930,228,2,2
930,229,2,2
930,230,2,2
930,231,2,2
930,232,2,2
930,233,2,2
930,234,2,2
930,235,2,2
930,236,2,2
930,237,2,2
930,238,2,2
930,239,2,2
930,240,2,2
930,241,2,2
930,242,2,2
930,243,2,2
930,244,2,2
930,245,2,2
930,246,2,2
930,247,2,2
930,248,2,2
930,249,2,2
930,250,2,2
930,251,2,2
930,252,2,2
930,253,2,2
930,254,2,2
930,255,2,2
930,256,2,2
930,257,2,2
930,258,2,2
930,259,2,2
930,260,2,2
930,261,2,2
930,262,2,2
930,263,2,2
930,264,2,2
930,265,2,2
930,266,2,2
930,267,2,2
930,268,2,2
930,269,2,2
930,270,2,2
930,271,2,2
930,272,2,2
930,273,2,2
930,274,2,2
930,275,2,2
930,276,2,2
930,277,2,2
930,278,2,2
930,279,2,2
930,280,2,2
930,281,2,2
930,282,2,2
930,283,2,2
930,284,2,2
930,285,2,2
930,286,2,2
930,287,2,2
930,288,2,2
930,289,2,2
930,290,2,2
930,291,2,2
930,292,2,2
930,293,2,2
930,294,2,2
930,295,2,2
930,296,2,2
930,297,2,2
930,298,2,2
930,299,2,2
930,300,2,2
930,301,2,2
930,302,2,2
930,303,2,2
930,304,2,2
930,305,2,2
930,306,2,2
930,307,2,2
930,308,2,2
930,309,2,2
930,310,2,2
930,311,2,2
930,312,2,2
930,313,2,2
930,314,2,2
930,315,2,2
930,316,2,2
930,317,2,2
930,318,2,2
930,319,2,2
930,320,2,2
930,321,2,2
930,322,2,2
930,323,2,2
930,324,2,2
930,325,2,2
930,326,2,2
930,327,2,2
930,328,2,2
930,329,2,2
930,330,2,2
930,331,2,2
930,332,2,2
930,333,2,2
930,334,2,2
930,335,2,2
930,336,2,2
930,337,2,2
930,338,2,2
930,339,2,2
930,340,2,2
930,341,2,2
930,342,2,2
930,343,2,2
930,344,2,2
930,345,2,2
930,346,2,2
930,347,2,2
930,348,2,2
930,349,2,2
930,350,2,2
930,351,2,2
930,352,2,2
930,353,2,2
930,354,2,2
930,355,2,2
930,356,2,2
930,357,2,2
930,358,2,2
930,359,2,2
930,360,2,3
930,361,2,3
930,362,2,3
930,363,2,3
930,364,2,3
930,365,2,3
930,366,2,3
930,367,2,3
930,368,2,3
930,369,2,3
930,370,2,3
930,371,2,3
930,372,2,3
930,373,2,3
930,374,2,3
930,375,2,3
930,376,2,3
930,377,2,3
930,378,2,3
930,379,2,3
930,380,2,3
930,381,2,3
930,382,2,3
930,383,2,3
930,384,2,3
930,385,2,3
930,386,2,2
930,387,2,2
930,388,2,2
930,389,2,2
930,390,2,3
930,391,2,3
930,392,2,3
930,393,2,3
930,394,2,3
930,395,2,3
930,396,2,3
930,397,2,3
930,398,2,3
930,399,2,3
930,400,2,3
930,401,2,2
930,402,2,2
930,403,2,2
930,404,2,2
930,405,2,2
930,406,2,2
930,407,2,2
930,408,2,2
930,409,2,2
930,410,2,2
930,411,2,2
930,412,2,2
930,413,2,2
930,414,2,2
930,415,2,2
930,416,2,2
930,417,2,2
930,418,2,2
930,419,2,2
930,420,2,3
930,421,2,3
930,422,2,3
930,423,2,2
930,424,2,2
930,425,2,2
930,426,2,2
930,427,2,2
930,428,2,2
930,429,2,2
930,430,2,2
930,431,2,2
930,432,2,2
930,433,2,2
930,434,2,2
930,435,2,2
930,436,2,2
930,437,2,2
930,438,2,2
930,439,2,2
930,440,2,2
930,441,2,2
930,442,2,2
930,443,2,2
930,444,2,2
930,445,2,2
930,446,2,2
930,447,2,2
930,448,2,2
930,449,2,2
930,450,2,2
930,451,2,2
930,452,2,2
930,453,2,2
930,454,2,2
930,455,2,2
930,456,2,2
930,457,2,2
930,458,2,2
930,459,2,2
930,460,2,2
930,461,2,2
930,462,2,2
930,463,2,2
930,464,2,2
930,465,2,2
930,466,2,2
930,467,2,2
930,468,2,2
930,469,2,2
930,470,2,2
930,471,2,2
930,472,2,2
930,473,2,2
930,474,2,2
930,475,2,2
930,476,2,2
930,477,2,2
930,478,2,2
930,479,2,2
930,480,2,2
930,481,2,2
930,482,2,2
930,483,2,2
930,484,2,2
930,485,2,2
930,486,2,2
930,487,2,2
930,488,2,2
931,152,2,2
931,153,2,2
931,154,2,2
931,155,2,2
931,156,2,2
931,157,2,2
931,158,2,2
931,159,2,2
931,160,2,2
931,161,2,2
931,162,2,2
931,163,2,2
931,164,2,2
931,165,2,2
931,166,2,2
931,167,2,2
931,168,2,2
931,169,2,2
931,170,2,2
931,171,2,2
931,172,2,2
931,173,2,2
931,174,2,2
931,175,2,2
931,176,2,2
931,177,2,2
931,178,2,2
931,179,2,2
931,180,2,2
931,181,2,2
931,182,2,2
931,183,2,2
931,184,2,2
931,185,2,2
931,186,2,2
931,187,2,2
931,188,2,2
931,189,2,2
931,190,2,2
931,191,2,2
931,192,2,2
931,193,2,2
931,194,2,2
931,195,2,2
931,196,2,2
931,197,2,2
931,198,2,2
931,199,2,2
931,200,2,2
931,201,2,2
931,202,2,2
931,203,2,2
931,204,2,2
931,205,2,2
931,206,2,2
931,207,2,2
931,208,2,2
931,209,2,2
931,210,2,2
931,211,2,2
931,212,2,2
931,213,2,2
931,214,2,2
931,215,2,2
931,216,2,2
931,217,2,2
931,218,2,2
931,219,2,2
931,220,2,2
931,221,2,2
931,222,2,2
931,223,2,2
931,224,2,2
931,225,2,2
931,226,2,2
931,227,2,2
931,228,2,2
931,229,2,2
931,230,2,2
931,231,2,2
931,232,2,2
931,233,2,2
931,234,2,2
931,235,2,2
931,236,2,2
931,237,2,2
931,238,2,2
931,239,2,2
931,240,2,2
931,241,2,2
931,242,2,2
931,243,2,2
931,244,2,2
931,245,2,2
931,246,2,2
931,247,2,2
931,248,2,2
931,249,2,2
931,250,2,2
931,251,2,2
931,252,2,2
931,253,2,2
931,254,2,2
931,255,2,2
931,256,2,2
931,257,2,2
931,258,2,2
931,259,2,2
931,260,2,2
931,261,2,2
931,262,2,2
931,263,2,2
931,264,2,2
931,265,2,2
931,266,2,2
931,267,2,2
931,268,2,2
931,269,2,2
931,270,2,2
931,271,2,2
931,272,2,2
931,273,2,2
931,274,2,2
931,275,2,2
931,276,2,2
931,277,2,2
931,278,2,2
931,279,2,2
931,280,2,2
931,281,2,2
931,282,2,2
931,283,2,2
931,284,2,2
931,285,2,2
931,286,2,2
931,287,2,2
931,288,2,2
931,289,2,2
931,290,2,2
931,291,2,2
931,292,2,2
931,293,2,2
931,294,2,2
931,295,2,2
931,296,2,2
931,297,2,2
931,298,2,2
931,299,2,2
931,300,2,2
931,301,2,2
931,302,2,2
931,303,2,2
931,304,2,2
931,305,2,2
931,306,2,2
931,307,2,2
931,308,2,2
931,309,2,2
931,310,2,2
931,311,2,2
931,312,2,2
931,313,2,2
931,314,2,2
931,315,2,2
931,316,2,2
931,317,2,2
931,318,2,2
931,319,2,2
931,320,2,2
931,321,2,2
931,322,2,2
931,323,2,2
931,324,2,2
931,325,2,2
931,326,2,2
931,327,2,2
931,328,2,2
931,329,2,2
931,330,2,2
931,331,2,2
931,332,2,2
931,333,2,2
931,334,2,2
931,335,2,2
931,336,2,2
931,337,2,2
931,338,2,2
931,339,2,2
931,340,2,2
931,341,2,2
931,342,2,2
931,343,2,2
931,344,2,2
931,345,2,2
931,346,2,2
931,347,2,2
931,348,2,2
931,349,2,2
931,350,2,2
931,351,2,2
931,352,2,2
931,353,2,2
931,354,2,2
931,355,2,2
931,356,2,2
931,357,2,2
931,358,2,2
931,359,2,2
931,360,2,3
931,361,2,3
931,362,2,3
931,363,2,3
931,364,2,3
931,365,2,3
931,366,2,3
931,367,2,3
931,368,2,3
931,369,2,3
931,370,2,3
931,371,2,3
931,372,2,3
931,373,2,3
931,374,2,3
931,375,2,3
931,376,2,3
931,377,2,3
931,378,2,3
931,379,2,3
931,380,2,3
931,381,2,3
931,382,2,3
931,383,2,3
931,384,2,3
931,385,2,3
931,386,2,2
931,387,2,2
931,388,2,2
931,389,2,2
931,390,2,3
931,391,2,3
931,392,2,3
931,393,2,3
931,394,2,3
931,395,2,3
931,396,2,3
931,397,2,3
931,398,2,3
931,399,2,3
931,400,2,2
931,401,2,2
931,402,2,2
931,403,2,2
931,404,2,2
931,405,2,2
931,406,2,2
931,407,2,2
931,408,2,2
931,409,2,2
931,410,2,2
931,411,2,2
931,412,2,2
931,413,2,2
931,414,2,2
931,415,2,2
931,416,2,2
931,417,2,2
931,418,2,2
931,419,2,2
931,420,2,2
931,421,2,2
931,422,2,2
931,423,2,2
931,424,2,2
931,425,2,2
931,426,2,2
931,427,2,2
931,428,2,2
931,429,2,2
931,430,2,2
931,431,2,2
931,432,2,2
931,433,2,2
931,434,2,2
931,435,2,2
931,436,2,2
931,437,2,2
931,438,2,2
931,439,2,2
931,440,2,2
931,441,2,2
931,442,2,2
931,443,2,2
931,444,2,2
931,445,2,2
931,446,2,2
931,447,2,2
931,448,2,2
931,449,2,2
931,450,2,2
931,451,2,2
931,452,2,2
931,453,2,2
931,454,2,2
931,455,2,2
931,456,2,2
931,457,2,2
931,458,2,2
931,459,2,2
931,460,2,2
931,461,2,2
931,462,2,2
931,463,2,2
931,464,2,2
931,465,2,2
931,466,2,2
931,467,2,2
931,468,2,2
931,469,2,2
931,470,2,2
931,471,2,2
931,472,2,2
931,473,2,2
931,474,2,2
931,475,2,2
931,476,2,2
931,477,2,2
931,478,2,2
931,479,2,2
931,480,2,2
931,481,2,2
931,482,2,2
931,483,2,2
931,484,2,2
931,485,2,2
931,486,2,2
931,487,2,2
931,488,2,2
932,153,2,2
932,154,2,2
932,155,2,2
932,156,2,2
932,157,2,2
932,158,2,2
932,159,2,2
932,160,2,2
932,161,2,2
932,162,2,2
932,163,2,2
932,164,2,2
932,165,2,2
932,166,2,2
932,167,2,2
932,168,2,2
932,169,2,2
932,170,2,2
932,171,2,2
932,172,2,2
932,173,2,2
932,174,2,2
932,175,2,2
932,176,2,2
932,177,2,2
932,178,2,2
932,179,2,2
932,180,2,2
932,181,2,2
932,182,2,2
932,183,2,2
932,184,2,2
932,185,2,2
932,186,2,2
932,187,2,2
932,188,2,2
932,189,2,2
932,190,2,2
932,191,2,2
932,192,2,2
932,193,2,2
932,194,2,2
932,195,2,2
932,196,2,2
932,197,2,2
932,198,2,2
932,199,2,2
932,200,2,2
932,201,2,2
932,202,2,2
932,203,2,2
932,204,2,2
932,205,2,2
932,206,2,2
932,207,2,2
932,208,2,2
932,209,2,2
932,210,2,2
932,211,2,2
932,212,2,2
932,213,2,2
932,214,2,2
932,215,2,2
932,216,2,2
932,217,2,2
932,218,2,2
932,219,2,2
932,220,2,2
932,221,2,2
932,222,2,2
932,223,2,2
932,224,2,2
932,225,2,2
932,226,2,2
932,227,2,2
932,228,2,2
932,229,2,2
932,230,2,2
932,231,2,2
932,232,2,2
932,233,2,2
932,234,2,2
932,235,2,2
932,236,2,2
932,237,2,2
932,238,2,2
932,239,2,2
932,240,2,2
932,241,2,2
932,242,2,2
932,243,2,2
932,244,2,2
932,245,2,2
932,246,2,2
932,247,2,2
932,248,2,2
932,249,2,2
932,250,2,2
932,251,2,2
932,252,2,2
932,253,2,2
932,254,2,2
932,255,2,2
932,256,2,2
932,257,2,2
932,258,2,2
932,259,2,2
932,260,2,2
932,261,2,2
932,262,2,2
932,263,2,2
932,264,2,2
932,265,2,2
932,266,2,2
932,267,2,2
932,268,2,2
932,269,2,2
932,270,2,2
932,271,2,2
932,272,2,2
932,273,2,2
932,274,2,2
932,275,2,2
932,276,2,2
932,277,2,2
932,278,2,2
932,279,2,2
932,280,2,2
932,281,2,2
932,282,2,2
932,283,2,2
932,284,2,2
932,285,2,2
932,286,2,2
932,287,2,2
932,288,2,2
932,289,2,2
932,290,2,2
932,291,2,2
932,292,2,2
932,293,2,2
932,294,2,2
932,295,2,2
932,296,2,2
932,297,2,2
932,298,2,2
932,299,2,2
932,300,2,2
932,301,2,2
932,302,2,2
932,303,2,2
932,304,2,2
932,305,2,2
932,306,2,2
932,307,2,2
932,308,2,2
932,309,2,2
932,310,2,2
932,311,2,2
932,312,2,2
932,313,2,2
932,314,2,2
932,315,2,2
932,316,2,2
932,317,2,2
932,318,2,2
932,319,2,2
932,320,2,2
932,321,2,2
932,322,2,2
932,323,2,2
932,324,2,2
932,325,2,2
932,326,2,2
932,327,2,2
932,328,2,2
932,329,2,2
932,330,2,2
932,331,2,2
932,332,2,2
932,333,2,2
932,334,2,2
932,335,2,2
932,336,2,2
932,337,2,2
932,338,2,2
932,339,2,2
932,340,2,2
932,341,2,2
932,342,2,2
932,343,2,2
932,344,2,2
932,345,2,2
932,346,2,2
932,347,2,2
932,348,2,2
932,349,2,2
932,350,2,2
932,351,2,2
932,352,2,2
932,353,2,2
932,354,2,2
932,355,2,2
932,356,2,2
932,357,2,2
932,358,2,2
932,359,2,2
932,360,2,3
932,361,2,3
932,362,2,3
932,363,2,3
932,364,2,3
932,365,2,3
932,366,2,3
932,367,2,3
932,368,2,3
932,369,2,3
932,370,2,3
932,371,2,3
932,372,2,3
932,373,2,3
932,374,2,3
932,375,2,3
932,376,2,3
932,377,2,3
932,378,2,3
932,379,2,3
932,380,2,3
932,381,2,3
932,382,2,3
932,383,2,3
932,384,2,3
932,385,2,3
932,386,2,3
932,387,2,2
932,388,2,2
932,389,2,3
932,390,2,3
932,391,2,3
932,392,2,3
932,393,2,3
932,394,2,3
932,395,2,3
932,396,2,3
932,397,2,3
932,398,2,3
932,399,2,3
932,400,2,2
932,401,2,2
932,402,2,2
932,403,2,2
932,404,2,2
932,405,2,2
932,406,2,2
932,407,2,2
932,408,2,2
932,409,2,2
932,410,2,2
932,411,2,2
932,412,2,2
932,413,2,2
932,414,2,2
932,415,2,2
932,416,2,2
932,417,2,2
932,418,2,2
932,419,2,2
932,420,2,2
932,421,2,2
932,422,2,2
932,423,2,2
932,424,2,2
932,425,2,2
932,426,2,2
932,427,2,2
932,428,2,2
932,429,2,2
932,430,2,2
932,431,2,2
932,432,2,2
932,433,2,2
932,434,2,2
932,435,2,2
932,436,2,2
932,437,2,2
932,438,2,2
932,439,2,2
932,440,2,2
932,441,2,2
932,442,2,2
932,443,2,2
932,444,2,2
932,445,2,2
932,446,2,2
932,447,2,2
932,448,2,2
932,449,2,2
932,450,2,2
932,451,2,2
932,452,2,2
932,453,2,2
932,454,2,2
932,455,2,2
932,456,2,2
932,457,2,2
932,458,2,2
932,459,2,2
932,460,2,2
932,461,2,2
932,462,2,2
932,463,2,2
932,464,2,2
932,465,2,2
932,466,2,2
932,467,2,2
932,468,2,2
932,469,2,2
932,470,2,2
932,471,2,2
932,472,2,2
932,473,2,2
932,474,2,2
932,475,2,2
932,476,2,2
932,477,2,2
932,478,2,2
932,479,2,2
932,480,2,2
932,481,2,2
932,482,2,2
932,483,2,2
932,484,2,2
932,485,2,2
933,154,2,2
933,155,2,2
933,156,2,2
933,157,2,2
933,158,2,2
933,159,2,2
933,160,2,2
933,161,2,2
933,162,2,2
933,163,2,2
933,164,2,2
933,165,2,2
933,166,2,2
933,167,2,2
933,168,2,2
933,169,2,2
933,170,2,2
933,171,2,2
933,172,2,2
933,173,2,2
933,174,2,2
933,175,2,2
933,176,2,2
933,177,2,2
933,178,2,2
933,179,2,2
933,180,2,2
933,181,2,2
933,182,2,2
933,183,2,2
933,184,2,2
933,185,2,2
933,186,2,2
933,187,2,2
933,188,2,2
933,189,2,2
933,190,2,2
933,191,2,2
933,192,2,2
933,193,2,2
933,194,2,2
933,195,2,2
933,196,2,2
933,197,2,2
933,198,2,2
933,199,2,2
933,200,2,2
933,201,2,2
933,202,2,2
933,203,2,2
933,204,2,2
933,205,2,2
933,206,2,2
933,207,2,2
933,208,2,2
933,209,2,2
933,210,2,2
933,211,2,2
933,212,2,2
933,213,2,2
933,214,2,2
933,215,2,2
933,216,2,2
933,217,2,2
933,218,2,2
933,219,2,2
933,220,2,2
933,221,2,2
933,222,2,2
933,223,2,2
933,224,2,2
933,225,2,2
933,226,2,2
933,227,2,2
933,228,2,2
933,229,2,2
933,230,2,2
933,231,2,2
933,232,2,2
933,233,2,2
933,234,2,2
933,235,2,2
933,236,2,2
933,237,2,2
933,238,2,2
933,239,2,2
933,240,2,2
933,241,2,2
933,242,2,2
933,243,2,2
933,244,2,2
933,245,2,2
933,246,2,2
933,247,2,2
933,248,2,2
933,249,2,2
933,250,2,2
933,251,2,2
933,252,2,2
933,253,2,2
933,254,2,2
933,255,2,2
933,256,2,2
933,257,2,2
933,258,2,2
933,259,2,2
933,260,2,2
933,261,2,2
933,262,2,2
933,263,2,2
933,264,2,2
933,265,2,2
933,266,2,2
933,267,2,2
933,268,2,2
933,269,2,2
933,270,2,2
933,271,2,2
933,272,2,2
933,273,2,2
933,274,2,2
933,275,2,2
933,276,2,2
933,277,2,2
933,278,2,2
933,279,2,2
933,280,2,2
933,281,2,2
933,282,2,2
933,283,2,2
933,284,2,2
933,285,2,2
933,286,2,2
933,287,2,2
933,288,2,2
933,289,2,2
933,290,2,2
933,291,2,2
933,292,2,2
933,293,2,2
933,294,2,2
933,295,2,2
933,296,2,2
933,297,2,2
933,298,2,2
933,299,2,2
933,300,2,2
933,301,2,2
933,302,2,2
933,303,2,2
933,304,2,2
933,305,2,2
933,306,2,2
933,307,2,2
933,308,2,2
933,309,2,2
933,310,2,2
933,311,2,2
933,312,2,2
933,313,2,2
933,314,2,2
933,315,2,2
933,316,2,2
933,317,2,2
933,318,2,2
933,319,2,2
933,320,2,2
933,321,2,2
933,322,2,2
933,323,2,2
933,324,2,2
933,325,2,2
933,326,2,2
933,327,2,2
933,328,2,2
933,329,2,2
933,330,2,2
933,331,2,2
933,332,2,2
933,333,2,2
933,334,2,2
933,335,2,2
933,336,2,2
933,337,2,2
933,338,2,2
933,339,2,2
933,340,2,2
933,341,2,2
933,342,2,2
933,343,2,2
933,344,2,2
933,345,2,2
933,346,2,2
933,347,2,2
933,348,2,2
933,349,2,2
933,350,2,2
933,351,2,2
933,352,2,2
933,353,2,2
933,354,2,2
933,355,2,2
933,356,2,2
933,357,2,2
933,358,2,2
933,359,2,2
933,360,2,3
933,361,2,3
933,362,2,3
933,363,2,3
933,364,2,3
933,365,2,3
933,366,2,3
933,367,2,3
933,368,2,3
933,369,2,3
933,370,2,3
933,371,2,3
933,372,2,3
933,373,2,3
933,374,2,3
933,375,2,3
933,376,2,3
933,377,2,3
933,378,2,3
933,379,2,3
933,380,2,3
933,381,2,3
933,382,2,3
933,383,2,3
933,384,2,3
933,385,2,3
933,386,2,3
933,387,2,2
933,388,2,2
933,389,2,3
933,390,2,3
933,391,2,3
933,392,2,3
933,393,2,3
933,394,2,3
933,395,2,3
933,396,2,3
933,397,2,3
933,398,2,3
933,399,2,2
933,400,2,2
933,401,2,2
933,402,2,2
933,403,2,2
933,404,2,2
933,405,2,2
933,406,2,2
933,407,2,2
933,408,2,2
933,409,2,2
933,410,2,2
933,411,2,2
933,412,2,2
933,413,2,2
933,414,2,2
933,415,2,2
933,416,2,2
933,417,2,2
933,418,2,2
933,419,2,2
933,420,2,2
933,421,2,2
933,422,2,2
933,423,2,2
933,424,2,2
933,425,2,2
933,426,2,2
933,427,2,2
933,428,2,2
933,429,2,2
933,430,2,2
933,431,2,2
933,432,2,2
933,433,2,2
933,434,2,2
933,435,2,2
933,436,2,2
933,437,2,2
933,438,2,2
933,439,2,2
933,440,2,2
933,441,2,2
933,442,2,2
933,443,2,2
933,444,2,2
933,445,2,2
933,446,2,2
933,447,2,2
933,448,2,2
933,449,2,2
933,450,2,2
933,451,2,2
933,452,2,2
933,453,2,2
933,454,2,2
933,455,2,2
933,456,2,2
933,457,2,2
933,458,2,2
933,459,2,2
933,460,2,2
933,461,2,2
933,462,2,2
933,463,2,2
933,464,2,2
933,465,2,2
933,466,2,2
933,467,2,2
933,468,2,2
933,469,2,2
933,470,2,2
933,471,2,2
933,472,2,2
933,473,2,2
933,474,2,2
933,475,2,2
933,476,2,2
933,477,2,2
933,478,2,2
933,479,2,2
933,480,2,2
933,481,2,2
933,482,2,2
933,483,2,2
933,484,2,2
934,155,2,2
934,156,2,2
934,157,2,2
934,158,2,2
934,159,2,2
934,160,2,2
934,161,2,2
934,162,2,2
934,163,2,2
934,164,2,2
934,165,2,2
934,166,2,2
934,167,2,2
934,168,2,2
934,169,2,2
934,170,2,2
934,171,2,2
934,172,2,2
934,173,2,2
934,174,2,2
934,175,2,2
934,176,2,2
934,177,2,2
934,178,2,2
934,179,2,2
934,180,2,2
934,181,2,2
934,182,2,2
934,183,2,2
934,184,2,2
934,185,2,2
934,186,2,2
934,187,2,2
934,188,2,2
934,189,2,2
934,190,2,2
934,191,2,2
934,192,2,2
934,193,2,2
934,194,2,2
934,195,2,2
934,196,2,2
934,197,2,2
934,198,2,2
934,199,2,2
934,200,2,2
934,201,2,2
934,202,2,2
934,203,2,2
934,204,2,2
934,205,2,2
934,206,2,2
934,207,2,2
934,208,2,2
934,209,2,2
934,210,2,2
934,211,2,2
934,212,2,2
934,213,2,2
934,214,2,2
934,215,2,2
934,216,2,2
934,217,2,2
934,218,2,2
934,219,2,2
934,220,2,2
934,221,2,2
934,222,2,2
934,223,2,2
934,224,2,2
934,225,2,2
934,226,2,2
934,227,2,2
934,228,2,2
934,229,2,2
934,230,2,2
934,231,2,2
934,232,2,2
934,233,2,2
934,234,2,2
934,235,2,2
934,236,2,2
934,237,2,2
934,238,2,2
934,239,2,2
934,240,2,2
934,241,2,2
934,242,2,2
934,243,2,2
934,244,2,2
934,245,2,2
934,246,2,2
934,247,2,2
934,248,2,2
934,249,2,2
934,250,2,2
934,251,2,2
934,252,2,2
934,253,2,2
934,254,2,2
934,255,2,2
934,256,2,2
934,257,2,2
934,258,2,2
934,259,2,2
934,260,2,2
934,261,2,2
934,262,2,2
934,263,2,2
934,264,2,2
934,265,2,2
934,266,2,2
934,267,2,2
934,268,2,2
934,269,2,2
934,270,2,2
934,271,2,2
934,272,2,2
934,273,2,2
934,274,2,2
934,275,2,2
934,276,2,2
934,277,2,2
934,278,2,2
934,279,2,2
934,280,2,2
934,281,2,2
934,282,2,2
934,283,2,2
934,284,2,2
934,285,2,2
934,286,2,2
934,287,2,2
934,288,2,2
934,289,2,2
934,290,2,2
934,291,2,2
934,292,2,2
934,293,2,2
934,294,2,2
934,295,2,2
934,296,2,2
934,297,2,2
934,298,2,2
934,299,2,2
934,300,2,2
934,301,2,2
934,302,2,2
934,303,2,2
934,304,2,2
934,305,2,2
934,306,2,2
934,307,2,2
934,308,2,2
934,309,2,2
934,310,2,2
934,311,2,2
934,312,2,2
934,313,2,2
934,314,2,2
934,315,2,2
934,316,2,2
934,317,2,2
934,318,2,2
934,319,2,2
934,320,2,2
934,321,2,2
934,322,2,2
934,323,2,2
934,324,2,2
934,325,2,2
934,326,2,2
934,327,2,2
934,328,2,2
934,329,2,2
934,330,2,2
934,331,2,2
934,332,2,2
934,333,2,2
934,334,2,2
934,335,2,2
934,336,2,2
934,337,2,2
934,338,2,2
934,339,2,2
934,340,2,2
934,341,2,2
934,342,2,2
934,343,2,2
934,344,2,2
934,345,2,2
934,346,2,2
934,347,2,2
934,348,2,2
934,349,2,2
934,350,2,2
934,351,2,2
934,352,2,2
934,353,2,2
934,354,2,2
934,355,2,2
934,356,2,2
934,357,2,2
934,358,2,2
934,359,2,2
934,360,2,3
934,361,2,3
934,362,2,3
934,363,2,3
934,364,2,3
934,365,2,3
934,366,2,3
934,367,2,3
934,368,2,3
934,369,2,3
934,370,2,3
934,371,2,3
934,372,2,3
934,373,2,3
934,374,2,3
934,375,2,3
934,376,2,3
934,377,2,3
934,378,2,3
934,379,2,3
934,380,2,3
934,381,2,3
934,382,2,3
934,383,2,3
934,384,2,3
934,385,2,3
934,386,2,3
934,387,2,3
934,388,2,3
934,389,2,3
934,390,2,3
934,391,2,3
934,392,2,3
934,393,2,3
934,394,2,3
934,395,2,3
934,396,2,3
934,397,2,3
934,398,2,3
934,399,2,2
934,400,2,2
934,401,2,2
934,402,2,2
934,403,2,2
934,404,2,2
934,405,2,2
934,406,2,2
934,407,2,2
934,408,2,2
934,409,2,2
934,410,2,2
934,411,2,2
934,412,2,2
934,413,2,2
934,414,2,2
934,415,2,2
934,416,2,2
934,417,2,2
934,418,2,2
934,419,2,2
934,420,2,2
934,421,2,2
934,422,2,2
934,423,2,2
934,424,2,2
934,425,2,2
934,426,2,2
934,427,2,2
934,428,2,2
934,429,2,2
934,430,2,2
934,431,2,2
934,432,2,2
934,433,2,2
934,434,2,2
934,435,2,2
934,436,2,2
934,437,2,2
934,438,2,2
934,439,2,2
934,440,2,2
934,441,2,2
934,442,2,2
934,443,2,2
934,444,2,2
934,445,2,2
934,446,2,2
934,447,2,2
934,448,2,2
934,449,2,2
934,450,2,2
934,451,2,2
934,452,2,2
934,453,2,2
934,454,2,2
934,455,2,2
934,456,2,2
934,457,2,2
934,458,2,2
934,459,2,2
934,460,2,2
934,461,2,2
934,462,2,2
934,463,2,2
934,464,2,2
934,465,2,2
934,466,2,2
934,467,2,2
934,468,2,2
934,469,2,2
934,470,2,2
934,471,2,2
934,472,2,2
934,473,2,2
934,474,2,2
934,475,2,2
934,476,2,2
934,477,2,2
934,478,2,2
934,479,2,2
934,480,2,2
934,481,2,2
935,156,2,2
935,157,2,2
935,158,2,2
935,159,2,2
935,160,2,2
935,161,2,2
935,162,2,2
935,163,2,2
935,164,2,2
935,165,2,2
935,166,2,2
935,167,2,2
935,168,2,2
935,169,2,2
935,170,2,2
935,171,2,2
935,172,2,2
935,173,2,2
935,174,2,2
935,175,2,2
935,176,2,2
935,177,2,2
935,178,2,2
935,179,2,2
935,180,2,2
935,181,2,2
935,182,2,2
935,183,2,2
935,184,2,2
935,185,2,2
935,186,2,2
935,187,2,2
935,188,2,2
935,189,2,2
935,190,2,2
935,191,2,2
935,192,2,2
935,193,2,2
935,194,2,2
935,195,2,2
935,196,2,2
935,197,2,2
935,198,2,2
935,199,2,2
935,200,2,2
935,201,2,2
935,202,2,2
935,203,2,2
935,204,2,2
935,205,2,2
935,206,2,2
935,207,2,2
935,208,2,2
935,209,2,2
935,210,2,2
935,211,2,2
935,212,2,2
935,213,2,2
935,214,2,2
935,215,2,2
935,216,2,2
935,217,2,2
935,218,2,2
935,219,2,2
935,220,2,2
935,221,2,2
935,222,2,2
935,223,2,2
935,224,2,2
935,225,2,2
935,226,2,2
935,227,2,2
935,228,2,2
935,229,2,2
935,230,2,2
935,231,2,2
935,232,2,2
935,233,2,2
935,234,2,2
935,235,2,2
935,236,2,2
935,237,2,2
935,238,2,2
935,239,2,2
935,240,2,2
935,241,2,2
935,242,2,2
935,243,2,2
935,244,2,2
935,245,2,2
935,246,2,2
935,247,2,2
935,248,2,2
935,249,2,2
935,250,2,2
935,251,2,2
935,252,2,2
935,253,2,2
935,254,2,2
935,255,2,2
935,256,2,2
935,257,2,2
935,258,2,2
935,259,2,2
935,260,2,2
935,261,2,2
935,262,2,2
935,263,2,2
935,264,2,2
935,265,2,2
935,266,2,2
935,267,2,2
935,268,2,2
935,269,2,2
935,270,2,2
935,271,2,2
935,272,2,2
935,273,2,2
935,274,2,2
935,275,2,2
935,276,2,2
935,277,2,2
935,278,2,2
935,279,2,2
935,280,2,2
935,281,2,2
935,282,2,2
935,283,2,2
935,284,2,2
935,285,2,2
935,286,2,2
935,287,2,2
935,288,2,2
935,289,2,2
935,290,2,2
935,291,2,2
935,292,2,2
935,293,2,2
935,294,2,2
935,295,2,2
935,296,2,2
935,297,2,2
935,298,2,2
935,299,2,2
935,300,2,2
935,301,2,2
935,302,2,2
935,303,2,2
935,304,2,2
935,305,2,2
935,306,2,2
935,307,2,2
935,308,2,2
935,309,2,2
935,310,2,2
935,311,2,2
935,312,2,2
935,313,2,2
935,314,2,2
935,315,2,2
935,316,2,2
935,317,2,2
935,318,2,2
935,319,2,2
935,320,2,2
935,321,2,2
935,322,2,2
935,323,2,2
935,324,2,2
935,325,2,2
935,326,2,2
935,327,2,2
935,328,2,2
935,329,2,2
935,330,2,2
935,331,2,2
935,332,2,2
935,333,2,2
935,334,2,2
935,335,2,2
935,336,2,2
935,337,2,2
935,338,2,2
935,339,2,2
935,340,2,2
935,341,2,2
935,342,2,2
935,343,2,2
935,344,2,2
935,345,2,2
935,346,2,2
935,347,2,2
935,348,2,2
935,349,2,2
935,350,2,2
935,351,2,2
935,352,2,2
935,353,2,2
935,354,2,2
935,355,2,2
935,356,2,2
935,357,2,2
935,358,2,2
935,359,2,2
935,360,2,3
935,361,2,3
935,362,2,3
935,363,2,3
935,364,2,3
935,365,2,3
935,366,2,3
935,367,2,3
935,368,2,3
935,369,2,3
935,370,2,3
935,371,2,3
935,372,2,3
935,373,2,3
935,374,2,3
935,375,2,3
935,376,2,3
935,377,2,3
935,378,2,3
935,379,2,3
935,380,2,3
935,381,2,3
935,382,2,3
935,383,2,3
935,384,2,3
935,385,2,3
935,386,2,3
935,387,2,3
935,388,2,3
935,389,2,3
935,390,2,3
935,391,2,3
935,392,2,3
935,393,2,3
935,394,2,3
935,395,2,3
935,396,2,3
935,397,2,3
935,398,2,3
935,399,2,2
935,400,2,2
935,401,2,2
935,402,2,2
935,403,2,2
935,404,2,2
935,405,2,2
935,406,2,2
935,407,2,2
935,408,2,2
935,409,2,2
935,410,2,2
935,411,2,2
935,412,2,2
935,413,2,2
935,414,2,2
935,415,2,2
935,416,2,2
935,417,2,2
935,418,2,2
935,419,2,2
935,420,2,2
935,421,2,2
935,422,2,2
935,423,2,2
935,424,2,2
935,425,2,2
935,426,2,2
935,427,2,2
935,428,2,2
935,429,2,2
935,430,2,2
935,431,2,2
935,432,2,2
935,433,2,2
935,434,2,2
935,435,2,2
935,436,2,2
935,437,2,2
935,438,2,2
935,439,2,2
935,440,2,2
935,441,2,2
935,442,2,2
935,443,2,2
935,444,2,2
935,445,2,2
935,446,2,2
935,447,2,2
935,448,2,2
935,449,2,2
935,450,2,2
935,451,2,2
935,452,2,2
935,453,2,2
935,454,2,2
935,455,2,2
935,456,2,2
935,457,2,2
935,458,2,2
935,459,2,2
935,460,2,2
935,461,2,2
935,462,2,2
935,463,2,2
935,464,2,2
935,465,2,2
935,466,2,2
935,467,2,2
935,468,2,2
935,469,2,2
935,470,2,2
935,471,2,2
935,472,2,2
935,473,2,2
935,474,2,2
935,475,2,2
935,476,2,2
935,477,2,2
935,478,2,2
935,479,2,2
935,480,2,2
936,157,2,2
936,158,2,2
936,159,2,2
936,160,2,2
936,161,2,2
936,162,2,2
936,163,2,2
936,164,2,2
936,165,2,2
936,166,2,2
936,167,2,2
936,168,2,2
936,169,2,2
936,170,2,2
936,171,2,2
936,172,2,2
936,173,2,2
936,174,2,2
936,175,2,2
936,176,2,2
936,177,2,2
936,178,2,2
936,179,2,2
936,180,2,2
936,181,2,2
936,182,2,2
936,183,2,2
936,184,2,2
936,185,2,2
936,186,2,2
936,187,2,2
936,188,2,2
936,189,2,2
936,190,2,2
936,191,2,2
936,192,2,2
936,193,2,2
936,194,2,2
936,195,2,2
936,196,2,2
936,197,2,2
936,198,2,2
936,199,2,2
936,200,2,2
936,201,2,2
936,202,2,2
936,203,2,2
936,204,2,2
936,205,2,2
936,206,2,2
936,207,2,2
936,208,2,2
936,209,2,2
936,210,2,2
936,211,2,2
936,212,2,2
936,213,2,2
936,214,2,2
936,215,2,2
936,216,2,2
936,217,2,2
936,218,2,2
936,219,2,2
936,220,2,2
936,221,2,2
936,222,2,2
936,223,2,2
936,224,2,2
936,225,2,2
936,226,2,2
936,227,2,2
936,228,2,2
936,229,2,2
936,230,2,2
936,231,2,2
936,232,2,2
936,233,2,2
936,234,2,2
936,235,2,2
936,236,2,2
936,237,2,2
936,238,2,2
936,239,2,2
936,240,2,2
936,241,2,2
936,242,2,2
936,243,2,2
936,244,2,2
936,245,2,2
936,246,2,2
936,247,2,2
936,248,2,2
936,249,2,2
936,250,2,2
936,251,2,2
936,252,2,2
936,253,2,2
936,254,2,2
936,255,2,2
936,256,2,2
936,257,2,2
936,258,2,2
936,259,2,2
936,260,2,2
936,261,2,2
936,262,2,2
936,263,2,2
936,264,2,2
936,265,2,2
936,266,2,2
936,267,2,2
936,268,2,2
936,269,2,2
936,270,2,2
936,271,2,2
936,272,2,2
936,273,2,2
936,274,2,2
936,275,2,2
936,276,2,2
936,277,2,2
936,278,2,2
936,279,2,2
936,280,2,2
936,281,2,2
936,282,2,2
936,283,2,2
936,284,2,2
936,285,2,2
936,286,2,2
936,287,2,2
936,288,2,2
936,289,2,2
936,290,2,2
936,291,2,2
936,292,2,2
936,293,2,2
936,294,2,2
936,295,2,2
936,296,2,2
936,297,2,2
936,298,2,2
936,299,2,2
936,300,2,2
936,301,2,2
936,302,2,2
936,303,2,2
936,304,2,2
936,305,2,2
936,306,2,2
936,307,2,2
936,308,2,2
936,309,2,2
936,310,2,2
936,311,2,2
936,312,2,2
936,313,2,2
936,314,2,2
936,315,2,2
936,316,2,2
936,317,2,2
936,318,2,2
936,319,2,2
936,320,2,2
936,321,2,2
936,322,2,2
936,323,2,2
936,324,2,2
936,325,2,2
936,326,2,2
936,327,2,2
936,328,2,2
936,329,2,2
936,330,2,2
936,331,2,2
936,332,2,2
936,333,2,2
936,334,2,2
936,335,2,2
936,336,2,2
936,337,2,2
936,338,2,2
936,339,2,2
936,340,2,2
936,341,2,2
936,342,2,2
936,343,2,2
936,344,2,2
936,345,2,2
936,346,2,2
936,347,2,2
936,348,2,2
936,349,2,2
936,350,2,2
936,351,2,2
936,352,2,2
936,353,2,2
936,354,2,2
936,355,2,2
936,356,2,2
936,357,2,2
936,358,2,2
936,359,2,2
936,360,2,3
936,361,2,3
936,362,2,3
936,363,2,3
936,364,2,3
936,365,2,3
936,366,2,3
936,367,2,3
936,368,2,3
936,369,2,3
936,370,2,3
936,371,2,3
936,372,2,3
936,373,2,3
936,374,2,3
936,375,2,3
936,376,2,3
936,377,2,3
936,378,2,3
936,379,2,3
936,380,2,3
936,381,2,3
936,382,2,3
936,383,2,3
936,384,2,3
936,385,2,3
936,386,2,3
936,387,2,3
936,388,2,3
936,389,2,3
936,390,2,3
936,391,2,3
936,392,2,3
936,393,2,3
936,394,2,3
936,395,2,3
936,396,2,3
936,397,2,3
936,398,2,3
936,399,2,2
936,400,2,2
936,401,2,2
936,402,2,2
936,403,2,2
936,404,2,2
936,405,2,2
936,406,2,2
936,407,2,2
936,408,2,2
936,409,2,2
936,410,2,2
936,411,2,2
936,412,2,2
936,413,2,2
936,414,2,2
936,415,2,2
936,416,2,2
936,417,2,2
936,418,2,2
936,419,2,2
936,420,2,2
936,421,2,2
936,422,2,2
936,423,2,2
936,424,2,2
936,425,2,2
936,426,2,2
936,427,2,2
936,428,2,2
936,429,2,2
936,430,2,2
936,431,2,2
936,432,2,2
936,433,2,2
936,434,2,2
936,435,2,2
936,436,2,2
936,437,2,2
936,438,2,2
936,439,2,2
936,440,2,2
936,441,2,2
936,442,2,2
936,443,2,2
936,444,2,2
936,445,2,2
936,446,2,2
936,447,2,2
936,448,2,2
936,449,2,2
936,450,2,2
936,451,2,2
936,452,2,2
936,453,2,2
936,454,2,2
936,455,2,2
936,456,2,2
936,457,2,2
936,458,2,2
936,459,2,2
936,460,2,2
936,461,2,2
936,462,2,2
936,463,2,2
936,464,2,2
936,465,2,2
936,466,2,2
936,467,2,2
936,468,2,2
936,469,2,2
936,470,2,2
936,471,2,2
936,472,2,2
936,473,2,2
936,474,2,2
936,475,2,2
936,476,2,2
936,477,2,2
937,157,2,2
937,158,2,2
937,159,2,2
937,160,2,2
937,161,2,2
937,162,2,2
937,163,2,2
937,164,2,2
937,165,2,2
937,166,2,2
937,167,2,2
937,168,2,2
937,169,2,2
937,170,2,2
937,171,2,2
937,172,2,2
937,173,2,2
937,174,2,2
937,175,2,2
937,176,2,2
937,177,2,2
937,178,2,2
937,179,2,2
937,180,2,2
937,181,2,2
937,182,2,2
937,183,2,2
937,184,2,2
937,185,2,2
937,186,2,2
937,187,2,2
937,188,2,2
937,189,2,2
937,190,2,2
937,191,2,2
937,192,2,2
937,193,2,2
937,194,2,2
937,195,2,2
937,196,2,2
937,197,2,2
937,198,2,2
937,199,2,2
937,200,2,2
937,201,2,2
937,202,2,2
937,203,2,2
937,204,2,2
937,205,2,2
937,206,2,2
937,207,2,2
937,208,2,2
937,209,2,2
937,210,2,2
937,211,2,2
937,212,2,2
937,213,2,2
937,214,2,2
937,215,2,2
937,216,2,2
937,217,2,2
937,218,2,2
937,219,2,2
937,220,2,2
937,221,2,2
937,222,2,2
937,223,2,2
937,224,2,2
937,225,2,2
937,226,2,2
937,227,2,2
937,228,2,2
937,229,2,2
937,230,2,2
937,231,2,2
937,232,2,2
937,233,2,2
937,234,2,2
937,235,2,2
937,236,2,2
937,237,2,2
937,238,2,2
937,239,2,2
937,240,2,2
937,241,2,2
937,242,2,2
937,243,2,2
937,244,2,2
937,245,2,2
937,246,2,2
937,247,2,2
937,248,2,2
937,249,2,2
937,250,2,2
937,251,2,2
937,252,2,2
937,253,2,2
937,254,2,2
937,255,2,2
937,256,2,2
937,257,2,2
937,258,2,2
937,259,2,2
937,260,2,2
937,261,2,2
937,262,2,2
937,263,2,2
937,264,2,2
937,265,2,2
937,266,2,2
937,267,2,2
937,268,2,2
937,269,2,2
937,270,2,2
937,271,2,2
937,272,2,2
937,273,2,2
937,274,2,2
937,275,2,2
937,276,2,2
937,277,2,2
937,278,2,2
937,279,2,2
937,280,2,2
937,281,2,2
937,282,2,2
937,283,2,2
937,284,2,2
937,285,2,2
937,286,2,2
937,287,2,2
937,288,2,2
937,289,2,2
937,290,2,2
937,291,2,2
937,292,2,2
937,293,2,2
937,294,2,2
937,295,2,2
937,296,2,2
937,297,2,2
937,298,2,2
937,299,2,2
937,300,2,2
937,301,2,2
937,302,2,2
937,303,2,2
937,304,2,2
937,305,2,2
937,306,2,2
937,307,2,2
937,308,2,2
937,309,2,2
937,310,2,2
937,311,2,2
937,312,2,2
937,313,2,2
937,314,2,2
937,315,2,2
937,316,2,2
937,317,2,2
937,318,2,2
937,319,2,2
937,320,2,2
937,321,2,2
937,322,2,2
937,323,2,2
937,324,2,2
937,325,2,2
937,326,2,2
937,327,2,2
937,328,2,2
937,329,2,2
937,330,2,2
937,331,2,2
937,332,2,2
937,333,2,2
937,334,2,2
937,335,2,2
937,336,2,2
937,337,2,2
937,338,2,2
937,339,2,2
937,340,2,2
937,341,2,2
937,342,2,2
937,343,2,2
937,344,2,2
937,345,2,2
937,346,2,2
937,347,2,2
937,348,2,2
937,349,2,2
937,350,2,2
937,351,2,2
937,352,2,2
937,353,2,2
937,354,2,2
937,355,2,2
937,356,2,2
937,357,2,2
937,358,2,2
937,359,2,2
937,360,2,2
937,361,2,3
937,362,2,3
937,363,2,3
937,364,2,3
937,365,2,3
937,366,2,3
937,367,2,3
937,368,2,3
937,369,2,3
937,370,2,3
937,371,2,3
937,372,2,3
937,373,2,3
937,374,2,3
937,375,2,3
937,376,2,3
937,377,2,3
937,378,2,3
937,379,2,3
937,380,2,3
937,381,2,3
937,382,2,3
937,383,2,3
937,384,2,3
937,385,2,3
937,386,2,3
937,387,2,3
937,388,2,3
937,389,2,3
937,390,2,3
937,391,2,3
937,392,2,3
937,393,2,3
937,394,2,3
937,395,2,3
937,396,2,3
937,397,2,3
937,398,2,3
937,399,2,2
937,400,2,2
937,401,2,2
937,402,2,2
937,403,2,2
937,404,2,2
937,405,2,2
937,406,2,2
937,407,2,2
937,408,2,2
937,409,2,2
937,410,2,2
937,411,2,2
937,412,2,2
937,413,2,2
937,414,2,2
937,415,2,2
937,416,2,2
937,417,2,2
937,418,2,2
937,419,2,2
937,420,2,2
937,421,2,2
937,422,2,2
937,423,2,2
937,424,2,2
937,425,2,2
937,426,2,2
937,427,2,2
937,428,2,2
937,429,2,2
937,430,2,2
937,431,2,2
937,432,2,2
937,433,2,2
937,434,2,2
937,435,2,2
937,436,2,2
937,437,2,2
937,438,2,2
937,439,2,2
937,440,2,2
937,441,2,2
937,442,2,2
937,443,2,2
937,444,2,2
937,445,2,2
937,446,2,2
937,447,2,2
937,448,2,2
937,449,2,2
937,450,2,2
937,451,2,2
937,452,2,2
937,453,2,2
937,454,2,2
937,455,2,2
937,456,2,2
937,457,2,2
937,458,2,2
937,459,2,2
937,460,2,2
937,461,2,2
937,462,2,2
937,463,2,2
937,464,2,2
937,465,2,2
937,466,2,2
937,467,2,2
937,468,2,2
937,469,2,2
937,470,2,2
937,471,2,2
937,472,2,2
937,473,2,2
937,474,2,2
937,475,2,2
937,476,2,2
938,158,2,2
938,159,2,2
938,160,2,2
938,161,2,2
938,162,2,2
938,163,2,2
938,164,2,2
938,165,2,2
938,166,2,2
938,167,2,2
938,168,2,2
938,169,2,2
938,170,2,2
938,171,2,2
938,172,2,2
938,173,2,2
938,174,2,2
938,175,2,2
938,176,2,2
938,177,2,2
938,178,2,2
938,179,2,2
938,180,2,2
938,181,2,2
938,182,2,2
938,183,2,2
938,184,2,2
938,185,2,2
938,186,2,2
938,187,2,2
938,188,2,2
938,189,2,2
938,190,2,2
938,191,2,2
938,192,2,2
938,193,2,2
938,194,2,2
938,195,2,2
938,196,2,2
938,197,2,2
938,198,2,2
938,199,2,2
938,200,2,2
938,201,2,2
938,202,2,2
938,203,2,2
938,204,2,2
938,205,2,2
938,206,2,2
938,207,2,2
938,208,2,2
938,209,2,2
938,210,2,2
938,211,2,2
938,212,2,2
938,213,2,2
938,214,2,2
938,215,2,2
938,216,2,2
938,217,2,2
938,218,2,2
938,219,2,2
938,220,2,2
938,221,2,2
938,222,2,2
938,223,2,2
938,224,2,2
938,225,2,2
938,226,2,2
938,227,2,2
938,228,2,2
938,229,2,2
938,230,2,2
938,231,2,2
938,232,2,2
938,233,2,2
938,234,2,2
938,235,2,2
938,236,2,2
938,237,2,2
938,238,2,2
938,239,2,2
938,240,2,2
938,241,2,2
938,242,2,2
938,243,2,2
938,244,2,2
938,245,2,2
938,246,2,2
938,247,2,2
938,248,2,2
938,249,2,2
938,250,2,2
938,251,2,2
938,252,2,2
938,253,2,2
938,254,2,2
938,255,2,2
938,256,2,2
938,257,2,2
938,258,2,2
938,259,2,2
938,260,2,2
938,261,2,2
938,262,2,2
938,263,2,2
938,264,2,2
938,265,2,2
938,266,2,2
938,267,2,2
938,268,2,2
938,269,2,2
938,270,2,2
938,271,2,2
938,272,2,2
938,273,2,2
938,274,2,2
938,275,2,2
938,276,2,2
938,277,2,2
938,278,2,2
938,279,2,2
938,280,2,2
938,281,2,2
938,282,2,2
938,283,2,2
938,284,2,2
938,285,2,2
938,286,2,2
938,287,2,2
938,288,2,2
938,289,2,2
938,290,2,2
938,291,2,2
938,292,2,2
938,293,2,2
938,294,2,2
938,295,2,2
938,296,2,2
938,297,2,2
938,298,2,2
938,299,2,2
938,300,2,2
938,301,2,2
938,302,2,2
938,303,2,2
938,304,2,2
938,305,2,2
938,306,2,2
938,307,2,2
938,308,2,2
938,309,2,2
938,310,2,2
938,311,2,2
938,312,2,2
938,313,2,2
938,314,2,2
938,315,2,2
938,316,2,2
938,317,2,2
938,318,2,2
938,319,2,2
938,320,2,2
938,321,2,2
938,322,2,2
938,323,2,2
938,324,2,2
938,325,2,2
938,326,2,2
938,327,2,2
938,328,2,2
938,329,2,2
938,330,2,2
938,331,2,2
938,332,2,2
938,333,2,2
938,334,2,2
938,335,2,2
938,336,2,2
938,337,2,2
938,338,2,2
938,339,2,2
938,340,2,2
938,341,2,2
938,342,2,2
938,343,2,2
938,344,2,2
938,345,2,2
938,346,2,2
938,347,2,2
938,348,2,2
938,349,2,2
938,350,2,2
938,351,2,2
938,352,2,2
938,353,2,2
938,354,2,2
938,355,2,2
938,356,2,2
938,357,2,2
938,358,2,2
938,359,2,2
938,360,2,2
938,361,2,3
938,362,2,3
938,363,2,3
938,364,2,3
938,365,2,3
938,366,2,3
938,367,2,3
938,368,2,3
938,369,2,3
938,370,2,3
938,371,2,3
938,372,2,3
938,373,2,3
938,374,2,3
938,375,2,3
938,376,2,3
938,377,2,3
938,378,2,3
938,379,2,3
938,380,2,3
938,381,2,3
938,382,2,3
938,383,2,3
938,384,2,3
938,385,2,3
938,386,2,3
938,387,2,3
938,388,2,3
938,389,2,3
938,390,2,3
938,391,2,3
938,392,2,3
938,393,2,3
938,394,2,3
938,395,2,3
938,396,2,3
938,397,2,3
938,398,2,3
938,399,2,2
938,400,2,2
938,401,2,2
938,402,2,2
938,403,2,2
938,404,2,2
938,405,2,2
938,406,2,2
938,407,2,2
938,408,2,2
938,409,2,2
938,410,2,2
938,411,2,2
938,412,2,2
938,413,2,2
938,414,2,2
938,415,2,2
938,416,2,2
938,417,2,2
938,418,2,2
938,419,2,2
938,420,2,2
938,421,2,2
938,422,2,2
938,423,2,2
938,424,2,2
938,425,2,2
938,426,2,2
938,427,2,2
938,428,2,2
938,429,2,2
938,430,2,2
938,431,2,2
938,432,2,2
938,433,2,2
938,434,2,2
938,435,2,2
938,436,2,2
938,437,2,2
938,438,2,2
938,439,2,2
938,440,2,2
938,441,2,2
938,442,2,2
938,443,2,2
938,444,2,2
938,445,2,2
938,446,2,2
938,447,2,2
938,448,2,2
938,449,2,2
938,450,2,2
938,451,2,2
938,452,2,2
938,453,2,2
938,454,2,2
938,455,2,2
938,456,2,2
938,457,2,2
938,458,2,2
938,459,2,2
938,460,2,2
938,461,2,2
938,462,2,2
938,463,2,2
938,464,2,2
938,465,2,2
938,466,2,2
938,467,2,2
938,468,2,2
938,469,2,2
938,470,2,2
938,471,2,2
938,472,2,2
938,473,2,2
938,474,2,2
938,475,2,2
939,159,2,2
939,160,2,2
939,161,2,2
939,162,2,2
939,163,2,2
939,164,2,2
939,165,2,2
939,166,2,2
939,167,2,2
939,168,2,2
939,169,2,2
939,170,2,2
939,171,2,2
939,172,2,2
939,173,2,2
939,174,2,2
939,175,2,2
939,176,2,2
939,177,2,2
939,178,2,2
939,179,2,2
939,180,2,2
939,181,2,2
939,182,2,2
939,183,2,2
939,184,2,2
939,185,2,2
939,186,2,2
939,187,2,2
939,188,2,2
939,189,2,2
939,190,2,2
939,191,2,2
939,192,2,2
939,193,2,2
939,194,2,2
939,195,2,2
939,196,2,2
939,197,2,2
939,198,2,2
939,199,2,2
939,200,2,2
939,201,2,2
939,202,2,2
939,203,2,2
939,204,2,2
939,205,2,2
939,206,2,2
939,207,2,2
939,208,2,2
939,209,2,2
939,210,2,2
939,211,2,2
939,212,2,2
939,213,2,2
939,214,2,2
939,215,2,2
939,216,2,2
939,217,2,2
939,218,2,2
939,219,2,2
939,220,2,2
939,221,2,2
939,222,2,2
939,223,2,2
939,224,2,2
939,225,2,2
939,226,2,2
939,227,2,2
939,228,2,2
939,229,2,2
939,230,2,2
939,231,2,2
939,232,2,2
939,233,2,2
939,234,2,2
939,235,2,2
939,236,2,2
939,237,2,2
939,238,2,2
939,239,2,2
939,240,2,2
939,241,2,2
939,242,2,2
939,243,2,2
939,244,2,2
939,245,2,2
939,246,2,2
939,247,2,2
939,248,2,2
939,249,2,2
939,250,2,2
939,251,2,2
939,252,2,2
939,253,2,2
939,254,2,2
939,255,2,2
939,256,2,2
939,257,2,2
939,258,2,2
939,259,2,2
939,260,2,2
939,261,2,2
939,262,2,2
939,263,2,2
939,264,2,2
939,265,2,2
939,266,2,2
939,267,2,2
939,268,2,2
939,269,2,2
939,270,2,2
939,271,2,2
939,272,2,2
939,273,2,2
939,274,2,2
939,275,2,2
939,276,2,2
939,277,2,2
939,278,2,2
939,279,2,2
939,280,2,2
939,281,2,2
939,282,2,2
939,283,2,2
939,284,2,2
939,285,2,2
939,286,2,2
939,287,2,2
939,288,2,2
939,289,2,2
939,290,2,2
939,291,2,2
939,292,2,2
939,293,2,2
939,294,2,2
939,295,2,2
939,296,2,2
939,297,2,2
939,298,2,2
939,299,2,2
939,300,2,2
939,301,2,2
939,302,2,2
939,303,2,2
939,304,2,2
939,305,2,2
939,306,2,2
939,307,2,2
939,308,2,2
939,309,2,2
939,310,2,2
939,311,2,2
939,312,2,2
939,313,2,2
939,314,2,2
939,315,2,2
939,316,2,2
939,317,2,2
939,318,2,2
939,319,2,2
939,320,2,2
939,321,2,2
939,322,2,2
939,323,2,2
939,324,2,2
939,325,2,2
939,326,2,2
939,327,2,2
939,328,2,2
939,329,2,2
939,330,2,2
939,331,2,2
939,332,2,2
939,333,2,2
939,334,2,2
939,335,2,2
939,336,2,2
939,337,2,2
939,338,2,2
939,339,2,2
939,340,2,2
939,341,2,2
939,342,2,2
939,343,2,2
939,344,2,2
939,345,2,2
939,346,2,2
939,347,2,2
939,348,2,2
939,349,2,2
939,350,2,2
939,351,2,2
939,352,2,2
939,353,2,2
939,354,2,2
939,355,2,2
939,356,2,2
939,357,2,2
939,358,2,2
939,359,2,2
939,360,2,2
939,361,2,3
939,362,2,3
939,363,2,3
939,364,2,3
939,365,2,3
939,366,2,3
939,367,2,3
939,368,2,3
939,369,2,3
939,370,2,3
939,371,2,3
939,372,2,3
939,373,2,3
939,374,2,3
939,375,2,3
939,376,2,3
939,377,2,3
939,378,2,3
939,379,2,3
939,380,2,3
939,381,2,3
939,382,2,3
939,383,2,3
939,384,2,3
939,385,2,3
939,386,2,3
939,387,2,3
939,388,2,3
939,389,2,3
939,390,2,3
939,391,2,3
939,392,2,3
939,393,2,3
939,394,2,3
939,395,2,3
939,396,2,3
939,397,2,3
939,398,2,2
939,399,2,2
939,400,2,2
939,401,2,2
939,402,2,2
939,403,2,2
939,404,2,2
939,405,2,2
939,406,2,2
939,407,2,2
939,408,2,2
939,409,2,2
939,410,2,2
939,411,2,2
939,412,2,2
939,413,2,2
939,414,2,2
939,415,2,2
939,416,2,2
939,417,2,2
939,418,2,2
939,419,2,2
939,420,2,2
939,421,2,2
939,422,2,2
939,423,2,2
939,424,2,2
939,425,2,2
939,426,2,2
939,427,2,2
939,428,2,2
939,429,2,2
939,430,2,2
939,431,2,2
939,432,2,2
939,433,2,2
939,434,2,2
939,435,2,2
939,436,2,2
939,437,2,2
939,438,2,2
939,439,2,2
939,440,2,2
939,441,2,2
939,442,2,2
939,443,2,2
939,444,2,2
939,445,2,2
939,446,2,2
939,447,2,2
939,448,2,2
939,449,2,2
939,450,2,2
939,451,2,2
939,452,2,2
939,453,2,2
939,454,2,2
939,455,2,2
939,456,2,2
939,457,2,2
939,458,2,2
939,459,2,2
939,460,2,2
939,461,2,2
939,462,2,2
939,463,2,2
939,464,2,2
939,465,2,2
939,466,2,2
939,467,2,2
939,468,2,2
939,469,2,2
939,470,2,2
939,471,2,2
939,472,2,2
939,473,2,2
939,474,2,2
940,161,2,2
940,162,2,2
940,163,2,2
940,164,2,2
940,165,2,2
940,166,2,2
940,167,2,2
940,168,2,2
940,169,2,2
940,170,2,2
940,171,2,2
940,172,2,2
940,173,2,2
940,174,2,2
940,175,2,2
940,176,2,2
940,177,2,2
940,178,2,2
940,179,2,2
940,180,2,2
940,181,2,2
940,182,2,2
940,183,2,2
940,184,2,2
940,185,2,2
940,186,2,2
940,187,2,2
940,188,2,2
940,189,2,2
940,190,2,2
940,191,2,2
940,192,2,2
940,193,2,2
940,194,2,2
940,195,2,2
940,196,2,2
940,197,2,2
940,198,2,2
940,199,2,2
940,200,2,2
940,201,2,2
940,202,2,2
940,203,2,2
940,204,2,2
940,205,2,2
940,206,2,2
940,207,2,2
940,208,2,2
940,209,2,2
940,210,2,2
940,211,2,2
940,212,2,2
940,213,2,2
940,214,2,2
940,215,2,2
940,216,2,2
940,217,2,2
940,218,2,2
940,219,2,2
940,220,2,2
940,221,2,2
940,222,2,2
940,223,2,2
940,224,2,2
940,225,2,2
940,226,2,2
940,227,2,2
940,228,2,2
940,229,2,2
940,230,2,2
940,231,2,2
940,232,2,2
940,233,2,2
940,234,2,2
940,235,2,2
940,236,2,2
940,237,2,2
940,238,2,2
940,239,2,2
940,240,2,2
940,241,2,2
940,242,2,2
940,243,2,2
940,244,2,2
940,245,2,2
940,246,2,2
940,247,2,2
940,248,2,2
940,249,2,2
940,250,2,2
940,251,2,2
940,252,2,2
940,253,2,2
940,254,2,2
940,255,2,2
940,256,2,2
940,257,2,2
940,258,2,2
940,259,2,2
940,260,2,2
940,261,2,2
940,262,2,2
940,263,2,2
940,264,2,2
940,265,2,2
940,266,2,2
940,267,2,2
940,268,2,2
940,269,2,2
940,270,2,2
940,271,2,2
940,272,2,2
940,273,2,2
940,274,2,2
940,275,2,2
940,276,2,2
940,277,2,2
940,278,2,2
940,279,2,2
940,280,2,2
940,281,2,2
940,282,2,2
940,283,2,2
940,284,2,2
940,285,2,2
940,286,2,2
940,287,2,2
940,288,2,2
940,289,2,2
940,290,2,2
940,291,2,2
940,292,2,2
940,293,2,2
940,294,2,2
940,295,2,2
940,296,2,2
940,297,2,2
940,298,2,2
940,299,2,2
940,300,2,2
940,301,2,2
940,302,2,2
940,303,2,2
940,304,2,2
940,305,2,2
940,306,2,2
940,307,2,2
940,308,2,2
940,309,2,2
940,310,2,2
940,311,2,2
940,312,2,2
940,313,2,2
940,314,2,2
940,315,2,2
940,316,2,2
940,317,2,2
940,318,2,2
940,319,2,2
940,320,2,2
940,321,2,2
940,322,2,2
940,323,2,2
940,324,2,2
940,325,2,2
940,326,2,2
940,327,2,2
940,328,2,2
940,329,2,2
940,330,2,2
940,331,2,2
940,332,2,2
940,333,2,2
940,334,2,2
940,335,2,2
940,336,2,2
940,337,2,2
940,338,2,2
940,339,2,2
940,340,2,2
940,341,2,2
940,342,2,2
940,343,2,2
940,344,2,2
940,345,2,2
940,346,2,2
940,347,2,2
940,348,2,2
940,349,2,2
940,350,2,2
940,351,2,2
940,352,2,2
940,353,2,2
940,354,2,2
940,355,2,2
940,356,2,2
940,357,2,2
940,358,2,2
940,359,2,2
940,360,2,2
940,361,2,3
940,362,2,3
940,363,2,3
940,364,2,3
940,365,2,3
940,366,2,3
940,367,2,3
940,368,2,3
940,369,2,3
940,370,2,3
940,371,2,3
940,372,2,3
940,373,2,3
940,374,2,3
940,375,2,3
940,376,2,3
940,377,2,3
940,378,2,3
940,379,2,3
940,380,2,3
940,381,2,3
940,382,2,3
940,383,2,3
940,384,2,3
940,385,2,3
940,386,2,3
940,387,2,3
940,388,2,3
940,389,2,3
940,390,2,3
940,391,2,3
940,392,2,3
940,393,2,3
940,394,2,3
940,395,2,3
940,396,2,3
940,397,2,3
940,398,2,2
940,399,2,2
940,400,2,2
940,401,2,2
940,402,2,2
940,403,2,2
940,404,2,2
940,405,2,2
940,406,2,2
940,407,2,2
940,408,2,2
940,409,2,2
940,410,2,2
940,411,2,2
940,412,2,2
940,413,2,2
940,414,2,2
940,415,2,2
940,416,2,2
940,417,2,2
940,418,2,2
940,419,2,2
940,420,2,2
940,421,2,2
940,422,2,2
940,423,2,2
940,424,2,2
940,425,2,2
940,426,2,2
940,427,2,2
940,428,2,2
940,429,2,2
940,430,2,2
940,431,2,2
940,432,2,2
940,433,2,2
940,434,2,2
940,435,2,2
940,436,2,2
940,437,2,2
940,438,2,2
940,439,2,2
940,440,2,2
940,441,2,2
940,442,2,2
940,443,2,2
940,444,2,2
940,445,2,2
940,446,2,2
940,447,2,2
940,448,2,2
940,449,2,2
940,450,2,2
940,451,2,2
940,452,2,2
940,453,2,2
940,454,2,2
940,455,2,2
940,456,2,2
940,457,2,2
940,458,2,2
940,459,2,2
940,460,2,2
940,461,2,2
940,462,2,2
940,463,2,2
940,464,2,2
940,465,2,2
940,466,2,2
940,467,2,2
940,468,2,2
940,469,2,2
940,470,2,2
940,471,2,2
941,162,2,2
941,163,2,2
941,164,2,2
941,165,2,2
941,166,2,2
941,167,2,2
941,168,2,2
941,169,2,2
941,170,2,2
941,171,2,2
941,172,2,2
941,173,2,2
941,174,2,2
941,175,2,2
941,176,2,2
941,177,2,2
941,178,2,2
941,179,2,2
941,180,2,2
941,181,2,2
941,182,2,2
941,183,2,2
941,184,2,2
941,185,2,2
941,186,2,2
941,187,2,2
941,188,2,2
941,189,2,2
941,190,2,2
941,191,2,2
941,192,2,2
941,193,2,2
941,194,2,2
941,195,2,2
941,196,2,2
941,197,2,2
941,198,2,2
941,199,2,2
941,200,2,2
941,201,2,2
941,202,2,2
941,203,2,2
941,204,2,2
941,205,2,2
941,206,2,2
941,207,2,2
941,208,2,2
941,209,2,2
941,210,2,2
941,211,2,2
941,212,2,2
941,213,2,2
941,214,2,2
941,215,2,2
941,216,2,2
941,217,2,2
941,218,2,2
941,219,2,2
941,220,2,2
941,221,2,2
941,222,2,2
941,223,2,2
941,224,2,2
941,225,2,2
941,226,2,2
941,227,2,2
941,228,2,2
941,229,2,2
941,230,2,2
941,231,2,2
941,232,2,2
941,233,2,2
941,234,2,2
941,235,2,2
941,236,2,2
941,237,2,2
941,238,2,2
941,239,2,2
941,240,2,2
941,241,2,2
941,242,2,2
941,243,2,2
941,244,2,2
941,245,2,2
941,246,2,2
941,247,2,2
941,248,2,2
941,249,2,2
941,250,2,2
941,251,2,2
941,252,2,2
941,253,2,2
941,254,2,2
941,255,2,2
941,256,2,2
941,257,2,2
941,258,2,2
941,259,2,2
941,260,2,2
941,261,2,2
941,262,2,2
941,263,2,2
941,264,2,2
941,265,2,2
941,266,2,2
941,267,2,2
941,268,2,2
941,269,2,2
941,270,2,2
941,271,2,2
941,272,2,2
941,273,2,2
941,274,2,2
941,275,2,2
941,276,2,2
941,277,2,2
941,278,2,2
941,279,2,2
941,280,2,2
941,281,2,2
941,282,2,2
941,283,2,2
941,284,2,2
941,285,2,2
941,286,2,2
941,287,2,2
941,288,2,2
941,289,2,2
941,290,2,2
941,291,2,2
941,292,2,2
941,293,2,2
941,294,2,2
941,295,2,2
941,296,2,2
941,297,2,2
941,298,2,2
941,299,2,2
941,300,2,2
941,301,2,2
941,302,2,2
941,303,2,2
941,304,2,2
941,305,2,2
941,306,2,2
941,307,2,2
941,308,2,2
941,309,2,2
941,310,2,2
941,311,2,2
941,312,2,2
941,313,2,2
941,314,2,2
941,315,2,2
941,316,2,2
941,317,2,2
941,318,2,2
941,319,2,2
941,320,2,2
941,321,2,2
941,322,2,2
941,323,2,2
941,324,2,2
941,325,2,2
941,326,2,2
941,327,2,2
941,328,2,2
941,329,2,2
941,330,2,2
941,331,2,2
941,332,2,2
941,333,2,2
941,334,2,2
941,335,2,2
941,336,2,2
941,337,2,2
941,338,2,2
941,339,2,2
941,340,2,2
941,341,2,2
941,342,2,2
941,343,2,2
941,344,2,2
941,345,2,2
941,346,2,2
941,347,2,2
941,348,2,2
941,349,2,2
941,350,2,2
941,351,2,2
941,352,2,2
941,353,2,2
941,354,2,2
941,355,2,2
941,356,2,2
941,357,2,2
941,358,2,2
941,359,2,2
941,360,2,2
941,361,2,3
941,362,2,3
941,363,2,3
941,364,2,3
941,365,2,3
941,366,2,3
941,367,2,3
941,368,2,3
941,369,2,3
941,370,2,3
941,371,2,3
941,372,2,3
941,373,2,3
941,374,2,3
941,375,2,3
941,376,2,3
941,377,2,3
941,378,2,3
941,379,2,3
941,380,2,3
941,381,2,3
941,382,2,3
941,383,2,3
941,384,2,3
941,385,2,3
941,386,2,3
941,387,2,3
941,388,2,3
941,389,2,3
941,390,2,3
941,391,2,3
941,392,2,3
941,393,2,3
941,394,2,3
941,395,2,3
941,396,2,3
941,397,2,2
941,398,2,2
941,399,2,2
941,400,2,2
941,401,2,2
941,402,2,2
941,403,2,2
941,404,2,2
941,405,2,2
941,406,2,2
941,407,2,2
941,408,2,2
941,409,2,2
941,410,2,2
941,411,2,2
941,412,2,2
941,413,2,2
941,414,2,2
941,415,2,2
941,416,2,2
941,417,2,2
941,418,2,2
941,419,2,2
941,420,2,2
941,421,2,2
941,422,2,2
941,423,2,2
941,424,2,2
941,425,2,2
941,426,2,2
941,427,2,2
941,428,2,2
941,429,2,2
941,430,2,2
941,431,2,2
941,432,2,2
941,433,2,2
941,434,2,2
941,435,2,2
941,436,2,2
941,437,2,2
941,438,2,2
941,439,2,2
941,440,2,2
941,441,2,2
941,442,2,2
941,443,2,2
941,444,2,2
941,445,2,2
941,446,2,2
941,447,2,2
941,448,2,2
941,449,2,2
941,450,2,2
941,451,2,2
941,452,2,2
941,453,2,2
941,454,2,2
941,455,2,2
941,456,2,2
941,457,2,2
941,458,2,2
941,459,2,2
941,460,2,2
941,461,2,2
941,462,2,2
941,463,2,2
941,464,2,2
941,465,2,2
941,466,2,2
941,467,2,2
941,468,2,2
941,469,2,2
942,163,2,2
942,164,2,2
942,165,2,2
942,166,2,2
942,167,2,2
942,168,2,2
942,169,2,2
942,170,2,2
942,171,2,2
942,172,2,2
942,173,2,2
942,174,2,2
942,175,2,2
942,176,2,2
942,177,2,2
942,178,2,2
942,179,2,2
942,180,2,2
942,181,2,2
942,182,2,2
942,183,2,2
942,184,2,2
942,185,2,2
942,186,2,2
942,187,2,2
942,188,2,2
942,189,2,2
942,190,2,2
942,191,2,2
942,192,2,2
942,193,2,2
942,194,2,2
942,195,2,2
942,196,2,2
942,197,2,2
942,198,2,2
942,199,2,2
942,200,2,2
942,201,2,2
942,202,2,2
942,203,2,2
942,204,2,2
942,205,2,2
942,206,2,2
942,207,2,2
942,208,2,2
942,209,2,2
942,210,2,2
942,211,2,2
942,212,2,2
942,213,2,2
942,214,2,2
942,215,2,2
942,216,2,2
942,217,2,2
942,218,2,2
942,219,2,2
942,220,2,2
942,221,2,2
942,222,2,2
942,223,2,2
942,224,2,2
942,225,2,2
942,226,2,2
942,227,2,2
942,228,2,2
942,229,2,2
942,230,2,2
942,231,2,2
942,232,2,2
942,233,2,2
942,234,2,2
942,235,2,2
942,236,2,2
942,237,2,2
942,238,2,2
942,239,2,2
942,240,2,2
942,241,2,2
942,242,2,2
942,243,2,2
942,244,2,2
942,245,2,2
942,246,2,2
942,247,2,2
942,248,2,2
942,249,2,2
942,250,2,2
942,251,2,2
942,252,2,2
942,253,2,2
942,254,2,2
942,255,2,2
942,256,2,2
942,257,2,2
942,258,2,2
942,259,2,2
942,260,2,2
942,261,2,2
942,262,2,2
942,263,2,2
942,264,2,2
942,265,2,2
942,266,2,2
942,267,2,2
942,268,2,2
942,269,2,2
942,270,2,2
942,271,2,2
942,272,2,2
942,273,2,2
942,274,2,2
942,275,2,2
942,276,2,2
942,277,2,2
942,278,2,2
942,279,2,2
942,280,2,2
942,281,2,2
942,282,2,2
942,283,2,2
942,284,2,2
942,285,2,2
942,286,2,2
942,287,2,2
942,288,2,2
942,289,2,2
942,290,2,2
942,291,2,2
942,292,2,2
942,293,2,2
942,294,2,2
942,295,2,2
942,296,2,2
942,297,2,2
942,298,2,2
942,299,2,2
942,300,2,2
942,301,2,2
942,302,2,2
942,303,2,2
942,304,2,2
942,305,2,2
942,306,2,2
942,307,2,2
942,308,2,2
942,309,2,2
942,310,2,2
942,311,2,2
942,312,2,2
942,313,2,2
942,314,2,2
942,315,2,2
942,316,2,2
942,317,2,2
942,318,2,2
942,319,2,2
942,320,2,2
942,321,2,2
942,322,2,2
942,323,2,2
942,324,2,2
942,325,2,2
942,326,2,2
942,327,2,2
942,328,2,2
942,329,2,2
942,330,2,2
942,331,2,2
942,332,2,2
942,333,2,2
942,334,2,2
942,335,2,2
942,336,2,2
942,337,2,2
942,338,2,2
942,339,2,2
942,340,2,2
942,341,2,2
942,342,2,2
942,343,2,2
942,344,2,2
942,345,2,2
942,346,2,2
942,347,2,2
942,348,2,2
942,349,2,2
942,350,2,2
942,351,2,2
942,352,2,2
942,353,2,2
942,354,2,2
942,355,2,2
942,356,2,2
942,357,2,2
942,358,2,2
942,359,2,2
942,360,2,2
942,361,2,3
942,362,2,3
942,363,2,3
942,364,2,3
942,365,2,3
942,366,2,3
942,367,2,3
942,368,2,3
942,369,2,3
942,370,2,3
942,371,2,3
942,372,2,3
942,373,2,3
942,374,2,3
942,375,2,3
942,376,2,3
942,377,2,3
942,378,2,3
942,379,2,3
942,380,2,3
942,381,2,3
942,382,2,3
942,383,2,3
942,384,2,3
942,385,2,3
942,386,2,3
942,387,2,3
942,388,2,3
942,389,2,3
942,390,2,3
942,391,2,3
942,392,2,3
942,393,2,3
942,394,2,3
942,395,2,3
942,396,2,3
942,397,2,2
942,398,2,2
942,399,2,2
942,400,2,2
942,401,2,2
942,402,2,2
942,403,2,2
942,404,2,2
942,405,2,2
942,406,2,2
942,407,2,2
942,408,2,2
942,409,2,2
942,410,2,2
942,411,2,2
942,412,2,2
942,413,2,2
942,414,2,2
942,415,2,2
942,416,2,2
942,417,2,2
942,418,2,2
942,419,2,2
942,420,2,2
942,421,2,2
942,422,2,2
942,423,2,2
942,424,2,2
942,425,2,2
942,426,2,2
942,427,2,2
942,428,2,2
942,429,2,2
942,430,2,2
942,431,2,2
942,432,2,2
942,433,2,2
942,434,2,2
942,435,2,2
942,436,2,2
942,437,2,2
942,438,2,2
942,439,2,2
942,440,2,2
942,441,2,2
942,442,2,2
942,443,2,2
942,444,2,2
942,445,2,2
942,446,2,2
942,447,2,2
942,448,2,2
942,449,2,2
942,450,2,2
942,451,2,2
942,452,2,2
942,453,2,2
942,454,2,2
942,455,2,2
942,456,2,2
942,457,2,2
942,458,2,2
942,459,2,2
942,460,2,2
942,461,2,2
942,462,2,2
942,463,2,2
942,464,2,2
942,465,2,2
942,466,2,2
942,467,2,2
943,163,2,2
943,164,2,2
943,165,2,2
943,166,2,2
943,167,2,2
943,168,2,2
943,169,2,2
943,170,2,2
943,171,2,2
943,172,2,2
943,173,2,2
943,174,2,2
943,175,2,2
943,176,2,2
943,177,2,2
943,178,2,2
943,179,2,2
943,180,2,2
943,181,2,2
943,182,2,2
943,183,2,2
943,184,2,2
943,185,2,2
943,186,2,2
943,187,2,2
943,188,2,2
943,189,2,2
943,190,2,2
943,191,2,2
943,192,2,2
943,193,2,2
943,194,2,2
943,195,2,2
943,196,2,2
943,197,2,2
943,198,2,2
943,199,2,2
943,200,2,2
943,201,2,2
943,202,2,2
943,203,2,2
943,204,2,2
943,205,2,2
943,206,2,2
943,207,2,2
943,208,2,2
943,209,2,2
943,210,2,2
943,211,2,2
943,212,2,2
943,213,2,2
943,214,2,2
943,215,2,2
943,216,2,2
943,217,2,2
943,218,2,2
943,219,2,2
943,220,2,2
943,221,2,2
943,222,2,2
943,223,2,2
943,224,2,2
943,225,2,2
943,226,2,2
943,227,2,2
943,228,2,2
943,229,2,2
943,230,2,2
943,231,2,2
943,232,2,2
943,233,2,2
943,234,2,2
943,235,2,2
943,236,2,2
943,237,2,2
943,238,2,2
943,239,2,2
943,240,2,2
943,241,2,2
943,242,2,2
943,243,2,2
943,244,2,2
943,245,2,2
943,246,2,2
943,247,2,2
943,248,2,2
943,249,2,2
943,250,2,2
943,251,2,2
943,252,2,2
943,253,2,2
943,254,2,2
943,255,2,2
943,256,2,2
943,257,2,2
943,258,2,2
943,259,2,2
943,260,2,2
943,261,2,2
943,262,2,2
943,263,2,2
943,264,2,2
943,265,2,2
943,266,2,2
943,267,2,2
943,268,2,2
943,269,2,2
943,270,2,2
943,271,2,2
943,272,2,2
943,273,2,2
943,274,2,2
943,275,2,2
943,276,2,2
943,277,2,2
943,278,2,2
943,279,2,2
943,280,2,2
943,281,2,2
943,282,2,2
943,283,2,2
943,284,2,2
943,285,2,2
943,286,2,2
943,287,2,2
943,288,2,2
943,289,2,2
943,290,2,2
943,291,2,2
943,292,2,2
943,293,2,2
943,294,2,2
943,295,2,2
943,296,2,2
943,297,2,2
943,298,2,2
943,299,2,2
943,300,2,2
943,301,2,2
943,302,2,2
943,303,2,2
943,304,2,2
943,305,2,2
943,306,2,2
943,307,2,2
943,308,2,2
943,309,2,2
943,310,2,2
943,311,2,2
943,312,2,2
943,313,2,2
943,314,2,2
943,315,2,2
943,316,2,2
943,317,2,2
943,318,2,2
943,319,2,2
943,320,2,2
943,321,2,2
943,322,2,2
943,323,2,2
943,324,2,2
943,325,2,2
943,326,2,2
943,327,2,2
943,328,2,2
943,329,2,2
943,330,2,2
943,331,2,2
943,332,2,2
943,333,2,2
943,334,2,2
943,335,2,2
943,336,2,2
943,337,2,2
943,338,2,2
943,339,2,2
943,340,2,2
943,341,2,2
943,342,2,2
943,343,2,2
943,344,2,2
943,345,2,2
943,346,2,2
943,347,2,2
943,348,2,2
943,349,2,2
943,350,2,2
943,351,2,2
943,352,2,2
943,353,2,2
943,354,2,2
943,355,2,2
943,356,2,2
943,357,2,2
943,358,2,2
943,359,2,2
943,360,2,2
943,361,2,3
943,362,2,3
943,363,2,3
943,364,2,3
943,365,2,3
943,366,2,3
943,367,2,3
943,368,2,3
943,369,2,3
943,370,2,3
943,371,2,3
943,372,2,3
943,373,2,3
943,374,2,3
943,375,2,3
943,376,2,3
943,377,2,3
943,378,2,3
943,379,2,3
943,380,2,3
943,381,2,3
943,382,2,3
943,383,2,3
943,384,2,3
943,385,2,3
943,386,2,3
943,387,2,3
943,388,2,3
943,389,2,3
943,390,2,3
943,391,2,3
943,392,2,3
943,393,2,3
943,394,2,3
943,395,2,3
943,396,2,3
943,397,2,2
943,398,2,2
943,399,2,2
943,400,2,2
943,401,2,2
943,402,2,2
943,403,2,2
943,404,2,2
943,405,2,2
943,406,2,2
943,407,2,2
943,408,2,2
943,409,2,2
943,410,2,2
943,411,2,2
943,412,2,2
943,413,2,2
943,414,2,2
943,415,2,2
943,416,2,2
943,417,2,2
943,418,2,2
943,419,2,2
943,420,2,2
943,421,2,2
943,422,2,2
943,423,2,2
943,424,2,2
943,425,2,2
943,426,2,2
943,427,2,2
943,428,2,2
943,429,2,2
943,430,2,2
943,431,2,2
943,432,2,2
943,433,2,2
943,434,2,2
943,435,2,2
943,436,2,2
943,437,2,2
943,438,2,2
943,439,2,2
943,440,2,2
943,441,2,2
943,442,2,2
943,443,2,2
943,444,2,2
943,445,2,2
943,446,2,2
943,447,2,2
943,448,2,2
943,449,2,2
943,450,2,2
943,451,2,2
943,452,2,2
943,453,2,2
943,454,2,2
943,455,2,2
943,456,2,2
943,457,2,2
943,458,2,2
943,459,2,2
943,460,2,2
943,461,2,2
943,462,2,2
943,463,2,2
943,464,2,2
943,465,2,2
943,466,2,2
944,164,2,2
944,165,2,2
944,166,2,2
944,167,2,2
944,168,2,2
944,169,2,2
944,170,2,2
944,171,2,2
944,172,2,2
944,173,2,2
944,174,2,2
944,175,2,2
944,176,2,2
944,177,2,2
944,178,2,2
944,179,2,2
944,180,2,2
944,181,2,2
944,182,2,2
944,183,2,2
944,184,2,2
944,185,2,2
944,186,2,2
944,187,2,2
944,188,2,2
944,189,2,2
944,190,2,2
944,191,2,2
944,192,2,2
944,193,2,2
944,194,2,2
944,195,2,2
944,196,2,2
944,197,2,2
944,198,2,2
944,199,2,2
944,200,2,2
944,201,2,2
944,202,2,2
944,203,2,2
944,204,2,2
944,205,2,2
944,206,2,2
944,207,2,2
944,208,2,2
944,209,2,2
944,210,2,2
944,211,2,2
944,212,2,2
944,213,2,2
944,214,2,2
944,215,2,2
944,216,2,2
944,217,2,2
944,218,2,2
944,219,2,2
944,220,2,2
944,221,2,2
944,222,2,2
944,223,2,2
944,224,2,2
944,225,2,2
944,226,2,2
944,227,2,2
944,228,2,2
944,229,2,2
944,230,2,2
944,231,2,2
944,232,2,2
944,233,2,2
944,234,2,2
944,235,2,2
944,236,2,2
944,237,2,2
944,238,2,2
944,239,2,2
944,240,2,2
944,241,2,2
944,242,2,2
944,243,2,2
944,244,2,2
944,245,2,2
944,246,2,2
944,247,2,2
944,248,2,2
944,249,2,2
944,250,2,2
944,251,2,2
944,252,2,2
944,253,2,2
944,254,2,2
944,255,2,2
944,256,2,2
944,257,2,2
944,258,2,2
944,259,2,2
944,260,2,2
944,261,2,2
944,262,2,2
944,263,2,2
944,264,2,2
944,265,2,2
944,266,2,2
944,267,2,2
944,268,2,2
944,269,2,2
944,270,2,2
944,271,2,2
944,272,2,2
944,273,2,2
944,274,2,2
944,275,2,2
944,276,2,2
944,277,2,2
944,278,2,2
944,279,2,2
944,280,2,2
944,281,2,2
944,282,2,2
944,283,2,2
944,284,2,2
944,285,2,2
944,286,2,2
944,287,2,2
944,288,2,2
944,289,2,2
944,290,2,2
944,291,2,2
944,292,2,2
944,293,2,2
944,294,2,2
944,295,2,2
944,296,2,2
944,297,2,2
944,298,2,2
944,299,2,2
944,300,2,2
944,301,2,2
944,302,2,2
944,303,2,2
944,304,2,2
944,305,2,2
944,306,2,2
944,307,2,2
944,308,2,2
944,309,2,2
944,310,2,2
944,311,2,2
944,312,2,2
944,313,2,2
944,314,2,2
944,315,2,2
944,316,2,2
944,317,2,2
944,318,2,2
944,319,2,2
944,320,2,2
944,321,2,2
944,322,2,2
944,323,2,2
944,324,2,2
944,325,2,2
944,326,2,2
944,327,2,2
944,328,2,2
944,329,2,2
944,330,2,2
944,331,2,2
944,332,2,2
944,333,2,2
944,334,2,2
944,335,2,2
944,336,2,2
944,337,2,2
944,338,2,2
944,339,2,2
944,340,2,2
944,341,2,2
944,342,2,2
944,343,2,2
944,344,2,2
944,345,2,2
944,346,2,2
944,347,2,2
944,348,2,2
944,349,2,2
944,350,2,2
944,351,2,2
944,352,2,2
944,353,2,2
944,354,2,2
944,355,2,2
944,356,2,2
944,357,2,2
944,358,2,2
944,359,2,2
944,360,2,2
944,361,2,2
944,362,2,3
944,363,2,3
944,364,2,3
944,365,2,3
944,366,2,3
944,367,2,3
944,368,2,3
944,369,2,3
944,370,2,3
944,371,2,3
944,372,2,3
944,373,2,3
944,374,2,3
944,375,2,3
944,376,2,3
944,377,2,3
944,378,2,3
944,379,2,3
944,380,2,3
944,381,2,3
944,382,2,3
944,383,2,3
944,384,2,3
944,385,2,3
944,386,2,3
944,387,2,3
944,388,2,3
944,389,2,3
944,390,2,3
944,391,2,3
944,392,2,3
944,393,2,3
944,394,2,3
944,395,2,3
944,396,2,3
944,397,2,2
944,398,2,2
944,399,2,2
944,400,2,2
944,401,2,2
944,402,2,2
944,403,2,2
944,404,2,2
944,405,2,2
944,406,2,2
944,407,2,2
944,408,2,2
944,409,2,2
944,410,2,2
944,411,2,2
944,412,2,2
944,413,2,2
944,414,2,2
944,415,2,2
944,416,2,2
944,417,2,2
944,418,2,2
944,419,2,2
944,420,2,2
944,421,2,2
944,422,2,2
944,423,2,2
944,424,2,2
944,425,2,2
944,426,2,2
944,427,2,2
944,428,2,2
944,429,2,2
944,430,2,2
944,431,2,2
944,432,2,2
944,433,2,2
944,434,2,2
944,435,2,2
944,436,2,2
944,437,2,2
944,438,2,2
944,439,2,2
944,440,2,2
944,441,2,2
944,442,2,2
944,443,2,2
944,444,2,2
944,445,2,2
944,446,2,2
944,447,2,2
944,448,2,2
944,449,2,2
944,450,2,2
944,451,2,2
944,452,2,2
944,453,2,2
944,454,2,2
944,455,2,2
944,456,2,2
944,457,2,2
944,458,2,2
944,459,2,2
944,460,2,2
944,461,2,2
944,462,2,2
944,463,2,2
944,464,2,2
945,165,2,2
945,166,2,2
945,167,2,2
945,168,2,2
945,169,2,2
945,170,2,2
945,171,2,2
945,172,2,2
945,173,2,2
945,174,2,2
945,175,2,2
945,176,2,2
945,177,2,2
945,178,2,2
945,179,2,2
945,180,2,2
945,181,2,2
945,182,2,2
945,183,2,2
945,184,2,2
945,185,2,2
945,186,2,2
945,187,2,2
945,188,2,2
945,189,2,2
945,190,2,2
945,191,2,2
945,192,2,2
945,193,2,2
945,194,2,2
945,195,2,2
945,196,2,2
945,197,2,2
945,198,2,2
945,199,2,2
945,200,2,2
945,201,2,2
945,202,2,2
945,203,2,2
945,204,2,2
945,205,2,2
945,206,2,2
945,207,2,2
945,208,2,2
945,209,2,2
945,210,2,2
945,211,2,2
945,212,2,2
945,213,2,2
945,214,2,2
945,215,2,2
945,216,2,2
945,217,2,2
945,218,2,2
945,219,2,2
945,220,2,2
945,221,2,2
945,222,2,2
945,223,2,2
945,224,2,2
945,225,2,2
945,226,2,2
945,227,2,2
945,228,2,2
945,229,2,2
945,230,2,2
945,231,2,2
945,232,2,2
945,233,2,2
945,234,2,2
945,235,2,2
945,236,2,2
945,237,2,2
945,238,2,2
945,239,2,2
945,240,2,2
945,241,2,2
945,242,2,2
945,243,2,2
945,244,2,2
945,245,2,2
945,246,2,2
945,247,2,2
945,248,2,2
945,249,2,2
945,250,2,2
945,251,2,2
945,252,2,2
945,253,2,2
945,254,2,2
945,255,2,2
945,256,2,2
945,257,2,2
945,258,2,2
945,259,2,2
945,260,2,2
945,261,2,2
945,262,2,2
945,263,2,2
945,264,2,2
945,265,2,2
945,266,2,2
945,267,2,2
945,268,2,2
945,269,2,2
945,270,2,2
945,271,2,2
945,272,2,2
945,273,2,2
945,274,2,2
945,275,2,2
945,276,2,2
945,277,2,2
945,278,2,2
945,279,2,2
945,280,2,2
945,281,2,2
945,282,2,2
945,283,2,2
945,284,2,2
945,285,2,2
945,286,2,2
945,287,2,2
945,288,2,2
945,289,2,2
945,290,2,2
945,291,2,2
945,292,2,2
945,293,2,2
945,294,2,2
945,295,2,2
945,296,2,2
945,297,2,2
945,298,2,2
945,299,2,2
945,300,2,2
945,301,2,2
945,302,2,2
945,303,2,2
945,304,2,2
945,305,2,2
945,306,2,2
945,307,2,2
945,308,2,2
945,309,2,2
945,310,2,2
945,311,2,2
945,312,2,2
945,313,2,2
945,314,2,2
945,315,2,2
945,316,2,2
945,317,2,2
945,318,2,2
945,319,2,2
945,320,2,2
945,321,2,2
945,322,2,2
945,323,2,2
945,324,2,2
945,325,2,2
945,326,2,2
945,327,2,2
945,328,2,2
945,329,2,2
945,330,2,2
945,331,2,2
945,332,2,2
945,333,2,2
945,334,2,2
945,335,2,2
945,336,2,2
945,337,2,2
945,338,2,2
945,339,2,2
945,340,2,2
945,341,2,2
945,342,2,2
945,343,2,2
945,344,2,2
945,345,2,2
945,346,2,2
945,347,2,2
945,348,2,2
945,349,2,2
945,350,2,2
945,351,2,2
945,352,2,2
945,353,2,2
945,354,2,2
945,355,2,2
945,356,2,2
945,357,2,2
945,358,2,2
945,359,2,2
945,360,2,2
945,361,2,2
945,362,2,2
945,363,2,3
945,364,2,3
945,365,2,3
945,366,2,3
945,367,2,3
945,368,2,3
945,369,2,3
945,370,2,3
945,371,2,3
945,372,2,3
945,373,2,3
945,374,2,3
945,375,2,3
945,376,2,3
945,377,2,3
945,378,2,3
945,379,2,3
945,380,2,3
945,381,2,3
945,382,2,3
945,383,2,3
945,384,2,3
945,385,2,3
945,386,2,3
945,387,2,3
945,388,2,3
945,389,2,3
945,390,2,3
945,391,2,3
945,392,2,3
945,393,2,3
945,394,2,3
945,395,2,3
945,396,2,2
945,397,2,2
945,398,2,2
945,399,2,2
945,400,2,2
945,401,2,2
945,402,2,2
945,403,2,2
945,404,2,2
945,405,2,2
945,406,2,2
945,407,2,2
945,408,2,2
945,409,2,2
945,410,2,2
945,411,2,2
945,412,2,2
945,413,2,2
945,414,2,2
945,415,2,2
945,416,2,2
945,417,2,2
945,418,2,2
945,419,2,2
945,420,2,2
945,421,2,2
945,422,2,2
945,423,2,2
945,424,2,2
945,425,2,2
945,426,2,2
945,427,2,2
945,428,2,2
945,429,2,2
945,430,2,2
945,431,2,2
945,432,2,2
945,433,2,2
945,434,2,2
945,435,2,2
945,436,2,2
945,437,2,2
945,438,2,2
945,439,2,2
945,440,2,2
945,441,2,2
945,442,2,2
945,443,2,2
945,444,2,2
945,445,2,2
945,446,2,2
945,447,2,2
945,448,2,2
945,449,2,2
945,450,2,2
945,451,2,2
945,452,2,2
945,453,2,2
945,454,2,2
945,455,2,2
945,456,2,2
945,457,2,2
945,458,2,2
945,459,2,2
945,460,2,2
945,461,2,2
945,462,2,2
945,463,2,2
945,464,2,2
946,165,2,2
946,166,2,2
946,167,2,2
946,168,2,2
946,169,2,2
946,170,2,2
946,171,2,2
946,172,2,2
946,173,2,2
946,174,2,2
946,175,2,2
946,176,2,2
946,177,2,2
946,178,2,2
946,179,2,2
946,180,2,2
946,181,2,2
946,182,2,2
946,183,2,2
946,184,2,2
946,185,2,2
946,186,2,2
946,187,2,2
946,188,2,2
946,189,2,2
946,190,2,2
946,191,2,2
946,192,2,2
946,193,2,2
946,194,2,2
946,195,2,2
946,196,2,2
946,197,2,2
946,198,2,2
946,199,2,2
946,200,2,2
946,201,2,2
946,202,2,2
946,203,2,2
946,204,2,2
946,205,2,2
946,206,2,2
946,207,2,2
946,208,2,2
946,209,2,2
946,210,2,2
946,211,2,2
946,212,2,2
946,213,2,2
946,214,2,2
946,215,2,2
946,216,2,2
946,217,2,2
946,218,2,2
946,219,2,2
946,220,2,2
946,221,2,2
946,222,2,2
946,223,2,2
946,224,2,2
946,225,2,2
946,226,2,2
946,227,2,2
946,228,2,2
946,229,2,2
946,230,2,2
946,231,2,2
946,232,2,2
946,233,2,2
946,234,2,2
946,235,2,2
946,236,2,2
946,237,2,2
946,238,2,2
946,239,2,2
946,240,2,2
946,241,2,2
946,242,2,2
946,243,2,2
946,244,2,2
946,245,2,2
946,246,2,2
946,247,2,2
946,248,2,2
946,249,2,2
946,250,2,2
946,251,2,2
946,252,2,2
946,253,2,2
946,254,2,2
946,255,2,2
946,256,2,2
946,257,2,2
946,258,2,2
946,259,2,2
946,260,2,2
946,261,2,2
946,262,2,2
946,263,2,2
946,264,2,2
946,265,2,2
946,266,2,2
946,267,2,2
946,268,2,2
946,269,2,2
946,270,2,2
946,271,2,2
946,272,2,2
946,273,2,2
946,274,2,2
946,275,2,2
946,276,2,2
946,277,2,2
946,278,2,2
946,279,2,2
946,280,2,2
946,281,2,2
946,282,2,2
946,283,2,2
946,284,2,2
946,285,2,2
946,286,2,2
946,287,2,2
946,288,2,2
946,289,2,2
946,290,2,2
946,291,2,2
946,292,2,2
946,293,2,2
946,294,2,2
946,295,2,2
946,296,2,2
946,297,2,2
946,298,2,2
946,299,2,2
946,300,2,2
946,301,2,2
946,302,2,2
946,303,2,2
946,304,2,2
946,305,2,2
946,306,2,2
946,307,2,2
946,308,2,2
946,309,2,2
946,310,2,2
946,311,2,2
946,312,2,2
946,313,2,2
946,314,2,2
946,315,2,2
946,316,2,2
946,317,2,2
946,318,2,2
946,319,2,2
946,320,2,2
946,321,2,2
946,322,2,2
946,323,2,2
946,324,2,2
946,325,2,2
946,326,2,2
946,327,2,2
946,328,2,2
946,329,2,2
946,330,2,2
946,331,2,2
946,332,2,2
946,333,2,2
946,334,2,2
946,335,2,2
946,336,2,2
946,337,2,2
946,338,2,2
946,339,2,2
946,340,2,2
946,341,2,2
946,342,2,2
946,343,2,2
946,344,2,2
946,345,2,2
946,346,2,2
946,347,2,2
946,348,2,2
946,349,2,2
946,350,2,2
946,351,2,2
946,352,2,2
946,353,2,2
946,354,2,2
946,355,2,2
946,356,2,2
946,357,2,2
946,358,2,2
946,359,2,2
946,360,2,2
946,361,2,2
946,362,2,2
946,363,2,3
946,364,2,3
946,365,2,3
946,366,2,3
946,367,2,3
946,368,2,3
946,369,2,3
946,370,2,3
946,371,2,3
946,372,2,3
946,373,2,3
946,374,2,3
946,375,2,3
946,376,2,3
946,377,2,3
946,378,2,3
946,379,2,3
946,380,2,3
946,381,2,3
946,382,2,3
946,383,2,3
946,384,2,3
946,385,2,3
946,386,2,3
946,387,2,3
946,388,2,3
946,389,2,3
946,390,2,3
946,391,2,3
946,392,2,3
946,393,2,3
946,394,2,3
946,395,2,2
946,396,2,2
946,397,2,2
946,398,2,2
946,399,2,2
946,400,2,2
946,401,2,2
946,402,2,2
946,403,2,2
946,404,2,2
946,405,2,2
946,406,2,2
946,407,2,2
946,408,2,2
946,409,2,2
946,410,2,2
946,411,2,2
946,412,2,2
946,413,2,2
946,414,2,2
946,415,2,2
946,416,2,2
946,417,2,2
946,418,2,2
946,419,2,2
946,420,2,2
946,421,2,2
946,422,2,2
946,423,2,2
946,424,2,2
946,425,2,2
946,426,2,2
946,427,2,2
946,428,2,2
946,429,2,2
946,430,2,2
946,431,2,2
946,432,2,2
946,433,2,2
946,434,2,2
946,435,2,2
946,436,2,2
946,437,2,2
946,438,2,2
946,439,2,2
946,440,2,2
946,441,2,2
946,442,2,2
946,443,2,2
946,444,2,2
946,445,2,2
946,446,2,2
946,447,2,2
946,448,2,2
946,449,2,2
946,450,2,2
946,451,2,2
946,452,2,2
946,453,2,2
946,454,2,2
946,455,2,2
946,456,2,2
946,457,2,2
946,458,2,2
947,166,2,2
947,167,2,2
947,168,2,2
947,169,2,2
947,170,2,2
947,171,2,2
947,172,2,2
947,173,2,2
947,174,2,2
947,175,2,2
947,176,2,2
947,177,2,2
947,178,2,2
947,179,2,2
947,180,2,2
947,181,2,2
947,182,2,2
947,183,2,2
947,184,2,2
947,185,2,2
947,186,2,2
947,187,2,2
947,188,2,2
947,189,2,2
947,190,2,2
947,191,2,2
947,192,2,2
947,193,2,2
947,194,2,2
947,195,2,2
947,196,2,2
947,197,2,2
947,198,2,2
947,199,2,2
947,200,2,2
947,201,2,2
947,202,2,2
947,203,2,2
947,204,2,2
947,205,2,2
947,206,2,2
947,207,2,2
947,208,2,2
947,209,2,2
947,210,2,2
947,211,2,2
947,212,2,2
947,213,2,2
947,214,2,2
947,215,2,2
947,216,2,2
947,217,2,2
947,218,2,2
947,219,2,2
947,220,2,2
947,221,2,2
947,222,2,2
947,223,2,2
947,224,2,2
947,225,2,2
947,226,2,2
947,227,2,2
947,228,2,2
947,229,2,2
947,230,2,2
947,231,2,2
947,232,2,2
947,233,2,2
947,234,2,2
947,235,2,2
947,236,2,2
947,237,2,2
947,238,2,2
947,239,2,2
947,240,2,2
947,241,2,2
947,242,2,2
947,243,2,2
947,244,2,2
947,245,2,2
947,246,2,2
947,247,2,2
947,248,2,2
947,249,2,2
947,250,2,2
947,251,2,2
947,252,2,2
947,253,2,2
947,254,2,2
947,255,2,2
947,256,2,2
947,257,2,2
947,258,2,2
947,259,2,2
947,260,2,2
947,261,2,2
947,262,2,2
947,263,2,2
947,264,2,2
947,265,2,2
947,266,2,2
947,267,2,2
947,268,2,2
947,269,2,2
947,270,2,2
947,271,2,2
947,272,2,2
947,273,2,2
947,274,2,2
947,275,2,2
947,276,2,2
947,277,2,2
947,278,2,2
947,279,2,2
947,280,2,2
947,281,2,2
947,282,2,2
947,283,2,2
947,284,2,2
947,285,2,2
947,286,2,2
947,287,2,2
947,288,2,2
947,289,2,2
947,290,2,2
947,291,2,2
947,292,2,2
947,293,2,2
947,294,2,2
947,295,2,2
947,296,2,2
947,297,2,2
947,298,2,2
947,299,2,2
947,300,2,2
947,301,2,2
947,302,2,2
947,303,2,2
947,304,2,2
947,305,2,2
947,306,2,2
947,307,2,2
947,308,2,2
947,309,2,2
947,310,2,2
947,311,2,2
947,312,2,2
947,313,2,2
947,314,2,2
947,315,2,2
947,316,2,2
947,317,2,2
947,318,2,2
947,319,2,2
947,320,2,2
947,321,2,2
947,322,2,2
947,323,2,2
947,324,2,2
947,325,2,2
947,326,2,2
947,327,2,2
947,328,2,2
947,329,2,2
947,330,2,2
947,331,2,2
947,332,2,2
947,333,2,2
947,334,2,2
947,335,2,2
947,336,2,2
947,337,2,2
947,338,2,2
947,339,2,2
947,340,2,2
947,341,2,2
947,342,2,2
947,343,2,2
947,344,2,2
947,345,2,2
947,346,2,2
947,347,2,2
947,348,2,2
947,349,2,2
947,350,2,2
947,351,2,2
947,352,2,2
947,353,2,2
947,354,2,2
947,355,2,2
947,356,2,2
947,357,2,2
947,358,2,2
947,359,2,2
947,360,2,2
947,361,2,2
947,362,2,2
947,363,2,2
947,364,2,3
947,365,2,3
947,366,2,3
947,367,2,3
947,368,2,3
947,369,2,3
947,370,2,3
947,371,2,3
947,372,2,3
947,373,2,3
947,374,2,3
947,375,2,3
947,376,2,3
947,377,2,3
947,378,2,3
947,379,2,3
947,380,2,3
947,381,2,3
947,382,2,3
947,383,2,3
947,384,2,3
947,385,2,3
947,386,2,3
947,387,2,3
947,388,2,3
947,389,2,3
947,390,2,3
947,391,2,3
947,392,2,3
947,393,2,3
947,394,2,2
947,395,2,2
947,396,2,2
947,397,2,2
947,398,2,2
947,399,2,2
947,400,2,2
947,401,2,2
947,402,2,2
947,403,2,2
947,404,2,2
947,405,2,2
947,406,2,2
947,407,2,2
947,408,2,2
947,409,2,2
947,410,2,2
947,411,2,2
947,412,2,2
947,413,2,2
947,414,2,2
947,415,2,2
947,416,2,2
947,417,2,2
947,418,2,2
947,419,2,2
947,420,2,2
947,421,2,2
947,422,2,2
947,423,2,2
947,424,2,2
947,425,2,2
947,426,2,2
947,427,2,2
947,428,2,2
947,429,2,2
947,430,2,2
947,431,2,2
947,432,2,2
947,433,2,2
947,434,2,2
947,435,2,2
947,436,2,2
947,437,2,2
947,438,2,2
947,439,2,2
947,440,2,2
947,441,2,2
947,442,2,2
947,443,2,2
947,444,2,2
947,445,2,2
947,446,2,2
947,447,2,2
947,448,2,2
947,449,2,2
947,450,2,2
947,451,2,2
947,452,2,2
947,453,2,2
947,454,2,2
947,455,2,2
947,456,2,2
948,167,2,2
948,168,2,2
948,169,2,2
948,170,2,2
948,171,2,2
948,172,2,2
948,173,2,2
948,174,2,2
948,175,2,2
948,176,2,2
948,177,2,2
948,178,2,2
948,179,2,2
948,180,2,2
948,181,2,2
948,182,2,2
948,183,2,2
948,184,2,2
948,185,2,2
948,186,2,2
948,187,2,2
948,188,2,2
948,189,2,2
948,190,2,2
948,191,2,2
948,192,2,2
948,193,2,2
948,194,2,2
948,195,2,2
948,196,2,2
948,197,2,2
948,198,2,2
948,199,2,2
948,200,2,2
948,201,2,2
948,202,2,2
948,203,2,2
948,204,2,2
948,205,2,2
948,206,2,2
948,207,2,2
948,208,2,2
948,209,2,2
948,210,2,2
948,211,2,2
948,212,2,2
948,213,2,2
948,214,2,2
948,215,2,2
948,216,2,2
948,217,2,2
948,218,2,2
948,219,2,2
948,220,2,2
948,221,2,2
948,222,2,2
948,223,2,2
948,224,2,2
948,225,2,2
948,226,2,2
948,227,2,2
948,228,2,2
948,229,2,2
948,230,2,2
948,231,2,2
948,232,2,2
948,233,2,2
948,234,2,2
948,235,2,2
948,236,2,2
948,237,2,2
948,238,2,2
948,239,2,2
948,240,2,2
948,241,2,2
948,242,2,2
948,243,2,2
948,244,2,2
948,245,2,2
948,246,2,2
948,247,2,2
948,248,2,2
948,249,2,2
948,250,2,2
948,251,2,2
948,252,2,2
948,253,2,2
948,254,2,2
948,255,2,2
948,256,2,2
948,257,2,2
948,258,2,2
948,259,2,2
948,260,2,2
948,261,2,2
948,262,2,2
948,263,2,2
948,264,2,2
948,265,2,2
948,266,2,2
948,267,2,2
948,268,2,2
948,269,2,2
948,270,2,2
948,271,2,2
948,272,2,2
948,273,2,2
948,274,2,2
948,275,2,2
948,276,2,2
948,277,2,2
948,278,2,2
948,279,2,2
948,280,2,2
948,281,2,2
948,282,2,2
948,283,2,2
948,284,2,2
948,285,2,2
948,286,2,2
948,287,2,2
948,288,2,2
948,289,2,2
948,290,2,2
948,291,2,2
948,292,2,2
948,293,2,2
948,294,2,2
948,295,2,2
948,296,2,2
948,297,2,2
948,298,2,2
948,299,2,2
948,300,2,2
948,301,2,2
948,302,2,2
948,303,2,2
948,304,2,2
948,305,2,2
948,306,2,2
948,307,2,2
948,308,2,2
948,309,2,2
948,310,2,2
948,311,2,2
948,312,2,2
948,313,2,2
948,314,2,2
948,315,2,2
948,316,2,2
948,317,2,2
948,318,2,2
948,319,2,2
948,320,2,2
948,321,2,2
948,322,2,2
948,323,2,2
948,324,2,2
948,325,2,2
948,326,2,2
948,327,2,2
948,328,2,2
948,329,2,2
948,330,2,2
948,331,2,2
948,332,2,2
948,333,2,2
948,334,2,2
948,335,2,2
948,336,2,2
948,337,2,2
948,338,2,2
948,339,2,2
948,340,2,2
948,341,2,2
948,342,2,2
948,343,2,2
948,344,2,2
948,345,2,2
948,346,2,2
948,347,2,2
948,348,2,2
948,349,2,2
948,350,2,2
948,351,2,2
948,352,2,2
948,353,2,2
948,354,2,2
948,355,2,2
948,356,2,2
948,357,2,2
948,358,2,2
948,359,2,2
948,360,2,2
948,361,2,2
948,362,2,2
948,363,2,2
948,364,2,3
948,365,2,3
948,366,2,3
948,367,2,3
948,368,2,3
948,369,2,3
948,370,2,3
948,371,2,3
948,372,2,3
948,373,2,3
948,374,2,3
948,375,2,3
948,376,2,3
948,377,2,3
948,378,2,3
948,379,2,3
948,380,2,3
948,381,2,3
948,382,2,3
948,383,2,3
948,384,2,3
948,385,2,3
948,386,2,3
948,387,2,3
948,388,2,3
948,389,2,3
948,390,2,3
948,391,2,3
948,392,2,3
948,393,2,2
948,394,2,2
948,395,2,2
948,396,2,2
948,397,2,2
948,398,2,2
948,399,2,2
948,400,2,2
948,401,2,2
948,402,2,2
948,403,2,2
948,404,2,2
948,405,2,2
948,406,2,2
948,407,2,2
948,408,2,2
948,409,2,2
948,410,2,2
948,411,2,2
948,412,2,2
948,413,2,2
948,414,2,2
948,415,2,2
948,416,2,2
948,417,2,2
948,418,2,2
948,419,2,2
948,420,2,2
948,421,2,2
948,422,2,2
948,423,2,2
948,424,2,2
948,425,2,2
948,426,2,2
948,427,2,2
948,428,2,2
948,429,2,2
948,430,2,2
948,431,2,2
948,432,2,2
948,433,2,2
948,434,2,2
948,435,2,2
948,436,2,2
948,437,2,2
948,438,2,2
948,439,2,2
948,440,2,2
948,441,2,2
948,442,2,2
948,443,2,2
948,444,2,2
948,445,2,2
948,446,2,2
948,447,2,2
948,448,2,2
948,449,2,2
948,450,2,2
948,451,2,2
948,452,2,2
948,453,2,2
948,454,2,2
948,455,2,2
949,168,2,2
949,169,2,2
949,170,2,2
949,171,2,2
949,172,2,2
949,173,2,2
949,174,2,2
949,175,2,2
949,176,2,2
949,177,2,2
949,178,2,2
949,179,2,2
949,180,2,2
949,181,2,2
949,182,2,2
949,183,2,2
949,184,2,2
949,185,2,2
949,186,2,2
949,187,2,2
949,188,2,2
949,189,2,2
949,190,2,2
949,191,2,2
949,192,2,2
949,193,2,2
949,194,2,2
949,195,2,2
949,196,2,2
949,197,2,2
949,198,2,2
949,199,2,2
949,200,2,2
949,201,2,2
949,202,2,2
949,203,2,2
949,204,2,2
949,205,2,2
949,206,2,2
949,207,2,2
949,208,2,2
949,209,2,2
949,210,2,2
949,211,2,2
949,212,2,2
949,213,2,2
949,214,2,2
949,215,2,2
949,216,2,2
949,217,2,2
949,218,2,2
949,219,2,2
949,220,2,2
949,221,2,2
949,222,2,2
949,223,2,2
949,224,2,2
949,225,2,2
949,226,2,2
949,227,2,2
949,228,2,2
949,229,2,2
949,230,2,2
949,231,2,2
949,232,2,2
949,233,2,2
949,234,2,2
949,235,2,2
949,236,2,2
949,237,2,2
949,238,2,2
949,239,2,2
949,240,2,2
949,241,2,2
949,242,2,2
949,243,2,2
949,244,2,2
949,245,2,2
949,246,2,2
949,247,2,2
949,248,2,2
949,249,2,2
949,250,2,2
949,251,2,2
949,252,2,2
949,253,2,2
949,254,2,2
949,255,2,2
949,256,2,2
949,257,2,2
949,258,2,2
949,259,2,2
949,260,2,2
949,261,2,2
949,262,2,2
949,263,2,2
949,264,2,2
949,265,2,2
949,266,2,2
949,267,2,2
949,268,2,2
949,269,2,2
949,270,2,2
949,271,2,2
949,272,2,2
949,273,2,2
949,274,2,2
949,275,2,2
949,276,2,2
949,277,2,2
949,278,2,2
949,279,2,2
949,280,2,2
949,281,2,2
949,282,2,2
949,283,2,2
949,284,2,2
949,285,2,2
949,286,2,2
949,287,2,2
949,288,2,2
949,289,2,2
949,290,2,2
949,291,2,2
949,292,2,2
949,293,2,2
949,294,2,2
949,295,2,2
949,296,2,2
949,297,2,2
949,298,2,2
949,299,2,2
949,300,2,2
949,301,2,2
949,302,2,2
949,303,2,2
949,304,2,2
949,305,2,2
949,306,2,2
949,307,2,2
949,308,2,2
949,309,2,2
949,310,2,2
949,311,2,2
949,312,2,2
949,313,2,2
949,314,2,2
949,315,2,2
949,316,2,2
949,317,2,2
949,318,2,2
949,319,2,2
949,320,2,2
949,321,2,2
949,322,2,2
949,323,2,2
949,324,2,2
949,325,2,2
949,326,2,2
949,327,2,2
949,328,2,2
949,329,2,2
949,330,2,2
949,331,2,2
949,332,2,2
949,333,2,2
949,334,2,2
949,335,2,2
949,336,2,2
949,337,2,2
949,338,2,2
949,339,2,2
949,340,2,2
949,341,2,2
949,342,2,2
949,343,2,2
949,344,2,2
949,345,2,2
949,346,2,2
949,347,2,2
949,348,2,2
949,349,2,2
949,350,2,2
949,351,2,2
949,352,2,2
949,353,2,2
949,354,2,2
949,355,2,2
949,356,2,2
949,357,2,2
949,358,2,2
949,359,2,2
949,360,2,2
949,361,2,2
949,362,2,3
949,363,2,3
949,364,2,3
949,365,2,3
949,366,2,3
949,367,2,3
949,368,2,3
949,369,2,3
949,370,2,3
949,371,2,3
949,372,2,3
949,373,2,3
949,374,2,3
949,375,2,3
949,376,2,3
949,377,2,3
949,378,2,3
949,379,2,3
949,380,2,3
949,381,2,3
949,382,2,3
949,383,2,3
949,384,2,3
949,385,2,3
949,386,2,3
949,387,2,3
949,388,2,3
949,389,2,3
949,390,2,3
949,391,2,3
949,392,2,3
949,393,2,2
949,394,2,2
949,395,2,2
949,396,2,2
949,397,2,2
949,398,2,2
949,399,2,2
949,400,2,2
949,401,2,2
949,402,2,2
949,403,2,2
949,404,2,2
949,405,2,2
949,406,2,2
949,407,2,2
949,408,2,2
949,409,2,2
949,410,2,2
949,411,2,2
949,412,2,2
949,413,2,2
949,414,2,2
949,415,2,2
949,416,2,2
949,417,2,2
949,418,2,2
949,419,2,2
949,420,2,2
949,421,2,2
949,422,2,2
949,423,2,2
949,424,2,2
949,425,2,2
949,426,2,2
949,427,2,2
949,428,2,2
949,429,2,2
949,430,2,2
949,431,2,2
949,432,2,2
949,433,2,2
949,434,2,2
949,435,2,2
949,436,2,2
949,437,2,2
949,438,2,2
949,439,2,2
949,440,2,2
949,441,2,2
949,442,2,2
949,443,2,2
949,444,2,2
949,445,2,2
949,446,2,2
949,447,2,2
949,448,2,2
949,449,2,2
949,450,2,2
949,451,2,2
949,452,2,2
950,170,2,3
950,171,2,3
950,172,2,3
950,173,2,2
950,174,2,2
950,175,2,2
950,176,2,2
950,177,2,2
950,178,2,2
950,179,2,2
950,180,2,2
950,181,2,2
950,182,2,2
950,183,2,2
950,184,2,2
950,185,2,2
950,186,2,2
950,187,2,2
950,188,2,2
950,189,2,2
950,190,2,2
950,191,2,2
950,192,2,2
950,193,2,2
950,194,2,2
950,195,2,2
950,196,2,2
950,197,2,2
950,198,2,2
950,199,2,2
950,200,2,2
950,201,2,2
950,202,2,2
950,203,2,2
950,204,2,2
950,205,2,2
950,206,2,2
950,207,2,2
950,208,2,2
950,209,2,2
950,210,2,2
950,211,2,2
950,212,2,2
950,213,2,2
950,214,2,2
950,215,2,2
950,216,2,2
950,217,2,2
950,218,2,2
950,219,2,2
950,220,2,2
950,221,2,2
950,222,2,2
950,223,2,2
950,224,2,2
950,225,2,2
950,226,2,2
950,227,2,2
950,228,2,2
950,229,2,2
950,230,2,2
950,231,2,2
950,232,2,2
950,233,2,2
950,234,2,2
950,235,2,2
950,236,2,2
950,237,2,2
950,238,2,2
950,239,2,2
950,240,2,2
950,241,2,2
950,242,2,2
950,243,2,2
950,244,2,2
950,245,2,2
950,246,2,2
950,247,2,2
950,248,2,2
950,249,2,2
950,250,2,2
950,251,2,2
950,252,2,2
950,253,2,2
950,254,2,2
950,255,2,2
950,256,2,2
950,257,2,2
950,258,2,2
950,259,2,2
950,260,2,2
950,261,2,2
950,262,2,2
950,263,2,2
950,264,2,2
950,265,2,2
950,266,2,2
950,267,2,2
950,268,2,2
950,269,2,2
950,270,2,2
950,271,2,2
950,272,2,2
950,273,2,2
950,274,2,2
950,275,2,2
950,276,2,2
950,277,2,2
950,278,2,2
950,279,2,2
950,280,2,2
950,281,2,2
950,282,2,2
950,283,2,2
950,284,2,2
950,285,2,2
950,286,2,2
950,287,2,2
950,288,2,2
950,289,2,2
950,290,2,2
950,291,2,2
950,292,2,2
950,293,2,2
950,294,2,2
950,295,2,2
950,296,2,2
950,297,2,2
950,298,2,2
950,299,2,2
950,300,2,2
950,301,2,2
950,302,2,2
950,303,2,2
950,304,2,2
950,305,2,2
950,306,2,2
950,307,2,2
950,308,2,2
950,309,2,2
950,310,2,2
950,311,2,2
950,312,2,2
950,313,2,2
950,314,2,2
950,315,2,2
950,316,2,2
950,317,2,2
950,318,2,2
950,319,2,2
950,320,2,2
950,321,2,2
950,322,2,2
950,323,2,2
950,324,2,2
950,325,2,2
950,326,2,2
950,327,2,2
950,328,2,2
950,329,2,2
950,330,2,2
950,331,2,2
950,332,2,2
950,333,2,2
950,334,2,2
950,335,2,2
950,336,2,2
950,337,2,2
950,338,2,2
950,339,2,2
950,340,2,2
950,341,2,2
950,342,2,2
950,343,2,2
950,344,2,2
950,345,2,2
950,346,2,2
950,347,2,2
950,348,2,2
950,349,2,2
950,350,2,2
950,351,2,2
950,352,2,2
950,353,2,2
950,354,2,2
950,355,2,2
950,356,2,2
950,357,2,2
950,358,2,2
950,359,2,3
950,360,2,3
950,361,2,3
950,362,2,3
950,363,2,3
950,364,2,3
950,365,2,3
950,366,2,3
950,367,2,3
950,368,2,3
950,369,2,3
950,370,2,3
950,371,2,3
950,372,2,3
950,373,2,3
950,374,2,3
950,375,2,3
950,376,2,3
950,377,2,3
950,378,2,3
950,379,2,3
950,380,2,3
950,381,2,3
950,382,2,3
950,383,2,3
950,384,2,3
950,385,2,3
950,386,2,3
950,387,2,3
950,388,2,3
950,389,2,3
950,390,2,2
950,391,2,2
950,392,2,2
950,393,2,2
950,394,2,2
950,395,2,2
950,396,2,2
950,397,2,2
950,398,2,2
950,399,2,2
950,400,2,2
950,401,2,2
950,402,2,2
950,403,2,2
950,404,2,2
950,405,2,2
950,406,2,2
950,407,2,2
950,408,2,2
950,409,2,2
950,410,2,2
950,411,2,2
950,412,2,2
950,413,2,2
950,414,2,2
950,415,2,2
950,416,2,2
950,417,2,2
950,418,2,2
950,419,2,2
950,420,2,2
950,421,2,2
950,422,2,2
950,423,2,2
950,424,2,2
950,425,2,2
950,426,2,2
950,427,2,2
950,428,2,2
950,429,2,2
950,430,2,2
950,431,2,2
950,432,2,2
950,433,2,2
950,434,2,2
950,435,2,2
950,436,2,2
950,437,2,2
950,438,2,2
950,439,2,2
950,440,2,2
950,441,2,2
950,442,2,2
950,443,2,2
950,444,2,2
950,445,2,2
950,446,2,2
950,447,2,2
950,448,2,2
951,171,2,3
951,172,2,3
951,173,2,3
951,174,2,2
951,175,2,2
951,176,2,2
951,177,2,2
951,178,2,2
951,179,2,2
951,180,2,2
951,181,2,2
951,182,2,2
951,183,2,2
951,184,2,2
951,185,2,2
951,186,2,2
951,187,2,2
951,188,2,2
951,189,2,2
951,190,2,2
951,191,2,2
951,192,2,2
951,193,2,2
951,194,2,2
951,195,2,2
951,196,2,2
951,197,2,2
951,198,2,2
951,199,2,2
951,200,2,2
951,201,2,2
951,202,2,2
951,203,2,2
951,204,2,2
951,205,2,2
951,206,2,2
951,207,2,2
951,208,2,2
951,209,2,2
951,210,2,2
951,211,2,2
951,212,2,2
951,213,2,2
951,214,2,2
951,215,2,2
951,216,2,2
951,217,2,2
951,218,2,2
951,219,2,2
951,220,2,2
951,221,2,2
951,222,2,2
951,223,2,2
951,224,2,2
951,225,2,2
951,226,2,2
951,227,2,2
951,228,2,2
951,229,2,2
951,230,2,2
951,231,2,2
951,232,2,2
951,233,2,2
951,234,2,2
951,235,2,2
951,236,2,2
951,237,2,2
951,238,2,2
951,239,2,2
951,240,2,2
951,241,2,2
951,242,2,2
951,243,2,2
951,244,2,2
951,245,2,2
951,246,2,2
951,247,2,2
951,248,2,2
951,249,2,2
951,250,2,2
951,251,2,2
951,252,2,2
951,253,2,2
951,254,2,2
951,255,2,2
951,256,2,2
951,257,2,2
951,258,2,2
951,259,2,2
951,260,2,2
951,261,2,2
951,262,2,2
951,263,2,2
951,264,2,2
951,265,2,2
951,266,2,2
951,267,2,2
951,268,2,2
951,269,2,2
951,270,2,2
951,271,2,2
951,272,2,2
951,273,2,2
951,274,2,2
951,275,2,2
951,276,2,2
951,277,2,2
951,278,2,2
951,279,2,2
951,280,2,2
951,281,2,2
951,282,2,2
951,283,2,2
951,284,2,2
951,285,2,2
951,286,2,2
951,287,2,2
951,288,2,2
951,289,2,2
951,290,2,2
951,291,2,2
951,292,2,2
951,293,2,2
951,294,2,2
951,295,2,2
951,296,2,2
951,297,2,2
951,298,2,2
951,299,2,2
951,300,2,2
951,301,2,2
951,302,2,2
951,303,2,2
951,304,2,2
951,305,2,2
951,306,2,2
951,307,2,2
951,308,2,2
951,309,2,2
951,310,2,2
951,311,2,2
951,312,2,2
951,313,2,2
951,314,2,2
951,315,2,2
951,316,2,2
951,317,2,2
951,318,2,2
951,319,2,2
951,320,2,2
951,321,2,2
951,322,2,2
951,323,2,2
951,324,2,2
951,325,2,2
951,326,2,2
951,327,2,2
951,328,2,2
951,329,2,2
951,330,2,2
951,331,2,2
951,332,2,2
951,333,2,2
951,334,2,2
951,335,2,2
951,336,2,2
951,337,2,2
951,338,2,2
951,339,2,2
951,340,2,2
951,341,2,2
951,342,2,2
951,343,2,2
951,344,2,2
951,345,2,2
951,346,2,2
951,347,2,2
951,348,2,2
951,349,2,2
951,350,2,2
951,351,2,2
951,352,2,2
951,353,2,2
951,354,2,2
951,355,2,2
951,356,2,2
951,357,2,2
951,358,2,2
951,359,2,3
951,360,2,3
951,361,2,3
951,362,2,3
951,363,2,3
951,364,2,3
951,365,2,3
951,366,2,3
951,367,2,2
951,368,2,2
951,369,2,3
951,370,2,3
951,371,2,3
951,372,2,3
951,373,2,3
951,374,2,3
951,375,2,3
951,376,2,3
951,377,2,3
951,378,2,3
951,379,2,3
951,380,2,3
951,381,2,3
951,382,2,3
951,383,2,3
951,384,2,3
951,385,2,2
951,386,2,2
951,387,2,2
951,388,2,2
951,389,2,2
951,390,2,2
951,391,2,2
951,392,2,2
951,393,2,2
951,394,2,2
951,395,2,2
951,396,2,2
951,397,2,2
951,398,2,2
951,399,2,2
951,400,2,2
951,401,2,2
951,402,2,2
951,403,2,2
951,404,2,2
951,405,2,2
951,406,2,2
951,407,2,2
951,408,2,2
951,409,2,2
951,410,2,2
951,411,2,2
951,412,2,2
951,413,2,2
951,414,2,2
951,415,2,2
951,416,2,2
951,417,2,2
951,418,2,2
951,419,2,2
951,420,2,2
951,421,2,2
951,422,2,2
951,423,2,2
951,424,2,2
951,425,2,2
951,426,2,2
951,427,2,2
951,428,2,2
951,429,2,2
951,430,2,2
951,431,2,2
951,432,2,2
951,433,2,2
951,434,2,2
951,435,2,2
951,436,2,2
951,437,2,2
951,438,2,2
951,439,2,2
951,440,2,2
951,441,2,2
951,442,2,2
951,443,2,2
951,444,2,2
951,445,2,2
951,446,2,2
951,447,2,2
952,172,2,3
952,173,2,3
952,174,2,2
952,175,2,2
952,176,2,2
952,177,2,2
952,178,2,2
952,179,2,2
952,180,2,2
952,181,2,2
952,182,2,2
952,183,2,2
952,184,2,2
952,185,2,2
952,186,2,2
952,187,2,2
952,188,2,2
952,189,2,2
952,190,2,2
952,191,2,2
952,192,2,2
952,193,2,2
952,194,2,2
952,195,2,2
952,196,2,2
952,197,2,2
952,198,2,2
952,199,2,2
952,200,2,2
952,201,2,2
952,202,2,2
952,203,2,2
952,204,2,2
952,205,2,2
952,206,2,2
952,207,2,2
952,208,2,2
952,209,2,2
952,210,2,2
952,211,2,2
952,212,2,2
952,213,2,2
952,214,2,2
952,215,2,2
952,216,2,2
952,217,2,2
952,218,2,2
952,219,2,2
952,220,2,2
952,221,2,2
952,222,2,2
952,223,2,2
952,224,2,2
952,225,2,2
952,226,2,2
952,227,2,2
952,228,2,2
952,229,2,2
952,230,2,2
952,231,2,2
952,232,2,2
952,233,2,2
952,234,2,2
952,235,2,2
952,236,2,2
952,237,2,2
952,238,2,2
952,239,2,2
952,240,2,2
952,241,2,2
952,242,2,2
952,243,2,2
952,244,2,2
952,245,2,2
952,246,2,2
952,247,2,2
952,248,2,2
952,249,2,2
952,250,2,2
952,251,2,2
952,252,2,2
952,253,2,2
952,254,2,2
952,255,2,2
952,256,2,2
952,257,2,2
952,258,2,2
952,259,2,2
952,260,2,2
952,261,2,2
952,262,2,2
952,263,2,2
952,264,2,2
952,265,2,2
952,266,2,2
952,267,2,2
952,268,2,2
952,269,2,2
952,270,2,2
952,271,2,2
952,272,2,2
952,273,2,2
952,274,2,2
952,275,2,2
952,276,2,2
952,277,2,2
952,278,2,2
952,279,2,2
952,280,2,2
952,281,2,2
952,282,2,2
952,283,2,2
952,284,2,2
952,285,2,2
952,286,2,2
952,287,2,2
952,288,2,2
952,289,2,2
952,290,2,2
952,291,2,2
952,292,2,2
952,293,2,2
952,294,2,2
952,295,2,2
952,296,2,2
952,297,2,2
952,298,2,2
952,299,2,2
952,300,2,2
952,301,2,2
952,302,2,2
952,303,2,2
952,304,2,2
952,305,2,2
952,306,2,2
952,307,2,2
952,308,2,2
952,309,2,2
952,310,2,2
952,311,2,2
952,312,2,2
952,313,2,2
952,314,2,2
952,315,2,2
952,316,2,2
952,317,2,2
952,318,2,2
952,319,2,2
952,320,2,2
952,321,2,2
952,322,2,2
952,323,2,2
952,324,2,2
952,325,2,2
952,326,2,2
952,327,2,2
952,328,2,2
952,329,2,2
952,330,2,2
952,331,2,2
952,332,2,2
952,333,2,2
952,334,2,2
952,335,2,2
952,336,2,2
952,337,2,2
952,338,2,2
952,339,2,2
952,340,2,2
952,341,2,2
952,342,2,2
952,343,2,2
952,344,2,2
952,345,2,2
952,346,2,2
952,347,2,2
952,348,2,2
952,349,2,2
952,350,2,2
952,351,2,2
952,352,2,2
952,353,2,2
952,354,2,2
952,355,2,2
952,356,2,2
952,357,2,3
952,358,2,3
952,359,2,3
952,360,2,3
952,361,2,3
952,362,2,3
952,363,2,3
952,364,2,3
952,365,2,3
952,366,2,3
952,367,2,2
952,368,2,2
952,369,2,2
952,370,2,2
952,371,2,2
952,372,2,2
952,373,2,2
952,374,2,3
952,375,2,3
952,376,2,3
952,377,2,3
952,378,2,3
952,379,2,3
952,380,2,3
952,381,2,3
952,382,2,3
952,383,2,2
952,384,2,2
952,385,2,2
952,386,2,2
952,387,2,2
952,388,2,2
952,389,2,2
952,390,2,2
952,391,2,2
952,392,2,2
952,393,2,2
952,394,2,2
952,395,2,2
952,396,2,2
952,397,2,2
952,398,2,2
952,399,2,2
952,400,2,2
952,401,2,2
952,402,2,2
952,403,2,2
952,404,2,2
952,405,2,2
952,406,2,2
952,407,2,2
952,408,2,2
952,409,2,2
952,410,2,2
952,411,2,2
952,412,2,2
952,413,2,2
952,414,2,2
952,415,2,2
952,416,2,2
952,417,2,2
952,418,2,2
952,419,2,2
952,420,2,2
952,421,2,2
952,422,2,2
952,423,2,2
952,424,2,2
952,425,2,2
952,426,2,2
952,427,2,2
952,428,2,2
952,429,2,2
952,430,2,2
952,431,2,2
952,432,2,2
952,433,2,2
952,434,2,2
952,435,2,2
952,436,2,2
952,437,2,2
952,438,2,2
952,439,2,2
952,440,2,2
952,441,2,2
952,442,2,2
952,443,2,2
952,444,2,2
952,445,2,2
953,172,2,3
953,173,2,3
953,174,2,2
953,175,2,2
953,176,2,2
953,177,2,2
953,178,2,2
953,179,2,2
953,180,2,2
953,181,2,2
953,182,2,2
953,183,2,2
953,184,2,2
953,185,2,2
953,186,2,2
953,187,2,2
953,188,2,2
953,189,2,2
953,190,2,2
953,191,2,2
953,192,2,2
953,193,2,2
953,194,2,2
953,195,2,2
953,196,2,2
953,197,2,2
953,198,2,2
953,199,2,2
953,200,2,2
953,201,2,2
953,202,2,2
953,203,2,2
953,204,2,2
953,205,2,2
953,206,2,2
953,207,2,2
953,208,2,2
953,209,2,2
953,210,2,2
953,211,2,2
953,212,2,2
953,213,2,2
953,214,2,2
953,215,2,2
953,216,2,2
953,217,2,2
953,218,2,2
953,219,2,2
953,220,2,2
953,221,2,2
953,222,2,2
953,223,2,2
953,224,2,2
953,225,2,2
953,226,2,2
953,227,2,2
953,228,2,2
953,229,2,2
953,230,2,2
953,231,2,2
953,232,2,2
953,233,2,2
953,234,2,2
953,235,2,2
953,236,2,2
953,237,2,2
953,238,2,2
953,239,2,2
953,240,2,2
953,241,2,2
953,242,2,2
953,243,2,2
953,244,2,2
953,245,2,2
953,246,2,2
953,247,2,2
953,248,2,2
953,249,2,2
953,250,2,2
953,251,2,2
953,252,2,2
953,253,2,2
953,254,2,2
953,255,2,2
953,256,2,2
953,257,2,2
953,258,2,2
953,259,2,2
953,260,2,2
953,261,2,2
953,262,2,2
953,263,2,2
953,264,2,2
953,265,2,2
953,266,2,2
953,267,2,2
953,268,2,2
953,269,2,2
953,270,2,2
953,271,2,2
953,272,2,2
953,273,2,2
953,274,2,2
953,275,2,2
953,276,2,2
953,277,2,2
953,278,2,2
953,279,2,2
953,280,2,2
953,281,2,2
953,282,2,2
953,283,2,2
953,284,2,2
953,285,2,2
953,286,2,2
953,287,2,2
953,288,2,2
953,289,2,2
953,290,2,2
953,291,2,2
953,292,2,2
953,293,2,2
953,294,2,2
953,295,2,2
953,296,2,2
953,297,2,2
953,298,2,2
953,299,2,2
953,300,2,2
953,301,2,2
953,302,2,2
953,303,2,2
953,304,2,2
953,305,2,2
953,306,2,2
953,307,2,2
953,308,2,2
953,309,2,2
953,310,2,2
953,311,2,2
953,312,2,2
953,313,2,2
953,314,2,2
953,315,2,2
953,316,2,2
953,317,2,2
953,318,2,2
953,319,2,2
953,320,2,2
953,321,2,2
953,322,2,2
953,323,2,2
953,324,2,2
953,325,2,2
953,326,2,2
953,327,2,2
953,328,2,2
953,329,2,2
953,330,2,2
953,331,2,2
953,332,2,2
953,333,2,2
953,334,2,2
953,335,2,2
953,336,2,2
953,337,2,2
953,338,2,2
953,339,2,2
953,340,2,2
953,341,2,2
953,342,2,2
953,343,2,2
953,344,2,2
953,345,2,2
953,346,2,2
953,347,2,2
953,348,2,2
953,349,2,2
953,350,2,2
953,351,2,2
953,352,2,2
953,353,2,2
953,354,2,2
953,355,2,2
953,356,2,2
953,357,2,3
953,358,2,3
953,359,2,3
953,360,2,3
953,361,2,3
953,362,2,3
953,363,2,3
953,364,2,3
953,365,2,3
953,366,2,3
953,367,2,2
953,368,2,2
953,369,2,2
953,370,2,2
953,371,2,2
953,372,2,2
953,373,2,2
953,374,2,2
953,375,2,2
953,376,2,2
953,377,2,2
953,378,2,2
953,379,2,2
953,380,2,2
953,381,2,2
953,382,2,2
953,383,2,2
953,384,2,2
953,385,2,2
953,386,2,2
953,387,2,2
953,388,2,2
953,389,2,2
953,390,2,2
953,391,2,2
953,392,2,2
953,393,2,2
953,394,2,2
953,395,2,2
953,396,2,2
953,397,2,2
953,398,2,2
953,399,2,2
953,400,2,2
953,401,2,2
953,402,2,2
953,403,2,2
953,404,2,2
953,405,2,2
953,406,2,2
953,407,2,2
953,408,2,2
953,409,2,2
953,410,2,2
953,411,2,2
953,412,2,2
953,413,2,2
953,414,2,2
953,415,2,2
953,416,2,2
953,417,2,2
953,418,2,2
953,419,2,2
953,420,2,2
953,421,2,2
953,422,2,2
953,423,2,2
953,424,2,2
953,425,2,2
953,426,2,2
953,427,2,2
953,428,2,2
953,429,2,2
953,430,2,2
953,431,2,2
953,432,2,2
953,433,2,2
953,434,2,2
953,435,2,2
953,436,2,2
953,437,2,2
953,438,2,2
953,439,2,2
953,440,2,2
953,441,2,2
953,442,2,2
953,443,2,2
953,444,2,2
954,173,2,3
954,174,2,2
954,175,2,2
954,176,2,2
954,177,2,2
954,178,2,2
954,179,2,2
954,180,2,2
954,181,2,2
954,182,2,2
954,183,2,2
954,184,2,2
954,185,2,2
954,186,2,2
954,187,2,2
954,188,2,2
954,189,2,2
954,190,2,2
954,191,2,2
954,192,2,2
954,193,2,2
954,194,2,2
954,195,2,2
954,196,2,2
954,197,2,2
954,198,2,2
954,199,2,2
954,200,2,2
954,201,2,2
954,202,2,2
954,203,2,2
954,204,2,2
954,205,2,2
954,206,2,2
954,207,2,2
954,208,2,2
954,209,2,2
954,210,2,2
954,211,2,2
954,212,2,2
954,213,2,2
954,214,2,2
954,215,2,2
954,216,2,2
954,217,2,2
954,218,2,2
954,219,2,2
954,220,2,2
954,221,2,2
954,222,2,2
954,223,2,2
954,224,2,2
954,225,2,2
954,226,2,2
954,227,2,2
954,228,2,2
954,229,2,2
954,230,2,2
954,231,2,2
954,232,2,2
954,233,2,2
954,234,2,2
954,235,2,2
954,236,2,2
954,237,2,2
954,238,2,2
954,239,2,2
954,240,2,2
954,241,2,2
954,242,2,2
954,243,2,2
954,244,2,2
954,245,2,2
954,246,2,2
954,247,2,2
954,248,2,2
954,249,2,2
954,250,2,2
954,251,2,2
954,252,2,2
954,253,2,2
954,254,2,2
954,255,2,2
954,256,2,2
954,257,2,2
954,258,2,2
954,259,2,2
954,260,2,2
954,261,2,2
954,262,2,2
954,263,2,2
954,264,2,2
954,265,2,2
954,266,2,2
954,267,2,2
954,268,2,2
954,269,2,2
954,270,2,2
954,271,2,2
954,272,2,2
954,273,2,2
954,274,2,2
954,275,2,2
954,276,2,2
954,277,2,2
954,278,2,2
954,279,2,2
954,280,2,2
954,281,2,2
954,282,2,2
954,283,2,2
954,284,2,2
954,285,2,2
954,286,2,2
954,287,2,2
954,288,2,2
954,289,2,2
954,290,2,2
954,291,2,2
954,292,2,2
954,293,2,2
954,294,2,2
954,295,2,2
954,296,2,2
954,297,2,2
954,298,2,2
954,299,2,2
954,300,2,2
954,301,2,2
954,302,2,2
954,303,2,2
954,304,2,2
954,305,2,2
954,306,2,2
954,307,2,2
954,308,2,2
954,309,2,2
954,310,2,2
954,311,2,2
954,312,2,2
954,313,2,2
954,314,2,2
954,315,2,2
954,316,2,2
954,317,2,2
954,318,2,2
954,319,2,2
954,320,2,2
954,321,2,2
954,322,2,2
954,323,2,2
954,324,2,2
954,325,2,2
954,326,2,2
954,327,2,2
954,328,2,2
954,329,2,2
954,330,2,2
954,331,2,2
954,332,2,2
954,333,2,2
954,334,2,2
954,335,2,2
954,336,2,2
954,337,2,2
954,338,2,2
954,339,2,2
954,340,2,2
954,341,2,2
954,342,2,2
954,343,2,2
954,344,2,2
954,345,2,2
954,346,2,2
954,347,2,2
954,348,2,2
954,349,2,2
954,350,2,2
954,351,2,2
954,352,2,2
954,353,2,2
954,354,2,2
954,355,2,2
954,356,2,3
954,357,2,3
954,358,2,3
954,359,2,3
954,360,2,3
954,361,2,3
954,362,2,3
954,363,2,3
954,364,2,3
954,365,2,3
954,366,2,3
954,367,2,2
954,368,2,2
954,369,2,2
954,370,2,2
954,371,2,2
954,372,2,2
954,373,2,2
954,374,2,2
954,375,2,2
954,376,2,2
954,377,2,2
954,378,2,2
954,379,2,2
954,380,2,2
954,381,2,2
954,382,2,2
954,383,2,2
954,384,2,2
954,385,2,2
954,386,2,2
954,387,2,2
954,388,2,2
954,389,2,2
954,390,2,2
954,391,2,2
954,392,2,2
954,393,2,2
954,394,2,2
954,395,2,2
954,396,2,2
954,397,2,2
954,398,2,2
954,399,2,2
954,400,2,2
954,401,2,2
954,402,2,2
954,403,2,2
954,404,2,2
954,405,2,2
954,406,2,2
954,407,2,2
954,408,2,2
954,409,2,2
954,410,2,2
954,411,2,2
954,412,2,2
954,413,2,2
954,414,2,2
954,415,2,2
954,416,2,2
954,417,2,2
954,418,2,2
954,419,2,2
954,420,2,2
954,421,2,2
954,422,2,2
954,423,2,2
954,424,2,2
954,425,2,2
954,426,2,2
954,427,2,2
954,428,2,2
954,429,2,2
954,430,2,2
954,431,2,2
954,432,2,2
954,433,2,2
954,434,2,2
954,435,2,2
954,436,2,2
954,437,2,2
954,439,2,2
954,440,2,2
955,173,2,3
955,174,2,2
955,175,2,2
955,176,2,2
955,177,2,2
955,178,2,2
955,179,2,2
955,180,2,2
955,181,2,2
955,182,2,2
955,183,2,2
955,184,2,2
955,185,2,2
955,186,2,2
955,187,2,2
955,188,2,2
955,189,2,2
955,190,2,2
955,191,2,2
955,192,2,2
955,193,2,2
955,194,2,2
955,195,2,2
955,196,2,2
955,197,2,2
955,198,2,2
955,199,2,2
955,200,2,2
955,201,2,2
955,202,2,2
955,203,2,2
955,204,2,2
955,205,2,2
955,206,2,2
955,207,2,2
955,208,2,2
955,209,2,2
955,210,2,2
955,211,2,2
955,212,2,2
955,213,2,2
955,214,2,2
955,215,2,2
955,216,2,2
955,217,2,2
955,218,2,2
955,219,2,2
955,220,2,2
955,221,2,2
955,222,2,2
955,223,2,2
955,224,2,2
955,225,2,2
955,226,2,2
955,227,2,2
955,228,2,2
955,229,2,2
955,230,2,2
955,231,2,2
955,232,2,2
955,233,2,2
955,234,2,2
955,235,2,2
955,236,2,2
955,237,2,2
955,238,2,2
955,239,2,2
955,240,2,2
955,241,2,2
955,242,2,2
955,243,2,2
955,244,2,2
955,245,2,2
955,246,2,2
955,247,2,2
955,248,2,2
955,249,2,2
955,250,2,2
955,251,2,2
955,252,2,2
955,253,2,2
955,254,2,2
955,255,2,2
955,256,2,2
955,257,2,2
955,258,2,2
955,259,2,2
955,260,2,2
955,261,2,2
955,262,2,2
955,263,2,2
955,264,2,2
955,265,2,2
955,266,2,2
955,267,2,2
955,268,2,2
955,269,2,2
955,270,2,2
955,271,2,2
955,272,2,2
955,273,2,2
955,274,2,2
955,275,2,2
955,276,2,2
955,277,2,2
955,278,2,2
955,279,2,2
955,280,2,2
955,281,2,2
955,282,2,2
955,283,2,2
955,284,2,2
955,285,2,2
955,286,2,2
955,287,2,2
955,288,2,2
955,289,2,2
955,290,2,2
955,291,2,2
955,292,2,2
955,293,2,2
955,294,2,2
955,295,2,2
955,296,2,2
955,297,2,2
955,298,2,2
955,299,2,2
955,300,2,2
955,301,2,2
955,302,2,2
955,303,2,2
955,304,2,2
955,305,2,2
955,306,2,2
955,307,2,2
955,308,2,2
955,309,2,2
955,310,2,2
955,311,2,2
955,312,2,2
955,313,2,2
955,314,2,2
955,315,2,2
955,316,2,2
955,317,2,2
955,318,2,2
955,319,2,2
955,320,2,2
955,321,2,2
955,322,2,2
955,323,2,2
955,324,2,2
955,325,2,2
955,326,2,2
955,327,2,2
955,328,2,2
955,329,2,2
955,330,2,2
955,331,2,2
955,332,2,2
955,333,2,2
955,334,2,2
955,335,2,2
955,336,2,2
955,337,2,2
955,338,2,2
955,339,2,2
955,340,2,2
955,341,2,2
955,342,2,2
955,343,2,2
955,344,2,2
955,345,2,2
955,346,2,2
955,347,2,2
955,348,2,2
955,349,2,2
955,350,2,2
955,351,2,2
955,352,2,2
955,353,2,2
955,354,2,2
955,355,2,2
955,356,2,3
955,357,2,3
955,358,2,3
955,359,2,3
955,360,2,3
955,361,2,3
955,362,2,3
955,363,2,3
955,364,2,3
955,365,2,3
955,366,2,2
955,367,2,2
955,368,2,2
955,369,2,2
955,370,2,2
955,371,2,2
955,372,2,2
955,373,2,2
955,374,2,2
955,375,2,2
955,376,2,2
955,377,2,2
955,378,2,2
955,379,2,2
955,380,2,2
955,381,2,2
955,382,2,2
955,383,2,2
955,384,2,2
955,385,2,2
955,386,2,2
955,387,2,2
955,388,2,2
955,389,2,2
955,390,2,2
955,391,2,2
955,392,2,2
955,393,2,2
955,394,2,2
955,395,2,2
955,396,2,2
955,397,2,2
955,398,2,2
955,399,2,2
955,400,2,2
955,401,2,2
955,402,2,2
955,403,2,2
955,404,2,2
955,405,2,2
955,406,2,2
955,407,2,2
955,408,2,2
955,409,2,2
955,410,2,2
955,411,2,2
955,412,2,2
955,413,2,2
955,414,2,2
955,415,2,2
955,416,2,2
955,417,2,2
955,418,2,2
955,419,2,2
955,420,2,2
955,421,2,2
955,422,2,2
955,423,2,2
955,424,2,2
955,425,2,2
955,426,2,2
955,427,2,2
955,428,2,2
955,429,2,2
955,430,2,2
955,431,2,2
955,432,2,2
955,433,2,2
955,434,2,2
955,435,2,2
956,174,2,2
956,175,2,2
956,176,2,2
956,177,2,2
956,178,2,2
956,179,2,2
956,180,2,2
956,181,2,2
956,182,2,2
956,183,2,2
956,184,2,2
956,185,2,2
956,186,2,2
956,187,2,2
956,188,2,2
956,189,2,2
956,190,2,2
956,191,2,2
956,192,2,2
956,193,2,2
956,194,2,2
956,195,2,2
956,196,2,2
956,197,2,2
956,198,2,2
956,199,2,2
956,200,2,2
956,201,2,2
956,202,2,2
956,203,2,2
956,204,2,2
956,205,2,2
956,206,2,2
956,207,2,2
956,208,2,2
956,209,2,2
956,210,2,2
956,211,2,2
956,212,2,2
956,213,2,2
956,214,2,2
956,215,2,2
956,216,2,2
956,217,2,2
956,218,2,2
956,219,2,2
956,220,2,2
956,221,2,2
956,222,2,2
956,223,2,2
956,224,2,2
956,225,2,2
956,226,2,2
956,227,2,2
956,228,2,2
956,229,2,2
956,230,2,2
956,231,2,2
956,232,2,2
956,233,2,2
956,234,2,2
956,235,2,2
956,236,2,2
956,237,2,2
956,238,2,2
956,239,2,2
956,240,2,2
956,241,2,2
956,242,2,2
956,243,2,2
956,244,2,2
956,245,2,2
956,246,2,2
956,247,2,2
956,248,2,2
956,249,2,2
956,250,2,2
956,251,2,2
956,252,2,2
956,253,2,2
956,254,2,2
956,255,2,2
956,256,2,2
956,257,2,2
956,258,2,2
956,259,2,2
956,260,2,2
956,261,2,2
956,262,2,2
956,263,2,2
956,264,2,2
956,265,2,2
956,266,2,2
956,267,2,2
956,268,2,2
956,269,2,2
956,270,2,2
956,271,2,2
956,272,2,2
956,273,2,2
956,274,2,2
956,275,2,2
956,276,2,2
956,277,2,2
956,278,2,2
956,279,2,2
956,280,2,2
956,281,2,2
956,282,2,2
956,283,2,2
956,284,2,2
956,285,2,2
956,286,2,2
956,287,2,2
956,288,2,2
956,289,2,2
956,290,2,2
956,291,2,2
956,292,2,2
956,293,2,2
956,294,2,2
956,295,2,2
956,296,2,2
956,297,2,2
956,298,2,2
956,299,2,2
956,300,2,2
956,301,2,2
956,302,2,2
956,303,2,2
956,304,2,2
956,305,2,2
956,306,2,2
956,307,2,2
956,308,2,2
956,309,2,2
956,310,2,2
956,311,2,2
956,312,2,2
956,313,2,2
956,314,2,2
956,315,2,2
956,316,2,2
956,317,2,2
956,318,2,2
956,319,2,2
956,320,2,2
956,321,2,2
956,322,2,2
956,323,2,2
956,324,2,2
956,325,2,2
956,326,2,2
956,327,2,2
956,328,2,2
956,329,2,2
956,330,2,2
956,331,2,2
956,332,2,2
956,333,2,2
956,334,2,2
956,335,2,2
956,336,2,2
956,337,2,2
956,338,2,2
956,339,2,2
956,340,2,2
956,341,2,2
956,342,2,2
956,343,2,2
956,344,2,2
956,345,2,2
956,346,2,2
956,347,2,2
956,348,2,2
956,349,2,2
956,350,2,2
956,351,2,2
956,352,2,2
956,353,2,2
956,354,2,2
956,355,2,3
956,356,2,3
956,357,2,3
956,358,2,3
956,359,2,3
956,360,2,3
956,361,2,3
956,362,2,3
956,363,2,3
956,364,2,3
956,365,2,3
956,366,2,2
956,367,2,2
956,368,2,2
956,369,2,2
956,370,2,2
956,371,2,2
956,372,2,2
956,373,2,2
956,374,2,2
956,375,2,2
956,376,2,2
956,377,2,2
956,378,2,2
956,379,2,2
956,380,2,2
956,381,2,2
956,382,2,2
956,383,2,2
956,384,2,2
956,385,2,2
956,386,2,2
956,387,2,2
956,388,2,2
956,389,2,2
956,390,2,2
956,391,2,2
956,392,2,2
956,393,2,2
956,394,2,2
956,395,2,2
956,396,2,2
956,397,2,2
956,398,2,2
956,399,2,2
956,400,2,2
956,401,2,2
956,402,2,2
956,403,2,2
956,404,2,2
956,405,2,2
956,406,2,2
956,407,2,2
956,408,2,2
956,409,2,2
956,410,2,2
956,411,2,2
956,412,2,2
956,413,2,2
956,414,2,2
956,415,2,2
956,416,2,2
956,417,2,2
956,418,2,2
956,419,2,2
956,420,2,2
956,421,2,2
956,422,2,2
956,423,2,2
956,424,2,2
956,425,2,2
956,426,2,2
956,427,2,2
956,428,2,2
956,429,2,2
956,430,2,2
956,431,2,2
956,432,2,2
956,433,2,2
957,174,2,3
957,175,2,2
957,176,2,2
957,177,2,2
957,178,2,2
957,179,2,2
957,180,2,2
957,181,2,2
957,182,2,2
957,183,2,2
957,184,2,2
957,185,2,2
957,186,2,2
957,187,2,2
957,188,2,2
957,189,2,2
957,190,2,2
957,191,2,2
957,192,2,2
957,193,2,2
957,194,2,2
957,195,2,2
957,196,2,2
957,197,2,2
957,198,2,2
957,199,2,2
957,200,2,2
957,201,2,2
957,202,2,2
957,203,2,2
957,204,2,2
957,205,2,2
957,206,2,2
957,207,2,2
957,208,2,2
957,209,2,2
957,210,2,2
957,211,2,2
957,212,2,2
957,213,2,2
957,214,2,2
957,215,2,2
957,216,2,2
957,217,2,2
957,218,2,2
957,219,2,2
957,220,2,2
957,221,2,2
957,222,2,2
957,223,2,2
957,224,2,2
957,225,2,2
957,226,2,2
957,227,2,2
957,228,2,2
957,229,2,2
957,230,2,2
957,231,2,2
957,232,2,2
957,233,2,2
957,234,2,2
957,235,2,2
957,236,2,2
957,237,2,2
957,238,2,2
957,239,2,2
957,240,2,2
957,241,2,2
957,242,2,2
957,243,2,2
957,244,2,2
957,245,2,2
957,246,2,2
957,247,2,2
957,248,2,2
957,249,2,2
957,250,2,2
957,251,2,2
957,252,2,2
957,253,2,2
957,254,2,2
957,255,2,2
957,256,2,2
957,257,2,2
957,258,2,2
957,259,2,2
957,260,2,2
957,261,2,2
957,262,2,2
957,263,2,2
957,264,2,2
957,265,2,2
957,266,2,2
957,267,2,2
957,268,2,2
957,269,2,2
957,270,2,2
957,271,2,2
957,272,2,2
957,273,2,2
957,274,2,2
957,275,2,2
957,276,2,2
957,277,2,2
957,278,2,2
957,279,2,2
957,280,2,2
957,281,2,2
957,282,2,2
957,283,2,2
957,284,2,2
957,285,2,2
957,286,2,2
957,287,2,2
957,288,2,2
957,289,2,2
957,290,2,2
957,291,2,2
957,292,2,2
957,293,2,2
957,294,2,2
957,295,2,2
957,296,2,2
957,297,2,2
957,298,2,2
957,299,2,2
957,300,2,2
957,301,2,2
957,302,2,2
957,303,2,2
957,304,2,2
957,305,2,2
957,306,2,2
957,307,2,2
957,308,2,2
957,309,2,2
957,310,2,2
957,311,2,2
957,312,2,2
957,313,2,2
957,314,2,2
957,315,2,2
957,316,2,2
957,317,2,2
957,318,2,2
957,319,2,2
957,320,2,2
957,321,2,2
957,322,2,2
957,323,2,2
957,324,2,2
957,325,2,2
957,326,2,2
957,327,2,2
957,328,2,2
957,329,2,2
957,330,2,2
957,331,2,2
957,332,2,2
957,333,2,2
957,334,2,2
957,335,2,2
957,336,2,2
957,337,2,2
957,338,2,2
957,339,2,2
957,340,2,2
957,341,2,2
957,342,2,2
957,343,2,2
957,344,2,2
957,345,2,2
957,346,2,2
957,347,2,2
957,348,2,2
957,349,2,2
957,350,2,2
957,351,2,2
957,352,2,2
957,353,2,2
957,354,2,2
957,355,2,3
957,356,2,3
957,357,2,3
957,358,2,3
957,359,2,3
957,360,2,3
957,361,2,3
957,362,2,3
957,363,2,3
957,364,2,3
957,365,2,3
957,366,2,2
957,367,2,2
957,368,2,2
957,369,2,2
957,370,2,2
957,371,2,2
957,372,2,2
957,373,2,2
957,374,2,2
957,375,2,2
957,376,2,2
957,377,2,2
957,378,2,2
957,379,2,2
957,380,2,2
957,381,2,2
957,382,2,2
957,383,2,2
957,384,2,2
957,385,2,2
957,386,2,2
957,387,2,2
957,388,2,2
957,389,2,2
957,390,2,2
957,391,2,2
957,392,2,2
957,393,2,2
957,394,2,2
957,395,2,2
957,396,2,2
957,397,2,2
957,398,2,2
957,399,2,2
957,400,2,2
957,401,2,2
957,402,2,2
957,403,2,2
957,404,2,2
957,405,2,2
957,406,2,2
957,407,2,2
957,408,2,2
957,409,2,2
957,410,2,2
957,411,2,2
957,412,2,2
957,413,2,2
957,414,2,2
957,415,2,2
957,416,2,2
957,417,2,2
957,418,2,2
957,419,2,2
957,420,2,3
957,421,2,2
957,422,2,2
957,423,2,2
957,424,2,2
957,425,2,2
957,426,2,2
957,427,2,2
957,428,2,2
957,429,2,2
958,175,2,2
958,176,2,2
958,177,2,2
958,178,2,2
958,179,2,2
958,180,2,2
958,181,2,2
958,182,2,2
958,183,2,2
958,184,2,2
958,185,2,2
958,186,2,2
958,187,2,2
958,188,2,2
958,189,2,2
958,190,2,2
958,191,2,2
958,192,2,2
958,193,2,2
958,194,2,2
958,195,2,2
958,196,2,2
958,197,2,2
958,198,2,2
958,199,2,2
958,200,2,2
958,201,2,2
958,202,2,2
958,203,2,2
958,204,2,2
958,205,2,2
958,206,2,2
958,207,2,2
958,208,2,2
958,209,2,2
958,210,2,2
958,211,2,2
958,212,2,2
958,213,2,2
958,214,2,2
958,215,2,2
958,216,2,2
958,217,2,2
958,218,2,2
958,219,2,2
958,220,2,2
958,221,2,2
958,222,2,2
958,223,2,2
958,224,2,2
958,225,2,2
958,226,2,2
958,227,2,2
958,228,2,2
958,229,2,2
958,230,2,2
958,231,2,2
958,232,2,2
958,233,2,2
958,234,2,2
958,235,2,2
958,236,2,2
958,237,2,2
958,238,2,2
958,239,2,2
958,240,2,2
958,241,2,2
958,242,2,2
958,243,2,2
958,244,2,2
958,245,2,2
958,246,2,2
958,247,2,2
958,248,2,2
958,249,2,2
958,250,2,2
958,251,2,2
958,252,2,2
958,253,2,2
958,254,2,2
958,255,2,2
958,256,2,2
958,257,2,2
958,258,2,2
958,259,2,2
958,260,2,2
958,261,2,2
958,262,2,2
958,263,2,2
958,264,2,2
958,265,2,2
958,266,2,2
958,267,2,2
958,268,2,2
958,269,2,2
958,270,2,2
958,271,2,2
958,272,2,2
958,273,2,2
958,274,2,2
958,275,2,2
958,276,2,2
958,277,2,2
958,278,2,2
958,279,2,2
958,280,2,2
958,281,2,2
958,282,2,2
958,283,2,2
958,284,2,2
958,285,2,2
958,286,2,2
958,287,2,2
958,288,2,2
958,289,2,2
958,290,2,2
958,291,2,2
958,292,2,2
958,293,2,2
958,294,2,2
958,295,2,2
958,296,2,2
958,297,2,2
958,298,2,2
958,299,2,2
958,300,2,2
958,301,2,2
958,302,2,2
958,303,2,2
958,304,2,2
958,305,2,2
958,306,2,2
958,307,2,2
958,308,2,2
958,309,2,2
958,310,2,2
958,311,2,2
958,312,2,2
958,313,2,2
958,314,2,2
958,315,2,2
958,316,2,2
958,317,2,2
958,318,2,2
958,319,2,2
958,320,2,2
958,321,2,2
958,322,2,2
958,323,2,2
958,324,2,2
958,325,2,2
958,326,2,2
958,327,2,2
958,328,2,2
958,329,2,2
958,330,2,2
958,331,2,2
958,332,2,2
958,333,2,2
958,334,2,2
958,335,2,2
958,336,2,2
958,337,2,2
958,338,2,2
958,339,2,2
958,340,2,2
958,341,2,2
958,342,2,2
958,343,2,2
958,344,2,2
958,345,2,2
958,346,2,2
958,347,2,2
958,348,2,2
958,349,2,2
958,350,2,2
958,351,2,2
958,352,2,2
958,353,2,2
958,354,2,2
958,355,2,3
958,356,2,3
958,357,2,3
958,358,2,3
958,359,2,3
958,360,2,3
958,361,2,3
958,362,2,3
958,363,2,3
958,364,2,3
958,365,2,3
958,366,2,2
958,367,2,2
958,368,2,2
958,369,2,2
958,370,2,2
958,371,2,2
958,372,2,2
958,373,2,2
958,374,2,2
958,375,2,2
958,376,2,2
958,377,2,2
958,378,2,2
958,379,2,2
958,380,2,2
958,381,2,2
958,382,2,2
958,383,2,2
958,384,2,2
958,385,2,2
958,386,2,2
958,387,2,2
958,388,2,2
958,389,2,2
958,390,2,2
958,391,2,2
958,392,2,2
958,393,2,2
958,394,2,2
958,395,2,2
958,396,2,2
958,397,2,2
958,398,2,2
958,399,2,2
958,400,2,2
958,401,2,2
958,402,2,2
958,403,2,2
958,404,2,2
958,405,2,2
958,406,2,2
958,407,2,2
958,408,2,2
958,409,2,2
958,410,2,2
958,411,2,2
958,412,2,2
958,413,2,2
958,414,2,2
958,415,2,2
958,416,2,2
958,417,2,2
958,418,2,3
958,419,2,3
958,420,2,3
958,421,2,3
958,422,2,3
958,423,2,3
958,424,2,3
959,175,2,3
959,176,2,2
959,177,2,2
959,178,2,2
959,179,2,2
959,180,2,2
959,181,2,2
959,182,2,2
959,183,2,2
959,184,2,2
959,185,2,2
959,186,2,2
959,187,2,2
959,188,2,2
959,189,2,2
959,190,2,2
959,191,2,2
959,192,2,2
959,193,2,2
959,194,2,2
959,195,2,2
959,196,2,2
959,197,2,2
959,198,2,2
959,199,2,2
959,200,2,2
959,201,2,2
959,202,2,2
959,203,2,2
959,204,2,2
959,205,2,2
959,206,2,2
959,207,2,2
959,208,2,2
959,209,2,2
959,210,2,2
959,211,2,2
959,212,2,2
959,213,2,2
959,214,2,2
959,215,2,2
959,216,2,2
959,217,2,2
959,218,2,2
959,219,2,2
959,220,2,2
959,221,2,2
959,222,2,2
959,223,2,2
959,224,2,2
959,225,2,2
959,226,2,2
959,227,2,2
959,228,2,2
959,229,2,2
959,230,2,2
959,231,2,2
959,232,2,2
959,233,2,2
959,234,2,2
959,235,2,2
959,236,2,2
959,237,2,2
959,238,2,2
959,239,2,2
959,240,2,2
959,241,2,2
959,242,2,2
959,243,2,2
959,244,2,2
959,245,2,2
959,246,2,2
959,247,2,2
959,248,2,2
959,249,2,2
959,250,2,2
959,251,2,2
959,252,2,2
959,253,2,2
959,254,2,2
959,255,2,2
959,256,2,2
959,257,2,2
959,258,2,2
959,259,2,2
959,260,2,2
959,261,2,2
959,262,2,2
959,263,2,2
959,264,2,2
959,265,2,2
959,266,2,2
959,267,2,2
959,268,2,2
959,269,2,2
959,270,2,2
959,271,2,2
959,272,2,2
959,273,2,2
959,274,2,2
959,275,2,2
959,276,2,2
959,277,2,2
959,278,2,2
959,279,2,2
959,280,2,2
959,281,2,2
959,282,2,2
959,283,2,2
959,284,2,2
959,285,2,2
959,286,2,2
959,287,2,2
959,288,2,2
959,289,2,2
959,290,2,2
959,291,2,2
959,292,2,2
959,293,2,2
959,294,2,2
959,295,2,2
959,296,2,2
959,297,2,2
959,298,2,2
959,299,2,2
959,300,2,2
959,301,2,2
959,302,2,2
959,303,2,2
959,304,2,2
959,305,2,2
959,306,2,2
959,307,2,2
959,308,2,2
959,309,2,2
959,310,2,2
959,311,2,2
959,312,2,2
959,313,2,2
959,314,2,2
959,315,2,2
959,316,2,2
959,317,2,2
959,318,2,2
959,319,2,2
959,320,2,2
959,321,2,2
959,322,2,2
959,323,2,2
959,324,2,2
959,325,2,2
959,326,2,2
959,327,2,2
959,328,2,2
959,329,2,2
959,330,2,2
959,331,2,2
959,332,2,2
959,333,2,2
959,334,2,2
959,335,2,2
959,336,2,2
959,337,2,2
959,338,2,2
959,339,2,2
959,340,2,2
959,341,2,2
959,342,2,2
959,343,2,2
959,344,2,2
959,345,2,2
959,346,2,2
959,347,2,2
959,348,2,2
959,349,2,2
959,350,2,2
959,351,2,2
959,352,2,2
959,353,2,2
959,354,2,3
959,355,2,3
959,356,2,3
959,357,2,3
959,358,2,3
959,359,2,3
959,360,2,3
959,361,2,3
959,362,2,3
959,363,2,3
959,364,2,3
959,365,2,2
959,366,2,2
959,367,2,2
959,368,2,2
959,369,2,2
959,370,2,2
959,371,2,2
959,372,2,2
959,373,2,2
959,374,2,2
959,375,2,2
959,376,2,2
959,377,2,2
959,378,2,2
959,379,2,2
959,380,2,2
959,381,2,2
959,382,2,2
959,383,2,2
959,384,2,2
959,385,2,2
959,386,2,2
959,387,2,2
959,388,2,2
959,389,2,2
959,390,2,2
959,391,2,2
959,392,2,2
959,393,2,2
959,394,2,2
959,395,2,2
959,396,2,2
959,397,2,2
959,398,2,2
959,399,2,2
959,400,2,2
959,401,2,2
959,402,2,2
959,403,2,2
959,404,2,2
959,405,2,2
959,406,2,2
959,407,2,2
959,408,2,2
959,409,2,2
959,410,2,2
959,411,2,2
959,412,2,2
959,413,2,2
959,414,2,2
959,415,2,2
959,416,2,3
959,417,2,3
959,418,2,3
959,419,2,3
959,420,2,3
960,176,2,2
960,177,2,2
960,178,2,2
960,179,2,2
960,180,2,2
960,181,2,2
960,182,2,2
960,183,2,2
960,184,2,2
960,185,2,2
960,186,2,2
960,187,2,2
960,188,2,2
960,189,2,2
960,190,2,2
960,191,2,2
960,192,2,2
960,193,2,2
960,194,2,2
960,195,2,2
960,196,2,2
960,197,2,2
960,198,2,2
960,199,2,2
960,200,2,2
960,201,2,2
960,202,2,2
960,203,2,2
960,204,2,2
960,205,2,2
960,206,2,2
960,207,2,2
960,208,2,2
960,209,2,2
960,210,2,2
960,211,2,2
960,212,2,2
960,213,2,2
960,214,2,2
960,215,2,2
960,216,2,2
960,217,2,2
960,218,2,2
960,219,2,2
960,220,2,2
960,221,2,2
960,222,2,2
960,223,2,2
960,224,2,2
960,225,2,2
960,226,2,2
960,227,2,2
960,228,2,2
960,229,2,2
960,230,2,2
960,231,2,2
960,232,2,2
960,233,2,2
960,234,2,2
960,235,2,2
960,236,2,2
960,237,2,2
960,238,2,2
960,239,2,2
960,240,2,2
960,241,2,2
960,242,2,2
960,243,2,2
960,244,2,2
960,245,2,2
960,246,2,2
960,247,2,2
960,248,2,2
960,249,2,2
960,250,2,2
960,251,2,2
960,252,2,2
960,253,2,2
960,254,2,2
960,255,2,2
960,256,2,2
960,257,2,2
960,258,2,2
960,259,2,2
960,260,2,2
960,261,2,2
960,262,2,2
960,263,2,2
960,264,2,2
960,265,2,2
960,266,2,2
960,267,2,2
960,268,2,2
960,269,2,2
960,270,2,2
960,271,2,2
960,272,2,2
960,273,2,2
960,274,2,2
960,275,2,2
960,276,2,2
960,277,2,2
960,278,2,2
960,279,2,2
960,280,2,2
960,281,2,2
960,282,2,2
960,283,2,2
960,284,2,2
960,285,2,2
960,286,2,2
960,287,2,2
960,288,2,2
960,289,2,2
960,290,2,2
960,291,2,2
960,292,2,2
960,293,2,2
960,294,2,2
960,295,2,2
960,296,2,2
960,297,2,2
960,298,2,2
960,299,2,2
960,300,2,2
960,301,2,2
960,302,2,2
960,303,2,2
960,304,2,2
960,305,2,2
960,306,2,2
960,307,2,2
960,308,2,2
960,309,2,2
960,310,2,2
960,311,2,2
960,312,2,2
960,313,2,2
960,314,2,2
960,315,2,2
960,316,2,2
960,317,2,2
960,318,2,2
960,319,2,2
960,320,2,2
960,321,2,2
960,322,2,2
960,323,2,2
960,324,2,2
960,325,2,2
960,326,2,2
960,327,2,2
960,328,2,2
960,329,2,2
960,330,2,2
960,331,2,2
960,332,2,2
960,333,2,2
960,334,2,2
960,335,2,2
960,336,2,2
960,337,2,2
960,338,2,2
960,339,2,2
960,340,2,2
960,341,2,2
960,342,2,2
960,343,2,2
960,344,2,2
960,345,2,2
960,346,2,2
960,347,2,2
960,348,2,2
960,349,2,2
960,350,2,2
960,351,2,2
960,352,2,2
960,353,2,2
960,354,2,3
960,355,2,3
960,356,2,3
960,357,2,3
960,358,2,3
960,359,2,3
960,360,2,3
960,361,2,3
960,362,2,3
960,363,2,3
960,364,2,3
960,365,2,2
960,366,2,2
960,367,2,2
960,368,2,2
960,369,2,2
960,370,2,2
960,371,2,2
960,372,2,2
960,373,2,2
960,374,2,2
960,375,2,2
960,376,2,2
960,377,2,2
960,378,2,2
960,379,2,2
960,380,2,2
960,381,2,2
960,382,2,2
960,383,2,2
960,384,2,2
960,385,2,2
960,386,2,2
960,387,2,2
960,388,2,2
960,389,2,2
960,390,2,2
960,391,2,2
960,392,2,2
960,393,2,2
960,394,2,2
960,395,2,2
960,396,2,2
960,397,2,2
960,398,2,2
960,399,2,2
960,400,2,2
960,401,2,2
960,402,2,2
960,403,2,2
960,404,2,2
960,405,2,2
960,406,2,2
960,407,2,2
960,408,2,2
960,409,2,2
960,410,2,2
960,411,2,2
960,412,2,2
960,413,2,2
960,414,2,2
960,415,2,2
960,416,2,2
961,177,2,2
961,178,2,2
961,179,2,2
961,180,2,2
961,181,2,2
961,182,2,2
961,183,2,2
961,184,2,2
961,185,2,2
961,186,2,2
961,187,2,2
961,188,2,2
961,189,2,2
961,190,2,2
961,191,2,2
961,192,2,2
961,193,2,2
961,194,2,2
961,195,2,2
961,196,2,2
961,197,2,2
961,198,2,2
961,199,2,2
961,200,2,2
961,201,2,2
961,202,2,2
961,203,2,2
961,204,2,2
961,205,2,2
961,206,2,2
961,207,2,2
961,208,2,2
961,209,2,2
961,210,2,2
961,211,2,2
961,212,2,2
961,213,2,2
961,214,2,2
961,215,2,2
961,216,2,2
961,217,2,2
961,218,2,2
961,219,2,2
961,220,2,2
961,221,2,2
961,222,2,2
961,223,2,2
961,224,2,2
961,225,2,2
961,226,2,2
961,227,2,2
961,228,2,2
961,229,2,2
961,230,2,2
961,231,2,2
961,232,2,2
961,233,2,2
961,234,2,2
961,235,2,2
961,236,2,2
961,237,2,2
961,238,2,2
961,239,2,2
961,240,2,2
961,241,2,2
961,242,2,2
961,243,2,2
961,244,2,2
961,245,2,2
961,246,2,2
961,247,2,2
961,248,2,2
961,249,2,2
961,250,2,2
961,251,2,2
961,252,2,2
961,253,2,2
961,254,2,2
961,255,2,2
961,256,2,2
961,257,2,2
961,258,2,2
961,259,2,2
961,260,2,2
961,261,2,2
961,262,2,2
961,263,2,2
961,264,2,2
961,265,2,2
961,266,2,2
961,267,2,2
961,268,2,2
961,269,2,2
961,270,2,2
961,271,2,2
961,272,2,2
961,273,2,2
961,274,2,2
961,275,2,2
961,276,2,2
961,277,2,2
961,278,2,2
961,279,2,2
961,280,2,2
961,281,2,2
961,282,2,2
961,283,2,2
961,284,2,2
961,285,2,2
961,286,2,2
961,287,2,2
961,288,2,2
961,289,2,2
961,290,2,2
961,291,2,2
961,292,2,2
961,293,2,2
961,294,2,2
961,295,2,2
961,296,2,2
961,297,2,2
961,298,2,2
961,299,2,2
961,300,2,2
961,301,2,2
961,302,2,2
961,303,2,2
961,304,2,2
961,305,2,2
961,306,2,2
961,307,2,2
961,308,2,2
961,309,2,2
961,310,2,2
961,311,2,2
961,312,2,2
961,313,2,2
961,314,2,2
961,315,2,2
961,316,2,2
961,317,2,2
961,318,2,2
961,319,2,2
961,320,2,2
961,321,2,2
961,322,2,2
961,323,2,2
961,324,2,2
961,325,2,2
961,326,2,2
961,327,2,2
961,328,2,2
961,329,2,2
961,330,2,2
961,331,2,2
961,332,2,2
961,333,2,2
961,334,2,2
961,335,2,2
961,336,2,2
961,337,2,2
961,338,2,2
961,339,2,2
961,340,2,2
961,341,2,2
961,342,2,2
961,343,2,2
961,344,2,2
961,345,2,2
961,346,2,2
961,347,2,2
961,348,2,2
961,349,2,2
961,350,2,2
961,351,2,2
961,352,2,2
961,353,2,2
961,354,2,2
961,355,2,3
961,356,2,3
961,357,2,3
961,358,2,3
961,359,2,3
961,360,2,3
961,361,2,3
961,362,2,3
961,363,2,3
961,364,2,3
961,365,2,2
961,366,2,2
961,367,2,2
961,368,2,2
961,369,2,2
961,370,2,2
961,371,2,2
961,372,2,2
961,373,2,2
961,374,2,2
961,375,2,2
961,376,2,2
961,377,2,2
961,378,2,2
961,379,2,2
961,380,2,2
961,381,2,2
961,382,2,2
961,383,2,2
961,384,2,2
961,385,2,2
961,386,2,2
961,387,2,2
961,388,2,2
961,389,2,2
961,390,2,2
961,391,2,2
961,392,2,2
961,393,2,2
961,394,2,2
961,395,2,2
961,396,2,2
961,397,2,2
961,398,2,2
961,399,2,2
961,400,2,2
961,401,2,2
961,402,2,2
961,403,2,2
961,404,2,2
961,405,2,2
961,406,2,2
961,407,2,2
961,408,2,2
961,409,2,2
961,410,2,2
961,411,2,2
961,412,2,2
961,413,2,2
961,414,2,2
961,415,2,2
961,416,2,2
962,177,2,2
962,178,2,2
962,179,2,2
962,180,2,2
962,181,2,2
962,182,2,2
962,183,2,2
962,184,2,2
962,185,2,2
962,186,2,2
962,187,2,2
962,188,2,2
962,189,2,2
962,190,2,2
962,191,2,2
962,192,2,2
962,193,2,2
962,194,2,2
962,195,2,2
962,196,2,2
962,197,2,2
962,198,2,2
962,199,2,2
962,200,2,2
962,201,2,2
962,202,2,2
962,203,2,2
962,204,2,2
962,205,2,2
962,206,2,2
962,207,2,2
962,208,2,2
962,209,2,2
962,210,2,2
962,211,2,2
962,212,2,2
962,213,2,2
962,214,2,2
962,215,2,2
962,216,2,2
962,217,2,2
962,218,2,2
962,219,2,2
962,220,2,2
962,221,2,2
962,222,2,2
962,223,2,2
962,224,2,2
962,225,2,2
962,226,2,2
962,227,2,2
962,228,2,2
962,229,2,2
962,230,2,2
962,231,2,2
962,232,2,2
962,233,2,2
962,234,2,2
962,235,2,2
962,236,2,2
962,237,2,2
962,238,2,2
962,239,2,2
962,240,2,2
962,241,2,2
962,242,2,2
962,243,2,2
962,244,2,2
962,245,2,2
962,246,2,2
962,247,2,2
962,248,2,2
962,249,2,2
962,250,2,2
962,251,2,2
962,252,2,2
962,253,2,2
962,254,2,2
962,255,2,2
962,256,2,2
962,257,2,2
962,258,2,2
962,259,2,2
962,260,2,2
962,261,2,2
962,262,2,2
962,263,2,2
962,264,2,2
962,265,2,2
962,266,2,2
962,267,2,2
962,268,2,2
962,269,2,2
962,270,2,2
962,271,2,2
962,272,2,2
962,273,2,2
962,274,2,2
962,275,2,2
962,276,2,2
962,277,2,2
962,278,2,2
962,279,2,2
962,280,2,2
962,281,2,2
962,282,2,2
962,283,2,2
962,284,2,2
962,285,2,2
962,286,2,2
962,287,2,2
962,288,2,2
962,289,2,2
962,290,2,2
962,291,2,2
962,292,2,2
962,293,2,2
962,294,2,2
962,295,2,2
962,296,2,2
962,297,2,2
962,298,2,2
962,299,2,2
962,300,2,2
962,301,2,2
962,302,2,2
962,303,2,2
962,304,2,2
962,305,2,2
962,306,2,2
962,307,2,2
962,308,2,2
962,309,2,2
962,310,2,2
962,311,2,2
962,312,2,2
962,313,2,2
962,314,2,2
962,315,2,2
962,316,2,2
962,317,2,2
962,318,2,2
962,319,2,2
962,320,2,2
962,321,2,2
962,322,2,2
962,323,2,2
962,324,2,2
962,325,2,2
962,326,2,2
962,327,2,2
962,328,2,2
962,329,2,2
962,330,2,2
962,331,2,2
962,332,2,2
962,333,2,2
962,334,2,2
962,335,2,2
962,336,2,2
962,337,2,2
962,338,2,2
962,339,2,2
962,340,2,2
962,341,2,2
962,342,2,2
962,343,2,2
962,344,2,2
962,345,2,2
962,346,2,2
962,347,2,2
962,348,2,2
962,349,2,2
962,350,2,2
962,351,2,2
962,352,2,2
962,353,2,2
962,354,2,2
962,355,2,2
962,356,2,3
962,357,2,3
962,358,2,3
962,359,2,3
962,360,2,3
962,361,2,3
962,362,2,3
962,363,2,3
962,364,2,2
962,365,2,2
962,366,2,2
962,367,2,2
962,368,2,2
962,369,2,2
962,370,2,2
962,371,2,2
962,372,2,2
962,373,2,2
962,374,2,2
962,375,2,2
962,376,2,2
962,377,2,2
962,378,2,2
962,379,2,2
962,380,2,2
962,381,2,2
962,382,2,2
962,383,2,2
962,384,2,2
962,385,2,2
962,386,2,2
962,387,2,2
962,388,2,2
962,389,2,2
962,390,2,2
962,391,2,2
962,392,2,2
962,393,2,2
962,394,2,2
962,395,2,2
962,396,2,2
962,397,2,2
962,398,2,2
962,399,2,2
962,400,2,2
962,401,2,2
962,402,2,2
962,403,2,2
962,404,2,2
962,405,2,2
962,406,2,2
962,407,2,2
962,408,2,2
962,409,2,2
962,410,2,2
962,411,2,2
962,412,2,2
963,178,2,2
963,179,2,2
963,180,2,2
963,181,2,2
963,182,2,2
963,183,2,2
963,184,2,2
963,185,2,2
963,186,2,2
963,187,2,2
963,188,2,2
963,189,2,2
963,190,2,2
963,191,2,2
963,192,2,2
963,193,2,2
963,194,2,2
963,195,2,2
963,196,2,2
963,197,2,2
963,198,2,2
963,199,2,2
963,200,2,2
963,201,2,2
963,202,2,2
963,203,2,2
963,204,2,2
963,205,2,2
963,206,2,2
963,207,2,2
963,208,2,2
963,209,2,2
963,210,2,2
963,211,2,2
963,212,2,2
963,213,2,2
963,214,2,2
963,215,2,2
963,216,2,2
963,217,2,2
963,218,2,2
963,219,2,2
963,220,2,2
963,221,2,2
963,222,2,2
963,223,2,2
963,224,2,2
963,225,2,2
963,226,2,2
963,227,2,2
963,228,2,2
963,229,2,2
963,230,2,2
963,231,2,2
963,232,2,2
963,233,2,2
963,234,2,2
963,235,2,2
963,236,2,2
963,237,2,2
963,238,2,2
963,239,2,2
963,240,2,2
963,241,2,2
963,242,2,2
963,243,2,2
963,244,2,2
963,245,2,2
963,246,2,2
963,247,2,2
963,248,2,2
963,249,2,2
963,250,2,2
963,251,2,2
963,252,2,2
963,253,2,2
963,254,2,2
963,255,2,2
963,256,2,2
963,257,2,2
963,258,2,2
963,259,2,2
963,260,2,2
963,261,2,2
963,262,2,2
963,263,2,2
963,264,2,2
963,265,2,2
963,266,2,2
963,267,2,2
963,268,2,2
963,269,2,2
963,270,2,2
963,271,2,2
963,272,2,2
963,273,2,2
963,274,2,2
963,275,2,2
963,276,2,2
963,277,2,2
963,278,2,2
963,279,2,2
963,280,2,2
963,281,2,2
963,282,2,2
963,283,2,2
963,284,2,2
963,285,2,2
963,286,2,2
963,287,2,2
963,288,2,2
963,289,2,2
963,290,2,2
963,291,2,2
963,292,2,2
963,293,2,2
963,294,2,2
963,295,2,2
963,296,2,2
963,297,2,2
963,298,2,2
963,299,2,2
963,300,2,2
963,301,2,2
963,302,2,2
963,303,2,2
963,304,2,2
963,305,2,2
963,306,2,2
963,307,2,2
963,308,2,2
963,309,2,2
963,310,2,2
963,311,2,2
963,312,2,2
963,313,2,2
963,314,2,2
963,315,2,2
963,316,2,2
963,317,2,2
963,318,2,2
963,319,2,2
963,320,2,2
963,321,2,2
963,322,2,2
963,323,2,2
963,324,2,2
963,325,2,2
963,326,2,2
963,327,2,2
963,328,2,2
963,329,2,2
963,330,2,2
963,331,2,2
963,332,2,2
963,333,2,2
963,334,2,2
963,335,2,2
963,336,2,2
963,337,2,2
963,338,2,2
963,339,2,2
963,340,2,2
963,341,2,2
963,342,2,2
963,343,2,2
963,344,2,2
963,345,2,2
963,346,2,2
963,347,2,2
963,348,2,2
963,349,2,2
963,350,2,2
963,351,2,2
963,352,2,2
963,353,2,2
963,354,2,2
963,355,2,2
963,356,2,2
963,357,2,3
963,358,2,3
963,359,2,3
963,360,2,3
963,361,2,2
963,362,2,2
963,363,2,2
963,364,2,2
963,365,2,2
963,366,2,2
963,367,2,2
963,368,2,2
963,369,2,2
963,370,2,2
963,371,2,2
963,372,2,2
963,373,2,2
963,374,2,2
963,375,2,2
963,376,2,2
963,377,2,2
963,378,2,2
963,379,2,2
963,380,2,2
963,381,2,2
963,382,2,2
963,383,2,2
963,384,2,2
963,385,2,2
963,386,2,2
963,387,2,2
963,388,2,2
963,389,2,2
963,390,2,2
963,391,2,2
963,392,2,2
963,393,2,2
963,394,2,2
963,395,2,2
963,396,2,2
963,397,2,2
963,398,2,2
963,399,2,2
963,400,2,2
963,401,2,2
963,402,2,2
963,403,2,2
963,404,2,2
963,405,2,2
963,406,2,2
963,407,2,2
963,408,2,2
963,409,2,2
964,180,2,2
964,181,2,2
964,182,2,2
964,183,2,2
964,184,2,2
964,185,2,2
964,186,2,2
964,187,2,2
964,188,2,2
964,189,2,2
964,190,2,2
964,191,2,2
964,192,2,2
964,193,2,2
964,194,2,2
964,195,2,2
964,196,2,2
964,197,2,2
964,198,2,2
964,199,2,2
964,200,2,2
964,201,2,2
964,202,2,2
964,203,2,2
964,204,2,2
964,205,2,2
964,206,2,2
964,207,2,2
964,208,2,2
964,209,2,2
964,210,2,2
964,211,2,2
964,212,2,2
964,213,2,2
964,214,2,2
964,215,2,2
964,216,2,2
964,217,2,2
964,218,2,2
964,219,2,2
964,220,2,2
964,221,2,2
964,222,2,2
964,223,2,2
964,224,2,2
964,225,2,2
964,226,2,2
964,227,2,2
964,228,2,2
964,229,2,2
964,230,2,2
964,231,2,2
964,232,2,2
964,233,2,2
964,234,2,2
964,235,2,2
964,236,2,2
964,237,2,2
964,238,2,2
964,239,2,2
964,240,2,2
964,241,2,2
964,242,2,2
964,243,2,2
964,244,2,2
964,245,2,2
964,246,2,2
964,247,2,2
964,248,2,2
964,249,2,2
964,250,2,2
964,251,2,2
964,252,2,2
964,253,2,2
964,254,2,2
964,255,2,2
964,256,2,2
964,257,2,2
964,258,2,2
964,259,2,2
964,260,2,2
964,261,2,2
964,262,2,2
964,263,2,2
964,264,2,2
964,265,2,2
964,266,2,2
964,267,2,2
964,268,2,2
964,269,2,2
964,270,2,2
964,271,2,2
964,272,2,2
964,273,2,2
964,274,2,2
964,275,2,2
964,276,2,2
964,277,2,2
964,278,2,2
964,279,2,2
964,280,2,2
964,281,2,2
964,282,2,2
964,283,2,2
964,284,2,2
964,285,2,2
964,286,2,2
964,287,2,2
964,288,2,2
964,289,2,2
964,290,2,2
964,291,2,2
964,292,2,2
964,293,2,2
964,294,2,2
964,295,2,2
964,296,2,2
964,297,2,2
964,298,2,2
964,299,2,2
964,300,2,2
964,301,2,2
964,302,2,2
964,303,2,2
964,304,2,2
964,305,2,2
964,306,2,2
964,307,2,2
964,308,2,2
964,309,2,2
964,310,2,2
964,311,2,2
964,312,2,2
964,313,2,2
964,314,2,2
964,315,2,2
964,316,2,2
964,317,2,2
964,318,2,2
964,319,2,2
964,320,2,2
964,321,2,2
964,322,2,2
964,323,2,2
964,324,2,2
964,325,2,2
964,326,2,2
964,327,2,2
964,328,2,2
964,329,2,2
964,330,2,2
964,331,2,2
964,332,2,2
964,333,2,2
964,334,2,2
964,335,2,2
964,336,2,2
964,337,2,2
964,338,2,2
964,339,2,2
964,340,2,2
964,341,2,2
964,342,2,2
964,343,2,2
964,344,2,2
964,345,2,2
964,346,2,2
964,347,2,2
964,348,2,2
964,349,2,2
964,350,2,2
964,351,2,2
964,352,2,2
964,353,2,2
964,354,2,2
964,355,2,2
964,356,2,2
964,357,2,2
964,358,2,2
964,359,2,2
964,360,2,2
964,361,2,2
964,362,2,2
964,363,2,2
964,364,2,2
964,365,2,2
964,366,2,2
964,367,2,2
964,368,2,2
964,369,2,2
964,370,2,2
964,371,2,2
964,372,2,2
964,373,2,2
964,374,2,2
964,375,2,2
964,376,2,2
964,377,2,2
964,378,2,2
964,379,2,2
964,380,2,2
964,381,2,2
964,382,2,2
964,383,2,2
964,384,2,2
964,385,2,2
964,386,2,2
964,387,2,2
964,388,2,2
964,389,2,2
964,390,2,2
964,391,2,2
964,392,2,2
964,393,2,2
964,394,2,2
964,395,2,2
964,396,2,2
964,397,2,2
964,398,2,2
964,399,2,2
964,400,2,2
964,401,2,2
964,402,2,2
964,403,2,2
964,404,2,2
965,181,2,2
965,182,2,2
965,183,2,2
965,184,2,2
965,185,2,2
965,186,2,2
965,187,2,2
965,188,2,2
965,189,2,2
965,190,2,2
965,191,2,2
965,192,2,2
965,193,2,2
965,194,2,2
965,195,2,2
965,196,2,2
965,197,2,2
965,198,2,2
965,199,2,2
965,200,2,2
965,201,2,2
965,202,2,2
965,203,2,2
965,204,2,2
965,205,2,2
965,206,2,2
965,207,2,2
965,208,2,2
965,209,2,2
965,210,2,2
965,211,2,2
965,212,2,2
965,213,2,2
965,214,2,2
965,215,2,2
965,216,2,2
965,217,2,2
965,218,2,2
965,219,2,2
965,220,2,2
965,221,2,2
965,222,2,2
965,223,2,2
965,224,2,2
965,225,2,2
965,226,2,2
965,227,2,2
965,228,2,2
965,229,2,2
965,230,2,2
965,231,2,2
965,232,2,2
965,233,2,2
965,234,2,2
965,235,2,2
965,236,2,2
965,237,2,2
965,238,2,2
965,239,2,2
965,240,2,2
965,241,2,2
965,242,2,2
965,243,2,2
965,244,2,2
965,245,2,2
965,246,2,2
965,247,2,2
965,248,2,2
965,249,2,2
965,250,2,2
965,251,2,2
965,252,2,2
965,253,2,2
965,254,2,2
965,255,2,2
965,256,2,2
965,257,2,2
965,258,2,2
965,259,2,2
965,260,2,2
965,261,2,2
965,262,2,2
965,263,2,2
965,264,2,2
965,265,2,2
965,266,2,2
965,267,2,2
965,268,2,2
965,269,2,2
965,270,2,2
965,271,2,2
965,272,2,2
965,273,2,2
965,274,2,2
965,275,2,2
965,276,2,2
965,277,2,2
965,278,2,2
965,279,2,2
965,280,2,2
965,281,2,2
965,282,2,2
965,283,2,2
965,284,2,2
965,285,2,2
965,286,2,2
965,287,2,2
965,288,2,2
965,289,2,2
965,290,2,2
965,291,2,2
965,292,2,2
965,293,2,2
965,294,2,2
965,295,2,2
965,296,2,2
965,297,2,2
965,298,2,2
965,299,2,2
965,300,2,2
965,301,2,2
965,302,2,2
965,303,2,2
965,304,2,2
965,305,2,2
965,306,2,2
965,307,2,2
965,308,2,2
965,309,2,2
965,310,2,2
965,311,2,2
965,312,2,2
965,313,2,2
965,314,2,2
965,315,2,2
965,316,2,2
965,317,2,2
965,318,2,2
965,319,2,2
965,320,2,2
965,321,2,2
965,322,2,2
965,323,2,2
965,324,2,2
965,325,2,2
965,326,2,2
965,327,2,2
965,328,2,2
965,329,2,2
965,330,2,2
965,331,2,2
965,332,2,2
965,333,2,2
965,334,2,2
965,335,2,2
965,336,2,2
965,337,2,2
965,338,2,2
965,339,2,2
965,340,2,2
965,341,2,2
965,342,2,2
965,343,2,2
965,344,2,2
965,345,2,2
965,346,2,2
965,347,2,2
965,348,2,2
965,349,2,2
965,350,2,2
965,351,2,2
965,352,2,2
965,353,2,2
965,354,2,2
965,355,2,2
965,356,2,2
965,357,2,2
965,358,2,2
965,359,2,2
965,360,2,2
965,361,2,2
965,362,2,2
965,363,2,2
965,364,2,2
965,365,2,2
965,366,2,2
965,367,2,2
965,368,2,2
965,369,2,2
965,370,2,2
965,371,2,2
965,372,2,2
965,373,2,2
965,374,2,2
965,375,2,2
965,376,2,2
965,377,2,2
965,378,2,2
965,379,2,2
965,380,2,2
965,381,2,2
965,382,2,2
965,383,2,2
965,384,2,2
965,385,2,2
965,386,2,2
965,387,2,2
965,388,2,2
965,389,2,2
965,390,2,2
965,391,2,2
965,392,2,2
965,393,2,2
965,394,2,2
965,395,2,2
965,396,2,2
965,397,2,2
965,398,2,2
965,399,2,2
965,400,2,3
965,401,2,3
965,402,2,3
966,183,2,2
966,184,2,2
966,185,2,2
966,186,2,2
966,187,2,2
966,188,2,2
966,189,2,2
966,190,2,2
966,191,2,2
966,192,2,2
966,193,2,2
966,194,2,2
966,195,2,2
966,196,2,2
966,197,2,2
966,198,2,2
966,199,2,2
966,200,2,2
966,201,2,2
966,202,2,2
966,203,2,2
966,204,2,2
966,205,2,2
966,206,2,2
966,207,2,2
966,208,2,2
966,209,2,2
966,210,2,2
966,211,2,2
966,212,2,2
966,213,2,2
966,214,2,2
966,215,2,2
966,216,2,2
966,217,2,2
966,218,2,2
966,219,2,2
966,220,2,2
966,221,2,2
966,222,2,2
966,223,2,2
966,224,2,2
966,225,2,2
966,226,2,2
966,227,2,2
966,228,2,2
966,229,2,2
966,230,2,2
966,231,2,2
966,232,2,2
966,233,2,2
966,234,2,2
966,235,2,2
966,236,2,2
966,237,2,2
966,238,2,2
966,239,2,2
966,240,2,2
966,241,2,2
966,242,2,2
966,243,2,2
966,244,2,2
966,245,2,2
966,246,2,2
966,247,2,2
966,248,2,2
966,249,2,2
966,250,2,2
966,251,2,2
966,252,2,2
966,253,2,2
966,254,2,2
966,255,2,2
966,256,2,2
966,257,2,2
966,258,2,2
966,259,2,2
966,260,2,2
966,261,2,2
966,262,2,2
966,263,2,2
966,264,2,2
966,265,2,2
966,266,2,2
966,267,2,2
966,268,2,2
966,269,2,2
966,270,2,2
966,271,2,2
966,272,2,2
966,273,2,2
966,274,2,2
966,275,2,2
966,276,2,2
966,277,2,2
966,278,2,2
966,279,2,2
966,280,2,2
966,281,2,2
966,282,2,2
966,283,2,2
966,284,2,2
966,285,2,2
966,286,2,2
966,287,2,2
966,288,2,2
966,289,2,2
966,290,2,2
966,291,2,2
966,292,2,2
966,293,2,2
966,294,2,2
966,295,2,2
966,296,2,2
966,297,2,2
966,298,2,2
966,299,2,2
966,300,2,2
966,301,2,2
966,302,2,2
966,303,2,2
966,304,2,2
966,305,2,2
966,306,2,2
966,307,2,2
966,308,2,2
966,309,2,2
966,310,2,2
966,311,2,2
966,312,2,2
966,313,2,2
966,314,2,2
966,315,2,2
966,316,2,2
966,317,2,2
966,318,2,2
966,319,2,2
966,320,2,2
966,321,2,2
966,322,2,2
966,323,2,2
966,324,2,2
966,325,2,2
966,326,2,2
966,327,2,2
966,328,2,2
966,329,2,2
966,330,2,2
966,331,2,2
966,332,2,2
966,333,2,2
966,334,2,2
966,335,2,2
966,336,2,2
966,337,2,2
966,338,2,2
966,339,2,2
966,340,2,2
966,341,2,2
966,342,2,2
966,343,2,2
966,344,2,2
966,345,2,2
966,346,2,2
966,347,2,2
966,348,2,2
966,349,2,2
966,350,2,2
966,351,2,2
966,352,2,2
966,353,2,2
966,354,2,2
966,355,2,2
966,356,2,2
966,357,2,2
966,358,2,2
966,359,2,2
966,360,2,2
966,361,2,2
966,362,2,2
966,363,2,2
966,364,2,2
966,365,2,2
966,366,2,2
966,367,2,2
966,368,2,2
966,369,2,2
966,370,2,2
966,371,2,2
966,372,2,2
966,373,2,2
966,374,2,2
966,375,2,2
966,376,2,2
966,377,2,2
966,378,2,2
966,379,2,2
966,380,2,2
966,381,2,2
966,382,2,2
966,383,2,2
966,384,2,2
966,385,2,2
966,386,2,2
966,387,2,2
966,388,2,2
966,389,2,2
966,390,2,2
966,391,2,2
966,392,2,2
966,393,2,2
966,394,2,2
966,395,2,2
966,396,2,2
966,397,2,2
966,398,2,2
966,399,2,3
966,400,2,3
967,185,2,2
967,186,2,2
967,187,2,2
967,188,2,2
967,189,2,2
967,190,2,2
967,191,2,2
967,192,2,2
967,193,2,2
967,194,2,2
967,195,2,2
967,196,2,2
967,197,2,2
967,198,2,2
967,199,2,2
967,200,2,2
967,201,2,2
967,202,2,2
967,203,2,2
967,204,2,2
967,205,2,2
967,206,2,2
967,207,2,2
967,208,2,2
967,209,2,2
967,210,2,2
967,211,2,2
967,212,2,2
967,213,2,2
967,214,2,2
967,215,2,2
967,216,2,2
967,217,2,2
967,218,2,2
967,219,2,2
967,220,2,2
967,221,2,2
967,222,2,2
967,223,2,2
967,224,2,2
967,225,2,2
967,226,2,2
967,227,2,2
967,228,2,2
967,229,2,2
967,230,2,2
967,231,2,2
967,232,2,2
967,233,2,2
967,234,2,2
967,235,2,2
967,236,2,2
967,237,2,2
967,238,2,2
967,239,2,2
967,240,2,2
967,241,2,2
967,242,2,2
967,243,2,2
967,244,2,2
967,245,2,2
967,246,2,2
967,247,2,2
967,248,2,2
967,249,2,2
967,250,2,2
967,251,2,2
967,252,2,2
967,253,2,2
967,254,2,2
967,255,2,2
967,256,2,2
967,257,2,2
967,258,2,2
967,259,2,2
967,260,2,2
967,261,2,2
967,262,2,2
967,263,2,2
967,264,2,2
967,265,2,2
967,266,2,2
967,267,2,2
967,268,2,2
967,269,2,2
967,270,2,2
967,271,2,2
967,272,2,2
967,273,2,2
967,274,2,2
967,275,2,2
967,276,2,2
967,277,2,2
967,278,2,2
967,279,2,2
967,280,2,2
967,281,2,2
967,282,2,2
967,283,2,2
967,284,2,2
967,285,2,2
967,286,2,2
967,287,2,2
967,288,2,2
967,289,2,2
967,290,2,2
967,291,2,2
967,292,2,2
967,293,2,2
967,294,2,2
967,295,2,2
967,296,2,2
967,297,2,2
967,298,2,2
967,299,2,2
967,300,2,2
967,301,2,2
967,302,2,2
967,303,2,2
967,304,2,2
967,305,2,2
967,306,2,2
967,307,2,2
967,308,2,2
967,309,2,2
967,310,2,2
967,311,2,2
967,312,2,2
967,313,2,2
967,314,2,2
967,315,2,2
967,316,2,2
967,317,2,2
967,318,2,2
967,319,2,2
967,320,2,2
967,321,2,2
967,322,2,2
967,323,2,2
967,324,2,2
967,325,2,2
967,326,2,2
967,327,2,2
967,328,2,2
967,329,2,2
967,330,2,2
967,331,2,2
967,332,2,2
967,333,2,2
967,334,2,2
967,335,2,2
967,336,2,2
967,337,2,2
967,338,2,2
967,339,2,2
967,340,2,2
967,341,2,2
967,342,2,2
967,343,2,2
967,344,2,2
967,345,2,2
967,346,2,2
967,347,2,2
967,348,2,2
967,349,2,2
967,350,2,2
967,351,2,2
967,352,2,2
967,353,2,2
967,354,2,2
967,355,2,2
967,356,2,2
967,357,2,2
967,358,2,2
967,359,2,2
967,360,2,2
967,361,2,2
967,362,2,2
967,363,2,2
967,364,2,2
967,365,2,2
967,366,2,2
967,367,2,2
967,368,2,2
967,369,2,2
967,370,2,2
967,371,2,2
967,372,2,2
967,373,2,2
967,374,2,2
967,375,2,2
967,376,2,2
967,377,2,2
967,378,2,2
967,379,2,2
967,380,2,2
967,381,2,2
967,382,2,2
967,383,2,2
967,384,2,2
967,385,2,2
967,386,2,2
967,387,2,2
967,388,2,2
967,389,2,2
967,390,2,2
967,391,2,2
967,392,2,2
967,393,2,2
967,394,2,2
967,395,2,2
967,396,2,2
967,397,2,2
967,398,2,3
967,399,2,3
967,400,2,3
968,185,2,2
968,186,2,2
968,187,2,2
968,188,2,2
968,189,2,2
968,190,2,2
968,191,2,2
968,192,2,2
968,193,2,2
968,194,2,2
968,195,2,2
968,196,2,2
968,197,2,2
968,198,2,2
968,199,2,2
968,200,2,2
968,201,2,2
968,202,2,2
968,203,2,2
968,204,2,2
968,205,2,2
968,206,2,2
968,207,2,2
968,208,2,2
968,209,2,2
968,210,2,2
968,211,2,2
968,212,2,2
968,213,2,2
968,214,2,2
968,215,2,2
968,216,2,2
968,217,2,2
968,218,2,2
968,219,2,2
968,220,2,2
968,221,2,2
968,222,2,2
968,223,2,2
968,224,2,2
968,225,2,2
968,226,2,2
968,227,2,2
968,228,2,2
968,229,2,2
968,230,2,2
968,231,2,2
968,232,2,2
968,233,2,2
968,234,2,2
968,235,2,2
968,236,2,2
968,237,2,2
968,238,2,2
968,239,2,2
968,240,2,2
968,241,2,2
968,242,2,2
968,243,2,2
968,244,2,2
968,245,2,2
968,246,2,2
968,247,2,2
968,248,2,2
968,249,2,2
968,250,2,2
968,251,2,2
968,252,2,2
968,253,2,2
968,254,2,2
968,255,2,2
968,256,2,2
968,257,2,2
968,258,2,2
968,259,2,2
968,260,2,2
968,261,2,2
968,262,2,2
968,263,2,2
968,264,2,2
968,265,2,2
968,266,2,2
968,267,2,2
968,268,2,2
968,269,2,2
968,270,2,2
968,271,2,2
968,272,2,2
968,273,2,2
968,274,2,2
968,275,2,2
968,276,2,2
968,277,2,2
968,278,2,2
968,279,2,2
968,280,2,2
968,281,2,2
968,282,2,2
968,283,2,2
968,284,2,2
968,285,2,2
968,286,2,2
968,287,2,2
968,288,2,2
968,289,2,2
968,290,2,2
968,291,2,2
968,292,2,2
968,293,2,2
968,294,2,2
968,295,2,2
968,296,2,2
968,297,2,2
968,298,2,2
968,299,2,2
968,300,2,2
968,301,2,2
968,302,2,2
968,303,2,2
968,304,2,2
968,305,2,2
968,306,2,2
968,307,2,2
968,308,2,2
968,309,2,2
968,310,2,2
968,311,2,2
968,312,2,2
968,313,2,2
968,314,2,2
968,315,2,2
968,316,2,2
968,317,2,2
968,318,2,2
968,319,2,2
968,320,2,2
968,321,2,2
968,322,2,2
968,323,2,2
968,324,2,2
968,325,2,2
968,326,2,2
968,327,2,2
968,328,2,2
968,329,2,2
968,330,2,2
968,331,2,2
968,332,2,2
968,333,2,2
968,334,2,2
968,335,2,2
968,336,2,2
968,337,2,2
968,338,2,2
968,339,2,2
968,340,2,2
968,341,2,2
968,342,2,2
968,343,2,2
968,344,2,2
968,345,2,2
968,346,2,2
968,347,2,2
968,348,2,2
968,349,2,2
968,350,2,2
968,351,2,2
968,352,2,2
968,353,2,2
968,354,2,2
968,355,2,2
968,356,2,2
968,357,2,2
968,358,2,2
968,359,2,2
968,360,2,2
968,361,2,2
968,362,2,2
968,363,2,2
968,364,2,2
968,365,2,2
968,366,2,2
968,367,2,2
968,368,2,2
968,369,2,2
968,370,2,2
968,371,2,2
968,372,2,2
968,373,2,2
968,374,2,2
968,375,2,2
968,376,2,2
968,377,2,2
968,378,2,2
968,379,2,2
968,380,2,2
968,381,2,2
968,382,2,2
968,383,2,2
968,384,2,2
968,385,2,2
968,386,2,2
968,387,2,2
968,388,2,2
968,389,2,2
968,390,2,2
968,391,2,2
968,392,2,2
968,393,2,2
968,394,2,2
968,395,2,2
968,396,2,2
968,397,2,2
968,398,2,3
969,187,2,2
969,188,2,2
969,189,2,2
969,190,2,2
969,191,2,2
969,192,2,2
969,193,2,2
969,194,2,2
969,195,2,2
969,196,2,2
969,197,2,2
969,198,2,2
969,199,2,2
969,200,2,2
969,201,2,2
969,202,2,2
969,203,2,2
969,204,2,2
969,205,2,2
969,206,2,2
969,207,2,2
969,208,2,2
969,209,2,2
969,210,2,2
969,211,2,2
969,212,2,2
969,213,2,2
969,214,2,2
969,215,2,2
969,216,2,2
969,217,2,2
969,218,2,2
969,219,2,2
969,220,2,2
969,221,2,2
969,222,2,2
969,223,2,2
969,224,2,2
969,225,2,2
969,226,2,2
969,227,2,2
969,228,2,2
969,229,2,2
969,230,2,2
969,231,2,2
969,232,2,2
969,233,2,2
969,234,2,2
969,235,2,2
969,236,2,2
969,237,2,2
969,238,2,2
969,239,2,2
969,240,2,2
969,241,2,2
969,242,2,2
969,243,2,2
969,244,2,2
969,245,2,2
969,246,2,2
969,247,2,2
969,248,2,2
969,249,2,2
969,250,2,2
969,251,2,2
969,252,2,2
969,253,2,2
969,254,2,2
969,255,2,2
969,256,2,2
969,257,2,2
969,258,2,2
969,259,2,2
969,260,2,2
969,261,2,2
969,262,2,2
969,263,2,2
969,264,2,2
969,265,2,2
969,266,2,2
969,267,2,2
969,268,2,2
969,269,2,2
969,270,2,2
969,271,2,2
969,272,2,2
969,273,2,2
969,274,2,2
969,275,2,2
969,276,2,2
969,277,2,2
969,278,2,2
969,279,2,2
969,280,2,2
969,281,2,2
969,282,2,2
969,283,2,2
969,284,2,2
969,285,2,2
969,286,2,2
969,287,2,2
969,288,2,2
969,289,2,2
969,290,2,2
969,291,2,2
969,292,2,2
969,293,2,2
969,294,2,2
969,295,2,2
969,296,2,2
969,297,2,2
969,298,2,2
969,299,2,2
969,300,2,2
969,301,2,2
969,302,2,2
969,303,2,2
969,304,2,2
969,305,2,2
969,306,2,2
969,307,2,2
969,308,2,2
969,309,2,2
969,310,2,2
969,311,2,2
969,312,2,2
969,313,2,2
969,314,2,2
969,315,2,2
969,316,2,2
969,317,2,2
969,318,2,2
969,319,2,2
969,320,2,2
969,321,2,2
969,322,2,2
969,323,2,2
969,324,2,2
969,325,2,2
969,326,2,2
969,327,2,2
969,328,2,2
969,329,2,2
969,330,2,2
969,331,2,2
969,332,2,2
969,333,2,2
969,334,2,2
969,335,2,2
969,336,2,2
969,337,2,2
969,338,2,2
969,339,2,2
969,340,2,2
969,341,2,2
969,342,2,2
969,343,2,2
969,344,2,2
969,345,2,2
969,346,2,2
969,347,2,2
969,348,2,2
969,349,2,2
969,350,2,2
969,351,2,2
969,352,2,2
969,353,2,2
969,354,2,2
969,355,2,2
969,356,2,2
969,357,2,2
969,358,2,2
969,359,2,2
969,360,2,2
969,361,2,2
969,362,2,2
969,363,2,2
969,364,2,2
969,365,2,2
969,366,2,2
969,367,2,2
969,368,2,2
969,369,2,2
969,370,2,2
969,371,2,2
969,372,2,2
969,373,2,2
969,374,2,2
969,375,2,2
969,376,2,2
969,377,2,2
969,378,2,2
969,379,2,2
969,380,2,2
969,381,2,2
969,382,2,2
969,383,2,2
969,384,2,2
969,385,2,2
969,386,2,2
969,387,2,2
969,388,2,2
969,389,2,2
969,390,2,2
969,391,2,2
969,392,2,2
969,393,2,2
969,394,2,2
969,395,2,2
969,396,2,2
969,397,2,3
970,189,2,2
970,190,2,2
970,191,2,2
970,192,2,2
970,193,2,2
970,194,2,2
970,195,2,2
970,196,2,2
970,197,2,2
970,198,2,2
970,199,2,2
970,200,2,2
970,201,2,2
970,202,2,2
970,203,2,2
970,204,2,2
970,205,2,2
970,206,2,2
970,207,2,2
970,208,2,2
970,209,2,2
970,210,2,2
970,211,2,2
970,212,2,2
970,213,2,2
970,214,2,2
970,215,2,2
970,216,2,2
970,217,2,2
970,218,2,2
970,219,2,2
970,220,2,2
970,221,2,2
970,222,2,2
970,223,2,2
970,224,2,2
970,225,2,2
970,226,2,2
970,227,2,2
970,228,2,2
970,229,2,2
970,230,2,2
970,231,2,2
970,232,2,2
970,233,2,2
970,234,2,2
970,235,2,2
970,236,2,2
970,237,2,2
970,238,2,2
970,239,2,2
970,240,2,2
970,241,2,2
970,242,2,2
970,243,2,2
970,244,2,2
970,245,2,2
970,246,2,2
970,247,2,2
970,248,2,2
970,249,2,2
970,250,2,2
970,251,2,2
970,252,2,2
970,253,2,2
970,254,2,2
970,255,2,2
970,256,2,2
970,257,2,2
970,258,2,2
970,259,2,2
970,260,2,2
970,261,2,2
970,262,2,2
970,263,2,2
970,264,2,2
970,265,2,2
970,266,2,2
970,267,2,2
970,268,2,2
970,269,2,2
970,270,2,2
970,271,2,2
970,272,2,2
970,273,2,2
970,274,2,2
970,275,2,2
970,276,2,2
970,277,2,2
970,278,2,2
970,279,2,2
970,280,2,2
970,281,2,2
970,282,2,2
970,283,2,2
970,284,2,2
970,285,2,2
970,286,2,2
970,287,2,2
970,288,2,2
970,289,2,2
970,290,2,2
970,291,2,2
970,292,2,2
970,293,2,2
970,294,2,2
970,295,2,2
970,296,2,2
970,297,2,2
970,298,2,2
970,299,2,2
970,300,2,2
970,301,2,2
970,302,2,2
970,303,2,2
970,304,2,2
970,305,2,2
970,306,2,2
970,307,2,2
970,308,2,2
970,309,2,2
970,310,2,2
970,311,2,2
970,312,2,2
970,313,2,2
970,314,2,2
970,315,2,2
970,316,2,2
970,317,2,2
970,318,2,2
970,319,2,2
970,320,2,2
970,321,2,2
970,322,2,2
970,323,2,2
970,324,2,2
970,325,2,2
970,326,2,2
970,327,2,2
970,328,2,2
970,329,2,2
970,330,2,2
970,331,2,2
970,332,2,2
970,333,2,2
970,334,2,2
970,335,2,2
970,336,2,2
970,337,2,2
970,338,2,2
970,339,2,2
970,340,2,2
970,341,2,2
970,342,2,2
970,343,2,2
970,344,2,2
970,345,2,2
970,346,2,2
970,347,2,2
970,348,2,2
970,349,2,2
970,350,2,2
970,351,2,2
970,352,2,2
970,353,2,2
970,354,2,2
970,355,2,2
970,356,2,2
970,357,2,2
970,358,2,2
970,359,2,2
970,360,2,2
970,361,2,2
970,362,2,2
970,363,2,2
970,364,2,2
970,365,2,2
970,366,2,2
970,367,2,2
970,368,2,2
970,369,2,2
970,370,2,2
970,371,2,2
970,372,2,2
970,373,2,2
970,374,2,2
970,375,2,2
970,376,2,2
970,377,2,2
970,378,2,2
970,379,2,2
970,380,2,2
970,381,2,2
970,382,2,2
970,383,2,2
970,384,2,2
970,385,2,2
970,386,2,2
970,387,2,2
970,388,2,2
970,389,2,2
970,390,2,2
970,391,2,2
970,392,2,2
970,393,2,2
970,394,2,2
970,395,2,2
970,396,2,2
971,193,2,2
971,194,2,2
971,195,2,2
971,196,2,2
971,197,2,2
971,198,2,2
971,199,2,2
971,200,2,2
971,201,2,2
971,202,2,2
971,203,2,2
971,204,2,2
971,205,2,2
971,206,2,2
971,207,2,2
971,208,2,2
971,209,2,2
971,210,2,2
971,211,2,2
971,212,2,2
971,213,2,2
971,214,2,2
971,215,2,2
971,216,2,2
971,217,2,2
971,218,2,2
971,219,2,2
971,220,2,2
971,221,2,2
971,222,2,2
971,223,2,2
971,224,2,2
971,225,2,2
971,226,2,2
971,227,2,2
971,228,2,2
971,229,2,2
971,230,2,2
971,231,2,2
971,232,2,2
971,233,2,2
971,234,2,2
971,235,2,2
971,236,2,2
971,237,2,2
971,238,2,2
971,239,2,2
971,240,2,2
971,241,2,2
971,242,2,2
971,243,2,2
971,244,2,2
971,245,2,2
971,246,2,2
971,247,2,2
971,248,2,2
971,249,2,2
971,250,2,2
971,251,2,2
971,252,2,2
971,253,2,2
971,254,2,2
971,255,2,2
971,256,2,2
971,257,2,2
971,258,2,2
971,259,2,2
971,260,2,2
971,261,2,2
971,262,2,2
971,263,2,2
971,264,2,2
971,265,2,2
971,266,2,2
971,267,2,2
971,268,2,2
971,269,2,2
971,270,2,2
971,271,2,2
971,272,2,2
971,273,2,2
971,274,2,2
971,275,2,2
971,276,2,2
971,277,2,2
971,278,2,2
971,279,2,2
971,280,2,2
971,281,2,2
971,282,2,2
971,283,2,2
971,284,2,2
971,285,2,2
971,286,2,2
971,287,2,2
971,288,2,2
971,289,2,2
971,290,2,2
971,291,2,2
971,292,2,2
971,293,2,2
971,294,2,2
971,295,2,2
971,296,2,2
971,297,2,2
971,298,2,2
971,299,2,2
971,300,2,2
971,301,2,2
971,302,2,2
971,303,2,2
971,304,2,2
971,305,2,2
971,306,2,2
971,307,2,2
971,308,2,2
971,309,2,2
971,310,2,2
971,311,2,2
971,312,2,2
971,313,2,2
971,314,2,2
971,315,2,2
971,316,2,2
971,317,2,2
971,318,2,2
971,319,2,2
971,320,2,2
971,321,2,2
971,322,2,2
971,323,2,2
971,324,2,2
971,325,2,2
971,326,2,2
971,327,2,2
971,328,2,2
971,329,2,2
971,330,2,2
971,331,2,2
971,332,2,2
971,333,2,2
971,334,2,2
971,335,2,2
971,336,2,2
971,337,2,2
971,338,2,2
971,339,2,2
971,340,2,2
971,341,2,2
971,342,2,2
971,343,2,2
971,344,2,2
971,345,2,2
971,346,2,2
971,347,2,2
971,348,2,2
971,349,2,2
971,350,2,2
971,351,2,2
971,352,2,2
971,353,2,2
971,354,2,2
971,355,2,2
971,356,2,2
971,357,2,2
971,358,2,2
971,359,2,2
971,360,2,2
971,361,2,2
971,362,2,2
971,363,2,2
971,364,2,2
971,365,2,2
971,366,2,2
971,367,2,2
971,368,2,2
971,369,2,2
971,370,2,2
971,371,2,2
971,372,2,2
971,373,2,2
971,374,2,2
971,375,2,2
971,376,2,2
971,377,2,2
971,378,2,2
971,379,2,2
971,380,2,2
971,381,2,2
971,382,2,2
971,383,2,2
971,384,2,2
971,385,2,2
971,386,2,2
971,387,2,2
971,388,2,2
971,389,2,2
971,390,2,2
971,391,2,2
971,392,2,2
971,393,2,2
971,394,2,2
971,395,2,2
972,197,2,3
972,198,2,2
972,199,2,2
972,200,2,2
972,201,2,2
972,202,2,2
972,203,2,2
972,204,2,2
972,205,2,2
972,206,2,2
972,207,2,2
972,208,2,2
972,209,2,2
972,210,2,2
972,211,2,2
972,212,2,2
972,213,2,2
972,214,2,2
972,215,2,2
972,216,2,2
972,217,2,2
972,218,2,2
972,219,2,2
972,220,2,2
972,221,2,2
972,222,2,2
972,223,2,2
972,224,2,2
972,225,2,2
972,226,2,2
972,227,2,2
972,228,2,2
972,229,2,2
972,230,2,2
972,231,2,2
972,232,2,2
972,233,2,2
972,234,2,2
972,235,2,2
972,236,2,2
972,237,2,2
972,238,2,2
972,239,2,2
972,240,2,2
972,241,2,2
972,242,2,2
972,243,2,2
972,244,2,2
972,245,2,2
972,246,2,2
972,247,2,2
972,248,2,2
972,249,2,2
972,250,2,2
972,251,2,2
972,252,2,2
972,253,2,2
972,254,2,2
972,255,2,2
972,256,2,2
972,257,2,2
972,258,2,2
972,259,2,2
972,260,2,2
972,261,2,2
972,262,2,2
972,263,2,2
972,264,2,2
972,265,2,2
972,266,2,2
972,267,2,2
972,268,2,2
972,269,2,2
972,270,2,2
972,271,2,2
972,272,2,2
972,273,2,2
972,274,2,2
972,275,2,2
972,276,2,2
972,277,2,2
972,278,2,2
972,279,2,2
972,280,2,2
972,281,2,2
972,282,2,2
972,283,2,2
972,284,2,2
972,285,2,2
972,286,2,2
972,287,2,2
972,288,2,2
972,289,2,2
972,290,2,2
972,291,2,2
972,292,2,2
972,293,2,2
972,294,2,2
972,295,2,2
972,296,2,2
972,297,2,2
972,298,2,2
972,299,2,2
972,300,2,2
972,301,2,2
972,302,2,2
972,303,2,2
972,304,2,2
972,305,2,2
972,306,2,2
972,307,2,2
972,308,2,2
972,309,2,2
972,310,2,2
972,311,2,2
972,312,2,2
972,313,2,2
972,314,2,2
972,315,2,2
972,316,2,2
972,317,2,2
972,318,2,2
972,319,2,2
972,320,2,2
972,321,2,2
972,322,2,2
972,323,2,2
972,324,2,2
972,325,2,2
972,326,2,2
972,327,2,2
972,328,2,2
972,329,2,2
972,330,2,2
972,331,2,2
972,332,2,2
972,333,2,2
972,334,2,2
972,335,2,2
972,336,2,2
972,337,2,2
972,338,2,2
972,339,2,2
972,340,2,2
972,341,2,2
972,342,2,2
972,343,2,2
972,344,2,2
972,345,2,2
972,346,2,2
972,347,2,2
972,348,2,2
972,349,2,2
972,350,2,2
972,351,2,2
972,352,2,2
972,353,2,2
972,354,2,2
972,355,2,2
972,356,2,2
972,357,2,2
972,358,2,2
972,359,2,2
972,360,2,2
972,361,2,2
972,362,2,2
972,363,2,2
972,364,2,2
972,365,2,2
972,366,2,2
972,367,2,2
972,368,2,2
972,369,2,2
972,370,2,2
972,371,2,2
972,372,2,2
972,373,2,2
972,374,2,2
972,375,2,2
972,376,2,2
972,377,2,2
972,378,2,2
972,379,2,2
972,380,2,2
972,381,2,2
972,382,2,2
972,383,2,2
972,384,2,2
972,385,2,2
972,386,2,2
972,387,2,2
972,388,2,2
972,389,2,2
972,390,2,2
972,391,2,2
972,392,2,2
973,198,2,2
973,199,2,2
973,200,2,2
973,201,2,2
973,202,2,2
973,203,2,2
973,204,2,2
973,205,2,2
973,206,2,2
973,207,2,2
973,208,2,2
973,209,2,2
973,210,2,2
973,211,2,2
973,212,2,2
973,213,2,2
973,214,2,2
973,215,2,2
973,216,2,2
973,217,2,2
973,218,2,2
973,219,2,2
973,220,2,2
973,221,2,2
973,222,2,2
973,223,2,2
973,224,2,2
973,225,2,2
973,226,2,2
973,227,2,2
973,228,2,2
973,229,2,2
973,230,2,2
973,231,2,2
973,232,2,2
973,233,2,2
973,234,2,2
973,235,2,2
973,236,2,2
973,237,2,2
973,238,2,2
973,239,2,2
973,240,2,2
973,241,2,2
973,242,2,2
973,243,2,2
973,244,2,2
973,245,2,2
973,246,2,2
973,247,2,2
973,248,2,2
973,249,2,2
973,250,2,2
973,251,2,2
973,252,2,2
973,253,2,2
973,254,2,2
973,255,2,2
973,256,2,2
973,257,2,2
973,258,2,2
973,259,2,2
973,260,2,2
973,261,2,2
973,262,2,2
973,263,2,2
973,264,2,2
973,265,2,2
973,266,2,2
973,267,2,2
973,268,2,2
973,269,2,2
973,270,2,2
973,271,2,2
973,272,2,2
973,273,2,2
973,274,2,2
973,275,2,2
973,276,2,2
973,277,2,2
973,278,2,2
973,279,2,2
973,280,2,2
973,281,2,2
973,282,2,2
973,283,2,2
973,284,2,2
973,285,2,2
973,286,2,2
973,287,2,2
973,288,2,2
973,289,2,2
973,290,2,2
973,291,2,2
973,292,2,2
973,293,2,2
973,294,2,2
973,295,2,2
973,296,2,2
973,297,2,2
973,298,2,2
973,299,2,2
973,300,2,2
973,301,2,2
973,302,2,2
973,303,2,2
973,304,2,2
973,305,2,2
973,306,2,2
973,307,2,2
973,308,2,2
973,309,2,2
973,310,2,2
973,311,2,2
973,312,2,2
973,313,2,2
973,314,2,2
973,315,2,2
973,316,2,2
973,317,2,2
973,318,2,2
973,319,2,2
973,320,2,2
973,321,2,2
973,322,2,2
973,323,2,2
973,324,2,2
973,325,2,2
973,326,2,2
973,327,2,2
973,328,2,2
973,329,2,2
973,330,2,2
973,331,2,2
973,332,2,2
973,333,2,2
973,334,2,2
973,335,2,2
973,336,2,2
973,337,2,2
973,338,2,2
973,339,2,2
973,340,2,2
973,341,2,2
973,342,2,2
973,343,2,2
973,344,2,2
973,345,2,2
973,346,2,2
973,347,2,2
973,348,2,2
973,349,2,2
973,350,2,2
973,351,2,2
973,352,2,2
973,353,2,2
973,354,2,2
973,355,2,2
973,356,2,2
973,357,2,2
973,358,2,2
973,359,2,2
973,360,2,2
973,361,2,2
973,362,2,2
973,363,2,2
973,364,2,2
973,365,2,2
973,366,2,2
973,367,2,2
973,368,2,2
973,369,2,2
973,370,2,2
973,371,2,2
973,372,2,2
973,373,2,2
973,374,2,2
973,375,2,2
973,376,2,2
973,377,2,2
973,378,2,2
973,379,2,2
973,380,2,2
973,381,2,2
973,382,2,2
973,383,2,2
973,384,2,2
973,385,2,2
973,386,2,2
973,387,2,2
973,388,2,2
973,389,2,2
973,390,2,2
973,391,2,2
974,200,2,2
974,203,2,2
974,204,2,2
974,205,2,2
974,206,2,2
974,207,2,2
974,208,2,2
974,209,2,2
974,210,2,2
974,211,2,2
974,212,2,2
974,213,2,2
974,214,2,2
974,215,2,2
974,216,2,2
974,217,2,2
974,218,2,2
974,219,2,2
974,220,2,2
974,221,2,2
974,222,2,2
974,223,2,2
974,224,2,2
974,225,2,2
974,226,2,2
974,227,2,2
974,228,2,2
974,229,2,2
974,230,2,2
974,231,2,2
974,232,2,2
974,233,2,2
974,234,2,2
974,235,2,2
974,236,2,2
974,237,2,2
974,238,2,2
974,239,2,2
974,240,2,2
974,241,2,2
974,242,2,2
974,243,2,2
974,244,2,2
974,245,2,2
974,246,2,2
974,247,2,2
974,248,2,2
974,249,2,2
974,250,2,2
974,251,2,2
974,252,2,2
974,253,2,2
974,254,2,2
974,255,2,2
974,256,2,2
974,257,2,2
974,258,2,2
974,259,2,2
974,260,2,2
974,261,2,2
974,262,2,2
974,263,2,2
974,264,2,2
974,265,2,2
974,266,2,2
974,267,2,2
974,268,2,2
974,269,2,2
974,270,2,2
974,271,2,2
974,272,2,2
974,273,2,2
974,274,2,2
974,275,2,2
974,276,2,2
974,277,2,2
974,278,2,2
974,279,2,2
974,280,2,2
974,281,2,2
974,282,2,2
974,283,2,2
974,284,2,2
974,285,2,2
974,286,2,2
974,287,2,2
974,288,2,2
974,289,2,2
974,290,2,2
974,291,2,2
974,292,2,2
974,293,2,2
974,294,2,2
974,295,2,2
974,296,2,2
974,297,2,2
974,298,2,2
974,299,2,2
974,300,2,2
974,301,2,2
974,302,2,2
974,303,2,2
974,304,2,2
974,305,2,2
974,306,2,2
974,307,2,2
974,308,2,2
974,309,2,2
974,310,2,2
974,311,2,2
974,312,2,2
974,313,2,2
974,314,2,2
974,315,2,2
974,316,2,2
974,317,2,2
974,318,2,2
974,319,2,2
974,320,2,2
974,321,2,2
974,322,2,2
974,323,2,2
974,324,2,2
974,325,2,2
974,326,2,2
974,327,2,2
974,328,2,2
974,329,2,2
974,330,2,2
974,331,2,2
974,332,2,2
974,333,2,2
974,334,2,2
974,335,2,2
974,336,2,2
974,337,2,2
974,338,2,2
974,339,2,2
974,340,2,2
974,341,2,2
974,342,2,2
974,343,2,2
974,344,2,2
974,345,2,2
974,346,2,2
974,347,2,2
974,348,2,2
974,349,2,2
974,350,2,2
974,351,2,2
974,352,2,2
974,353,2,2
974,354,2,2
974,355,2,2
974,356,2,2
974,357,2,2
974,358,2,2
974,359,2,2
974,360,2,2
974,361,2,2
974,362,2,2
974,363,2,2
974,364,2,2
974,365,2,2
974,366,2,2
974,367,2,2
974,368,2,2
974,369,2,2
974,370,2,2
974,371,2,2
974,372,2,2
974,373,2,2
974,374,2,2
974,375,2,2
974,376,2,2
974,377,2,2
974,378,2,2
974,379,2,2
974,380,2,2
974,381,2,2
974,382,2,2
974,383,2,2
974,384,2,2
974,385,2,2
974,386,2,2
974,387,2,2
974,388,2,2
974,389,2,2
974,390,2,2
975,204,2,2
975,205,2,2
975,206,2,2
975,207,2,2
975,208,2,2
975,209,2,2
975,210,2,2
975,211,2,2
975,212,2,2
975,213,2,2
975,214,2,2
975,215,2,2
975,216,2,2
975,217,2,2
975,218,2,2
975,219,2,2
975,220,2,2
975,221,2,2
975,222,2,2
975,223,2,2
975,224,2,2
975,225,2,2
975,226,2,2
975,227,2,2
975,228,2,2
975,229,2,2
975,230,2,2
975,231,2,2
975,232,2,2
975,233,2,2
975,234,2,2
975,235,2,2
975,236,2,2
975,237,2,2
975,238,2,2
975,239,2,2
975,240,2,2
975,241,2,2
975,242,2,2
975,243,2,2
975,244,2,2
975,245,2,2
975,246,2,2
975,247,2,2
975,248,2,2
975,249,2,2
975,250,2,2
975,251,2,2
975,252,2,2
975,253,2,2
975,254,2,2
975,255,2,2
975,256,2,2
975,257,2,2
975,258,2,2
975,259,2,2
975,260,2,2
975,261,2,2
975,262,2,2
975,263,2,2
975,264,2,2
975,265,2,2
975,266,2,2
975,267,2,2
975,268,2,2
975,269,2,2
975,270,2,2
975,271,2,2
975,272,2,2
975,273,2,2
975,274,2,2
975,275,2,2
975,276,2,2
975,277,2,2
975,278,2,2
975,279,2,2
975,280,2,2
975,281,2,2
975,282,2,2
975,283,2,2
975,284,2,2
975,285,2,2
975,286,2,2
975,287,2,2
975,288,2,2
975,289,2,2
975,290,2,2
975,291,2,2
975,292,2,2
975,293,2,2
975,294,2,2
975,295,2,2
975,296,2,2
975,297,2,2
975,298,2,2
975,299,2,2
975,300,2,2
975,301,2,2
975,302,2,2
975,303,2,2
975,304,2,2
975,305,2,2
975,306,2,2
975,307,2,2
975,308,2,2
975,309,2,2
975,310,2,2
975,311,2,2
975,312,2,2
975,313,2,2
975,314,2,2
975,315,2,2
975,316,2,2
975,317,2,2
975,318,2,2
975,319,2,2
975,320,2,2
975,321,2,2
975,322,2,2
975,323,2,2
975,324,2,2
975,325,2,2
975,326,2,2
975,327,2,2
975,328,2,2
975,329,2,2
975,330,2,2
975,331,2,2
975,332,2,2
975,333,2,2
975,334,2,2
975,335,2,2
975,336,2,2
975,337,2,2
975,338,2,2
975,339,2,2
975,340,2,2
975,341,2,2
975,342,2,2
975,343,2,2
975,344,2,2
975,345,2,2
975,346,2,2
975,347,2,2
975,348,2,2
975,349,2,2
975,350,2,2
975,351,2,2
975,352,2,2
975,353,2,2
975,354,2,2
975,355,2,2
975,356,2,2
975,357,2,2
975,358,2,2
975,359,2,2
975,360,2,2
975,361,2,2
975,362,2,2
975,363,2,2
975,364,2,2
975,365,2,2
975,366,2,2
975,367,2,2
975,368,2,2
975,369,2,2
975,370,2,2
975,371,2,2
975,372,2,2
975,373,2,2
975,374,2,2
975,375,2,2
975,376,2,2
975,377,2,2
975,378,2,2
975,379,2,2
975,380,2,2
975,381,2,2
975,382,2,2
975,383,2,2
975,384,2,2
975,385,2,2
975,386,2,2
976,207,2,2
976,208,2,2
976,209,2,2
976,210,2,2
976,211,2,2
976,212,2,2
976,213,2,2
976,214,2,2
976,215,2,2
976,216,2,2
976,217,2,2
976,218,2,2
976,219,2,2
976,220,2,2
976,221,2,2
976,222,2,2
976,223,2,2
976,224,2,2
976,225,2,2
976,226,2,2
976,227,2,2
976,228,2,2
976,229,2,2
976,230,2,2
976,231,2,2
976,232,2,2
976,233,2,2
976,234,2,2
976,235,2,2
976,236,2,2
976,237,2,2
976,238,2,2
976,239,2,2
976,240,2,2
976,241,2,2
976,242,2,2
976,243,2,2
976,244,2,2
976,245,2,2
976,246,2,2
976,247,2,2
976,248,2,2
976,249,2,2
976,250,2,2
976,251,2,2
976,252,2,2
976,253,2,2
976,254,2,2
976,255,2,2
976,256,2,2
976,257,2,2
976,258,2,2
976,259,2,2
976,260,2,2
976,261,2,2
976,262,2,2
976,263,2,2
976,264,2,2
976,265,2,2
976,266,2,2
976,267,2,2
976,268,2,2
976,269,2,2
976,270,2,2
976,271,2,2
976,272,2,2
976,273,2,2
976,274,2,2
976,275,2,2
976,276,2,2
976,277,2,2
976,278,2,2
976,279,2,2
976,280,2,2
976,281,2,2
976,282,2,2
976,283,2,2
976,284,2,2
976,285,2,2
976,286,2,2
976,287,2,2
976,288,2,2
976,289,2,2
976,290,2,2
976,291,2,2
976,292,2,2
976,293,2,2
976,294,2,2
976,295,2,2
976,296,2,2
976,297,2,2
976,298,2,2
976,299,2,2
976,300,2,2
976,301,2,2
976,302,2,2
976,303,2,2
976,304,2,2
976,305,2,2
976,306,2,2
976,307,2,2
976,308,2,2
976,309,2,2
976,310,2,2
976,311,2,2
976,312,2,2
976,313,2,2
976,314,2,2
976,315,2,2
976,316,2,2
976,317,2,2
976,318,2,2
976,319,2,2
976,320,2,2
976,321,2,2
976,322,2,2
976,323,2,2
976,324,2,2
976,325,2,2
976,326,2,2
976,327,2,2
976,328,2,2
976,329,2,2
976,330,2,2
976,331,2,2
976,332,2,2
976,333,2,2
976,334,2,2
976,335,2,2
976,336,2,2
976,337,2,2
976,338,2,2
976,339,2,2
976,340,2,2
976,341,2,2
976,342,2,2
976,343,2,2
976,344,2,2
976,345,2,2
976,346,2,2
976,347,2,2
976,348,2,2
976,349,2,2
976,350,2,2
976,351,2,2
976,352,2,2
976,353,2,2
976,354,2,2
976,355,2,2
976,356,2,2
976,357,2,2
976,358,2,2
976,359,2,2
976,360,2,2
976,361,2,2
976,362,2,2
976,363,2,2
976,364,2,2
976,365,2,2
976,366,2,2
976,367,2,2
976,368,2,2
976,369,2,2
976,370,2,2
976,371,2,2
976,372,2,2
976,373,2,2
976,374,2,2
976,375,2,2
976,376,2,2
976,377,2,2
976,378,2,2
976,379,2,2
976,380,2,2
976,381,2,2
976,382,2,2
976,383,2,2
976,384,2,2
977,210,2,3
977,211,2,2
977,212,2,2
977,213,2,2
977,214,2,2
977,215,2,2
977,216,2,2
977,217,2,2
977,218,2,2
977,219,2,2
977,220,2,2
977,221,2,2
977,222,2,2
977,223,2,2
977,224,2,2
977,225,2,2
977,226,2,2
977,227,2,2
977,228,2,2
977,229,2,2
977,230,2,2
977,231,2,2
977,232,2,2
977,233,2,2
977,234,2,2
977,235,2,2
977,236,2,2
977,237,2,2
977,238,2,2
977,239,2,2
977,240,2,2
977,241,2,2
977,242,2,2
977,243,2,2
977,244,2,2
977,245,2,2
977,246,2,2
977,247,2,2
977,248,2,2
977,249,2,2
977,250,2,2
977,251,2,2
977,252,2,2
977,253,2,2
977,254,2,2
977,255,2,2
977,256,2,2
977,257,2,2
977,258,2,2
977,259,2,2
977,260,2,2
977,261,2,2
977,262,2,2
977,263,2,2
977,264,2,2
977,265,2,2
977,266,2,2
977,267,2,2
977,268,2,2
977,269,2,2
977,270,2,2
977,271,2,2
977,272,2,2
977,273,2,2
977,274,2,2
977,275,2,2
977,276,2,2
977,277,2,2
977,278,2,2
977,279,2,2
977,280,2,2
977,281,2,2
977,282,2,2
977,283,2,2
977,284,2,2
977,285,2,2
977,286,2,2
977,287,2,2
977,288,2,2
977,289,2,2
977,290,2,2
977,291,2,2
977,292,2,2
977,293,2,2
977,294,2,2
977,295,2,2
977,296,2,2
977,297,2,2
977,298,2,2
977,299,2,2
977,300,2,2
977,301,2,2
977,302,2,2
977,303,2,2
977,304,2,2
977,305,2,2
977,306,2,2
977,307,2,2
977,308,2,2
977,309,2,2
977,310,2,2
977,311,2,2
977,312,2,2
977,313,2,2
977,314,2,2
977,315,2,2
977,316,2,2
977,317,2,2
977,318,2,2
977,319,2,2
977,320,2,2
977,321,2,2
977,322,2,2
977,323,2,2
977,324,2,2
977,325,2,2
977,326,2,2
977,327,2,2
977,328,2,2
977,329,2,2
977,330,2,2
977,331,2,2
977,332,2,2
977,333,2,2
977,334,2,2
977,335,2,2
977,336,2,2
977,337,2,2
977,338,2,2
977,339,2,2
977,340,2,2
977,341,2,2
977,342,2,2
977,343,2,2
977,344,2,2
977,345,2,2
977,346,2,2
977,347,2,2
977,348,2,2
977,349,2,2
977,350,2,2
977,351,2,2
977,352,2,2
977,353,2,2
977,354,2,2
977,355,2,2
977,356,2,2
977,357,2,2
977,358,2,2
977,359,2,2
977,360,2,2
977,361,2,2
977,362,2,2
977,363,2,2
977,364,2,2
977,365,2,2
977,366,2,2
977,367,2,2
977,368,2,2
977,369,2,2
977,370,2,2
977,371,2,2
977,372,2,2
977,373,2,2
977,374,2,2
977,375,2,2
977,376,2,2
977,377,2,2
977,378,2,2
977,379,2,2
977,380,2,2
977,381,2,2
977,382,2,2
978,213,2,3
978,214,2,3
978,215,2,3
978,216,2,2
978,217,2,2
978,218,2,2
978,219,2,2
978,220,2,2
978,221,2,2
978,222,2,2
978,223,2,2
978,224,2,2
978,225,2,2
978,226,2,2
978,227,2,2
978,228,2,2
978,229,2,2
978,230,2,2
978,231,2,2
978,232,2,2
978,233,2,2
978,234,2,2
978,235,2,2
978,236,2,2
978,237,2,2
978,238,2,2
978,239,2,2
978,240,2,2
978,241,2,2
978,242,2,2
978,243,2,2
978,244,2,2
978,245,2,2
978,246,2,2
978,247,2,2
978,248,2,2
978,249,2,2
978,250,2,2
978,251,2,2
978,252,2,2
978,253,2,2
978,254,2,2
978,255,2,2
978,256,2,2
978,257,2,2
978,258,2,2
978,259,2,2
978,260,2,2
978,261,2,2
978,262,2,2
978,263,2,2
978,264,2,2
978,265,2,2
978,266,2,2
978,267,2,2
978,268,2,2
978,269,2,2
978,270,2,2
978,271,2,2
978,272,2,2
978,273,2,2
978,274,2,2
978,275,2,2
978,276,2,2
978,277,2,2
978,278,2,2
978,279,2,2
978,280,2,2
978,281,2,2
978,282,2,2
978,283,2,2
978,284,2,2
978,285,2,2
978,286,2,2
978,287,2,2
978,288,2,2
978,289,2,2
978,290,2,2
978,291,2,2
978,292,2,2
978,293,2,2
978,294,2,2
978,295,2,2
978,296,2,2
978,297,2,2
978,298,2,2
978,299,2,2
978,300,2,2
978,301,2,2
978,302,2,2
978,303,2,2
978,304,2,2
978,305,2,2
978,306,2,2
978,307,2,2
978,308,2,2
978,309,2,2
978,310,2,2
978,311,2,2
978,312,2,2
978,313,2,2
978,314,2,2
978,315,2,2
978,316,2,2
978,317,2,2
978,318,2,2
978,319,2,2
978,320,2,2
978,321,2,2
978,322,2,2
978,323,2,2
978,324,2,2
978,325,2,2
978,326,2,2
978,327,2,2
978,328,2,2
978,329,2,2
978,330,2,2
978,331,2,2
978,332,2,2
978,333,2,2
978,334,2,2
978,335,2,2
978,336,2,2
978,337,2,2
978,338,2,2
978,339,2,2
978,340,2,2
978,341,2,2
978,342,2,2
978,343,2,2
978,344,2,2
978,345,2,2
978,346,2,2
978,347,2,2
978,348,2,2
978,349,2,2
978,350,2,2
978,351,2,2
978,352,2,2
978,353,2,2
978,354,2,2
978,355,2,2
978,356,2,2
978,357,2,2
978,358,2,2
978,359,2,2
978,360,2,2
978,361,2,2
978,362,2,2
978,363,2,2
978,364,2,2
978,365,2,2
978,366,2,2
978,367,2,2
978,368,2,2
978,369,2,2
978,370,2,2
978,371,2,2
978,372,2,2
978,373,2,2
978,374,2,2
978,375,2,2
978,376,2,2
978,377,2,2
978,378,2,2
978,379,2,2
979,214,2,3
979,215,2,2
979,216,2,2
979,217,2,2
979,218,2,2
979,219,2,2
979,220,2,2
979,221,2,2
979,222,2,2
979,223,2,2
979,224,2,2
979,225,2,2
979,226,2,2
979,227,2,2
979,228,2,2
979,229,2,2
979,230,2,2
979,231,2,2
979,232,2,2
979,233,2,2
979,234,2,2
979,235,2,2
979,236,2,2
979,237,2,2
979,238,2,2
979,239,2,2
979,240,2,2
979,241,2,2
979,242,2,2
979,243,2,2
979,244,2,2
979,245,2,2
979,246,2,2
979,247,2,2
979,248,2,2
979,249,2,2
979,250,2,2
979,251,2,2
979,252,2,2
979,253,2,2
979,254,2,2
979,255,2,2
979,256,2,2
979,257,2,2
979,258,2,2
979,259,2,2
979,260,2,2
979,261,2,2
979,262,2,2
979,263,2,2
979,264,2,2
979,265,2,2
979,266,2,2
979,267,2,2
979,268,2,2
979,269,2,2
979,270,2,2
979,271,2,2
979,272,2,2
979,273,2,2
979,274,2,2
979,275,2,2
979,276,2,2
979,277,2,2
979,278,2,2
979,279,2,2
979,280,2,2
979,281,2,2
979,282,2,2
979,283,2,2
979,284,2,2
979,285,2,2
979,286,2,2
979,287,2,2
979,288,2,2
979,289,2,2
979,290,2,2
979,291,2,2
979,292,2,2
979,293,2,2
979,294,2,2
979,295,2,2
979,296,2,2
979,297,2,2
979,298,2,2
979,299,2,2
979,300,2,2
979,301,2,2
979,302,2,2
979,303,2,2
979,304,2,2
979,305,2,2
979,306,2,2
979,307,2,2
979,308,2,2
979,309,2,2
979,310,2,2
979,311,2,2
979,312,2,2
979,313,2,2
979,314,2,2
979,315,2,2
979,316,2,2
979,317,2,2
979,318,2,2
979,319,2,2
979,320,2,2
979,321,2,2
979,322,2,2
979,323,2,2
979,324,2,2
979,325,2,2
979,326,2,2
979,327,2,2
979,328,2,2
979,329,2,2
979,330,2,2
979,331,2,2
979,332,2,2
979,333,2,2
979,334,2,2
979,335,2,2
979,336,2,2
979,337,2,2
979,338,2,2
979,339,2,2
979,340,2,2
979,341,2,2
979,342,2,2
979,343,2,2
979,344,2,2
979,345,2,2
979,346,2,2
979,347,2,2
979,348,2,2
979,349,2,2
979,350,2,2
979,351,2,2
979,352,2,2
979,353,2,2
979,354,2,2
979,355,2,2
979,356,2,2
979,357,2,2
979,358,2,2
979,359,2,2
979,360,2,2
979,361,2,2
979,362,2,2
979,363,2,2
979,364,2,2
979,365,2,2
979,366,2,2
979,367,2,2
979,368,2,2
979,369,2,2
979,370,2,2
979,371,2,2
979,372,2,2
979,373,2,2
979,374,2,2
979,375,2,2
979,376,2,2
979,378,2,2
980,220,2,3
980,221,2,3
980,222,2,3
980,223,2,3
980,224,2,3
980,225,2,3
980,226,2,2
980,227,2,3
980,228,2,3
980,229,2,3
980,230,2,3
980,231,2,3
980,232,2,3
980,233,2,2
980,234,2,2
980,235,2,2
980,236,2,2
980,237,2,2
980,238,2,2
980,239,2,2
980,240,2,2
980,241,2,2
980,242,2,2
980,243,2,2
980,244,2,2
980,245,2,2
980,246,2,2
980,247,2,2
980,248,2,2
980,249,2,2
980,250,2,2
980,251,2,2
980,252,2,2
980,253,2,2
980,254,2,2
980,255,2,2
980,256,2,2
980,257,2,2
980,258,2,2
980,259,2,2
980,260,2,2
980,261,2,2
980,262,2,2
980,263,2,2
980,264,2,2
980,265,2,2
980,266,2,2
980,267,2,2
980,268,2,2
980,269,2,2
980,270,2,2
980,271,2,2
980,272,2,2
980,273,2,2
980,274,2,2
980,275,2,2
980,276,2,2
980,277,2,2
980,278,2,2
980,279,2,2
980,280,2,2
980,281,2,2
980,282,2,2
980,283,2,2
980,284,2,2
980,285,2,2
980,286,2,2
980,287,2,2
980,288,2,2
980,289,2,2
980,290,2,2
980,291,2,2
980,292,2,2
980,293,2,2
980,294,2,2
980,295,2,2
980,296,2,2
980,297,2,2
980,298,2,2
980,299,2,2
980,300,2,2
980,301,2,2
980,302,2,2
980,303,2,2
980,304,2,2
980,305,2,2
980,306,2,2
980,307,2,2
980,308,2,2
980,309,2,2
980,310,2,2
980,311,2,2
980,312,2,2
980,313,2,2
980,314,2,2
980,315,2,2
980,316,2,2
980,317,2,2
980,318,2,2
980,319,2,2
980,320,2,2
980,321,2,2
980,322,2,2
980,323,2,2
980,324,2,2
980,325,2,2
980,326,2,2
980,327,2,2
980,328,2,2
980,329,2,2
980,330,2,2
980,331,2,2
980,332,2,2
980,333,2,2
980,334,2,2
980,335,2,2
980,336,2,2
980,337,2,2
980,338,2,2
980,339,2,2
980,340,2,2
980,341,2,2
980,342,2,2
980,343,2,2
980,344,2,2
980,345,2,2
980,346,2,2
980,347,2,2
980,348,2,2
980,349,2,2
980,350,2,2
980,351,2,2
980,352,2,2
980,353,2,2
980,354,2,2
980,355,2,2
980,356,2,2
980,357,2,2
980,358,2,2
980,359,2,2
980,360,2,2
980,361,2,2
980,362,2,2
980,363,2,2
980,364,2,2
980,365,2,2
980,366,2,2
980,367,2,2
980,368,2,2
980,369,2,2
980,370,2,2
980,371,2,2
980,372,2,2
980,373,2,2
980,374,2,2
980,375,2,2
981,232,2,3
981,233,2,3
981,234,2,3
981,235,2,3
981,236,2,2
981,237,2,3
981,238,2,2
981,239,2,2
981,240,2,2
981,241,2,2
981,242,2,2
981,243,2,2
981,244,2,2
981,245,2,2
981,246,2,2
981,247,2,2
981,248,2,2
981,249,2,2
981,250,2,2
981,251,2,2
981,252,2,2
981,253,2,2
981,254,2,2
981,255,2,2
981,256,2,2
981,257,2,2
981,258,2,2
981,259,2,2
981,260,2,2
981,261,2,2
981,262,2,2
981,263,2,2
981,264,2,2
981,265,2,2
981,266,2,2
981,267,2,2
981,268,2,2
981,269,2,2
981,270,2,2
981,271,2,2
981,272,2,2
981,273,2,2
981,274,2,2
981,275,2,2
981,276,2,2
981,277,2,2
981,278,2,2
981,279,2,2
981,280,2,2
981,281,2,2
981,282,2,2
981,283,2,2
981,284,2,2
981,285,2,2
981,286,2,2
981,287,2,2
981,288,2,2
981,289,2,2
981,290,2,2
981,291,2,2
981,292,2,2
981,293,2,2
981,294,2,2
981,295,2,2
981,296,2,2
981,297,2,2
981,298,2,2
981,299,2,2
981,300,2,2
981,301,2,2
981,302,2,2
981,303,2,2
981,304,2,2
981,305,2,2
981,306,2,2
981,307,2,2
981,308,2,2
981,309,2,2
981,310,2,2
981,311,2,2
981,312,2,2
981,313,2,2
981,314,2,2
981,315,2,2
981,316,2,2
981,317,2,2
981,318,2,2
981,319,2,2
981,320,2,2
981,321,2,2
981,322,2,2
981,323,2,2
981,324,2,2
981,325,2,2
981,326,2,2
981,327,2,2
981,328,2,2
981,329,2,2
981,330,2,2
981,331,2,2
981,332,2,2
981,333,2,2
981,334,2,2
981,335,2,2
981,336,2,2
981,337,2,2
981,338,2,2
981,339,2,2
981,340,2,2
981,341,2,2
981,342,2,2
981,343,2,2
981,344,2,2
981,345,2,2
981,346,2,2
981,347,2,2
981,348,2,2
981,349,2,2
981,350,2,2
981,351,2,2
981,352,2,2
981,353,2,2
981,354,2,2
981,355,2,2
981,356,2,2
981,357,2,2
981,358,2,2
981,359,2,2
981,360,2,2
981,361,2,2
981,362,2,2
981,363,2,2
981,364,2,2
981,365,2,2
981,366,2,2
981,367,2,2
981,368,2,2
981,369,2,2
981,370,2,2
981,371,2,2
981,372,2,2
982,242,2,3
982,243,2,3
982,244,2,3
982,245,2,2
982,246,2,3
982,247,2,3
982,248,2,3
982,249,2,3
982,250,2,3
982,251,2,3
982,252,2,3
982,253,2,3
982,254,2,3
982,255,2,3
982,256,2,3
982,257,2,3
982,258,2,2
982,259,2,2
982,260,2,2
982,261,2,2
982,262,2,2
982,263,2,2
982,264,2,2
982,265,2,2
982,266,2,2
982,267,2,2
982,268,2,2
982,269,2,2
982,270,2,2
982,271,2,2
982,272,2,2
982,273,2,2
982,274,2,2
982,275,2,2
982,276,2,2
982,277,2,2
982,278,2,2
982,279,2,2
982,280,2,2
982,281,2,2
982,282,2,2
982,283,2,2
982,284,2,2
982,285,2,2
982,286,2,2
982,287,2,2
982,288,2,2
982,289,2,2
982,290,2,2
982,291,2,2
982,292,2,2
982,293,2,2
982,294,2,2
982,295,2,2
982,296,2,2
982,297,2,2
982,298,2,2
982,299,2,2
982,300,2,2
982,301,2,2
982,302,2,2
982,303,2,2
982,304,2,2
982,305,2,2
982,306,2,2
982,307,2,2
982,308,2,2
982,309,2,2
982,310,2,2
982,311,2,2
982,312,2,2
982,313,2,2
982,314,2,2
982,315,2,2
982,316,2,2
982,317,2,2
982,318,2,2
982,319,2,2
982,320,2,2
982,321,2,3
982,322,2,3
982,323,2,3
982,324,2,3
982,325,2,2
982,326,2,2
982,327,2,2
982,328,2,2
982,329,2,2
982,330,2,2
982,331,2,2
982,332,2,2
982,333,2,2
982,334,2,2
982,335,2,2
982,336,2,2
982,337,2,2
982,338,2,2
982,339,2,2
982,340,2,2
982,341,2,2
982,342,2,2
982,343,2,2
982,344,2,2
982,345,2,2
982,346,2,2
982,347,2,2
982,348,2,2
982,349,2,2
982,350,2,2
982,351,2,2
982,352,2,2
982,353,2,2
982,354,2,2
982,355,2,2
982,356,2,2
982,357,2,2
982,358,2,2
982,359,2,2
982,360,2,2
982,361,2,2
982,362,2,2
982,363,2,2
982,364,2,2
982,365,2,2
982,366,2,2
982,367,2,2
982,368,2,2
983,262,2,2
983,263,2,2
983,264,2,2
983,265,2,2
983,266,2,2
983,267,2,2
983,268,2,2
983,269,2,2
983,270,2,2
983,271,2,2
983,272,2,2
983,273,2,2
983,274,2,2
983,275,2,2
983,276,2,2
983,277,2,2
983,278,2,2
983,279,2,2
983,280,2,2
983,281,2,2
983,282,2,2
983,283,2,2
983,284,2,2
983,285,2,2
983,286,2,2
983,287,2,2
983,288,2,2
983,289,2,2
983,290,2,2
983,291,2,2
983,292,2,2
983,293,2,2
983,294,2,2
983,295,2,2
983,296,2,2
983,297,2,2
983,298,2,2
983,299,2,2
983,300,2,2
983,301,2,2
983,302,2,2
983,303,2,2
983,304,2,2
983,305,2,2
983,306,2,2
983,307,2,2
983,308,2,2
983,309,2,2
983,310,2,2
983,311,2,2
983,312,2,2
983,313,2,2
983,314,2,2
983,315,2,2
983,316,2,2
983,317,2,2
983,318,2,2
983,319,2,2
983,320,2,2
983,321,2,3
983,322,2,3
983,323,2,3
983,324,2,3
983,325,2,3
983,326,2,3
983,327,2,3
983,328,2,3
983,329,2,2
983,330,2,2
983,331,2,2
983,332,2,2
983,333,2,2
983,334,2,2
983,335,2,2
983,336,2,2
983,337,2,2
983,338,2,2
983,339,2,2
983,340,2,2
983,341,2,2
983,342,2,2
983,343,2,2
983,344,2,2
983,345,2,2
983,346,2,2
983,347,2,2
983,348,2,2
983,349,2,2
983,350,2,2
983,351,2,2
983,352,2,2
983,353,2,2
983,354,2,2
983,355,2,2
983,356,2,2
983,357,2,2
983,358,2,2
983,359,2,2
983,360,2,2
983,361,2,2
983,362,2,2
983,363,2,2
983,364,2,2
983,365,2,2
984,268,2,2
984,269,2,2
984,270,2,2
984,271,2,2
984,272,2,2
984,273,2,2
984,274,2,2
984,275,2,2
984,276,2,2
984,277,2,2
984,278,2,2
984,279,2,2
984,280,2,2
984,281,2,2
984,282,2,2
984,283,2,2
984,284,2,2
984,285,2,2
984,286,2,2
984,287,2,2
984,288,2,2
984,289,2,2
984,290,2,2
984,291,2,2
984,292,2,2
984,293,2,2
984,294,2,2
984,295,2,2
984,296,2,2
984,297,2,2
984,298,2,2
984,299,2,2
984,300,2,2
984,301,2,2
984,302,2,2
984,303,2,2
984,304,2,2
984,305,2,2
984,306,2,2
984,307,2,2
984,308,2,2
984,309,2,2
984,310,2,3
984,311,2,3
984,312,2,3
984,313,2,3
984,314,2,3
984,315,2,3
984,316,2,3
984,317,2,3
984,318,2,3
984,319,2,3
984,320,2,3
984,321,2,3
984,322,2,3
984,323,2,3
984,324,2,3
984,325,2,3
984,326,2,3
984,327,2,3
984,328,2,3
984,329,2,2
984,330,2,2
984,331,2,2
984,332,2,2
984,333,2,2
984,334,2,2
984,335,2,2
984,336,2,2
984,337,2,2
984,338,2,2
984,339,2,2
984,340,2,2
984,341,2,2
984,342,2,2
984,343,2,2
984,344,2,2
984,345,2,2
984,346,2,2
984,347,2,3
984,348,2,2
984,349,2,2
984,350,2,2
984,351,2,2
984,352,2,2
984,353,2,2
984,354,2,2
984,355,2,2
984,356,2,2
984,357,2,2
984,358,2,2
985,273,2,2
985,274,2,2
985,275,2,2
985,276,2,2
985,277,2,2
985,278,2,2
985,279,2,2
985,280,2,2
985,281,2,2
985,282,2,2
985,283,2,2
985,284,2,2
985,285,2,2
985,286,2,2
985,287,2,2
985,288,2,2
985,289,2,2
985,290,2,2
985,291,2,2
985,292,2,2
985,293,2,2
985,294,2,2
985,295,2,2
985,296,2,2
985,297,2,2
985,298,2,2
985,299,2,2
985,300,2,2
985,301,2,2
985,302,2,2
985,303,2,2
985,304,2,2
985,305,2,2
985,306,2,2
985,307,2,2
985,308,2,2
985,309,2,3
985,310,2,3
985,311,2,3
985,312,2,3
985,313,2,3
985,314,2,3
985,315,2,3
985,316,2,3
985,317,2,3
985,318,2,3
985,319,2,3
985,320,2,3
985,321,2,3
985,322,2,3
985,323,2,3
985,324,2,3
985,325,2,3
985,326,2,3
985,327,2,3
985,328,2,3
985,329,2,3
985,330,2,3
985,331,2,3
985,332,2,3
985,333,2,3
985,334,2,3
985,335,2,2
985,336,2,2
985,337,2,2
985,338,2,3
985,339,2,3
985,340,2,3
985,341,2,3
985,342,2,3
985,343,2,2
985,344,2,2
985,345,2,2
985,346,2,2
985,347,2,2
985,348,2,2
985,349,2,3
985,350,2,3
986,277,2,3
986,278,2,2
986,279,2,2
986,280,2,2
986,281,2,2
986,282,2,2
986,283,2,2
986,284,2,2
986,285,2,2
986,286,2,2
986,287,2,2
986,288,2,2
986,289,2,2
986,290,2,2
986,291,2,2
986,292,2,2
986,293,2,2
986,294,2,2
986,295,2,3
986,296,2,3
986,297,2,2
986,298,2,2
986,299,2,2
986,300,2,3
986,301,2,3
986,302,2,3
986,303,2,3
986,304,2,3
986,305,2,3
986,306,2,3
986,307,2,3
986,308,2,3
986,309,2,3
986,310,2,3
986,311,2,3
986,312,2,3
986,313,2,3
986,314,2,3
986,315,2,3
986,316,2,3
986,317,2,3
986,318,2,3
986,319,2,3
986,320,2,3
986,321,2,3
986,322,2,3
986,323,2,3
986,324,2,3
986,325,2,3
986,326,2,3
986,327,2,3
986,328,2,3
986,329,2,3
986,330,2,3
986,331,2,3
986,332,2,3
986,333,2,3
986,334,2,3
986,335,2,3
986,336,2,3
986,337,2,3
986,338,2,3
986,339,2,3
986,340,2,3
986,341,2,3
986,342,2,3
987,287,2,2
987,288,2,2
987,299,2,3
987,300,2,3
987,301,2,3
987,302,2,3
987,303,2,3
987,304,2,3
987,305,2,3
