2.030000000000000000e+02,2.120000000000000000e+02
2.040000000000000000e+02,2.120000000000000000e+02
2.030000000000000000e+02,2.120000000000000000e+02
